50 9 2
4 39 61 94 90 14 81 19 1 88 61 84 28 56 93 11 28 39 52 59 41 74 78 48 42 97 95 83 34 55 58 83 40 49 11 17 41 72 24 63 43 57 33 94 87 24 49 82 57 42

11 44 10 6 11 20 2 2 5 8 13 7 8 1 2 4 8 20 12 14 4 7 5 24 3 11 14 2 2 7 3 17 16 6 2 2 8 20 15 16 4 2 11 18 19 1 11 13 12 7
21 45 10 7 37 40 19 15 29 18 31 30 26 19 25 16 8 20 22 34 24 33 9 43 5 27 15 12 17 10 14 22 19 16 29 8 17 43 17 24 10 36 25 19 25 23 13 33 13 15
27 57 42 25 40 51 37 17 43 53 34 31 28 22 32 22 43 44 55 41 32 45 19 54 6 32 46 21 44 11 32 25 21 30 45 12 20 48 23 25 10 36 54 19 40 44 33 38 18 24
45 72 48 27 40 66 42 28 54 69 44 46 39 51 43 27 58 47 56 44 42 55 57 58 47 33 46 25 61 24 33 68 28 47 58 30 20 52 34 33 38 41 61 42 68 52 59 55 21 29
52 77 74 47 67 82 49 42 60 71 57 56 54 60 51 31 60 65 56 50 65 81 76 59 58 62 52 29 63 29 58 74 53 51 68 38 49 55 40 47 55 42 71 43 75 60 63 58 25 68
57 84 78 65 70 85 63 44 70 75 60 57 57 72 51 61 69 73 62 54 69 89 82 73 68 80 55 57 64 51 64 79 76 54 73 65 53 59 40 53 81 43 78 47 78 75 64 69 49 78
61 88 93 78 73 88 72 62 77 78 67 79 67 76 66 74 82 73 66 90 72 92 88 84 78 91 75 74 81 52 71 85 83 59 89 73 65 70 41 65 94 60 78 53 79 92 70 87 63 81
74 92 98 95 84 89 76 65 84 85 74 87 81 81 93 79 87 90 67 93 75 94 93 92 98 94 87 74 92 63 84 88 85 86 95 78 82 82 55 94 95 64 80 64 92 97 88 93 77 86
94 93 99 98 92 92 88 71 90 85 96 89 97 93 95 89 99 94 95 94 91 94 95 98 98 95 95 99 95 67 87 99 98 88 96 79 89 91 74 100 96 95 84 68 93 100 92 99 97 88

23 71 65 24 13 33 26 6 1 43 20 52 73 56 21 18 66 25 29 17 49 67 54 49 29 19 14 42 2 15 33 4 35 16 25 1 74 11 3 16 82 48 13 53 29 6 8 52 66 66
84 95 80 36 44 90 83 85 17 93 88 71 90 94 31 97 98 77 85 86 81 94 73 78 63 38 36 46 35 79 38 5 46 47 66 67 79 86 10 90 98 84 29 76 82 60 89 73 99 95

11 54 420 101 95 115 129 54 122 378 79 113 98 57 100 157 59 74 155 120 51 172 83 75 110 193 122 89 64 128 92 396 63 55 73 23 50 75 36 97 55 65 33 175 237 50 177 107 89 65
15 85 613 129 103 332 170 81 323 409 95 168 302 94 160 192 63 82 276 223 67 195 96 157 142 227 123 161 141 178 188 480 111 62 115 201 266 102 73 100 75 114 64 202 273 67 247 154 129 94
66 97 670 244 158 553 179 94 417 447 108 245 343 123 232 361 180 85 302 359 97 211 100 159 368 290 126 293 307 264 195 522 147 67 284 528 344 120 76 132 112 186 75 419 625 83 287 256 253 151
112 135 679 523 193 671 235 122 581 570 148 246 652 138 235 548 316 99 371 369 106 246 132 164 373 346 189 373 445 302 258 550 212 67 309 557 739 240 158 151 131 213 200 472 662 171 297 279 257 158
155 149 698 568 198 684 242 164 667 621 189 247 717 156 256 666 348 167 477 513 138 343 175 215 505 358 212 745 502 308 504 606 275 93 311 622 834 241 161 162 140 425 216 505 676 183 325 322 382 162
182 274 707 572 325 699 247 175 734 785 231 380 772 156 284 687 354 185 556 540 139 382 187 264 549 365 240 867 609 346 517 778 347 197 319 765 838 277 187 174 191 500 224 508 681 208 346 346 815 172
194 317 898 647 335 905 260 192 788 1018 237 446 861 198 289 721 378 211 593 540 174 455 191 330 560 425 256 973 697 369 561 820 350 289 338 768 888 304 228 178 248 621 250 524 738 210 462 377 839 232
223 498 964 692 488 927 265 195 795 1020 278 460 930 198 300 828 403 222 689 542 266 468 276 409 607 492 257 977 753 378 727 870 471 466 364 866 910 304 234 191 273 644 258 538 888 230 504 442 869 232
224 535 976 823 563 987 285 244 810 1064 300 526 1011 232 305 854 472 256 721 558 268 520 316 433 706 557 279 1056 1020 506 832 1010 518 505 409 875 1023 318 253 206 278 935 283 555 1044 267 514 550 986 264

5 45 322 46 38 54 87 40 72 172 57 44 86 47 92 156 34 63 134 97 47 62 80 73 26 100 119 60 49 98 67 224 57 42 45 10 40 7 33 92 42 44 21 166 223 39 14 97 73 48
1 9 144 16 34 48 22 1 69 124 56 36 66 7 31 135 15 55 1 26 3 19 35 15 1 75 107 19 22 4 19 38 41 8 22 2 5 6 32 7 29 3 19 88 190 18 6 96 58 18
