50 9 2
57 71 3 57 78 7 90 89 59 84 98 93 63 31 17 64 92 79 59 47 2 46 35 88 40 41 6 84 19 42 9 85 78 67 44 77 23 15 40 100 24 27 41 17 17 100 35 43 60 53

11 25 14 4 1 27 8 6 3 3 14 13 6 3 1 13 8 3 13 16 4 4 15 14 4 3 19 2 3 3 8 1 5 20 1 2 5 1 4 8 9 7 4 34 17 3 17 6 31 1
11 35 18 17 11 29 15 12 25 21 18 18 8 7 5 21 36 21 22 20 11 24 16 18 5 8 52 12 4 21 33 16 20 29 3 8 8 23 8 10 14 13 16 36 32 5 19 13 50 6
14 37 24 21 16 33 24 29 32 29 28 34 17 7 10 23 46 24 30 23 21 28 32 19 9 8 65 29 18 23 63 17 28 34 23 10 14 32 14 22 16 19 17 47 45 15 28 27 52 6
29 67 48 36 32 47 39 37 33 75 34 48 18 70 25 27 58 34 43 24 24 33 66 19 22 17 72 30 31 41 64 28 43 35 39 18 20 38 45 27 26 32 33 56 49 15 35 39 54 11
53 68 50 59 37 61 44 45 33 77 37 62 26 71 31 32 61 56 61 32 30 46 68 20 25 48 72 63 34 46 67 54 57 45 43 32 26 43 46 36 31 59 34 56 50 37 40 56 55 17
67 70 55 68 38 62 51 53 40 77 42 70 44 77 59 55 63 57 74 42 66 48 76 30 31 56 81 77 57 50 81 55 68 66 43 48 32 70 56 41 59 64 36 62 60 57 60 58 60 37
71 73 63 70 79 66 67 66 80 78 48 81 52 81 67 61 70 75 74 56 72 66 91 33 46 58 86 79 57 64 84 60 84 66 53 48 60 93 64 73 71 67 62 64 77 58 63 65 78 50
84 76 63 82 90 78 75 67 95 97 77 84 88 85 77 96 79 88 77 71 85 75 97 60 66 79 89 81 58 65 86 76 85 69 85 72 67 94 68 83 72 71 73 67 78 62 89 69 88 77
96 87 99 96 94 79 96 83 97 98 86 96 90 92 85 96 97 98 81 79 87 77 97 89 68 82 99 84 80 90 95 84 99 72 89 93 83 97 92 98 78 92 91 89 94 66 91 81 95 86

89 1 48 12 15 51 18 41 50 13 34 91 41 64 67 7 34 22 9 20 4 36 17 36 35 34 98 82 24 5 51 91 17 41 85 1 87 52 19 38 17 53 31 15 29 13 77 26 38 18
98 62 65 54 27 72 90 49 57 79 52 96 74 98 97 10 88 85 83 55 97 78 62 69 71 81 99 88 76 52 67 97 96 44 89 15 98 88 19 44 44 75 58 15 74 94 95 51 84 99

57 278 43 74 136 45 170 273 109 138 285 109 126 127 49 92 117 121 88 105 50 217 96 125 56 85 75 84 44 56 19 99 180 112 83 99 40 107 242 152 62 74 42 18 75 162 97 46 66 154
106 302 175 85 145 121 210 285 133 145 286 140 137 132 97 135 175 169 99 106 86 234 188 131 61 128 176 86 77 153 64 117 205 162 142 101 110 136 276 276 67 108 48 45 120 189 98 50 105 193
240 333 212 161 187 193 225 475 133 246 324 156 160 138 110 194 224 250 115 132 94 278 203 156 164 166 200 114 85 257 68 137 236 169 268 144 238 168 350 302 68 117 143 50 139 227 110 50 189 357
255 344 243 168 223 412 246 505 147 278 400 201 301 144 127 202 249 312 152 212 112 317 454 170 189 213 308 137 135 416 80 150 278 194 306 147 291 259 483 305 93 132 158 69 196 228 165 73 366 404
276 430 410 206 378 618 254 646 210 288 406 274 419 148 193 202 262 414 173 215 129 333 467 170 241 336 359 157 155 556 123 156 288 294 350 203 481 303 486 308 145 144 194 99 201 233 199 133 409 598
284 458 452 257 461 752 303 732 222 419 420 286 428 205 197 206 270 469 255 227 152 350 881 209 274 356 367 186 165 667 132 175 383 306 370 242 497 355 579 402 157 186 198 142 215 272 222 329 477 672
334 471 528 260 527 799 380 818 265 425 474 301 475 221 212 212 382 493 274 234 153 358 904 339 671 360 582 223 192 679 181 239 414 476 394 248 506 426 735 438 159 194 271 190 244 414 226 341 497 769
352 521 861 270 530 905 514 869 279 437 532 314 533 225 236 265 489 503 285 245 191 368 967 390 792 401 980 326 249 860 198 268 451 480 469 268 762 433 775 531 235 205 299 225 246 428 267 358 497 915
375 561 959 285 558 916 577 872 290 470 560 333 533 240 263 267 558 507 508 265 251 469 1022 494 837 406 1001 331 254 895 241 300 552 505 495 291 951 442 1011 560 254 257 458 253 267 588 270 386 544 940

54 97 29 56 124 18 110 167 60 33 204 107 110 98 47 73 100 105 66 89 21 136 89 59 29 70 8 78 27 19 7 46 94 91 46 95 25 18 198 88 45 57 41 5 43 58 71 41 62 98
16 15 27 45 32 11 77 141 55 11 3 40 11 38 36 25 6 93 17 34 9 96 56 29 12 56 3 43 22 2 6 4 34 5 31 85 18 13 21 21 4 44 17 4 39 38 12 18 58 2
