50 9 2
7 59 71 49 3 98 75 39 96 83 61 28 86 81 57 90 76 54 87 21 7 86 51 68 92 22 22 32 33 14 71 80 10 43 32 92 79 71 79 46 89 1 56 85 62 42 35 91 36 81

9 4 5 32 7 3 31 12 7 19 4 21 5 3 18 7 1 12 26 14 3 8 2 10 13 25 6 43 7 11 7 8 2 9 25 7 10 4 1 11 2 13 6 7 2 24 15 1 17 2
10 6 10 33 14 27 39 22 8 29 7 21 25 5 28 22 33 15 29 17 3 19 4 12 19 25 8 51 15 13 22 21 7 12 27 22 31 21 9 28 23 16 25 26 5 24 17 18 47 13
12 9 13 44 28 32 71 23 10 34 36 24 28 32 43 24 36 16 29 21 33 34 15 28 23 28 17 53 27 32 31 65 13 24 27 34 34 24 19 30 31 29 26 39 9 43 41 24 55 48
43 48 26 44 43 50 78 24 16 50 54 33 48 35 58 48 40 23 46 45 55 35 27 36 29 36 22 70 30 40 47 73 15 27 30 35 48 33 21 40 42 44 28 41 11 52 64 35 69 56
53 61 30 52 65 59 79 26 18 51 54 34 50 46 61 77 44 46 50 49 56 35 34 39 39 42 29 88 60 58 57 73 43 29 31 37 63 43 21 49 63 48 66 66 22 61 66 40 73 57
67 63 43 54 89 63 79 51 42 62 72 39 62 52 62 79 61 49 53 56 57 81 43 61 42 48 31 94 70 60 68 77 51 35 68 51 64 62 33 66 80 54 75 77 26 62 70 54 73 78
89 72 72 71 93 69 84 58 46 86 74 58 71 63 70 88 83 56 68 65 60 90 84 61 58 51 34 96 72 61 75 77 59 76 69 75 65 70 52 68 81 57 90 77 48 89 77 67 75 87
89 80 81 90 98 74 91 75 55 89 74 86 82 88 93 88 88 84 84 67 82 96 87 62 60 73 40 97 77 80 76 83 79 87 86 82 89 88 90 77 96 61 91 82 66 91 80 87 87 96
91 98 96 91 100 97 98 77 71 100 88 98 92 93 98 100 96 91 85 73 90 100 94 89 99 86 46 97 99 97 85 85 81 95 100 93 100 98 96 82 97 88 99 99 90 99 85 98 98 100

89 16 48 76 10 12 3 50 29 53 90 32 21 56 81 21 16 38 5 55 69 31 47 7 5 6 48 5 67 41 10 22 38 26 45 6 15 60 92 27 31 28 89 38 14 13 24 44 39 1
91 28 88 76 65 29 80 77 66 68 91 89 25 80 98 55 24 57 22 75 87 76 74 12 77 87 89 52 71 42 68 73 73 43 63 57 64 62 96 65 71 48 98 71 36 69 46 79 56 100

89 73 99 105 29 140 106 145 147 103 69 67 101 107 369 98 195 73 100 74 22 118 62 82 188 55 93 147 59 62 118 99 27 72 89 182 87 322 145 103 154 4 79 132 91 143 63 101 106 190
137 210 120 178 60 180 140 260 281 124 91 83 117 110 451 126 240 205 240 100 31 191 64 83 215 223 287 194 331 79 140 103 34 182 147 189 121 533 247 105 196 22 122 137 92 162 89 123 178 241
202 638 168 210 118 383 190 275 474 127 94 176 157 135 553 264 322 234 270 243 82 262 75 117 268 240 334 267 334 83 197 166 61 251 160 302 165 534 254 152 234 64 211 171 140 218 104 170 181 269
437 797 261 215 121 426 222 383 575 188 157 412 222 145 570 315 365 276 286 293 94 296 113 221 317 245 347 294 367 111 199 174 92 324 315 340 167 751 258 221 359 70 248 195 161 300 171 190 232 338
498 840 270 222 145 467 236 398 715 259 160 500 250 156 694 607 497 359 300 309 111 300 121 254 457 289 438 313 405 126 216 187 124 355 385 639 198 797 301 313 372 91 381 233 227 498 213 207 377 353
612 915 675 227 172 507 258 430 780 264 175 651 292 178 698 662 499 397 425 331 131 337 151 272 674 362 518 322 595 162 220 264 140 404 458 748 232 857 312 335 433 97 391 238 232 554 214 209 422 354
712 945 760 247 176 551 261 433 851 276 243 668 294 228 743 941 522 444 431 332 237 421 240 302 722 487 530 411 677 338 224 271 218 478 467 751 241 979 360 384 497 138 402 296 239 745 216 254 437 366
760 1002 885 247 181 566 279 455 1059 324 261 674 475 257 824 947 531 521 505 337 296 469 255 313 781 884 612 436 803 416 225 313 255 833 636 917 289 1000 490 494 742 155 416 312 257 881 367 310 489 493
839 1042 912 276 223 572 314 529 1095 326 265 777 511 300 832 1023 565 526 557 487 367 509 281 317 989 909 629 459 966 421 311 330 257 872 942 1031 295 1054 524 504 1037 157 496 324 305 920 367 336 497 573

75 44 90 83 12 65 89 127 124 79 63 63 86 101 358 97 154 37 94 26 8 113 46 75 89 25 41 104 42 36 94 86 20 39 44 110 75 142 108 30 110 2 68 130 74 125 58 95 79 175
38 32 6 4 5 60 65 78 71 7 24 24 72 38 57 88 2 10 61 24 2 4 17 74 56 4 25 30 10 24 39 52 2 29 3 94 74 68 79 6 64 1 32 16 29 70 11 38 19 2
