50 9 2
6 85 17 73 86 23 52 41 34 97 15 16 60 68 6 85 63 75 27 71 82 60 7 47 24 87 71 67 12 57 95 56 42 52 33 46 33 49 51 92 69 10 43 2 44 75 90 67 32 99

24 1 2 3 3 5 6 1 11 13 5 24 11 5 16 7 3 6 11 21 13 2 2 29 7 2 19 16 9 8 3 3 25 2 1 10 2 3 3 19 14 31 2 1 24 2 3 6 7 26
25 24 31 11 6 6 17 1 12 19 9 26 13 14 26 7 15 14 22 44 27 9 5 31 12 7 38 29 12 25 7 31 40 10 20 15 3 11 14 42 24 47 18 2 28 3 4 24 9 39
32 33 48 14 12 29 23 3 28 20 18 44 21 25 42 11 24 47 28 49 48 20 29 40 31 16 49 34 41 29 8 50 50 28 28 20 5 52 25 55 25 57 27 10 33 20 24 39 18 42
46 41 55 15 34 38 28 14 49 31 28 56 21 31 68 13 24 49 30 58 52 23 34 41 36 20 51 48 59 41 18 55 51 43 39 39 8 65 37 59 34 57 33 14 43 57 44 42 47 51
59 79 60 17 58 45 37 32 53 47 28 57 46 46 74 45 54 53 40 64 53 25 46 43 54 53 65 52 60 46 23 57 60 45 44 49 15 73 60 59 51 57 35 33 46 64 45 52 54 59
66 80 66 49 61 51 61 38 87 58 54 62 70 56 75 51 57 55 41 78 77 26 83 73 57 71 68 71 65 72 42 76 62 55 46 60 21 75 60 62 68 67 48 46 66 91 48 55 65 59
67 87 73 50 67 72 63 49 88 60 62 66 73 62 84 59 65 64 46 79 84 44 86 85 68 76 71 81 68 84 45 80 70 58 53 79 23 83 78 70 78 69 57 54 67 92 48 58 69 66
80 95 85 76 75 79 95 61 92 61 83 80 74 69 91 75 65 72 63 81 98 58 87 90 71 80 92 84 85 93 86 84 74 68 61 80 51 85 83 91 96 89 91 77 84 94 54 74 70 72
96 96 90 96 93 84 99 72 96 93 94 100 79 80 96 76 82 93 82 99 100 59 88 100 92 89 95 95 88 97 96 89 80 89 84 93 96 98 88 95 97 91 93 80 90 95 78 79 85 92

32 44 20 3 20 84 31 36 33 14 7 4 50 21 15 57 40 50 51 18 15 11 27 24 12 6 16 11 44 22 19 65 3 28 62 76 13 21 46 43 97 27 2 74 35 5 15 17 10 4
40 84 22 23 61 86 99 61 91 22 30 12 52 54 26 87 43 51 81 59 94 32 94 46 24 23 90 94 60 64 93 79 94 84 78 87 100 45 59 46 98 48 40 87 39 69 31 62 37 26

54 96 46 530 127 60 67 56 44 144 31 32 271 237 186 174 63 255 185 339 104 71 50 51 73 102 85 132 57 62 114 61 211 57 86 103 102 209 166 598 93 48 79 135 86 163 106 86 41 209
57 191 92 541 188 138 71 80 380 203 77 37 430 245 315 274 175 321 198 401 166 93 95 77 93 115 123 134 114 82 152 87 227 152 137 159 112 232 214 710 152 137 93 181 110 165 155 109 70 261
69 193 99 555 202 179 112 98 388 245 89 174 515 614 354 367 180 339 290 454 276 93 119 78 101 161 130 198 122 109 274 443 346 184 147 182 145 270 238 718 164 187 191 211 140 185 214 142 79 267
99 201 110 600 248 269 123 175 458 323 100 232 670 695 358 394 286 346 315 548 301 157 121 81 179 167 174 234 444 129 319 711 431 197 276 210 232 277 328 787 200 349 436 234 147 193 227 153 158 391
122 223 122 729 261 378 189 204 644 389 129 398 678 789 360 396 760 562 639 617 399 178 153 92 179 443 240 467 612 236 392 737 509 223 354 347 268 493 482 807 255 401 699 283 279 223 248 180 175 613
147 234 143 889 276 400 225 259 764 430 141 600 792 851 594 455 949 605 683 756 410 219 175 215 185 456 240 469 617 238 459 760 521 264 359 369 313 574 578 877 304 412 708 393 401 225 249 205 362 674
148 260 160 942 286 461 249 263 801 433 159 807 872 910 691 455 985 672 754 854 433 279 192 226 219 468 242 833 707 256 503 914 709 290 378 465 335 609 627 1000 491 429 745 688 460 263 303 228 379 816
154 282 222 946 323 498 253 264 853 466 182 895 987 933 735 511 1021 742 842 890 443 279 226 265 227 635 298 1014 762 266 534 954 873 295 397 478 407 831 656 1016 534 445 910 786 499 264 402 266 453 870
248 295 463 1037 335 499 297 274 1003 481 238 986 1055 950 981 527 1056 1062 858 945 500 288 507 269 229 763 313 1060 888 289 564 996 988 295 498 535 439 930 747 1018 562 482 973 938 512 291 492 280 517 972

52 75 10 401 66 48 45 27 39 98 13 23 259 29 109 164 61 237 151 305 87 24 7 36 68 41 74 123 41 20 63 48 178 52 49 48 42 195 122 491 78 33 45 107 69 125 81 67 18 138
29 54 1 167 47 29 44 7 4 57 5 16 189 22 24 33 48 204 121 110 41 6 6 34 38 26 50 9 18 11 33 14 121 19 10 44 39 146 55 345 72 19 19 56 55 9 49 59 7 54
