50 9 2
8 41 78 17 75 30 59 36 77 14 80 2 46 53 41 44 80 39 79 42 88 21 46 35 81 53 84 29 88 21 29 99 22 6 36 5 72 33 59 19 39 76 22 21 87 5 10 52 97 53

6 8 1 23 14 21 8 10 5 9 7 3 1 25 5 9 26 5 3 48 9 13 2 1 2 7 7 2 17 11 11 29 4 10 30 11 25 8 11 18 5 1 9 2 6 2 5 13 11 1
12 10 21 25 17 33 20 14 25 14 9 12 2 34 6 18 35 13 15 49 13 41 4 19 10 9 13 5 18 14 23 37 30 15 34 19 27 8 24 23 28 4 12 11 8 10 10 37 13 9
21 37 33 30 31 52 33 14 30 23 9 14 4 37 9 19 41 14 20 52 13 43 22 35 12 36 34 6 19 30 38 38 33 30 42 23 52 19 25 25 34 39 12 18 12 27 15 44 19 9
22 37 35 34 34 57 33 40 38 25 14 46 38 41 10 46 41 35 26 65 19 45 29 47 20 39 34 7 27 34 45 38 40 34 47 24 55 43 38 29 43 54 54 50 18 47 22 85 47 27
31 42 35 37 62 58 37 42 43 28 29 63 39 42 11 57 41 43 31 72 21 63 30 67 25 43 42 8 29 45 75 45 42 42 53 42 58 51 73 30 62 63 57 52 53 49 49 89 59 46
39 58 37 55 64 75 60 52 44 30 45 84 41 49 20 61 43 54 33 76 52 79 39 68 68 60 60 19 43 49 77 60 59 52 55 63 65 56 73 35 65 63 59 52 65 55 62 91 61 48
61 65 90 59 87 85 68 55 59 47 50 92 58 66 52 71 49 57 50 86 56 82 66 68 84 92 78 55 50 52 78 67 72 63 68 78 82 67 79 38 67 74 71 64 67 64 73 92 68 49
73 65 96 82 90 92 71 63 72 58 57 96 63 77 71 92 58 57 52 87 88 85 94 85 85 95 88 63 62 55 82 71 86 67 77 78 94 96 89 44 70 78 78 67 93 84 89 93 73 61
86 100 97 88 99 92 76 86 75 63 70 97 67 86 72 100 75 60 83 100 93 93 99 87 98 99 97 68 76 59 98 77 91 70 79 80 95 97 93 99 81 93 85 82 100 99 91 95 84 99

6 19 42 11 52 30 33 61 16 44 52 37 14 9 30 86 11 19 11 66 21 28 24 45 74 44 2 5 21 40 8 81 12 58 82 51 54 18 25 25 40 21 46 14 52 35 26 49 27 47
72 61 58 48 69 82 46 79 81 63 57 92 43 10 69 97 68 52 37 79 89 89 72 75 92 80 89 68 56 75 16 89 51 80 91 77 90 32 54 44 49 96 73 50 69 58 92 54 61 63

51 68 147 32 121 465 109 84 107 91 126 63 104 66 151 123 162 45 99 76 122 21 52 54 140 139 120 31 112 35 57 103 24 38 204 127 79 271 123 22 45 295 55 48 87 158 23 96 122 105
67 239 188 34 149 492 118 166 148 297 168 72 212 112 183 164 165 64 115 79 154 117 67 81 149 294 153 120 119 82 89 150 45 43 322 146 115 351 145 25 172 325 55 233 150 308 78 111 147 284
86 265 225 68 163 671 127 194 182 298 270 79 239 174 183 166 165 143 255 95 154 208 111 138 166 334 277 120 137 139 115 231 242 67 335 150 156 486 177 56 215 424 83 237 226 330 117 124 149 321
93 309 255 73 219 693 163 212 227 323 304 88 247 340 195 266 169 228 294 109 179 233 116 148 170 346 292 157 153 153 305 278 313 87 474 304 273 498 240 89 304 589 83 427 229 491 168 183 156 367
138 335 286 136 229 849 175 213 240 340 343 89 249 389 213 274 197 252 336 147 192 236 169 155 195 428 363 169 159 229 330 384 321 136 515 319 372 585 256 113 319 721 85 546 239 499 247 246 192 387
144 362 327 145 246 860 216 229 250 377 429 117 330 428 239 321 216 388 508 182 208 240 215 157 198 475 660 172 236 255 359 390 444 145 618 342 516 658 276 181 418 746 105 550 263 612 295 255 332 479
152 378 485 183 436 917 226 336 256 410 435 171 378 446 242 351 221 399 515 210 212 283 241 163 213 646 675 214 272 260 387 467 518 182 684 438 632 662 277 187 439 779 193 574 297 678 309 265 348 496
201 449 545 201 464 936 263 382 315 418 531 173 470 487 250 394 227 594 550 232 245 429 247 190 232 669 677 226 397 264 404 541 536 247 815 462 827 823 296 233 447 782 248 674 327 825 373 271 399 507
245 821 545 260 533 948 290 501 316 423 568 207 533 551 282 495 269 637 563 269 332 463 252 240 286 711 938 263 460 264 437 596 551 248 964 484 903 963 305 258 453 1076 259 743 330 889 396 289 458 544

3 59 145 21 67 332 94 83 88 89 93 53 93 40 134 109 71 44 77 68 67 7 12 31 127 125 75 29 92 22 52 93 17 28 100 61 61 227 40 18 38 216 40 33 42 14 21 29 80 24
1 38 136 7 20 229 87 9 87 79 26 29 35 20 25 63 70 41 65 63 28 5 11 18 103 16 42 1 66 20 12 1 16 5 92 52 48 51 6 13 9 83 29 11 34 13 5 21 44 15
