50 2 1
95 47 2 87 18 85 82 97 53 18 17 81 70 70 82 62 89 44 92 51 78 32 97 74 5 31 60 81 66 5 32 90 38 85 99 80 41 9 51 39 50 30 25 26 78 25 97 71 44 68

11 30 8 8 13 12 1 57 71 17 43 52 10 67 47 13 84 45 21 1 73 23 41 16 39 27 7 65 43 90 6 15 66 51 8 72 29 33 4 18 16 45 4 20 20 9 80 64 22 6
83 53 29 15 45 38 19 87 82 35 80 62 13 70 70 87 98 53 78 78 80 55 77 39 85 96 32 91 64 96 46 46 95 70 62 99 29 70 44 58 34 92 29 44 38 53 91 94 86 51

31 98 18 44 88 95 29 44 49 47 81 68 11 78 83 97 41 64 68 64 76 64 28 11 17 58 31 21 2 31 6 36 99 56 31 58 99 60 47 68 78 4 15 16 15 70 23 57 84 92

503 554 61 449 99 881 157 185 414 237 320 178 370 350 272 165 124 149 494 84 227 46 303 90 316 262 186 294 470 119 281 146 134 122 595 86 223 111 118 312 768 686 128 617 83 98 114 71 682 103
503 892 132 497 210 994 553 573 810 860 783 718 695 626 756 204 1032 518 855 242 789 266 493 204 468 412 937 526 475 486 521 961 179 131 766 214 260 243 868 686 802 878 185 715 316 247 153 179 996 182

71 345 53 179 59 867 141 72 19 216 307 86 261 152 128 114 122 86 340 78 159 2 189 71 121 62 70 1 457 4 159 88 57 58 436 20 2 89 72 116 201 636 41 582 65 85 76 19 554 3
