50 2 1
52 80 40 83 38 30 2 25 86 86 38 30 38 80 25 89 75 32 100 64 48 30 83 36 47 17 83 56 6 3 36 7 95 2 19 37 30 30 93 23 10 8 81 18 77 20 95 70 88 73

4 85 35 25 27 49 33 42 31 28 38 83 10 5 68 11 16 51 34 32 71 4 36 21 21 36 34 25 20 2 45 44 32 60 16 22 2 31 47 16 11 20 14 53 4 2 5 43 54 68
98 87 73 76 40 60 81 64 52 47 98 86 32 53 89 43 27 97 71 40 91 9 42 83 66 83 83 45 56 46 79 79 85 70 28 38 62 34 91 35 28 24 74 92 74 27 8 78 56 90

59 74 7 50 16 49 30 10 9 42 96 83 87 94 19 72 31 57 81 100 30 37 28 87 47 27 73 49 65 78 28 57 31 45 14 95 80 20 95 67 62 24 26 26 73 94 24 65 62 39

126 509 443 232 49 646 56 79 225 679 46 158 332 420 306 233 84 354 376 366 156 293 378 54 436 134 119 600 27 68 201 320 430 191 293 93 62 420 211 252 57 93 290 397 93 55 299 272 221 75
344 525 474 426 324 938 967 315 326 1007 283 505 417 532 931 564 125 683 459 727 174 441 436 279 577 156 281 969 368 79 968 406 443 841 324 285 805 454 216 940 306 205 602 455 405 222 549 291 298 193

92 292 392 81 32 410 19 45 95 50 29 135 233 410 77 29 40 275 18 203 106 173 254 43 280 35 7 363 17 66 27 196 265 9 245 64 38 139 120 215 3 67 242 307 19 26 270 103 128 26
