50 2 1
91 61 29 10 73 47 52 55 44 67 25 28 100 53 16 2 77 81 68 75 94 97 91 10 32 32 41 54 13 80 58 55 45 72 78 82 87 13 69 73 73 25 82 9 18 17 7 63 88 58

16 46 4 19 5 40 72 25 37 34 8 89 33 42 76 38 40 73 71 12 74 28 6 15 15 11 26 64 25 46 54 20 62 67 23 14 45 84 17 12 35 63 24 3 12 77 15 19 35 78
20 66 60 98 100 84 73 41 54 43 50 93 66 65 98 61 95 100 94 18 98 65 43 71 43 47 57 74 33 65 57 48 85 67 70 68 97 93 64 50 100 74 61 47 29 97 80 36 47 96

29 23 60 12 50 48 65 100 58 100 59 61 10 4 66 55 98 77 13 57 43 91 50 94 9 42 80 36 34 10 4 29 79 57 94 19 63 80 46 26 61 12 51 95 61 38 27 46 14 43

313 464 261 737 331 273 53 771 98 99 109 463 158 512 64 71 197 640 443 144 178 100 188 339 113 242 829 205 93 217 121 170 183 191 192 106 465 313 131 709 100 135 255 129 130 390 34 120 193 147
333 475 480 867 412 329 123 1016 190 557 155 497 205 533 487 92 253 1042 508 295 245 292 230 804 230 249 1021 364 190 234 244 260 331 525 223 878 526 420 299 813 272 162 746 270 235 529 137 134 327 244

248 82 7 132 263 225 5 383 39 4 7 201 3 210 35 45 139 622 374 44 32 77 102 97 69 22 634 115 90 54 105 58 49 160 184 34 414 152 127 362 30 108 77 65 87 43 21 86 12 58
