50 2 1
16 88 9 41 28 87 27 60 42 87 38 69 81 48 65 12 15 16 6 65 61 37 32 74 79 94 32 75 11 9 59 76 14 28 43 99 27 85 81 73 73 94 68 35 40 22 39 33 69 40

21 94 25 48 12 17 20 53 20 12 9 57 20 11 91 5 33 14 50 15 54 33 74 73 60 5 68 27 36 69 2 37 85 26 35 22 59 21 70 85 98 16 40 27 43 19 12 27 30 22
74 100 93 74 45 45 54 59 46 100 56 79 67 84 95 32 34 96 61 97 67 73 87 98 75 68 100 85 61 71 5 84 100 67 71 47 74 75 78 89 98 22 78 35 69 42 69 52 41 87

59 37 17 40 14 3 12 39 86 1 46 52 11 98 76 52 21 37 67 69 44 36 10 9 45 11 91 11 9 5 69 39 77 9 10 89 71 12 45 59 53 44 38 73 4 66 32 21 76 84

228 157 24 143 763 370 426 176 289 951 81 171 93 105 459 48 172 360 718 127 126 111 100 856 261 729 84 164 128 285 252 425 837 105 966 304 48 520 149 754 248 187 154 310 322 106 57 64 938 207
290 197 153 177 763 557 527 391 803 1038 182 283 551 234 691 93 254 365 733 403 196 130 258 972 450 945 154 179 138 418 581 654 846 262 967 691 112 794 150 828 276 226 651 589 813 236 731 164 1062 812

200 99 22 45 250 124 3 117 10 98 46 2 1 5 456 25 88 77 390 41 99 70 22 618 153 358 21 30 65 103 115 242 693 34 22 110 3 475 47 703 155 36 115 175 121 67 23 41 287 199
