50 2 1
59 44 92 34 16 50 89 69 47 15 87 25 62 8 76 28 44 59 39 79 77 54 34 69 75 45 25 86 4 14 87 61 56 58 68 89 54 38 40 44 31 57 11 29 38 29 74 51 10 33

10 12 9 21 59 46 27 21 54 11 4 76 5 75 18 17 38 47 57 36 85 26 15 47 16 6 10 54 30 59 23 68 52 64 7 54 1 46 29 46 17 49 3 77 11 29 19 19 15 5
33 79 62 43 97 60 98 82 86 72 90 77 38 89 93 37 95 56 82 69 99 47 66 47 51 65 49 92 46 84 66 78 70 90 76 60 21 66 78 67 65 95 50 81 97 71 72 69 90 98

80 23 12 55 72 25 66 40 21 29 11 74 62 15 42 95 41 46 15 60 27 58 87 30 39 30 32 57 34 19 28 83 16 11 40 6 11 14 9 8 29 68 83 13 51 46 62 73 76 100

131 370 212 37 37 154 365 346 184 344 341 137 190 13 81 417 110 129 351 289 261 276 68 210 106 243 558 343 272 350 174 79 166 68 460 177 236 392 261 64 140 573 757 127 111 122 101 118 60 56
134 790 971 224 314 362 968 524 210 426 975 175 941 119 692 511 982 788 470 404 533 283 257 279 503 272 700 527 983 590 218 120 253 142 487 206 506 945 335 422 213 826 928 608 131 244 240 949 122 252

93 234 207 28 9 66 259 319 33 299 332 47 169 12 16 269 43 105 200 215 91 130 14 4 19 32 234 13 120 239 162 44 160 57 454 76 98 160 172 24 23 152 572 5 60 78 60 111 53 17
