50 2 1
25 71 83 10 53 15 70 68 23 48 43 73 82 58 81 86 70 35 29 84 11 48 10 22 92 49 55 41 70 18 70 45 77 81 76 54 96 2 11 25 33 7 4 3 89 37 9 76 83 20

12 48 56 4 55 1 12 59 88 38 3 25 48 30 50 53 80 9 2 81 15 24 5 71 3 1 25 7 13 15 68 38 5 21 1 56 12 37 50 16 4 11 25 21 24 17 33 39 48 43
64 97 70 31 63 40 68 85 93 77 66 63 91 51 70 56 89 43 33 92 60 62 90 76 11 64 78 66 37 62 89 53 26 46 63 93 18 67 68 80 93 23 97 77 43 65 84 82 99 43

82 74 98 50 85 98 99 18 60 30 7 37 40 10 24 16 46 19 61 75 56 19 7 42 14 30 88 14 14 50 45 100 23 2 4 31 50 70 25 10 55 64 53 73 19 79 54 77 93 85

266 266 141 301 124 522 111 444 353 126 54 220 187 92 221 205 358 222 224 247 129 275 395 120 188 57 532 42 442 422 483 180 108 190 130 60 295 335 184 173 94 56 169 7 234 949 147 88 164 141
271 274 224 492 539 726 253 533 472 283 762 244 510 183 324 564 409 235 272 478 129 945 464 347 550 193 935 233 541 833 512 482 504 263 249 201 948 947 455 353 224 188 579 61 443 977 435 160 329 444

93 256 48 78 8 2 79 123 313 42 21 110 113 84 65 106 150 191 4 246 8 40 84 83 177 54 153 38 114 236 217 150 29 126 69 43 60 160 133 83 72 45 28 2 79 882 38 84 67 42
