50 2 1
1 13 9 100 40 81 1 24 78 1 7 25 58 31 44 10 16 86 39 47 91 15 55 15 4 26 48 88 69 1 32 2 90 60 76 24 73 60 80 16 78 86 48 89 16 46 68 71 85 91

19 19 1 6 51 19 45 7 62 63 4 15 1 19 23 73 52 11 69 32 4 66 72 30 26 46 1 21 36 28 11 51 63 30 88 10 52 48 40 37 50 27 12 19 58 3 46 28 4 23
64 70 100 88 52 83 100 59 70 83 90 61 63 82 38 86 97 53 89 49 6 100 72 87 30 91 82 59 68 39 26 96 73 83 93 85 90 67 56 68 82 34 24 34 89 66 96 92 65 47

6 21 41 67 66 92 42 39 32 56 3 49 44 36 58 71 60 68 94 66 11 83 80 76 46 5 86 59 89 97 69 51 64 46 59 53 29 100 96 65 33 71 2 30 91 20 30 70 34 10

206 118 116 486 428 215 189 31 162 112 214 107 225 72 101 44 97 295 68 877 360 50 232 15 111 550 347 119 110 84 115 482 747 225 768 112 259 642 125 21 247 106 218 720 57 65 883 208 113 394
905 435 606 870 756 324 213 179 165 220 476 111 322 311 252 271 258 336 294 940 452 220 245 47 121 925 969 235 288 184 254 933 931 230 963 281 260 957 249 232 367 512 260 1037 187 134 944 588 542 522

117 66 95 406 407 63 130 9 119 61 58 92 159 34 57 16 1 116 11 850 33 29 87 12 110 35 160 45 73 47 16 109 282 171 46 15 5 579 64 1 102 74 177 171 18 33 781 66 38 347
