50 2 1
94 40 65 42 2 7 5 57 72 18 79 90 94 59 22 86 84 37 63 47 3 79 13 6 5 61 46 18 58 16 92 53 84 50 97 90 28 6 64 62 6 89 63 72 30 33 96 99 87 20

19 77 4 10 33 32 70 18 23 23 49 68 92 26 29 42 82 35 1 21 18 29 20 9 71 58 42 90 2 48 84 50 8 89 41 5 15 48 13 49 15 54 9 36 26 38 83 28 48 51
38 94 29 87 78 67 81 23 34 79 60 74 99 95 51 73 100 41 81 93 84 76 88 55 73 62 74 96 29 55 94 76 21 100 86 55 88 70 76 94 70 67 96 41 42 76 92 90 69 77

47 72 21 9 94 95 49 90 45 14 16 77 81 11 68 95 96 73 88 4 10 12 66 12 76 23 57 22 66 72 79 23 60 70 4 86 77 88 74 16 91 68 10 63 25 41 18 59 76 32

463 188 99 65 70 16 31 610 168 49 192 315 385 94 300 100 294 764 123 367 84 426 316 291 309 93 230 182 82 52 197 159 149 309 386 187 228 189 169 76 479 247 289 199 98 40 308 226 102 90
945 301 844 339 444 71 131 696 190 208 199 984 813 265 465 246 831 992 373 492 120 464 779 371 337 163 265 671 112 61 468 511 671 958 449 197 423 204 777 240 874 515 522 209 106 235 889 556 363 450

116 122 54 39 56 2 6 193 151 43 190 90 220 36 106 46 273 440 77 334 72 99 187 282 236 29 221 135 71 41 153 14 50 70 253 168 154 30 79 10 200 18 214 88 79 33 16 135 33 22
