150 9 1
85 1 40 127 1 80 76 216 86 51 111 129 137 84 47 33 113 82 1 184 52 86 176 144 213 1 25 144 106 111 1 202 36 32 17 1 182 138 55 118 48 68 1 29 203 111 204 17 47 147 74 126 201 6 129 138 58 126 1 81 249 38 238 80 1 211 1 55 115 130 101 26 115 70 233 1 157 34 284 101 98 205 216 154 91 68 81 135 199 138 1 74 155 87 159 91 204 146 203 10 19 196 1 1 171 265 92 251 26 188 36 1 91 113 170 188 113 1 101 136 1 164 115 149 179 27 78 37 54 81 7 25 124 6 25 57 115 1 169 51 96 55 1 106 238 214 126 43 110 188

19 13 28 1 54 13 5 19 35 15 12 29 48 37 30 19 28 2 12 14 26 31 40 29 42 33 46 43 1 1 3 6 29 30 42 16 12 56 17 34 10 39 7 16 33 40 6 1 1 1 23 23 32 26 17 36 17 12 18 52 50 27 15 27 6 16 18 49 17 28 18 28 4 24 1 10 4 13 39 12 26 1 28 1 2 24 9 21 9 27 1 30 32 52 29 16 44 36 23 33 22 20 1 25 1 23 13 25 56 14 15 36 33 8 53 7 1 21 15 47 5 61 22 25 7 22 27 45 10 35 22 16 18 11 23 18 26 38 55 21 25 12 1 12 19 32 1 49 1 6
24 15 49 16 71 19 22 30 47 16 16 35 55 43 45 34 35 23 25 22 31 58 49 38 60 34 69 48 7 7 6 9 39 56 56 42 20 72 26 46 13 49 13 33 38 43 26 22 2 11 37 33 40 27 32 56 27 25 27 68 66 30 16 42 9 26 37 56 19 30 19 36 8 34 4 11 14 24 44 31 28 7 52 4 12 43 15 22 17 35 6 43 45 61 51 19 47 54 40 51 32 43 16 30 5 24 32 26 65 16 30 40 36 16 55 20 28 41 16 48 21 71 28 36 8 41 28 59 25 40 45 18 29 29 32 30 27 72 80 45 30 16 6 20 27 37 5 69 9 11
31 16 64 45 76 22 35 45 54 22 35 49 57 46 55 40 47 36 39 33 32 67 54 47 69 41 83 56 18 14 10 16 44 57 57 58 25 89 45 56 26 66 18 43 50 50 31 40 20 17 49 49 55 33 38 64 47 41 42 76 73 48 18 55 13 43 45 57 43 34 34 38 20 37 6 21 30 42 62 46 39 19 66 10 33 56 16 39 37 46 19 52 67 80 72 37 57 72 53 60 44 50 24 38 8 43 51 36 71 24 31 48 52 31 57 37 41 50 45 63 23 72 50 41 9 54 36 80 40 45 57 34 35 34 40 40 42 96 88 50 38 30 26 24 47 41 11 73 15 17
39 27 81 51 77 34 53 68 82 32 36 62 70 53 59 59 60 52 49 35 47 70 61 72 79 58 89 60 29 40 14 20 56 63 69 66 26 99 49 63 34 69 29 44 65 53 39 57 37 35 66 54 61 36 48 81 69 49 43 82 77 61 40 62 27 49 48 73 44 36 49 59 21 53 22 24 32 47 73 47 49 28 69 17 54 63 32 40 46 54 25 56 77 90 86 51 60 78 66 79 48 55 30 43 22 51 63 59 74 29 38 54 64 37 60 41 54 51 48 78 25 73 57 60 18 66 66 84 58 46 74 40 40 47 42 64 50 111 101 62 44 35 34 33 63 69 15 90 17 18
55 35 89 65 85 43 57 71 107 39 48 69 90 67 60 65 82 73 59 49 57 80 69 74 88 79 92 64 47 52 29 28 65 76 101 76 44 111 59 72 37 88 37 48 72 67 48 58 38 42 79 62 69 57 69 85 72 64 46 96 94 73 51 79 40 56 67 78 48 47 60 62 24 60 29 30 35 62 89 62 56 41 73 23 60 84 47 61 50 65 27 80 97 109 100 58 72 86 74 81 49 64 51 49 42 54 65 84 86 36 50 65 65 38 78 51 63 52 51 82 47 88 63 70 36 76 75 92 59 63 87 42 47 51 52 76 55 133 102 63 58 43 41 39 64 78 16 97 18 27
69 52 97 69 90 44 72 80 115 56 54 83 94 78 66 71 90 79 73 57 73 82 80 82 108 89 111 76 50 65 33 34 82 93 110 84 46 132 62 80 43 110 62 49 82 73 49 70 52 45 91 70 79 64 73 88 73 77 53 101 100 96 63 102 59 66 68 79 61 54 62 81 29 77 34 35 45 79 105 72 66 58 77 42 63 96 59 67 65 94 38 88 105 115 102 72 86 101 75 86 66 90 60 56 46 59 77 98 88 42 63 68 66 43 92 71 65 59 75 105 57 96 67 80 51 97 76 101 72 74 97 44 61 59 55 83 68 151 131 66 67 62 48 40 80 87 28 108 20 32
74 57 102 82 109 51 90 82 134 80 55 99 99 84 68 79 104 91 77 74 82 92 88 88 120 94 119 93 58 71 41 55 92 109 125 100 70 143 74 90 46 123 79 54 88 82 61 90 62 61 97 72 95 71 82 93 77 86 71 109 123 116 72 112 68 71 71 82 73 63 78 98 39 95 45 46 53 80 117 74 90 70 100 43 84 112 77 77 71 108 65 90 120 123 110 88 93 108 82 111 74 104 64 76 52 65 92 108 98 58 77 90 70 44 104 85 87 67 86 106 62 104 74 102 66 117 81 108 73 76 106 49 87 60 69 93 76 175 138 67 79 71 51 62 88 108 36 126 21 37
82 70 122 109 126 60 96 106 140 84 58 108 128 96 70 91 112 98 96 77 95 99 119 97 142 95 143 95 61 81 66 58 93 120 129 104 73 144 76 101 56 132 89 55 99 85 69 91 91 78 99 81 118 90 88 102 84 92 83 111 125 117 86 123 79 82 79 97 86 74 97 107 53 108 55 64 82 94 135 75 91 77 103 52 105 131 84 78 75 111 75 92 131 142 111 100 112 121 84 139 84 106 76 77 56 68 106 110 103 70 95 105 84 52 111 101 93 79 116 124 70 125 85 111 71 122 96 122 100 84 108 55 102 61 70 100 81 183 139 70 88 82 56 75 94 109 46 132 29 43
99 83 136 128 143 75 98 115 150 92 66 121 129 104 84 100 126 122 114 86 96 100 131 103 167 111 158 102 79 94 71 70 103 126 148 107 74 145 78 110 67 149 105 58 105 91 70 101 95 96 112 94 121 94 101 108 85 103 86 123 143 120 98 138 85 89 89 100 99 83 115 124 54 113 56 65 85 103 139 76 96 92 119 59 107 146 85 80 98 113 94 109 144 143 124 115 120 143 88 147 96 107 87 99 68 83 111 120 110 74 108 108 98 56 123 109 94 102 118 138 82 132 100 124 84 149 109 123 105 95 119 57 107 62 71 112 82 210 160 74 98 102 57 81 96 113 54 147 40 61

17 2 19 18 5 19 14 11 1 7 2 12 8 1 1 18 9 4 22 1 5 7 1 20 27 24 8 12 6 18 1 11 22 23 8 11 18 25 17 20 25 8 6 20 1 8 23 17 37 1 7 1 1 17 15 9 13 15 22 20 6 9 12 1 3 19 11 19 6 7 11 21 17 11 13 26 9 9 29 13 2 7 2 13 7 1 21 15 1 13 2 1 16 12 8 17 1 9 12 10 15 12 2 1 12 18 8 16 9 19 9 20 4 14 14 14 10 1 7 9 14 11 1 14 4 12 1 17 12 17 18 1 22 25 1 12 13 13 1 5 3 23 23 15 9 5 18 19 4 12

1190 3897 8394 7987 13013 9620 1641 6155 12927 8938 2659 7418 4829 3024 9035 9034 8954 1019 7494 4411 9489 6122 9814 13710 6911 5590 4086 4641 4809 8129 8873 9569 9426 4814 8128 4694 14147 5325 6581 9021 1172 6227 8830 5670 6200 1869 12013 10141 834 4239 1170 13046 12395 3737 3900 10266 615 5736 5450 3732 7835 8153 9842 9516 1233 8260 9261 9579 9520 12080 5582 4495 3559 8632 3188 5385 8667 7883 4160 7656 13957 3730 3298 12976 9738 4399 8333 9674 5260 5271 4483 10421 5907 129 9065 6348 13014 9917 10022 9268 4759 5463 5289 5685 7723 6665 6597 7734 5903 9820 10306 5105 5823 5982 4867 8708 10103 9178 7663 7007 3951 5985 9865 8974 2671 4707 5710 4156 3811 8407 6323 6716 8589 13867 10373 5176 5177 3221 6428 8464 6461 4607 9018 7077 3596 7673 1436 7468 5205 5801
1401 4413 10087 9070 14593 11969 1947 7537 15979 10140 3296 8629 5770 3600 11172 11186 10694 1209 8614 5480 11612 7239 10970 15666 8462 6716 4687 5598 5482 9492 10507 11038 11512 5712 9317 5489 16191 6400 7520 11088 1391 6961 10992 6729 7144 2223 13248 11662 952 5252 1335 15075 13789 4160 4328 11860 711 6589 6776 4564 9376 9991 11642 11864 1359 9908 11464 10555 10596 13798 6180 5034 4365 10631 3853 6526 10483 9313 4907 8697 15748 4527 3965 14580 12088 5078 9328 11065 6220 6141 5558 12498 7345 155 10010 7515 14663 12159 12408 11355 5440 6613 6534 6997 9233 7887 7858 8857 7373 11299 12213 6100 6750 7224 5420 9918 11256 10772 8917 8753 4806 7129 11895 10866 3159 5627 6667 4712 4505 9586 7790 8095 10643 15325 12903 5812 6426 3790 7725 9852 7720 5574 10731 7999 4336 9277 1789 8347 5801 7244
1661 5323 11567 10418 16004 13846 2167 8638 17905 11190 3895 9807 6918 4196 12274 12950 11681 1324 9995 6121 13903 8067 12418 18954 9970 7992 5329 6456 6353 11505 12000 12825 13114 6624 10922 6178 19393 7674 8296 13055 1630 7994 12385 7424 8573 2559 14962 14142 1113 6201 1539 16529 16833 4617 4725 13108 844 7343 7516 5080 10419 11106 12841 14086 1502 10891 13063 12338 11620 15877 7231 5732 4814 11610 4275 7523 11652 10789 5847 9635 18069 5061 4465 17173 13507 5684 10404 13242 7107 6738 6314 14652 8726 178 11530 8267 17145 13160 13651 12886 6222 7752 7293 8296 10213 8787 8955 10173 8506 13647 14682 7284 7770 7874 6308 11069 12632 12759 9863 9839 5614 8183 13002 12663 3720 6508 7726 5482 5142 11269 8722 8916 12315 18462 14543 6466 7709 4477 9077 11275 9092 6399 12554 8745 5056 10413 2088 9256 6652 8029
1805 5953 13211 12018 18707 15334 2454 9769 20448 12085 4356 11571 7627 4847 13330 14568 12710 1483 11403 6842 16023 9049 13551 22305 11671 9360 6178 6940 7491 13041 13765 14669 15022 7391 12114 7254 22199 8296 8954 14265 1838 9260 14312 8284 9457 2874 16565 15788 1277 6830 1827 18288 18707 5143 5525 15512 987 8361 8311 5614 12105 12958 15001 15589 1643 11783 15041 14526 13550 17366 7940 6230 5604 13446 4676 8256 12647 12233 6514 10404 20439 5598 4897 19652 15081 6141 11675 14310 8157 7742 7174 15880 9379 205 13397 9432 19477 14250 15533 13883 7085 8309 8309 9158 11490 9483 10574 11078 9812 15166 16553 7964 9163 8883 7246 12964 14961 13728 11073 11237 6221 9221 14669 14065 4267 7178 8589 6442 5682 12922 9864 9758 13962 21614 15989 7472 8527 4930 9811 12975 10550 7439 14560 10111 5571 11355 2429 10081 7341 9008
2088 6570 14981 13813 21618 17025 2796 11221 23616 13898 4774 13288 8786 5220 15167 16570 14325 1673 12792 7776 17502 10428 15776 24223 12741 10095 6749 7443 8299 13923 15416 17006 17353 8354 14022 8139 25126 8973 10031 16147 2018 10484 16398 9463 10993 3225 17805 17494 1391 7850 2052 21396 21114 5852 6134 17704 1062 9723 9073 5988 13301 14196 17399 16802 1806 13759 16788 16298 15034 19174 9320 6838 6326 14538 5114 9176 14179 13470 6959 11965 21875 6073 5704 21780 17127 6700 13167 16231 9444 8308 7632 17934 10606 227 15448 10339 21161 16363 16600 14865 7880 9491 9318 10479 12592 10257 11725 12991 10694 16652 17768 8760 10268 10092 8265 14517 16544 15320 12465 12919 7189 10237 17058 15766 4711 7771 9589 7130 6494 14448 10966 11055 14927 23847 18520 8722 9369 5287 10517 14093 11809 8546 15588 10979 6232 12287 2658 11617 8307 10042
2267 7120 16262 15328 24321 18722 3172 12287 25333 15048 5296 14981 9366 5702 16416 17474 15741 1881 13608 8250 19601 11290 17490 26537 14222 10895 7649 8378 9238 15525 17350 19217 18918 9080 15851 8855 27786 9509 11237 17963 2262 11151 17890 10301 12282 3459 19493 19608 1530 8373 2240 24593 22785 6460 6588 19998 1171 10483 10244 6500 14887 15774 19324 17899 2037 14666 18357 17263 16662 21070 10308 7886 6942 16252 5583 9992 15677 14577 7497 13709 24801 6542 6145 24571 19291 7589 14116 18531 10710 9154 8093 19749 11863 241 17621 11498 23598 17459 18527 17158 9046 10064 10526 11121 13965 10966 13124 13776 11644 18959 19358 9375 11376 11341 9100 15718 18030 16433 13489 13845 7974 10838 18127 17694 5279 8376 10587 7770 7013 16381 12501 12321 15973 26456 20294 9974 10002 5870 11773 15292 12533 9308 16961 12027 7112 13817 2963 12511 9029 11416
2514 7561 17924 16784 25816 20646 3458 12987 28276 16026 5773 16041 10202 6440 18526 18480 17247 2103 14674 9077 21261 12101 19511 29675 15171 11939 8653 9038 9864 17400 18990 20840 20389 9878 17685 9458 29842 10298 12367 19416 2390 12181 19168 10936 13260 3664 21020 22104 1721 8971 2409 26559 24488 7216 7537 21594 1300 11098 11215 6995 15807 16842 21570 19558 2249 16212 20178 19046 18803 23699 10974 8528 7529 17628 6267 10658 17724 16336 8310 14819 27015 7104 6686 26923 20931 8075 15546 19733 11489 10133 8831 21656 13211 266 19858 12544 25556 19684 20511 19246 10071 11169 11667 12237 15200 11676 13842 15264 12689 20877 21017 10365 12118 12012 10290 17879 19814 18290 14630 15167 8623 11667 20267 19882 5892 9460 11293 8231 7587 18019 13771 13294 16896 28744 21799 10748 11074 6470 13305 16385 13342 10067 18547 13625 7996 15569 3259 14248 9970 12266
2798 8511 19229 17841 28717 22188 3785 13780 30363 17710 6294 17190 10973 6822 20547 20141 18778 2316 16034 9767 22328 13375 21956 31813 16386 12590 9366 9632 10930 18585 20822 23053 21897 10932 19595 10560 31902 10852 13261 21563 2665 12808 20102 11656 13991 4118 23833 23945 1822 9397 2602 28992 26500 7619 7977 23807 1431 12022 12101 7381 17412 17976 23533 21875 2432 18093 21881 20419 19950 25717 11923 9580 7889 19561 6899 11753 19083 17632 8882 15836 30107 7999 7024 28588 23283 8703 16581 21992 12190 11261 9780 23621 14089 292 22068 13849 27787 20885 22537 20897 10652 12062 12904 13514 17072 12896 14751 16656 13689 22214 23115 11209 13567 12926 11290 19722 21016 20482 16390 15920 9509 12376 21594 21917 6270 9931 11995 8949 8032 19608 14675 14285 18784 30772 23599 11579 11895 6868 14567 17820 14357 11071 19768 14756 8499 16598 3612 15956 10510 12956
2917 9153 20844 19777 30539 24130 4015 14911 33443 19750 6665 18300 11775 7503 22253 21130 19931 2548 17124 10335 24387 14811 23931 34853 17091 13656 10297 10266 11412 20288 22604 24306 23337 12011 21021 11110 34798 12162 14552 23343 2949 13626 21776 12301 14976 4513 25277 25554 1967 9823 2834 30950 28013 8290 8704 26036 1516 13352 13271 7800 19090 19293 24669 24211 2712 19719 24074 22069 21707 28532 13039 10051 8580 21049 7668 12420 20556 18798 9704 16853 33461 8555 7523 30943 24784 9383 17706 23786 13332 11975 10691 26100 14778 320 24012 15033 30396 22225 24891 22786 11535 13221 13766 14787 18954 13568 16035 18173 14830 23304 24682 12363 14633 14391 12449 21400 22456 22281 17253 16872 10419 13357 23537 23030 6803 11057 13215 9884 8664 21357 16074 15380 20718 33438 25441 12838 13045 7275 15348 19196 15785 11982 21821 16237 8979 17739 3790 17287 11364 13925

606 3055 5130 5861 11298 5750 1089 5269 9677 7841 1734 5940 2962 2351 6137 5650 6688 800 6744 2298 6734 4733 6499 7931 3720 4491 2078 4052 4026 5662 5146 6882 6878 3800 4668 2705 10266 3875 5860 6746 803 3612 5692 4708 3839 1077 9655 6973 648 2575 959 6975 7853 2635 2826 7569 540 5021 3383 2792 4922 7338 6144 5824 891 5027 5811 6612 7914 8715 2837 3005 2688 6225 2522 3762 7097 4461 2145 6090 12364 2317 2782 9566 8259 3825 5958 5049 4137 4202 3223 8648 5205 77 7331 4949 9149 5255 5199 5323 2706 4035 4663 4052 4286 4891 4162 4050 3739 5588 7516 2707 5122 4535 3476 6787 8195 8153 4287 4140 2012 5024 6831 7917 2200 3555 4055 2551 2923 7460 5040 5971 5438 7583 5471 3471 4105 2287 5766 4780 3911 2904 7080 4578 2643 5260 783 6469 4008 4896
