150 9 1
71 216 106 72 131 1 57 137 98 58 118 243 247 42 312 106 120 205 204 159 48 14 182 47 204 53 1 1 116 39 120 261 218 246 98 1 165 72 86 219 85 39 143 117 134 20 69 40 237 20 1 70 48 151 88 1 136 1 110 54 19 133 104 98 215 65 117 64 1 1 63 61 37 189 79 73 1 42 1 1 144 1 45 1 1 92 44 124 310 89 201 1 204 118 94 162 213 140 148 139 44 135 1 125 102 89 146 97 113 244 18 50 133 189 49 1 129 135 156 172 21 1 105 123 135 117 175 22 346 1 197 98 50 62 141 95 193 56 29 56 53 13 163 1 80 190 26 52 63 148

17 20 23 13 43 25 13 43 1 33 50 18 33 8 19 8 3 23 23 1 41 24 28 16 11 9 17 27 33 20 35 31 13 5 22 53 32 6 35 7 21 18 2 32 11 20 27 47 9 10 20 25 35 42 42 1 27 55 1 29 34 10 4 22 25 4 18 16 1 17 8 29 27 1 6 15 9 12 32 33 44 44 23 24 23 22 19 1 7 26 13 32 18 29 27 1 16 9 21 31 49 1 26 32 13 1 63 28 25 38 25 41 26 24 28 18 37 31 25 17 11 1 25 1 21 19 34 22 27 17 25 18 1 15 16 11 10 20 30 18 15 42 25 29 27 11 24 22 1 6
39 21 35 36 55 36 17 59 15 40 51 24 45 19 20 29 14 30 32 4 65 43 40 19 15 14 18 46 52 33 37 39 15 19 36 67 36 21 47 15 37 37 5 53 22 32 37 49 14 17 37 44 38 49 54 12 40 64 12 45 46 13 23 28 29 16 24 24 6 18 14 41 46 19 19 16 30 28 40 42 54 50 29 40 40 43 25 2 14 31 20 64 30 32 41 16 41 15 40 37 61 13 41 48 16 4 73 29 29 41 29 45 40 31 33 33 38 50 41 32 21 14 30 20 23 22 38 31 28 23 36 26 22 16 24 19 24 36 37 27 28 64 42 52 48 21 30 24 19 10
46 33 63 53 61 50 28 60 20 44 58 34 52 38 31 36 24 32 43 15 93 56 45 24 25 20 35 52 70 38 45 50 26 22 47 80 37 29 54 35 40 41 7 62 26 33 44 62 15 21 56 52 42 52 56 28 49 65 18 62 62 20 30 34 33 34 25 32 18 27 26 42 53 25 25 18 34 37 50 56 74 58 47 41 48 50 41 18 32 53 41 67 48 40 54 22 60 28 44 49 67 20 43 56 25 28 76 41 39 45 31 47 64 33 40 52 48 65 58 37 32 16 38 26 40 23 45 39 47 32 37 44 42 22 26 36 32 42 55 33 40 76 50 55 50 46 31 38 31 16
58 48 64 57 72 61 48 78 30 55 67 50 65 44 35 43 53 49 50 35 112 74 72 41 39 29 50 57 93 53 47 60 45 40 70 81 42 38 76 51 46 48 20 63 27 41 62 67 27 26 68 57 66 67 66 41 61 69 22 75 78 35 40 46 46 55 36 38 35 28 30 55 56 26 32 23 38 42 62 81 89 66 61 50 67 63 42 19 34 72 43 74 57 44 55 31 74 42 68 63 95 29 54 58 29 55 88 63 47 61 53 51 65 49 57 71 64 68 68 38 47 29 43 27 56 41 69 45 68 56 38 48 47 28 32 39 61 53 58 37 69 85 60 63 52 74 41 51 32 20
73 56 76 58 83 83 58 84 40 65 71 54 76 48 46 49 59 70 58 41 116 89 73 60 49 42 57 81 102 56 52 73 54 67 74 90 46 45 89 68 49 66 32 80 41 49 78 73 29 50 81 69 80 82 86 53 62 91 23 83 86 36 57 52 52 60 61 46 42 47 35 66 60 38 40 35 58 51 76 84 107 72 74 52 68 68 53 21 36 93 48 90 59 59 66 33 84 52 72 76 111 32 61 69 41 67 93 75 57 85 62 58 74 65 72 85 69 88 71 59 51 41 49 42 81 78 75 53 79 67 40 59 63 47 37 48 77 68 65 49 76 88 63 67 54 86 62 66 42 35
95 64 97 87 95 84 60 107 41 78 80 64 77 57 54 59 67 85 69 53 120 97 79 63 59 54 65 106 117 63 57 75 78 83 81 106 64 46 98 81 64 71 33 81 42 56 79 77 39 65 89 74 86 103 98 54 69 116 29 94 97 43 70 61 70 66 82 59 46 58 39 80 63 49 55 51 71 60 77 99 126 89 98 71 85 78 64 39 50 104 54 104 60 67 67 46 92 73 90 79 114 42 67 76 54 68 98 79 72 86 73 75 75 78 78 89 82 91 82 70 67 50 54 50 93 90 86 63 92 79 44 72 66 62 52 68 86 94 73 58 81 98 74 68 55 91 65 74 48 49
97 77 98 102 100 103 86 120 49 86 91 91 80 68 65 79 91 94 81 61 137 109 82 75 65 55 79 115 141 76 71 89 107 102 91 117 73 53 108 82 79 89 43 88 49 59 99 80 41 68 109 84 92 113 103 63 77 119 35 106 101 55 73 65 73 67 96 62 60 79 61 81 69 70 57 52 80 61 93 113 131 98 104 95 86 89 74 46 64 120 69 122 74 69 74 59 103 74 101 87 122 49 87 78 72 79 106 88 74 100 79 86 76 83 85 96 96 99 94 85 81 72 71 61 102 106 97 78 103 103 55 81 73 68 57 84 103 95 75 75 84 99 83 83 73 100 67 91 57 65
99 94 108 103 112 107 100 129 51 87 94 114 82 88 84 84 98 99 96 81 140 120 94 80 74 58 96 123 167 78 77 94 108 113 92 122 93 59 121 86 88 107 45 102 58 73 108 96 45 86 110 96 102 115 117 83 95 122 66 108 104 61 80 70 74 85 107 78 72 95 75 107 84 75 75 65 99 71 101 126 138 101 116 107 95 102 77 49 68 132 84 132 96 87 93 60 109 89 111 102 128 53 102 79 80 80 110 110 92 120 84 103 87 84 101 97 105 112 101 104 82 87 72 62 111 110 111 79 114 105 62 93 84 83 75 106 111 104 84 82 87 105 98 90 91 105 82 101 63 71
111 95 117 105 128 115 106 140 61 92 105 125 87 99 92 106 120 100 109 104 151 133 95 87 83 73 104 126 176 81 100 97 110 116 96 128 103 64 135 108 111 113 56 103 63 95 114 110 56 98 130 103 121 127 121 95 103 134 70 114 118 72 81 79 89 91 117 103 83 102 76 131 100 80 88 72 110 80 116 137 151 118 124 117 100 114 78 61 78 139 99 140 107 101 97 78 129 113 113 113 130 62 115 95 88 92 144 120 98 136 90 117 102 103 116 98 112 117 104 113 106 89 89 80 120 113 118 85 140 123 72 94 104 91 81 116 120 121 87 89 100 112 112 100 92 124 92 103 88 72

7 9 1 5 12 6 16 23 10 19 19 9 16 26 1 14 18 23 10 3 5 7 3 1 28 17 14 2 21 17 16 12 6 9 1 7 10 21 24 14 7 21 8 13 5 12 1 23 1 13 2 14 3 19 7 16 2 10 17 1 12 10 6 18 8 5 11 1 13 3 12 9 22 18 9 9 20 1 5 5 5 1 5 15 9 4 3 1 12 1 4 8 14 5 31 21 1 6 10 4 21 3 23 1 5 23 1 5 1 25 21 1 1 11 10 17 12 9 12 1 15 13 2 1 5 10 23 1 11 9 10 8 19 1 1 10 1 15 15 12 17 1 8 7 13 18 11 4 20 10

5814 10146 5106 9275 4117 6124 4188 7886 13140 6916 9709 1635 10258 4929 9802 5646 4325 4487 6359 4043 10378 10814 8090 6210 7937 2129 8677 8498 9863 8735 9253 8863 10443 3907 10041 4670 13531 7169 5074 2082 9392 9726 9872 10320 10128 4501 11301 4335 11197 10173 10452 8179 10251 12859 8514 8140 9832 12347 8394 12890 8608 6038 7636 8155 5289 8938 6710 10444 8007 3170 4050 7848 4154 8764 5606 4090 3204 5195 6599 4232 3078 7684 6088 12483 10468 2102 7440 5855 10003 11320 3609 11296 5573 8187 4051 11321 14028 2820 4622 3871 6788 6228 4985 5729 9396 7373 9457 3261 8674 10407 9035 10229 11286 9224 5884 6100 8023 4616 5062 7750 3892 8319 4492 12955 9349 4698 8187 11925 6462 5592 8213 9255 5322 11443 8345 8805 9577 6436 3983 5885 8722 11636 5438 6224 10042 14249 6920 9885 8985 7176
6966 11824 5648 10654 4693 7633 5146 9495 15830 7823 11298 1879 11595 5860 10838 6961 4932 5088 7933 4684 12231 12343 9072 7079 9152 2554 9693 9732 12045 10375 11539 10672 12245 4352 12355 5705 15461 8375 5765 2303 11333 10930 11296 11739 11174 5104 13130 4915 12779 12322 11522 9087 12523 15975 9845 9793 12198 14239 10160 14467 9884 7179 8904 9822 6123 10254 7501 11823 9845 3792 4918 9383 5139 10340 6826 4579 3724 6227 7909 4707 3620 9015 6970 15378 11952 2539 9256 7275 12455 13875 4408 14012 6365 9757 4610 13492 16964 3328 5382 4748 7598 6886 5488 6827 10831 8207 11731 3806 10244 12937 10975 11857 13547 10498 6645 7511 9985 5417 6105 9461 4813 10248 5412 15796 10568 5257 9539 13411 7858 6902 9192 11271 6334 12918 9202 10396 11698 7497 4792 7003 10345 13094 6216 7479 11161 16202 7909 11814 10449 8809
8277 13726 6791 12213 5107 9122 5806 10615 18783 9420 13218 2110 13739 6616 12640 8055 5477 6147 8680 5418 14494 13793 10165 8465 10989 2899 11691 11468 13615 12357 13573 12536 14313 4767 13774 6385 18082 10149 6795 2809 12682 12516 13287 12817 13436 5999 15837 5969 15466 13635 13003 10325 13913 18414 10769 10796 14499 15547 11717 17233 11690 8393 10280 11824 7373 12292 8510 13145 11059 4131 5927 10237 5706 11561 8013 5147 4084 7114 8716 5341 4368 10150 8284 17437 13518 2784 10458 8320 13755 16296 4916 16112 7353 10952 5380 15551 20248 3682 6004 5258 8799 7799 6429 7583 11785 8993 12990 4486 11581 15231 12046 13471 15211 12579 8040 8707 11878 6470 7300 11034 5738 11907 6385 17841 11781 6177 10802 14855 8730 7733 10669 12335 7659 15712 10795 12274 14037 8347 5655 7896 11914 14414 7394 8689 13191 18977 8930 13825 11878 10006
9149 16144 7950 13497 5914 10294 6259 11506 21996 10113 15636 2307 16031 7513 15053 9251 6109 7007 9960 6249 16437 16237 11211 9420 12580 3144 13365 13437 15494 13417 15529 13571 15784 5609 15934 7076 19449 11737 7766 3073 14417 14835 15326 14471 15837 6593 18258 6898 17478 15848 14525 12313 15989 19964 11848 12751 15853 16973 13249 19340 12775 9032 11191 13517 7917 13676 9473 15335 12644 4736 6773 11175 6547 12469 8861 5848 4723 7742 9753 6061 4984 11880 9461 19794 15613 3084 12178 9128 15742 18349 5711 17452 8467 12327 6004 16755 22474 4270 6845 5998 10489 9077 7299 8825 14083 10472 15021 5006 13115 17653 13203 15604 17117 14475 9492 9584 13478 7000 8119 12888 6320 13886 7504 20488 13152 6785 11838 16935 9665 9094 11491 14270 8569 17699 12598 13552 15755 9233 6120 9365 13919 16506 8588 9512 14837 21887 10179 15310 13743 11171
9962 18534 8836 15450 6670 11309 6749 13229 24390 11341 17535 2712 18185 8404 16167 10293 6977 7780 11202 7198 17758 17666 12666 10674 13635 3573 14320 14767 17293 14963 16796 15349 17071 6099 16992 7626 21715 13384 8725 3383 16672 16840 17716 15949 18196 7445 20129 7616 19385 17047 16712 13807 17854 21323 13697 14577 18114 19666 14351 20988 13777 10278 12997 14986 8556 15236 10350 17745 14315 5514 7212 12213 7195 13675 9975 6283 5431 8339 10608 6691 5431 12761 10213 21078 17319 3511 13970 10494 16959 20686 6218 19416 9837 14342 6663 19300 25697 4931 7465 6742 11659 10042 8499 9785 15504 11336 16309 5811 14597 19137 15440 17016 19632 16628 10314 10672 15170 7682 8680 14218 6903 14920 8216 22510 15292 7453 13318 19722 10490 10262 12447 16420 9234 19497 13633 15237 17019 10494 6710 10454 15762 17762 9546 10966 17273 24624 11371 17044 15287 12707
11398 20132 9386 17308 7155 11970 7743 14784 25759 12214 19385 3072 20471 9245 18238 11150 7618 8629 11926 7902 18822 19848 14366 11831 15110 4025 15892 16471 19307 16288 18569 17509 19285 6637 18726 8513 24003 14905 9286 3892 18189 18666 19238 17782 20535 8239 22241 8492 21640 18295 17796 15478 20187 22969 15279 16141 19625 22459 15745 22459 15926 10884 14655 16547 9119 16957 11381 19735 15974 6217 7826 13619 7951 15863 10703 6871 5868 9098 11577 7706 5892 13971 11451 22766 19039 3917 15414 11901 19011 22603 6735 21828 10442 16033 7468 20441 29146 5465 8317 7263 13342 10706 9469 11105 17125 12122 17784 6571 15963 20290 16753 19562 21767 17595 11469 12140 16713 8692 9534 15961 7505 16257 9332 25096 16518 8370 14739 22550 12104 10928 13930 18373 10022 22267 15455 17082 18505 11836 7292 11353 17846 19743 10575 11708 19720 26902 12609 18998 17243 13632
12693 21273 10151 19323 8015 12901 8337 16584 27543 13737 21050 3244 22376 9970 19306 12127 8212 9079 13126 8532 21126 21638 15758 12619 15961 4292 17081 17420 21202 18310 20008 19587 20487 7389 20484 9628 25578 15875 10535 4231 20028 20007 21397 19688 22563 9296 23418 9061 22962 20195 19357 16666 21509 24469 16278 17918 21328 24330 16809 25353 17347 11854 15908 17832 10244 18594 12290 20783 17124 6817 8558 15542 8582 17403 12062 7776 6460 10137 12318 8383 6332 15491 12882 25865 21287 4174 16800 13173 21457 24604 7417 23158 11289 17536 8361 21979 32443 5957 9412 8039 14507 12062 10002 12223 19452 13952 19053 6905 17511 22845 18397 21412 23539 18814 12513 12958 17742 9776 10497 17474 8267 17775 10212 27203 18438 9028 16264 24241 13184 11604 15072 19357 10923 24299 17099 18198 19796 12677 8271 12774 19125 20908 11800 12957 21282 30258 13509 20575 18540 15319
13358 22453 11023 20286 8478 14264 8911 17408 29305 14797 22913 3551 24490 11025 21718 13102 9188 10079 14201 9215 22244 24261 17748 13585 17566 4615 18615 19070 22676 20272 21395 21600 22716 7971 21729 10347 28212 16894 11070 4499 22247 21779 23181 22021 24025 9880 25889 9704 25189 22453 21714 17559 22767 26248 17859 19690 22969 26666 18835 27884 18435 13185 17287 19260 10973 20687 13331 22852 18597 7606 8980 16568 9273 19573 12840 8584 6826 10968 13797 9042 7040 16733 14001 27734 23629 4562 18057 14082 23111 25765 7958 25048 12462 18759 8920 23786 35592 6304 10137 8569 15655 13562 11081 13160 20757 15126 20702 7715 18948 24644 19936 23516 25313 19842 13868 13835 19246 10277 11539 19035 8874 19234 10870 28557 20158 9498 17600 27145 14626 12996 16915 20577 11482 26668 18518 19314 20901 14045 9150 14198 21283 22466 12825 14239 22712 32576 14670 22608 20603 16063
14125 24725 12101 22585 9398 15499 9678 19199 32531 15607 24023 3753 26312 11956 24091 14289 10078 10798 14892 9916 24521 26740 19704 14833 19344 4880 19585 20063 24563 21945 22829 23381 25066 8934 24042 11028 29882 18615 12269 4749 23753 23961 24863 23147 25796 10490 27542 10377 26840 24455 23899 19166 25053 28035 19724 21149 24529 28829 20345 29497 20415 14011 18750 21155 11714 21675 14412 25313 19648 8244 9811 17910 9973 21036 13534 9334 7332 11809 14921 9475 7497 18515 14917 29766 25701 4876 18887 15096 24658 27634 8612 27188 13749 20039 9558 25191 37435 6937 10708 9138 17233 14306 12182 14246 22912 16350 22608 8117 20645 26653 21917 25558 27122 22139 14861 14714 20495 11200 12744 20402 9310 21126 11722 31721 22322 10424 18631 28469 16091 14267 18426 22263 12252 28958 20566 20635 21922 15415 9682 15344 23053 25061 13422 15667 24251 35006 15848 24536 22435 17802

3585 5367 4587 5361 2683 3865 2616 5992 9026 3704 8377 1387 6218 3831 8338 3855 2472 2863 4284 2824 6498 7695 6400 4979 5311 1187 4688 5397 8708 6284 6784 5726 6890 2365 5310 4184 12088 6389 2766 1080 7511 5626 7697 5886 8255 3841 5905 2601 5812 5177 5746 6342 5548 11468 7108 6726 6329 11061 6161 10635 6258 3392 3852 6370 3267 5337 3646 9224 6539 1787 2835 4613 2943 6675 4511 2595 2189 3380 5078 3208 2459 4310 4050 10220 8942 1623 5346 4993 8430 7031 2085 6503 3193 4494 3499 5707 8216 2385 4135 3053 4597 5601 3697 4128 6787 4268 6066 2706 5723 8384 7868 6275 8928 5532 5079 4702 6849 3862 3325 6293 3337 7481 3331 9325 6465 3687 6995 8962 5195 3815 6489 5759 3121 9388 6251 4768 7154 3330 2469 4452 7414 10058 4808 5152 8305 12048 5831 6376 5190 6110
