150 9 1
160 3 50 156 130 152 125 57 240 124 76 1 145 28 48 82 153 281 84 100 331 81 193 98 235 50 172 148 162 309 126 6 72 95 127 9 1 109 1 112 334 79 50 59 78 233 85 145 82 85 126 18 67 121 5 49 1 107 78 39 286 14 191 1 39 128 135 1 272 81 63 172 76 1 132 1 218 167 120 200 98 100 138 115 1 105 102 1 60 31 27 90 39 108 1 131 38 196 1 66 12 1 112 185 124 79 66 87 107 64 215 25 1 47 95 200 99 1 81 43 189 154 161 37 36 82 157 96 47 168 118 155 195 13 46 122 6 134 1 226 3 92 173 61 111 65 40 192 68 1

3 62 22 37 42 33 30 23 16 1 30 6 1 26 34 39 41 8 39 1 32 39 53 34 22 47 16 8 45 22 4 47 13 15 4 31 19 21 1 19 1 48 1 23 33 42 21 58 29 29 44 25 14 43 30 22 14 10 17 25 34 24 1 17 4 6 25 13 1 13 13 18 3 14 42 16 56 24 18 16 1 1 20 22 43 18 12 48 42 30 47 6 30 5 7 30 43 19 23 1 2 25 1 4 8 12 13 1 19 12 21 13 7 17 1 17 6 34 22 22 3 43 38 29 50 33 13 31 11 6 30 8 17 23 2 16 38 22 14 39 1 1 5 3 18 34 20 1 34 13
10 68 33 44 51 40 36 37 38 16 31 29 23 35 47 58 48 17 40 10 44 40 69 40 30 52 31 26 60 24 12 63 27 36 22 43 42 37 2 25 18 55 32 39 42 43 30 60 49 47 59 42 29 51 48 34 34 13 24 45 35 30 14 22 15 14 40 33 4 14 18 22 23 37 56 19 61 27 24 22 5 23 34 28 47 20 15 54 50 37 58 17 43 10 12 43 50 38 29 2 4 38 15 14 19 32 25 2 31 26 26 31 15 23 11 21 12 45 30 48 9 59 41 46 51 35 33 38 12 30 35 9 31 38 27 18 50 56 18 47 5 6 13 13 23 46 27 22 43 22
13 85 36 53 63 41 49 49 49 17 37 42 25 36 48 60 49 29 54 19 52 54 91 53 42 66 44 36 61 36 16 75 38 37 31 46 43 38 17 26 46 62 42 51 55 53 32 75 59 53 70 49 30 62 66 51 43 23 43 46 53 41 19 27 17 34 66 51 19 20 26 32 32 46 60 37 84 41 36 27 12 44 47 31 62 21 18 55 51 46 69 30 46 21 16 49 52 44 39 4 34 39 22 26 42 54 35 6 47 28 41 36 24 24 12 34 26 67 38 68 11 60 63 73 70 43 49 46 32 41 36 15 44 53 43 39 63 71 22 56 9 19 24 25 54 60 32 27 52 49
20 102 41 65 70 67 64 50 56 39 52 45 38 38 62 77 53 36 60 25 56 60 111 65 55 84 52 37 69 38 19 102 55 43 33 48 59 47 30 36 47 68 56 58 61 54 41 95 78 59 77 66 33 80 85 58 48 29 51 52 74 66 26 29 33 40 78 52 27 30 45 50 37 64 71 53 89 42 65 34 14 52 48 38 75 29 26 68 62 59 81 43 55 22 33 51 60 48 45 22 39 52 28 46 43 60 38 16 60 47 48 49 32 43 26 47 34 86 40 81 15 67 70 87 91 49 50 52 49 48 46 16 52 57 61 50 76 85 29 70 17 40 28 37 55 80 45 28 62 57
32 121 49 68 71 94 93 60 82 67 68 52 39 57 64 87 66 52 64 26 61 68 116 86 70 112 54 46 89 47 38 120 73 62 51 52 74 57 45 40 63 71 69 65 76 72 60 97 80 60 84 70 45 87 86 63 58 36 59 55 89 67 27 31 46 53 93 54 38 50 60 54 42 75 80 72 104 48 66 48 39 56 63 41 82 41 27 73 71 77 86 59 64 24 54 78 73 55 51 38 49 59 36 56 53 70 42 22 68 58 55 60 58 54 47 55 35 98 53 91 16 69 105 105 92 50 55 53 53 53 58 26 70 68 62 53 92 98 44 72 32 43 38 49 56 86 59 39 71 61
55 126 69 77 79 101 95 61 98 86 96 60 55 74 71 105 70 58 77 40 71 70 128 87 90 127 58 65 90 61 55 134 86 71 64 56 88 74 62 56 74 83 85 69 83 81 81 100 83 69 90 83 61 107 88 65 63 38 63 69 90 68 42 36 67 64 102 68 47 63 78 58 57 84 81 85 120 49 67 50 51 78 64 60 86 46 41 89 72 81 103 68 73 35 69 85 82 56 59 43 72 66 46 71 72 80 67 35 82 67 62 65 62 72 58 70 46 121 54 107 29 77 123 126 103 51 69 64 56 68 76 35 92 85 73 57 109 108 53 95 53 58 59 57 59 92 60 43 73 74
71 146 105 85 83 115 108 65 99 89 102 61 72 82 92 118 83 69 93 44 82 71 136 88 94 129 75 86 97 62 74 152 104 93 67 65 108 100 69 75 93 87 102 75 100 91 85 103 90 90 104 85 73 111 89 86 83 57 73 71 96 72 46 50 77 93 117 87 48 69 86 65 70 85 88 96 146 66 85 63 64 83 79 61 100 63 45 98 73 92 123 86 96 51 84 93 83 57 70 61 80 69 64 79 76 96 78 40 94 68 64 77 63 87 79 79 53 131 61 120 40 84 128 145 124 68 84 74 60 81 91 45 100 109 80 69 124 109 71 107 64 63 67 74 63 114 66 55 82 85
90 156 120 90 84 129 119 69 110 90 122 64 86 88 108 119 87 79 103 62 94 81 137 97 112 143 93 111 105 72 89 154 106 107 85 66 113 107 70 100 112 91 120 87 106 92 91 109 95 99 123 94 75 117 102 110 89 58 87 77 97 88 52 65 79 94 123 106 56 70 93 72 71 89 93 103 153 72 87 79 77 102 100 68 120 69 69 121 93 102 129 114 111 55 95 96 91 76 74 65 86 78 67 83 90 120 88 60 100 84 65 91 74 94 80 85 69 135 81 146 41 102 135 152 126 95 89 76 69 82 104 49 105 120 93 71 136 123 73 116 87 65 68 95 80 121 83 72 90 101
105 163 131 101 94 145 129 90 134 113 126 76 103 106 122 134 88 92 117 67 103 94 138 100 119 152 104 123 120 77 106 158 113 122 93 75 126 108 77 103 127 113 139 102 128 97 107 126 112 109 139 113 90 133 109 115 99 66 100 94 108 91 60 79 96 102 142 124 69 87 116 84 76 105 102 105 157 76 88 88 90 113 101 71 131 78 79 127 114 111 131 125 116 63 104 111 121 82 75 74 100 85 68 90 109 128 106 70 101 85 66 111 80 112 99 93 82 145 92 153 57 106 138 159 145 109 90 78 70 94 116 50 121 138 103 78 140 128 87 117 88 73 88 106 88 126 93 77 97 110

15 3 11 12 7 4 12 4 1 9 16 1 3 4 19 16 6 14 9 1 19 12 18 11 1 15 1 1 3 10 8 25 10 8 1 3 3 10 1 8 5 16 16 6 22 18 9 1 16 13 5 9 20 15 7 5 20 23 1 13 14 18 13 12 1 1 12 18 25 19 19 16 22 1 10 20 3 6 15 13 12 20 9 8 11 1 2 15 26 12 9 14 10 4 7 16 18 1 2 6 22 4 5 6 19 9 9 17 16 6 6 22 1 11 25 3 17 17 14 10 21 19 2 8 2 4 2 1 6 8 14 10 9 22 1 6 12 9 1 10 13 15 2 14 22 1 8 21 15 11

7921 12520 6023 4593 7957 11272 7098 4687 12241 9605 8913 5325 6524 6111 9093 6831 9490 14001 8885 9409 9598 8010 7627 5077 6523 2485 8965 7425 9887 6388 9917 7620 9050 4971 5025 13191 8844 7442 7849 9246 7723 5455 8270 9902 9174 4023 4924 3443 6586 8840 10307 6210 5942 2173 5419 4026 6114 4385 7009 4193 5065 6273 10050 2243 2145 8641 7825 14022 9626 6456 8363 7874 10198 1204 5616 4887 6506 9259 4039 13469 8509 7880 902 10365 8909 3885 5472 4396 12988 6069 9825 13212 10244 809 6598 6487 12080 12526 4341 4690 8679 7856 5039 5758 9757 3056 3531 7624 6575 6969 7941 1727 2644 6759 4300 7990 3717 9386 4304 2368 4079 10242 1370 8504 6454 10152 8323 9769 6912 9968 9223 7776 8219 9889 5062 4025 5150 10018 6087 9955 667 4545 5887 9006 4148 4465 6386 4352 5195 5574
9852 14700 6903 5431 8800 13611 8198 5269 14098 11918 10177 6077 7634 6954 10687 8177 11313 15502 10542 10814 11652 8843 9391 6288 7846 2825 10112 9042 11853 7352 12238 8577 10520 5913 5913 15726 9829 8369 8956 10848 9278 6375 9400 11153 10614 4677 5533 4107 7923 9865 12175 7597 6853 2497 6410 4567 7248 5374 8206 4672 5922 6955 11326 2544 2586 9859 9402 16436 10943 7717 9316 9334 12719 1442 6481 5937 7372 10862 4675 14920 9962 9479 1033 11649 10348 4425 6434 5380 14306 6967 11362 15748 11472 901 8091 7404 13634 15228 4972 5215 9718 9443 5989 6460 11617 3519 4179 8807 7822 8581 9432 2057 2928 8090 4840 9067 4269 11621 5324 2855 4936 12164 1634 9894 7745 11349 9590 11722 7668 12257 10709 9312 10025 11412 6307 4897 6008 12489 7289 11746 776 5133 6691 10635 4747 5279 7753 5041 6119 6492
11799 15970 8271 6371 10394 16163 8934 5960 16174 13866 12150 6648 8970 7867 12056 9558 12754 17470 12057 12839 13962 10360 10510 7404 8674 3077 11959 10323 13050 8774 14555 9878 12480 6491 6484 18769 11775 9728 10075 12401 10569 6954 10450 13292 11913 5117 6544 4534 9007 11429 14311 8384 8151 2720 7229 5172 7944 6129 9304 5510 7124 7989 13114 3073 2946 11384 10350 19451 12512 9009 10527 10638 14922 1565 7797 6567 8292 12048 5143 16472 11175 11072 1225 13492 11522 5096 7707 6335 16008 8185 12907 18230 13432 984 9588 8311 15046 17886 5732 5779 11387 10406 7230 7438 13675 4153 4908 10524 9273 9592 10257 2394 3429 9516 5669 10050 4648 13863 6205 3245 5863 13261 1915 11708 8791 13598 11489 12841 8955 13857 11870 10374 11816 13772 7103 5787 7020 13903 8670 13580 892 5889 7706 11555 5490 6026 8576 6108 7269 7147
12784 18537 9454 6995 12261 18511 10276 6758 18394 14848 14164 7835 10220 9192 14176 11001 13848 20603 13947 14578 16031 11807 11386 8108 9976 3541 13437 12156 14660 9860 16943 11397 14020 7609 7604 20471 12727 11150 11670 14379 12104 7809 11379 14900 13313 5556 7497 4916 10012 13026 16033 9148 9406 3200 8350 5670 8782 7099 10872 6076 7795 9250 14823 3373 3452 12363 11697 20923 14037 10473 11389 11762 16906 1772 9012 7513 9464 13056 6108 18649 12731 12784 1443 14673 13039 5849 8860 6798 19026 9138 14067 20801 14642 1079 10969 9274 16843 20833 6701 6940 13039 11422 7751 8874 14717 4715 5264 11996 10578 10502 11955 2807 4064 10571 6624 11888 5543 15503 6953 3782 6622 14833 2074 13359 10055 15973 13433 14450 9985 15480 13439 12036 12698 16103 7797 6634 8128 15948 9311 16028 998 6853 8424 12703 6165 6649 9271 6913 7926 7889
14288 21494 10787 8015 13507 21039 11159 7497 20817 16820 16063 8572 11136 10300 15274 12190 14978 23980 15363 15706 18020 13362 12290 9274 11576 4031 14563 13777 16584 10617 18353 13004 15917 8832 8446 22735 14720 12719 12822 16547 13749 8855 12960 16246 14542 6155 8008 5592 10904 14333 17721 9870 10836 3430 8920 6159 9855 8123 11889 6499 8735 10248 17172 3675 3981 13639 13079 23881 16371 11691 12502 13401 18170 2022 10166 8044 10127 14632 6640 21621 13869 14616 1648 16294 13955 6476 9782 7635 20623 10110 16281 23549 16203 1175 12143 10110 18716 23136 7270 7788 14841 13125 8742 9513 16342 5408 5622 13655 11873 12180 13423 2989 4593 11389 7227 13389 6466 17645 7514 4332 7636 17380 2311 15366 11209 17104 14906 15832 10909 16725 14695 13635 14179 17488 8532 7093 8943 17144 10124 18064 1078 7491 9848 13990 6742 7148 9980 7827 8771 8957
15291 22908 12017 8558 15252 22815 12065 8005 22719 18229 17659 9216 11846 10942 16272 13226 16269 27212 17154 17544 20349 14568 13562 10400 13172 4412 16644 15596 18091 11411 20626 14806 17224 9740 9426 25095 16221 14569 14616 18389 14875 9661 14661 17242 15547 6900 8720 5943 11807 16123 19400 10803 11850 3819 9560 6744 10843 8715 13501 7477 9250 11763 18794 3924 4306 14564 14765 27362 18758 12533 13401 14290 19630 2200 11539 9259 10983 15594 7338 24705 15384 15542 1863 17593 15866 7269 10418 8235 22007 10894 18719 25712 18446 1266 13330 11101 20343 24423 7732 8742 16727 14331 9482 10436 17751 6170 6176 14930 12562 13449 14686 3224 5072 12238 7738 14702 7083 19915 8166 4772 8602 18516 2572 17176 12425 18374 16408 17344 12521 17939 15849 15113 16145 19696 9565 7642 9805 18767 10776 20152 1233 8188 10836 14973 7464 7840 11107 8856 9389 10160
16383 25801 13329 9627 16320 25383 12989 9016 24183 19461 19580 9945 13028 11847 17602 14572 18636 30598 19018 18799 21698 16191 14757 10961 14234 4876 18116 16881 19462 12817 22735 15747 19093 10587 10073 27107 17967 15650 15795 20160 15745 10641 15568 18633 17717 7383 9820 6590 12474 17077 21092 12215 12762 4260 10296 7596 12285 9183 14315 8382 10026 12824 20396 4286 4811 16232 15590 30698 20374 14125 15024 15313 21170 2442 12608 10284 11646 16908 7887 26884 17079 16975 2001 19221 16910 8013 10979 8697 24173 12129 21108 27113 20739 1357 14071 12460 22148 27399 8404 9347 18234 16147 10628 11281 19958 6881 6979 16670 13958 14180 16334 3640 5664 13917 8655 16385 7534 22075 8870 5198 9110 20687 2753 19290 14037 19749 18108 18719 13212 19568 17512 16205 17000 21506 10374 8443 10509 20945 11808 21438 1356 8959 11729 16740 8033 8740 12054 9496 10320 11441
18316 27753 14007 10502 17899 27796 14205 9544 26658 20738 21140 10578 14512 13067 19720 15435 19872 32197 21193 20822 23363 17498 15880 12191 15080 5341 19016 18058 20578 14164 23886 16983 20128 11135 10881 30362 19561 16889 16846 22172 17576 11592 17037 20301 19398 8279 10765 6971 14077 18026 22604 13490 13675 4670 11346 8014 13711 10211 15748 9051 11243 13754 22508 4588 5156 17188 16388 33330 22548 15205 15860 16669 22722 2728 13537 11019 13270 19112 8342 29634 18729 18855 2163 21370 18104 8712 12212 9271 25791 12979 23062 29888 23024 1501 15003 13373 24521 30431 8967 10071 20008 17740 11607 12659 21793 7420 7696 17679 14874 14890 17611 4021 6295 15482 9413 17604 7965 23743 9366 5501 10099 22072 3078 21142 15464 20921 19655 20294 14102 20587 18711 17345 18758 22579 11102 9416 11699 22379 12764 23683 1520 9425 12948 18636 8518 9769 13228 10238 11439 12347
19402 30703 15103 11569 18697 29353 15939 10308 29632 23031 23025 11491 15515 14556 21400 16649 20906 34821 22328 21927 24862 19265 17601 13256 15967 5849 20676 18971 22162 15218 25450 18255 21836 11699 12121 32987 20661 17996 17651 23685 18921 12908 18536 21707 21355 8942 11409 7495 15007 20156 24479 14280 14527 5120 12425 8449 14595 11039 17202 9991 11867 14766 23865 5004 5372 19064 18098 36044 23819 16461 17553 18512 24757 2857 14509 11532 14596 20511 8762 32993 20031 20718 2270 22611 19671 9449 12814 9978 28226 14214 24266 32501 25073 1696 16056 14834 26425 31810 9558 10733 21948 19217 12142 13434 24090 8160 8197 19234 16083 16357 18661 4413 6601 16859 10403 19584 8375 25784 9841 6043 10698 23402 3373 22377 16508 22873 21532 21792 15670 22856 20218 19143 19890 24589 12293 9969 12720 24509 14161 24896 1644 9942 13881 20741 9400 10793 14227 11068 12126 13353

4156 11067 4389 3109 6983 8530 6102 3973 7492 7576 4525 3081 3998 5305 6995 6134 8428 7289 5637 6098 7294 4016 4647 2824 4800 1684 5906 5128 7348 5337 7486 6685 7015 3799 2799 9283 7836 4568 4733 8243 4638 3158 6545 7282 5810 3037 2630 2013 5589 7532 8132 5306 4448 1166 4412 2267 3784 3494 5755 3561 3869 4585 8251 1488 1445 7247 6132 11911 5421 3857 5267 4037 7555 1068 3876 2923 5576 8223 3421 8295 7539 5756 768 8586 5891 2004 4786 3598 10095 4189 8116 9298 5778 493 5013 3864 6714 6610 3731 3839 6276 5945 3391 3796 5821 2722 3025 5003 5643 4255 4123 1206 1608 5795 3786 4088 2106 6139 2570 1707 2167 7148 784 4884 4007 7885 6329 6297 5801 6689 8087 4579 6558 5240 3468 3470 2721 6493 4241 6156 520 4016 5000 7494 3579 3286 4535 3781 3891 4630
