150 9 1
115 1 83 218 54 105 160 1 21 32 104 20 11 134 142 158 1 31 82 152 114 106 186 160 75 167 1 161 193 109 153 32 140 90 1 1 126 46 83 151 7 90 220 17 226 7 72 30 17 127 73 83 10 55 205 1 303 111 143 93 1 57 143 5 76 12 1 68 177 1 239 118 148 214 67 19 25 62 89 1 52 148 191 275 49 21 215 197 1 151 85 243 1 139 109 130 74 50 241 57 141 246 94 59 63 156 79 112 1 25 108 64 120 66 284 155 126 6 181 105 197 322 114 107 113 302 87 1 171 103 57 29 145 171 40 149 263 201 89 250 72 62 318 299 27 249 87 184 233 24

37 22 37 4 32 1 31 27 22 1 23 22 8 29 18 26 19 1 6 16 21 34 40 35 1 16 13 38 16 47 34 1 7 12 8 36 45 26 22 35 26 28 33 1 40 5 2 45 1 16 23 26 36 12 34 39 22 15 28 21 31 25 15 63 5 44 1 25 45 1 28 1 16 21 63 1 1 10 36 3 62 14 1 34 5 35 5 15 17 1 9 37 33 1 22 1 17 1 1 24 40 1 28 1 13 36 1 14 13 1 11 15 27 25 5 10 23 18 31 39 51 15 49 15 30 24 23 29 14 7 16 1 8 29 12 1 18 12 19 2 7 11 15 25 16 26 18 41 11 38
38 35 59 11 42 12 37 32 25 23 31 37 21 30 19 47 22 21 13 22 22 48 48 40 4 38 14 54 33 60 56 20 22 23 29 57 52 41 30 36 33 42 43 11 45 14 12 46 8 17 41 46 49 26 40 58 30 33 29 29 41 39 18 79 17 48 14 28 65 8 34 26 20 26 64 14 28 36 43 11 80 27 6 48 19 49 14 32 21 16 13 54 58 2 33 19 28 2 14 34 46 13 30 14 32 39 2 27 15 21 23 29 42 38 7 23 33 21 41 42 58 23 57 30 31 25 45 42 37 40 34 24 20 34 16 7 32 16 22 6 8 27 20 29 30 38 36 42 36 42
56 38 74 20 49 31 57 53 38 36 40 54 30 31 27 49 32 39 16 40 29 64 61 41 13 55 27 55 35 83 67 28 34 41 57 84 55 54 44 48 42 47 44 18 65 24 27 47 21 27 45 60 60 31 58 65 47 34 38 34 69 41 32 91 27 61 15 37 73 12 40 36 43 27 70 15 29 54 53 25 109 35 27 65 47 53 17 39 27 17 22 59 62 22 40 22 43 12 30 35 57 23 48 25 42 50 18 39 32 35 34 32 53 41 12 35 41 30 58 48 76 30 71 46 39 31 65 62 51 43 43 45 23 42 35 8 40 25 24 25 13 29 38 33 34 41 59 60 48 49
57 44 85 28 52 48 60 54 50 45 45 61 52 59 39 70 33 50 32 56 44 66 72 46 28 81 34 62 46 91 70 38 49 64 59 99 59 58 46 52 52 59 47 30 83 33 42 51 32 29 57 70 64 43 60 74 65 39 39 43 91 47 35 114 28 81 35 43 83 13 44 46 51 43 87 20 33 55 64 41 122 41 28 73 63 54 29 47 52 32 30 75 70 27 49 37 44 28 31 56 62 41 70 37 43 59 39 53 48 41 38 42 72 43 22 38 54 31 61 61 94 35 75 60 41 32 66 73 59 50 66 67 24 56 51 14 54 38 28 30 29 44 43 42 43 45 70 79 83 60
62 56 86 29 63 49 66 60 58 67 57 79 55 63 44 80 36 64 36 80 49 67 73 49 36 90 45 70 54 96 76 47 50 65 62 120 65 66 52 53 59 73 56 50 95 36 59 69 43 37 59 72 68 44 74 78 76 56 51 49 94 48 37 127 35 98 44 64 100 21 60 60 57 47 92 42 34 65 72 42 136 51 32 76 80 55 47 52 77 34 39 86 71 38 52 42 45 35 37 64 81 62 85 47 45 63 57 69 72 57 42 53 88 48 23 42 63 36 62 64 101 52 88 78 52 45 70 101 74 51 77 74 33 69 53 20 67 41 36 47 40 57 61 52 51 58 78 96 99 61
87 65 108 31 76 69 69 70 81 86 58 82 56 65 71 96 47 68 55 93 57 77 85 60 48 92 48 80 73 111 79 52 68 80 63 123 67 83 65 60 81 78 66 68 102 50 64 70 61 47 70 84 84 46 93 79 91 63 57 50 97 59 49 133 49 103 57 65 105 30 71 80 68 58 99 48 36 67 91 61 141 61 51 86 83 71 63 55 85 39 49 96 79 60 72 56 57 36 49 75 86 74 101 51 54 81 60 72 82 58 57 61 107 53 33 43 71 37 68 72 125 82 95 86 75 55 74 122 91 52 98 78 40 79 58 23 70 54 46 58 44 63 81 63 55 70 91 100 100 66
107 83 112 32 77 78 80 102 96 96 59 92 64 80 78 108 56 79 66 107 72 89 98 68 49 104 68 81 77 133 84 58 70 91 80 137 83 84 78 78 82 79 83 77 106 65 68 75 67 58 85 89 92 61 100 103 101 64 58 52 115 78 53 136 60 118 66 67 121 34 78 89 88 64 100 66 56 72 99 88 154 81 64 102 90 72 76 66 88 51 51 116 82 66 83 65 59 38 58 82 109 76 115 57 60 89 61 79 85 80 70 79 110 64 43 58 75 38 70 87 130 83 108 94 92 68 78 125 92 60 109 79 54 83 77 41 79 73 60 66 61 76 99 69 62 89 105 113 124 72
109 101 129 37 83 85 95 111 115 103 61 93 75 91 82 123 70 85 89 110 74 94 100 69 59 116 79 86 78 149 96 77 76 95 88 139 105 96 102 81 96 99 110 82 115 66 85 86 82 63 102 105 98 80 107 120 111 74 59 73 128 80 73 147 75 124 84 68 134 42 89 106 105 74 110 84 66 86 110 99 163 82 71 105 108 73 90 87 92 54 61 126 89 67 96 78 66 54 67 87 119 88 118 76 85 92 69 85 93 102 84 95 113 75 61 70 87 55 78 100 140 97 121 108 104 82 87 126 105 69 120 82 67 91 89 46 88 83 62 75 75 94 106 75 80 114 114 126 152 93
128 121 138 48 94 96 110 115 116 117 62 96 94 103 84 125 84 93 108 123 89 100 113 72 71 142 98 102 82 158 119 85 84 119 107 148 115 104 113 97 110 117 115 92 116 72 103 89 96 69 109 133 116 93 112 142 127 84 71 91 135 83 74 155 85 127 95 84 136 49 90 116 110 84 111 102 89 103 137 107 165 106 74 107 122 78 101 102 110 63 86 142 96 80 102 79 70 67 90 100 133 89 120 77 105 104 78 86 104 115 96 102 120 87 70 76 91 73 81 111 167 110 127 125 116 90 88 141 119 78 128 88 68 93 103 51 96 84 67 76 81 95 118 81 82 121 118 128 163 107

1 1 1 12 11 12 1 8 24 13 3 20 6 4 7 25 18 19 14 7 13 14 5 15 12 4 19 10 11 13 1 19 5 6 4 5 17 6 2 11 3 7 4 13 10 10 12 5 7 9 3 5 6 17 3 6 3 2 22 18 11 14 9 10 16 10 12 7 9 11 1 16 1 1 5 8 24 8 6 9 14 8 4 11 7 1 5 13 11 7 1 11 10 17 4 34 20 8 19 8 2 16 16 18 12 20 12 4 10 1 1 12 11 9 17 12 4 1 1 18 5 4 1 23 7 3 22 13 1 30 10 21 3 1 18 14 3 9 7 1 4 18 1 7 26 1 14 1 1 5

4691 4585 5273 11213 9569 8111 8343 8304 8168 8525 10905 4211 9255 11079 4052 8153 8736 6051 748 15013 7052 10850 5294 6849 10743 4051 8637 5709 5115 9405 921 6664 9084 10593 9050 4269 4981 8153 10708 7270 6427 8153 8870 5968 4381 8927 11277 4544 5762 5039 6399 10285 5505 11045 6451 7217 7486 11101 2455 7615 6502 1440 2465 4309 10970 6922 4870 1100 5476 4507 8061 11286 4662 2105 9937 6755 8189 8153 9713 7099 6265 6316 9959 10048 2465 6076 12562 10360 9424 10092 10397 10905 9331 6633 10655 6387 4427 4410 8865 10849 3927 9580 4129 9510 6934 11325 1249 15293 7219 8453 2857 4300 5797 9932 6720 9031 4310 5872 5193 6647 6484 8358 5338 4362 6164 5847 5792 4687 6059 1541 9290 6062 5639 11359 2964 5516 6819 6472 233 5331 5480 6427 4861 10004 7162 4168 6875 4442 15140 6090
5238 5055 6242 12875 10709 9933 9744 9622 9607 10046 12132 5174 10879 13600 4787 10014 9686 7261 839 18106 7758 12666 6354 8175 12017 5023 10014 6469 6123 10643 1030 8214 10056 12448 10778 5112 5999 9130 11924 8845 7293 10100 10046 7257 5025 10688 13804 4999 6521 5996 7305 12566 6867 13444 7240 8831 8838 13423 2727 8600 7639 1610 2772 4879 12618 7935 5466 1293 6679 5237 9460 12755 5733 2333 10981 7864 9894 9956 11269 8716 7516 7255 11401 11102 2932 7411 15074 11951 10663 11355 12079 12276 10376 8110 12004 7440 5037 5388 10718 12477 4709 11454 4995 11337 8239 13301 1393 18334 8519 10490 3569 5246 6420 11948 7885 11102 5146 7077 5763 7884 7872 9401 5940 5166 7194 6448 6388 5761 7199 1738 11609 7443 7005 12937 3266 6365 7835 7575 274 6611 6030 7192 5817 11262 7964 4614 7667 5112 16965 7524
5846 5594 7028 15543 12045 11447 10586 10594 10909 11459 14423 5841 12170 16143 5375 12034 11694 8752 925 19608 8845 13826 7646 9129 13989 5567 10929 7397 6796 11681 1234 8931 11703 13565 12932 5815 6738 10627 13046 9842 8391 11032 11923 8030 6044 12653 15943 5602 7481 6862 8553 14677 8018 15561 8375 10616 10504 14700 2992 9938 9024 1911 3234 5463 14525 9052 6215 1525 7826 5931 10833 15242 6861 2619 12899 8744 10767 11038 13198 10201 8449 8255 13677 13494 3532 8061 17450 14115 12102 13426 14197 13803 12027 9062 13440 8569 5624 5964 12452 14540 5663 12995 5986 13252 9558 15885 1633 20211 9925 12354 4015 5845 7256 13108 8848 12814 6034 8134 6442 9286 9352 10387 6509 6014 8204 7368 7605 6553 8509 1954 12988 8776 7833 15046 3967 7556 9280 9108 312 7364 7140 8639 6535 13304 9723 5518 8665 5601 19569 8199
6697 6512 8130 17498 14384 12848 11944 12595 12152 12691 16830 6264 13316 17357 6148 13009 12645 9673 1055 21693 9589 15581 8495 10224 16422 6093 12519 8720 7358 13587 1378 9975 13155 14735 14424 6746 7583 11575 14435 11272 9061 12627 13567 9205 6486 14867 18336 6199 8583 7688 9456 17101 9277 16831 9348 12122 12279 16229 3354 11840 10041 2114 3580 6141 15629 9820 7149 1793 8737 6837 12558 17993 7469 2838 13979 10184 12564 11954 14305 11931 9653 9391 15618 15399 3863 9113 19780 16006 13998 15348 16439 16386 13390 9918 15930 9808 6334 6838 13582 15652 6099 14019 6749 15607 10973 17990 1782 23524 10975 13831 4432 6785 8244 14475 10430 14992 6561 9262 7218 10477 10347 12079 7193 6964 9343 8158 8301 7186 9621 2292 14442 9608 9081 17073 4319 8426 10511 10158 352 8039 8008 10166 7719 14745 11126 6055 9571 6200 22230 9234
7772 7372 9117 20213 16254 13864 13572 13820 14043 13566 18039 6741 15096 18636 7025 13922 13906 10639 1185 24211 10789 17426 9722 11635 18914 6889 14320 9564 8353 15259 1605 11060 15389 15951 16218 7281 8689 13066 16408 12893 10129 13766 14670 9882 7326 15789 20540 6891 9388 8939 10504 18514 10579 19078 10950 13005 14128 17504 3622 12636 10985 2406 3955 6823 17323 11379 7854 1948 9575 7536 13802 19829 8464 3065 16252 11027 13986 12903 16652 12692 11175 10598 17882 17508 4447 10008 21068 17531 15355 17163 18113 19077 15713 11217 17852 11309 7107 7366 14966 16912 6824 15796 7427 17839 12604 20718 1945 27218 12123 15826 5143 7489 9103 16681 11410 16287 7058 10458 8481 11786 11661 13699 8282 7829 10255 9016 8946 8170 11006 2604 16652 10407 10288 19367 4690 9632 11450 11099 397 8979 8569 11041 8700 16017 11920 6901 10554 6702 25308 9996
8255 7842 9804 21456 18642 15552 15311 14690 15683 15589 19973 7495 16303 20183 7843 14991 15552 11704 1304 26989 11815 19493 10873 12702 20152 7505 15298 10704 9074 17604 1801 11765 16324 18382 18315 8089 9811 13972 18373 13872 11634 15150 16869 11246 7987 17874 22731 7395 10572 9949 11289 20781 11503 20963 12378 14187 15180 20068 3900 14084 11957 2626 4315 7380 19362 12588 8944 2143 10684 8550 14720 21690 8996 3343 17632 12508 15828 13959 19073 14029 11935 11976 20057 18876 4748 11278 23935 19468 16329 19302 20230 21211 17365 12404 19557 12562 8090 8375 16450 19177 7436 17570 8061 20065 13520 22118 2134 30698 12953 17622 5511 8472 10098 18349 12600 17576 7968 11060 9766 13257 12890 14557 9338 8516 11085 9752 9676 8816 11723 2871 18049 11807 11058 21759 5355 10612 12814 11870 442 9612 9550 12285 9778 18032 13604 7741 11260 7235 28509 10669
8822 8948 10805 23305 20317 17169 17364 15773 17278 17047 21743 8416 18532 22669 8537 15935 17687 13197 1443 30138 12963 21679 11549 13707 22411 8433 16817 11378 10092 19411 2010 12959 17244 19676 20162 8807 10484 15422 21037 15064 12623 16589 18486 12240 9010 19676 24160 8068 11458 11016 12060 22844 12237 22171 13316 15924 16410 22822 4320 15790 13117 2913 4661 8283 22023 13595 9540 2387 11663 9199 16235 24479 9977 3692 20019 13596 17770 15306 21264 14803 13455 12747 21754 21006 5024 11898 26246 21094 18655 21531 21750 22417 19507 13576 21147 13663 8892 9243 17365 20794 8278 18899 8895 21220 15004 23335 2422 32900 14147 19281 5813 9516 11125 19353 14154 19785 8679 12321 10628 14725 13824 16397 10075 9441 12097 10573 10741 9904 12464 3174 19028 12573 11755 23195 5801 11500 14074 12815 495 10246 10378 13796 10889 19196 15391 8311 12776 8247 31214 11499
9833 10072 11881 25081 22560 18914 18595 17251 18283 18482 23177 8947 19641 25002 9388 16823 19523 13875 1576 33254 14531 24274 12218 15215 23788 9123 18751 12363 11009 20353 2117 13724 18454 20998 22070 9628 11029 16359 23254 16040 13931 18451 19609 13400 9449 21863 26085 8830 12267 12252 12718 24851 13612 24706 14030 16732 17750 25155 4740 16575 13971 3087 5104 8862 24745 14618 10113 2593 12584 9865 17408 26841 11080 4033 22232 14914 18717 16624 22561 16406 14796 13763 24150 22506 5412 12706 27786 22575 19720 22857 22835 24297 20635 14376 23626 14732 9430 10022 18479 21918 8994 20912 9658 23301 15740 24582 2657 34443 15009 21231 6102 10160 11771 21736 15547 21569 9336 13471 11689 16367 14658 17421 10936 10292 13189 11331 11661 10467 13431 3514 20563 13362 12940 25817 6278 12346 15169 13715 518 10779 11272 14466 11636 20774 16315 8998 14011 8821 34430 12563
10760 10881 13134 27089 24360 20366 20585 18409 19521 19687 25819 9702 21203 27427 9875 18548 21603 14786 1708 35923 16122 26905 13014 16607 25764 9698 20599 12979 11636 21512 2336 15328 19490 22087 23118 10096 11680 17919 25299 17319 15101 20365 21181 14137 9974 23120 27274 9749 13144 13065 14008 26847 14501 25923 14702 18033 19106 26516 5076 17391 14624 3432 5687 9646 27205 15536 10694 2729 13178 10527 19000 29088 12237 4251 23921 16477 20130 17755 23623 17847 16281 14733 26452 24077 5788 14092 30185 25067 21997 24471 24126 25825 22766 15059 25677 16318 10064 10982 20622 24606 9694 22193 10325 24986 16614 26919 2784 36359 16441 22302 6749 11177 12521 23791 16630 22729 10206 14424 12839 17460 15610 18649 12015 11321 13820 12689 13071 11244 14521 3750 22490 14746 14247 27902 6844 12942 16740 14942 553 11708 12060 16015 12481 23023 17336 9695 15098 9392 37331 13328

3448 2982 3623 8100 7989 4970 4275 6344 5836 6149 6792 3720 6539 6288 3431 5828 5134 3622 407 11140 4957 8901 4380 3526 9311 2464 6350 4636 3635 5946 762 5577 7230 9472 6671 2295 4022 5306 7227 6184 3635 5469 6356 5123 3618 6924 7281 2855 4561 3128 4680 7250 3492 5809 4522 6056 6673 9410 1443 6591 5168 1190 2010 2953 7521 5095 3335 705 2948 3698 5652 7942 3096 1424 6512 5692 6744 6670 5313 6081 4141 4296 5572 5462 1264 4347 6855 8411 6536 9039 9339 6074 6641 4531 9121 4060 3042 3106 6194 9217 2649 7132 3134 6550 4621 8693 798 10874 6312 5419 1677 3664 3389 7857 3481 7939 3715 3400 4233 5829 5230 4913 3937 2519 4980 3883 3543 3831 3916 1197 5572 4383 4824 7821 2099 3649 5894 4253 138 4581 2807 3552 3495 5060 5860 2135 5383 3259 13108 4132
