50 3 2
28 95 73 1 71 96 198 4 37 93 237 76 107 142 1 39 1 127 34 79 135 64 91 146 209 17 142 10 224 106 21 92 82 1 75 1 28 31 49 116 149 63 49 23 49 235 159 145 50 84

35 17 1 15 6 34 38 66 25 35 14 1 14 18 20 38 11 1 43 30 21 11 32 11 56 2 28 22 15 15 22 21 26 14 5 60 19 56 11 5 22 33 8 29 1 16 1 34 29 1
55 35 18 21 21 41 47 79 37 46 15 3 31 32 24 54 28 3 49 32 27 27 46 19 61 6 38 42 41 18 43 26 27 32 24 73 25 75 13 16 30 47 19 43 2 20 5 42 39 16
69 39 19 27 24 49 66 90 56 63 26 13 45 36 42 72 32 12 54 61 41 33 72 25 62 11 49 51 47 32 44 44 40 44 25 84 47 76 15 22 37 59 31 61 11 29 14 55 65 17

28 1 9 28 3 15 1 14 1 10 1 6 7 18 1 6 1 11 15 1 5 9 9 17 15 9 15 24 17 20 4 9 5 10 13 25 1 8 7 4 12 18 23 8 4 24 7 8 18 16
29 18 23 35 18 37 2 16 13 20 3 19 9 22 2 12 10 22 34 31 23 10 22 26 36 29 30 30 22 35 12 12 6 15 31 42 10 20 8 13 13 29 27 16 6 29 14 23 29 30

2508 2112 2265 1783 1089 788 2336 3328 1729 1429 1456 1089 2134 2604 3756 2235 1263 1432 2557 2617 1579 1465 3845 2008 2117 2110 1286 1808 2702 1364 2295 297 2239 2494 1626 1122 2177 2786 637 2241 2454 2879 1423 1259 2449 1549 1433 2551 2321 2241
2804 2544 2597 2044 1359 979 2657 3717 2058 1641 1636 1235 2603 3033 4359 2749 1510 1604 3153 2892 1740 1773 4502 2402 2614 2518 1415 2035 3173 1682 2719 370 2661 3010 1945 1236 2562 3200 764 2663 2848 3531 1698 1438 2962 1745 1735 2968 2739 2476
3387 3066 3052 2374 1542 1175 2984 4332 2445 1785 1988 1458 2885 3457 5272 3167 1786 1751 3708 3246 2088 1943 5310 2698 3140 2821 1656 2299 3550 1949 3164 440 2895 3618 2182 1357 2896 3611 896 2923 3219 3844 1923 1732 3341 1906 2072 3317 3201 2910

2022 1565 1605 1421 780 462 1780 2993 1388 1148 1141 748 1583 1647 2533 1944 1052 1179 1997 2324 1159 982 3388 1144 1836 1734 833 1222 1694 1070 1698 205 1723 2031 1413 692 1842 2148 558 1931 2088 2353 827 1001 2137 1217 1238 2166 1733 1918
1410 1189 1376 1316 732 395 1202 2192 1351 762 968 665 1519 1595 2429 1887 846 937 1295 1451 842 956 2232 1078 1815 1187 657 1091 1361 708 1318 152 1199 1775 848 691 1792 2079 360 1255 1406 1466 721 756 1691 822 1096 1803 1171 1131
