50 3 2
26 170 67 102 90 57 231 197 30 152 248 162 179 141 91 102 128 1 3 53 95 76 165 1 168 25 92 85 128 153 206 95 45 142 125 165 240 215 150 132 285 217 150 64 170 143 171 74 32 228

6 26 10 33 28 1 1 1 23 22 15 34 33 1 41 29 26 37 7 16 1 1 33 26 27 38 29 8 2 23 19 33 57 26 30 38 13 50 10 18 19 22 30 16 24 32 18 38 18 29
11 33 23 43 55 6 3 6 29 40 20 35 46 7 56 35 39 53 19 21 7 3 35 33 40 56 46 19 10 24 32 37 65 30 37 48 17 56 13 36 25 23 38 34 27 39 21 48 24 30
27 50 32 55 56 12 10 13 34 60 24 46 53 8 64 60 40 70 28 26 10 23 38 38 58 79 49 23 20 44 42 38 71 41 50 54 28 71 16 46 26 46 54 49 38 51 29 75 46 41

9 8 12 16 5 11 19 1 7 16 16 13 14 8 18 4 14 9 13 10 12 11 11 16 18 11 5 1 8 3 6 6 1 9 18 20 19 18 8 13 9 14 9 15 1 7 22 25 9 2
14 23 15 23 15 15 29 6 11 20 17 45 21 15 21 7 15 26 21 13 19 22 14 37 35 20 7 6 17 16 16 25 17 16 34 25 23 38 19 18 10 20 16 24 6 19 35 54 26 27

3257 3542 3135 2604 2761 3102 403 1618 2806 3966 5763 4026 2040 2234 4357 1737 2896 3647 3661 2866 3024 1622 4041 4209 2967 2722 187 3646 1631 410 5307 3861 2205 4351 684 1655 2073 5841 1806 2041 2109 1699 3884 4334 2772 3702 209 2246 5407 5584
4038 4019 3478 3108 3063 3848 445 1957 3363 4944 6522 4803 2467 2698 5228 2047 3280 4068 4282 3245 3471 2005 5044 5104 3707 3027 206 4518 1797 484 6607 4319 2676 5281 828 1886 2534 7090 2115 2517 2625 2121 4623 4979 3448 4083 246 2556 6456 6667
4529 4592 4057 3689 3678 4436 522 2254 3987 5782 7896 5257 2781 3255 6015 2443 3630 4619 5030 3780 3775 2270 5605 5871 4261 3319 243 4974 2077 532 7368 4904 3127 5927 968 2289 2775 8217 2358 2973 3015 2443 5160 5811 3795 4517 277 2970 7643 7665

2477 3161 2329 2188 2269 2341 318 1446 2045 3234 4049 3383 1221 1919 3641 944 1767 2575 2791 1820 2124 1393 3233 3709 2346 1818 106 2845 1255 346 2870 3442 1430 3391 555 1278 1813 4989 1562 1689 1476 1257 3072 3527 2442 2678 172 1927 4487 4469
2124 2556 2276 1514 2098 1884 217 1425 1548 2126 3872 2149 1136 1302 2323 896 1598 2096 2437 1622 1743 1182 2075 2846 1720 1811 105 2056 1221 228 2670 3312 1403 2748 521 853 1555 3600 1056 1384 1357 1150 2681 2281 2232 2481 129 1164 3414 3422
