50 3 2
184 142 177 92 57 29 33 164 1 144 272 103 48 259 171 55 99 22 127 79 59 151 317 49 44 225 231 256 236 82 1 201 125 1 166 51 1 162 110 76 51 110 114 62 105 89 145 139 1 32

33 16 1 44 46 1 27 39 23 41 12 29 37 14 24 1 1 36 20 46 3 32 10 1 27 1 10 32 20 22 22 1 3 1 48 1 1 25 21 48 24 25 1 3 1 39 13 10 22 36
36 38 3 52 62 7 49 46 46 60 13 33 41 23 30 33 17 55 38 55 21 38 18 10 37 8 11 35 41 35 34 11 10 30 57 4 9 44 37 63 29 34 20 6 10 46 16 13 25 43
47 48 14 64 66 11 51 55 64 61 30 48 55 35 36 40 32 62 60 70 22 48 28 19 48 9 21 42 56 54 59 32 23 36 59 5 24 47 45 85 48 52 21 12 22 50 25 31 32 50

16 18 9 18 1 8 18 17 13 1 9 8 15 24 19 11 21 10 1 10 11 3 15 18 12 18 8 4 20 20 14 9 27 1 13 19 9 12 15 12 28 22 1 13 2 18 9 7 18 4
28 23 27 19 2 19 23 36 30 2 19 9 23 25 27 23 24 23 4 22 17 7 16 23 29 33 14 24 30 29 22 15 42 7 21 20 17 14 30 22 40 25 2 19 6 22 15 26 24 9

1497 2397 2184 3747 2407 3372 1957 2811 1660 3188 3476 3112 1358 3011 4012 3763 3737 4355 1799 3312 2739 1623 2478 1554 2699 2664 1485 5007 1418 3479 3430 1835 4132 1756 3209 622 2767 2557 2303 1444 1855 3185 1902 3061 3954 3261 2229 3700 2045 3790
1711 2656 2406 4553 2705 3896 2295 3230 1839 3745 3884 3494 1524 3472 4694 4433 4331 4902 2151 3688 3263 1900 3032 1765 3167 3166 1700 5963 1722 4277 3915 2071 4911 2105 3710 711 3048 3165 2729 1628 2123 3635 2364 3729 4490 3961 2746 4201 2553 4667
1987 3089 2899 5068 3114 4276 2533 3717 2243 4525 4454 4165 1666 3954 5098 4838 4763 5671 2547 4486 3658 2186 3541 2000 3821 3650 1930 6500 1955 4673 4479 2278 5858 2368 4054 775 3647 3775 3274 1879 2384 4069 2693 4262 4900 4534 3097 4604 2849 5245

1291 1865 1144 3250 1865 2970 1556 2178 1149 2572 3002 2119 1016 2351 3203 3284 2868 3558 1332 2596 1955 1168 1888 834 2058 2162 1323 4486 786 2762 2830 1533 2653 1358 1988 473 1702 1638 1952 1126 1222 2529 1456 2153 3475 1823 1566 3122 1365 2946
1205 1705 1110 2813 1482 2270 1322 1958 899 2189 2219 1785 855 2091 2482 2765 2545 3360 975 2263 1421 1065 1811 832 1646 1657 813 3354 765 2409 2625 1202 2453 1324 1766 372 1533 1312 1924 984 999 1997 1433 2026 3327 1756 1414 2246 1288 2635
