50 3 2
76 156 57 90 169 41 180 121 259 58 62 110 131 228 1 142 4 94 240 150 147 100 207 39 67 42 267 17 195 78 1 87 36 141 78 95 225 179 39 91 3 8 117 3 1 49 45 22 174 63

13 16 39 31 14 19 34 21 1 15 25 6 38 1 1 15 32 28 4 34 43 46 31 13 1 27 15 49 23 25 17 1 7 13 28 1 4 2 30 1 26 36 5 11 30 33 22 31 10 41
18 17 43 45 17 25 36 22 4 21 44 7 54 15 2 30 34 46 10 46 47 56 33 27 7 32 20 65 36 41 20 2 23 14 45 26 21 9 46 6 45 50 15 15 49 39 38 32 40 43
36 24 69 47 18 31 62 29 17 26 58 20 66 16 13 35 48 50 24 51 53 74 44 31 10 40 44 80 42 54 24 6 29 27 57 42 27 26 71 18 50 69 16 17 56 42 56 47 56 50

13 23 13 14 10 25 9 1 10 21 10 16 13 18 10 3 4 7 23 8 12 4 9 3 8 18 8 1 15 10 12 2 6 14 4 15 4 20 17 7 3 1 10 3 28 1 1 7 21 32
21 32 34 21 27 32 30 24 15 26 11 21 29 28 22 4 20 17 28 33 34 25 18 8 12 21 19 28 16 16 13 21 26 15 17 19 12 28 25 10 31 6 11 21 40 3 25 9 24 33

1221 4098 1964 3055 3156 3427 3279 1745 1284 2862 3488 2471 2073 1289 1298 2126 1678 1736 3398 256 871 3141 1946 2024 2765 4290 2148 2482 1551 838 2510 1846 1256 3313 1317 1261 3011 3637 3032 3364 1561 3132 1852 3970 4725 1277 2985 4122 3370 2771
1397 4790 2295 3752 3717 3810 3780 2172 1451 3184 3841 2890 2518 1519 1591 2653 1900 1972 4166 317 968 3739 2375 2412 3146 5211 2674 2734 1747 1001 2957 2189 1565 3869 1566 1557 3503 4321 3452 3998 1804 3767 2122 4892 5290 1458 3514 4861 3931 3413
1700 5337 2622 4332 4056 4467 4541 2375 1658 3887 4343 3260 3005 1708 1794 3110 2152 2235 4760 369 1183 4402 2605 2689 3780 6250 2903 3164 2045 1139 3250 2633 1743 4466 1735 1709 3854 4748 3937 4368 2172 4235 2423 5470 6235 1746 4165 5415 4476 3944

638 2685 1501 2676 2510 2791 2363 1400 783 1883 2723 1389 1643 1025 1089 1480 1328 1217 2946 146 641 2499 1249 1261 2272 2601 1346 2230 1371 506 2057 1089 811 2675 1064 733 2460 3085 2585 1973 1202 2635 1091 3132 3940 688 2198 3065 1853 2439
637 2436 1154 2292 2108 1861 1666 1312 782 1477 2129 1325 1290 725 1074 1363 1173 1117 2461 145 587 2361 1228 1091 2208 2511 1191 1763 1221 482 1660 925 704 2464 816 661 2335 2262 1921 1777 959 2540 1064 2981 3180 663 2187 2806 1790 2109
