50 3 2
49 130 73 165 159 30 34 218 99 1 7 98 54 130 161 232 116 152 92 1 106 186 1 110 66 107 183 147 192 233 232 104 175 101 143 1 127 1 124 148 94 72 108 46 53 87 51 153 221 239

1 23 4 15 9 30 19 34 5 48 7 8 4 11 1 4 20 4 1 48 27 4 19 23 1 1 16 25 19 35 38 38 30 28 48 37 10 14 1 42 16 14 30 12 30 1 32 23 1 9
4 29 9 40 21 38 30 35 6 52 13 14 15 12 3 25 44 17 3 58 48 18 23 24 15 2 35 40 34 52 42 43 42 36 59 58 24 21 3 59 20 26 37 30 46 23 54 32 7 17
7 31 10 41 22 51 32 40 19 58 41 24 28 22 14 50 45 29 6 64 60 20 43 29 16 18 51 44 42 71 64 44 52 56 64 66 26 39 16 70 25 31 44 35 69 33 73 41 8 28

11 18 15 4 6 19 23 1 9 13 1 16 21 10 3 11 6 6 4 17 1 3 11 13 11 11 16 8 18 1 1 5 10 1 17 17 15 5 21 5 11 12 24 8 25 18 9 11 4 3
12 32 27 13 14 35 32 6 28 39 17 20 35 22 11 25 15 20 9 19 14 20 23 24 21 16 18 12 26 29 19 8 27 21 18 31 33 22 33 28 18 22 28 18 37 33 17 18 11 26

3566 3519 871 2965 3425 405 2241 1704 3756 3476 3782 9 4908 543 3193 3950 1462 2485 3231 3663 2241 3321 3008 1879 2857 1147 2060 4202 1568 2873 3801 3652 3039 290 2059 1637 3268 2234 3261 2028 5053 3182 2347 3801 1797 2006 3892 4401 1683 1748
4071 4293 1027 3417 3950 470 2634 1881 4235 4100 4306 11 5930 662 3881 4349 1626 2788 3914 4455 2606 4043 3663 2249 3519 1410 2546 4821 1915 3328 4556 4334 3410 353 2517 1865 3658 2663 4023 2234 5866 3860 2753 4216 2026 2414 4838 5317 2053 2172
4826 4733 1140 3959 4533 540 3177 2248 4781 4680 4822 13 6571 790 4206 5077 1967 3080 4392 5008 2901 4433 4229 2708 4193 1626 3041 5769 2125 4002 5216 4999 3744 391 3019 2183 4123 3149 4720 2469 6597 4545 3017 4889 2459 2669 5659 6035 2286 2394

2876 2702 752 1762 2961 306 1855 1523 2438 2957 2421 7 3934 387 2391 2726 1078 1838 1975 2281 1687 2307 2591 1290 2342 901 1718 3607 1084 2073 2653 2987 2536 191 1829 1104 2853 1959 2847 1801 4170 2627 1702 2149 1367 1610 2231 3882 1259 1520
2185 2329 746 1650 2756 248 1467 1244 2398 2439 1909 6 3081 350 1665 2670 964 1798 1778 1988 1297 1992 1802 984 2287 683 1455 3121 997 1500 2257 2119 1826 166 1454 1020 1726 1743 2579 1514 3176 1638 1212 2014 986 1392 2087 2410 1040 1182
