50 3 2
137 178 124 121 107 174 85 16 1 100 106 175 166 135 133 167 148 157 46 8 191 126 3 19 1 116 170 35 162 126 22 191 133 3 124 150 43 153 90 87 1 25 111 288 166 18 120 201 58 40

11 24 18 31 1 20 37 26 22 21 5 46 16 1 12 49 28 12 23 27 36 1 34 45 45 13 17 35 15 1 1 32 16 8 34 11 4 28 29 4 14 29 45 23 3 10 43 10 28 1
36 29 24 36 2 25 38 41 28 44 17 53 28 25 14 72 34 28 26 28 55 4 40 48 47 20 29 42 37 3 5 47 30 9 49 24 19 32 35 18 32 45 55 35 23 11 62 30 41 11
43 49 31 48 7 33 51 43 32 53 20 75 41 37 18 86 46 37 37 34 56 14 60 60 60 37 47 48 45 20 17 60 40 15 56 44 31 47 38 28 49 48 79 46 30 13 73 45 58 17

9 8 1 7 10 6 17 12 17 11 30 1 10 2 15 15 17 3 1 7 25 1 16 16 27 21 1 10 6 8 14 1 22 10 11 1 7 17 21 26 15 17 7 11 9 1 16 7 19 15
17 24 2 31 22 26 18 24 34 26 50 5 32 15 26 29 38 6 16 22 45 8 25 29 30 46 4 11 28 27 21 9 55 17 16 18 9 29 26 31 24 37 15 17 20 5 17 15 29 16

1618 2899 3276 2961 1602 3269 4131 320 1890 3081 2322 3053 1192 3544 2528 3227 2853 1231 627 3447 4331 2110 2108 1435 3770 2785 2875 3212 2199 3534 2753 1849 3456 329 2226 3454 2077 3108 453 283 3316 3115 1462 2830 2266 1938 4067 3153 2128 160
1813 3397 3841 3611 1846 3829 5139 377 2191 3720 2739 3470 1412 4165 3108 3923 3559 1503 728 3917 4958 2583 2467 1667 4175 3258 3391 3949 2728 4294 3370 2052 4272 385 2774 4137 2395 3499 524 336 3848 3706 1652 3362 2557 2209 4748 3496 2474 197
1992 3734 4416 4085 2181 4618 5769 427 2640 4272 3076 4211 1702 4770 3666 4393 4016 1741 813 4309 5457 3014 2729 1978 5022 3786 4098 4319 3045 4725 3942 2475 4904 466 3061 4758 2694 4060 585 384 4345 4415 1972 3771 2911 2665 5632 3992 2714 216

1341 2362 2876 2104 1426 2912 2995 271 1293 2021 2064 2177 943 3111 1571 2878 2537 855 528 3097 3825 1819 1654 870 3296 2354 2096 2701 1827 1857 2297 1289 2912 220 1394 2707 1167 2192 390 216 2861 2527 1151 2504 1857 1740 3650 2810 1657 141
932 2136 2774 1953 1238 1758 2201 227 991 1952 1461 1742 788 2823 1496 2682 1437 630 511 2880 3797 1730 1137 725 2421 2143 1482 2612 1133 1803 1408 1050 2675 180 1273 2603 1045 1584 243 178 2760 2229 956 1602 1209 1673 3545 2452 1503 131
