100 2 2
16 36 87 7 80 63 43 45 7 88 26 81 97 89 81 78 27 42 59 52 13 6 40 10 51 50 78 68 26 25 59 48 15 48 57 60 48 87 27 2 43 60 8 91 65 75 49 24 70 82 98 95 16 23 26 53 98 29 60 51 82 52 27 35 60 7 10 1 51 15 34 23 70 4 3 52 28 99 71 64 9 44 58 88 57 30 18 41 34 47 31 66 28 62 98 69 60 27 65 96

68 41 31 27 87 7 48 62 8 6 16 6 58 69 13 35 17 42 35 13 72 44 5 23 19 20 10 25 34 85 27 24 7 28 30 29 11 72 1 7 28 9 19 16 59 55 34 1 45 4 66 91 40 21 7 25 61 35 58 38 45 15 3 42 73 3 18 56 5 15 51 26 16 67 26 39 73 2 49 29 48 38 11 9 3 42 32 7 15 60 2 88 6 7 18 8 75 83 54 22
99 60 67 28 99 72 80 81 100 33 61 55 83 73 38 54 39 44 98 97 93 79 100 39 21 84 44 72 39 95 28 90 99 63 58 80 90 92 40 96 42 40 84 87 97 73 64 75 79 50 71 94 81 68 77 95 80 72 94 44 76 45 47 80 76 74 39 75 47 62 54 74 71 83 89 86 81 30 94 84 58 86 100 19 66 78 64 16 97 96 97 91 33 100 52 32 87 98 70 34

33 27 97 12 27 63 21 72 57 1 44 44 73 7 13 1 27 22 47 30 69 31 73 61 48 4 28 70 64 35 91 3 39 79 73 87 42 31 7 38 40 23 35 4 57 25 76 21 13 5 27 14 74 2 1 15 7 38 34 15 21 10 26 45 8 1 17 87 20 9 6 43 53 44 15 14 6 18 41 46 55 65 53 53 50 52 65 46 58 23 64 36 41 75 52 46 48 54 73 31
92 63 98 84 57 69 98 95 81 66 92 50 93 8 64 60 64 90 76 30 81 93 99 97 56 62 55 95 67 57 93 48 63 79 84 96 98 72 8 60 67 63 81 62 59 81 91 43 90 56 52 89 77 5 11 45 100 100 85 87 73 78 56 80 58 51 54 88 23 86 50 63 81 68 22 52 95 73 61 88 81 80 74 66 83 97 80 47 99 65 92 43 70 80 53 76 68 81 93 93

132 400 117 497 242 541 322 608 639 731 1742 1256 360 212 221 891 95 200 389 1565 245 48 185 253 492 102 512 110 310 79 421 435 1384 136 74 661 61 514 449 183 77 689 1315 949 362 365 902 37 374 351 281 1158 750 76 828 571 142 348 520 293 236 81 1554 249 109 280 698 155 53 112 1547 632 87 18 252 195 347 301 265 876 493 304 391 287 106 265 136 810 107 1001 229 737 168 63 592 163 505 269 123 160
255 1280 131 1890 1293 1350 409 845 1575 1918 1787 1678 514 322 585 1228 124 399 481 1982 298 625 444 1534 797 155 566 269 319 1612 984 1609 1539 267 858 872 194 553 462 340 295 887 1626 1215 1019 491 1041 591 540 539 340 1836 1470 138 1676 987 247 459 907 1732 461 240 1851 535 740 453 749 474 757 704 1625 1653 333 504 485 344 597 654 402 1634 731 378 474 421 458 808 347 1853 482 1021 414 907 356 165 787 258 578 420 497 390

119 300 108 226 131 522 176 523 551 603 820 614 177 174 114 784 53 137 362 742 229 30 176 197 54 40 482 51 148 35 296 248 896 107 50 631 41 254 430 150 17 178 521 858 348 158 651 29 302 295 213 1023 357 54 467 562 124 180 420 288 134 44 1423 228 95 98 386 147 38 20 912 554 6 15 154 129 323 138 262 528 195 100 351 241 99 83 128 694 88 819 224 380 137 62 329 57 405 205 115 134
103 167 85 71 75 289 60 68 410 209 54 12 9 41 103 760 34 136 84 429 20 29 32 43 12 15 300 35 114 16 162 148 44 18 35 580 11 186 155 9 5 79 394 366 99 143 644 19 197 120 28 823 309 25 189 219 41 88 100 200 97 10 829 125 3 29 144 118 36 5 134 413 3 7 114 39 29 137 246 180 121 91 11 111 16 22 28 219 80 404 162 351 84 58 256 42 205 98 25 36
