100 2 2
89 64 6 92 37 71 21 15 70 61 23 35 14 26 100 79 62 74 75 96 16 13 16 92 46 68 34 96 35 21 28 7 9 46 95 81 65 88 51 48 5 41 23 97 81 84 22 57 65 66 87 29 88 90 81 53 29 63 54 44 27 12 27 54 66 4 18 88 87 3 22 89 40 98 13 70 67 75 91 81 95 39 84 78 100 65 35 93 36 37 39 90 81 30 1 75 18 30 1 90

36 73 64 15 32 19 34 26 31 81 44 42 2 34 20 62 31 20 32 14 28 36 18 66 12 44 11 27 41 20 49 18 52 2 60 13 36 82 20 11 47 20 30 3 31 28 8 5 69 27 5 30 51 81 50 55 28 3 6 70 58 62 87 24 19 75 4 63 21 3 22 38 7 36 17 2 57 18 17 26 65 82 19 11 19 40 38 50 14 3 47 24 1 10 1 44 66 81 28 61
94 75 89 37 80 67 56 83 36 91 64 94 7 79 26 94 79 88 42 74 69 98 64 91 24 86 76 54 57 39 81 89 90 79 85 47 77 98 82 76 71 33 89 48 37 36 63 74 70 56 9 53 83 87 97 83 100 67 94 79 72 100 88 29 94 94 60 85 58 48 75 85 42 96 81 65 61 52 93 54 99 97 61 14 48 79 52 65 45 27 67 81 52 75 14 63 86 92 34 96

13 83 7 58 10 59 20 24 65 79 30 50 20 40 3 19 34 30 68 77 12 41 46 13 28 56 28 39 7 19 25 48 9 70 65 11 14 62 28 12 56 5 53 38 41 46 22 2 8 12 10 69 71 36 86 55 14 18 43 56 10 33 6 15 30 34 19 94 45 58 38 22 42 6 41 69 59 41 10 85 80 67 35 41 14 11 65 12 75 27 87 75 25 17 50 68 53 33 11 33
55 99 47 60 16 82 31 85 92 99 31 93 73 87 51 35 79 86 69 95 74 49 91 98 38 68 51 53 27 63 100 83 93 100 90 38 17 91 86 15 89 37 62 65 100 56 52 27 64 51 82 99 78 47 99 84 46 81 65 60 35 45 59 73 66 97 80 98 97 77 41 46 76 97 52 87 68 77 18 96 94 71 81 82 70 25 77 23 98 68 97 89 100 89 60 96 88 97 89 68

381 382 187 1169 50 597 103 561 1185 185 1706 404 422 91 234 431 1134 205 612 369 359 187 346 155 575 326 188 432 115 169 829 428 203 63 1237 207 395 212 86 442 1109 316 790 160 376 1242 40 109 700 96 133 892 108 1025 532 301 1822 513 181 200 902 536 640 801 411 407 485 148 663 235 79 574 894 358 1507 1151 1763 242 845 205 276 737 218 258 1069 207 230 1221 414 194 897 201 90 134 88 80 299 1490 360 389
587 421 410 1744 208 767 226 982 1549 474 1778 465 857 198 469 972 1814 512 745 863 1409 468 833 288 619 500 468 448 1481 237 1298 462 583 286 1352 585 1832 254 207 483 1276 973 840 365 629 2035 617 587 959 335 1005 1372 447 1060 569 308 2005 1945 279 295 1586 1973 878 1913 495 782 1355 470 1530 303 502 824 1860 667 1937 1488 2060 263 1036 571 349 1910 1214 401 1738 565 915 1561 423 446 1682 401 325 167 190 154 409 1915 620 537

378 363 134 446 49 380 99 101 890 165 1328 354 374 50 134 208 878 145 509 74 155 151 123 48 450 325 160 187 105 35 568 360 140 9 1161 96 181 194 81 417 421 245 358 150 308 909 30 82 396 31 87 692 95 450 410 108 1340 17 124 163 246 477 382 736 107 140 369 80 392 217 61 535 682 322 849 922 426 180 717 116 263 617 26 167 622 140 118 856 283 161 100 63 78 116 43 40 239 1456 71 356
174 165 15 124 40 177 22 77 278 45 714 160 362 42 130 205 623 17 268 37 44 53 91 40 17 189 53 142 64 8 75 270 62 8 456 17 108 18 27 307 158 87 262 113 266 310 8 77 187 30 41 343 25 170 250 35 331 7 99 92 216 355 166 299 88 99 328 18 31 14 3 265 9 86 102 755 260 107 325 7 133 538 24 155 253 105 117 455 193 101 35 14 44 22 1 6 18 1244 43 204
