100 2 2
28 67 74 47 21 15 26 67 97 70 77 15 52 81 81 48 29 76 8 68 77 87 57 99 74 87 56 49 19 12 45 26 6 42 10 62 7 5 62 86 27 46 76 47 44 94 97 39 34 98 26 100 74 46 78 28 21 66 72 47 100 55 32 26 61 35 22 33 26 57 89 88 34 31 50 4 96 37 82 18 95 53 100 80 11 73 72 15 21 63 33 93 50 37 54 88 62 22 5 44

41 44 13 24 85 26 84 11 55 15 32 21 23 87 37 20 98 7 6 19 15 67 27 4 18 78 1 68 35 46 21 7 31 32 22 52 32 13 84 66 19 15 4 36 37 1 11 20 52 40 2 6 48 28 1 33 30 34 22 69 12 46 66 50 16 12 10 33 32 67 8 12 47 80 77 22 23 7 7 61 5 76 8 93 25 2 21 32 8 5 22 63 66 50 63 7 30 6 10 20
81 68 13 92 87 87 90 68 75 28 39 54 71 96 52 33 98 10 37 64 35 73 36 68 43 86 38 90 67 88 97 74 76 82 78 71 82 97 94 92 43 90 72 37 97 51 59 49 89 88 58 13 89 40 90 49 46 100 29 100 64 59 69 50 30 75 29 99 40 75 42 71 54 97 89 73 55 87 27 65 70 83 24 97 75 85 36 74 12 96 46 87 88 59 64 92 73 91 40 51

59 30 19 36 31 34 27 7 46 45 16 88 33 1 20 48 37 15 11 3 81 38 67 74 1 53 37 46 68 18 10 21 3 9 17 17 74 5 40 20 48 34 8 7 53 23 56 13 36 5 1 2 10 23 39 49 2 34 20 50 19 70 51 38 86 31 11 2 44 4 31 12 10 8 27 26 7 12 24 39 63 20 29 11 27 13 22 21 53 11 1 82 24 16 8 11 27 7 69 19
91 68 75 63 48 100 27 16 70 78 36 93 68 17 76 60 67 61 48 81 97 71 92 80 84 85 98 62 87 91 78 87 66 48 59 19 85 46 81 35 82 68 52 91 84 77 98 29 51 6 15 18 55 71 98 68 30 96 76 57 71 96 75 80 90 86 95 66 59 8 70 41 95 54 37 78 80 100 80 93 78 83 67 79 47 71 86 97 88 89 24 98 81 24 42 28 67 78 72 57

310 167 197 324 321 160 122 363 326 223 164 285 927 327 126 229 163 486 381 184 224 97 750 459 453 377 240 1123 445 24 107 174 43 185 29 783 195 58 435 284 129 447 289 261 115 368 634 221 52 154 318 400 801 158 177 213 56 189 1051 293 1994 131 185 271 193 198 118 226 540 269 180 150 1002 46 343 671 687 228 360 1043 1390 753 270 588 337 479 338 210 26 459 283 826 495 505 692 304 250 343 362 715
845 223 542 510 394 431 173 1193 345 397 198 303 1352 748 1085 2033 370 812 482 419 281 1950 1080 605 1057 402 722 1126 469 732 896 255 195 342 421 1471 261 931 2053 287 220 493 801 320 273 618 670 324 1972 310 1309 763 1912 446 503 342 198 1021 1161 548 2028 970 286 1942 513 716 527 319 810 873 215 607 1343 574 1423 1379 956 481 646 1310 1634 1046 503 698 545 518 1007 816 513 992 329 1078 510 881 1454 333 353 1363 1918 835

222 104 152 285 158 61 90 229 221 176 57 29 805 287 92 84 152 299 254 156 111 50 631 301 347 274 239 226 330 15 62 96 39 124 15 719 86 18 370 235 108 418 220 90 61 146 481 150 42 75 219 393 449 51 85 86 50 84 601 248 1618 80 184 162 142 169 112 146 520 138 157 131 883 17 277 564 659 173 329 858 863 168 206 243 275 450 273 113 11 136 282 797 487 453 634 205 62 233 336 110
60 94 58 160 6 43 21 3 41 126 56 15 172 232 73 23 10 200 125 91 14 8 303 162 78 217 48 157 265 12 47 85 3 69 12 547 6 14 52 153 91 271 77 75 4 15 283 51 12 73 181 103 291 50 2 57 1 68 544 60 1410 42 170 140 118 60 40 19 249 24 73 72 165 9 106 292 433 86 15 717 68 85 111 206 44 39 61 19 10 18 200 578 308 213 171 58 21 58 123 70
