100 2 2
89 41 14 8 31 98 79 23 16 62 95 87 69 67 81 32 68 58 8 5 97 72 83 57 65 26 77 36 91 24 50 71 37 44 65 62 37 8 24 52 2 61 58 46 18 7 5 36 36 88 85 71 21 30 2 7 11 12 98 89 44 9 18 42 80 54 45 44 59 38 94 99 12 93 93 93 78 86 98 17 36 94 78 27 10 1 46 1 94 56 98 49 63 60 93 65 56 7 51 95

8 1 60 51 7 26 88 9 89 60 24 38 63 2 31 36 6 22 62 9 7 57 17 22 41 29 24 47 19 46 30 24 64 53 85 35 45 12 15 24 36 31 26 6 38 36 58 2 22 10 14 23 34 9 61 35 36 23 53 7 52 63 19 69 74 29 14 28 81 4 25 34 1 32 50 59 42 32 17 13 29 12 19 64 5 19 14 4 16 69 60 46 12 8 33 14 40 66 65 19
74 52 82 92 98 92 96 70 96 94 59 83 92 80 53 40 84 26 99 41 22 69 37 80 99 58 70 60 69 56 89 61 80 66 93 83 78 18 23 47 51 97 43 42 67 62 94 49 85 68 82 57 70 13 67 60 41 89 74 8 88 97 56 69 99 73 44 48 99 51 65 67 50 50 100 85 49 79 65 44 90 73 90 82 61 88 63 20 90 98 100 78 37 85 91 62 75 98 92 31

52 20 3 67 22 31 26 36 31 73 10 57 5 29 37 10 23 47 82 20 53 27 2 19 35 69 43 31 8 3 13 31 5 1 50 77 97 11 42 27 9 24 24 25 6 57 28 68 18 1 42 40 4 73 57 24 76 11 48 23 32 35 15 35 41 63 9 21 35 15 45 25 27 3 57 16 82 9 28 28 7 82 36 71 55 52 45 1 31 6 49 57 31 48 33 18 82 23 18 60
71 56 39 72 37 51 37 66 57 91 67 75 22 73 62 58 44 78 85 99 83 53 72 49 57 96 81 63 17 14 99 91 79 29 56 93 100 94 85 50 73 87 40 53 57 72 92 91 63 13 59 66 47 99 75 31 82 27 68 87 38 50 50 43 51 64 76 37 45 72 48 83 42 12 71 16 97 97 98 66 90 98 70 88 82 65 77 62 48 64 50 67 93 92 37 67 100 97 92 81

217 280 298 172 165 223 149 85 1437 163 474 466 536 69 1284 1330 574 1051 786 257 278 142 518 1481 585 573 218 144 313 116 770 327 1129 832 1147 182 116 44 99 83 1100 288 403 148 289 1384 346 666 555 97 937 414 775 956 161 236 258 343 165 585 349 168 1121 46 951 158 452 1370 221 222 735 1723 161 1232 110 295 509 840 583 492 641 1533 722 193 286 21 237 186 398 643 432 311 1213 366 639 458 260 804 333 140
541 1967 432 959 222 396 442 241 1503 271 964 551 565 147 1953 1842 718 1586 875 569 354 340 726 1571 638 940 536 393 425 415 932 339 1573 990 1608 240 227 268 256 487 1310 562 481 946 380 1668 1637 2001 784 796 1822 590 1446 1500 1112 488 463 355 1030 981 1590 213 1541 501 952 345 502 1385 351 392 1749 2024 254 1976 168 326 577 905 1005 839 789 1938 1674 538 395 887 264 1511 495 995 507 348 1607 406 921 481 343 1968 500 1979

157 129 224 122 37 144 113 41 604 116 354 203 224 68 709 700 375 554 615 167 238 73 374 1422 489 385 205 116 228 101 767 180 1085 568 402 160 99 37 44 46 1073 259 350 100 251 1053 255 157 359 43 403 268 456 333 69 188 250 331 122 429 177 163 680 18 342 125 55 613 99 216 511 1522 136 362 92 187 488 408 460 354 358 745 682 92 153 9 224 105 284 320 273 276 1117 318 546 328 212 418 155 112
107 30 161 8 25 34 65 22 460 6 336 50 184 58 284 354 62 336 77 8 174 57 203 1009 246 64 6 11 142 78 22 38 484 94 324 110 77 32 8 38 481 14 58 93 102 18 144 39 100 3 221 267 134 331 58 81 101 22 81 21 47 120 292 9 285 49 41 318 13 130 210 1290 75 128 90 83 484 46 455 72 324 161 89 15 105 8 176 27 183 239 266 116 927 307 58 128 36 347 99 83
