100 2 2
63 43 35 65 2 95 83 20 94 94 48 55 76 42 40 61 37 8 66 87 58 28 90 96 2 72 48 4 79 84 62 63 4 27 66 28 31 27 100 92 21 42 1 49 95 77 52 46 23 34 5 18 15 1 52 3 10 14 21 22 38 71 63 65 87 81 44 14 52 41 12 89 8 8 80 64 69 84 69 73 73 30 97 8 72 37 38 76 65 55 79 33 86 76 59 100 50 26 30 73

17 45 43 40 29 24 50 15 39 6 26 31 6 40 29 42 42 33 20 9 16 18 53 48 44 2 12 40 29 56 15 48 32 33 44 67 23 15 21 4 29 36 1 31 79 41 33 38 33 14 42 43 20 31 19 77 12 17 53 5 32 10 12 40 57 62 12 61 34 39 70 29 25 19 82 37 87 60 67 60 67 59 31 72 28 10 71 36 20 16 5 64 40 15 54 41 15 23 15 75
96 55 55 76 70 79 74 45 58 64 66 43 39 45 39 80 70 35 34 70 81 60 83 91 61 45 44 52 68 95 22 92 58 78 94 80 48 73 49 42 76 76 44 81 81 99 96 47 96 47 47 60 51 87 90 89 32 98 98 73 100 13 91 75 97 75 67 73 47 88 96 47 36 89 100 81 97 95 95 74 84 99 36 90 82 84 92 84 92 30 11 69 92 94 63 42 18 60 88 97

38 3 8 36 34 4 9 21 67 47 16 81 90 1 1 18 23 39 20 41 58 33 38 53 40 55 15 50 68 49 64 16 11 24 21 5 10 20 87 7 1 21 11 41 44 20 84 30 68 23 53 46 10 40 13 12 19 55 35 29 4 11 46 27 41 50 25 19 43 76 68 48 29 46 50 77 6 26 18 40 68 16 39 51 2 23 33 48 17 79 57 24 13 14 47 33 60 66 50 3
57 29 15 57 94 65 98 84 100 92 27 88 93 53 68 96 40 65 58 43 74 64 49 57 81 66 43 71 87 94 78 44 73 100 74 48 29 94 89 9 58 80 84 49 44 92 98 54 83 59 77 76 35 47 18 62 27 98 94 54 79 80 62 97 58 62 28 30 83 95 71 74 80 73 71 80 47 45 57 59 90 65 46 65 92 63 94 77 81 84 71 90 77 71 87 81 83 90 62 90

161 447 649 469 117 349 608 64 1129 1891 368 86 361 500 569 826 186 52 282 865 1303 79 970 965 58 357 239 133 180 347 362 909 180 54 2036 194 711 355 636 317 33 150 1279 438 191 1685 758 168 103 983 87 828 723 1130 544 504 1016 93 41 304 1477 381 405 516 180 422 135 92 223 1024 1306 177 1454 365 497 456 883 128 615 181 351 626 610 627 90 1528 366 511 107 1633 512 103 294 125 338 804 197 34 939 100
199 517 685 752 319 352 952 484 1601 1952 409 500 476 782 1039 887 537 874 312 1111 1527 236 977 1505 127 1792 276 1721 1646 1010 510 1660 592 69 2055 289 753 1803 745 1041 243 795 1833 2049 424 1999 1024 361 177 1034 215 945 963 1176 754 904 1904 1243 673 386 1921 1831 554 877 493 1905 170 111 382 1082 1499 1627 1988 670 879 479 1520 310 637 901 388 751 1036 779 989 1873 370 590 325 1921 547 159 413 501 420 1074 471 73 1775 118

83 275 397 179 62 244 599 61 1106 1522 244 67 302 499 431 278 116 39 100 561 1191 29 893 772 28 304 217 79 128 226 185 760 139 19 1938 44 411 215 443 180 15 146 1115 420 116 1651 401 162 22 415 52 797 603 1093 232 403 952 81 33 176 1251 200 116 452 100 305 51 59 205 750 1194 131 632 225 65 295 313 94 574 170 254 467 150 255 56 1009 157 351 65 1426 138 22 27 68 156 412 175 28 645 94
71 239 217 54 2 30 262 16 70 264 186 46 24 283 47 97 97 13 12 519 1058 16 840 401 17 225 204 48 68 171 90 691 33 6 717 33 55 40 249 165 11 2 901 89 86 757 339 137 14 198 3 456 248 150 71 172 509 65 9 124 257 156 111 39 3 135 24 46 80 37 1020 109 542 100 3 226 109 45 247 5 52 209 60 177 55 455 151 138 64 399 137 15 12 26 19 392 51 22 128 80
