100 2 2
80 64 94 83 91 23 64 11 40 16 53 8 19 97 45 41 68 73 2 24 21 71 71 35 23 18 53 89 37 77 32 40 77 46 21 32 70 3 30 85 62 57 90 26 33 36 70 79 36 50 9 58 18 36 72 44 18 81 41 75 24 36 9 95 67 10 6 17 49 98 27 10 14 99 1 23 40 35 53 10 70 58 35 45 62 86 1 61 37 11 84 69 31 66 13 2 14 43 47 55

46 72 6 91 20 4 18 27 27 77 12 30 91 18 31 20 33 34 8 56 1 16 18 63 30 29 57 10 22 5 17 23 8 11 64 37 46 26 36 47 13 54 71 66 9 13 80 5 73 5 66 18 13 64 39 25 27 11 26 24 70 52 60 4 16 40 24 24 79 10 23 53 75 65 28 4 92 61 71 52 3 24 8 51 15 59 54 1 9 51 62 17 4 50 26 26 68 52 13 38
65 96 31 95 44 48 51 77 57 94 69 100 97 29 40 36 88 58 98 78 98 28 45 66 63 30 88 53 24 54 68 68 14 60 86 39 89 94 82 57 69 67 95 92 94 85 97 19 100 34 69 76 29 67 75 84 96 62 73 70 73 60 93 60 32 45 41 26 99 20 94 62 94 83 43 34 95 100 74 61 5 94 50 65 63 72 91 68 19 70 95 33 14 77 61 39 86 66 64 69

57 28 72 65 63 48 37 70 72 14 7 15 5 78 69 41 18 6 47 13 24 77 96 7 3 5 96 56 25 9 32 16 26 7 27 9 61 20 36 21 28 51 43 67 5 43 27 31 31 32 20 50 24 26 3 13 34 18 94 6 10 33 62 1 12 91 9 30 39 7 99 39 5 59 53 7 15 18 64 50 36 2 17 16 8 16 22 16 76 31 21 14 21 50 11 7 37 6 6 69
71 59 83 85 98 85 89 70 98 36 42 78 12 79 81 61 98 84 61 40 35 86 100 17 30 56 98 61 88 43 35 97 91 48 35 45 92 55 97 48 60 85 51 81 38 57 36 53 71 46 52 83 86 39 3 63 48 26 100 26 59 38 71 41 67 91 80 92 47 27 100 92 30 92 85 73 54 55 75 60 51 64 33 99 86 28 28 69 98 89 67 87 75 52 15 20 98 97 22 89

344 288 575 797 622 344 1708 47 82 407 345 222 328 104 293 533 79 1181 308 454 1590 803 230 253 112 372 123 530 937 160 435 411 300 744 588 320 119 323 724 637 851 73 1313 288 496 377 319 867 310 154 660 305 350 143 274 216 441 236 56 419 65 224 1439 576 124 209 14 1514 254 1101 82 213 108 136 795 488 253 112 174 130 829 1227 287 746 290 345 378 102 721 1444 276 1018 72 225 414 459 780 814 278 1791
1318 739 1000 960 1011 386 1794 195 417 1508 868 230 455 517 989 1214 279 1998 357 989 1686 874 846 825 131 821 220 746 973 337 497 440 425 1004 891 496 1101 833 1116 1018 1015 231 1384 704 1043 635 794 1523 420 708 988 375 366 507 445 275 491 390 308 1885 906 980 1454 738 280 314 311 1924 544 2070 186 689 137 157 846 489 620 421 288 470 2054 1574 456 1797 820 536 406 773 990 1852 1047 1382 458 468 529 991 792 966 905 1874

299 202 422 626 546 198 1528 26 54 206 342 53 291 96 267 103 15 267 206 384 282 593 213 237 88 270 25 274 488 129 327 277 166 443 454 281 29 157 202 315 364 37 539 219 143 362 298 821 297 107 565 274 94 141 38 119 156 125 54 377 43 203 940 493 118 164 7 1416 43 118 57 96 60 132 485 459 167 96 43 93 396 924 103 494 252 293 275 60 530 1006 221 799 69 45 233 235 359 588 178 1766
218 5 274 309 62 103 752 15 21 196 191 40 106 50 181 12 8 106 112 315 169 207 211 177 81 174 23 106 309 106 110 99 91 286 434 35 11 117 77 147 328 13 161 162 16 157 171 735 202 68 266 166 11 62 30 100 12 33 21 127 33 54 787 324 76 155 6 577 26 33 55 50 45 96 113 426 15 84 33 21 368 252 26 376 89 197 231 51 202 474 134 137 57 35 57 141 311 520 26 1259
