10 9 2
61 83 65 1 77 65 66 24 22 5

11 2 5 7 6 8 27 24 6 2
19 3 7 14 11 31 35 40 11 12
26 18 22 19 18 38 36 43 12 26
34 22 22 38 24 48 55 44 60 35
45 22 23 42 50 52 65 73 77 42
63 62 28 45 54 63 67 85 83 44
73 72 30 49 66 65 74 89 91 48
82 77 39 49 83 75 78 94 95 81
87 87 56 70 100 93 89 98 96 97

7 47 1 2 3 32 30 80 7 69
28 60 71 65 74 61 98 87 30 93

62 85 128 4 89 91 67 58 42 19
90 116 150 9 118 93 72 133 99 24
94 123 196 60 160 136 88 137 104 29
106 125 199 120 171 139 105 162 134 33
152 208 211 122 215 181 108 168 146 33
212 231 221 124 220 212 109 184 170 49
221 231 235 137 224 224 110 193 189 56
226 233 241 165 226 241 114 199 193 84
241 282 254 198 249 248 115 200 216 85

50 41 119 2 46 57 41 32 32 16
18 12 33 1 15 15 19 5 4 6
