10 9 2
33 98 13 56 30 84 57 3 59 82

1 4 10 2 13 36 10 2 6 8
30 22 42 9 14 44 16 4 11 9
38 34 45 37 24 49 18 11 12 23
57 38 60 40 40 53 40 12 17 24
73 46 63 51 41 54 48 16 40 33
78 72 67 68 74 57 48 22 59 42
79 77 74 71 77 72 64 42 60 65
80 95 97 81 83 95 67 72 83 95
84 97 98 87 84 98 76 85 95 100

57 58 52 62 65 27 56 26 34 69
61 67 90 90 99 88 67 67 90 89

34 110 18 85 31 97 65 23 76 105
35 119 26 90 59 101 69 34 78 106
41 123 26 97 60 119 71 37 89 152
49 165 46 107 69 127 87 41 127 162
55 192 52 172 104 132 94 43 128 193
64 228 52 206 109 139 105 55 205 203
73 229 76 207 118 142 107 65 229 227
75 241 94 217 118 143 140 73 256 232
78 247 111 221 129 146 147 84 259 257

12 99 17 75 25 57 52 7 11 25
4 45 1 5 16 31 13 6 7 17
