10 9 2
68 68 78 20 82 14 57 13 1 67

2 11 12 7 21 25 9 7 37 1
37 17 26 15 21 44 26 21 41 35
51 25 37 35 35 46 29 25 46 39
58 29 54 36 35 62 35 61 49 40
72 36 54 44 38 68 48 62 54 48
87 48 72 49 41 69 53 64 55 51
88 61 75 77 53 73 77 67 80 54
90 68 99 81 67 84 92 85 93 89
96 69 100 89 84 99 96 98 95 95

18 15 12 37 16 27 18 30 47 67
44 92 89 74 60 72 32 40 94 77

88 83 85 38 82 29 64 20 31 68
130 98 85 49 83 64 70 27 37 77
138 110 87 93 86 69 74 30 70 80
151 131 105 108 97 89 78 35 120 83
154 131 111 119 106 111 80 35 128 84
183 131 114 177 109 138 95 39 129 98
205 133 116 192 121 180 99 39 132 100
222 138 120 193 126 190 103 49 141 105
229 165 128 202 129 196 103 52 174 117

77 58 62 32 62 19 16 18 28 56
56 56 33 2 15 1 13 16 4 52
