10 9 2
7 73 87 49 75 25 32 100 64 43

26 8 7 4 3 24 6 2 9 32
35 46 16 14 26 25 16 50 18 32
37 51 23 16 28 25 25 52 24 34
43 53 34 20 40 29 28 54 38 37
44 61 36 35 53 38 61 56 63 62
45 65 47 39 55 44 63 58 69 66
55 71 63 45 56 46 70 71 78 67
67 78 82 74 78 54 88 89 85 76
74 93 87 97 80 82 94 100 96 85

1 31 44 6 16 11 4 66 6 28
81 71 76 67 54 77 71 85 14 41

11 96 90 61 81 31 43 106 72 49
19 103 93 63 123 49 50 128 86 68
32 117 99 64 148 66 51 131 114 72
90 122 110 64 167 72 71 133 115 78
98 134 117 73 174 82 86 135 140 82
131 150 122 76 176 88 207 138 146 89
142 155 126 83 235 98 210 147 174 91
153 157 132 85 236 117 215 150 202 119
181 163 154 89 274 120 232 150 216 122

9 33 59 20 75 9 36 89 29 39
1 6 47 3 40 2 8 74 28 34
