10 9 2
25 64 50 34 75 39 89 11 25 31

10 2 7 4 3 23 5 4 5 46
17 25 24 7 3 27 53 35 12 49
22 28 54 28 11 31 56 35 20 51
33 28 61 65 21 35 59 49 34 54
38 31 66 71 55 41 64 66 39 66
44 45 80 74 72 54 65 82 71 68
66 55 89 75 78 67 72 89 71 80
80 84 92 85 81 83 73 93 75 87
91 95 96 94 83 98 76 93 82 98

12 13 16 62 66 32 7 75 50 14
34 81 28 75 98 70 23 100 60 93

33 73 54 53 86 46 90 31 26 79
34 76 56 53 91 65 135 36 27 84
41 84 57 64 123 71 146 44 34 133
45 86 58 72 127 74 153 45 48 171
48 89 65 79 129 75 156 47 55 178
57 97 81 128 131 79 158 55 56 186
62 111 91 195 207 81 160 64 61 196
70 112 92 219 228 81 180 84 68 203
71 113 94 223 242 85 188 94 74 229

24 56 45 34 84 35 85 24 9 43
21 14 14 7 78 8 63 17 5 14
