10 9 2
100 66 70 12 37 73 57 92 57 93

14 14 24 14 14 34 1 5 31 20
15 30 34 14 33 42 9 25 32 34
25 48 40 19 35 44 43 50 64 43
35 56 58 43 44 58 53 69 66 49
68 58 58 46 53 59 59 82 67 51
76 68 59 57 69 65 67 87 74 88
96 69 87 66 70 65 67 91 85 91
97 89 89 88 87 93 87 92 90 92
100 94 96 93 90 97 91 100 94 100

22 52 26 35 11 5 52 64 2 37
95 82 77 98 28 37 74 75 10 62

109 101 120 13 51 77 57 144 67 93
110 119 129 16 52 92 61 191 181 101
113 122 141 20 65 97 66 198 193 105
116 135 143 27 65 104 75 205 202 105
159 172 151 40 65 107 88 236 209 110
164 185 155 46 74 120 93 238 210 118
170 209 189 50 74 124 95 240 231 125
182 244 190 53 79 145 100 260 239 140
188 261 264 56 80 169 107 267 245 141

102 77 59 7 45 32 45 127 24 79
46 34 15 4 2 17 38 48 3 11
