10 9 2
44 66 51 15 58 15 11 8 55 74

23 9 5 14 17 8 10 17 4 2
26 28 27 39 22 30 34 26 10 15
30 29 37 40 26 49 46 33 39 44
37 32 43 49 37 54 53 33 44 45
40 38 43 51 52 56 53 44 68 51
41 54 71 66 56 59 56 58 75 54
55 64 89 71 69 78 59 75 77 62
65 90 96 81 85 88 89 91 82 96
77 95 100 87 100 100 90 94 83 98

11 8 13 49 19 6 61 23 62 25
45 95 55 64 23 63 96 35 66 32

67 89 53 94 59 26 21 15 77 74
72 92 54 107 71 27 23 36 102 75
79 102 75 153 77 33 37 38 122 87
93 122 78 171 81 43 42 48 124 89
102 129 81 175 83 64 42 48 165 105
117 133 81 184 85 67 53 73 171 107
118 142 85 184 86 73 54 109 192 109
120 157 94 199 91 94 59 114 207 114
122 164 100 204 100 95 61 190 238 122

53 81 24 82 55 24 15 12 55 31
20 58 14 8 25 11 12 11 13 29
