10 9 2
88 71 5 6 96 82 84 18 58 18

9 4 9 11 10 11 19 14 8 27
26 9 11 30 17 23 19 22 30 30
38 33 11 66 36 28 26 31 43 34
45 39 16 69 45 34 70 47 45 41
65 55 24 74 66 36 74 60 47 43
65 60 28 85 77 54 77 67 48 73
67 66 29 85 83 57 81 74 55 79
75 75 40 91 86 58 96 81 83 87
94 93 79 99 98 68 97 83 85 87

51 21 40 3 27 1 8 83 3 12
82 66 47 23 73 1 35 93 36 90

111 94 32 7 100 82 97 19 59 22
114 114 37 38 125 101 99 23 62 23
115 124 46 63 127 133 109 25 67 26
115 167 65 80 135 151 126 29 85 27
119 232 91 85 136 194 208 42 87 44
122 249 92 86 139 199 220 44 89 45
134 255 144 94 170 212 227 50 90 47
156 267 155 99 180 215 276 52 93 49
202 269 174 99 192 260 283 67 97 61

79 89 6 6 91 74 82 15 58 15
6 29 5 5 22 38 54 2 27 14
