10 9 2
6 26 91 80 17 66 45 68 95 55

15 2 27 16 13 8 2 1 13 24
18 50 33 33 16 18 5 7 19 48
31 67 50 41 17 40 19 27 46 52
31 80 51 42 37 58 22 30 63 77
51 83 58 55 47 63 26 31 69 79
71 86 69 61 54 83 45 64 79 87
84 87 71 66 67 85 77 65 81 87
88 87 94 77 83 88 79 93 83 92
95 89 95 80 98 95 82 97 85 97

57 10 38 71 31 75 3 64 16 31
94 45 49 79 31 85 82 81 85 87

8 26 96 87 25 69 51 72 104 62
34 31 98 89 33 73 56 84 111 85
40 34 101 92 50 77 60 93 112 97
43 63 108 101 54 81 70 129 121 103
55 81 117 138 73 91 83 138 133 103
70 85 119 150 121 97 90 142 136 105
85 101 127 168 140 100 107 150 141 162
86 114 128 175 170 103 123 152 144 230
93 117 140 176 200 109 137 155 145 255

5 18 26 59 20 31 24 54 94 35
4 17 2 58 10 5 21 20 52 4
