10 9 2
11 12 38 3 22 94 13 45 27 7

17 15 8 1 1 19 18 9 18 31
22 15 9 4 20 27 34 9 35 39
29 21 18 9 28 39 45 14 50 40
32 23 24 24 61 46 48 24 54 47
32 36 28 33 66 48 48 40 61 47
36 50 37 65 78 71 72 85 74 57
66 61 41 74 80 73 74 90 91 70
76 67 53 88 86 77 80 97 93 74
89 94 87 97 96 89 98 99 100 90

33 47 3 17 31 9 1 17 61 4
48 54 11 89 67 100 32 50 77 70

14 17 43 8 34 104 20 48 27 10
25 21 55 11 37 108 24 68 30 20
29 25 76 18 54 109 28 71 34 31
52 54 124 18 61 118 37 76 54 31
83 54 146 36 64 122 53 97 64 43
116 54 148 39 67 134 77 148 67 62
128 58 150 52 70 139 81 165 69 72
130 59 160 86 74 141 99 187 71 80
136 60 214 98 98 142 103 239 71 107

9 16 17 3 30 57 6 34 23 4
2 15 8 2 16 4 4 2 2 3
