10 9 2
14 78 19 80 38 81 35 57 55 28

2 3 2 11 5 6 29 13 14 10
6 7 10 21 10 7 32 18 25 15
15 13 15 40 27 9 39 24 25 23
26 28 17 42 50 61 42 31 44 26
32 58 18 64 66 70 49 41 64 40
56 65 20 75 73 80 59 58 65 47
58 75 29 79 81 88 79 62 68 84
59 87 32 89 85 93 85 62 71 91
100 94 73 97 93 99 94 90 97 97

2 23 65 33 26 30 17 21 4 81
35 63 90 99 45 75 41 94 13 100

29 83 36 87 54 83 38 64 62 29
43 103 61 97 59 127 44 77 62 47
45 105 65 183 60 137 63 169 67 52
46 197 77 189 64 154 80 197 79 66
50 204 100 190 70 156 80 201 81 68
52 222 113 222 73 160 86 203 82 69
54 228 127 237 78 174 95 208 84 86
56 230 143 244 80 208 110 224 88 110
63 266 152 270 85 226 120 239 103 110

9 59 19 61 51 82 25 58 36 18
1 43 5 2 45 28 11 12 5 7
