100 2 1
99 9 59 61 3 15 74 81 72 91 78 66 87 48 84 87 92 89 79 73 98 41 49 69 22 34 19 38 94 21 74 76 24 83 91 3 21 5 41 26 77 50 19 69 40 33 14 46 25 89 78 54 73 92 3 94 9 50 58 50 30 4 42 36 7 8 100 91 59 44 27 96 26 30 86 8 81 62 10 49 52 72 65 76 87 84 77 16 71 39 36 93 23 90 83 29 87 61 80 78

3 1 1 36 19 21 46 10 37 26 17 42 60 15 52 79 57 40 41 68 83 46 3 9 81 10 7 36 21 47 47 19 1 2 24 27 5 35 74 20 25 26 54 38 37 4 43 18 8 70 68 12 43 41 40 82 55 66 6 39 33 52 20 56 5 5 32 25 66 27 20 13 31 14 8 12 42 37 52 20 57 57 22 8 7 15 19 1 55 6 34 68 40 10 9 14 29 52 17 99
41 51 46 84 50 37 67 37 59 92 100 95 71 54 89 100 59 41 45 90 87 92 30 63 94 63 13 50 35 92 100 56 55 78 97 51 37 88 79 55 45 73 72 72 68 13 91 59 35 99 93 78 99 81 82 89 85 78 93 60 79 78 47 86 36 47 64 45 73 65 39 30 45 43 42 22 96 73 85 47 86 91 80 50 67 46 67 49 67 69 52 90 75 20 86 58 74 69 84 100

85 87 62 75 85 67 85 19 36 84 75 46 47 13 72 81 44 16 38 50 3 100 41 94 31 87 70 57 95 23 13 47 22 90 50 36 86 77 41 47 99 36 33 27 4 38 86 55 75 64 45 30 19 8 80 42 23 14 25 98 33 6 70 47 65 71 39 29 38 3 42 68 4 39 47 84 11 41 96 21 76 8 10 91 19 4 66 90 24 14 40 80 79 32 78 61 67 51 59 31

273 55 328 737 353 1741 557 871 121 91 208 290 515 212 136 913 204 112 416 386 237 1296 528 706 56 441 425 895 181 339 158 90 211 218 122 115 131 316 655 661 217 1855 851 77 94 53 655 247 180 160 223 306 215 187 81 252 249 584 267 250 98 66 396 250 1163 239 537 344 627 1223 243 188 348 95 1766 527 960 384 364 132 952 351 1393 263 242 371 775 290 362 177 74 102 71 764 308 110 319 323 1275 335
580 430 1861 2037 1752 1919 1030 1041 1722 479 352 324 616 887 268 1011 607 249 478 526 1282 1779 779 829 134 907 628 921 910 1022 569 467 824 563 565 669 352 1046 977 712 239 1865 958 452 488 237 760 333 661 486 348 449 408 875 465 479 383 735 453 755 359 496 829 377 1911 324 618 508 952 1244 449 575 559 405 1996 693 1281 1048 441 533 965 994 1660 1486 405 888 937 364 703 510 437 1935 1610 1093 418 141 1909 552 1876 533

7 51 13 592 3 216 38 571 39 49 120 34 394 72 51 64 157 5 21 321 206 823 36 353 10 66 19 682 151 246 156 83 20 11 30 62 128 166 45 161 154 1554 846 44 14 14 268 55 12 141 3 119 87 160 50 192 212 98 194 225 54 27 140 177 238 190 351 242 240 1008 192 187 308 59 334 482 315 371 289 111 729 322 509 200 171 331 573 94 69 154 45 7 65 184 248 71 300 256 71 96
