100 2 1
98 95 13 31 80 81 55 8 25 45 35 69 78 37 14 76 58 75 44 72 62 17 9 55 10 79 46 26 56 64 67 99 90 36 89 20 29 13 29 53 39 3 47 6 43 81 6 70 42 30 86 44 85 26 99 16 26 100 35 20 69 61 92 33 78 83 6 59 79 50 31 98 92 34 19 94 58 9 86 17 33 100 11 41 43 40 17 67 24 98 23 98 6 56 100 85 39 60 43 88

66 50 70 43 39 24 19 16 96 38 59 37 33 56 45 25 20 37 72 54 10 24 13 73 11 22 36 8 78 31 28 67 27 16 17 33 53 80 6 78 49 10 61 15 66 2 37 7 8 5 1 44 8 19 52 7 37 16 22 34 31 86 10 20 15 13 43 22 74 4 9 20 5 50 26 40 11 85 39 65 16 7 2 50 1 15 22 62 69 28 39 40 15 38 83 27 13 60 72 62
86 85 100 90 72 87 53 35 98 84 92 87 42 82 65 35 82 82 91 62 31 61 99 98 54 27 57 75 88 38 36 67 31 69 65 88 62 84 61 78 75 60 89 49 86 68 96 34 28 13 59 54 18 34 69 17 56 70 78 96 87 91 87 43 41 76 60 53 81 56 25 55 11 87 88 88 95 100 71 79 42 68 51 82 53 71 49 83 80 61 56 93 54 66 89 99 21 70 93 85

32 75 5 59 11 85 25 9 15 93 84 71 75 15 43 54 83 10 14 15 78 33 2 31 18 74 1 89 36 80 91 96 47 22 100 59 2 28 93 5 75 8 10 52 9 71 55 71 27 90 92 61 9 73 12 13 94 4 56 63 63 80 12 56 86 70 40 1 86 58 7 71 84 36 11 20 90 50 63 15 67 54 23 5 21 49 65 25 33 34 34 88 52 64 67 52 99 68 69 69

143 110 201 245 332 1529 117 1364 1549 136 78 300 617 781 399 549 1500 507 214 113 421 109 210 511 52 1233 382 731 848 257 97 522 235 176 522 228 465 203 148 185 397 511 496 879 106 219 79 464 545 364 511 121 259 351 259 228 206 1775 296 258 429 917 160 1033 871 247 45 74 302 243 92 353 149 85 730 105 90 851 440 623 571 1324 730 172 295 514 73 1023 169 254 260 558 212 394 1213 302 521 226 426 370
627 130 381 1201 531 1973 135 1451 1804 2037 631 304 650 1491 739 1524 1969 939 468 223 502 223 242 936 130 1906 508 1479 1655 498 310 1078 1801 1145 983 614 700 570 263 303 465 827 528 972 493 343 466 787 877 482 853 241 272 1014 1091 652 412 2033 730 980 846 1224 294 1599 1604 313 479 901 375 1788 182 1017 325 309 1245 531 511 996 563 895 1746 1543 1438 352 542 854 125 1249 589 390 1646 564 361 1787 1629 340 1470 370 462 559

41 58 46 19 290 778 27 58 1538 96 56 153 171 747 140 346 1253 392 167 13 383 27 54 17 5 835 20 444 157 9 74 265 114 10 145 64 362 63 29 54 287 444 274 23 65 60 27 333 498 272 438 39 203 170 20 99 40 431 197 85 400 32 113 494 22 75 18 71 88 241 22 172 60 12 629 39 32 731 134 289 5 640 321 126 148 84 61 982 102 97 199 414 175 330 1077 123 364 205 85 205
