100 2 1
86 8 27 54 95 57 74 43 94 51 10 35 45 96 33 6 19 60 88 88 89 72 95 90 55 6 41 73 72 100 36 45 71 10 81 68 54 91 25 9 6 42 70 70 54 24 9 94 81 49 73 50 37 53 71 95 41 10 58 90 25 25 61 95 37 42 96 64 2 17 28 70 96 23 79 64 54 27 5 37 55 93 76 39 25 49 75 34 46 100 77 90 20 69 54 55 90 17 63 9

34 29 73 76 19 3 91 15 13 6 14 24 15 62 7 10 3 8 87 52 10 64 4 22 59 3 26 51 17 29 20 6 25 52 9 7 30 70 49 28 28 38 1 11 38 65 27 1 1 34 54 20 10 58 17 23 60 2 38 38 59 26 42 39 72 22 40 39 33 8 56 18 44 38 7 41 31 3 11 8 23 3 52 71 36 18 49 69 13 17 37 11 42 14 14 51 14 8 59 27
91 36 73 77 61 45 94 96 28 8 52 63 32 87 13 33 8 61 89 87 88 68 100 50 67 14 71 56 28 82 48 25 53 76 41 9 88 96 49 78 38 65 20 31 80 97 81 94 5 77 73 99 71 79 96 39 89 87 93 67 69 42 64 43 82 40 58 75 99 69 68 22 72 87 22 80 42 78 17 49 32 39 92 78 48 41 82 78 95 19 53 25 63 24 50 91 70 50 77 31

29 24 18 62 53 51 31 50 74 52 22 70 88 79 73 13 36 4 74 25 57 81 46 64 44 100 35 20 21 85 92 45 85 98 28 14 48 48 23 7 3 38 16 96 12 100 49 59 92 57 49 42 33 13 59 48 97 29 75 67 96 59 19 92 53 54 92 60 21 23 27 71 49 42 83 74 87 99 81 97 44 23 21 18 93 75 81 23 20 56 98 65 59 19 74 75 44 37 25 79

556 219 279 572 142 569 184 205 122 380 117 73 127 661 226 1670 124 1154 198 422 405 131 391 396 288 386 481 286 381 490 953 333 245 694 1085 233 90 747 206 1441 672 162 163 390 227 184 937 136 242 446 506 1361 956 1029 101 128 159 264 268 252 1451 318 128 103 984 271 565 160 39 694 200 504 332 78 573 120 402 179 728 228 64 176 394 94 144 900 148 373 458 1106 472 148 422 469 815 512 462 905 395 132
577 305 1085 954 646 1850 585 502 129 2021 182 751 247 1007 368 1691 1763 1959 410 1080 474 148 479 1114 825 423 915 864 550 1088 1151 530 809 1309 1104 972 159 1944 739 1554 1295 178 1304 879 306 1484 1460 414 311 501 819 1975 1617 1744 645 143 403 356 609 516 1864 422 132 982 1850 331 844 367 118 1629 677 693 337 476 742 792 536 465 871 753 477 305 826 710 154 907 199 1510 525 1253 481 582 736 525 1876 1004 475 1368 785 337

34 189 273 544 55 463 155 37 43 348 100 59 4 360 1 1386 110 990 170 388 60 44 385 63 166 189 45 100 47 402 652 229 1 480 352 3 11 266 90 706 106 130 148 383 6 124 625 13 33 192 456 283 483 379 15 22 30 128 211 104 892 300 76 60 581 250 85 7 29 326 109 164 11 5 366 46 205 39 468 177 5 161 200 80 61 434 145 227 106 533 188 142 34 41 99 231 189 427 183 110
