100 2 1
25 14 63 39 71 39 27 27 76 94 97 61 80 4 71 93 6 81 42 16 64 1 63 37 44 32 44 5 5 13 99 63 35 30 20 51 49 19 43 79 44 12 2 23 60 80 28 50 72 81 9 30 100 5 24 81 44 76 100 55 95 67 16 57 9 84 11 27 72 48 75 60 3 57 62 7 84 75 32 32 62 62 42 76 39 24 86 84 35 45 34 97 34 26 76 95 49 98 99 67

3 67 34 50 20 14 48 3 84 6 32 33 26 9 17 17 2 45 20 30 87 59 80 43 85 11 39 21 11 1 20 27 51 61 69 64 10 4 87 62 74 13 13 14 8 21 18 20 21 68 15 35 23 59 59 17 18 62 13 28 22 61 45 52 85 77 1 35 51 3 49 4 32 39 35 44 12 83 11 50 59 19 30 61 1 22 12 9 39 12 40 18 1 37 35 8 38 28 60 28
33 99 81 60 84 39 61 99 90 19 51 89 86 31 59 33 82 71 50 89 98 96 89 84 98 45 59 74 74 67 84 86 57 84 95 99 39 99 88 94 95 91 96 88 32 47 34 92 54 99 46 41 94 96 72 79 53 98 82 90 75 67 53 74 96 100 5 39 89 44 100 83 68 100 39 93 17 96 81 71 66 61 100 76 75 63 42 78 40 27 98 75 6 66 38 10 93 29 80 96

61 71 67 32 56 93 27 57 48 72 51 60 29 86 9 24 9 81 9 42 74 56 63 57 32 38 49 17 96 80 26 57 54 80 69 12 83 53 80 85 34 18 53 69 46 31 37 76 58 67 51 38 60 53 88 25 44 61 54 24 4 25 57 60 29 84 77 94 78 25 19 85 18 22 22 49 12 26 71 3 61 24 93 90 73 91 94 52 52 25 86 4 90 9 94 31 9 59 45 94

316 90 82 382 386 207 226 880 136 383 281 968 356 192 615 719 370 368 300 174 212 616 265 188 147 177 158 400 93 112 1324 738 36 428 819 1355 304 144 185 944 188 375 393 399 305 149 99 676 285 1486 179 770 160 78 355 489 313 142 139 600 352 273 1015 179 389 172 364 395 252 254 129 873 103 709 423 111 103 203 477 49 386 436 562 307 147 215 152 783 101 1313 642 639 41 394 682 352 223 152 287 291
426 572 493 414 480 957 409 1254 678 950 1873 1795 625 430 1526 756 401 1003 1016 883 379 680 1726 397 284 1456 464 589 193 1886 1514 1089 369 596 1662 1713 459 394 232 1776 859 603 1216 466 1696 503 356 1947 607 1998 196 790 1332 436 606 1122 1268 343 1334 920 388 542 1413 837 981 494 467 619 269 1964 547 1624 239 990 558 715 927 768 767 812 848 809 820 549 230 517 239 788 383 1814 763 748 814 554 1288 591 371 253 466 293

308 64 35 159 263 72 133 168 43 72 119 344 127 182 190 627 307 152 101 27 97 550 89 174 68 103 64 274 71 46 284 679 11 246 699 1009 53 37 21 859 46 328 39 85 121 138 10 354 201 954 63 228 117 65 242 300 91 58 129 456 294 68 250 105 64 12 103 4 79 234 115 372 49 281 328 107 77 24 72 23 35 313 221 282 21 63 101 574 73 1170 555 492 29 75 665 258 203 17 71 174
