100 2 1
13 5 92 85 10 63 94 31 36 61 90 94 40 75 33 47 48 71 25 88 30 86 18 73 83 9 12 95 46 7 15 40 6 60 83 91 8 86 69 37 7 38 75 46 96 82 15 38 77 83 3 98 65 6 50 74 51 12 11 32 2 20 19 55 57 90 72 9 12 23 2 91 67 4 31 86 65 61 84 47 53 78 12 20 77 22 60 47 74 29 86 70 96 21 55 88 22 90 76 69

15 5 29 36 14 29 34 52 11 92 58 20 12 74 46 6 66 67 29 22 74 12 58 44 39 34 1 7 78 52 41 23 41 13 15 25 15 49 10 13 54 72 7 64 67 32 40 27 42 24 2 44 49 20 31 6 31 10 42 17 23 5 29 24 22 47 77 23 32 79 29 56 34 14 20 44 97 45 30 5 55 67 44 56 38 52 51 52 13 83 55 15 44 43 71 19 83 59 8 23
95 84 82 86 71 88 88 92 44 99 87 87 50 95 75 18 90 97 79 29 91 67 72 49 69 81 77 90 79 87 42 33 69 67 59 80 78 54 78 38 76 100 44 85 79 35 89 95 45 67 96 96 61 29 44 88 63 68 80 94 38 71 29 41 74 75 82 77 33 100 93 93 55 25 46 90 97 93 99 96 60 85 61 91 98 96 60 58 61 96 81 45 91 99 75 61 98 94 34 86

71 98 61 94 50 17 19 91 41 49 19 69 85 40 86 56 8 94 86 92 37 62 72 6 60 55 23 23 61 5 16 15 15 31 28 39 18 69 2 13 69 33 24 2 54 64 8 69 44 11 53 26 65 96 68 40 77 9 9 2 76 45 67 15 30 93 71 79 12 53 47 93 6 93 15 55 44 34 18 39 76 38 83 24 49 21 70 55 96 96 50 38 83 59 21 25 26 60 49 48

298 199 202 137 325 63 222 254 352 359 1559 100 1385 336 201 121 1231 756 404 589 88 598 589 816 151 204 162 587 514 165 82 142 623 201 724 1191 94 97 511 40 1051 1219 353 299 395 308 1629 892 800 160 23 467 610 80 1455 640 829 103 1059 615 3 290 470 87 262 211 432 186 24 35 344 420 1046 256 200 408 439 303 546 224 158 226 117 437 1721 1692 301 85 615 104 740 124 172 340 383 367 53 239 356 469
678 373 506 396 449 110 550 909 493 792 2085 1873 1458 429 1655 887 1832 818 485 712 356 1082 953 882 276 747 281 1044 529 507 326 768 679 453 1628 2079 1226 1621 1277 288 1732 2034 977 776 739 577 1802 1337 1154 413 242 509 867 245 1504 814 945 565 1875 955 300 988 753 130 264 364 524 616 812 600 487 1197 1991 257 385 570 982 480 1770 495 212 511 220 734 1909 1739 1547 155 735 452 1331 1204 198 348 783 404 289 402 1905 530

222 134 38 39 247 3 91 230 169 102 1283 12 798 63 27 5 112 556 217 127 59 413 457 740 93 85 63 147 77 40 26 96 252 178 118 953 32 52 86 13 896 244 333 137 170 79 948 607 410 42 14 448 260 45 328 207 261 8 619 350 1 69 409 32 208 18 190 79 22 29 321 207 478 68 145 208 235 66 166 59 107 56 23 141 1021 417 134 41 605 72 251 77 38 270 211 172 46 51 43 142
