100 2 1
28 88 78 96 62 10 15 55 31 31 95 38 42 67 23 79 88 33 98 100 21 1 29 39 3 13 62 10 79 47 30 90 19 16 64 32 53 30 94 16 48 79 44 94 89 29 87 27 28 3 63 93 4 60 30 18 44 37 25 52 33 67 93 78 21 30 85 9 31 60 81 42 65 50 27 83 14 99 67 23 30 87 86 88 63 87 38 30 97 98 95 84 40 82 94 92 1 71 87 22

22 43 56 21 33 6 14 8 10 8 9 40 18 2 56 46 34 35 4 68 34 87 67 30 18 69 62 19 19 37 5 22 41 65 52 13 17 73 38 22 11 40 4 7 73 16 42 77 89 64 30 36 60 67 31 41 12 29 14 43 60 78 39 77 23 30 18 41 11 28 33 35 27 44 8 5 17 74 2 26 89 26 12 13 1 40 23 21 11 21 42 4 49 15 6 51 6 13 2 1
43 98 82 31 41 63 100 11 81 63 23 100 68 85 66 59 45 92 58 79 53 95 89 76 35 98 67 21 40 81 51 49 51 88 62 21 44 97 63 65 55 48 32 13 80 85 63 84 91 89 55 71 99 100 92 73 82 78 34 54 73 93 63 89 73 54 54 59 58 69 100 96 36 63 27 12 74 100 96 36 93 64 20 78 69 47 44 73 49 76 81 23 50 24 15 86 94 70 78 67

97 17 9 25 25 75 2 30 51 48 89 38 58 86 54 74 19 94 63 100 67 78 62 1 40 49 57 6 35 97 55 30 8 5 18 23 46 58 31 36 30 6 33 15 70 97 84 69 10 28 27 19 96 48 97 74 84 18 40 90 27 84 91 6 57 96 94 4 33 40 12 69 58 34 64 64 68 61 99 61 25 57 94 96 8 49 28 27 1 3 21 50 97 57 31 61 27 64 15 31

859 158 427 304 1021 287 305 233 541 34 208 205 676 312 187 147 339 219 356 1286 696 29 273 483 839 105 231 768 393 1030 295 277 86 228 240 602 977 219 1511 1374 108 394 79 517 670 1141 1724 44 47 199 133 261 260 222 178 1346 159 110 48 694 178 1210 325 78 124 54 382 51 247 1031 743 134 205 457 209 735 133 531 729 851 360 154 1858 112 98 1670 898 143 193 404 427 1304 568 185 399 183 273 323 267 385
879 582 578 401 1907 374 341 401 861 116 580 1730 894 442 241 528 422 802 516 2094 794 312 860 611 890 161 827 990 1055 2011 413 417 255 366 394 972 1693 233 2031 1389 507 1298 150 781 777 1643 2056 460 278 360 154 488 444 447 482 1539 280 217 494 847 654 1469 362 338 279 95 593 863 444 1411 862 583 761 1033 648 944 374 594 2059 1014 511 790 2025 460 420 2083 979 2016 273 429 604 1518 963 270 499 250 416 838 918 1012

392 143 283 11 1018 244 194 223 538 9 85 150 325 285 178 146 8 193 73 850 45 5 148 394 78 13 156 588 325 786 279 168 4 55 116 268 374 25 1247 81 106 40 47 485 298 807 8 38 21 173 17 86 133 182 50 759 148 67 4 503 90 1064 221 37 110 6 308 22 197 424 539 45 23 204 46 711 94 418 129 453 192 18 733 37 80 515 138 80 89 65 388 987 541 54 374 106 85 224 30 227
