200 4 2
13 74 30 65 53 93 6 64 86 48 35 91 48 38 75 39 26 92 65 14 49 99 49 26 59 67 56 54 62 76 50 57 76 41 68 66 72 23 63 24 12 36 25 28 72 27 40 20 3 29 25 35 65 55 33 42 3 46 27 2 96 15 95 14 92 23 72 96 42 83 45 52 29 23 43 53 68 8 46 51 48 52 59 85 41 50 71 60 98 67 73 49 77 6 16 41 30 91 15 1 88 25 4 9 54 76 65 90 55 60 74 64 5 39 53 47 55 34 82 85 9 49 8 52 89 72 28 21 48 63 48 49 83 11 69 76 83 34 83 41 38 9 93 61 13 14 40 75 79 88 93 92 54 89 80 70 26 75 20 29 55 43 51 81 56 75 37 94 47 43 93 10 26 16 14 5 33 77 43 47 25 73 18 34 83 9 15 73 32 60 61 33 35 81 18 41 33 18 31 63

17 14 25 19 3 17 4 1 40 55 17 5 8 13 3 37 10 21 11 1 10 21 49 26 7 16 6 20 9 48 16 11 18 25 1 31 12 33 8 20 9 24 8 22 38 9 1 35 10 5 19 70 2 7 44 44 6 35 9 19 25 2 3 64 24 1 22 4 7 25 30 7 34 43 14 33 1 11 10 19 46 20 24 45 42 52 16 30 28 3 53 7 30 56 7 9 3 22 40 11 29 11 3 44 5 11 19 36 20 51 38 2 38 12 48 14 57 6 3 5 7 16 7 2 26 1 15 38 15 34 1 13 15 31 7 10 14 3 10 18 12 12 49 9 33 34 11 51 19 45 7 20 22 30 66 33 17 1 18 5 20 24 13 18 6 22 20 67 13 21 45 13 36 21 23 9 41 9 17 24 13 1 3 36 8 23 24 26 22 4 16 42 18 17 28 10 5 17 30 49
37 24 33 24 15 44 26 37 72 61 50 21 55 46 38 37 21 60 38 20 26 30 50 66 19 51 42 35 36 68 49 35 19 28 27 45 17 36 37 26 10 26 14 49 52 13 59 59 83 60 57 85 11 19 55 57 27 40 20 38 45 26 28 84 52 6 28 18 31 45 33 45 49 75 30 44 7 16 44 43 53 45 38 56 45 72 33 59 31 37 65 31 59 57 23 28 15 42 53 16 56 15 31 58 29 12 27 77 35 67 61 32 58 19 57 19 65 20 54 8 25 21 31 86 90 32 41 49 23 82 23 27 33 63 24 27 38 24 11 41 25 69 67 51 57 59 22 74 53 75 36 29 37 43 84 39 60 20 23 19 64 61 50 31 7 42 23 87 18 38 56 35 49 27 33 14 74 26 53 26 39 24 7 51 19 24 44 45 25 19 21 67 53 47 56 60 42 25 66 61
38 64 52 76 19 74 71 68 79 88 59 86 74 59 58 70 30 70 49 49 48 37 59 93 67 74 70 75 59 69 54 64 28 30 50 46 64 77 61 57 15 59 53 58 69 62 72 75 89 61 87 90 65 22 67 76 35 92 34 51 47 72 38 86 56 24 44 23 62 48 50 64 58 90 51 62 10 19 50 71 71 65 46 88 48 80 41 69 43 59 92 35 81 61 37 64 32 72 98 61 68 19 73 74 36 68 54 86 72 83 63 88 74 24 81 97 67 99 59 79 28 95 42 93 97 48 86 75 28 88 35 34 68 82 44 89 64 72 77 42 48 69 75 58 59 65 32 86 79 80 48 51 74 49 88 58 77 45 25 67 94 63 55 47 62 59 28 95 31 89 56 66 63 36 49 20 80 41 79 66 77 75 33 58 80 27 49 71 27 73 78 80 76 61 69 74 46 28 77 82
49 78 62 95 28 98 88 97 83 90 69 91 83 94 59 82 58 74 75 69 64 93 75 94 70 98 75 77 61 89 96 100 30 37 65 90 99 95 87 69 47 82 76 86 94 95 98 78 91 74 100 95 88 61 88 86 40 99 88 64 76 99 82 92 92 49 97 99 93 70 72 100 72 94 86 69 56 96 98 74 92 83 89 89 78 85 89 87 46 65 95 44 93 79 52 79 89 86 99 94 85 86 86 88 86 79 83 92 77 87 73 90 83 42 89 100 70 100 92 81 39 99 54 96 99 66 91 79 88 100 87 53 96 84 99 89 88 78 87 62 72 86 83 58 79 65 41 93 85 94 88 61 91 52 95 59 86 65 48 81 99 88 67 63 93 60 88 96 96 91 76 97 73 83 72 63 91 82 88 74 82 93 90 94 86 38 69 88 45 93 86 93 95 63 87 88 82 85 89 97

1 9 3 40 21 25 19 10 25 25 41 38 12 57 43 1 43 35 22 57 26 36 71 34 3 14 21 12 1 14 47 1 60 56 81 12 27 48 24 28 23 92 33 31 49 24 30 64 29 27 14 87 12 34 13 12 16 40 57 50 57 7 57 63 12 4 67 6 69 27 65 9 32 47 89 16 20 5 30 57 49 32 2 83 16 25 25 73 38 29 84 50 70 62 52 47 37 7 64 10 27 90 48 23 4 29 33 7 54 48 77 2 33 30 19 11 11 67 19 7 15 14 40 43 24 29 37 16 64 48 32 82 37 57 8 25 22 53 3 77 47 2 30 23 59 70 2 1 21 41 15 32 5 47 9 7 15 40 10 50 75 51 19 21 6 3 32 23 73 29 10 26 7 5 35 51 14 33 44 7 29 15 25 18 5 44 10 27 84 27 55 40 13 20 35 37 20 45 39 44
12 83 71 80 89 84 29 72 43 56 61 51 48 80 53 39 79 95 25 95 74 89 87 96 84 41 95 21 48 100 90 20 80 75 82 41 79 52 27 31 92 98 93 76 59 72 85 80 77 55 93 99 57 63 81 26 38 84 59 75 86 56 84 64 38 42 83 37 83 54 93 46 66 67 91 79 27 12 59 78 98 93 98 89 37 33 63 75 95 48 95 97 80 79 81 63 90 21 94 14 78 93 63 43 66 44 36 72 88 58 80 49 89 95 82 95 53 86 34 39 53 87 97 83 28 73 68 96 90 67 84 97 53 85 88 92 39 84 92 80 73 36 59 87 63 92 20 73 92 68 61 38 83 81 44 43 94 79 84 75 82 56 76 39 65 19 41 86 76 88 65 63 60 25 55 64 48 68 61 38 32 81 80 61 60 52 75 41 94 91 99 65 47 59 47 47 83 62 74 48

1395 948 190 180 82 885 503 857 216 223 316 260 348 1227 575 2371 95 119 685 355 323 268 556 99 953 388 1075 86 377 189 96 71 524 224 525 711 614 609 130 402 151 251 293 350 460 302 425 674 429 395 779 188 306 459 1320 110 708 82 318 244 389 221 463 1253 1604 123 177 196 42 98 69 1489 130 1213 173 316 1867 189 303 90 316 1960 223 949 754 540 243 811 164 282 258 956 363 702 114 1053 111 1352 21 590 1105 195 128 247 82 99 218 137 61 113 249 1061 229 215 453 2830 847 326 585 515 438 269 71 631 179 186 92 108 282 126 1025 758 204 259 492 613 261 298 343 118 1646 392 312 95 967 1181 1208 228 1264 742 160 669 137 377 1767 102 766 329 229 170 1076 300 60 417 148 284 362 1140 70 221 1262 231 414 560 449 396 335 1728 201 911 28 143 1605 166 118 81 1271 1224 262 763 234 420 747 554 516 94 344 174 411 95
1644 2747 436 387 1431 1591 2286 1692 534 335 1165 267 367 1444 1635 2439 422 400 933 456 1060 681 647 439 1293 1682 1264 284 1227 370 1316 219 1218 974 688 820 1150 852 181 642 406 583 580 356 686 341 1082 1140 1660 403 1409 314 1541 775 1576 633 1524 1180 1735 775 570 292 562 1703 2372 643 1377 791 391 153 211 1720 723 2813 459 474 1952 529 899 356 844 2055 238 1712 2449 1631 1939 1502 576 1272 349 1218 418 749 336 1882 297 1961 23 1318 1281 226 176 397 118 1226 297 668 235 603 372 1141 672 483 1099 3148 1214 666 840 1757 674 436 173 1121 302 334 112 866 292 452 2014 809 554 324 1628 1121 902 1452 1557 141 2235 452 613 355 1028 1438 2182 495 2321 1672 1734 694 177 581 1820 606 2289 854 279 321 1661 487 146 573 706 689 811 1146 185 395 1812 373 782 625 1218 1315 969 2112 325 920 179 395 1826 1845 255 349 1357 1276 470 1040 2160 957 1907 1331 1498 559 483 508 1989 279
1817 3009 458 554 1674 1782 2317 1884 629 760 2613 493 440 1472 2541 2817 512 1709 1529 771 1063 855 906 713 2327 1719 1787 464 1994 593 2086 493 1324 1426 845 1973 1300 1412 643 750 628 1145 770 1063 735 1785 1514 2339 1764 559 1509 1998 2043 787 1676 653 2136 3195 1742 1680 796 681 1409 2419 2822 718 2050 1200 476 604 810 3183 1450 3398 1530 546 2891 596 1646 450 894 2409 428 2216 2483 1699 2127 1948 672 1576 462 1543 750 771 399 2790 467 2636 1646 2542 1784 461 705 569 328 1675 303 1102 817 828 842 1262 1318 940 1802 3418 1456 1331 858 2265 1428 474 224 1422 955 768 524 999 500 791 3661 856 1139 343 2609 1834 1117 1855 1580 262 2606 700 2802 900 1505 1911 3448 772 2431 2297 2165 826 935 611 1821 1501 2812 982 503 791 1716 965 414 1342 826 839 990 1438 514 526 3188 627 955 1382 2238 1766 1207 2187 2712 1946 579 445 1903 1940 1640 650 2076 3544 632 1349 2180 1143 2124 1765 1733 1525 1126 1467 2552 877
3148 3590 738 908 1826 1917 2578 1952 802 1190 3301 1019 530 1532 3668 3150 1508 1801 1862 3243 1990 1697 1020 881 3630 1786 1851 903 3881 1443 2425 575 1764 1794 944 2662 1543 1846 788 985 906 1374 988 1334 964 1815 1647 3243 1957 624 1730 2425 3577 875 1973 658 3293 3511 1867 3317 797 910 2023 2794 3680 973 2066 1960 814 735 891 3822 2825 3423 1867 567 3019 907 1684 811 925 2838 795 2795 3436 2662 3478 3542 1074 1725 475 1956 912 807 559 3519 658 3717 1960 3231 2009 576 926 952 985 1730 708 1988 1174 996 1064 1618 1962 1784 1839 3621 1561 1382 1039 3742 1649 742 439 1620 1925 912 740 1647 1369 842 3892 1785 1993 609 2971 2568 1906 1947 1871 972 3683 771 3656 952 1958 2654 3654 783 3824 3654 3202 1082 999 803 1897 1770 3361 1572 834 938 3674 1769 694 1596 839 1086 1610 1658 596 611 3263 1614 978 1523 3523 3372 1417 3517 3857 3436 897 640 2642 2573 1855 763 2175 3864 1020 1502 3162 1781 3303 2991 2160 1962 1392 1852 2758 1256

1212 907 55 132 71 607 291 651 47 151 64 81 267 524 297 1422 44 36 199 205 153 222 488 35 317 265 675 35 137 173 93 30 477 180 492 679 466 548 36 355 104 234 74 154 157 52 161 639 134 317 285 116 240 446 669 51 430 16 258 216 161 210 438 916 798 15 81 183 36 78 58 1330 126 381 163 123 1319 139 159 77 70 1187 97 631 710 403 148 614 87 101 176 842 213 645 71 531 75 515 16 535 832 102 48 223 47 27 107 47 23 103 142 137 23 185 434 2253 566 193 452 475 265 138 50 600 122 93 75 70 181 112 599 639 58 234 285 504 198 105 262 75 650 228 234 64 163 1147 1075 134 988 469 108 606 52 125 872 75 527 293 106 90 762 241 41 371 102 197 152 793 39 41 1116 187 240 526 301 215 149 536 143 301 23 113 536 81 64 37 111 514 77 604 145 302 366 468 355 52 341 93 276 31
891 779 46 105 33 229 242 525 27 68 52 60 25 480 5 245 19 1 53 14 100 172 77 28 210 47 454 34 67 132 36 14 124 1 311 203 276 277 8 179 100 130 12 83 121 19 24 317 23 297 39 9 239 13 508 37 135 15 127 143 26 68 415 624 409 9 5 111 1 13 20 257 69 147 30 86 1301 112 78 41 3 974 24 571 465 282 117 117 22 19 70 70 94 122 41 295 45 258 4 29 608 17 26 10 40 23 64 3 10 95 94 89 1 35 257 1517 136 20 264 366 183 37 45 429 84 74 55 24 83 23 386 34 2 75 154 135 95 87 187 62 163 23 34 24 71 304 533 4 188 325 23 375 33 80 814 7 456 244 105 22 82 90 38 207 46 35 100 284 35 26 466 60 170 456 299 60 9 98 7 268 12 82 9 5 44 1 5 35 10 312 41 279 131 172 133 24 62 27 83 9
