200 4 2
91 60 12 29 77 66 71 36 70 38 99 98 9 23 85 68 88 21 88 8 73 98 70 49 94 77 84 2 98 78 20 52 56 62 83 20 40 99 42 49 71 43 59 80 86 56 79 61 42 47 29 83 70 72 59 30 76 49 75 56 57 79 84 37 93 58 37 68 59 45 49 56 2 12 42 78 25 7 52 2 74 98 39 31 74 14 88 6 3 68 31 13 77 1 47 84 55 81 52 33 65 47 58 24 84 59 74 79 96 3 1 3 52 56 56 96 89 9 74 29 75 37 64 25 96 60 2 52 82 1 25 3 88 26 58 51 66 39 14 82 85 92 39 16 75 83 64 14 71 86 76 39 94 14 30 34 94 41 28 13 80 98 76 28 57 23 71 91 74 21 3 18 28 43 10 92 97 14 69 42 29 15 93 10 55 40 79 1 81 89 87 21 92 60 21 60 39 7 58 97

50 2 20 26 60 16 31 7 23 61 20 9 22 6 6 48 34 41 18 33 19 18 36 2 33 38 17 6 6 13 16 3 11 6 63 39 8 8 1 35 31 24 81 82 31 11 23 39 22 29 67 44 60 40 6 11 10 12 14 19 16 17 3 10 8 55 16 10 21 11 51 19 16 73 22 2 64 16 36 8 6 23 49 2 11 49 13 25 24 11 78 21 30 45 10 4 13 31 21 15 3 4 6 31 15 20 34 27 36 3 8 51 29 4 18 27 10 8 11 12 9 35 17 4 23 10 31 32 5 69 22 5 28 52 4 12 14 32 1 7 29 15 42 13 11 12 36 2 2 13 20 13 46 22 21 56 9 23 8 32 47 39 4 13 24 14 28 14 42 1 10 7 58 11 14 9 1 5 7 27 6 22 25 35 2 51 26 20 10 17 6 53 30 23 2 16 6 8 38 41
64 45 20 60 62 60 61 41 43 86 69 46 31 68 79 69 75 67 27 43 64 28 37 5 50 53 57 51 12 16 24 41 56 6 69 54 64 51 9 50 50 43 84 83 41 17 42 42 33 44 75 91 65 50 45 46 62 36 67 23 33 32 10 17 46 57 31 14 31 85 73 22 44 87 55 17 71 37 55 16 34 47 59 8 17 85 51 46 25 31 81 36 34 48 31 42 73 91 70 24 21 47 25 79 50 37 54 50 45 3 14 53 32 35 37 36 20 29 17 20 27 43 69 12 32 38 32 39 74 72 49 5 37 83 15 45 39 56 47 73 35 16 45 22 35 53 71 37 16 41 31 55 52 45 59 84 18 50 11 66 84 62 31 29 75 31 48 60 61 36 63 11 83 46 25 28 10 25 57 38 30 39 38 69 15 74 34 75 75 40 6 54 30 56 46 32 6 9 55 56
76 58 48 83 83 72 74 78 73 99 71 68 57 91 84 84 82 89 60 66 74 62 82 36 85 79 89 86 20 20 32 42 90 14 77 57 84 58 39 75 87 79 92 86 48 31 77 45 72 82 84 96 77 54 55 90 67 37 80 47 52 32 39 66 52 63 83 16 50 86 82 28 49 88 58 56 97 53 59 37 34 67 75 11 48 90 59 82 29 77 82 64 76 61 43 57 81 95 71 31 34 62 50 88 96 71 57 78 55 47 51 56 37 83 63 37 41 42 47 31 32 65 70 82 82 41 55 54 78 87 59 30 38 84 18 65 49 63 52 79 79 88 62 42 55 64 79 42 16 61 31 59 62 62 67 89 60 55 27 71 93 76 38 37 78 64 63 72 82 57 85 37 87 57 34 29 69 40 71 72 87 62 44 74 24 82 50 80 75 57 31 69 33 75 85 53 42 55 61 67
97 68 51 98 94 83 91 98 78 99 74 97 83 93 94 95 95 90 97 83 99 98 91 88 96 94 91 99 97 82 82 52 95 18 85 92 96 77 40 83 94 80 98 97 82 85 90 89 98 96 87 96 94 79 97 100 71 67 94 60 67 70 50 76 95 100 91 60 78 92 99 76 66 96 85 90 99 55 84 59 90 96 86 35 90 94 92 92 100 81 85 65 96 72 47 65 95 97 74 43 81 100 52 98 98 90 93 86 81 63 81 76 70 92 67 83 54 67 85 54 52 89 74 93 83 90 59 60 93 98 71 99 94 84 95 71 78 81 94 94 99 93 94 47 79 93 84 70 19 81 77 95 66 100 96 89 61 90 54 96 99 97 63 45 81 100 98 78 83 74 94 88 98 60 73 32 98 48 82 86 89 64 46 89 35 90 100 97 94 77 85 70 88 87 90 75 48 91 100 70

11 35 4 81 1 19 11 20 43 30 64 10 25 43 18 86 6 20 52 37 1 4 55 55 59 8 72 43 52 35 18 53 42 71 18 67 14 15 15 32 31 53 48 19 4 7 68 28 18 48 11 52 78 51 71 27 29 71 11 26 45 16 13 15 16 5 44 1 47 86 26 7 50 83 11 71 26 1 7 70 46 12 77 41 25 57 73 62 1 39 15 20 36 14 63 41 2 44 57 9 77 66 41 28 10 22 67 87 46 32 28 38 77 50 21 46 23 31 60 31 32 5 3 39 19 75 51 56 3 46 5 40 29 37 81 31 17 26 22 58 37 67 20 23 43 52 34 41 10 45 11 28 57 38 53 59 46 22 20 83 52 45 36 55 8 52 51 28 84 46 70 8 27 4 16 39 78 8 17 95 6 40 9 33 39 67 55 32 71 35 8 35 9 38 16 16 14 21 24 31
32 83 35 95 81 72 40 61 68 42 80 66 37 96 88 90 73 98 64 52 9 45 95 96 79 78 81 94 83 80 56 67 86 77 46 69 33 81 60 69 61 79 60 59 10 52 73 73 91 51 50 93 80 69 92 69 52 80 61 69 96 19 42 37 65 82 72 4 70 98 41 81 81 100 14 75 78 50 20 100 85 81 98 83 71 97 78 69 51 78 89 22 62 30 69 44 57 59 63 44 93 90 52 96 28 79 93 87 79 84 86 40 90 90 40 87 48 45 74 92 98 26 21 98 94 91 87 87 80 86 100 58 68 39 87 83 71 50 73 82 91 86 47 48 75 62 74 53 75 61 78 74 91 49 73 96 74 61 23 95 89 68 40 98 100 52 73 82 89 70 79 92 50 57 97 68 98 20 77 100 22 61 49 33 43 100 73 35 97 87 50 78 52 63 35 86 22 97 54 89

107 1639 1724 514 483 185 956 278 175 440 219 461 297 188 742 319 1526 102 1175 413 932 118 150 63 444 418 1294 659 1078 661 977 378 236 541 106 1374 945 701 357 93 238 1921 420 1547 757 133 437 550 665 484 398 122 1416 264 410 187 377 382 652 232 590 325 413 120 351 733 327 607 389 121 472 807 335 564 155 1014 188 1519 2602 535 398 238 1595 323 868 255 1231 200 521 184 66 120 180 354 465 141 235 540 407 809 340 931 341 584 89 303 1302 710 152 54 66 10 408 397 999 434 1632 1391 575 340 911 637 1177 388 314 179 17 271 100 103 2273 414 1008 469 117 155 223 459 169 125 534 180 164 49 1166 1936 343 178 224 625 233 1238 145 1102 679 292 123 78 632 800 769 853 279 333 98 817 356 209 79 751 44 613 820 86 352 927 1454 462 2775 710 464 980 218 199 115 2200 445 563 108 215 128 299 109 448 1157 1949 215 20 590 447
432 1655 1953 1475 554 299 1038 390 378 558 265 715 441 372 1631 507 1956 125 2312 671 989 599 318 188 1453 903 1664 1143 1854 1711 979 870 1348 762 229 1466 1284 1084 1187 1461 3579 3187 1956 2300 1468 2859 704 1543 748 559 475 1507 1690 409 425 498 642 412 1531 1811 687 515 436 424 529 968 332 2265 632 275 704 1274 683 1117 781 1147 190 1909 3428 1690 546 325 3467 2760 1087 365 1919 1641 598 473 479 474 853 1127 466 436 373 641 424 1431 464 940 921 1893 451 328 1773 1440 1001 151 416 38 1407 533 1026 472 2608 2761 713 392 1483 917 3004 425 657 384 122 337 349 1122 3095 2307 1075 473 335 436 556 667 649 352 562 568 285 694 1299 2342 544 315 1027 1663 709 1868 602 2482 783 762 127 1198 1759 889 1114 1046 362 572 516 1102 606 720 1621 813 804 615 870 738 719 1146 1552 665 2798 849 570 1123 317 331 127 2895 1164 1394 127 668 875 576 1047 505 1646 2504 406 820 1090 969
1528 3034 2502 1753 782 416 1199 574 694 742 287 855 489 444 3108 834 2986 688 2494 841 1186 1530 918 479 1494 950 1839 1736 1880 1771 1053 1115 2737 1201 1997 1474 1476 1353 1301 2357 4054 3341 2608 3569 1754 2984 775 2172 1863 643 670 1665 1691 639 699 727 1825 591 2029 2248 710 712 491 877 533 1161 1435 2279 710 379 1828 1415 909 1195 1534 1438 575 1914 3694 2457 1399 975 3495 3168 1272 764 3630 3378 655 556 1280 596 890 1272 629 581 474 645 502 1797 749 1423 1348 2052 511 586 2492 1744 1259 366 467 455 2027 609 1241 741 3904 3873 1745 1046 1706 1907 3163 536 1089 583 230 674 806 1587 3458 2756 1597 524 345 443 640 742 891 602 1529 784 884 853 1458 2472 1519 470 1860 2169 1126 1927 1073 3074 1068 950 312 1416 1774 1418 1240 1662 506 812 839 1421 780 844 3594 1720 1891 880 943 1120 1642 1585 3162 1668 3251 1156 645 1733 601 1078 594 3664 2226 1528 2039 788 1121 742 2263 1072 1966 3229 450 835 1208 1379
1589 3382 2814 1798 931 879 1797 642 938 1229 325 1000 1708 851 3857 1762 3163 1756 3377 858 1566 1774 1003 790 1622 1833 1982 3951 1883 1776 1418 1753 3705 1532 3270 1636 1511 2384 1676 2572 4063 3756 3414 3972 3885 3866 1274 2600 3189 669 1017 1671 2169 647 930 993 1907 921 4021 3670 1949 913 933 928 1742 2489 1498 2279 1020 458 1879 1769 941 3876 1632 1636 960 2013 3992 3298 2058 1362 3743 3958 1332 840 3972 3583 716 1009 1920 921 903 1456 941 865 810 1007 994 3970 870 1916 1484 2227 631 803 3326 1975 1941 903 942 636 3676 853 2022 824 3963 3888 1860 3886 1743 2545 3510 1364 2015 641 1840 730 2496 1717 3693 3860 1747 667 573 665 829 1793 963 892 1833 875 1947 892 1522 3458 2059 472 1896 3708 1993 1951 1197 3258 1688 1437 709 1724 3265 1778 1636 1952 513 818 934 1773 1278 1073 3892 2008 3458 972 961 1428 3773 2697 3869 1803 3527 1963 843 2383 971 1454 756 3923 3954 3931 3447 1133 1205 808 2737 1304 1989 3725 807 1772 1786 1583

91 293 1574 449 347 132 722 260 29 201 191 431 287 144 600 101 1112 99 913 330 526 78 149 50 434 213 861 499 706 343 243 287 35 131 95 1026 615 567 345 74 202 1090 191 299 374 116 424 548 657 171 147 36 1028 31 198 186 296 311 450 155 335 300 110 76 206 527 150 451 218 111 124 739 263 535 124 825 74 528 2159 261 332 210 1515 89 737 142 1060 140 291 156 47 44 150 279 224 51 184 285 189 492 331 558 270 532 13 210 659 640 142 52 50 7 277 250 309 393 1276 828 529 332 581 636 658 48 49 102 15 100 82 92 785 400 672 403 39 57 205 148 83 89 339 105 128 15 547 1561 154 140 217 535 147 741 140 1092 557 193 80 16 360 691 645 664 238 274 90 375 232 102 34 720 18 609 695 79 311 603 906 442 1535 608 391 178 128 146 112 2156 392 534 70 53 102 189 80 179 1094 1921 126 17 164 252
68 165 1439 207 218 88 61 98 21 173 75 4 66 68 402 67 524 95 903 209 274 53 5 8 100 196 213 412 419 219 204 27 24 31 68 323 495 42 81 69 195 696 170 142 351 36 377 417 118 148 62 9 787 23 27 171 239 185 269 18 221 164 59 41 100 24 82 355 27 41 60 517 62 125 92 8 9 8 851 84 55 9 764 83 452 42 528 79 179 31 28 27 59 185 178 38 77 27 120 368 279 162 17 295 10 62 651 539 12 46 7 3 200 120 193 118 1267 679 93 199 519 378 153 33 34 32 4 41 55 48 330 69 650 295 18 42 143 41 53 21 296 36 15 7 6 133 83 112 2 162 134 705 110 662 243 42 6 15 308 279 577 166 71 188 40 36 140 40 4 538 12 383 140 44 233 118 425 349 337 497 36 16 11 7 67 1483 13 215 51 43 73 17 25 76 488 869 29 10 105 107
