200 4 2
87 25 39 58 1 6 74 21 45 79 45 87 28 14 49 51 15 29 53 43 96 91 59 27 65 100 31 69 70 4 50 29 21 30 92 14 39 24 50 34 11 2 43 26 24 30 47 27 21 29 31 87 49 56 100 85 9 16 93 49 16 95 44 8 91 52 88 31 19 57 70 28 42 99 9 9 47 38 29 89 48 54 62 61 70 6 19 22 15 68 56 63 41 99 13 96 43 52 12 53 41 93 68 14 4 46 32 74 45 44 37 7 83 16 37 65 98 96 37 78 70 90 37 77 69 95 95 91 97 42 52 7 7 90 51 28 51 19 40 72 48 48 27 72 31 67 91 37 61 30 29 28 29 36 87 100 52 82 90 82 16 20 22 45 68 30 87 15 28 29 47 45 19 8 21 98 53 64 48 52 27 47 35 40 80 51 84 82 56 16 29 69 13 54 90 100 91 33 73 100

31 18 1 2 14 19 70 15 43 58 16 8 7 21 29 8 72 15 9 3 11 29 8 33 6 23 1 24 13 5 24 17 24 16 11 13 83 42 12 4 5 21 1 20 17 31 31 14 13 37 30 50 39 41 24 40 1 41 16 3 10 4 8 3 36 51 21 9 4 13 1 3 44 6 4 6 11 2 5 47 3 16 21 22 9 5 35 20 6 19 9 18 25 19 12 5 12 3 4 31 13 14 11 12 46 5 8 36 12 23 15 38 33 7 26 8 17 17 10 7 15 36 22 17 19 13 1 49 7 5 51 10 10 42 3 31 23 42 42 19 9 29 5 1 15 9 13 14 7 17 25 24 63 30 56 13 67 53 11 7 17 21 5 16 6 19 5 23 10 62 55 22 6 14 15 5 6 12 4 11 14 53 19 39 7 2 27 23 25 58 1 5 4 1 2 9 29 15 4 2
34 62 12 66 48 52 86 21 60 63 64 36 54 24 34 23 79 19 64 41 38 79 76 43 70 54 2 46 28 42 28 33 36 16 37 27 85 50 25 66 55 50 7 73 73 31 60 16 22 50 39 74 39 58 62 41 65 50 34 75 19 31 58 42 36 67 33 50 29 46 3 45 45 13 53 42 46 29 30 53 6 18 39 39 18 8 56 29 6 30 23 23 38 30 25 72 48 16 19 74 35 41 13 18 65 33 40 40 29 37 42 48 44 57 35 64 25 40 42 21 52 54 24 29 39 52 1 53 15 15 81 31 15 66 20 44 39 44 54 46 23 39 45 51 24 50 62 31 34 26 30 58 71 31 70 72 74 54 67 9 71 69 15 51 14 21 53 38 14 65 58 33 31 67 18 6 35 14 48 22 15 66 50 39 26 4 33 42 84 67 25 20 8 46 28 11 36 63 20 62
81 87 32 86 50 70 88 58 63 64 80 41 84 31 40 23 91 23 84 87 48 87 86 97 73 86 3 86 51 75 36 42 50 25 59 39 85 66 64 89 55 57 51 83 83 81 63 25 38 85 40 74 68 76 70 74 68 63 35 77 37 53 66 43 92 67 34 70 38 75 53 82 57 13 62 43 65 38 50 77 60 26 71 46 24 19 87 46 77 65 33 45 63 34 30 95 49 40 57 78 51 58 17 33 73 51 59 70 40 38 48 68 73 80 46 77 52 65 63 36 71 93 47 70 63 64 79 57 18 36 94 54 52 85 77 64 63 48 100 53 28 52 64 70 26 81 65 58 50 40 93 69 77 90 75 93 83 74 73 55 92 96 70 72 25 33 80 48 25 77 58 54 70 73 28 14 67 58 54 37 26 81 65 52 66 34 58 53 88 74 64 80 92 90 49 21 51 83 25 71
84 90 72 94 84 81 96 95 96 97 85 91 96 70 70 60 96 91 84 100 99 87 86 100 89 92 98 96 72 93 55 53 53 91 63 45 96 90 97 96 65 72 74 89 87 83 85 61 93 88 62 82 74 77 80 79 69 82 77 82 91 85 79 97 99 96 81 73 41 99 76 98 98 50 98 84 84 90 55 79 99 45 76 53 81 81 97 100 90 82 93 57 65 37 50 96 62 81 86 82 76 96 34 35 92 58 98 78 81 74 53 84 81 98 98 83 58 79 74 94 85 99 77 87 96 68 89 84 50 62 95 89 76 96 92 67 97 58 100 58 100 69 68 77 49 82 73 84 84 54 99 80 95 96 87 100 87 98 85 73 95 97 73 77 83 65 85 74 50 88 98 93 80 94 47 47 95 65 73 44 49 100 80 59 72 71 91 62 96 99 90 94 94 91 58 72 55 93 74 81

3 11 12 26 88 43 81 23 77 19 57 20 31 57 50 21 75 13 2 12 19 27 1 50 57 4 2 31 10 25 7 10 6 33 75 45 9 27 91 45 71 7 95 33 7 44 15 15 86 5 6 48 23 28 19 6 29 15 18 2 73 51 34 29 21 44 10 8 45 68 15 16 58 11 40 76 88 4 68 19 28 34 18 39 15 21 64 25 18 2 13 35 17 4 25 10 33 28 40 28 46 56 15 26 36 77 3 66 35 28 25 66 11 24 2 49 4 33 69 58 50 2 30 40 50 27 13 37 78 14 13 17 47 15 27 14 31 15 43 1 7 14 63 42 15 30 8 5 39 25 49 7 63 71 81 1 56 63 2 13 44 79 47 23 40 92 44 13 59 42 77 7 78 6 6 69 26 28 17 2 50 86 3 48 36 3 35 58 46 75 12 11 29 48 21 54 33 36 7 5
98 53 97 36 89 71 81 24 91 54 62 73 74 91 50 28 95 45 32 19 76 72 45 50 81 11 75 33 72 44 11 85 60 53 97 49 16 95 99 73 78 29 99 55 67 74 96 53 94 19 98 95 84 79 84 74 55 57 57 84 75 77 90 41 62 64 54 32 66 74 33 18 71 42 42 88 92 8 86 28 42 79 72 48 28 32 77 78 92 34 68 99 58 88 44 39 87 34 91 44 88 74 59 99 48 94 39 89 76 53 92 92 16 35 59 85 20 45 75 76 99 51 76 41 62 94 84 100 78 20 71 100 63 50 93 88 46 74 79 70 18 89 98 48 84 62 39 24 46 53 82 49 96 79 86 17 96 95 55 62 56 95 66 44 74 98 66 91 100 68 94 15 98 73 70 82 73 34 81 23 74 86 75 84 100 38 68 83 76 84 16 27 68 57 85 83 64 39 86 59

1218 201 467 575 668 1463 503 172 484 422 976 139 442 1099 641 124 28 320 575 86 840 326 2572 208 71 165 624 155 1228 520 1124 164 1714 2346 1199 475 141 425 104 299 521 962 409 941 660 321 164 404 137 798 146 256 410 626 115 1094 432 1257 1291 77 432 137 84 29 731 80 466 165 1050 274 381 1355 1323 261 614 724 688 67 183 378 1465 90 66 98 349 288 437 859 99 252 399 144 174 141 426 96 221 426 279 1528 67 671 180 30 640 287 747 482 171 643 337 321 904 17 70 881 1326 521 256 995 339 620 1730 582 794 477 204 965 1025 502 318 601 273 90 212 323 537 1079 1010 85 530 61 962 955 398 545 596 93 95 63 247 150 213 1428 266 272 169 474 264 189 649 74 80 931 1887 1379 140 260 145 454 401 529 1267 358 139 598 322 185 58 146 484 250 196 1341 521 701 460 180 1443 806 993 309 22 156 285 233 232 253 107 273
2773 1199 1575 600 703 2000 3693 270 783 1079 1825 376 483 1305 822 700 42 1155 625 204 2419 934 3087 930 294 738 1573 955 2917 1140 1511 1232 2269 2500 2537 762 442 1375 144 548 1229 1032 534 1048 871 346 347 410 353 1380 213 1434 496 751 657 1138 449 1471 1409 240 1197 207 461 43 1531 545 494 689 1159 412 515 1454 1544 487 807 831 938 189 725 469 2130 185 192 487 371 459 513 937 180 436 1405 153 952 157 2183 258 585 500 1116 2082 458 1256 1797 1361 1693 693 755 828 232 726 507 853 2747 160 329 996 1717 2141 1255 2587 725 1700 2691 2111 911 751 433 1718 1060 1136 507 665 565 304 240 568 567 1291 2255 339 621 1609 1076 2615 449 840 637 374 185 228 1079 388 483 2395 266 333 224 547 995 797 1361 593 3508 1760 3120 1967 385 777 302 599 658 831 1986 1868 509 621 369 444 105 1236 673 461 746 1662 1703 2052 764 1408 3065 2013 3296 429 173 1919 612 1004 739 329 395 541
3333 1296 2340 712 764 2051 3832 635 1190 2024 1829 975 517 1513 910 769 98 1534 1842 635 3544 973 3436 1617 621 749 2834 1084 3327 1345 3714 1372 3692 2820 3509 790 3142 1390 203 671 3401 2333 537 1511 1250 516 800 519 624 3771 650 1819 542 982 811 2049 886 1569 2612 583 1218 210 659 274 2283 926 763 804 1533 815 665 1610 1583 825 937 1392 1600 381 851 830 2230 425 826 674 921 577 551 1386 296 779 2176 196 1963 1002 2860 453 1221 719 1331 2487 1167 1409 1821 1630 1755 854 1321 965 333 775 841 962 3786 438 372 1851 2017 2954 2247 2883 836 2394 2709 3433 1747 799 485 2161 1231 1854 1304 1405 917 441 457 692 3590 1372 2281 594 1651 1704 1184 3430 1727 924 687 439 278 380 1643 772 609 2432 623 703 300 3764 1167 1255 2574 657 3597 1822 3758 2162 451 1075 878 703 819 1175 2750 2415 514 1920 487 718 763 1447 781 546 1662 1874 2924 2951 1387 2468 3783 3126 3348 826 341 3488 633 1468 742 438 725 1821
3593 1724 2980 713 857 3531 4009 689 1710 2063 2721 994 807 1636 1158 783 568 1638 1934 727 3992 1047 3704 1810 1052 833 3320 1118 3850 1874 3815 1862 3986 3140 4047 833 3661 1655 393 931 3995 2965 1009 3841 1437 1015 1499 712 883 3959 735 1988 992 1020 935 2063 947 1834 3918 1251 1740 242 1812 794 3077 1011 848 823 1955 879 1069 1955 1904 965 1846 1610 3207 627 870 987 3638 986 1052 764 976 801 810 1859 738 2010 3130 406 2004 1047 3532 790 1339 1879 1363 2757 1924 3678 1858 1800 3417 1366 1339 985 804 836 987 3029 4009 994 505 1942 2031 3499 3813 3215 1401 3202 2997 3567 2020 1201 661 3900 1285 3192 1734 1420 1373 573 590 733 3814 1642 3115 854 3757 1770 1344 3816 1768 1020 1022 574 945 953 1715 817 948 3711 711 1006 1661 3878 1784 1424 2799 805 3655 1881 3772 3888 489 1129 3403 981 1750 1381 3900 3889 3034 2039 550 788 947 1626 909 659 1701 3963 3691 3129 1390 3493 3988 3474 3491 1035 783 3963 3994 1701 968 1031 1019 2077

1119 178 324 412 391 253 330 100 414 290 663 83 47 990 107 52 14 282 371 72 139 285 1880 161 49 151 542 153 850 110 835 33 1071 2027 261 334 80 365 61 116 394 565 255 665 319 240 92 352 16 507 93 248 257 514 32 809 90 314 1022 74 365 67 44 25 582 73 284 121 929 127 194 1115 921 195 229 609 431 40 99 114 1013 68 36 77 262 242 233 830 41 162 95 101 169 105 263 86 157 148 197 884 58 132 45 13 79 283 649 249 150 291 111 260 836 8 55 313 147 494 195 913 185 177 728 63 277 424 167 927 948 329 139 427 139 81 176 230 328 809 974 49 492 49 236 667 197 60 394 90 87 35 101 139 201 963 203 191 147 158 185 75 347 38 79 493 1248 845 121 156 122 397 281 454 1176 291 25 276 184 176 24 94 389 128 72 827 73 433 435 132 418 300 836 282 15 63 129 129 222 217 87 54
827 141 320 340 286 169 110 50 44 249 219 13 25 827 100 6 6 229 253 27 76 122 1337 109 7 86 153 150 564 104 829 23 474 383 112 97 63 345 19 55 39 262 74 547 156 210 50 207 4 138 80 216 72 465 21 418 58 311 577 23 72 15 33 6 25 18 90 88 303 67 57 315 239 121 116 551 353 21 38 34 656 19 15 71 220 128 7 196 34 145 93 96 122 46 136 53 103 38 57 806 47 57 7 3 19 234 383 225 100 209 21 63 523 4 24 152 42 455 142 393 161 53 71 8 145 239 135 612 750 70 48 154 93 22 20 73 302 459 428 9 70 35 104 276 189 48 41 77 38 18 10 67 165 459 88 18 93 12 46 31 195 7 6 299 35 126 113 67 48 90 251 407 114 255 4 23 94 14 15 30 83 57 4 700 58 128 374 125 415 178 65 74 7 44 76 103 187 72 48 43
