200 4 2
43 66 57 24 13 89 61 37 26 21 95 26 22 14 94 74 45 10 25 22 95 92 4 88 40 63 87 60 52 56 87 95 64 24 62 3 16 27 90 83 90 14 51 65 41 46 31 33 48 34 59 90 76 23 82 72 49 8 1 50 26 100 26 56 43 23 34 15 67 11 71 12 16 64 26 95 25 5 46 28 26 88 59 21 77 60 56 66 89 17 15 100 68 30 72 25 65 1 31 92 52 71 77 3 84 72 70 71 10 78 95 30 41 99 37 23 46 43 51 50 28 55 48 54 13 44 65 92 6 43 83 54 99 97 11 40 58 42 46 86 12 55 97 12 27 64 94 13 34 8 16 92 29 48 3 26 81 25 13 74 62 57 87 9 44 84 29 23 28 82 53 82 7 74 4 29 26 27 87 48 76 9 23 86 72 91 9 32 88 22 52 4 7 92 3 47 57 43 56 28

7 1 15 21 15 18 7 19 20 13 26 15 26 51 28 6 24 22 16 57 7 12 22 18 2 29 19 20 3 28 3 27 38 1 22 32 37 24 6 64 24 56 21 22 3 37 22 1 5 23 46 43 6 13 11 5 34 23 7 19 18 19 24 18 40 32 2 15 5 29 5 2 16 32 2 11 31 13 13 16 6 20 15 34 72 29 2 7 30 7 20 18 32 10 22 3 20 46 1 30 7 1 16 22 16 24 5 7 35 15 34 11 18 19 5 25 14 8 8 22 1 39 17 35 17 32 20 8 63 22 9 16 23 13 19 59 31 16 41 40 33 27 26 53 1 32 6 35 2 20 12 32 33 9 40 54 11 8 14 4 8 4 27 23 7 60 12 3 22 12 3 6 25 2 48 25 4 9 6 27 2 6 21 5 21 44 48 11 1 9 49 23 5 3 36 4 11 9 33 2
72 13 17 58 43 56 51 22 38 21 49 28 27 52 47 16 24 26 22 72 42 40 25 34 41 55 27 23 5 66 3 64 44 71 50 68 51 34 8 81 29 62 34 80 30 43 37 21 44 53 86 58 32 39 44 16 38 49 8 26 30 28 26 26 47 78 30 21 28 59 9 31 42 33 7 32 53 63 30 42 38 40 33 48 79 43 62 22 46 30 40 34 37 20 23 41 34 56 38 46 20 19 56 43 22 51 32 28 62 22 58 36 21 22 6 33 32 10 42 45 43 40 49 58 40 74 28 46 69 37 29 69 72 58 25 62 82 29 51 62 54 37 46 64 46 81 6 73 11 46 31 44 38 38 42 63 54 14 22 15 41 40 31 27 13 60 38 12 63 36 46 9 33 3 50 34 9 55 37 32 58 60 34 46 42 60 51 18 19 22 65 34 35 11 81 13 13 18 35 45
73 32 27 76 53 57 72 58 55 26 54 60 42 57 71 29 82 54 69 79 65 45 46 71 63 59 28 41 15 79 49 70 52 95 58 90 58 47 12 82 59 77 56 81 44 43 64 51 70 61 88 71 35 58 51 46 74 69 39 38 71 43 36 46 57 80 33 25 35 78 26 59 48 57 43 60 80 63 58 74 95 88 60 55 79 50 73 24 65 52 58 42 66 57 24 72 34 78 89 66 25 75 81 71 89 52 39 51 69 37 69 40 26 25 33 96 56 30 59 71 76 98 79 73 60 78 30 66 75 58 45 74 73 62 99 82 96 39 82 78 66 80 72 74 79 89 6 73 40 76 37 82 44 49 85 91 57 70 56 35 58 59 79 78 34 89 66 45 68 37 64 10 45 15 85 66 68 65 82 83 84 70 42 71 80 84 67 41 25 38 85 34 44 18 87 48 31 51 75 46
88 69 94 83 84 99 88 65 63 40 97 66 83 100 73 98 89 60 92 81 80 81 97 72 76 92 84 71 86 96 88 100 92 98 100 99 82 93 41 85 86 93 85 85 86 79 97 75 84 93 99 83 81 85 93 89 97 89 60 83 84 82 75 97 70 90 80 41 64 92 38 79 53 91 70 82 95 87 97 79 97 90 99 81 79 64 74 56 70 70 92 50 90 85 89 87 94 87 95 84 40 91 94 79 96 87 100 90 84 57 87 81 29 75 71 96 79 47 76 75 93 98 95 74 92 95 68 82 91 100 77 100 99 76 100 89 98 77 90 85 75 84 78 89 89 100 20 76 41 77 52 84 78 93 91 100 86 99 95 89 82 69 84 92 71 94 79 68 98 99 83 93 59 81 85 69 69 77 98 89 96 77 90 76 95 98 85 64 35 40 95 66 65 66 92 78 99 61 100 52

7 12 40 23 28 34 53 7 27 26 78 21 33 40 83 49 41 51 74 68 7 5 19 68 30 71 55 44 35 16 18 2 26 78 41 55 78 6 38 67 69 65 90 16 14 25 18 52 32 54 15 65 13 77 54 44 28 21 12 67 23 8 1 84 3 12 39 21 33 19 48 4 1 28 9 8 37 4 1 7 17 37 35 82 27 35 46 30 54 3 32 34 40 35 9 8 12 6 8 10 4 8 77 9 63 2 72 1 26 32 44 47 55 27 65 29 4 3 14 49 42 53 47 13 13 13 16 10 41 51 59 60 8 35 13 40 36 9 21 7 92 11 73 31 30 12 43 25 30 27 4 91 13 30 19 63 64 23 44 31 64 3 59 12 27 1 3 16 51 46 61 60 8 50 38 73 43 62 32 24 47 78 10 7 31 15 33 39 35 25 13 16 4 78 2 43 86 6 27 10
87 35 93 59 83 89 67 53 48 71 98 33 65 73 90 72 72 67 95 77 51 24 29 92 95 94 92 76 44 47 20 35 72 80 56 96 96 96 61 87 90 90 98 21 24 73 63 87 34 91 19 80 64 84 70 97 56 25 22 97 72 90 91 90 12 72 53 68 41 77 49 67 26 62 28 45 64 17 78 99 68 40 42 87 99 83 87 87 97 31 100 73 53 91 80 33 18 100 36 72 66 100 89 74 91 63 80 95 54 76 95 79 80 63 81 54 48 60 57 84 48 60 98 85 73 33 91 36 78 76 91 66 47 55 46 42 64 87 47 77 100 58 89 37 100 69 70 59 77 89 37 98 93 82 68 100 74 59 97 99 76 13 98 61 29 99 73 65 93 64 89 66 26 77 47 82 64 86 76 33 49 87 11 23 41 80 62 52 77 64 40 83 97 96 23 52 89 37 51 89

716 227 332 137 164 842 1902 627 80 676 322 918 446 1374 315 187 60 549 316 36 211 272 280 227 591 128 211 796 775 309 207 1625 119 441 273 1545 343 728 392 238 108 640 198 447 76 705 200 246 465 904 436 351 1964 1080 749 229 509 548 401 940 108 407 308 1324 117 146 486 24 179 108 165 38 1018 116 75 1448 1149 538 62 704 876 2103 584 734 158 453 75 161 321 325 1378 674 203 426 146 137 290 33 111 628 173 322 250 273 567 448 385 215 131 101 289 131 195 1043 256 717 983 328 188 301 326 915 464 1111 39 393 95 125 1385 315 369 355 279 2112 461 221 223 65 339 169 761 247 245 170 262 204 1700 298 404 1394 241 691 759 1178 1352 293 143 1229 438 329 144 68 290 150 357 1067 549 384 188 701 185 217 34 109 86 1541 576 919 611 153 177 504 932 305 1313 460 2478 966 559 1306 688 453 180 361 275 59 427 72 257 749
1121 2176 1825 828 182 1387 2089 2329 515 832 507 1129 1528 1471 704 769 378 2290 357 470 584 696 636 640 1041 306 481 1359 2627 750 490 1727 159 836 421 1889 1415 741 636 693 161 764 834 640 79 3357 335 371 2556 1074 1184 352 2209 2015 1077 828 568 1587 554 951 539 2239 722 1449 727 158 863 585 534 142 604 106 2228 597 163 2396 1324 569 593 764 1538 2110 622 1117 308 991 313 181 752 738 1441 773 457 935 251 197 333 345 344 809 394 475 1125 459 1221 954 661 259 2193 543 406 867 377 1359 295 761 1198 1334 653 370 961 1012 513 1708 356 541 387 1078 2186 777 870 567 577 2128 796 1042 1090 152 581 335 810 566 1762 1426 548 298 2555 545 670 1630 474 1440 2287 2083 1453 1327 1365 2540 614 479 565 1065 2684 686 1343 1426 1101 567 877 902 795 1428 64 396 340 2782 802 1929 894 402 904 1384 1473 1015 2426 520 2898 1387 648 1860 940 841 353 697 742 1461 596 514 503 1408
1723 2405 2987 1118 323 1415 3094 3613 2149 890 623 1687 2153 1479 1905 883 615 2830 512 708 693 725 780 3660 1290 385 706 1373 2966 821 1198 2817 164 956 630 1946 2697 840 1611 736 361 829 906 1132 389 3579 730 411 3522 2154 2568 475 3613 2668 1799 912 792 2538 804 1476 591 2345 808 1550 1131 294 1156 851 572 239 653 263 2888 813 232 2414 1333 607 2836 959 1650 2866 890 1232 422 1635 1621 202 779 3612 2004 1023 1055 1795 3721 221 874 483 386 1175 2854 732 1280 495 1774 3121 944 307 2584 1852 513 916 397 1498 700 943 2844 2807 1518 446 1097 1056 1143 1882 567 832 1026 1331 2553 922 2542 804 633 2160 953 1387 1984 482 2494 393 3568 658 1850 1706 1254 361 3200 1155 1189 1873 708 1508 2466 3756 2369 1381 1428 2558 976 484 765 1507 2900 688 1447 1528 1933 786 1621 937 935 1776 103 730 523 3265 1151 2056 981 852 1526 1595 1532 1086 3597 660 3594 2081 881 2177 2882 1290 368 1067 1190 1843 622 804 793 3169
2220 2516 3054 1582 933 1491 3378 3975 2635 2944 1088 3600 2167 1996 2077 982 771 2837 535 713 748 965 881 3743 1738 1005 732 1500 3833 861 1880 3044 569 2228 898 3182 3565 1690 2049 913 705 1147 1568 1863 834 3693 840 463 3833 3057 3300 528 3951 3681 1950 993 917 2650 866 1569 838 3461 846 1817 1852 465 1487 1616 1006 724 2056 950 3568 844 895 3137 1950 693 3125 1024 2674 3430 1571 1694 1674 1994 1923 758 1065 3855 2763 1043 1516 1990 3782 258 920 958 561 1604 3841 900 1737 642 1832 3603 3832 988 3930 1969 1071 1672 806 2042 1719 2760 3380 2925 3492 513 1294 1884 1312 2236 927 1330 1056 1388 3027 1633 3535 936 741 2288 1826 1777 3175 813 3277 1916 3708 790 1853 1826 3338 745 3226 1923 3919 1928 771 1847 2620 3793 3567 1441 1563 3986 1102 1026 1571 1529 3319 712 3798 1941 1987 851 3494 1002 1021 2031 996 847 908 4008 1312 3917 1083 886 1552 1660 2680 1335 3919 772 3915 2516 1067 2247 3677 1745 806 2046 1938 1986 643 820 1344 3991

475 35 274 31 163 336 1300 571 72 528 53 802 191 1062 184 184 51 274 254 30 197 188 161 152 573 105 70 13 467 248 76 1566 58 213 269 683 265 433 210 131 46 129 136 225 8 640 64 227 306 405 344 243 969 404 716 121 234 453 373 864 36 388 228 1179 108 133 430 8 123 76 99 27 811 84 39 575 998 22 46 305 541 1123 493 659 145 299 37 142 261 273 1177 438 59 229 138 120 232 27 89 459 72 287 185 187 289 237 200 214 77 79 161 31 152 576 194 520 808 251 126 234 230 661 316 395 28 49 68 98 1051 280 300 214 241 924 233 215 177 62 299 118 365 68 221 165 220 6 1526 173 257 135 176 543 657 1126 1077 211 55 782 268 223 47 66 251 47 345 393 275 315 68 675 60 191 33 94 83 1405 414 450 584 61 169 417 557 215 1052 376 1051 594 498 1061 281 82 156 251 163 14 305 67 202 511
217 13 127 25 80 233 371 250 2 92 44 136 153 544 12 124 48 55 197 28 111 49 20 144 207 37 37 3 355 123 40 533 20 148 215 414 229 420 19 2 37 48 51 126 7 408 7 222 167 169 51 64 465 164 598 52 16 348 252 484 24 311 9 357 57 128 264 6 70 37 6 24 73 42 27 174 350 6 42 125 403 902 380 57 55 160 19 52 163 202 705 385 36 184 25 33 183 8 68 24 52 45 116 107 13 102 122 58 51 38 112 30 132 219 153 36 55 132 104 113 167 96 28 56 16 36 19 6 895 213 244 37 56 633 41 131 71 7 191 53 304 42 102 73 166 5 532 155 20 36 45 375 256 371 312 168 46 112 213 28 36 33 62 8 8 54 110 310 46 664 9 118 28 55 77 171 17 16 316 8 118 334 68 152 651 44 315 446 342 4 106 54 111 60 162 2 175 2 79 156
