200 4 2
36 23 58 20 11 74 26 89 65 63 40 13 95 63 23 13 40 76 37 8 89 79 100 15 57 42 40 29 7 37 29 28 8 72 73 11 49 66 88 42 100 52 92 52 31 90 30 16 17 77 72 45 6 73 37 46 40 26 81 56 67 37 2 67 84 81 38 43 26 6 55 50 53 94 62 87 61 46 60 2 95 77 45 38 74 7 69 19 32 96 52 46 40 30 64 88 44 45 25 20 29 77 3 85 28 23 74 55 97 23 7 45 11 17 13 67 17 97 62 22 12 28 69 78 7 54 60 79 1 63 29 18 66 79 27 6 34 61 73 36 21 72 98 69 92 62 90 12 97 92 86 60 73 78 2 43 37 100 60 38 66 86 77 55 67 76 29 9 57 26 70 48 89 62 10 4 73 59 11 40 17 59 30 36 100 25 16 6 99 71 87 64 83 72 72 92 13 49 87 59

51 33 10 26 16 36 19 16 19 58 12 4 48 20 49 33 33 3 3 19 4 27 19 4 3 6 63 39 22 28 17 3 30 1 32 29 30 9 9 10 15 12 2 6 11 4 31 7 7 47 16 11 33 7 16 21 13 8 2 17 10 8 2 44 36 49 1 25 18 9 19 20 12 19 10 11 9 65 17 23 32 1 17 1 15 4 18 49 9 15 29 43 45 9 8 10 54 11 13 8 25 34 12 15 16 33 17 13 53 24 1 17 1 23 26 45 5 24 46 1 3 8 30 21 16 54 29 8 9 8 42 48 46 9 7 35 10 33 2 37 6 9 40 8 26 52 46 9 16 43 6 8 25 11 31 6 30 21 12 9 35 9 24 32 39 18 22 10 42 26 24 14 7 17 16 48 9 7 32 39 7 38 29 3 28 14 3 17 28 36 9 65 13 26 3 15 7 14 36 24
64 47 67 46 53 81 41 22 25 61 15 43 50 43 62 85 55 4 14 45 20 28 59 68 63 10 63 56 51 68 51 18 53 13 88 46 45 54 33 32 41 26 15 46 71 45 71 39 18 49 61 16 56 32 21 21 34 49 44 18 17 8 41 74 43 62 44 39 32 10 58 38 16 43 24 23 18 65 54 75 46 20 26 34 28 13 43 51 28 84 76 71 63 48 22 19 65 37 40 15 50 51 16 23 26 39 35 50 58 49 28 49 40 61 28 52 15 26 56 16 37 24 40 54 51 60 31 65 10 45 42 52 61 75 9 53 21 43 16 46 17 71 42 13 85 75 52 61 55 62 22 17 66 15 45 12 51 29 12 17 50 11 56 47 52 39 27 12 64 55 27 14 20 70 26 54 10 21 45 54 18 43 44 43 82 36 5 54 36 39 62 71 47 32 60 45 17 17 71 33
86 67 79 70 67 84 47 34 37 72 38 81 86 74 73 96 75 25 44 75 23 71 63 68 72 68 77 92 93 72 69 29 56 70 90 57 57 65 71 71 73 37 24 63 90 77 72 43 19 86 67 60 96 35 52 38 57 57 57 22 48 81 69 79 88 84 72 40 52 73 60 46 63 51 78 76 40 69 59 83 70 76 31 84 91 26 88 54 50 85 82 87 69 63 22 50 84 72 44 71 76 68 31 25 31 44 71 75 69 50 73 65 48 77 68 81 74 85 83 63 84 53 44 58 67 68 46 82 61 67 55 55 64 79 71 55 45 99 52 62 66 88 56 14 93 79 53 71 64 70 37 25 99 24 78 78 54 42 43 30 62 19 66 57 61 50 61 49 74 56 31 17 41 81 33 55 19 63 63 65 46 46 59 50 84 58 16 63 37 76 67 98 53 43 62 56 34 39 71 76
91 77 88 86 85 89 64 86 41 90 87 89 99 93 92 100 84 98 45 82 59 91 73 70 83 79 98 94 97 90 86 44 95 99 95 59 81 67 83 87 85 90 81 85 93 95 90 100 43 94 81 92 98 55 77 78 91 99 97 26 79 97 88 94 98 97 83 49 98 98 89 48 90 100 89 89 40 92 95 90 79 85 65 93 91 75 98 97 60 92 94 88 98 88 84 74 88 77 77 100 85 78 98 32 43 85 100 90 94 95 89 82 62 99 73 97 85 96 95 63 97 82 47 100 83 100 59 90 71 96 66 68 72 96 85 96 79 99 52 95 71 92 89 42 96 85 77 87 74 99 49 85 99 39 96 79 100 100 44 48 99 54 97 75 99 50 89 76 95 88 83 61 69 94 62 75 82 94 90 80 100 63 95 86 97 61 98 91 80 96 85 100 93 80 94 100 96 86 90 91

26 4 36 80 35 27 18 25 66 14 2 65 16 10 5 32 27 6 14 47 19 40 13 8 36 23 18 32 32 1 59 10 10 71 12 57 57 2 1 39 67 10 65 37 37 13 16 62 40 30 85 59 38 30 24 10 31 11 34 45 49 61 22 76 16 63 38 36 17 76 90 15 73 7 56 5 6 10 10 56 60 9 26 19 7 67 12 25 16 26 15 40 45 22 33 2 19 12 16 52 30 9 16 71 47 59 20 27 35 7 41 21 12 6 28 34 7 21 45 12 14 14 28 9 24 9 29 40 12 67 12 45 28 25 30 47 7 52 5 39 32 4 61 38 39 18 21 51 59 73 69 58 35 14 18 35 1 13 25 66 47 8 39 39 44 70 78 45 85 14 27 17 59 26 55 10 24 49 24 47 92 35 11 6 59 61 31 46 11 4 19 60 23 9 31 12 71 79 32 13
42 100 55 86 59 79 32 89 69 86 86 98 70 82 7 98 28 86 22 62 37 77 85 89 78 57 78 100 98 53 67 82 72 83 74 74 70 13 62 64 77 90 71 73 98 53 50 68 72 68 97 66 93 46 26 98 52 30 61 67 88 69 90 80 98 68 97 51 82 84 93 59 96 70 86 72 73 78 83 67 75 85 48 50 81 90 29 87 37 45 99 69 99 36 88 4 28 65 58 73 94 66 65 88 85 74 32 70 74 91 79 99 97 62 100 69 51 44 99 19 55 94 53 10 40 94 95 74 77 94 90 85 94 82 59 95 29 80 90 57 59 100 65 74 58 55 67 58 82 96 79 66 85 78 20 87 31 86 53 72 56 83 83 49 79 89 80 54 94 45 31 89 88 86 91 40 98 49 66 73 96 68 22 10 83 85 72 81 30 34 71 76 39 70 79 90 82 90 35 33

918 299 370 364 249 143 744 440 74 1050 537 86 1584 273 206 586 138 200 188 309 430 1155 140 414 1090 324 502 1185 1080 120 157 544 888 174 1104 939 198 377 1487 49 184 256 710 136 621 233 335 1125 1127 233 74 415 137 730 475 66 166 348 924 101 465 253 1403 420 334 465 902 304 225 92 2591 294 1667 1320 390 148 159 310 410 546 212 205 444 99 1164 176 158 333 790 395 124 183 828 1709 832 373 2248 95 184 277 402 1652 856 2036 708 174 759 76 272 194 357 121 1936 344 257 355 83 163 568 601 177 348 248 253 908 170 96 85 1269 370 732 36 465 371 288 538 438 257 178 371 269 526 612 104 362 180 1552 99 546 268 926 385 811 289 268 400 100 1205 600 606 368 768 352 652 561 78 499 84 758 307 79 162 198 112 517 1362 367 93 122 354 484 729 861 1587 358 651 490 681 551 396 133 267 462 286 528 186 1515 168 350 113
1192 567 754 399 508 746 882 1336 621 1140 552 180 1722 369 321 1432 296 407 723 1044 498 1979 1283 433 1475 404 1152 1299 1857 857 533 554 2664 548 1182 1123 281 436 2096 224 330 558 725 403 1347 1214 468 1252 2787 342 744 1258 1579 1342 789 1021 231 350 1050 1592 1969 320 1863 453 753 1195 2088 351 334 678 3097 732 2298 1367 743 536 1408 431 1148 1296 225 568 753 236 1201 1114 361 388 1521 600 1210 961 1246 2383 1880 446 2617 369 266 665 461 1808 1201 2471 792 177 1209 1056 660 593 656 175 2179 1618 277 899 428 528 1415 843 198 363 432 505 953 287 257 136 1295 426 900 1487 739 636 428 2288 1039 1949 381 499 354 965 1134 532 448 609 2093 1436 772 1438 962 797 1133 2759 2124 766 408 1438 960 816 472 935 1230 877 706 669 775 445 2399 721 323 273 444 116 584 1837 2022 1241 169 413 503 1024 2996 1670 2528 1213 715 724 670 697 269 647 1095 921 791 760 1991 255 898 226
2264 678 798 946 614 822 1719 1796 712 1517 611 348 2980 1032 390 1783 546 532 1907 1203 591 2748 1498 1929 1685 624 1712 3138 1899 875 981 1010 3047 869 1190 1377 711 567 2592 656 862 581 1921 616 1768 1345 726 1821 2824 685 777 2292 3401 1444 924 1424 258 505 1805 2587 2072 354 2759 517 1044 1560 2830 895 3237 1709 3214 1154 2938 1462 955 2071 2119 471 1586 2027 449 585 1303 694 1213 3387 516 609 1878 852 1247 1076 1443 2959 2064 603 2663 766 273 794 1514 2588 1502 2791 889 207 1560 1240 690 703 970 689 2199 2015 509 1307 956 597 1976 919 344 422 2596 561 1928 320 1514 474 1366 1230 2740 1866 788 671 516 2564 1286 1967 597 966 637 1235 1220 1308 600 989 3695 1522 869 3610 985 1077 1210 2845 3617 1779 661 1969 1764 922 839 945 1240 1148 786 901 869 504 3201 876 679 589 447 165 2352 2933 3156 1291 488 709 1098 1067 3104 2790 2911 1235 874 1220 678 760 504 1338 1295 1273 957 1220 2566 532 2593 569
3688 820 3000 1001 630 3575 1876 2061 861 1793 923 854 3848 1054 452 1800 790 946 2743 1677 826 3518 1690 2013 1882 819 1750 3842 1977 896 1003 1098 3715 1039 1605 1727 952 970 2852 683 1100 603 1943 755 1986 1665 951 1831 3565 899 984 3233 3792 3967 1986 2016 846 892 2141 3743 2289 763 3508 2047 1070 1935 3084 1012 3383 1812 3550 2962 3089 2502 990 2838 3987 866 1963 3041 880 952 1426 1016 1782 3447 990 916 3986 1080 1626 1276 2005 3927 2317 1056 2765 789 976 1958 1885 4066 1908 2929 1020 650 1981 1647 849 724 1811 1021 2482 3977 914 1417 970 972 3413 1045 643 580 3855 756 3379 2208 1655 560 2450 1385 3899 2615 825 957 565 2820 1952 2724 977 1566 868 1895 3876 1574 811 1617 3770 2234 935 3826 1228 1149 1373 3629 3955 1882 846 3937 1949 1528 859 1012 1310 1599 928 1032 1021 667 4003 999 997 674 1076 565 3548 3435 3396 1894 626 1013 2186 1981 3242 3510 4061 1570 1149 2716 967 1845 718 1642 2332 1602 1057 1928 3550 895 2779 894

133 140 172 145 214 64 482 381 17 928 445 82 1299 88 125 401 85 185 142 238 427 884 84 406 1009 155 297 1035 668 98 79 480 839 119 368 296 187 263 1463 33 104 249 128 86 436 86 182 704 426 34 41 29 26 210 162 65 42 198 439 94 335 214 1259 240 309 143 849 222 73 41 2128 278 1147 521 175 77 97 261 292 354 105 201 322 79 762 173 95 242 142 210 112 113 646 601 436 359 1384 78 175 56 400 1382 373 1682 453 45 437 75 149 172 231 111 1378 177 156 215 34 150 166 512 157 217 245 190 78 106 76 83 781 236 553 16 285 269 180 394 210 197 155 311 150 506 292 80 240 170 1031 74 314 77 847 381 725 259 208 366 23 769 260 360 269 335 221 490 88 67 200 41 679 206 55 144 167 109 486 872 275 49 65 200 378 366 334 400 319 584 366 559 105 75 117 236 259 74 275 166 548 97 262 89
124 106 89 22 53 6 100 133 11 411 97 75 307 6 101 185 25 107 65 63 157 371 36 205 171 82 125 393 561 33 14 474 836 26 307 216 109 182 1040 17 39 3 117 75 17 70 112 80 297 11 36 18 25 112 13 36 7 156 183 70 240 207 435 218 79 127 435 87 66 33 1801 125 588 21 38 24 87 137 168 172 96 106 53 31 62 122 72 221 71 72 17 22 120 555 154 357 217 64 62 32 232 688 12 579 430 34 421 46 24 40 220 77 317 79 76 112 23 101 33 171 86 207 213 174 33 103 8 60 225 89 348 13 34 111 34 89 5 84 72 283 129 198 75 79 107 115 1002 42 88 64 470 357 69 126 118 72 14 575 149 193 103 313 25 334 27 15 163 2 628 8 36 33 132 23 234 467 32 36 43 177 3 202 154 272 235 292 107 556 64 61 101 158 83 3 226 152 454 42 195 26
