200 4 2
68 17 65 43 94 48 72 22 69 67 59 43 72 36 20 44 92 74 52 71 22 54 71 70 98 54 72 38 1 77 61 24 85 85 52 91 67 81 60 92 83 75 99 12 9 91 48 9 22 10 49 56 86 26 11 64 10 90 51 53 31 68 8 55 96 54 34 73 53 10 72 5 22 3 56 77 97 51 34 26 4 81 41 40 86 77 57 100 16 76 71 87 15 81 47 16 19 50 25 37 83 50 29 84 6 72 91 22 74 96 68 39 82 86 3 2 96 85 66 90 66 68 97 16 33 48 96 84 85 17 63 17 33 79 94 77 3 42 42 55 59 40 49 98 39 89 13 9 20 37 38 77 83 59 67 63 97 8 81 43 54 100 47 36 21 35 45 75 62 40 73 35 45 10 69 73 79 99 21 22 71 20 100 51 56 75 7 96 29 92 75 73 35 16 28 22 26 77 89 95

15 6 32 10 3 65 10 12 6 1 17 4 45 38 39 28 5 13 33 16 14 46 31 36 23 38 28 66 16 63 50 24 18 26 37 19 1 11 16 4 14 19 47 48 24 9 5 8 21 1 5 34 18 18 17 71 10 2 24 8 11 3 48 35 4 2 18 58 25 1 30 42 11 1 33 20 23 26 8 3 30 7 54 5 19 57 30 8 18 2 26 18 11 44 6 2 29 20 21 8 7 3 21 2 5 29 8 20 1 17 59 12 17 41 49 40 8 12 16 21 1 16 58 6 1 35 37 31 52 31 11 25 15 19 29 7 34 8 21 1 3 16 14 6 22 19 6 7 52 14 32 3 4 20 23 20 16 28 3 23 28 9 5 28 4 12 33 60 33 1 1 39 65 11 3 5 40 22 21 20 6 25 2 64 28 32 15 1 40 1 3 24 11 33 1 17 22 4 8 24
40 7 45 18 6 70 39 12 29 61 20 53 62 66 61 36 93 36 51 65 20 51 58 43 41 45 29 75 19 78 53 52 76 31 52 42 28 14 23 8 16 20 52 62 30 16 8 32 21 12 32 37 20 65 56 78 70 20 40 31 19 52 60 48 6 26 30 75 35 2 61 52 73 2 37 33 84 27 65 10 61 41 56 79 62 59 41 40 45 36 26 33 53 61 7 13 50 29 46 10 25 51 21 39 11 29 28 62 25 42 59 43 59 69 51 53 21 17 57 44 2 20 59 32 16 43 61 63 53 45 18 26 50 21 53 26 43 24 45 36 31 35 23 31 74 23 63 46 54 17 41 23 8 35 49 40 29 62 16 33 35 76 14 53 4 17 58 69 39 36 14 58 75 29 26 15 48 60 65 39 41 28 40 88 51 35 46 32 50 13 68 31 46 48 47 19 61 6 28 31
56 28 58 54 52 88 82 71 65 68 22 63 87 68 64 56 100 73 83 66 47 52 72 81 74 55 54 84 22 82 87 59 95 36 61 89 40 20 61 59 18 25 87 65 67 21 40 47 32 14 55 59 22 69 87 79 85 24 50 69 63 62 84 49 45 29 82 82 58 70 72 73 73 30 86 71 85 94 78 70 65 70 57 82 74 72 63 43 62 41 69 43 76 66 32 45 86 33 47 43 52 52 44 49 25 46 47 75 46 46 68 66 73 74 75 69 29 82 81 92 63 88 78 36 67 73 65 84 56 48 58 94 67 78 54 47 50 32 82 81 33 44 88 35 88 83 94 61 54 78 69 34 14 37 50 76 63 71 41 86 58 81 34 56 10 49 63 70 52 37 27 71 91 41 84 38 56 62 93 64 62 90 64 90 69 53 90 59 61 58 85 70 46 54 71 54 72 19 65 33
62 44 81 96 70 93 99 82 98 96 99 71 100 92 72 100 100 97 100 73 87 54 98 92 97 60 56 100 24 83 97 74 98 68 90 90 82 59 100 80 43 85 98 87 97 27 61 59 100 62 76 79 54 74 87 86 95 29 63 99 95 62 98 81 66 85 99 93 92 75 83 76 86 96 93 95 90 100 87 82 67 77 86 85 82 80 79 63 81 46 70 97 97 84 77 54 90 53 100 94 90 78 83 74 94 86 64 94 74 59 82 85 76 96 85 92 30 92 100 98 88 89 92 66 93 74 75 86 61 53 94 95 83 95 55 77 85 56 84 85 48 88 97 67 98 99 97 84 84 86 95 95 84 61 51 76 64 90 67 100 60 95 56 97 38 98 77 82 61 53 83 75 97 67 97 83 58 67 99 95 75 90 92 92 79 69 95 74 98 69 88 83 97 84 94 80 93 69 91 64

1 16 31 4 43 82 1 66 40 41 19 64 47 32 10 31 32 56 49 75 44 15 33 24 57 11 66 1 55 66 40 48 63 12 36 25 85 11 16 38 46 33 30 12 80 38 1 17 2 65 18 43 16 22 8 42 58 69 92 14 61 16 44 16 23 3 8 15 46 23 26 48 55 51 14 20 13 23 57 18 22 53 21 32 26 54 14 10 39 29 8 1 43 37 44 1 7 10 19 66 69 17 6 17 15 46 76 25 16 62 13 84 6 42 2 10 4 18 57 2 86 62 28 20 29 29 33 24 24 44 42 1 19 62 9 3 65 7 2 78 45 51 17 47 21 33 22 24 10 3 54 29 5 9 62 31 58 52 28 74 2 40 25 74 5 73 65 35 25 12 72 11 44 67 70 24 19 17 85 62 3 62 29 54 59 79 59 17 63 32 21 32 81 48 56 4 39 21 60 48
34 72 78 66 68 86 28 73 87 51 23 74 51 76 42 55 34 63 73 97 66 22 62 88 88 56 76 79 75 86 94 94 83 82 41 42 90 46 60 63 91 63 95 86 91 51 26 42 8 85 76 68 28 79 97 81 76 80 99 28 87 41 65 39 72 55 84 100 56 46 64 77 58 80 98 60 19 51 61 29 64 78 66 35 78 73 45 80 89 98 19 5 92 47 89 74 86 12 81 91 80 100 82 99 37 48 95 44 20 100 81 87 89 74 5 22 14 77 99 28 92 71 57 50 95 49 62 35 74 93 93 84 31 64 74 66 73 100 97 96 85 62 32 73 92 36 74 30 14 73 86 60 72 18 89 68 68 55 91 79 3 66 30 75 51 89 83 78 92 99 78 37 73 81 93 30 58 100 99 67 46 99 71 85 92 98 65 43 64 91 81 55 82 52 100 50 90 52 80 97

103 304 703 478 175 493 102 293 602 578 665 327 3086 51 221 930 304 540 2337 139 1127 210 1443 379 393 119 128 1495 108 269 613 163 194 1038 109 332 74 119 105 342 386 386 528 266 117 1499 204 736 739 2681 221 993 644 152 404 238 250 1455 473 532 143 183 874 1261 458 601 310 562 178 692 959 213 1100 45 814 2576 1403 355 1406 651 408 572 586 772 449 452 881 243 737 1771 1084 337 514 133 265 1923 753 67 666 42 359 413 45 1704 22 396 985 464 312 160 399 424 270 881 618 1268 385 282 461 152 860 83 380 275 180 1034 173 1076 1024 489 920 85 110 2415 146 459 441 424 174 322 361 900 1450 570 464 165 213 122 321 176 368 441 149 943 245 324 165 510 1887 103 556 303 299 349 722 586 1249 146 749 545 2125 199 426 127 188 252 412 382 171 160 398 487 104 159 74 437 925 1107 239 482 95 526 372 404 90 36 335 110 175 206
552 943 902 526 280 1026 935 370 677 2489 858 368 3186 94 587 2093 487 841 2627 695 2612 214 2654 566 470 273 239 3157 563 924 944 1064 268 1231 275 899 208 524 546 375 621 770 581 414 2703 1762 382 1920 814 2800 246 3090 3447 165 494 481 504 2448 1254 1003 681 295 926 1588 597 610 458 675 240 907 1114 255 1413 563 2774 3551 1474 392 1430 853 746 1173 1504 839 465 689 940 742 796 3789 1917 360 1198 1136 623 2772 1541 254 1149 96 1058 794 151 2625 551 465 1221 1070 1181 287 1088 1427 309 963 635 1311 1360 329 657 862 1168 1960 546 565 306 1120 320 1197 1261 1124 1842 715 812 3006 474 461 1396 640 866 677 565 1193 2318 1341 691 542 267 1065 817 255 600 834 321 1575 348 376 335 896 2752 367 851 1144 414 1080 918 1918 1553 1092 1208 921 3071 814 1408 2509 401 315 1577 781 224 289 2325 987 457 182 548 1509 2700 1421 1306 1625 327 793 760 605 1052 457 904 630 412 891
809 1219 2608 661 767 1430 1028 532 1272 3255 1375 3197 3387 724 629 2285 967 911 3055 1166 2747 692 2862 921 692 314 444 3216 796 3424 1026 1888 486 1385 744 1216 285 833 695 539 774 901 616 909 3804 1797 955 1999 913 3541 1298 3577 3778 283 761 640 760 2539 1624 1170 1232 559 931 2651 933 738 1658 1565 318 3429 1670 256 1436 739 2914 3666 1657 740 2137 1817 767 1545 1514 984 499 1830 1753 806 927 3894 3083 511 1264 3052 870 3614 1778 640 2326 638 1370 1261 324 2911 1285 570 1386 1551 1456 344 1100 1808 1579 1093 807 1420 2193 1457 1831 896 1643 2638 964 1541 452 1289 2215 1421 1480 3594 1900 831 989 3120 720 476 3503 2653 1743 1439 842 3772 2328 1823 1359 1869 579 1167 1024 681 1366 919 1146 2403 480 474 1709 961 3078 1108 987 3863 534 1643 1581 3708 1980 2666 1307 1544 4002 1424 2207 3466 3115 412 2692 915 573 372 3597 993 786 346 570 1806 3394 1859 1730 1632 2687 1435 3365 660 1657 711 999 1686 626 1696
932 1765 3627 955 1089 1664 1445 704 1382 3309 2013 3812 3519 894 639 3310 1060 924 4050 1893 3160 908 3969 1012 1015 981 1322 3592 801 3834 1374 1915 961 3197 799 1506 748 1279 722 868 2038 2489 947 923 3844 1956 1093 2999 977 3932 2042 3917 4025 879 948 686 822 3807 1933 1767 1906 704 1007 3315 1008 960 1835 1844 385 3614 1911 799 1607 1197 3336 3724 1807 1287 2975 1852 1067 2038 1714 3484 904 1955 1924 1006 1013 3914 3168 643 1746 3801 994 3892 1914 682 3143 775 1711 1291 491 3405 1481 656 1545 3943 1712 405 1927 1903 1727 1445 996 2569 3514 1859 2177 972 1663 3105 1994 1577 623 2037 3420 1454 3354 3619 2616 1307 1071 3752 821 653 3723 2704 1860 1896 982 3998 3416 1844 1602 2068 638 1196 1798 818 1613 1050 1913 3600 772 589 1963 1312 3444 1652 1630 3864 585 1764 1784 3814 2731 3761 1444 1781 4065 1519 3768 3705 3929 983 3841 1092 1012 453 4014 1885 1726 1003 708 1819 3799 1960 3628 1990 3130 1642 3835 799 1728 762 1088 1732 1461 1797

51 297 383 177 111 378 62 213 321 257 636 167 2138 36 47 712 229 370 1462 32 676 198 1384 330 303 99 119 1414 74 249 458 150 192 518 39 196 58 55 100 286 283 279 421 102 87 1395 147 605 571 2669 213 930 479 140 332 69 95 845 403 429 55 181 428 543 356 251 233 388 148 540 516 175 1085 36 746 532 1137 26 942 625 213 527 189 328 71 270 527 119 443 612 612 61 335 48 222 1832 470 39 286 41 302 87 44 1682 21 218 695 328 147 76 321 357 84 350 444 1215 353 246 295 97 201 78 307 158 152 967 137 463 658 457 90 47 78 551 94 276 210 370 99 194 83 844 1427 370 413 95 75 99 195 152 290 199 131 924 119 305 123 487 909 67 499 241 190 310 573 242 811 115 267 294 1987 25 348 93 158 203 240 139 58 148 233 322 77 121 14 358 572 530 218 189 38 468 274 305 62 32 150 26 95 122
29 163 334 83 57 232 40 179 171 211 1 105 327 7 18 296 57 81 1179 17 116 50 7 299 71 22 14 1334 67 10 221 41 179 432 37 142 43 30 80 76 125 177 162 46 27 486 3 392 280 1825 13 62 116 94 39 24 48 734 40 217 52 126 328 24 313 184 159 149 119 155 409 174 317 34 713 235 454 13 21 232 79 215 120 288 37 136 254 32 130 180 380 41 99 36 180 1712 416 6 181 8 206 75 15 640 7 116 576 50 43 57 37 5 25 347 154 331 6 195 274 37 54 57 184 11 13 43 57 195 93 173 68 13 64 544 6 23 72 172 38 172 81 786 453 261 340 88 15 83 2 105 15 8 45 72 114 302 114 35 358 18 385 96 114 255 333 32 776 1 17 170 388 2 114 23 136 103 2 95 1 7 107 269 37 13 3 234 204 122 95 170 36 14 193 200 11 23 84 25 54 65
