200 4 2
18 36 53 58 72 88 78 98 68 81 59 65 12 71 29 13 71 14 21 97 87 28 89 43 40 5 30 4 79 20 16 77 32 38 57 96 48 65 69 14 51 24 100 80 70 92 76 80 48 39 29 17 52 37 15 20 36 100 97 87 40 93 27 12 17 4 39 97 26 74 29 100 45 31 6 46 7 27 53 63 95 88 59 36 41 64 54 74 59 41 78 24 50 40 93 74 91 21 45 86 89 60 1 71 40 91 66 58 76 12 5 26 14 20 64 14 16 85 29 76 29 13 13 36 37 78 24 96 43 17 18 63 25 22 61 58 16 1 18 15 31 25 2 37 61 86 82 23 12 29 71 55 21 18 46 27 1 96 29 77 48 58 15 16 16 94 46 15 20 27 44 62 63 48 98 72 21 62 59 42 4 50 56 9 88 52 37 28 64 56 31 53 15 67 74 77 56 54 55 44

3 7 17 20 51 36 17 23 11 26 10 34 35 26 19 16 36 26 26 29 31 9 51 23 41 19 3 1 20 4 12 36 38 1 52 32 34 14 29 35 13 11 74 33 6 12 7 10 2 11 45 11 58 1 10 7 13 7 19 9 17 29 10 1 64 2 3 26 3 40 7 12 25 44 25 19 15 13 53 59 9 21 4 50 58 81 11 14 67 15 49 50 22 22 26 15 6 21 8 34 9 25 35 1 4 14 1 51 8 2 6 41 4 54 43 18 25 29 40 1 35 24 20 31 16 10 34 13 30 30 24 73 2 5 13 8 43 49 12 15 51 14 24 22 19 3 16 19 4 8 3 67 57 13 18 40 4 7 5 29 14 42 32 5 26 17 2 20 16 21 21 3 4 20 12 18 5 25 8 26 48 25 18 16 13 37 11 21 24 5 14 26 2 11 42 10 7 13 12 16
66 14 43 75 68 76 65 28 24 28 54 36 42 38 59 53 51 38 40 49 53 64 68 47 42 38 72 17 76 25 21 37 48 16 78 35 37 42 42 61 15 28 88 48 30 32 25 44 70 30 84 28 67 6 37 19 78 11 29 48 43 36 14 15 67 31 57 44 39 51 9 13 46 49 33 26 16 20 65 86 55 36 18 78 65 85 34 51 92 45 70 54 60 76 40 26 55 26 50 51 34 58 76 38 49 37 5 52 81 66 20 62 21 60 43 31 72 83 41 36 42 46 40 50 56 28 49 15 44 55 68 78 15 18 35 29 48 94 39 22 81 46 35 33 34 42 31 72 15 30 24 80 60 49 35 68 12 32 46 60 26 44 34 15 42 26 46 55 24 35 48 7 22 43 16 18 20 36 59 63 64 49 29 45 58 61 48 74 27 5 36 31 41 23 59 11 16 20 61 83
91 40 67 78 80 80 74 66 43 44 60 73 48 50 74 66 53 54 46 64 62 78 72 51 88 54 87 96 78 39 57 81 48 56 86 39 65 54 83 78 22 33 88 48 66 76 54 47 79 72 86 62 72 41 50 20 84 48 95 68 51 73 26 19 86 40 75 49 58 56 21 62 49 64 36 66 23 38 66 94 66 46 46 86 77 87 45 65 95 51 97 66 77 95 48 28 72 62 92 54 41 63 78 43 91 37 52 62 84 80 62 77 27 90 57 80 87 87 57 71 74 64 48 59 65 52 54 56 91 71 88 81 21 42 93 79 72 97 55 47 83 49 55 59 44 58 46 91 56 83 63 86 67 72 75 86 28 39 75 63 44 60 54 33 45 73 56 63 47 38 84 7 44 43 54 45 89 84 63 86 84 70 40 53 64 76 54 90 28 36 68 85 42 71 63 66 76 21 61 83
96 83 84 99 82 83 94 78 85 52 79 86 55 73 82 85 88 93 88 96 73 94 93 83 91 60 92 96 90 83 61 99 91 99 86 72 97 63 91 90 68 38 94 76 88 80 58 73 95 89 87 92 98 85 87 28 87 87 97 84 64 98 26 100 89 40 76 92 73 85 58 78 62 79 95 93 52 89 76 95 87 93 78 90 81 98 90 88 98 64 99 79 79 96 99 35 97 91 96 98 73 73 98 66 97 44 53 91 92 80 78 87 78 95 80 96 96 90 87 81 88 70 61 92 82 53 56 64 91 84 90 94 63 96 96 89 93 100 87 73 85 71 62 91 97 90 61 99 94 96 72 97 84 91 79 87 36 99 80 82 94 63 54 88 65 91 66 69 71 53 98 17 49 58 83 91 91 84 74 87 87 73 47 100 77 88 67 93 80 45 89 91 63 71 78 90 95 92 64 99

69 48 11 11 4 73 10 18 96 5 68 6 2 59 36 22 36 15 50 10 72 39 56 48 37 60 2 7 54 18 87 9 30 33 28 63 54 7 16 26 10 17 25 32 79 44 18 30 1 88 17 28 19 49 63 55 45 76 56 36 44 78 11 1 2 17 38 12 30 17 49 56 89 69 69 46 67 45 7 1 30 33 27 55 11 15 49 49 1 18 3 12 70 83 33 19 19 17 7 2 17 11 39 14 36 49 38 12 31 44 4 16 40 44 4 27 31 83 20 24 3 13 82 63 36 50 34 30 29 24 20 42 9 58 17 83 29 15 25 24 35 19 1 69 23 49 53 56 3 26 15 29 8 55 18 59 9 13 85 89 23 23 10 67 2 3 44 22 10 3 38 42 5 13 9 98 9 2 54 61 45 33 65 35 36 79 61 1 2 59 42 2 6 11 34 56 27 60 36 52
88 100 21 20 73 82 83 20 97 67 83 68 10 68 49 81 66 36 61 51 84 98 98 68 87 87 14 34 81 93 91 24 97 53 83 79 78 31 69 81 90 67 84 86 82 69 89 36 86 96 27 54 57 88 86 66 45 96 88 80 64 98 42 62 99 24 58 43 92 75 50 67 90 90 94 60 77 94 88 29 61 54 41 57 54 86 97 72 91 55 88 65 87 93 60 84 63 91 43 79 17 98 42 68 67 78 70 62 36 69 59 94 87 65 94 97 56 99 31 51 6 37 89 71 39 67 59 97 50 47 57 63 79 98 76 85 75 80 80 87 95 35 2 90 55 58 79 65 77 33 95 89 53 99 56 60 44 64 91 93 78 90 33 81 24 65 81 59 16 51 71 48 66 71 15 99 77 45 93 86 77 41 84 76 72 96 98 89 77 79 61 28 74 96 75 75 89 74 47 61

1563 73 167 1856 83 1082 808 2288 965 899 155 104 761 235 928 119 89 253 594 593 2290 225 225 175 987 106 740 118 192 181 92 322 216 940 254 549 613 100 73 1490 270 984 1025 236 443 257 1433 303 1822 223 208 65 493 730 327 551 452 1388 137 157 94 773 2013 74 71 705 473 250 210 412 46 422 298 1259 75 232 349 486 754 426 361 376 270 291 197 95 1404 1011 2402 164 317 926 115 738 496 354 2504 44 237 851 172 108 881 360 392 138 467 260 982 262 660 161 57 189 158 2169 153 1397 561 1675 42 944 598 318 562 196 33 266 778 394 298 391 241 383 94 311 934 12 791 89 183 1483 61 600 715 140 281 60 408 603 198 336 73 354 256 477 679 128 347 2619 260 416 301 350 446 177 1311 133 335 61 283 613 2321 366 1050 935 28 259 1424 189 15 1834 69 153 911 2098 2293 385 270 306 481 226 75 122 609 1116 727 338 113 320
2260 988 453 1902 556 1105 1016 2982 1677 1532 321 209 930 450 1371 361 767 697 1876 772 2974 442 1741 816 2165 1871 1288 537 595 712 373 359 459 2249 889 1056 1164 241 1195 2708 938 1200 1726 415 677 447 2180 820 2155 459 317 1032 1651 1311 1942 622 1511 1644 328 428 591 797 2157 161 489 836 642 580 593 687 503 723 354 2126 851 329 471 1134 807 545 561 589 398 661 1093 1958 1673 1279 2584 338 534 1000 602 1100 1152 1152 3227 669 648 957 198 1200 974 1043 3672 544 631 329 1490 621 773 578 587 520 399 2230 549 3648 736 2204 124 1890 629 1516 592 558 544 1186 843 780 341 561 579 634 327 1413 1650 164 828 463 337 1883 237 1007 719 1328 745 231 509 1545 266 437 2795 660 389 696 1799 211 927 2743 321 458 441 613 2159 1450 1959 204 584 285 420 1045 3353 666 2638 1488 92 835 1979 396 336 2366 84 1358 1514 2358 2754 650 1126 617 586 289 679 1341 617 1656 1247 756 591 374
2823 1467 574 2981 558 1900 1054 3803 2641 3069 390 2446 3163 754 1782 656 1148 856 3247 1138 3148 930 2267 3021 2403 2361 1301 981 609 1013 423 655 540 3069 1303 1819 2953 627 1211 2725 2766 1945 3214 657 698 1154 2787 998 2373 479 1800 1389 1800 1721 3672 2783 1648 1999 700 3245 750 1700 2306 418 873 969 642 754 731 756 1537 813 360 2689 1309 1474 637 2251 917 892 603 938 645 991 1187 2129 1799 3149 2714 564 954 1313 879 2148 1501 1517 3438 1200 1449 1139 1373 3953 1091 1273 3874 738 1080 465 1563 1570 3250 895 905 1772 816 2910 2545 3847 1635 2982 283 2772 885 2588 670 1687 845 1829 927 795 511 836 654 1007 475 1587 1701 910 1079 602 655 2174 577 1293 902 1915 965 540 1320 1580 648 546 3033 1288 734 1071 2477 916 1064 2846 335 810 694 635 2836 1486 3665 738 697 293 731 1116 3409 713 3164 1760 735 1241 3567 708 1062 2461 148 3744 1606 2816 3221 1018 3844 1284 593 600 823 1975 720 2134 1280 1282 922 477
3018 1890 783 3166 934 2036 1426 3867 3493 3480 1005 3157 3214 916 3176 1008 1637 1870 3906 2772 3965 2024 3394 3308 3263 2475 1527 1567 649 1878 763 789 940 3485 1707 1944 3029 634 1786 3503 3592 1965 3833 674 1049 1813 3896 999 3201 633 3727 1728 3051 1781 3856 2962 2866 3495 1970 4059 864 1860 3237 819 966 1898 783 1981 884 830 1968 866 499 4025 1400 1607 3930 3880 989 1507 741 957 1016 1200 1564 3664 1887 3310 2991 601 965 1826 1897 2501 1928 1744 3642 1699 1962 1443 2051 3997 1723 1318 4014 785 1862 795 1674 2008 3841 931 971 1806 1017 4005 3795 3931 2158 3202 397 3297 927 3019 907 1811 955 3247 976 1651 942 855 874 1708 706 2041 2014 1414 1946 769 909 3277 660 1619 942 2425 1071 616 1529 2740 982 599 3409 1840 1029 1764 3481 1078 1099 2938 399 928 817 809 3504 1864 4022 764 918 1089 941 2057 3947 854 3392 2020 1142 1568 3971 1021 1800 3287 412 3814 1730 3611 3583 3647 3981 1696 1015 988 1837 2980 928 2421 1624 1673 1585 1690

1202 48 150 1513 79 994 399 1571 788 466 96 83 533 184 432 113 66 229 525 486 530 126 184 125 450 77 402 92 183 26 87 290 208 512 192 540 497 25 26 1107 269 912 802 218 368 230 1146 236 1338 166 195 10 268 508 229 338 78 1217 101 97 72 685 1173 61 33 328 170 218 133 395 22 296 230 1009 39 194 255 435 528 203 344 317 101 171 196 71 1397 994 1951 140 167 739 76 131 487 274 678 20 89 672 91 29 727 112 217 134 406 247 779 52 598 47 48 182 81 2013 143 1035 206 543 30 358 432 173 421 181 30 113 496 356 135 362 103 376 92 58 596 5 525 81 74 922 44 371 574 125 235 24 71 501 146 175 30 336 206 59 359 23 252 1545 169 316 258 227 424 121 1214 117 273 57 255 542 1906 184 130 332 22 173 1104 182 13 347 41 145 721 1929 1182 268 145 169 161 123 71 73 478 886 517 123 101 256
638 39 109 1260 35 274 151 390 370 269 10 10 426 107 347 111 12 113 60 347 62 32 45 115 106 59 341 11 60 2 43 275 196 437 126 289 259 5 13 887 268 411 600 150 17 20 212 135 638 4 49 6 139 366 76 217 75 495 43 6 61 580 356 58 32 262 104 110 104 331 15 20 77 189 2 63 11 30 300 26 78 272 7 87 147 1 114 986 1828 76 80 111 26 66 474 105 494 17 76 351 87 27 287 30 21 116 2 74 487 39 285 42 4 109 61 328 137 501 169 377 22 177 111 39 103 141 24 9 407 215 32 73 32 200 60 41 432 1 184 25 62 831 2 348 369 21 128 18 46 263 79 55 6 169 67 48 161 4 2 978 154 52 59 6 1 44 349 18 212 20 182 540 1574 104 91 129 9 72 420 142 4 278 30 89 606 1812 165 29 22 161 8 91 49 7 200 15 338 85 88 187
