50 3 2
22 8 12 73 66 97 45 26 49 99 10 22 63 5 29 87 99 72 31 97 88 11 28 97 68 6 76 38 62 10 45 21 12 31 22 36 75 94 99 73 23 57 44 53 11 74 36 2 68 98

18 9 12 66 14 17 51 13 7 5 32 7 11 17 17 52 12 38 59 21 47 56 29 19 42 38 29 39 29 3 25 4 11 2 43 33 5 11 24 5 25 52 52 47 3 23 5 63 28 21
24 34 14 81 65 47 66 17 49 7 46 73 46 35 34 56 49 52 64 83 66 56 41 39 47 56 64 40 30 11 48 44 85 19 50 76 14 16 24 47 89 63 65 61 62 79 20 67 67 30
30 90 80 94 90 92 99 51 63 98 88 75 89 88 36 98 79 78 68 94 71 59 94 49 51 75 90 51 85 59 97 59 89 81 91 76 43 61 54 51 90 64 66 61 69 97 90 99 70 71

16 41 47 45 8 49 3 31 73 4 17 38 38 8 27 61 14 38 79 2 29 17 51 26 8 72 69 31 73 34 32 37 28 34 24 66 32 33 11 23 3 48 22 15 9 82 52 31 72 25
68 47 58 67 71 93 50 50 92 91 89 53 50 79 39 70 35 93 84 29 54 97 83 97 94 87 75 38 88 69 62 41 41 91 86 97 99 43 42 97 18 62 85 97 93 96 93 74 99 76

49 362 215 218 882 134 691 215 468 704 158 28 293 38 70 117 839 294 164 291 95 93 387 208 68 509 252 136 179 76 455 486 15 61 36 38 348 252 183 138 84 114 182 189 184 96 77 700 92 150
58 413 339 309 952 321 788 343 793 930 187 77 376 168 120 149 921 391 348 313 363 307 467 211 173 522 300 256 522 122 514 717 237 121 384 39 504 256 359 156 162 133 200 205 279 155 100 764 118 178
257 587 898 312 1045 331 919 806 872 1090 259 132 551 407 140 153 1057 577 398 446 801 437 507 967 1025 853 342 473 555 226 894 804 251 380 519 55 544 313 390 293 239 223 229 298 728 229 182 819 256 307

48 309 165 203 424 128 505 190 427 289 82 15 113 27 49 31 591 252 100 95 40 76 333 43 32 75 146 75 91 49 420 386 14 36 31 16 186 230 54 63 76 92 127 161 134 93 63 461 84 112
42 262 79 33 420 50 409 181 236 262 67 4 7 8 38 17 90 214 76 81 6 20 158 8 15 23 65 71 59 17 308 95 9 16 13 4 55 212 45 22 33 67 95 3 93 29 12 167 83 23
