50 3 2
54 97 17 27 16 24 13 87 50 22 86 11 93 31 73 61 81 4 36 39 18 16 43 36 33 86 32 95 90 24 34 52 17 73 89 78 87 58 77 17 87 54 49 79 68 97 51 89 93 87

43 53 5 46 31 13 4 12 1 25 17 28 4 51 2 38 17 12 8 15 23 32 54 13 47 38 24 6 13 41 17 12 9 11 10 13 35 44 7 21 1 13 15 72 10 4 17 21 8 3
56 66 40 67 80 82 17 46 8 27 59 37 36 66 10 52 40 41 48 43 41 70 70 22 62 49 52 13 19 42 27 14 32 74 62 55 55 91 22 43 50 27 32 75 52 47 49 56 87 69
71 95 63 82 91 92 18 87 87 38 85 85 66 92 26 100 84 79 54 58 86 80 74 29 90 94 53 49 39 87 71 55 46 83 65 88 64 92 29 85 95 44 99 86 63 74 67 97 88 96

16 44 6 31 19 8 8 1 1 43 87 3 51 22 31 12 3 74 44 38 29 25 27 33 27 53 19 3 15 11 25 61 4 21 15 23 38 66 6 12 16 2 33 28 58 15 12 51 66 45
81 72 6 70 50 47 45 54 53 90 90 30 59 77 72 61 41 77 61 98 41 42 88 92 66 54 93 14 30 69 36 84 46 50 89 57 82 87 76 31 43 78 42 60 69 62 96 73 67 48

426 366 45 70 76 114 52 91 245 38 206 101 180 310 150 91 106 54 269 71 255 58 275 383 70 214 94 128 395 139 347 81 135 515 126 104 228 710 559 59 288 80 95 110 120 170 79 196 179 690
434 476 178 148 189 136 78 245 319 165 426 228 849 982 262 217 135 171 322 375 368 111 360 639 375 269 112 132 428 139 952 297 237 801 167 125 370 843 676 131 324 99 389 210 250 418 115 490 380 726
512 530 215 169 565 164 236 489 337 463 552 230 880 1031 542 268 443 310 507 487 909 179 447 671 524 296 161 156 515 978 986 327 260 1037 305 263 552 884 706 244 805 186 501 318 317 510 171 557 421 974

103 357 35 11 45 31 43 60 217 37 190 95 138 200 85 43 98 47 165 70 201 32 45 232 36 31 64 59 367 100 234 80 132 437 46 87 169 126 497 44 258 45 20 77 90 18 36 143 133 589
67 170 29 10 25 1 9 50 80 18 176 56 62 45 62 1 31 46 58 8 1 11 18 211 29 13 21 22 180 41 212 75 112 306 43 9 22 23 2 35 38 10 19 31 84 5 21 68 128 287
