50 3 2
34 7 14 93 57 47 59 25 81 99 41 83 82 23 82 82 29 89 45 96 89 67 1 31 46 7 98 42 36 83 9 5 22 9 15 31 35 15 44 75 90 41 83 70 94 71 56 79 17 54

40 26 13 20 63 14 25 69 2 44 15 13 39 15 76 26 51 27 27 19 30 30 19 39 16 27 33 45 29 56 8 18 6 21 4 10 48 31 52 18 47 8 25 7 1 2 20 12 5 44
42 28 32 39 78 32 33 93 46 72 86 51 52 56 88 81 64 30 55 24 55 36 75 41 47 70 81 62 44 84 82 62 14 52 56 43 92 45 53 78 54 10 39 10 68 6 33 85 11 51
89 35 79 84 80 77 92 96 73 99 99 55 88 86 96 100 98 82 65 38 69 91 92 63 96 79 95 86 82 90 98 66 58 92 66 76 96 61 96 91 73 81 86 32 97 7 61 88 66 100

3 23 31 88 40 39 64 21 14 36 80 19 37 55 38 19 13 4 26 10 14 29 44 20 45 33 16 58 76 34 26 25 24 34 70 22 4 7 9 46 64 49 6 1 1 21 60 70 4 38
100 27 32 90 60 97 100 55 59 74 98 92 99 75 68 75 16 28 58 38 36 63 73 33 68 60 16 95 86 67 73 32 44 65 71 43 97 12 54 60 72 53 76 90 67 92 100 85 56 73

66 103 119 418 64 360 101 133 120 535 57 97 145 30 106 165 747 623 51 139 414 474 114 635 122 367 198 89 111 116 11 13 123 21 49 132 73 210 103 141 149 407 335 323 485 194 138 336 220 649
206 160 192 459 125 440 105 134 391 689 137 191 181 235 182 575 750 686 171 610 421 505 181 919 290 464 201 212 122 364 102 60 220 65 258 175 579 631 240 749 242 628 664 473 615 355 172 434 901 945
248 237 205 506 250 952 370 178 483 806 215 577 276 467 378 1076 894 1005 254 848 474 579 204 945 476 484 999 222 260 385 144 304 304 167 463 176 766 669 294 848 654 671 900 688 1025 539 270 830 983 977

40 44 102 411 55 288 95 102 73 249 29 75 142 18 60 75 609 477 44 100 188 473 89 420 71 232 192 66 103 41 6 11 72 10 44 73 33 152 85 82 94 388 231 235 404 110 29 238 207 284
23 39 67 138 6 86 86 75 9 182 28 19 108 4 9 19 131 17 36 10 119 398 88 229 28 154 45 27 21 9 3 1 41 9 2 70 22 34 6 15 76 45 201 64 15 75 2 185 139 91
