50 3 2
76 1 78 32 89 48 64 71 49 98 65 41 85 63 94 100 30 50 9 16 1 69 80 15 61 39 43 93 2 46 66 81 72 6 81 71 33 72 86 40 44 70 98 31 98 77 64 38 31 71

4 1 85 29 28 63 4 47 38 13 33 21 7 16 32 29 5 34 7 41 49 5 5 30 33 55 10 1 31 8 17 32 19 12 27 26 29 15 16 2 17 33 25 55 19 30 37 27 35 19
46 28 88 29 33 85 54 74 41 66 50 41 48 21 70 48 75 79 38 59 91 40 89 51 36 93 32 16 49 28 29 57 40 13 71 34 76 18 34 31 26 49 32 65 19 34 52 33 77 86
84 32 89 83 99 96 81 100 88 100 77 60 93 66 70 51 96 92 53 79 100 85 90 82 79 95 34 69 80 91 42 90 40 44 83 58 78 89 78 72 90 68 81 93 50 85 93 92 90 88

24 53 73 10 34 19 24 8 40 40 47 19 14 24 42 34 25 19 38 13 37 11 27 30 11 62 57 35 48 80 29 83 11 50 3 38 61 80 30 88 41 7 16 45 9 33 20 67 34 8
27 89 93 36 68 97 49 53 45 57 86 42 60 82 84 87 83 86 39 92 96 65 61 87 19 90 74 64 92 86 33 97 30 59 78 97 76 96 55 95 97 86 61 84 38 43 44 92 50 33

465 203 105 90 111 86 222 103 60 160 345 91 154 108 155 229 194 190 50 346 9 136 92 238 113 210 758 231 591 164 900 209 319 452 202 228 58 214 437 432 93 274 140 160 464 181 115 108 141 130
729 219 258 210 253 241 258 507 120 423 475 180 201 287 181 259 222 282 282 557 170 200 605 494 124 225 804 303 661 357 901 649 539 724 293 512 246 478 758 592 109 433 593 435 516 202 305 252 313 133
883 241 320 228 287 341 298 736 240 562 606 208 282 519 236 328 471 678 459 712 180 276 607 821 286 383 973 310 739 484 937 887 595 974 431 891 532 495 867 739 164 1051 929 529 1082 550 345 874 397 367

102 195 85 65 97 74 211 20 28 110 255 83 93 90 48 46 168 106 47 122 7 63 76 35 104 127 569 207 298 68 649 72 98 256 115 145 42 28 239 231 6 108 17 108 369 126 67 73 134 83
51 121 46 23 40 32 154 17 21 86 133 76 35 4 28 23 94 21 3 68 1 54 50 26 20 40 226 190 250 1 21 32 34 255 56 14 1 21 126 118 5 100 6 67 308 89 12 47 109 6
