50 3 2
69 68 28 37 47 21 58 97 91 87 78 85 13 52 99 58 16 64 4 64 83 63 34 43 79 92 9 50 32 52 18 42 96 11 74 52 43 100 56 39 89 41 70 24 17 39 45 55 32 75

37 11 39 3 19 24 53 52 1 9 21 39 29 35 51 33 32 50 9 22 50 35 27 5 6 36 84 31 42 20 3 52 8 60 84 60 10 20 35 26 6 17 19 12 50 8 8 53 5 67
58 76 42 53 47 44 80 77 64 37 22 53 47 74 54 36 81 55 48 68 57 75 34 30 33 52 87 63 62 53 20 82 87 82 87 72 53 26 42 85 51 58 77 15 58 16 26 57 20 68
86 92 94 96 86 100 92 96 64 41 91 54 49 93 79 90 86 75 92 71 86 93 62 84 98 55 96 80 76 97 42 85 90 92 94 99 98 44 60 85 87 78 86 73 95 58 94 84 54 75

36 26 21 1 46 14 7 86 12 37 58 74 46 19 6 2 9 22 25 89 28 55 26 4 6 33 52 48 67 2 17 35 2 11 74 30 12 16 19 87 19 54 68 37 43 25 13 13 6 30
41 56 60 28 73 78 28 92 80 75 70 99 85 73 73 42 85 75 65 93 97 58 59 79 31 51 84 78 88 93 41 96 41 75 87 36 19 88 95 89 21 94 87 74 90 30 70 42 66 94

167 126 146 146 89 83 377 106 194 217 146 137 39 99 110 145 495 692 15 96 104 71 81 181 206 236 121 144 94 388 93 334 607 95 305 119 53 337 57 812 409 260 152 117 25 242 447 120 142 120
474 292 146 178 192 96 424 309 421 270 254 166 251 104 448 147 723 868 111 506 475 110 217 489 237 366 249 192 508 553 875 362 801 108 383 219 350 350 409 1017 644 286 225 263 146 388 858 175 338 255
566 680 203 283 199 197 1051 318 559 549 296 227 256 292 567 212 910 972 157 1063 477 184 266 492 488 483 257 214 869 599 951 591 892 156 882 237 472 499 917 1032 1022 471 286 439 197 510 884 211 511 294

152 95 8 113 83 81 236 20 153 193 94 130 27 97 70 132 491 422 6 49 61 23 29 142 93 108 86 97 16 290 48 90 91 93 266 81 38 315 6 229 85 255 127 81 20 69 203 99 124 101
55 19 3 70 57 24 118 12 1 30 10 51 20 29 8 62 156 250 4 26 36 22 8 60 9 81 78 59 7 117 10 81 23 12 96 71 26 160 3 51 82 154 63 5 13 1 91 58 29 50
