50 3 2
66 41 12 88 22 60 29 96 11 2 18 21 59 52 81 35 2 76 35 42 89 3 51 26 2 21 11 4 58 41 29 86 41 97 66 6 74 20 41 80 28 11 45 76 96 52 12 49 86 37

31 34 42 41 3 64 18 38 59 10 13 9 59 36 65 24 19 35 56 30 43 11 70 24 33 55 34 29 25 25 4 20 2 16 10 3 26 32 65 40 62 10 34 8 19 59 54 14 21 57
92 41 61 74 62 67 66 49 70 51 16 74 70 75 71 57 30 67 89 57 44 11 88 40 64 86 43 50 54 50 45 21 58 22 12 39 50 52 69 72 81 51 45 21 33 77 57 34 86 58
94 79 82 91 80 91 90 86 100 83 23 76 92 79 80 93 64 100 91 91 83 77 94 53 86 88 81 64 88 70 83 79 84 56 98 90 89 73 91 100 99 75 96 61 88 90 98 77 100 82

4 10 45 38 58 9 20 2 7 61 15 84 53 6 58 24 25 23 33 77 50 3 8 32 6 55 27 11 17 14 29 4 1 60 26 67 4 4 36 21 7 3 24 2 10 75 47 44 48 31
72 91 82 56 62 57 82 41 19 81 97 100 72 24 62 27 63 43 58 88 92 46 37 100 19 100 96 52 37 23 39 80 12 88 81 92 98 95 41 45 51 76 36 14 40 99 88 56 96 57

193 108 376 198 44 165 119 133 49 92 331 280 65 79 160 161 719 857 524 62 471 25 471 56 6 29 18 103 266 76 168 339 112 124 129 318 165 66 92 271 140 136 151 754 146 107 253 305 139 69
203 618 501 445 76 274 163 250 342 129 906 438 520 422 181 433 963 902 604 65 482 352 488 222 148 194 27 253 808 192 571 999 235 191 148 331 342 154 102 297 378 142 328 969 167 196 313 773 141 459
244 742 810 460 255 840 200 258 655 391 973 509 795 588 185 451 984 957 885 79 526 357 489 275 178 238 101 485 983 426 994 1037 539 533 288 338 460 280 119 338 667 229 398 1034 268 294 374 985 258 512

173 86 296 181 38 109 80 124 18 75 210 98 25 52 97 39 516 479 239 46 388 11 316 34 1 24 17 68 193 59 143 335 106 37 121 245 155 44 57 198 124 119 31 565 75 53 185 77 111 32
98 57 99 38 22 104 37 99 3 46 132 39 3 28 12 2 52 102 178 28 178 10 161 33 1 17 13 19 45 14 98 51 63 30 16 45 61 1 25 167 120 1 5 491 45 42 6 65 68 3
