50 3 2
18 30 35 34 50 42 97 79 69 61 44 2 85 48 6 95 95 49 26 8 51 37 7 1 2 42 26 80 74 67 31 35 83 85 79 4 74 5 100 23 80 34 48 42 1 52 28 80 23 70

28 9 9 60 13 9 41 25 28 63 24 75 51 25 32 47 42 13 18 54 25 37 39 25 8 10 38 2 5 52 13 35 1 82 59 5 32 8 15 62 1 21 6 47 67 1 4 28 44 46
54 14 59 68 22 81 65 85 82 69 55 77 69 70 38 76 43 60 38 58 30 67 67 52 39 62 65 7 81 87 70 51 5 94 61 63 77 22 16 66 36 54 74 63 89 36 83 38 79 49
79 85 76 72 23 83 99 88 100 93 88 98 85 95 54 98 44 67 81 75 35 84 88 99 73 77 66 44 99 91 97 87 71 95 86 96 86 57 49 74 76 77 92 85 100 65 95 76 95 67

24 9 60 18 22 1 81 30 8 36 30 5 9 45 16 15 13 87 21 9 35 64 22 55 32 12 16 40 51 18 67 38 45 65 42 12 74 15 43 50 22 64 12 60 33 25 7 1 38 45
28 85 96 67 93 76 82 62 80 65 79 87 58 81 71 23 68 90 90 38 100 89 25 86 94 37 59 63 90 84 97 43 93 66 92 82 77 45 64 53 82 82 74 71 53 84 66 95 52 100

45 542 56 64 80 289 259 91 124 163 354 267 580 138 223 139 247 158 412 188 184 132 142 163 680 122 134 90 111 276 95 212 163 257 100 419 207 129 137 123 151 102 470 47 161 118 35 392 81 136
165 980 94 77 89 300 294 191 216 288 369 620 859 992 377 171 425 181 524 276 369 200 159 309 747 356 184 105 415 365 454 234 176 475 198 676 257 242 844 156 699 178 522 49 336 171 62 410 82 141
351 1008 232 233 215 400 297 299 242 445 374 685 1068 997 813 212 958 358 600 400 493 376 225 440 961 477 209 271 425 816 652 257 846 532 297 700 261 321 1044 253 884 265 656 166 422 197 127 1027 196 261

38 159 24 46 49 100 176 39 90 108 336 229 161 67 219 119 87 50 398 78 110 125 137 94 608 120 50 77 96 257 90 124 54 256 97 308 187 126 116 110 91 37 302 18 28 109 11 127 27 62
23 144 9 38 30 28 29 11 72 40 21 201 6 60 122 66 63 48 267 67 69 73 58 63 187 48 16 24 84 177 11 5 53 98 44 58 13 103 88 41 61 7 74 8 11 4 4 96 21 56
