50 3 2
81 64 13 73 89 94 50 89 71 61 9 32 15 60 100 36 20 26 31 79 45 20 6 97 38 96 96 58 18 44 4 6 71 97 4 8 16 62 29 48 66 44 3 67 90 58 75 70 5 8

9 29 2 26 2 10 30 43 35 17 10 42 19 52 28 31 29 24 12 23 26 13 22 45 80 28 2 7 4 16 55 12 8 40 3 26 68 23 18 8 4 36 36 31 47 5 3 32 10 62
13 79 60 49 66 14 56 61 62 24 14 72 29 74 32 66 49 71 20 87 27 35 44 86 85 34 15 26 54 31 70 45 28 51 9 41 90 41 20 27 29 44 50 45 58 33 14 58 12 71
58 97 94 54 76 18 75 67 63 32 86 84 67 83 98 82 72 88 85 96 39 99 59 89 90 73 49 72 78 51 88 56 34 62 34 76 98 41 44 52 72 81 76 64 61 60 78 88 38 98

22 21 61 14 53 73 2 23 92 48 4 46 43 52 80 33 3 56 67 26 66 58 41 47 30 11 6 9 61 32 56 15 49 12 58 9 43 4 23 33 13 10 48 29 27 74 2 45 42 39
30 77 78 20 100 80 24 28 92 55 83 71 52 57 87 75 33 59 86 89 94 66 67 99 83 45 58 22 89 83 100 73 56 85 80 56 94 75 74 69 44 42 64 54 80 91 39 46 82 48

417 125 209 476 123 210 93 223 143 384 374 79 325 214 151 85 109 309 121 166 128 320 63 139 292 270 206 310 69 49 52 55 121 306 111 132 168 165 81 71 237 288 311 513 165 211 163 142 107 94
444 178 240 643 164 228 154 280 765 674 378 134 724 259 324 151 158 562 312 267 141 418 808 764 336 446 346 354 72 362 241 120 140 416 304 143 201 204 146 463 625 296 899 544 253 402 555 245 158 100
845 193 657 797 259 335 194 319 1005 1028 508 189 939 403 367 173 190 653 415 277 522 418 947 998 446 573 545 549 153 686 261 943 514 442 710 229 203 473 568 524 880 987 991 617 372 518 705 293 175 210

357 94 179 191 108 141 75 78 136 181 250 67 293 195 101 74 54 248 73 30 106 211 54 94 224 247 176 297 43 48 45 51 95 237 69 110 161 83 65 51 139 127 41 59 67 172 157 119 63 86
295 72 44 97 40 30 47 72 23 56 243 21 18 114 36 41 22 40 69 21 80 131 53 34 59 150 53 10 39 36 24 39 31 224 11 8 9 1 16 4 19 108 25 7 23 61 75 117 3 75
