50 3 2
24 20 53 74 73 67 56 28 11 13 62 51 6 23 12 15 99 68 71 59 71 81 44 79 58 55 94 34 81 93 83 67 99 7 88 76 98 1 62 97 58 86 69 47 1 91 47 69 40 44

4 11 20 10 31 15 19 43 15 10 38 17 41 1 21 5 50 44 11 11 17 11 29 33 1 23 20 39 13 59 15 9 15 35 52 53 2 7 7 22 66 12 46 8 85 14 25 34 8 7
44 43 32 48 58 22 22 67 38 45 94 53 71 7 32 5 75 65 29 25 34 73 72 36 14 42 49 50 41 67 32 33 39 48 60 79 31 31 9 70 67 44 62 13 95 40 94 36 34 67
51 76 91 65 91 65 42 84 74 58 98 86 76 84 71 48 92 98 38 46 40 93 85 86 17 82 99 57 54 98 87 59 66 76 99 92 69 68 87 92 67 90 75 91 97 97 95 46 86 85

56 13 21 48 47 35 22 36 27 56 43 32 17 23 39 1 26 29 16 23 41 29 32 67 40 81 71 38 70 55 18 10 8 60 42 34 27 61 24 15 23 1 56 3 39 1 28 60 48 19
63 45 89 92 94 76 68 60 67 91 71 51 65 86 56 34 51 82 64 52 46 75 57 100 73 98 100 57 96 93 56 20 91 98 90 87 77 66 85 59 92 70 72 63 58 65 33 82 70 58

206 187 94 243 144 676 316 634 153 185 262 52 252 238 97 289 101 186 98 148 83 269 178 116 363 64 145 289 414 465 590 340 178 75 116 410 146 69 203 131 107 117 180 268 40 197 203 70 314 158
526 331 156 424 521 809 445 697 278 192 857 163 498 338 125 357 150 372 229 159 163 323 237 155 404 401 167 404 652 492 809 534 338 247 338 537 151 149 205 243 145 292 254 391 218 341 377 271 388 498
927 726 211 517 723 957 485 878 508 691 963 304 959 344 211 412 944 1036 329 285 165 454 537 272 481 515 289 766 809 550 1037 1007 503 993 385 1003 283 301 219 331 415 330 277 535 227 452 466 442 524 628

99 129 33 173 81 315 223 404 109 152 82 40 206 67 61 238 92 118 82 108 56 262 146 62 352 58 56 205 226 425 268 239 140 57 7 253 127 51 95 12 91 23 35 258 27 69 187 50 140 93
87 59 28 52 43 160 214 163 105 57 13 10 7 58 57 228 46 38 72 39 48 75 14 25 191 16 2 28 147 147 143 145 77 25 5 63 115 12 40 5 56 21 13 152 12 46 177 9 114 19
