50 3 2
30 30 5 44 67 99 30 23 7 80 46 87 4 69 93 93 44 71 24 67 82 40 2 58 89 23 89 59 79 12 83 43 24 29 13 18 14 60 33 56 84 96 38 36 91 42 75 83 97 37

5 40 56 17 4 10 3 33 9 43 1 6 15 14 2 18 28 48 16 26 3 13 6 4 8 3 21 1 38 33 16 38 21 56 21 9 3 9 1 37 35 16 14 26 20 53 4 7 63 12
50 49 67 44 14 53 26 41 44 60 27 6 37 69 49 45 50 72 41 54 82 93 35 19 53 22 47 77 39 52 42 63 57 76 27 73 60 20 53 39 48 18 17 39 67 64 40 51 85 46
67 83 96 52 34 56 49 51 57 79 41 73 72 71 50 69 98 75 98 91 87 100 45 20 100 48 84 87 44 90 88 100 87 91 67 82 92 59 73 67 68 26 98 47 74 82 90 89 90 98

38 8 49 36 9 29 62 65 57 48 15 55 7 87 57 94 37 37 59 1 5 17 9 1 28 16 18 18 75 52 33 21 2 18 5 20 7 59 57 2 65 14 37 1 17 68 6 71 14 11
80 77 79 93 67 74 100 66 69 53 29 81 11 87 71 99 100 44 68 3 86 93 56 76 93 52 36 85 78 89 81 45 79 34 36 70 54 83 96 13 86 47 93 85 31 100 60 82 40 72

126 174 109 216 286 228 359 216 150 236 594 258 20 423 390 100 311 101 358 144 86 210 487 210 154 86 170 76 389 208 222 385 83 87 71 66 270 283 370 143 113 147 170 134 182 76 96 146 199 197
191 187 207 296 441 268 844 222 201 241 927 267 21 542 421 189 420 309 419 172 134 215 928 264 154 154 197 93 448 659 422 407 255 222 101 253 312 296 814 427 204 359 179 134 321 236 148 547 216 220
983 188 288 452 512 286 1007 269 469 302 982 337 226 552 469 717 987 318 771 311 294 462 928 294 154 408 411 146 496 699 989 536 434 261 196 268 475 875 826 886 980 482 242 901 443 239 219 708 219 269

101 48 15 180 264 150 312 168 131 231 567 70 15 393 23 74 241 98 47 122 63 72 408 199 16 26 32 73 375 104 157 363 67 34 46 52 168 124 324 91 107 70 142 121 127 73 84 124 173 89
97 47 3 27 247 57 268 143 97 75 263 57 6 356 22 29 57 60 33 66 60 56 390 147 14 13 16 56 203 71 55 98 17 33 41 6 41 119 193 17 69 11 13 82 54 13 15 44 50 28
