50 3 1
19 83 227 113 36 85 1 98 1 180 177 262 41 91 55 58 13 213 278 196 42 115 78 36 115 71 216 94 180 116 35 163 19 6 234 177 56 43 314 69 242 1 122 271 63 3 76 280 74 41

22 1 39 5 18 15 38 41 18 34 14 14 10 22 28 6 1 26 41 31 29 27 11 31 14 1 10 30 23 27 1 31 49 28 5 48 10 42 27 8 12 34 54 30 10 14 16 4 46 10
36 21 54 15 24 32 53 49 34 41 15 26 13 28 29 7 9 34 58 38 49 49 12 51 27 18 20 48 24 36 20 34 57 33 19 58 22 55 48 9 22 47 82 46 26 33 23 23 61 15
52 24 55 32 41 41 59 62 45 42 28 27 25 47 42 24 11 50 65 47 57 60 28 66 28 19 22 59 25 52 30 35 65 39 20 66 30 65 65 29 33 56 98 49 37 36 33 34 62 21

1 22 3 7 20 14 17 17 3 1 17 6 2 9 8 9 6 1 11 1 11 7 9 1 17 7 17 5 9 1 4 6 7 1 1 1 25 9 19 14 22 6 18 1 4 9 9 1 10 19

5198 2310 2898 2598 3163 2132 1605 2969 2403 1876 1672 1335 3218 1035 3239 2651 1797 2839 1817 4872 2340 3668 3456 1426 3030 1994 1503 2245 3133 3113 3327 1733 3388 1136 1685 2325 3260 3492 3723 2682 2975 3524 1568 3508 4476 2843 3421 1585 1450 2217
6380 2624 3230 2964 3772 2379 1771 3667 2695 2093 1914 1543 3751 1240 4033 3159 2046 3328 2140 5609 2655 4248 3903 1643 3441 2383 1848 2708 3813 3760 3833 2066 3873 1397 1999 2888 3847 4309 4095 3095 3586 4099 1906 4238 5006 3488 3961 1948 1652 2466
6912 3144 3620 3610 4466 2593 2016 4367 2995 2366 2232 1840 4213 1454 4697 3648 2363 3737 2416 6176 3031 5002 4307 1883 3797 2789 2212 3081 4392 4326 4573 2443 4347 1532 2235 3234 4279 5057 5002 3396 3883 4521 2239 4919 5943 4053 4426 2241 1805 2866

2747 1950 1486 1632 2045 1759 1258 2508 1256 1442 1292 911 2254 766 2594 1542 1337 2160 1603 3310 1532 3152 2574 947 2031 1683 961 1992 2484 2431 1916 1146 1745 677 1454 1667 2494 1845 3114 1635 2667 2730 1406 3036 2875 2223 2585 939 1015 1816
