50 3 1
24 82 139 87 56 134 151 142 190 1 321 78 29 77 135 268 75 235 19 14 56 1 38 29 44 88 1 176 59 277 190 236 95 104 165 1 33 1 186 161 28 141 107 118 118 208 67 99 26 65

4 18 8 28 9 31 21 39 26 11 35 15 5 34 18 32 19 15 21 26 30 7 58 17 15 27 48 1 27 8 36 8 22 37 13 30 1 27 27 1 23 1 24 9 1 50 1 36 1 50
12 22 19 35 22 34 22 55 28 26 52 18 13 41 27 46 42 37 22 45 53 17 65 23 31 32 51 17 49 20 40 20 35 38 27 33 10 40 28 8 41 24 33 21 15 74 31 46 41 64
32 24 28 44 31 43 35 80 29 40 65 36 33 48 36 65 47 45 45 57 56 23 68 37 41 38 56 24 56 34 47 26 45 46 43 44 22 45 57 21 50 37 48 36 24 75 36 53 60 74

12 12 1 15 6 8 1 18 6 8 5 10 5 15 1 14 1 1 20 19 4 5 11 4 1 7 15 22 17 12 21 13 20 1 9 8 1 9 1 2 16 7 15 8 2 10 13 20 16 11

3098 3483 2719 3292 3549 3571 1547 996 3288 2640 1896 2890 2906 1983 2753 2782 3122 165 2711 3252 2950 2301 2323 1627 4482 2619 1844 1923 3148 1701 3200 3912 3580 1337 755 1781 2318 3608 3080 745 2555 1703 2958 2696 2839 843 1785 1815 1426 1126
3485 4308 3355 3919 4362 4371 1725 1214 3762 2991 2129 3432 3452 2448 3234 3337 3699 205 3066 3633 3637 2748 2662 1833 5003 2942 2091 2237 3471 2074 3836 4504 4018 1498 866 2130 2701 4018 3421 891 3127 2069 3298 3050 3478 1024 2215 2135 1661 1361
4085 4895 3711 4411 4754 4760 2076 1344 4310 3401 2547 3833 3961 2650 3744 3781 4127 228 3436 3998 4275 3091 3047 2181 5607 3504 2348 2542 4118 2401 4486 5210 4536 1786 967 2422 2943 4680 4044 1003 3389 2386 3830 3442 3921 1182 2591 2573 1984 1625

1810 2857 1581 2954 2092 2644 1166 701 1958 1707 1534 1887 1604 1564 1611 1909 2504 89 2385 2187 2655 1582 1186 1018 2807 1355 1124 1459 2428 1040 2400 3406 2130 1011 498 898 1554 2419 2585 665 1611 1007 2581 2044 2048 585 1542 1561 1062 780
