50 3 1
157 59 258 288 121 112 214 27 188 311 193 258 40 43 259 95 211 73 137 132 1 44 89 224 58 87 187 120 38 148 10 31 193 79 99 120 128 111 232 178 152 160 64 56 40 104 199 1 303 192

18 14 1 17 18 5 16 29 27 14 55 39 7 18 19 27 48 1 26 16 26 1 35 1 6 33 20 26 20 1 12 14 16 51 39 20 43 32 1 32 15 20 29 5 35 29 12 37 21 9
20 15 3 38 24 24 33 33 28 17 58 41 10 29 20 42 59 4 37 35 34 12 42 2 12 46 38 29 34 4 22 17 31 56 53 21 57 43 12 37 17 22 35 22 37 40 24 53 30 26
22 27 15 48 27 40 38 40 29 28 67 42 15 49 23 55 73 30 52 42 35 30 47 10 22 55 50 30 39 20 28 18 38 75 63 31 62 48 15 53 19 30 37 35 38 45 38 54 41 27

5 15 18 10 7 6 3 19 12 1 1 4 1 10 24 12 26 10 5 18 12 6 15 5 13 7 2 10 1 6 14 3 15 1 1 2 2 13 11 14 14 11 6 12 7 6 10 6 5 18

4251 2091 2832 331 3592 1685 1405 4313 4142 3664 1971 5684 2326 2149 1056 5605 3877 2041 4005 2156 1481 1913 2146 3705 2069 3699 1713 2621 2806 3083 4615 4547 2461 3460 2178 4123 1051 3806 720 6256 2847 1743 1899 4072 2293 699 4503 907 4294 4166
5125 2580 3314 382 4134 2069 1563 4759 4788 4427 2265 6939 2864 2628 1206 6480 4299 2382 4467 2534 1779 2270 2635 4575 2319 4173 2003 3131 3500 3660 5427 5246 2949 4308 2557 4767 1299 4340 833 7589 3284 2065 2287 5047 2714 828 5502 1064 4957 4876
6087 3070 3945 425 4928 2343 1722 5698 5411 5022 2512 8166 3169 3057 1377 7248 4892 2745 5440 2870 2067 2728 2959 5225 2719 5067 2211 3441 4089 3993 6031 5757 3303 4742 2777 5759 1514 5206 933 8674 3768 2349 2510 5766 3204 995 6446 1182 5609 5693

3276 1598 2531 261 2324 906 794 2187 2519 2971 1444 4718 1223 1282 721 4071 3372 1683 2015 1247 1305 1372 1402 2192 1351 1889 1278 2247 1876 1953 3666 2819 1640 2595 1659 3475 568 2972 597 5500 1584 1173 1567 2120 1540 572 3184 663 3844 3473
