50 3 1
1 109 63 71 148 10 112 206 140 136 202 67 144 162 52 115 40 170 115 183 184 1 77 220 195 26 198 173 203 130 152 1 57 1 116 1 238 1 66 91 77 58 105 1 152 121 111 108 79 92

27 1 1 35 37 32 36 43 13 36 25 36 24 30 28 23 10 23 1 38 28 15 40 4 27 1 35 1 1 26 21 13 1 6 15 8 15 1 16 7 29 23 28 23 1 4 39 1 32 30
33 2 3 44 51 34 46 57 14 54 34 40 25 41 53 29 25 24 22 60 29 20 51 15 51 2 41 12 8 27 31 14 19 23 22 16 24 6 25 9 31 26 37 36 8 16 42 6 41 34
54 6 22 52 67 56 47 62 23 59 56 56 31 55 62 51 30 42 25 73 45 21 59 27 57 12 50 14 21 41 32 15 24 32 23 24 42 8 31 18 50 27 39 50 25 22 50 27 51 38

13 5 8 11 6 19 8 21 9 8 3 10 15 17 6 12 1 3 5 6 5 1 13 32 1 11 12 14 1 18 10 1 1 17 1 1 1 13 1 9 19 7 11 9 6 13 16 29 15 1

1398 928 1785 2751 2656 1738 3092 1431 1573 3136 1552 3645 2967 2789 2027 2101 1405 3473 173 1686 561 3249 2181 3507 1352 2648 3174 2727 3060 3631 1523 1654 57 2736 2776 889 1847 2364 1729 3615 2632 1177 2927 1884 3618 1347 2195 2250 1776 3087
1703 1146 2152 3080 3269 2126 3427 1736 1795 3476 1939 4189 3490 3201 2233 2318 1751 4185 205 2059 671 3675 2579 4093 1544 3218 3888 3301 3811 4244 1794 1933 65 3137 3240 994 2283 2748 1958 4321 3201 1470 3253 2345 4201 1636 2527 2533 2131 3853
2021 1367 2371 3503 3677 2535 3759 1938 2155 4010 2095 4817 4009 3634 2545 2764 2046 4608 226 2338 772 4208 2835 4733 1843 3611 4641 3763 4339 4657 2156 2330 78 3765 3573 1157 2740 3266 2304 4847 3742 1601 3905 2604 4635 1837 2787 2818 2334 4447

857 690 1324 1586 2106 929 1556 1051 1238 2252 840 2574 2655 2408 1395 1198 1145 2504 153 1380 441 1666 1707 2091 807 2378 2223 2004 2574 3195 886 1129 32 1446 1396 476 1000 2000 1270 2238 1449 949 1485 1526 2860 882 1482 1647 1089 2297
