50 3 1
24 43 53 76 72 68 22 65 20 31 50 33 18 44 64 8 55 33 68 68 4 18 58 71 27 32 85 87 53 38 52 98 4 31 50 69 76 29 85 35 61 5 66 83 51 20 59 34 1 35

4 32 13 8 43 3 3 62 5 40 50 3 15 10 19 29 33 24 21 16 42 29 18 5 61 37 6 35 10 7 22 24 10 46 9 29 72 13 43 4 8 26 25 65 23 28 7 63 35 7
67 48 35 24 74 48 11 67 26 45 72 58 65 14 27 30 53 63 59 69 58 58 21 59 61 39 19 81 33 40 48 39 29 69 35 54 73 18 94 51 17 79 36 71 66 39 13 70 49 73
88 80 46 74 96 67 99 93 98 77 95 66 82 58 88 83 68 96 90 82 92 61 98 99 80 43 37 94 48 40 62 71 69 74 86 86 97 40 96 88 47 86 99 82 81 96 56 83 81 94

16 59 35 4 35 90 6 59 2 36 28 6 88 50 9 99 25 3 63 96 68 45 19 40 70 69 49 77 63 41 2 5 99 36 50 40 87 29 97 36 27 69 37 98 100 20 42 9 31 25

447 164 264 218 454 254 75 136 45 352 61 343 71 194 182 154 175 220 128 80 48 107 119 78 116 221 342 260 79 109 198 218 56 348 271 127 136 277 326 39 222 295 234 143 183 457 103 153 2 89
699 187 322 235 458 429 285 355 55 446 165 351 130 426 375 202 238 417 203 131 52 181 388 90 342 861 412 294 163 268 341 540 141 403 538 223 150 623 746 83 229 670 365 398 992 485 140 252 449 134
993 206 442 283 504 492 483 369 127 469 436 434 165 522 395 205 323 430 279 295 254 492 500 246 519 890 1005 300 165 394 534 583 187 414 595 383 280 915 776 164 291 674 393 414 1028 805 182 428 493 284

207 140 35 217 203 163 7 12 14 269 47 30 48 150 125 89 52 30 54 6 15 39 94 1 66 49 15 120 31 79 142 67 7 216 26 42 16 7 278 29 190 247 46 10 49 386 71 83 1 23
