50 3 1
43 79 38 84 48 63 79 17 6 45 15 78 65 100 81 61 62 27 1 23 45 78 8 25 42 87 12 22 81 84 77 87 79 15 16 70 32 72 4 5 72 62 77 5 68 35 49 37 96 89

3 22 5 52 48 67 3 39 4 2 32 76 2 10 41 11 3 41 20 19 22 5 7 4 5 12 26 29 13 48 54 18 20 1 82 18 3 9 56 12 6 35 22 5 33 10 31 46 9 64
14 70 15 74 91 74 35 53 72 61 55 78 16 13 74 14 39 44 57 46 40 26 56 19 12 16 79 59 14 60 60 29 23 30 83 23 12 27 85 68 10 51 33 19 47 14 80 52 18 88
91 89 62 98 98 80 46 88 85 62 56 100 49 56 93 74 76 63 86 72 90 30 86 23 38 38 95 92 69 68 93 36 51 98 88 28 24 80 89 98 92 80 40 95 57 84 83 98 77 96

14 59 86 56 64 37 72 74 84 85 3 62 11 33 46 8 14 40 85 2 44 72 64 69 91 69 50 17 98 41 90 77 9 46 76 100 82 38 17 44 18 75 43 21 50 71 32 98 35 88

159 170 468 488 58 534 127 279 285 72 20 286 90 315 103 109 103 88 10 144 51 422 190 48 167 191 96 195 101 451 156 166 266 283 134 88 191 443 58 280 98 541 98 89 84 45 138 73 232 105
169 187 800 561 113 550 231 375 670 123 78 870 617 461 103 177 205 197 240 188 67 520 266 263 242 724 342 354 290 504 226 654 374 445 693 155 343 587 351 430 169 645 141 115 268 211 146 161 236 254
214 763 1035 581 141 1025 414 993 799 212 108 990 1033 506 161 250 246 244 424 425 78 553 340 513 267 734 727 394 326 560 270 749 450 647 806 158 900 687 413 440 239 979 423 256 277 212 230 447 470 258

158 23 417 16 32 170 98 95 282 10 17 9 47 47 3 89 81 45 6 138 49 177 47 35 46 34 68 106 47 383 22 9 35 99 52 40 94 383 1 38 75 347 35 75 69 15 41 56 157 79
