50 3 1
16 79 63 66 86 36 87 28 25 18 42 73 39 21 61 56 5 2 68 95 74 64 77 28 18 67 30 5 56 67 83 8 23 67 70 84 31 97 20 69 22 50 99 88 26 81 64 54 62 72

71 30 6 5 17 4 57 18 2 12 6 42 30 20 77 31 1 29 25 29 6 12 60 38 10 15 1 41 31 35 38 15 9 42 56 18 23 6 42 1 46 54 7 15 15 3 17 4 1 49
87 73 26 12 67 20 89 54 56 69 68 61 52 69 83 42 48 46 80 62 38 49 84 43 45 31 8 52 45 37 56 59 60 80 59 73 62 16 44 82 87 67 7 28 46 12 34 48 53 80
99 78 99 65 85 26 100 83 71 80 94 92 61 97 99 46 69 93 94 93 98 85 98 60 49 72 12 95 90 67 58 85 100 81 61 79 81 50 51 91 97 78 82 81 49 27 72 84 86 88

58 78 95 48 91 56 57 7 10 91 93 99 33 73 66 12 90 10 4 34 49 11 83 97 25 8 13 97 97 69 100 74 51 100 60 36 29 2 70 94 13 48 12 25 63 43 92 44 72 72

209 456 190 233 532 170 308 91 41 545 167 358 110 96 97 77 257 15 353 205 240 124 158 96 113 103 97 202 59 228 105 179 119 98 228 392 96 287 95 196 162 405 137 233 119 389 65 574 105 233
283 657 257 254 714 615 382 136 147 820 744 362 797 232 128 147 634 87 686 587 241 152 188 156 140 240 215 206 100 281 688 180 281 256 255 573 135 351 134 460 319 411 139 784 187 601 468 774 270 291
321 1044 303 286 988 965 491 370 254 820 982 942 824 445 235 207 739 232 1048 1015 279 233 243 304 405 310 565 235 143 300 858 245 393 331 264 752 227 719 428 528 960 446 177 923 688 742 570 1037 273 320

125 365 43 10 406 168 155 71 14 497 69 122 6 79 8 36 67 13 217 186 32 19 12 75 53 90 75 180 52 31 59 25 14 62 50 20 61 39 53 187 15 58 49 168 20 78 49 35 55 11
