50 3 1
35 29 4 32 97 53 85 38 87 12 47 70 96 71 73 55 46 23 24 65 22 21 25 38 25 56 22 94 76 26 32 50 92 57 66 27 90 83 89 36 6 4 97 23 45 62 74 88 83 85

32 31 10 28 49 13 19 11 34 32 11 21 68 12 71 8 81 35 25 33 4 20 30 2 24 14 23 43 9 18 42 17 25 18 21 1 57 58 42 38 38 31 6 21 1 66 34 23 8 83
64 86 28 58 67 42 48 18 52 54 41 52 72 36 89 13 83 44 63 87 10 64 51 42 69 33 32 58 29 73 45 40 37 22 53 40 67 62 48 60 45 66 11 31 79 81 61 33 27 85
95 91 37 69 70 86 74 55 73 70 71 79 82 74 96 86 90 52 94 91 53 69 62 69 94 84 60 97 33 96 91 70 78 70 73 47 78 73 99 87 77 95 60 94 91 89 98 38 57 100

100 85 76 27 38 90 2 89 62 1 18 72 25 28 100 60 15 94 44 60 95 86 19 13 56 56 90 12 56 62 93 19 46 44 51 65 21 33 49 3 94 59 68 73 88 64 6 76 43 13

107 544 77 99 425 69 94 139 278 113 284 368 606 119 223 71 216 45 41 117 358 100 62 94 31 215 65 113 194 34 64 256 165 239 160 194 93 216 175 88 33 6 376 56 104 90 101 92 803 357
229 545 176 209 738 90 195 390 730 578 331 423 1015 176 439 76 301 389 123 225 397 250 70 465 98 561 75 216 289 183 495 393 166 734 290 233 110 915 268 520 49 24 449 639 273 118 295 103 803 458
263 1026 216 220 1094 119 331 495 1024 912 383 489 1073 232 522 548 455 737 351 263 478 375 164 698 177 727 261 256 441 255 977 395 334 1037 304 378 407 1041 323 999 98 192 562 900 408 226 829 326 1024 573

15 273 36 35 277 58 72 29 50 73 210 51 49 76 198 43 208 25 35 1 219 50 35 39 5 41 1 1 133 12 21 211 84 221 5 126 83 146 72 28 18 1 68 38 55 74 80 41 791 303
