50 3 1
81 52 59 14 32 79 26 26 25 73 42 49 58 77 53 53 73 64 79 77 61 86 59 73 52 51 48 25 79 82 30 16 50 16 15 13 83 75 48 3 63 41 74 26 100 42 48 22 37 81

3 46 40 2 4 47 19 23 30 4 32 18 10 8 3 36 57 6 59 36 9 51 10 36 18 5 10 65 32 23 51 26 16 20 8 30 46 2 8 13 29 39 31 9 75 12 16 54 36 20
7 84 86 11 60 80 29 59 58 12 42 64 61 48 63 51 70 35 87 39 32 52 11 52 37 29 21 87 58 77 54 41 39 34 40 39 65 50 9 36 40 41 46 10 82 30 44 57 42 35
78 90 90 39 84 95 39 95 63 58 60 89 83 85 99 58 90 100 92 67 90 62 58 95 70 91 35 98 94 81 86 90 90 49 89 67 100 62 38 67 78 46 89 58 97 66 93 65 81 83

98 40 44 75 41 74 16 23 10 26 53 85 59 53 52 59 26 23 27 49 3 31 69 41 6 73 12 64 3 66 61 73 48 46 38 96 82 11 70 49 93 24 68 11 70 9 28 31 52 53

88 65 137 25 120 104 249 435 855 485 88 244 311 177 240 136 288 141 164 629 130 236 181 159 121 319 107 277 741 92 115 59 277 150 326 113 123 75 78 79 118 149 75 572 119 55 81 135 62 410
137 205 384 82 209 175 460 460 886 529 187 263 343 658 532 586 356 219 209 903 161 414 316 265 147 413 165 356 873 200 148 122 308 192 349 138 179 267 488 134 135 151 201 825 150 393 582 348 188 489
165 540 450 232 441 311 966 832 1003 558 271 422 469 1059 562 746 357 327 250 945 214 576 519 970 372 519 1044 481 874 286 255 265 414 266 389 263 719 545 1038 221 199 214 240 827 284 533 904 405 287 560

29 45 65 5 46 43 97 272 832 3 43 25 134 145 220 96 112 34 10 413 13 209 134 142 81 180 104 158 587 26 98 23 252 101 60 19 118 50 41 49 46 111 15 317 63 47 74 58 7 136
