50 3 1
65 96 98 66 2 31 40 66 13 9 46 7 97 73 75 57 40 45 44 53 31 98 21 61 96 15 11 33 52 88 90 27 20 67 4 10 34 18 8 87 40 77 99 60 29 17 64 2 71 54

1 7 1 56 2 7 27 7 37 30 30 45 13 26 5 29 38 2 43 3 18 21 15 15 33 56 15 61 65 42 18 9 49 33 7 63 51 20 5 9 19 17 47 9 9 27 3 18 42 22
78 28 10 78 14 8 55 56 51 76 37 50 37 33 54 56 50 49 98 36 60 65 45 58 51 65 48 87 71 60 21 35 51 96 40 66 80 57 72 72 26 94 78 63 64 58 21 75 56 42
80 85 13 85 30 61 89 92 70 80 61 82 69 57 99 97 56 94 100 90 78 68 76 75 70 87 65 96 81 69 55 83 78 98 81 70 89 94 82 97 93 98 86 93 93 100 51 99 59 84

86 76 32 83 30 67 19 91 87 57 96 27 30 98 46 57 42 17 36 57 93 27 59 44 9 8 20 44 1 75 33 22 31 7 49 4 75 9 77 14 37 12 8 38 35 40 47 59 22 48

88 183 117 567 162 403 255 107 61 92 423 215 113 262 670 148 49 122 186 389 305 226 264 185 112 22 249 206 182 158 152 119 90 380 98 904 112 49 88 215 150 187 226 252 168 152 65 48 291 296
433 196 233 885 256 694 319 198 162 147 960 318 259 330 748 391 393 195 628 456 484 418 276 439 174 76 358 782 255 197 452 212 177 683 117 912 145 141 103 459 604 237 291 594 183 153 151 385 428 306
455 339 313 988 444 751 524 261 171 172 1018 531 284 464 897 435 617 225 634 491 809 541 395 893 697 248 419 993 342 274 553 385 183 758 214 995 166 167 218 466 918 296 352 861 204 274 160 449 463 322

84 159 67 11 2 56 184 69 7 23 280 173 49 59 510 31 22 13 37 376 100 2 43 19 31 3 177 115 92 26 49 6 47 23 55 75 36 5 43 139 10 140 206 121 85 22 39 18 34 4
