50 3 1
61 17 39 83 43 14 85 37 64 69 39 26 56 5 13 72 2 82 42 15 75 73 12 81 3 94 28 26 80 78 46 97 9 99 2 86 89 15 64 25 45 83 87 46 34 24 23 60 73 58

1 59 32 43 14 20 14 19 32 36 11 3 1 28 15 10 17 72 5 31 14 16 21 64 17 42 12 3 10 46 33 18 20 28 26 8 40 11 2 31 11 50 20 39 28 63 6 72 17 42
17 77 66 85 35 75 43 25 52 43 58 31 40 41 86 47 38 84 66 71 52 56 73 74 27 56 83 42 25 60 84 93 37 50 43 18 66 62 7 61 21 73 27 68 53 70 56 84 23 73
27 83 96 100 84 95 98 82 61 84 79 89 99 61 97 68 56 92 93 74 59 79 91 93 52 65 95 63 91 62 89 99 50 73 96 33 94 64 65 85 29 95 44 97 67 97 76 97 34 85

91 28 15 76 86 27 2 55 36 52 60 52 71 99 57 90 15 28 94 58 92 22 3 71 48 75 52 1 8 92 10 22 27 17 14 18 25 11 5 75 4 10 25 81 100 38 44 77 41 3

106 103 192 160 101 122 430 65 388 166 126 450 73 72 37 150 161 138 227 131 164 77 336 161 76 99 137 101 245 398 180 116 309 293 119 253 407 51 271 63 204 274 162 224 79 24 369 105 138 77
157 360 620 237 129 182 551 297 521 335 413 657 200 77 206 175 211 215 430 187 247 118 697 186 202 209 400 201 354 457 191 248 345 321 325 308 412 88 509 200 275 316 281 594 123 660 489 142 437 101
184 382 981 311 369 207 633 317 707 502 415 1010 395 95 247 898 245 242 484 424 624 173 798 210 238 248 812 243 521 542 266 279 397 442 399 336 560 220 524 244 280 1005 293 883 634 865 494 157 520 256

75 92 44 28 62 104 336 1 201 8 31 197 5 41 36 28 54 27 158 28 97 70 245 80 18 2 88 99 234 62 95 106 117 57 35 226 323 11 159 28 52 252 161 38 55 13 83 20 59 1
