50 3 1
25 7 64 45 61 52 2 46 69 69 49 21 66 21 58 87 96 50 21 8 15 48 71 56 59 55 45 44 31 97 2 27 33 36 28 4 52 5 18 39 15 14 45 4 25 35 71 19 48 85

6 6 52 39 32 72 15 10 25 25 57 11 26 58 2 15 18 23 45 22 9 4 16 37 9 2 55 4 48 38 52 18 1 34 15 12 4 24 48 17 53 64 9 6 1 9 15 40 7 6
21 10 79 91 58 73 38 35 49 48 88 46 50 62 21 61 41 72 69 77 69 72 43 52 59 86 84 45 72 49 54 82 37 71 36 14 46 43 59 46 77 76 56 13 64 66 31 72 11 14
70 96 93 92 73 98 52 91 79 92 100 58 72 73 45 87 41 98 73 81 70 77 47 100 98 94 98 71 94 65 79 94 62 73 77 63 89 73 82 91 83 89 83 89 67 71 93 73 67 37

86 97 91 4 75 57 89 2 45 10 59 83 3 10 85 21 4 96 10 77 17 77 9 18 14 34 74 9 55 8 86 33 74 35 16 70 91 48 76 86 15 36 43 63 86 35 25 72 46 32

30 43 209 428 109 159 349 201 103 190 124 200 151 257 73 125 293 235 37 44 24 397 90 178 525 96 362 161 77 242 142 397 151 520 131 71 323 52 206 78 101 403 111 28 142 141 126 309 54 360
235 192 234 915 262 217 621 811 493 294 354 257 192 713 83 155 298 268 66 46 180 413 92 358 597 160 389 242 143 537 207 475 160 560 172 77 399 135 379 303 475 467 703 593 342 307 194 355 216 435
253 393 427 979 325 269 744 830 562 549 362 295 251 786 183 192 561 295 233 249 480 482 215 457 1028 273 723 277 413 561 209 493 209 826 252 113 505 814 844 707 988 503 855 720 367 526 547 431 297 527

15 17 59 281 31 114 82 66 60 98 121 31 146 198 12 41 48 170 32 19 1 304 1 151 91 41 83 75 60 35 139 280 3 260 123 49 34 46 52 58 90 123 89 26 96 114 97 90 5 156
