500 4 1
6 73 15 50 36 11 61 39 7 14 72 33 81 93 56 57 89 28 20 57 76 58 45 40 98 7 14 44 58 61 99 70 94 28 45 44 57 49 42 24 56 32 3 96 25 75 30 51 39 58 90 79 4 2 4 17 88 85 7 73 33 87 80 87 64 55 51 97 24 96 25 26 61 5 77 65 82 40 75 2 13 60 15 55 78 5 33 89 39 82 85 1 30 68 29 17 18 4 24 75 21 6 94 50 67 36 66 85 11 80 94 59 6 36 76 13 28 40 21 5 13 46 25 62 45 58 1 69 96 49 93 39 85 45 11 86 29 1 55 11 59 75 13 10 20 20 63 32 57 55 17 56 25 59 96 14 75 2 10 65 29 57 42 6 99 17 44 88 90 98 11 90 48 47 49 5 10 67 69 24 63 42 29 37 26 70 48 62 57 81 71 23 74 99 89 70 67 44 54 93 46 41 98 69 13 67 47 87 97 62 86 68 93 31 34 2 8 74 20 35 89 31 20 32 51 11 40 99 88 81 97 4 42 70 30 50 32 49 34 64 87 36 90 49 52 7 61 34 89 55 48 57 90 4 57 61 15 71 13 8 83 92 45 58 10 97 95 21 56 37 96 51 83 12 21 33 35 36 32 9 72 91 41 25 72 77 44 3 39 39 85 29 55 26 49 73 7 16 16 97 85 12 58 36 36 75 19 92 24 33 94 55 9 74 6 69 78 9 18 42 42 72 78 59 53 62 40 83 92 86 9 45 7 90 40 62 9 32 29 20 52 72 59 90 49 93 37 36 21 10 7 45 7 89 15 26 92 49 56 55 14 85 1 14 29 56 82 42 56 24 25 94 76 6 57 46 22 52 73 37 96 82 38 42 44 21 68 93 10 37 3 76 33 92 3 29 63 26 40 32 100 38 16 71 94 19 17 21 19 31 29 45 27 43 98 99 9 18 19 82 62 49 65 89 66 28 97 8 88 10 19 60 8 38 100 16 52 80 97 6 73 74 77 61 66 77 40 70 35 70 25 63 5 96 89 75 5 67 59 41 25 76 29 70 46 94 55 16 95 57 73 66 81 23 35 52 49 42 43 100 91 80 30 64 32 46 1 70 63 45 87 66 90 86 61 98 65 8 27 93

1 61 2 4 14 80 1 20 13 14 9 23 20 8 43 3 28 38 63 6 9 57 13 26 30 51 9 44 6 16 20 8 43 12 9 10 40 29 3 7 62 5 34 11 24 19 35 60 53 18 24 4 5 6 11 18 4 48 3 55 6 11 4 10 29 4 25 7 44 15 7 35 22 5 16 13 20 13 15 23 17 13 32 2 8 19 28 47 19 38 8 24 11 2 13 24 46 37 9 19 12 28 11 5 5 11 16 22 65 7 69 1 5 4 18 18 11 19 16 3 15 1 4 20 25 2 9 30 39 22 19 10 7 8 23 15 32 30 27 24 28 10 6 1 18 65 1 18 5 16 40 24 36 18 10 16 5 34 8 8 67 7 49 22 1 5 73 23 33 6 17 2 14 8 9 6 32 18 11 20 6 57 13 52 12 23 39 3 38 67 2 5 21 1 1 14 25 9 39 14 16 19 29 8 6 8 3 28 24 20 8 24 32 20 28 60 28 32 7 16 13 7 13 29 12 10 6 26 2 36 18 17 17 24 3 45 38 9 17 4 4 34 11 18 40 58 46 13 25 28 39 62 21 17 53 6 6 12 13 2 5 56 13 14 9 1 4 62 46 1 13 5 19 26 4 55 5 30 32 20 11 29 2 13 13 11 22 32 7 16 16 9 5 4 6 11 11 23 10 28 18 49 8 9 30 6 4 13 22 34 9 14 25 43 12 25 36 6 23 4 5 24 15 31 37 4 32 45 29 39 31 6 33 2 19 10 23 14 11 18 22 2 74 38 15 50 1 62 27 15 6 28 3 17 2 5 14 10 2 31 20 25 2 35 3 40 7 9 31 13 72 4 46 7 42 4 46 15 1 15 16 45 26 54 11 11 19 21 7 26 1 36 19 33 29 73 9 4 6 34 14 8 1 56 26 24 22 3 48 10 28 15 12 3 26 5 8 4 35 33 3 17 33 12 1 19 13 12 7 29 25 56 47 47 3 41 25 4 18 22 23 24 19 17 40 16 19 39 3 15 13 2 45 31 8 6 9 3 4 24 18 8 10 22 6 54 17 3 51 29 5 72 21 19 11 16 26 5 1 5 5 40 15 5 8 8 20 47 19 22 13 6 6 9 1 29 41 9 50 3
9 69 8 15 37 85 8 58 35 46 65 40 31 12 72 4 32 44 66 20 10 72 21 28 31 56 34 47 24 31 35 56 74 35 33 14 56 61 28 59 65 37 35 24 71 26 53 63 60 49 61 14 24 12 21 20 8 52 60 71 30 22 71 23 43 15 59 20 50 36 37 40 30 25 25 20 71 24 27 34 53 27 71 3 66 45 43 57 50 39 39 28 29 27 24 39 58 48 42 28 37 37 39 33 19 46 19 49 67 40 70 29 17 82 23 56 17 76 66 24 53 44 17 53 49 21 12 32 41 42 46 49 56 15 61 35 46 62 69 49 52 31 30 8 24 71 71 47 9 20 54 47 42 34 38 20 21 38 50 65 72 30 65 34 8 31 76 26 39 20 17 64 18 13 18 7 35 62 28 41 11 80 38 68 23 45 87 24 46 68 13 36 22 47 14 32 30 13 47 46 18 31 39 11 53 17 65 60 67 29 47 64 49 40 65 63 60 47 17 30 16 58 26 66 22 32 21 66 7 39 22 46 18 26 40 58 47 15 35 13 20 41 45 21 50 62 74 31 32 73 60 90 50 29 70 37 37 53 47 3 10 66 43 51 19 21 68 69 64 22 45 44 42 65 12 61 13 55 75 40 17 37 64 14 51 47 26 70 34 41 38 55 25 28 9 19 55 49 25 37 46 64 42 33 78 8 52 16 49 38 16 55 30 80 16 52 51 19 23 7 12 27 49 39 42 11 37 76 73 41 75 75 38 31 38 38 66 29 41 23 40 6 75 42 17 78 22 67 68 73 48 44 8 25 20 37 35 50 4 39 41 30 23 82 30 49 43 56 34 14 82 28 76 49 50 44 50 20 26 21 30 47 77 55 50 13 20 21 88 48 31 44 28 39 70 75 45 17 28 59 58 12 69 65 46 64 36 10 49 41 33 20 78 7 57 62 26 13 62 44 20 52 72 34 6 27 46 67 20 46 46 76 52 51 39 43 30 62 46 36 30 24 61 19 54 49 51 85 28 19 16 16 58 51 12 29 23 4 41 48 34 33 12 29 10 58 36 47 77 37 30 76 28 64 37 56 59 28 6 65 7 73 23 53 21 13 31 63 21 44 62 57 9 53 20 32 41 21 53 8
12 90 17 24 88 88 56 66 39 50 94 77 59 41 95 8 42 49 76 78 32 76 28 44 66 66 36 85 26 67 62 76 78 37 40 41 69 76 66 66 66 39 45 48 88 84 98 68 72 87 75 17 57 15 33 77 54 75 65 83 88 65 72 35 71 67 68 55 94 47 64 60 70 85 38 57 92 53 64 89 90 47 74 65 94 67 55 84 68 63 81 55 64 54 39 49 97 66 51 39 55 57 75 92 55 77 93 88 74 50 83 36 57 92 45 66 37 86 79 42 76 50 84 57 51 32 17 43 43 67 98 69 61 57 72 75 59 87 89 95 74 61 85 46 42 84 94 53 55 20 57 87 67 68 79 51 42 41 57 80 79 45 80 42 43 35 89 75 89 58 49 69 37 45 46 51 44 68 72 41 11 80 43 81 26 55 89 96 87 77 78 47 69 53 45 59 35 19 75 96 55 48 87 14 82 20 83 91 69 30 48 67 82 65 88 67 63 59 37 31 40 65 68 84 30 49 56 72 40 89 89 61 55 59 67 94 65 22 49 52 86 57 55 45 54 91 86 62 34 96 65 97 69 63 93 67 46 86 86 30 63 92 62 61 66 45 70 83 90 25 65 54 44 87 12 63 38 82 85 46 26 59 81 23 78 52 77 73 71 62 49 67 79 35 43 42 59 54 32 39 47 83 74 67 85 38 69 35 49 66 58 56 34 81 17 53 56 24 67 41 90 64 76 80 42 53 39 76 90 61 75 83 55 47 92 60 72 37 57 31 93 15 78 61 80 94 33 90 70 89 71 64 56 32 21 78 66 62 48 46 65 77 23 88 63 73 48 67 52 32 89 51 95 69 64 51 57 80 33 22 40 82 77 82 70 32 44 91 93 74 44 74 74 57 89 84 62 58 54 60 77 64 77 69 79 71 47 21 54 71 43 72 82 79 78 80 32 41 98 48 59 83 82 87 31 28 47 73 22 73 63 91 70 63 40 61 45 70 83 37 43 38 65 76 64 73 59 88 31 75 46 56 88 54 58 65 44 68 47 72 46 35 59 39 13 71 44 57 92 65 60 79 34 84 40 90 62 49 42 73 11 92 59 76 23 67 52 67 26 89 82 60 10 56 54 60 60 32 62 46
14 100 42 94 95 94 99 92 41 71 96 77 68 68 100 99 96 56 80 84 68 100 51 55 79 78 60 88 36 70 71 82 98 88 66 91 75 87 67 72 94 63 52 90 92 97 99 88 80 89 89 88 97 67 53 96 98 99 94 88 97 72 93 70 73 93 70 77 97 56 68 67 86 86 75 69 94 64 66 95 93 53 75 77 95 71 98 85 100 91 95 79 83 68 62 85 99 84 86 78 67 66 89 100 80 100 99 98 79 75 87 92 69 93 77 73 51 92 94 86 88 68 96 74 54 35 50 63 99 98 99 97 77 97 92 82 68 99 92 96 80 100 91 54 99 90 99 56 56 80 87 94 71 78 81 93 89 56 92 97 80 87 83 63 50 100 90 82 95 75 100 81 83 100 61 70 98 85 82 86 52 91 63 81 43 73 95 97 99 83 88 52 76 67 56 96 50 85 80 97 85 66 96 85 85 74 99 94 91 82 95 89 88 90 93 88 81 81 68 69 47 96 75 97 40 60 80 97 98 96 97 74 62 61 94 97 97 63 60 61 96 99 76 64 99 94 89 69 59 98 70 100 81 84 95 88 97 94 99 93 96 95 100 88 67 80 71 94 97 87 78 67 80 98 25 77 46 100 88 89 71 81 91 65 92 66 82 76 77 68 58 100 81 72 97 58 87 81 44 87 86 98 74 92 89 58 88 94 67 81 80 87 86 91 78 98 68 78 90 82 95 91 85 87 80 71 41 86 94 79 83 89 95 81 93 87 83 94 87 39 100 20 78 65 97 99 33 93 81 93 87 86 67 53 96 92 68 90 64 82 96 79 45 92 73 91 94 69 98 38 93 73 99 82 83 70 94 99 54 99 73 88 96 93 91 57 66 95 97 87 75 98 93 62 97 94 95 67 59 86 95 100 84 90 99 99 73 86 76 75 59 84 93 82 86 84 90 96 98 100 95 99 90 89 42 81 89 80 56 93 80 93 94 74 91 71 58 97 84 95 70 64 81 96 93 85 62 92 85 100 73 86 94 70 69 91 80 93 62 100 82 78 74 43 100 100 99 69 98 83 98 83 69 93 78 91 79 75 97 80 39 100 72 93 99 92 86 93 85 93 90 60 54 75 57 65 99 87 82 67

79 82 68 45 23 26 51 87 34 47 34 30 9 11 58 11 30 58 44 88 12 39 38 87 26 92 26 50 17 24 61 43 38 28 78 56 62 68 58 7 65 86 56 25 20 90 92 11 58 7 96 66 15 27 37 81 37 34 34 2 71 82 46 43 22 68 93 17 29 29 83 13 46 64 51 58 47 14 69 59 98 15 69 32 23 62 39 70 30 13 99 3 6 53 47 47 56 93 40 88 52 71 41 12 6 26 80 91 4 22 78 89 21 97 28 96 92 49 9 73 83 15 56 21 37 12 3 15 35 37 52 79 47 59 29 14 75 18 56 32 49 49 42 88 53 48 34 32 10 43 13 85 17 75 36 29 47 91 75 86 54 5 23 96 21 79 1 13 57 78 30 1 38 94 23 83 32 58 64 12 48 99 27 92 87 1 49 32 7 8 1 65 6 45 89 59 20 46 29 45 9 25 28 30 73 85 72 42 38 70 96 57 40 85 12 9 52 90 19 17 81 48 73 79 71 39 48 86 3 22 76 7 35 100 90 41 35 68 55 42 82 34 21 84 76 88 69 79 66 34 40 64 95 99 100 13 5 41 87 66 77 35 6 70 72 77 95 22 8 24 3 46 12 83 29 52 47 42 34 99 48 19 34 2 91 85 50 44 57 57 57 54 51 23 33 9 67 72 98 88 19 87 30 45 24 94 26 88 11 86 7 31 87 13 88 42 32 78 61 67 42 4 47 3 99 94 4 4 87 97 57 8 23 66 59 25 47 84 29 81 94 98 71 12 84 74 64 4 38 40 80 2 20 39 93 78 18 62 14 38 77 38 48 19 23 85 21 8 95 68 7 28 21 74 90 13 22 33 1 58 85 66 46 30 24 84 51 33 63 3 68 79 60 27 79 33 93 25 58 41 64 55 33 54 57 53 47 76 80 77 74 81 88 59 85 67 50 47 22 80 16 10 85 95 71 78 21 56 78 93 100 92 3 96 30 80 23 19 100 71 12 19 75 60 56 83 35 94 93 53 20 71 49 71 87 50 92 65 13 25 77 89 69 98 34 45 97 99 59 4 30 84 77 2 46 35 58 24 54 39 56 38 43 40 48 97 74 56 9 3 50 55 6 88 68 52 28 68 61 64

465 109 1212 991 1759 1188 3343 112 679 1307 520 139 1523 275 2787 4653 4479 120 693 149 1167 803 1235 266 806 3356 517 223 1029 818 816 1959 4275 1400 308 681 705 934 730 1090 365 2357 127 181 846 2009 339 941 886 645 1085 3358 248 747 4472 3325 4959 963 131 1571 364 3127 403 124 233 314 2732 587 1221 576 3853 1824 173 1279 382 68 659 1308 285 2662 327 2181 719 712 955 82 56 3498 1332 1119 489 2213 1262 143 2075 302 585 244 3447 3304 1120 696 437 349 531 463 68 671 914 189 1145 279 104 909 266 840 294 775 404 1547 841 801 524 534 716 2548 439 3665 3119 1410 4130 1278 537 693 317 113 1963 1848 1511 333 178 2026 450 3334 2567 64 2845 1585 2603 791 472 195 360 515 747 255 86 3232 248 1553 4002 1732 159 3522 192 780 1218 803 211 2932 980 1089 483 2037 960 2259 3414 753 2488 1169 246 935 5306 140 1354 1244 2975 3416 1091 898 572 3688 748 1146 2119 232 605 2047 430 1062 1230 1038 618 178 291 2238 233 1072 3261 1888 2831 271 358 146 1657 780 884 1052 1263 5577 101 863 133 1003 1564 3246 512 431 1128 1394 2404 1175 301 2403 4025 969 2288 1823 1608 78 1467 80 655 1620 256 1634 1313 299 1657 1814 126 1147 124 19 232 1019 600 103 1890 217 296 407 293 2858 2300 571 2654 352 1232 706 1604 665 831 13 933 4502 1493 561 736 239 333 1155 53 1663 141 505 800 13 2146 3007 224 4163 374 1390 801 3145 3153 1337 553 250 7451 106 1831 769 1537 358 3844 271 321 2220 877 416 40 587 388 1200 876 1650 676 542 306 3256 123 603 261 695 1320 451 1066 2466 298 3801 227 2059 775 2487 243 1584 204 33 313 485 1436 330 228 587 2536 2817 1145 345 1004 1237 3129 429 1072 122 704 1459 876 826 199 496 2166 281 2321 2834 2211 1281 317 1230 602 1901 218 3840 1057 932 1056 286 202 411 326 157 2203 481 425 192 1559 171 957 315 38 459 461 1722 112 911 3011 43 1238 1583 676 495 1549 515 952 703 173 368 916 2242 295 1646 3047 1418 736 2111 2624 52 385 2588 4599 535 1524 3828 991 445 256 61 444 17 762 541 211 433 727 39 2321 1920 320 956 198 524 679 256 356 171 253 1357 2984 3469 1333 808 542 136 142 1217 320 1034 148 634 337 1995 1407 5263 1660 672 368 1962 464 278 320 821 473 1405 1219 100 2810 1199 2863 205 275 6099 321 921 413 75 380 808 2333 144 382 199 1181 689 853 209 179 852 1885 6302
2513 245 1691 2061 2585 5864 4331 346 684 1916 1229 1201 2820 588 3934 6893 4906 1064 1668 875 1960 885 2798 519 1613 4231 1103 447 1762 2032 980 2202 6913 1855 856 3937 1285 1454 2227 1651 4239 2879 1034 1068 1117 3629 1523 3985 1245 1186 1531 3409 1438 1008 6988 3474 5634 1692 2893 2065 3072 3672 1329 920 3018 429 4728 1706 1303 2255 4353 2108 2730 2809 1251 145 1062 1629 336 3067 2104 3311 916 864 1190 1253 660 3656 2049 2496 6838 2270 4910 2143 3482 1121 1328 517 6352 4495 2043 2096 645 547 5995 747 1219 996 1338 227 3996 1734 176 1525 288 1691 301 1839 1037 1814 931 1282 1837 1311 1082 2606 614 5792 3215 3972 4490 1334 2684 1189 947 1249 2806 3215 2159 2087 448 2039 1841 6265 7542 443 4534 2120 5689 1116 668 1175 1206 2388 1105 414 153 3245 678 3108 5354 1766 674 3718 1717 974 3424 1705 269 7587 2469 2071 2340 2061 1167 5073 4461 1136 2531 3950 462 3320 8512 2226 4970 3361 4291 3800 5836 1109 856 4370 1136 4609 2479 249 1000 2534 1596 2001 1799 2019 1927 1213 1038 2298 2516 1482 4629 3911 3842 2817 1112 503 1924 1352 943 1292 2686 6725 526 1353 868 1223 1889 3415 640 4819 7459 1722 3356 1916 392 2422 4315 1715 4190 3775 3054 2101 1694 581 847 1890 954 7784 2579 902 7897 2114 806 5793 320 94 2144 1075 1391 343 2079 1266 458 2755 1792 3572 5116 654 2958 2744 1946 1068 2574 1710 1431 259 1031 5072 2517 1439 2074 967 482 1673 1823 2036 725 1030 2078 383 4400 5317 495 5575 464 3558 1594 4414 3637 2553 651 496 7936 227 2368 2516 1682 1803 4497 969 1064 6484 1428 2699 543 1308 722 1389 5917 1861 896 3556 757 4065 3757 1186 1438 726 1395 497 1483 3126 3110 4067 414 4218 1196 4742 1010 4452 668 1448 1039 1027 2460 1516 303 1409 3552 2951 2465 1757 1407 1454 3421 1614 1266 1058 1290 1941 1539 1326 2189 540 3080 1093 5137 3007 5350 1481 1299 1425 1125 2372 358 6215 2054 1194 1843 1076 1412 1853 4676 826 3371 957 606 216 1736 440 991 1619 319 872 1043 1797 806 948 4060 1028 1968 2893 1843 716 2183 1645 1036 861 1145 372 2406 2494 625 1960 3386 3540 1483 3191 5691 2698 2935 6803 6002 1487 2925 4181 2758 868 426 245 1267 412 2528 1648 887 3919 1656 2582 2559 3216 1608 1016 699 2064 1186 967 2486 2751 668 2458 3039 3806 1541 1726 800 1225 583 5348 5713 3685 688 1950 1595 2157 1513 5769 3050 2570 531 3006 1022 2042 4925 3405 1117 1949 2044 867 3144 3350 3418 421 300 6296 748 4157 722 2358 1400 1366 5644 794 1330 2171 1425 874 1239 1838 530 1612 3325 9058
5183 520 1995 2813 3532 6452 4965 370 721 2285 1603 1257 3752 2027 5136 7825 5204 1372 3665 1949 2137 921 5416 714 2363 5967 1234 724 4236 2783 1990 7545 8013 2072 3859 6573 5628 1763 6799 1652 4367 7243 1227 1130 1158 4409 1990 4616 1500 4354 1870 6219 4135 2167 7235 3934 5935 1765 3389 2850 5972 8426 3205 1185 3296 889 4754 6195 1871 2373 4949 7359 4431 2880 1784 233 2447 1968 780 4381 3524 4389 1180 1104 1191 1284 861 5156 3916 3350 7365 3239 8589 2328 4390 1846 2089 1211 7480 5945 2391 2678 4105 1040 7879 1344 1897 5059 5882 1746 4378 2121 1268 6094 6628 2082 892 1956 1948 2109 1077 1287 3882 3662 6482 4371 1155 9252 5344 4027 8628 2349 6012 1202 1380 2151 3860 5217 4572 7342 485 3757 2331 6448 8685 728 6150 5455 7990 3562 4413 2111 3582 3906 7597 2586 4855 4162 1085 3688 7253 2280 1154 6596 5162 1204 5748 3826 1889 9152 2913 2134 2472 2334 1653 6708 6682 2927 3349 6224 690 6504 9595 2849 8411 3564 4775 3942 9470 2039 2365 4725 3075 6374 6270 1319 2234 3010 3814 2506 2083 2363 2197 4107 1443 2590 4444 2690 8593 7482 3879 3114 1810 809 2221 1404 2775 1871 2933 7670 567 2255 948 1372 4753 4193 692 5889 7873 2085 3476 1966 1467 3178 5527 7368 6704 4007 3583 3642 2090 3116 1879 3058 1564 8424 4691 1360 9408 2168 1112 7720 429 1459 2162 1326 2561 499 4312 2228 651 6351 2287 4838 5950 2187 3067 4392 1947 1633 3322 1943 3324 1724 1312 9378 3301 1716 3095 1039 2031 2271 2262 2041 1444 1061 2324 563 8805 5899 1851 7382 2776 4205 1841 8203 6865 3091 4727 2372 9345 1202 4335 7919 3028 1991 6841 2422 1501 7812 5499 3743 1830 1956 770 2894 7234 3720 1191 8351 2391 7375 6571 1849 1557 1902 1470 681 8075 5160 4064 4191 3413 4301 1198 4842 1631 5016 1613 1776 2098 1941 2509 1843 1684 1496 5351 4698 2473 2006 1981 2268 3942 2962 2586 1639 1923 3188 1690 2261 2461 796 3282 1810 5220 4149 5635 2010 1641 1464 2138 3961 923 7328 2082 2135 1905 1445 3266 2044 5375 1038 3822 1356 2247 2010 2336 1343 3018 1751 756 991 2998 2435 1314 1631 6712 1944 3489 3553 2081 2226 7164 3970 1365 1603 2033 1041 2903 3903 999 2193 3961 4453 2337 4313 9098 2748 4465 7459 6116 7484 5753 4248 3175 1528 3397 1112 1527 1578 2811 1783 3197 8553 1739 3176 2684 6072 2324 1202 1227 4384 1214 1407 3415 2880 2231 2648 6036 3857 1997 3202 1099 1480 942 9033 6240 4238 1237 3019 3226 4142 1578 7031 3141 2847 1177 3384 2011 5620 8839 8886 1739 3469 2263 1116 5306 5153 4328 1475 5401 8037 4319 4512 2642 8203 1999 1948 6570 1165 4675 4652 2082 2914 1998 2086 1405 2915 5788 9927
5333 677 2272 4292 3886 7806 8481 1243 1274 3373 1959 1896 4977 2380 5251 7952 8714 2017 4212 2032 2491 2433 6781 881 2577 8263 2176 1596 6490 3779 2037 8147 9582 2140 4125 7361 7910 2545 8788 1895 4515 9340 4361 2274 1390 5279 9414 5024 2480 4765 2379 7316 4743 2354 8943 4294 5999 2433 7536 4566 7653 9781 3413 1604 5009 2265 7971 7714 2306 2527 4980 10005 6726 4419 1985 2561 2501 6026 2337 9063 8536 4732 1609 1338 1953 1428 2491 6502 7961 4528 8426 3609 9733 2442 7492 2399 2453 2271 7627 8631 2741 5456 8125 1158 8049 2230 2224 8085 5979 2293 9620 2188 1795 7045 8758 2315 1202 2348 2324 2118 1967 2523 5778 9314 9619 9497 1838 9790 8867 4198 8990 2488 7845 1984 2864 2585 3870 7642 4936 7460 2127 4721 2335 8242 9691 1256 7346 9709 8165 4441 4770 2390 4786 4256 7624 8196 6794 8597 1348 5026 8349 2504 1428 8890 7581 1646 6643 5080 2239 9387 3150 2166 4893 2393 2307 8907 7743 4650 3690 9293 1200 7228 9877 4948 9551 4133 7307 4710 10045 2047 2536 4855 4810 6579 9252 1593 2559 3548 4014 3286 2109 4272 3039 4918 2038 3744 5096 2863 9115 8724 4715 7713 2062 3864 3534 1859 3642 2569 8065 8889 1408 2476 2181 2220 5815 4542 1063 7234 9252 2340 3675 2108 2069 3760 5950 7529 9519 4272 6891 8033 2182 4122 2475 4590 1710 8808 4864 1716 9599 2216 1503 8370 942 1538 2532 2289 3061 2000 7704 2306 1228 9649 2400 7290 6243 4122 4259 9015 2258 2002 5911 2972 3506 1851 1565 9767 6750 2240 4638 2353 2168 2502 2303 2326 1703 3191 4211 753 9210 8336 2309 8124 4798 8644 2104 8791 7497 3432 5338 4856 9685 2437 4816 9512 4519 3856 8089 2533 4011 8851 7151 3874 2501 2531 2235 3257 8031 4585 2324 8892 2514 8589 9335 1857 2084 2065 4273 2522 8887 5387 4869 4737 8306 8968 1734 4900 1681 7920 2198 3857 3795 2398 2695 3348 2507 1690 9507 4845 4372 2244 2443 3945 3994 3330 3380 2004 2480 4032 2061 2542 4661 5024 4187 2349 8371 8104 6071 2046 2229 2792 2219 4751 1620 8350 2626 2185 2440 1756 3451 2364 9534 2338 4935 1365 3956 2277 2394 1885 6260 2235 2400 1836 8056 4909 1741 2396 6714 2944 6225 4828 2429 2427 8545 4825 2159 2266 2275 1869 4021 4451 1878 2272 4916 5629 2461 4574 9325 4329 5517 7995 8079 7694 7176 9549 4679 2512 3739 3176 1549 1816 3656 2276 4159 9684 2468 6199 3723 6185 4119 1373 1382 8407 2491 2431 4238 8713 7540 2648 8576 9080 2113 3813 1236 3939 2413 9292 7399 8881 1734 7651 9127 4280 1646 9923 3941 2886 4905 4433 2566 8618 9584 8962 2232 3470 4414 2150 5363 6528 4554 2467 5566 9943 4790 5027 7585 8672 2183 2297 7111 1783 4935 4968 2548 7844 4499 2137 1824 3356 6764 9935

301 19 535 354 1492 433 1097 107 446 1233 473 131 182 226 1819 3481 617 8 682 29 434 612 542 171 350 3309 282 58 459 747 748 1236 752 1346 69 380 633 13 280 158 281 2158 85 31 334 1252 62 138 198 222 595 3201 91 568 4173 2826 2977 960 108 1217 117 2188 313 34 99 297 1488 496 641 457 1965 1159 27 35 318 20 429 113 30 2061 312 661 29 670 395 49 24 3259 107 865 236 89 100 39 1138 202 267 14 2350 2134 102 262 388 201 252 359 14 645 169 113 404 171 21 496 94 1 133 458 64 463 474 608 4 401 83 1570 359 1102 1364 1292 792 1170 96 215 43 57 1691 51 1265 69 12 1878 410 1327 1096 42 147 426 1891 387 349 138 237 450 448 87 78 2046 31 874 1717 1061 18 124 5 423 760 595 156 2790 606 27 299 2007 587 83 1430 71 154 715 47 532 4003 63 45 503 78 942 947 876 409 3438 435 342 2023 204 150 745 390 498 48 68 323 141 262 964 23 608 1482 1011 1231 52 35 79 467 492 100 103 78 3548 18 85 92 522 156 1296 26 116 154 730 6 997 198 1242 1844 852 81 1346 977 77 993 72 597 1086 86 1267 619 196 697 473 59 641 3 17 130 631 448 35 1830 50 208 75 115 1949 1059 426 666 76 516 312 1482 51 800 10 706 3307 507 299 620 109 277 106 19 869 4 391 43 7 1271 1295 59 1269 50 430 282 470 2505 98 372 46 3141 25 1587 452 852 135 1665 144 176 1190 789 306 35 471 224 549 544 1369 314 378 297 867 20 334 193 670 79 115 966 1494 51 281 80 601 131 789 104 546 81 2 291 270 1007 24 103 33 1090 515 748 26 426 948 2888 342 808 94 426 693 646 322 133 380 1377 218 2036 1223 1804 1020 31 626 217 669 53 262 764 53 376 12 147 350 19 94 1178 361 122 70 1141 167 375 152 5 452 305 1002 25 593 2865 1 651 1305 341 199 694 514 220 116 8 114 284 809 179 615 2462 265 175 2046 1087 10 350 2410 3885 189 1309 2858 922 425 181 22 439 15 524 130 206 398 3 26 880 793 275 577 194 485 167 64 206 169 169 16 242 2735 18 102 188 125 21 892 161 243 23 103 60 1621 621 4013 1544 344 361 350 451 72 221 27 365 877 154 13 928 238 422 200 195 290 81 637 238 65 230 667 1330 36 33 52 62 220 57 58 117 2 1066 2231
