500 4 1
4 79 46 25 15 8 29 75 41 28 59 3 13 53 42 38 61 75 14 74 83 11 6 37 54 65 54 50 41 39 23 41 62 66 61 67 69 74 35 42 44 71 83 40 5 22 71 26 100 95 17 13 8 24 51 50 70 100 86 70 95 24 69 78 3 44 18 85 74 26 86 38 26 17 55 39 62 39 34 47 74 47 9 10 88 90 89 20 67 86 16 92 5 89 43 79 33 11 96 57 61 4 39 34 41 25 23 29 87 43 80 12 44 28 81 58 98 47 53 68 43 80 19 19 74 51 31 40 58 90 26 72 41 5 90 67 25 19 73 69 94 95 75 50 64 54 6 90 34 62 70 51 30 88 1 74 6 7 11 10 13 15 20 53 47 87 54 27 57 78 72 64 96 44 10 41 46 97 63 64 16 85 78 100 89 60 100 65 13 49 27 66 42 7 26 11 31 48 51 63 3 81 13 34 60 89 91 4 26 10 13 57 67 40 86 44 13 26 53 22 80 97 4 8 76 97 14 76 14 84 7 78 61 46 53 96 41 32 49 16 31 69 6 39 64 12 23 8 100 61 51 46 34 44 27 29 24 49 21 95 6 23 7 47 44 17 63 76 8 53 26 56 43 5 80 87 84 33 30 25 13 60 27 82 11 48 99 24 12 73 61 13 27 31 100 67 71 91 46 7 65 13 4 92 69 41 81 88 83 61 73 2 100 92 62 3 7 57 69 22 95 22 74 76 40 90 87 69 72 98 4 51 57 24 71 99 20 84 12 68 55 72 40 96 17 55 51 45 7 9 9 91 8 17 99 21 37 5 42 87 17 50 98 88 51 54 80 20 41 84 16 17 55 77 33 97 3 6 67 83 89 78 18 84 23 40 69 23 82 52 23 54 72 11 14 85 60 20 63 91 95 83 47 67 77 16 67 48 97 78 46 4 15 65 71 58 94 91 58 96 100 65 51 96 21 99 1 69 52 88 71 25 8 97 27 95 21 39 33 90 74 93 84 33 21 40 5 18 51 48 71 75 72 42 60 9 65 1 12 96 64 39 74 48 70 89 41 51 65 40 61 23 25 58 67 86 92 47 19 83 87 6 87 68 40 82 5 13 44 50 34 29 11 39 79 26 39 18 92 75

24 7 49 13 1 42 24 11 13 34 6 4 12 32 27 25 3 15 48 24 27 13 16 2 39 28 36 18 32 23 32 38 59 12 14 8 35 17 21 23 10 26 57 20 17 10 13 69 19 13 4 12 11 16 25 20 24 38 19 37 1 5 4 3 23 4 2 5 18 47 37 1 22 39 3 30 14 21 7 26 40 8 17 28 38 4 24 26 21 12 51 57 25 16 61 10 12 27 46 48 5 11 2 18 17 12 58 1 5 9 10 19 44 63 2 5 25 11 8 15 45 18 12 27 17 1 5 9 2 10 34 16 11 57 9 33 1 6 48 15 6 63 16 26 1 19 12 19 11 6 21 6 31 5 6 17 2 10 11 40 11 9 11 3 27 8 15 30 17 1 20 8 7 57 2 2 6 11 35 10 27 3 43 12 8 17 29 53 23 12 16 15 20 6 23 11 5 25 29 4 20 29 4 13 13 44 1 27 22 5 10 4 24 4 13 37 2 28 15 43 13 37 10 56 15 3 1 14 8 17 33 18 12 27 28 63 21 12 6 28 1 25 36 21 18 4 1 5 13 34 3 11 12 38 18 27 13 40 26 29 15 23 61 70 22 36 12 8 41 24 45 10 12 34 10 2 13 14 16 5 8 5 25 17 18 11 3 7 15 10 16 2 69 15 5 14 25 21 45 20 3 27 48 17 7 60 2 32 11 21 17 35 4 24 27 12 7 23 6 23 1 14 2 1 7 23 21 6 47 11 13 5 29 51 5 21 45 13 2 6 45 95 19 2 21 41 18 33 21 8 22 37 11 8 17 28 18 28 50 1 5 5 66 37 27 52 17 18 6 30 25 4 16 25 19 20 63 1 8 34 6 5 1 30 27 12 19 36 39 19 29 5 48 5 5 30 28 6 47 17 53 56 24 37 24 15 63 8 10 8 17 4 18 49 18 16 11 5 9 33 3 25 25 23 44 47 13 46 24 9 38 15 24 6 8 41 46 40 37 25 44 4 37 37 7 24 13 14 19 47 52 6 17 5 52 43 29 10 30 2 10 17 17 39 17 22 30 12 7 42 31 26 2 42 27 9 36 10 3 76 30 5 18 31 13 70 32 8 11 15 67 2 14 3 11 13 1 32 16 10
24 53 61 13 16 58 25 22 91 65 21 39 22 58 34 52 10 21 50 29 36 22 20 42 47 53 55 39 82 61 44 58 70 25 30 68 42 44 75 35 49 28 64 22 29 56 17 81 36 56 6 20 18 50 30 70 30 42 25 52 1 48 16 51 23 4 29 35 23 52 56 7 33 83 71 45 29 42 49 31 57 22 32 33 42 17 56 31 29 15 59 58 38 38 74 56 25 46 88 58 62 30 43 30 69 13 65 32 16 33 43 57 76 73 2 11 32 34 35 40 55 47 41 32 26 18 30 44 17 37 36 34 44 67 13 49 11 10 76 33 27 83 26 62 29 47 28 21 41 22 58 11 42 20 11 20 16 16 12 43 52 19 69 13 34 22 18 40 27 44 47 27 45 57 13 17 14 35 54 19 35 11 52 18 42 92 43 54 77 55 33 38 45 14 42 46 38 31 34 25 31 32 12 25 22 49 46 41 38 12 34 20 30 56 15 60 8 41 54 58 25 46 65 70 21 20 53 21 60 21 37 54 40 47 72 64 26 27 46 46 3 80 45 24 44 28 16 14 45 58 32 67 29 59 32 62 41 56 46 53 19 37 61 72 27 71 31 43 53 39 52 28 30 41 16 5 54 45 26 40 44 56 43 28 21 27 9 38 38 10 20 36 75 45 27 29 32 49 74 25 45 38 57 23 31 89 47 39 70 52 21 56 41 43 42 63 25 33 29 69 46 20 5 40 82 80 52 9 51 49 21 59 61 52 39 36 46 36 6 82 46 96 52 70 23 47 32 36 69 74 23 44 28 13 44 62 38 64 58 10 18 15 83 57 36 63 33 25 8 54 31 18 24 50 23 55 70 24 42 76 8 34 8 56 27 23 20 60 77 29 31 41 61 22 23 43 34 15 57 35 72 61 62 61 86 20 64 39 21 23 46 24 36 58 27 25 14 29 18 40 25 64 58 51 47 58 23 49 65 17 62 48 25 28 11 78 48 78 80 87 62 14 38 39 74 55 43 57 43 57 55 22 34 13 53 65 40 57 94 5 46 45 43 54 55 56 48 49 28 47 48 39 27 47 50 40 40 35 12 76 33 39 20 38 60 70 78 83 17 77 72 11 16 15 66 49 35 50 19 18
42 67 63 71 60 63 42 27 95 73 75 45 47 63 53 94 29 54 73 41 63 40 23 57 48 73 71 93 83 68 51 61 81 37 42 81 56 60 77 50 55 38 82 46 36 78 18 83 52 63 66 85 38 73 35 79 40 66 84 81 29 57 32 55 57 9 78 81 69 62 58 10 54 90 77 80 56 68 54 43 61 93 37 40 85 35 83 32 31 21 64 78 53 52 79 82 60 48 92 69 93 48 46 32 76 14 93 88 71 71 73 71 89 74 9 20 46 46 65 53 72 57 73 47 51 45 60 59 37 78 49 50 49 69 53 52 87 42 78 51 31 86 43 64 50 53 32 23 49 43 92 66 45 36 66 34 54 75 61 47 80 23 72 23 62 43 25 43 70 64 71 80 50 57 37 40 39 49 84 35 72 40 85 80 53 98 69 55 77 83 39 49 46 70 46 81 66 54 61 67 64 33 19 62 61 91 73 54 39 19 87 41 59 75 31 71 33 84 75 63 48 49 98 90 25 54 68 36 80 52 59 70 77 54 76 67 61 44 67 55 22 94 59 25 62 66 82 63 65 71 34 79 67 85 41 76 76 57 78 63 37 56 63 82 68 79 77 50 64 75 84 82 53 79 26 59 61 77 37 68 54 63 82 56 24 36 30 48 50 54 31 41 84 68 61 41 84 61 82 36 93 45 82 54 90 94 47 74 73 63 30 56 41 47 50 65 38 60 35 82 73 49 22 60 83 92 65 19 70 63 37 60 69 73 53 58 56 62 49 85 58 97 54 95 41 66 80 62 83 91 46 47 92 88 65 75 78 75 71 37 27 54 89 73 59 67 43 68 38 63 81 63 44 53 47 77 87 76 70 94 39 53 13 75 28 47 45 65 89 52 48 52 88 79 32 61 38 19 67 75 78 74 76 79 87 51 89 71 56 71 54 53 78 89 85 82 31 48 64 63 60 72 59 63 90 72 40 70 79 21 85 72 85 61 64 84 84 97 81 96 73 28 48 73 97 67 68 74 46 90 85 75 66 18 78 66 70 63 99 42 58 75 63 65 87 65 57 71 54 51 52 48 47 58 80 49 46 39 32 88 52 56 92 71 75 74 79 100 69 95 76 44 50 31 67 50 62 67 63 26
50 100 73 73 91 86 96 51 96 88 88 60 59 82 54 99 74 78 77 56 93 68 50 73 51 87 72 94 88 91 99 63 89 46 49 91 98 98 89 84 98 43 83 72 60 80 80 85 66 65 82 88 88 76 74 79 76 95 100 92 44 75 62 56 87 81 80 94 92 92 78 56 78 97 83 94 78 93 62 53 70 99 38 88 92 49 92 49 37 73 76 82 76 65 97 96 92 79 94 78 97 77 61 45 83 87 99 93 90 94 87 99 92 100 58 82 90 82 86 57 85 90 89 56 78 45 73 63 65 81 71 58 82 99 58 54 91 93 80 99 86 97 99 96 85 95 51 42 53 87 98 98 87 39 84 72 88 88 78 74 84 49 91 77 94 97 42 54 90 94 88 94 70 93 81 98 70 52 91 67 76 94 100 93 88 99 82 60 89 97 60 72 78 100 61 99 95 58 89 69 95 95 24 99 75 95 83 80 96 54 93 92 70 86 66 97 62 89 76 80 59 99 99 91 69 57 100 59 94 78 74 92 93 98 83 71 97 44 77 96 70 95 65 36 86 85 94 67 75 84 62 90 84 88 97 77 86 99 86 90 50 76 94 90 85 89 96 63 96 78 96 85 94 79 83 96 93 79 87 94 72 85 94 93 49 97 57 55 76 93 64 89 95 98 62 49 86 83 97 99 98 59 95 89 100 100 58 77 83 69 80 99 57 72 96 94 74 98 56 94 74 73 36 96 94 99 89 93 81 100 77 71 96 74 87 73 58 100 95 97 85 100 89 96 52 67 81 69 94 96 81 54 93 91 75 80 86 90 75 70 71 79 92 96 67 72 71 86 57 91 94 76 46 63 51 97 91 82 88 100 47 59 42 87 66 77 58 70 97 87 61 71 100 81 88 75 87 63 88 79 88 97 96 98 96 74 93 83 92 81 71 85 86 92 99 85 72 72 83 100 87 100 96 65 94 96 67 98 98 46 92 75 90 82 93 98 97 99 91 96 89 82 64 91 100 90 88 96 54 96 92 94 85 43 84 91 100 77 100 82 88 89 93 94 100 100 60 82 60 69 85 63 61 85 84 80 74 68 73 100 55 94 96 85 79 94 98 100 99 97 99 92 89 89 90 56 78 88 90 81

52 83 20 86 44 24 26 35 65 29 82 45 19 96 88 71 3 46 85 23 39 77 86 29 2 70 57 65 21 72 7 77 60 11 26 7 28 17 26 40 73 23 62 95 48 23 81 10 20 33 73 83 36 64 78 24 39 62 59 88 2 77 70 5 32 60 47 14 15 27 35 46 19 34 47 76 26 57 60 36 64 15 68 63 86 46 22 33 93 49 29 45 33 3 45 22 12 50 26 38 95 33 3 85 53 99 23 13 22 63 77 7 46 55 40 52 80 98 7 95 65 68 84 65 4 84 25 86 45 27 66 4 38 27 51 18 69 52 66 29 37 79 76 90 40 81 58 18 48 96 32 94 9 85 100 71 34 5 8 6 27 50 81 69 34 85 11 100 4 56 40 82 63 59 66 31 74 50 55 68 79 75 40 23 73 46 58 10 6 74 70 87 53 71 100 64 44 89 50 60 22 20 21 99 82 69 55 19 2 85 64 47 71 14 16 92 17 93 13 94 87 25 51 69 50 96 96 41 90 58 93 62 20 83 18 63 52 50 53 17 37 11 76 55 46 23 67 85 92 95 72 18 60 86 13 29 20 88 77 60 37 76 30 37 86 9 51 37 82 37 64 38 41 91 31 99 30 8 38 99 83 40 7 77 2 91 8 25 68 69 28 74 77 67 61 15 71 16 29 63 1 10 68 17 39 43 70 4 59 12 74 80 5 62 49 61 86 58 17 29 68 72 99 28 28 36 1 3 27 26 53 5 100 86 44 72 72 95 36 19 41 98 22 100 16 96 42 55 9 22 21 87 57 82 3 38 51 85 17 79 27 9 13 25 58 18 90 6 18 31 57 75 9 47 63 2 49 82 89 25 93 21 8 68 55 77 3 87 10 68 50 50 26 60 54 8 45 61 84 45 67 93 41 52 20 35 70 84 20 67 1 78 69 46 9 49 86 55 54 87 16 82 6 56 89 67 78 51 36 76 68 87 89 10 70 12 46 48 42 60 88 43 86 84 88 87 47 4 71 64 44 89 43 26 72 59 76 50 95 65 5 17 95 28 6 38 18 54 77 81 20 63 92 22 10 33 62 58 18 30 1 41 40 96 52 82 11 82 26 55 27 57 69 37 41 36 97 11 95 33

3450 271 726 775 757 337 399 630 418 502 193 1262 2988 678 879 487 4428 4027 1441 272 3381 76 285 47 916 814 358 466 1698 601 749 1071 340 1066 402 1135 996 5182 1239 2181 2920 1842 771 170 81 1458 121 133 1700 250 1287 1797 3435 229 1651 2067 92 696 6397 3007 149 644 873 192 4720 1055 191 651 214 300 243 2255 712 1163 556 1046 5387 1034 2475 1246 2144 309 1048 554 526 1232 435 4270 629 3119 2680 1377 577 2507 1103 409 1371 391 627 637 4312 941 940 100 704 3546 1788 2609 3961 411 238 807 2454 331 108 843 1445 71 257 256 654 3651 1073 1523 2989 359 262 44 781 1011 3844 395 187 185 635 1290 41 380 163 5407 795 2810 91 455 294 327 1996 310 75 315 1390 327 2616 999 215 441 378 948 1096 582 1100 2373 171 1482 1493 89 360 1015 67 736 1552 737 1117 1799 998 1042 607 189 185 718 473 300 3773 1297 279 557 2790 1308 625 172 1594 973 1730 458 623 998 161 286 202 102 793 1306 462 117 1519 124 1598 2784 42 2324 337 1448 3406 2861 646 966 230 358 194 188 1014 941 501 498 3353 1764 402 569 934 2071 449 450 750 790 107 476 1830 988 132 1481 48 820 944 642 221 541 105 4522 4889 294 150 1337 1598 631 176 121 971 773 357 4126 65 4626 1637 4227 584 38 1687 926 2873 2470 1502 315 439 1574 1157 279 116 1608 4296 2198 2029 431 972 220 254 1896 155 680 680 85 1047 581 2903 43 690 548 2338 730 317 70 1569 346 29 1488 131 1301 2790 399 554 697 1535 864 589 886 311 1118 614 1736 761 472 2766 707 407 473 361 879 358 3052 427 4107 2413 2078 1755 865 631 698 321 4499 1031 4025 1579 3802 238 728 563 240 541 992 1723 43 1043 1114 1234 2458 243 535 278 387 160 1171 782 1218 773 505 321 432 691 101 1216 205 649 746 1002 639 597 529 843 722 390 6329 1057 161 677 6192 786 1513 741 1746 2703 719 2115 1037 985 386 346 5841 1167 173 1442 815 1164 721 992 1993 1399 7443 645 55 712 102 718 1669 238 901 388 874 2810 694 1178 179 1224 263 194 732 254 4160 3473 938 755 760 793 334 263 3445 474 1791 2572 2418 736 5216 1890 802 1031 5616 596 739 35 1369 408 1627 801 497 250 297 76 152 2382 163 86 97 197 1450 3267 1440 1746 1639 2476 210 261 1091 236 735 1972 264 1758 716 130 1070 96 776 2124 699 1045 3798 626 235 513 1080 145 608 1244 2217 1417 1095 1663 222 1663 1177 4328 232
5452 512 6093 788 1134 577 1041 1056 6047 857 653 1938 4490 1490 4631 2744 7534 4779 4390 1098 3399 774 2377 371 2875 1222 7851 544 1786 658 1413 2041 2959 2159 998 1325 3469 5462 4054 2264 6526 1980 1699 918 2701 3107 1339 6803 3342 456 8836 3310 3507 808 2265 2265 1336 1796 6752 5882 321 917 1665 3149 6028 1238 543 1126 2358 858 1717 3499 957 1329 976 1774 8270 1210 3116 1862 2936 2455 1070 1461 1959 1671 567 4476 917 4494 3745 2032 1715 3080 2371 483 3339 483 872 1768 6076 1012 4720 1943 1754 4690 2837 4563 4403 508 820 1462 8680 1464 344 1415 2087 388 848 581 1849 4560 1663 4777 4307 2506 763 871 3616 1817 6616 647 974 726 2389 1424 717 1559 214 5873 1239 5808 985 1430 1672 1234 3326 1298 164 915 5261 4855 8057 1414 2106 8557 571 2594 2175 726 2710 2586 1219 2470 2876 121 828 1567 1258 966 1904 1140 3050 1914 4906 1316 672 371 246 2135 1044 790 6877 1914 656 2172 4951 1800 2675 675 1695 1778 3932 1236 2371 1535 1721 850 585 1467 5756 1837 1027 305 1567 705 2218 4444 797 2718 1324 1763 3574 4472 1477 1915 893 543 203 431 2600 1550 535 1458 4310 2164 1561 1764 1328 6154 813 669 934 1246 1697 1265 5887 3862 988 1574 1033 2552 1794 2578 2149 2519 992 5275 5595 1791 1324 1392 4657 1940 2790 746 1392 3865 784 7030 2296 6661 2346 6264 3812 257 4701 3822 2916 2967 1508 2865 1226 1762 1828 1067 724 4520 5106 2552 3894 1511 1376 915 3345 3742 382 1221 1691 1804 1089 769 4446 843 1419 2807 6230 1383 1027 491 2389 355 7206 3952 723 1551 6172 1979 3553 1576 4434 1458 718 958 1807 2122 6811 4764 788 2940 2868 1240 4355 3845 1355 922 381 3398 1206 5125 2790 3840 1812 1229 2183 1277 678 4506 1363 4827 1609 4134 1364 1356 1027 1505 3226 1418 3228 489 2371 2682 1571 3308 669 2142 1042 2203 302 1501 1425 2464 1406 954 787 2197 1612 856 3087 1853 4201 1084 2077 1512 4667 955 1248 1684 1444 7381 2116 243 2449 6245 1057 2305 856 1883 3241 911 3555 2802 1351 529 487 6791 4365 474 5354 1161 1979 1609 2387 5077 4253 7716 980 2114 3498 1025 2355 2378 1805 1756 1375 1156 5668 6299 4331 1459 1821 1933 465 1129 2961 4676 3477 2704 1816 3927 2060 1171 351 3564 1113 2601 3313 4095 2373 7326 2714 1061 1211 7332 719 1504 715 3022 462 1875 1023 1778 389 3052 213 439 4372 700 197 982 1230 3513 4256 1657 5018 2274 5264 682 1819 1118 461 815 2918 450 2247 1740 302 2196 534 989 2424 1174 1581 4234 1716 1127 1144 1197 1147 1001 3507 6416 1422 2679 5424 901 1970 5547 5625 444
5708 1020 7940 1228 2201 668 1112 1234 7410 2089 1897 2717 6140 1753 6569 2848 9464 7052 4492 1840 4235 5572 2689 1543 2940 1336 8331 1375 3728 903 1523 3832 3886 3301 1498 2493 7712 5818 6047 3930 9531 2077 7170 1158 2840 8655 2080 8534 3529 1703 9115 4500 7145 1689 2487 3016 2451 2775 8397 6276 1002 1405 5149 3625 8029 1387 1413 1271 2995 1582 6204 4901 1515 1510 1350 2293 8798 1826 3955 2833 3646 3027 1377 2217 3886 2959 1355 7794 1675 4764 4344 3452 1927 4569 7375 495 7215 2043 1177 2785 7908 1157 8030 2587 3296 6342 3151 5021 5370 1122 1731 1762 9400 1772 1846 2569 4443 1224 970 1736 1940 4676 2342 4866 7246 3465 1353 1415 6139 2217 8819 872 2980 3138 2574 2134 2581 2491 393 6107 1452 7777 2288 3637 2860 3667 3400 1587 1085 1874 6410 4941 8364 3087 2801 8580 1900 5166 3688 1716 3223 4135 1661 3697 2954 4246 1220 2080 3817 1247 2539 1622 4088 2336 6094 1476 2328 1433 1106 2538 1538 2169 9760 2130 1421 2255 5458 4293 3606 1164 3543 2329 4479 1393 5002 3490 3268 1325 804 1792 8760 2008 2209 1047 2880 721 4956 4473 867 5443 1731 3191 9049 7260 1686 2706 3218 1909 883 784 3138 1609 1412 1727 6814 3393 8024 1956 1638 8100 1688 674 1870 1964 3893 2943 6360 4846 1131 1608 1401 2960 1907 6190 4437 9558 1254 7001 7875 2419 1370 1735 7494 2343 3006 1011 1653 3981 1270 7151 3070 9609 3514 6502 3859 927 5335 4494 4760 3738 2221 4549 2242 2506 2072 1780 1410 9698 7482 2964 4932 4552 3315 2085 3700 5656 594 2024 3892 2620 1455 3281 4562 1488 2322 3369 8476 1821 1236 508 3387 669 9127 4593 1603 2160 9378 1995 9549 2226 7067 1743 1869 2357 4280 2161 7136 5886 858 6055 6514 1387 8807 5419 1720 1034 730 6309 1540 6582 4182 3935 4311 2912 4523 2311 2199 6462 2078 6371 6056 6868 1859 4696 1765 2388 3557 2873 4593 2286 3861 3256 1838 3851 2070 2625 1171 2223 1783 1661 1447 2560 1700 1629 3635 3721 2573 1770 3567 2110 4244 2414 3253 2085 5155 4490 2315 1967 2000 9404 2143 1032 4719 8435 1924 6585 2648 5879 4748 1128 3789 8168 1693 1424 1860 7821 4586 2109 8556 2224 2640 2097 3553 7285 5854 8726 2417 2273 5622 1231 4567 2835 3445 1908 2273 2191 7937 9791 4353 3580 1878 2043 1992 2485 3402 5904 6298 4471 3698 6495 4223 2335 1035 6715 1250 3606 4417 7562 4034 8374 2821 1956 3424 8253 1528 2061 1696 4639 521 2031 3639 1918 856 3509 695 1315 4411 824 2355 986 2608 7684 6525 2004 7529 2994 8355 1271 3549 1803 1952 1005 3160 2183 2255 2187 1828 3781 2171 1778 7618 2105 2997 4316 1967 1533 3332 1267 1300 1532 5497 9952 7664 5476 6816 2065 2237 7926 5953 778
9812 2567 8227 1472 2328 4363 2522 1981 8317 3619 2294 2884 9775 1803 9193 4934 9917 7459 4642 1906 5632 5932 2857 2314 5431 1521 9200 1944 4341 2476 2395 7250 7471 4259 1543 4407 8208 6887 8286 4262 9686 2164 9409 2428 4907 9993 2405 9046 8681 4441 9962 4663 7703 1803 5046 4974 4706 3382 9243 9572 1025 4927 6360 6257 9198 1854 1607 1275 4733 2196 7865 10015 1869 2311 1983 3984 9165 3203 9621 3534 4540 3532 1454 2284 3964 3074 4882 9392 2171 6354 4446 4926 1955 8926 7846 2381 8544 2191 2152 3954 7912 1504 8164 3374 5040 7212 4320 7523 7316 2001 2259 2357 9505 1828 2078 2591 9859 1798 2141 2249 2246 7285 2474 4875 7796 4961 1428 1860 8502 2425 9706 1024 3300 4613 2994 2756 4838 4105 1231 7418 2357 9031 4330 3731 3145 5049 8236 1983 2326 2242 8676 5537 9447 4047 3057 9754 1985 7725 4145 2540 5096 5755 2167 3810 8112 4838 2528 2197 6917 3416 2889 2211 4153 9094 6413 1911 2618 1679 2099 8684 1771 2369 10019 2475 1995 3591 6985 4541 3778 1510 4008 2556 4934 2251 8758 4182 3582 4111 4222 2136 8930 2043 2512 1610 4586 978 5134 4611 1444 5593 2080 4189 9511 8146 1828 4522 3765 2098 4209 1093 3965 4888 1948 2358 9065 3636 8382 2107 1643 9505 1940 1355 2225 2210 4653 3721 8583 4894 1958 2407 4378 3627 2226 6379 4629 9657 1494 8568 8408 3281 2322 2444 9968 2362 3472 2320 2089 4596 2510 8007 3402 9782 3820 8025 4377 1006 6436 4668 5003 6276 8296 4648 2529 4921 2657 2199 1881 9861 9717 4780 8124 7732 4126 2555 8305 9256 1593 4628 4965 3022 2516 4067 4921 4160 2579 4472 9970 2150 1647 740 7297 1697 9676 4915 2064 3365 9468 2231 9776 2451 7415 1988 2105 4649 4901 2213 9362 8345 2268 6931 7602 2324 8977 6551 2352 1447 1156 8076 1693 7830 4963 4992 4661 3887 4690 2789 4937 9975 2188 6416 9298 8932 2439 5391 1852 2545 4845 3856 4992 4687 5412 3588 1935 5003 2470 3522 1212 4558 2053 3729 1771 4965 2483 2498 4625 4999 3890 2404 4645 2342 5454 3589 6008 2846 7671 5067 2361 2120 2551 9742 2335 1490 4826 9449 2069 6792 3228 6805 8771 4882 4683 9308 2410 2465 2142 9944 4613 2276 9304 2584 3468 2571 6907 8497 7374 9122 2418 3111 6460 3790 5458 3418 4916 2462 2347 2415 9109 9861 9699 3793 3540 9898 2438 3657 3730 9898 8356 4775 5015 9913 4687 2486 1700 9391 1368 4059 4990 9043 7032 8879 3650 2082 4189 8904 2251 2431 1789 4862 1790 2405 3907 2505 1370 7619 1850 1397 4835 1506 2418 1836 4867 8550 7970 2336 10052 4149 8793 1496 4062 4210 8606 1391 4508 2318 3926 4088 2246 6258 2465 1792 9842 2226 4289 5397 4639 1649 8385 3433 2771 1869 8568 9984 7976 9098 9299 2494 2285 9626 8033 1217

1880 44 707 737 678 231 163 215 322 155 28 537 545 482 850 198 1207 768 19 233 2252 39 124 41 781 594 17 90 891 142 447 171 29 136 231 491 279 3281 1234 2161 1554 23 478 67 45 989 21 83 823 73 687 1013 1825 208 172 1021 26 511 3159 2861 80 229 499 94 4193 263 58 606 4 276 187 91 62 238 172 187 1705 424 2334 815 199 68 216 287 427 114 98 2382 263 1658 1208 379 263 346 5 174 951 84 246 199 3850 721 563 97 555 2207 939 1182 911 44 101 520 1002 137 91 339 1440 45 65 39 541 3373 587 1296 1334 103 36 27 379 463 764 223 63 117 630 778 14 245 89 3033 279 1377 25 286 273 163 1508 4 11 180 1080 233 1948 517 189 55 15 600 864 499 303 2003 46 1427 1401 71 163 627 60 583 762 89 976 1171 583 394 328 94 143 170 345 56 1245 691 83 172 339 698 400 8 1455 370 410 445 296 721 135 70 81 98 558 219 316 51 691 33 1195 618 10 2153 266 1024 988 2323 151 530 202 204 127 160 967 256 320 153 1466 1434 326 436 205 52 65 370 418 749 84 11 417 287 117 206 7 326 788 330 174 320 67 286 4377 171 16 1223 753 570 88 29 201 715 322 1511 46 781 36 3908 87 4 603 12 2225 2457 1246 184 177 288 1139 242 30 1420 1700 1580 1078 356 122 153 173 1379 56 625 357 18 64 248 2387 14 277 521 730 203 82 2 211 334 4 698 33 919 2234 132 131 319 1175 679 473 297 264 225 497 1268 660 222 627 130 283 430 96 436 155 215 50 3364 1280 706 1215 512 526 70 260 354 470 337 932 1415 56 395 461 53 240 828 104 21 97 466 386 734 9 230 233 282 51 588 262 1173 60 422 302 213 45 3 865 123 32 135 257 443 424 374 6 216 252 3847 770 65 301 2514 65 1096 523 1639 1107 259 588 704 745 219 33 3140 784 18 946 380 549 669 384 1719 1366 5088 360 46 606 6 238 177 87 223 222 463 907 136 570 17 396 120 65 301 70 2610 1069 867 144 118 283 242 207 1217 54 1323 1440 246 17 2031 744 653 571 2020 419 431 7 1221 270 1262 546 31 245 53 5 136 761 81 15 63 25 671 454 1386 1559 111 1632 164 245 622 227 241 821 176 374 686 65 75 47 158 798 402 141 1467 556 210 204 500 84 520 778 1643 168 56 1621 159 994 1042 1437 78
