500 4 1
40 70 19 79 46 68 43 80 84 21 93 36 47 58 97 49 1 33 43 92 40 11 8 45 55 42 37 43 15 76 9 78 88 100 9 97 48 3 21 16 6 56 49 85 87 60 88 25 99 34 94 23 12 87 47 35 88 15 55 65 15 20 72 33 25 76 53 46 35 85 77 55 76 28 37 25 77 70 13 86 19 72 46 66 88 95 99 29 98 90 9 56 15 23 41 44 33 84 98 36 6 54 55 48 89 27 81 83 71 87 14 27 65 13 40 2 7 66 86 50 33 20 26 66 71 40 50 91 11 22 41 39 70 95 25 18 28 23 85 80 38 86 7 81 9 69 26 47 95 82 93 47 59 72 30 23 61 100 89 94 88 26 100 34 75 47 76 73 57 78 49 71 36 41 82 45 18 88 82 74 32 87 97 48 83 68 78 64 2 3 46 45 59 98 21 15 54 23 25 77 98 77 84 68 29 74 26 28 58 4 54 45 34 93 79 6 59 95 13 54 29 96 77 83 78 74 30 29 35 43 45 84 55 27 60 94 15 76 12 18 98 88 64 97 28 19 33 65 47 90 91 94 7 20 10 15 90 88 56 79 9 22 15 92 73 67 88 19 20 41 5 80 25 55 44 61 79 78 69 45 4 19 53 53 71 87 20 27 38 69 40 34 79 30 84 93 13 21 50 59 18 28 67 2 47 66 38 59 88 96 17 54 61 100 6 27 100 74 53 40 96 74 83 93 50 51 65 91 46 19 7 9 37 94 27 95 84 66 9 75 1 60 100 47 96 25 31 4 66 2 94 49 33 47 81 85 99 50 27 67 11 17 28 49 98 78 66 51 54 24 71 2 39 10 21 18 23 17 25 77 17 38 96 75 9 46 22 69 74 33 59 18 42 58 85 82 13 47 7 42 70 11 87 84 19 17 82 8 55 64 10 71 2 64 3 2 100 35 46 73 81 64 48 27 7 15 18 14 67 27 49 99 60 37 56 3 8 22 39 49 52 98 4 93 32 44 48 36 28 42 37 77 15 65 44 98 6 63 28 77 90 85 96 57 99 75 2 38 15 19 17 31 72 40 73 7 33 26 57 50 21 34 5 15 95 12 7 9 64 22 52 97 92 35 6 62 22 19 66 99

6 7 19 19 1 19 27 5 8 13 11 54 11 36 26 9 13 5 3 45 34 6 7 22 2 18 22 3 20 22 11 27 25 20 7 11 25 24 12 7 6 8 7 19 6 38 18 2 5 5 6 9 28 3 12 48 62 13 40 10 2 24 1 18 9 22 20 13 16 16 1 6 7 12 58 21 19 7 8 3 20 4 13 67 5 1 21 9 27 11 5 1 7 62 34 6 5 5 24 12 22 48 9 7 10 36 19 27 15 4 53 10 24 38 8 26 53 48 13 30 66 11 23 38 37 73 1 28 8 19 34 4 9 1 59 11 16 4 10 44 6 36 2 16 41 33 27 1 7 14 2 4 1 1 16 6 22 19 14 12 12 13 31 6 5 47 12 5 18 40 57 48 39 12 11 14 10 18 12 5 1 16 9 28 20 20 3 9 10 7 7 58 6 8 22 24 11 18 20 37 9 19 11 46 25 6 12 15 3 8 2 19 2 27 2 56 5 26 15 39 10 1 19 3 76 2 4 3 19 15 53 41 15 10 19 11 46 51 22 53 22 12 50 10 1 11 4 15 31 3 17 14 2 2 77 38 27 15 13 21 30 35 6 18 11 2 11 39 11 1 4 5 24 5 24 66 2 10 48 37 18 52 9 34 10 42 12 7 8 8 21 18 7 5 16 53 29 26 9 15 17 16 34 13 17 9 37 33 39 14 26 6 12 7 1 63 24 4 21 8 83 1 11 17 7 31 30 11 7 10 5 3 3 14 46 4 22 17 23 9 4 27 16 25 19 18 18 7 11 3 26 3 38 10 3 22 6 4 1 31 12 53 43 20 17 6 9 8 2 16 8 25 5 9 8 15 22 6 8 4 25 3 21 35 21 60 40 17 7 31 16 32 7 3 48 9 18 3 39 31 9 55 7 15 32 14 5 39 37 43 30 40 14 2 17 15 43 1 19 30 11 31 30 8 6 5 17 18 15 32 9 16 14 22 18 18 20 17 16 25 30 6 14 72 1 2 7 43 38 20 16 27 11 4 21 1 58 2 21 22 3 43 1 20 3 55 4 2 5 59 22 47 21 22 3 12 48 19 15 50 12 48 25 34 4 37 48 7 13 41 1 8 27 44 6 27 35 45 68 36
34 46 22 21 30 26 32 11 31 29 42 68 37 63 83 35 46 53 9 61 34 43 19 78 18 31 67 24 24 38 34 27 35 49 58 39 45 39 15 27 44 24 69 31 7 50 25 55 42 42 8 13 50 4 54 93 74 23 50 39 40 50 54 30 46 36 28 18 30 22 67 14 21 41 60 31 24 55 36 13 41 19 25 72 90 17 31 23 70 12 11 10 36 73 47 13 14 35 79 29 46 61 75 24 16 46 45 42 34 46 64 17 34 41 28 34 72 59 28 40 75 14 27 59 42 77 32 63 10 29 36 38 28 20 81 16 24 7 25 52 51 54 9 21 57 74 37 84 46 56 12 65 43 55 45 41 30 26 40 34 42 15 45 43 13 85 22 5 31 54 59 50 40 27 13 44 33 30 16 5 2 35 13 62 53 50 14 9 70 23 27 72 37 33 52 32 16 39 37 43 50 23 15 55 30 15 49 35 39 50 41 41 50 52 34 70 51 37 21 65 20 15 59 50 84 28 9 14 50 77 59 45 58 80 54 78 77 58 46 64 41 19 70 26 33 18 12 62 63 81 45 40 72 52 85 63 51 17 22 51 42 70 22 56 14 23 32 47 24 2 18 29 25 21 52 81 64 12 53 54 37 63 57 51 19 51 18 73 42 63 52 49 7 14 57 58 41 35 17 40 70 32 36 32 65 20 66 57 76 21 51 13 57 32 30 67 47 9 35 19 84 51 42 35 55 47 67 19 13 12 24 56 31 35 67 6 50 29 28 13 19 32 76 54 63 27 29 17 34 4 36 20 70 34 21 50 21 15 58 44 13 59 48 30 46 42 11 11 13 34 11 39 6 24 16 42 72 30 17 55 37 8 67 43 64 65 57 42 34 47 38 44 9 15 55 20 76 33 40 60 19 68 8 31 59 17 10 61 45 60 51 48 18 17 27 80 59 34 67 31 49 69 37 41 27 6 57 30 22 65 36 24 25 29 20 48 66 68 29 53 33 14 25 83 29 31 26 56 72 40 16 51 29 5 24 20 62 18 43 42 33 51 70 32 60 63 11 21 22 64 60 56 42 33 70 30 54 41 26 84 33 49 33 48 45 62 63 32 56 75 35 14 48 51 34 52 56 65 71 39
66 74 39 42 34 47 67 13 64 56 74 94 41 66 98 59 74 65 32 83 57 67 30 85 47 31 76 31 74 45 43 31 52 56 82 73 49 48 32 70 46 41 73 62 50 52 32 58 92 67 31 51 93 16 65 97 74 36 53 90 74 71 57 82 97 44 35 87 68 42 74 54 33 66 67 62 30 79 49 36 80 57 68 78 91 61 40 59 84 59 39 49 44 85 86 26 25 44 84 61 51 74 81 93 67 54 67 42 49 75 70 27 62 46 43 54 80 80 67 41 96 23 27 84 59 78 33 68 79 62 80 81 59 49 83 20 51 61 43 69 54 59 21 52 66 83 58 85 92 70 59 86 57 62 76 83 41 36 61 47 57 31 61 63 18 93 68 19 36 76 62 65 48 86 80 98 50 80 76 76 58 82 32 74 69 60 69 30 79 43 40 82 43 82 85 40 21 66 89 53 70 43 25 56 52 29 57 67 41 95 68 65 57 85 42 87 66 48 32 78 71 41 91 96 90 29 28 19 62 85 82 84 75 93 87 79 81 70 51 91 87 59 73 54 35 47 24 70 63 88 65 45 76 71 86 66 75 30 51 54 61 81 35 91 33 75 38 74 74 25 54 55 44 80 66 82 92 40 80 66 61 65 73 81 27 71 21 84 64 71 59 85 17 52 90 94 51 39 70 94 82 48 59 32 85 41 69 62 78 21 51 60 59 85 71 91 75 69 61 79 90 92 52 51 61 74 83 90 53 14 32 70 40 65 71 21 52 42 78 16 23 49 83 71 90 51 49 57 35 17 90 90 84 62 38 74 58 54 68 54 37 82 56 53 67 58 55 17 35 73 28 45 30 40 52 46 85 59 61 61 47 25 68 55 72 74 79 56 54 57 75 65 31 25 65 77 86 87 73 64 38 91 32 43 83 55 42 80 73 84 77 67 64 31 75 85 62 52 82 78 59 75 41 54 63 12 85 45 50 82 43 63 73 31 35 75 78 95 69 61 50 56 68 88 42 48 52 70 72 73 36 74 33 22 49 22 65 36 54 68 78 60 92 35 90 72 35 42 33 84 94 65 50 70 75 35 62 49 84 100 88 63 52 67 51 92 77 59 86 76 67 56 70 60 54 69 79 68 77 53
99 97 65 47 57 86 89 54 79 81 78 97 41 96 99 67 98 99 45 89 78 91 85 88 67 45 93 68 95 84 60 34 80 94 99 83 86 74 79 74 82 94 95 73 57 77 53 98 94 86 74 61 93 73 85 97 78 82 86 95 95 87 88 90 98 67 88 95 87 80 92 81 72 77 90 86 95 95 91 66 83 97 100 95 95 97 57 65 98 68 50 72 85 85 100 62 40 80 90 86 97 93 81 96 74 98 99 81 87 93 77 54 72 57 48 55 94 99 93 57 97 43 59 85 62 100 71 83 97 83 96 96 76 60 84 44 88 80 74 89 56 65 36 59 100 84 84 86 100 72 94 87 90 89 97 84 52 43 81 54 68 86 81 84 65 98 90 63 67 93 89 95 88 89 94 99 74 88 92 87 84 88 47 92 76 80 70 41 95 78 88 85 45 82 85 92 24 84 95 87 86 94 88 77 60 58 98 72 59 99 93 70 63 86 93 98 75 75 69 97 72 57 98 100 91 92 58 78 84 90 82 94 78 97 100 96 97 78 83 97 92 73 79 84 98 64 50 94 99 89 98 63 95 84 90 93 94 99 76 98 65 98 85 93 60 91 75 86 100 77 71 86 54 90 99 97 93 67 89 85 83 86 75 89 86 94 85 87 97 89 91 98 71 54 94 100 62 42 86 97 99 93 76 49 93 97 75 70 97 60 68 94 85 94 81 94 83 84 84 97 92 93 84 71 68 84 87 96 96 34 47 92 85 87 77 93 73 93 84 67 69 69 97 71 90 53 91 74 74 85 98 97 92 84 89 92 89 61 97 89 72 84 62 67 73 66 68 85 47 99 40 51 61 43 65 93 93 90 81 97 93 73 93 74 81 85 94 78 78 74 90 80 58 77 99 86 96 97 82 78 60 95 97 77 88 67 58 97 79 100 88 98 69 33 77 96 82 82 85 86 96 84 52 62 90 72 100 52 54 91 61 68 83 69 57 78 90 96 70 76 96 81 91 88 43 68 72 70 77 73 59 98 99 62 99 38 96 40 72 93 78 65 98 36 92 92 83 64 54 96 99 73 67 75 96 98 94 51 95 100 89 77 65 93 82 96 90 99 88 79 100 86 75 97 87 81 100 68 83 76

3 74 81 38 61 61 36 44 69 43 40 61 96 88 50 75 85 44 9 16 41 30 8 80 11 2 42 86 34 32 8 41 3 68 39 10 1 98 56 44 92 61 57 4 4 62 21 5 55 24 79 61 74 86 70 15 81 92 72 1 63 34 4 43 11 91 17 52 50 16 19 87 27 72 74 43 70 8 78 88 95 72 53 99 30 51 60 98 73 69 83 12 54 11 8 60 51 100 73 32 75 41 73 83 77 53 53 77 31 22 15 60 62 50 64 44 48 47 15 67 83 48 59 87 82 23 89 28 3 40 25 30 85 96 82 80 16 42 13 100 10 87 41 22 26 59 33 25 41 51 19 43 76 48 81 51 39 83 9 28 17 21 23 12 88 100 68 23 33 2 39 97 78 97 19 55 91 6 44 56 53 12 36 14 71 60 57 23 54 27 44 92 52 91 36 2 84 84 14 15 17 21 47 28 41 90 43 34 55 1 3 35 94 28 6 65 88 27 57 45 92 1 27 81 96 39 98 66 10 96 60 98 77 41 82 95 19 93 82 16 93 65 6 74 38 49 7 65 31 41 6 37 62 92 79 81 91 3 87 77 1 56 28 11 14 55 48 29 53 35 3 83 78 84 11 19 90 73 73 35 75 96 97 39 57 58 48 99 93 97 43 77 89 96 14 39 2 37 70 23 19 7 54 87 5 13 48 23 73 36 35 23 22 93 56 80 69 25 100 25 48 26 17 4 4 39 95 1 6 35 37 44 39 55 42 50 87 55 40 57 51 71 27 48 30 82 86 69 69 44 85 35 10 74 75 55 6 6 49 72 59 59 79 56 89 78 70 56 5 8 17 76 79 81 89 9 3 40 74 100 23 45 42 62 69 63 82 58 86 93 49 45 51 20 34 93 72 77 23 10 38 87 2 36 32 54 83 5 49 68 74 15 59 49 69 84 78 88 22 50 22 99 58 7 34 18 87 60 57 8 76 3 49 34 25 70 48 2 63 82 92 84 54 98 7 19 11 85 28 19 87 98 58 14 51 57 50 75 37 23 48 32 20 60 5 72 80 21 8 89 89 69 91 84 42 64 51 43 23 69 58 37 76 69 26 74 47 81 29 63 31 11 12 14 46 24 12 25 64 71

464 4304 363 1295 1098 1007 3227 576 107 757 2011 1086 688 2470 2210 1338 1266 384 4746 278 520 3943 1398 978 2579 1100 422 90 1224 870 1526 899 3940 327 1320 685 417 192 747 1718 1024 1125 519 1171 868 1000 770 922 153 1021 1450 734 215 179 2743 1180 175 3351 438 669 42 1541 1066 1512 2707 4213 644 1055 2516 1421 2342 405 5361 114 235 1839 1288 2121 675 186 870 1755 995 961 184 909 2569 637 1488 536 1051 257 1207 243 337 655 85 350 983 1587 2848 58 207 312 315 1275 246 630 81 760 1830 831 1085 1353 96 26 1106 781 89 891 852 1070 132 859 517 506 2982 271 391 45 1781 998 514 641 929 157 726 247 1974 2564 608 2861 283 1457 528 4559 155 2181 549 818 824 1204 3693 1051 1778 654 137 234 144 1987 843 213 3850 1489 4757 2146 2861 1770 735 1249 1537 627 332 1777 2804 218 959 270 2358 650 1359 616 751 4000 511 2494 287 1539 421 719 586 603 317 4031 807 41 488 3060 89 895 2848 1309 5181 1435 166 1021 226 295 747 1963 3584 5793 567 298 727 663 521 323 1498 286 253 546 157 3985 351 553 1429 573 147 668 8361 1358 540 373 876 949 1723 899 972 379 1963 998 990 1860 886 1103 703 1369 856 782 529 627 2307 125 18 165 230 157 1071 515 234 826 2596 248 825 720 639 495 332 2611 2892 112 1365 2582 533 2565 5578 2397 328 434 321 2940 450 1067 558 575 819 375 138 889 356 1271 353 43 1617 3028 1032 314 587 718 682 640 1011 1777 1024 619 1840 403 270 1431 665 2243 1354 1658 142 887 298 251 536 1190 839 688 850 1597 766 4609 1238 302 898 453 1829 523 1449 3880 328 1901 1953 609 1140 84 534 268 2842 151 983 951 107 914 1004 2601 6004 749 1841 419 1835 1416 1773 964 662 185 94 321 505 605 118 227 174 350 548 2092 290 508 270 2171 896 723 245 1094 2110 231 176 651 455 441 2855 297 1148 359 261 4904 4440 2079 2784 1775 2510 1516 241 1104 423 654 735 419 359 2404 394 850 272 449 281 358 48 569 172 1039 51 441 264 382 1820 699 392 1116 616 3337 911 659 2000 572 1239 1060 794 3702 77 3606 370 1720 911 565 855 240 420 159 1710 481 773 1151 394 3206 568 3194 408 480 629 2668 1339 1368 132 311 2763 941 440 1165 1283 259 3058 890 33 1385 274 22 163 373 805 1042 666 197 3709 1070 472 3076 253 2374 53 2752 567 693 1226 495 2587 1148 1454 422 335 104 310 1468 26 1547 934 645
1037 6002 550 2916 1710 1190 6740 1907 3189 1439 2026 1455 1901 5901 2244 1458 3645 510 6735 1104 771 5860 1819 1394 3381 1527 1620 998 1621 911 2396 1018 4608 523 2148 2525 714 1388 1177 1751 1253 1149 1340 2946 2104 3589 1174 1962 454 1179 1676 782 1221 2010 6680 2674 497 6302 650 3232 1918 1942 3556 1755 3241 9608 832 1469 3115 2061 2553 1017 7996 377 1185 2437 1671 2262 1092 873 1374 1779 1128 1491 553 1641 4351 2010 4107 1065 2792 472 2431 854 552 1080 890 3871 6496 3676 4950 361 1897 593 1230 1548 3200 671 2953 1359 3635 849 3643 1446 1247 1514 1109 1888 91 4870 1564 2139 636 5618 585 3611 5031 897 723 454 4822 3087 1468 2775 938 1277 1208 568 3952 2567 1655 3223 1158 1570 1916 4694 961 2557 2189 1346 3793 2767 5429 2827 4264 1081 511 763 569 2002 2041 2098 4482 2341 5954 3187 4219 1997 998 1282 3527 993 881 2848 3429 1416 1451 296 5193 1298 3344 687 2987 5495 1135 2766 374 4528 1514 2464 944 1485 454 5763 1055 3222 1011 4838 1730 1154 2866 4126 5909 2980 4629 1728 2985 371 839 5073 5409 8208 1830 1501 858 1231 616 533 2320 994 486 2475 347 5883 1555 593 1735 642 617 680 8871 1458 876 636 1177 2241 2988 904 1910 588 2544 1765 1071 2535 1143 1839 713 1460 2154 1424 1268 3974 3631 2841 3279 1490 814 1313 4174 647 450 1239 2816 1117 1417 985 880 732 1830 5326 5802 1232 3949 3706 1386 5707 6346 2447 830 2312 956 3068 3196 2378 1395 2343 3103 2286 1905 1064 3460 1441 8788 1598 3818 5935 1945 663 2590 1206 3451 1405 2954 3789 3054 806 3701 5051 784 3068 1678 2384 1663 1842 4972 1390 517 778 2469 2137 3980 845 1712 1977 1543 5306 2827 541 1096 494 2423 2093 2068 9204 415 4018 4521 3832 1145 698 1463 907 3480 2112 4168 1293 797 2155 1418 8319 6162 1931 2531 1288 6057 4264 2933 3070 2075 449 187 1036 752 1434 1145 386 1824 394 2945 2164 560 568 827 2499 1236 1128 1088 1393 4501 1054 714 1040 3741 725 7179 580 1879 685 1034 6751 7066 3424 6049 1859 2647 1765 1395 1318 1825 3198 2562 423 3729 4021 1087 3158 273 915 282 1466 1876 1940 3038 1412 2870 3971 1290 1200 2836 920 1679 1552 1420 3619 2030 2000 3038 1307 1702 1445 1978 5444 1471 5705 1299 2139 924 1414 2863 825 1595 1334 1975 1865 1010 1411 1762 8528 3519 5014 1017 2257 1210 6229 2075 4806 1389 934 3900 1861 1695 2101 1882 660 4076 2140 1046 1803 3204 878 874 406 1361 1750 1020 323 3813 1253 573 3421 450 3607 2571 3162 2726 772 1364 2660 9493 2172 2225 1752 532 1456 1432 1602 1170 2194 1898 818
1155 6831 1519 4039 1769 1652 7479 2385 8196 1442 2192 1776 1955 8324 4618 1475 3805 893 7360 1358 1092 6097 4590 2386 4075 4056 1888 1525 1754 2863 3281 1387 5087 2717 4331 3718 1539 4157 1769 4304 1419 1269 1828 2992 2433 3965 2189 2128 1116 1494 1898 2866 4225 2060 7747 5323 2111 6892 1477 3905 5463 2466 3607 5244 3978 9824 5003 3245 3655 2257 3580 1291 8365 614 1789 2859 2810 2288 2300 3924 1870 2093 1457 1855 1581 1737 7353 3784 7719 1455 3887 772 2833 1284 2210 1710 1206 4931 8219 4718 5880 1222 1999 1527 1455 1767 6638 1308 3799 1367 6450 1523 3660 1621 3119 4214 1909 2466 1094 6383 5661 3072 1127 7048 1376 6515 5839 1741 816 1639 5202 3887 2069 3685 2946 4016 1639 1856 6384 3770 2947 3949 2047 2544 1977 6693 3197 3911 2370 1693 4162 3949 6471 4222 4539 2595 1320 1726 809 2035 2336 8853 4506 3832 7349 3249 4267 2075 2002 4088 3899 1696 981 2986 7124 1740 2063 1785 6321 1654 4070 763 3126 5865 1222 9274 1854 6747 1808 4338 1604 8554 1233 9419 2147 3821 1420 5213 2869 3422 3531 4346 7409 3737 5098 1924 4181 3163 1235 5543 6091 8371 2070 7514 1496 2316 2240 2021 6362 1074 648 4215 798 6024 1590 1069 3055 1310 844 1324 9374 1575 1196 3548 2914 5341 3146 1216 3950 1105 3499 3481 1170 2774 1400 3979 1785 4421 2169 1789 4561 5871 8519 3857 3570 1697 2385 1532 4885 674 2027 1696 9605 2152 1808 1290 1529 2644 2062 6457 5819 1240 4273 4277 3501 6636 8899 2666 1502 2881 1836 3532 6338 3543 1659 2739 3682 2871 1962 1121 4657 2104 8893 1823 3984 7658 2287 1788 3114 5844 4427 1801 7666 5015 6355 1784 4808 5608 1998 3445 2212 3339 2985 1955 7003 2007 2303 1496 2943 2221 4448 1830 2036 2003 3234 8091 3408 1656 1949 1078 6278 3092 4041 9467 886 4053 9671 6972 2786 2359 1913 1361 4065 3386 6934 2408 1381 2402 3573 8477 7586 5640 6483 2000 6413 4317 2941 3295 3886 1249 1159 1281 1038 2067 2182 398 2076 1083 3128 3755 1376 1201 990 6059 2056 1311 1466 1868 8269 1972 824 1180 5268 1142 8555 1013 2471 747 1605 7378 7231 6982 9574 2240 5144 1771 1448 1609 2457 3516 5943 607 4031 6320 1854 4758 917 1038 1514 1717 3951 6554 7894 2645 3556 4088 1951 3575 4063 2989 2492 2561 3293 3894 2226 3840 8081 1998 2813 1461 4490 6337 1574 6321 1454 3538 1298 1742 2942 1546 7982 2259 2611 3135 1095 4391 2349 9416 4062 8662 5772 6136 1467 8969 2395 7737 1976 1929 4213 1906 2985 2285 2008 1216 5475 2468 2199 4011 6334 2030 1765 639 5702 2758 1470 1805 4197 2688 3355 4652 737 4111 3205 3479 3330 1706 1644 3007 9924 2690 2269 2403 4591 1827 1536 2096 1301 8263 3447 2353
2439 9179 2461 4924 2262 3046 9690 4981 9468 2294 2239 1933 4314 9871 4836 1880 4120 2418 8642 1743 2356 9184 7417 2566 4795 4243 2409 2385 2241 9589 4729 1537 8722 4557 4399 4201 2927 4368 2135 8860 1503 1452 3210 3957 3165 4426 2303 2341 1242 2519 4823 3503 4751 4209 8534 5795 2473 8954 2610 4970 5848 2516 4806 6876 5575 10073 8369 3844 9987 2270 4323 2350 9623 657 2409 4900 4007 3237 3607 4805 4573 2567 4062 1913 2109 4176 9383 3984 9261 2257 4302 2071 6476 1867 2318 2123 1647 4960 9370 4814 8509 3352 2019 1833 1807 2375 8113 2437 4632 2515 7838 1942 4286 2311 3503 4812 2860 2534 1869 8577 7330 4239 2443 8778 2197 9637 5928 2201 1200 1768 8094 5659 2442 4170 7705 4898 2044 2095 7232 4350 4340 4622 2217 3949 2012 8635 4362 4326 3141 2267 4749 4718 7233 4281 4586 2831 1440 2169 997 2389 2534 9860 5034 3858 9458 3695 4590 9123 2115 4401 4501 1805 1830 4946 7255 1854 2657 2556 9287 2545 5012 914 4339 9882 2296 9986 2223 7428 8530 4732 2134 10041 1569 9893 4995 4738 1534 6231 3838 4805 4644 4367 9585 6201 8319 2286 5904 4836 1945 7238 8474 9327 2427 7590 2491 2347 2243 2270 6752 3154 2285 7680 2080 9013 1885 1120 4033 2071 2732 1619 9462 2229 1915 4252 3816 8002 3494 1338 4673 1519 3723 6288 2209 4545 1570 4905 2465 4762 2726 1923 7387 8013 9886 4171 4739 1815 3734 2023 5549 1845 2052 2505 9979 2476 2410 1643 2439 3987 2202 9883 9681 2476 5892 4405 4833 7503 8917 3530 2050 3623 1907 4468 8381 4403 1715 3512 3763 4945 2059 2744 4786 2375 9798 1909 4853 8964 2512 2238 4251 8046 4819 2030 9096 5267 7285 2504 4818 9108 2451 4191 2340 3471 4985 2551 7836 2067 4007 2532 3051 2383 4919 2356 2411 3167 5034 8851 6285 1918 2157 1274 7756 4772 9294 10008 1569 4216 9879 9764 2838 2569 1982 1892 4547 4563 8798 4916 2120 2489 3745 9384 9767 9111 9560 2366 9759 4553 2965 3410 4154 1864 2513 2348 1160 2232 2481 1930 2318 1105 5054 4229 2187 1798 1143 8955 2226 1951 1820 2302 8663 2474 1074 1930 8392 2234 9695 2494 3817 2418 1714 7513 7770 7528 9763 2242 6620 2286 1570 1627 2795 4349 8844 784 8735 9719 1978 7616 2435 1355 1598 1878 4293 6634 9534 2706 3716 9876 2480 4739 4139 5659 2535 4888 3449 4106 2438 4022 8841 2833 3403 1785 7648 6411 1651 9966 2190 3956 1358 3937 4025 3999 8605 2353 2880 3653 1336 4431 3057 9607 4577 9204 8480 8346 2324 9671 4868 9800 2310 2297 4680 2092 7128 2298 2349 1434 8406 2564 2337 4182 8917 2392 2677 675 9265 3134 1608 2200 4397 4599 3654 7436 1859 9326 4983 4672 3887 3359 2190 3081 9953 3035 2886 2837 4659 2269 1998 2296 1818 8825 5012 4829

364 57 178 979 577 950 1539 240 96 730 1554 777 237 938 30 192 1208 23 1826 148 121 2754 383 766 11 774 167 74 733 620 1307 32 411 86 1231 416 215 1 124 1325 588 724 436 743 804 937 723 921 120 648 580 327 124 21 1947 539 104 1175 195 623 5 1273 862 590 1370 1505 300 332 530 393 1014 97 1590 49 12 675 384 609 599 118 681 618 646 453 59 616 1670 19 295 312 508 115 630 67 68 502 12 105 172 1553 2104 32 115 163 224 780 12 502 33 42 391 492 756 1109 69 4 395 732 42 769 848 254 19 83 287 202 1902 134 363 33 1362 443 491 38 478 29 57 202 1559 501 256 1877 115 716 216 2134 102 549 372 66 80 412 972 454 1077 300 20 21 109 1948 651 139 1616 453 3606 1273 59 929 669 576 404 591 223 1382 194 34 481 268 765 602 1080 375 526 966 190 2226 110 316 263 508 341 163 75 3588 536 12 151 694 63 177 1345 926 2350 763 137 751 171 120 659 1455 3484 3435 63 239 319 539 498 69 634 87 24 456 31 300 293 97 244 227 30 192 1739 1165 502 271 333 330 137 106 852 297 1440 800 854 1103 192 892 27 34 659 193 370 270 2069 1 9 126 172 78 840 321 29 279 2506 79 84 610 115 493 77 994 1795 91 1104 2188 154 2082 5397 386 200 220 199 2678 52 786 54 8 649 274 32 228 156 791 160 40 1439 1374 1014 196 370 336 27 40 171 1476 125 590 212 309 134 1262 408 463 286 815 124 376 48 74 386 905 403 263 278 861 27 2507 407 56 363 42 762 228 1347 39 287 1089 821 546 866 46 290 237 1759 31 917 46 25 337 102 253 3053 447 485 115 175 793 410 674 344 148 18 83 429 471 5 45 103 276 249 1951 92 304 22 1616 454 38 125 656 1790 111 128 421 288 246 1108 126 477 27 111 896 1389 395 297 1161 2367 279 61 323 98 105 588 286 243 1053 393 351 112 89 263 122 34 98 20 3 14 320 121 202 418 276 77 696 450 2384 892 587 901 458 668 81 393 930 68 1878 343 1338 584 364 255 233 313 144 1000 376 235 673 240 61 121 3061 149 229 428 1214 89 676 55 226 432 777 236 499 620 143 2716 373 19 1295 110 8 104 206 665 898 118 184 492 209 281 1472 147 2154 32 788 100 158 398 295 1064 547 919 68 180 93 179 347 22 118 694 371
