500 4 1
12 63 52 84 24 4 94 27 11 89 77 49 69 54 76 71 71 25 27 67 2 13 87 4 50 78 86 99 79 80 54 18 96 72 36 8 80 78 30 29 14 20 19 42 59 4 6 26 49 78 73 66 53 58 47 71 43 99 15 2 49 70 9 2 33 79 8 57 64 64 43 5 7 58 21 3 62 61 7 3 70 3 9 24 23 24 35 48 99 90 7 100 90 27 68 59 59 61 73 37 11 71 54 67 47 16 52 97 84 40 70 11 19 77 66 45 40 39 83 4 94 47 72 43 77 44 33 29 78 36 93 59 25 88 60 18 24 62 15 36 78 2 100 81 13 92 58 28 68 9 96 73 55 99 20 96 63 62 77 54 100 28 23 4 53 79 19 39 61 37 79 17 64 73 95 66 21 30 35 7 6 36 58 33 21 1 24 82 31 73 30 81 57 14 80 57 20 67 86 1 80 77 32 55 91 33 62 70 87 3 16 90 12 49 34 2 2 18 56 87 34 90 70 90 83 13 70 33 4 58 21 15 44 88 94 86 38 82 31 73 67 79 73 5 71 98 29 53 85 63 98 13 55 63 67 35 29 65 3 94 83 99 96 43 91 41 56 48 51 95 83 52 9 22 66 91 96 7 43 59 55 8 20 5 32 94 1 96 61 79 84 6 5 59 62 3 49 39 38 56 68 90 51 29 82 89 74 54 35 71 11 43 9 23 71 28 36 1 4 99 65 76 89 65 1 43 52 24 90 4 6 87 22 52 15 61 29 40 93 47 54 9 28 1 19 15 86 90 62 77 40 100 15 40 22 22 80 64 56 75 94 55 50 42 69 59 63 82 99 80 2 43 45 5 48 80 75 35 8 78 75 98 51 10 16 52 65 47 25 69 99 73 24 97 43 15 30 78 16 76 67 13 89 7 49 26 7 89 46 51 94 83 91 22 35 48 56 46 64 46 1 73 97 99 48 90 1 89 11 38 28 4 11 60 60 26 63 81 92 71 89 2 84 34 87 77 78 79 71 42 61 24 43 96 86 88 100 55 61 71 7 84 9 21 59 11 3 63 8 29 74 97 95 67 3 50 30 38 95 9 50 8 14 32 45 23 75 38 94 58 58 66 40 4 95 57 43 25 8 98

44 20 25 19 25 38 38 9 46 10 43 4 10 25 15 37 26 8 4 27 30 4 53 58 45 18 14 47 5 3 21 30 25 1 59 25 20 7 36 17 7 4 11 16 11 4 14 20 10 34 32 17 4 8 7 42 52 21 10 1 13 19 10 1 38 3 15 2 7 13 10 24 13 13 12 19 33 14 5 67 11 1 5 1 25 3 7 1 58 19 55 27 5 49 7 14 42 6 30 44 10 13 1 7 14 4 17 1 8 6 34 12 69 14 2 11 58 33 7 17 2 32 22 21 35 36 21 4 8 34 7 34 11 21 18 6 40 21 12 12 15 20 4 41 3 47 19 75 3 19 52 2 11 31 8 19 61 20 19 13 28 36 10 14 23 7 40 26 42 14 5 38 15 50 22 3 9 12 4 10 2 15 24 43 24 34 29 52 8 5 23 9 16 31 11 82 9 5 6 29 49 11 21 9 3 23 46 5 2 8 54 1 29 11 37 1 3 38 7 3 31 29 1 7 34 27 48 4 30 17 33 12 15 35 5 23 23 28 9 28 12 37 21 54 37 4 3 6 25 7 19 15 49 5 14 16 2 31 3 29 17 33 15 9 8 14 69 7 52 12 5 41 6 9 11 3 22 4 1 18 14 9 56 36 21 46 20 17 12 6 31 10 25 18 2 24 3 1 22 39 6 10 30 22 62 58 3 16 19 3 3 13 46 42 11 63 9 48 2 2 13 64 7 47 6 10 19 18 8 44 15 16 32 24 30 54 2 4 55 80 12 41 32 4 7 4 39 39 1 6 23 9 48 47 10 5 11 21 6 19 20 6 20 48 7 5 20 4 11 32 10 16 13 9 65 18 27 15 21 24 10 12 17 61 8 33 21 20 20 42 46 36 7 44 16 6 12 24 66 5 11 20 5 23 72 28 48 3 3 35 3 14 11 3 8 2 2 12 20 11 6 33 57 15 9 6 37 18 20 10 10 52 4 17 18 39 17 61 46 11 2 30 50 26 10 41 4 33 9 7 4 38 1 22 11 31 7 3 24 1 13 34 63 50 16 6 8 42 70 2 19 8 5 5 8 9 18 6 34 2 59 14 1 39 7 11 34 24 6 45 14 12 15 6 25 33 28 2 17 22
57 37 32 25 30 50 66 34 78 18 56 30 20 39 17 41 38 17 37 68 40 56 57 59 50 27 51 48 43 25 23 35 60 4 61 36 58 12 47 27 21 29 48 36 15 5 22 54 52 45 39 39 12 56 29 62 69 44 20 6 83 35 11 34 51 31 26 21 30 61 39 25 22 42 17 41 66 24 62 73 88 32 16 79 35 40 10 53 59 26 77 67 28 53 29 15 54 33 37 51 53 42 32 15 49 46 38 73 21 41 38 61 80 14 8 50 72 34 38 40 10 61 60 37 58 38 26 38 68 42 47 61 39 53 80 10 47 27 62 64 33 31 11 55 17 75 39 87 41 51 52 4 18 45 12 29 75 21 37 18 42 51 35 16 73 26 61 59 62 29 8 48 34 58 73 4 12 17 49 31 4 20 38 48 29 37 38 69 73 21 69 34 38 43 51 85 36 42 10 37 67 20 51 27 42 48 67 13 35 49 56 30 44 31 43 22 4 49 43 53 64 75 6 24 34 49 81 31 33 27 48 57 22 36 12 38 51 47 35 60 53 56 34 56 45 54 28 44 50 84 60 36 88 39 55 26 30 63 4 29 18 40 38 26 62 21 81 38 74 32 39 58 17 25 21 7 27 21 9 36 16 33 78 52 42 53 31 18 21 11 38 26 74 36 29 64 6 29 51 47 56 37 31 42 69 66 27 34 43 7 38 43 47 45 34 80 33 65 27 8 14 78 19 67 22 13 21 24 16 50 63 29 38 25 36 57 13 26 75 93 45 53 42 14 10 49 47 53 3 32 47 25 67 48 44 10 22 23 23 21 53 13 37 65 25 24 76 29 42 74 16 18 16 23 92 19 34 78 46 63 17 59 81 66 42 64 54 21 85 50 50 87 44 48 51 33 21 24 75 16 62 20 8 33 80 50 49 9 20 70 36 38 23 7 15 22 11 34 23 34 26 61 60 18 26 45 38 33 35 33 64 61 9 49 38 72 36 78 68 33 27 58 68 34 13 64 21 37 79 20 36 80 21 31 34 36 30 23 35 19 26 45 66 67 18 37 16 54 71 14 22 35 27 49 49 10 27 9 83 11 90 75 15 41 20 34 59 32 68 66 23 26 17 14 43 56 50 14 69 23
68 76 53 51 50 52 88 59 83 73 67 36 30 90 17 61 64 36 78 71 42 67 59 75 71 43 77 54 86 78 41 88 81 28 85 36 64 14 73 75 30 47 56 45 65 49 37 71 56 76 50 48 32 56 58 64 81 52 72 65 85 49 48 79 79 70 30 46 33 63 85 38 82 59 21 45 83 43 77 88 94 45 28 84 71 42 16 82 70 28 86 77 67 93 66 59 56 41 59 57 68 83 72 53 71 72 39 88 46 65 41 66 82 24 42 62 83 53 72 56 94 63 81 37 59 71 47 55 92 59 59 79 43 54 86 15 67 32 73 72 50 78 54 62 47 87 47 88 52 73 79 24 23 52 35 40 75 50 54 68 66 56 36 30 79 42 63 73 73 29 12 51 72 73 98 49 84 66 52 37 48 30 83 73 61 80 67 77 85 28 78 71 60 65 57 90 56 55 17 44 88 44 84 34 43 78 91 17 40 51 79 51 55 51 73 57 5 70 73 59 83 87 80 68 51 71 99 47 65 68 73 75 60 47 35 57 54 67 66 60 54 75 47 69 69 80 36 61 78 89 85 54 95 46 79 32 62 73 6 62 20 51 64 76 79 54 87 41 92 39 79 80 59 43 39 55 61 27 29 50 31 36 95 67 44 83 67 49 69 45 59 83 75 76 33 71 69 46 55 47 60 56 42 44 69 81 37 48 64 84 44 69 56 62 57 85 50 80 48 27 41 84 51 78 47 52 43 25 26 81 66 30 48 79 43 64 40 51 86 94 74 79 62 44 26 61 48 90 64 66 72 74 87 61 46 22 37 47 74 36 62 57 58 97 75 32 81 52 62 74 25 78 85 42 96 39 65 91 68 74 89 91 90 67 43 83 88 59 90 51 70 88 62 70 53 36 36 32 92 16 63 81 41 61 88 74 66 49 90 75 64 50 58 12 28 23 55 79 40 57 49 83 65 87 40 50 50 91 44 53 72 71 31 81 43 73 42 99 78 66 45 72 74 49 88 77 43 63 90 47 54 81 26 33 68 88 39 32 61 37 60 67 83 81 26 51 41 76 80 23 41 35 33 90 57 57 51 38 92 41 96 85 19 75 49 39 83 60 76 74 53 58 89 57 50 87 79 62 81 37
89 98 96 87 89 53 91 89 95 75 86 90 42 94 81 67 79 46 99 72 84 91 92 86 72 72 83 85 99 83 67 92 98 29 97 37 79 18 89 94 67 55 59 74 73 84 38 79 99 81 64 56 77 72 98 70 99 59 81 74 92 97 75 97 81 93 100 51 99 97 91 82 86 88 36 50 88 62 94 99 98 76 53 88 100 51 99 94 95 61 99 79 74 98 80 60 60 83 62 74 70 97 78 82 87 97 43 96 88 81 96 89 94 64 46 87 87 96 72 66 99 69 97 78 71 76 64 62 95 78 69 92 85 99 99 87 67 96 74 99 63 91 86 96 80 97 85 89 53 89 100 99 31 53 73 75 79 77 91 80 85 95 92 55 96 83 99 94 80 90 76 74 80 81 99 56 90 71 81 72 90 93 92 77 99 94 70 94 94 81 96 98 69 76 62 100 82 75 83 84 93 80 89 41 84 100 96 61 76 53 91 88 74 93 76 91 61 94 93 96 89 93 96 97 69 94 100 54 67 83 84 86 92 99 79 91 81 84 85 86 67 77 83 81 100 98 49 74 86 89 90 98 97 87 84 93 90 74 79 72 97 54 95 80 82 85 97 90 93 53 88 84 59 58 100 69 77 77 76 85 72 91 100 74 98 96 93 74 70 52 92 88 92 90 44 92 79 87 56 62 96 65 53 86 86 84 61 52 94 100 80 83 68 73 68 90 65 89 87 55 92 98 76 89 72 80 79 28 52 86 80 60 50 85 97 83 58 80 99 98 98 87 67 67 38 68 48 90 87 74 93 87 95 64 52 95 38 83 80 80 85 70 90 97 80 84 82 88 92 93 44 98 100 45 100 71 96 97 82 95 100 99 100 100 58 91 88 68 95 93 72 97 72 81 89 44 46 48 99 78 79 96 50 67 88 84 91 51 99 92 65 65 67 70 56 53 71 93 64 91 71 89 85 99 74 61 67 94 44 93 76 91 90 88 85 86 76 99 89 78 77 79 77 82 95 78 74 99 98 58 56 100 52 58 78 90 90 45 80 59 82 77 98 82 27 84 53 90 90 67 73 35 82 90 75 79 84 94 95 44 97 93 95 99 90 49 84 93 79 94 87 98 95 100 79 90 82 78 83 64

80 59 36 33 5 16 24 52 88 65 21 34 72 21 75 65 2 55 27 78 51 90 5 21 46 73 32 39 57 47 22 49 27 79 87 66 38 16 85 20 33 27 82 9 29 5 38 55 74 31 48 100 14 46 49 82 69 53 45 71 37 56 13 7 100 100 29 63 50 87 63 3 3 92 3 4 7 19 24 65 6 23 79 83 9 77 56 66 88 78 54 89 100 73 27 1 7 28 16 81 45 67 49 95 52 3 50 90 83 55 92 29 75 50 28 18 41 2 77 67 65 39 90 1 93 6 100 14 95 76 23 32 55 54 25 28 76 72 67 71 32 96 53 67 95 35 16 42 1 59 55 40 55 79 13 44 78 31 43 76 55 99 54 19 55 16 84 30 13 96 28 73 46 6 90 60 76 44 100 89 2 15 42 76 90 20 8 73 71 10 27 7 88 98 70 47 36 18 7 71 85 77 94 89 3 81 23 86 4 93 13 22 74 71 96 44 55 77 64 85 19 84 97 32 75 53 6 90 10 24 28 53 30 100 32 9 75 49 75 63 60 89 40 62 86 40 86 53 67 17 11 87 100 90 69 35 58 75 11 27 29 16 82 97 86 99 5 5 41 8 42 73 49 30 96 59 4 24 63 79 19 8 52 60 10 48 79 90 59 76 36 32 38 49 48 92 22 25 97 19 95 41 71 3 94 94 43 43 96 57 45 43 64 7 59 21 57 74 66 71 68 95 31 15 86 8 85 14 78 11 11 86 16 37 9 46 72 98 97 20 87 13 74 58 98 98 15 95 4 10 90 76 66 90 86 67 19 35 4 6 88 58 5 99 53 94 75 72 15 21 88 7 26 54 33 49 34 27 11 85 60 71 26 92 19 22 60 38 15 18 29 49 2 16 70 75 32 56 78 61 31 21 91 30 46 38 30 40 99 68 20 22 45 64 46 40 68 56 45 23 73 7 51 22 7 57 88 29 62 61 49 49 76 44 14 90 64 4 63 95 45 93 76 2 24 10 32 43 32 79 99 77 50 58 60 84 93 73 46 65 37 10 60 28 62 76 83 29 63 64 2 5 6 91 74 46 53 93 14 91 34 61 6 87 68 38 11 77 100 81 64 63 18 79 5 36 26 57 8 3

621 6333 1052 3877 3106 904 1206 1421 2867 726 514 2176 475 344 4658 489 280 1118 232 2011 773 2402 679 256 1256 1829 1451 1581 573 96 4463 43 909 2058 1164 120 217 475 349 529 1928 845 398 71 1078 2921 3181 545 567 311 371 662 346 3671 1671 1904 2205 2320 1331 781 1225 5956 622 342 51 299 611 1504 1241 4738 230 439 186 164 477 1859 1616 441 1372 2279 1200 1842 723 1835 454 498 504 3334 617 1625 101 530 791 102 346 3210 1813 3006 1579 117 2080 214 1143 1450 4263 256 177 4659 584 688 93 2204 747 1227 4586 1523 403 1290 1315 1052 1315 1178 985 295 268 57 1551 54 881 441 618 178 966 210 2532 1682 2177 3906 3167 239 782 1478 823 4812 2085 1482 221 1527 4425 525 498 395 582 6061 717 637 1789 103 2050 726 2829 1041 2784 1351 521 1397 677 1286 663 120 899 1205 1231 724 631 475 182 1005 720 605 1241 211 3374 1558 1988 1465 3680 2411 585 1362 356 2350 1512 117 547 263 905 3437 1445 2172 866 480 695 369 765 2063 158 3120 277 35 539 2691 504 327 245 3751 641 548 1257 3164 3702 4620 432 667 1249 136 653 524 295 600 990 726 356 422 729 4344 228 1466 433 1512 1565 1804 1229 551 525 1471 4496 366 655 5007 2241 4030 422 3010 524 582 395 1637 1136 241 701 1951 289 4576 291 963 569 149 310 376 1323 570 1572 124 150 3048 433 1069 220 4517 206 236 1800 718 181 1154 771 267 631 3382 648 1852 499 5363 596 522 1933 557 1028 274 553 2580 97 2810 121 106 4453 81 845 201 1063 152 910 1525 1906 111 1078 119 1109 1191 2831 6718 6223 2215 473 529 192 228 1314 1921 631 373 574 228 5700 1106 713 621 1403 1307 1452 546 709 1622 694 540 105 356 1431 118 545 576 24 548 223 294 384 1340 1347 312 2076 1185 80 112 1977 1437 1952 5997 731 2083 1250 508 1738 421 828 1725 5025 327 654 362 4176 7164 5245 447 768 826 486 391 4082 1641 1452 86 240 906 558 2568 561 2619 2259 503 73 217 4473 1553 4265 123 502 2399 720 1434 1677 471 299 778 654 3725 6190 330 1910 1052 377 209 1066 4946 135 157 4 2890 872 301 2437 423 2551 2361 986 1051 498 2341 860 508 1094 496 568 145 2475 205 664 3423 982 961 110 684 1125 669 358 355 779 290 755 4072 1915 255 236 692 93 422 1987 317 913 588 1361 1698 520 191 15 1978 2340 161 347 527 611 2823 931 322 3424 963 2434 115 353 301 591 229 226 693 128 161 1348 517 293 3195
1376 6773 1579 4327 3965 2894 1555 2272 5727 7063 800 3068 2420 3420 5614 864 724 1411 2405 2620 1157 2533 1670 321 3965 3903 1844 1864 750 1550 7451 403 3126 2609 1893 299 1486 549 1495 669 7819 1817 605 609 1886 5426 3327 2095 2437 556 824 2900 813 5106 5466 2953 4343 3200 2739 1084 1492 9637 3807 3670 1074 4442 1772 1868 1687 4792 923 1605 943 890 1934 5158 1720 492 1846 3169 1316 6444 795 2839 1873 1236 1319 7063 924 2055 412 2150 1210 1244 714 3449 1860 3349 3408 2010 2684 1613 1906 3353 7187 326 884 6077 4541 2052 101 2523 931 1898 5544 5898 984 1932 4468 1648 1890 1638 2219 564 798 421 1835 1239 1261 654 3185 2649 1078 1071 4571 2260 5152 4070 3589 2786 1777 1661 1203 7987 4456 2029 619 2722 4754 869 1425 1369 608 8339 1531 694 6484 243 2256 6909 4656 2058 2820 1713 1984 5465 896 3137 1166 1110 3301 3605 2213 823 3164 3466 635 1299 918 2238 4657 834 4879 3437 7725 3745 3687 3718 790 1597 554 3254 1744 121 588 1112 1411 4618 2538 2687 3996 1971 1198 608 2688 4209 2882 5472 1392 353 1195 4384 1619 1677 2565 5494 1130 848 1281 3197 4359 5356 1181 777 3294 1297 1182 2602 1187 1136 1264 1450 2273 3708 1236 4539 1363 2145 4336 6224 5329 3746 2178 1748 1807 4563 5851 2586 2840 5053 5152 5020 676 3190 2014 1806 832 3695 2253 2169 1220 2398 314 5702 896 992 1281 458 1563 687 3879 1396 4916 340 1921 3272 1763 3838 1107 5826 500 289 1869 777 845 4014 877 1009 1067 4998 1434 2551 1478 6553 3557 1626 2877 792 1185 864 713 2920 385 3247 548 256 4675 421 1631 1159 6643 2186 975 1555 2763 1435 1556 1183 1141 2053 3493 7075 8298 2241 1290 1287 417 2472 1842 6788 1612 4527 1367 938 7881 1752 1672 1941 2272 1687 2499 730 1283 1995 728 761 529 1835 1489 1452 4651 657 1354 2369 3430 1650 641 3084 2566 1543 2780 1395 313 2805 3571 2376 3368 7132 1332 4339 3785 3664 2408 1328 4362 2205 5654 763 2970 955 4754 8349 5368 678 4563 998 1820 698 5175 1647 2504 795 761 2096 568 3160 762 4199 4673 1863 418 747 6035 1794 4300 585 615 3969 1759 4261 3196 698 1431 1136 845 4010 6308 1755 3775 1352 1118 2637 2610 8150 616 2219 248 3437 1734 1974 3083 3898 6321 2933 4988 1216 837 3628 2901 1145 2075 1767 3816 1015 6681 2060 3059 3896 1819 1113 1691 1401 1512 832 1799 1463 1410 2794 1138 7834 2081 1681 752 2488 133 1494 2190 2510 942 4215 2680 5737 1249 1387 1059 2096 2688 218 607 823 1119 3998 1407 743 3541 1082 2741 282 657 544 1145 797 540 1254 1445 501 2957 580 451 4863
2103 7636 1611 4850 3999 4759 2334 3982 6489 7978 3724 6271 4566 3889 7442 1013 1276 1424 2497 2959 1582 3626 1912 3801 4083 4180 3607 3231 1379 4407 8717 1615 6779 2689 3878 365 4217 1656 2534 1496 7833 1943 894 1689 2009 6756 3429 2186 4550 1136 2033 3720 8267 8670 5844 4430 5557 4364 3157 3386 1774 9974 4395 5688 1377 7907 2133 9223 2110 7669 1482 1820 1638 1717 3053 5305 3391 593 2850 3620 1894 9335 1293 3034 3349 1887 2336 7220 1723 2084 1767 2501 2079 1332 1727 3678 1880 3384 3522 3576 4344 3977 3205 4644 7868 449 1116 6839 6382 3948 215 4108 1980 1994 6027 6476 1356 2182 4640 2775 2049 4097 2266 1041 4476 2052 2030 6041 1574 3435 7691 3101 1778 1673 4623 2958 7479 7788 4116 3436 1842 4524 1228 8745 5882 2384 731 4030 6566 1013 1576 2145 1125 8563 1887 1764 6861 902 2645 8279 5204 2103 3863 1823 2067 5513 2788 3413 4756 3811 3843 3628 2283 1352 4307 3952 1727 1486 1252 5802 5921 1689 5316 4747 9166 4135 4847 4039 2657 2517 998 3348 1911 1466 766 2191 4393 4789 3028 2702 5855 2667 2152 785 3442 4653 3028 7140 1568 1097 1609 8441 7255 4221 3782 5704 1489 3241 1747 4094 7033 5581 1276 916 4011 2999 2057 3000 3625 1157 1766 1521 3953 4827 2488 4573 1882 2240 4701 9567 5849 4796 2702 2083 1878 5232 7112 3184 4354 6674 8222 8156 705 3456 2044 3155 1768 5555 2868 2338 1504 3595 486 6295 3398 1458 1294 642 2079 5236 4357 2087 6145 2182 4034 3781 1904 7077 4443 6806 738 1408 2033 1759 1178 4159 1497 1800 1419 4999 1882 2703 2059 8798 6129 2607 2886 3168 1235 1373 1253 4483 1797 3877 616 786 4789 1111 1996 3652 7707 3037 1571 2383 3349 1930 2265 1960 2323 3111 5340 8757 9303 4086 1756 1292 1340 3707 2807 6886 2115 7881 1874 1109 8784 1955 4194 6721 2814 2005 6466 1142 1307 2430 8806 963 539 1939 5397 2130 6494 1771 1490 2534 3942 1770 1638 3623 3823 1660 6459 1658 1387 5458 4806 3843 3514 9553 1459 8302 4542 5334 2458 1539 4774 2379 6588 1294 3129 2863 6825 8456 6852 790 7492 1050 2246 1056 5675 3001 2897 1338 5170 3374 1788 3922 2244 4216 4722 2245 2681 4133 6255 8584 7374 1061 1004 4393 2872 8055 4651 2775 1886 1418 1879 4287 7381 1776 4609 1664 1599 2695 3594 8961 1153 2269 1567 5751 1887 2757 7928 7018 7512 2993 7377 1471 1125 4164 3608 1649 2148 2048 4068 1337 8135 6562 3663 6564 2314 1997 1866 2096 2235 1342 4473 2497 2349 4967 1703 8040 3265 2435 898 6241 458 1555 3684 2615 1129 5241 3293 6808 4278 1568 1108 2254 3810 1156 829 888 1596 4231 2374 3046 4524 1196 3303 1358 875 749 1572 1394 1933 1351 1519 1176 3664 613 2421 7163
2186 7654 4892 6561 4047 4880 2550 4291 8755 9774 4628 7899 4770 4992 9804 1969 2570 1813 4588 3611 3313 4280 2280 4390 4965 5532 6808 3524 1415 9858 9227 1929 7449 6067 5652 1166 4559 2819 4590 1824 8568 2245 2180 2189 2479 7398 4488 2417 5019 1156 2620 4121 8461 9855 6429 4782 5571 5096 4734 4385 1909 10036 4658 9692 1983 9478 2347 9581 2255 9713 1516 2227 2637 2519 3463 6862 4344 1814 3231 3651 4453 9484 2106 3466 4952 2090 2535 9946 2493 2360 1788 4814 2161 1425 2468 3896 2145 6930 4019 4070 4880 5817 3588 5559 8890 1052 1457 9434 10015 4944 386 4145 2977 2316 10040 9890 1882 4481 4958 8230 2487 6924 2763 2203 4894 2205 4037 8228 1932 5025 8391 4067 4048 2071 4724 3374 8457 9893 4800 4265 2497 4542 1540 9169 6336 2472 2125 4379 9800 1504 2069 2408 1347 10093 3045 2103 6958 1538 3755 9308 6949 2477 4767 2080 2259 8238 3621 3490 4807 6342 4154 7577 3336 1591 9653 4080 3951 2488 2682 6198 8028 1904 9649 5006 9266 4450 6336 4929 3255 4836 4317 3810 2449 2197 1014 3223 4731 5553 4214 4341 9754 4692 2343 2422 4945 4902 3574 9526 1770 1121 2277 9751 8581 5483 9420 7502 2187 3585 2367 4137 9965 9386 1369 1928 4854 3484 8178 4134 4251 2400 6228 1746 5835 9851 2733 8040 2693 2532 4966 9940 8795 8802 4312 5213 2376 9959 7765 9548 7557 6707 9052 8504 2328 3789 2205 3776 1896 8549 3146 2412 1596 3611 2584 8386 4646 2150 1393 2020 3008 7785 4678 2245 7558 2265 7681 4971 2022 8369 9503 7370 1583 2522 2164 1970 5869 4875 2360 2445 2490 7146 2538 3602 2270 9911 8447 5626 2984 3732 2053 3022 2347 5079 1891 8449 1713 1681 6286 1661 3107 4557 7939 4181 1607 4587 3866 2573 2346 2188 3092 4949 6224 9481 9911 4158 2240 1940 1424 4914 3002 9117 3017 8835 2346 2466 9469 2511 4537 8738 4089 2380 7855 1415 1901 2439 9270 1116 2095 2585 7649 5591 9432 9845 2459 4184 4644 2287 1667 4652 4190 2362 7978 3821 2007 9494 4819 5043 3650 9904 1524 8470 8550 6381 3651 2311 5990 4686 8258 2027 4541 2943 7183 9108 7869 1006 7553 1100 2248 1305 7922 3428 3706 2518 5615 9180 2777 8414 2251 4367 4979 2546 4338 4747 7606 8777 8425 2125 1505 5060 3699 9738 7868 3645 1903 1995 2278 8956 9803 1832 9422 1835 2047 6739 4968 9927 1653 2351 1836 7835 2428 2899 8096 8313 7547 3447 8515 4777 1445 4477 4714 3260 4925 3868 4532 2459 8187 8963 4619 6592 2841 3026 1911 2777 4669 2267 4501 3244 4869 7537 2168 8527 4335 2565 2104 7070 2190 4307 4652 2811 1825 9982 4645 9950 5189 2434 1276 3312 4805 1880 1219 2372 2443 4906 2458 5010 5013 1537 8337 1500 1802 940 2156 2372 2359 1664 1876 2093 3671 670 3694 8636

90 3264 36 2544 595 498 341 41 1641 411 125 1194 175 127 4120 218 270 651 18 1199 217 1868 95 213 590 463 482 351 348 33 2621 24 609 1233 922 58 124 231 257 409 1581 113 353 69 344 2874 478 288 138 246 337 253 312 394 892 1193 402 2274 125 323 875 1500 28 163 11 162 593 554 872 575 95 175 67 41 446 342 718 156 1113 1555 208 1583 70 1291 184 371 4 1545 467 1554 57 250 475 6 175 850 1026 643 213 99 1411 29 441 14 2737 217 11 620 136 110 3 1094 619 311 1381 1071 259 560 1188 865 932 840 670 216 201 47 445 26 290 131 133 97 195 129 1624 763 1501 2465 152 153 219 236 689 1123 463 329 131 153 1819 325 485 315 437 678 314 6 1105 100 571 289 616 193 1746 1037 400 1386 514 729 270 1 84 1048 502 473 422 237 89 282 223 87 55 3 2172 1475 710 234 3287 724 94 782 262 853 696 70 460 41 312 1822 1440 299 761 112 570 58 515 984 75 549 98 21 65 1401 32 270 238 1426 317 395 797 2087 955 672 409 85 277 90 328 330 252 483 666 214 176 84 188 591 176 997 321 74 1442 1357 618 425 184 1397 2624 266 646 1360 352 673 315 2068 468 543 297 1442 925 42 230 206 95 4079 66 593 131 116 65 171 673 17 1211 121 16 914 45 438 2 48 28 91 624 278 29 360 706 174 605 1371 231 1410 128 657 291 358 1590 472 624 165 472 738 16 1144 75 68 2194 72 569 67 197 108 622 1357 1677 32 70 53 125 1066 2542 1244 4854 702 284 170 45 96 1049 1515 152 341 458 15 3617 843 563 356 229 1231 305 362 257 460 574 300 90 57 655 102 338 411 16 333 170 195 7 45 805 155 604 170 37 13 665 569 1341 2730 645 1892 215 224 244 140 195 1530 3861 278 171 123 3161 494 3810 363 377 209 31 72 6 719 424 84 86 446 197 172 67 750 38 18 27 177 665 1462 1537 100 491 1002 425 1318 1593 116 194 400 390 1360 2404 311 595 729 184 54 837 677 3 16 3 2582 591 274 1631 271 1315 1243 35 261 131 496 125 189 157 288 190 95 1487 63 108 2687 916 867 69 387 536 539 266 152 546 220 49 1057 149 253 116 364 54 84 1009 37 246 103 1050 202 324 132 2 845 46 160 287 238 212 1810 137 108 2773 591 984 76 198 289 192 61 56 644 105 71 1129 397 48 758
