500 4 1
7 24 96 37 39 58 2 34 72 8 55 64 64 48 19 48 3 34 65 64 29 97 2 61 86 7 8 54 95 46 30 44 56 70 1 90 88 74 2 94 72 27 83 89 90 67 88 68 52 94 87 33 73 45 92 60 7 32 47 40 58 59 2 33 44 83 64 93 46 46 56 87 65 25 100 89 38 18 4 50 17 26 62 11 19 42 86 55 83 3 71 8 54 47 4 78 70 87 36 61 67 63 34 14 67 91 81 78 76 47 38 10 95 2 71 70 45 15 58 16 36 32 62 2 28 35 92 26 18 23 71 69 88 19 53 23 51 54 27 73 36 84 6 17 97 8 55 60 13 85 51 22 59 44 86 42 46 100 50 51 84 23 2 20 35 2 79 1 20 15 98 30 5 78 27 86 25 13 62 74 39 47 70 73 42 14 82 59 71 34 39 77 8 65 82 90 30 88 62 31 61 91 67 42 56 45 37 1 21 83 20 50 10 87 51 14 15 58 5 15 47 52 31 96 85 26 56 13 40 51 15 63 87 18 76 18 64 79 67 90 3 91 11 47 100 80 15 49 9 1 66 36 34 2 71 53 95 10 3 92 79 65 17 8 78 5 87 8 67 97 94 83 10 79 23 95 92 50 87 81 76 91 10 97 29 12 88 60 73 7 65 49 95 33 74 95 20 33 62 20 14 73 1 85 59 92 91 53 24 99 30 60 8 43 73 6 65 61 30 37 99 12 49 51 54 51 94 65 22 16 89 19 88 61 100 24 62 96 39 10 18 60 50 9 33 81 13 89 38 43 44 46 29 11 61 71 55 40 50 60 29 38 85 64 73 1 19 88 97 41 53 68 51 24 25 30 48 98 88 79 54 51 94 23 69 74 20 4 23 89 20 83 39 50 81 8 32 77 37 92 89 7 85 28 92 13 91 97 37 92 96 33 42 93 91 23 52 54 71 83 72 92 18 35 42 37 58 57 65 10 7 95 14 1 58 97 92 25 49 72 24 90 96 59 71 35 60 88 11 21 19 36 35 5 33 42 92 51 73 33 95 44 97 91 10 3 54 30 68 51 70 4 64 53 10 87 11 1 45 6 75 64 67 1 56 40 19 86 85 15 56 73 92 74 6 8 19 80 39 55

8 1 72 4 2 39 42 2 9 8 6 2 29 29 14 48 27 11 22 46 2 29 20 8 7 28 38 46 6 3 49 22 3 38 5 12 40 11 4 7 24 24 42 34 2 19 51 61 3 35 26 44 35 7 21 8 13 7 9 21 45 3 6 6 76 77 46 11 16 33 29 12 8 10 55 10 8 6 39 28 23 43 8 5 19 8 18 31 16 3 22 3 7 20 6 50 39 39 54 3 6 47 2 9 8 14 16 29 8 25 21 26 19 14 6 3 71 18 10 1 7 24 28 13 46 17 21 11 3 38 60 38 45 7 44 55 20 21 26 44 29 25 4 6 8 9 62 73 5 9 28 29 12 62 13 28 7 2 9 35 26 6 26 12 2 32 7 1 6 8 22 11 32 6 14 66 36 59 45 41 8 8 11 7 47 8 20 1 13 10 7 17 24 32 38 3 23 5 17 36 10 22 8 1 3 36 2 19 41 25 7 10 12 35 11 3 44 11 35 13 14 29 10 2 22 54 18 4 3 7 23 32 41 2 39 31 7 4 19 19 28 7 2 11 40 26 47 5 20 36 3 25 13 7 31 8 48 6 18 1 27 13 8 6 19 15 13 18 53 13 21 42 13 35 16 29 44 32 28 1 25 24 37 50 7 53 16 16 1 18 30 40 26 33 30 44 32 15 22 40 2 2 3 12 4 8 3 38 23 18 11 5 5 5 3 28 29 14 5 3 3 4 21 14 3 31 6 5 4 39 9 22 1 21 13 17 11 24 1 2 5 25 29 15 87 27 8 18 16 4 12 28 9 19 1 35 37 7 7 40 29 40 33 16 2 32 49 48 21 34 12 23 69 23 22 12 49 18 38 57 26 65 3 43 23 31 5 9 40 32 39 1 7 9 28 21 47 13 1 39 15 47 41 8 18 24 28 16 5 11 2 41 3 60 3 29 24 13 27 13 46 17 27 18 18 2 15 11 37 48 32 4 5 20 13 12 9 2 24 11 11 39 16 53 7 12 4 24 8 44 14 75 23 14 19 5 40 2 10 8 3 1 30 11 13 61 4 3 39 24 4 1 52 16 21 14 16 4 1 3 6 1 17 36 5 36 4 35 33 7 1 39 12 1 8 57 6 1 14 8
43 10 77 4 18 59 52 4 34 15 39 28 45 46 23 58 38 19 47 48 9 74 62 30 23 44 38 70 10 47 58 28 50 41 26 26 68 75 39 17 51 45 56 45 20 36 62 77 35 45 40 48 40 36 29 26 81 23 9 37 53 4 16 17 82 82 64 29 73 75 41 81 26 32 65 13 11 83 86 29 40 55 23 41 50 32 25 52 57 41 24 69 20 31 27 54 51 56 55 11 68 84 18 46 21 57 38 58 28 60 67 71 20 61 29 20 78 33 26 53 9 48 32 50 47 48 36 40 6 74 61 59 84 8 72 63 71 31 27 60 44 42 11 9 23 22 62 85 56 57 41 31 19 79 18 56 62 4 64 37 35 57 43 12 20 32 43 8 45 14 40 31 39 20 27 68 44 65 67 56 29 60 19 22 47 38 21 17 55 18 57 29 70 75 50 13 34 20 29 41 34 37 25 2 46 75 37 41 60 35 15 34 24 39 16 38 52 12 42 27 40 53 39 7 32 61 22 18 28 37 39 40 58 6 54 41 27 10 26 32 71 76 29 25 69 27 64 35 40 63 47 69 43 78 48 20 58 27 18 24 66 70 21 10 28 29 13 45 61 19 62 81 13 60 17 71 52 55 50 6 40 50 71 66 11 57 34 71 4 47 46 56 54 72 72 67 33 52 72 50 41 33 50 13 35 19 59 61 42 53 18 33 57 21 48 38 53 44 46 46 3 12 72 41 60 45 45 11 18 62 27 57 40 37 20 29 14 60 30 39 11 27 34 64 89 44 10 32 19 60 16 56 43 29 4 85 44 44 40 52 46 42 45 23 25 71 54 66 21 80 23 28 73 29 24 18 50 24 52 62 56 73 54 43 34 59 18 27 53 58 46 37 17 16 32 27 51 28 21 64 78 68 51 23 80 51 34 40 27 24 16 46 71 78 7 50 34 44 34 24 64 54 65 18 43 40 28 19 66 71 38 5 63 20 44 18 19 26 54 20 18 45 20 60 14 48 16 45 19 58 50 90 24 25 65 71 57 48 49 38 20 5 31 16 39 77 59 5 46 25 36 14 59 35 22 33 23 18 13 72 35 72 77 65 23 56 35 36 78 11 11 47 58 64 12 58 35 12 20 23
48 78 79 76 29 74 56 11 62 24 57 34 53 47 78 73 41 53 73 95 32 87 65 43 50 46 57 74 44 70 67 59 87 56 59 51 90 75 41 65 55 63 79 56 49 38 82 91 54 67 55 79 73 95 45 30 86 43 67 61 67 71 28 38 82 82 74 77 84 75 65 87 58 33 68 21 39 89 86 66 48 64 30 58 61 44 55 55 59 53 57 84 20 33 29 91 82 70 58 28 79 87 20 59 38 58 41 69 50 87 77 80 24 64 90 34 79 50 82 80 51 53 44 74 49 56 42 53 54 82 73 88 85 27 77 76 80 89 62 76 52 45 32 65 26 40 66 95 81 72 50 82 22 83 62 56 87 36 67 77 37 74 63 28 28 34 85 15 50 24 57 69 52 37 69 72 75 65 82 69 45 83 29 33 82 39 67 38 57 46 83 55 82 75 54 21 43 76 61 62 37 60 75 47 47 82 40 85 67 47 27 43 57 57 62 41 53 49 80 38 65 55 50 27 47 83 77 19 68 50 70 43 74 49 91 71 68 70 33 64 82 88 73 65 69 43 74 55 96 84 78 90 54 79 63 71 89 68 64 43 88 92 58 33 28 46 34 48 69 47 80 84 21 93 94 80 71 77 70 67 66 75 73 75 70 61 48 89 45 48 55 67 96 78 76 70 80 79 76 68 66 72 79 79 46 23 65 65 48 59 23 63 81 52 54 48 78 56 55 70 49 26 78 45 71 71 48 56 52 92 27 67 41 47 40 43 60 68 80 50 25 38 41 76 91 48 64 68 25 85 31 58 73 33 19 87 56 93 60 53 65 52 49 49 27 72 64 94 57 82 34 73 78 71 24 60 51 25 82 78 59 77 68 61 42 74 89 71 55 71 77 69 38 17 47 53 54 34 89 66 86 69 70 64 83 73 39 76 57 33 54 50 79 99 36 55 78 59 53 59 71 72 68 73 53 42 90 71 81 93 39 55 74 40 45 20 64 40 77 50 67 46 64 63 52 66 53 86 27 89 68 92 37 43 89 83 59 51 52 72 51 18 31 37 63 88 79 41 53 56 47 45 82 68 47 43 92 26 16 82 53 85 90 73 36 87 75 52 81 93 35 69 76 76 17 61 59 38 57 37
78 88 90 80 84 98 62 99 85 40 90 76 88 68 98 95 49 69 87 95 49 91 99 60 55 77 98 89 94 72 75 91 97 64 75 70 100 94 58 92 83 69 93 75 93 50 94 95 72 79 96 100 91 97 62 36 95 90 89 92 88 86 76 45 95 92 90 92 100 93 98 93 91 40 70 56 78 98 98 82 89 77 54 94 93 62 58 68 74 63 96 99 85 79 30 91 100 90 82 77 81 90 23 98 54 62 45 72 92 90 78 92 89 79 100 76 82 50 86 99 79 68 90 84 83 58 43 62 86 88 87 95 95 96 79 97 84 92 87 94 85 98 51 98 64 80 83 100 89 79 82 89 27 97 89 79 96 39 94 89 50 83 96 34 34 69 97 66 84 43 69 100 84 84 83 80 87 88 89 80 51 91 66 93 89 50 77 67 99 56 87 83 98 87 98 67 83 91 65 77 73 73 94 84 56 94 93 92 68 85 93 99 59 88 65 83 75 56 87 43 73 62 58 97 71 86 96 94 98 55 88 92 92 78 94 88 82 89 85 66 92 100 76 72 74 92 91 61 98 92 82 94 77 83 93 92 100 76 71 49 98 92 58 76 94 86 90 93 94 83 89 89 87 94 100 94 82 85 75 69 67 93 94 92 97 93 91 95 86 56 88 68 97 96 100 97 100 88 93 86 76 85 95 81 80 89 70 80 55 70 91 86 85 95 74 56 83 83 60 77 98 94 96 58 75 100 63 92 86 94 94 76 48 96 78 72 60 82 89 55 65 57 45 98 93 100 100 70 69 86 70 100 95 71 80 88 70 96 96 95 85 60 93 99 86 89 66 97 84 97 92 81 94 90 54 79 96 61 93 96 69 82 71 97 44 88 92 80 85 94 77 82 70 90 99 88 87 77 90 86 97 81 92 83 86 96 79 84 75 43 65 96 80 100 62 60 84 93 90 74 72 78 82 81 64 65 100 99 85 100 95 66 86 78 88 50 78 97 99 97 76 99 65 81 86 82 59 94 74 100 96 97 80 75 99 96 76 80 98 79 87 97 82 83 85 98 86 75 53 66 48 49 86 78 58 97 97 78 84 89 61 95 99 87 64 94 86 97 88 100 47 88 80 81 25 94 63 87 78 65

96 19 59 49 28 72 46 59 55 13 89 30 57 36 18 86 32 76 88 42 69 60 58 76 62 50 59 35 19 82 76 84 23 51 8 31 48 40 31 98 13 15 83 23 6 24 28 51 49 52 16 35 72 63 90 33 63 2 66 4 82 75 88 15 26 71 2 9 12 63 66 97 73 87 45 82 27 89 21 60 36 6 2 29 68 21 54 9 73 24 27 62 32 24 21 54 32 32 10 26 96 43 27 24 24 16 83 64 58 48 43 77 2 99 91 95 1 23 71 55 48 54 30 75 49 34 15 6 58 23 71 7 65 12 57 93 81 90 58 60 70 3 91 81 22 29 36 98 21 34 30 71 54 87 98 16 81 69 66 91 52 66 97 22 79 54 13 55 100 54 9 70 69 61 7 64 29 14 60 65 5 89 54 7 6 92 69 82 15 48 93 89 64 4 6 85 48 2 11 9 73 94 93 78 92 5 8 38 26 56 50 42 81 14 89 37 29 89 68 51 43 8 88 85 88 3 17 40 70 23 39 42 1 61 96 7 79 46 76 23 38 8 72 90 31 93 34 90 100 51 22 22 31 56 6 41 64 27 40 95 3 21 85 41 96 88 10 48 11 97 33 99 31 41 56 74 69 3 58 38 30 89 100 2 79 13 51 78 80 13 1 31 36 2 19 9 95 30 39 44 46 34 13 33 68 23 37 36 22 14 95 9 2 19 43 19 14 16 99 74 7 63 52 7 49 88 79 16 80 27 100 3 57 10 85 3 6 96 34 57 80 15 36 1 23 17 21 59 58 61 16 29 81 50 97 22 69 14 98 24 59 11 82 99 5 63 23 23 36 98 69 73 59 1 69 6 97 10 42 13 23 55 51 29 63 72 33 39 29 36 89 27 7 92 98 2 37 24 94 45 59 5 91 95 86 3 90 17 31 34 100 90 50 20 22 77 93 63 75 61 82 70 5 89 47 50 52 99 38 74 40 50 71 76 100 32 35 20 13 49 84 34 99 87 80 87 62 24 48 58 28 64 78 38 46 16 69 60 39 54 4 93 66 5 31 76 94 44 78 96 60 89 62 75 75 79 22 17 87 77 40 62 69 62 84 74 42 37 34 92 17 62 81 100 7 48 15 3 97 46

62 396 702 655 366 833 244 1277 1558 1186 345 256 76 1381 1537 954 2880 945 2282 67 201 4869 82 427 2151 2403 16 1149 706 589 1532 4308 2126 774 33 539 2853 255 1178 3203 1929 902 5278 3284 1494 1102 1145 397 169 1473 2703 5409 1657 2087 2228 383 672 340 231 168 299 2853 448 1451 813 1303 520 209 849 137 173 2255 114 2392 237 2616 2886 716 544 51 846 760 1442 114 958 158 1162 1519 1144 5215 807 979 1197 401 622 175 831 88 677 269 1446 2833 434 269 253 174 401 194 3225 68 2210 2925 178 181 196 909 680 3418 1774 159 402 223 727 425 55 2045 1823 1370 867 711 2418 2086 350 547 917 2464 99 212 150 3038 1100 912 838 725 5125 495 497 829 20 1685 595 516 3561 1266 1594 511 236 1364 3156 505 2846 395 1467 6580 2740 328 1556 3601 704 1282 1741 524 339 1601 3556 3072 1340 633 328 2766 2050 4050 215 3546 121 85 4243 745 83 3049 1699 7612 1063 2065 5040 1634 2590 2304 859 501 461 862 2422 329 2057 116 1352 189 1300 2031 1667 1150 1689 1987 463 878 946 3002 2275 614 1267 73 1281 435 598 209 426 2814 239 1034 2446 436 434 36 677 1034 463 955 752 1318 360 301 3493 3149 747 1087 197 1060 3049 2889 695 528 1043 458 580 874 4236 1675 140 3112 2138 5596 1026 350 190 703 489 986 86 154 779 379 107 1243 111 3241 1053 1594 2669 149 1720 1377 463 1469 225 532 352 5005 1038 56 241 476 1316 118 162 1222 225 2143 690 7256 2422 683 271 1995 412 671 428 5647 1949 679 2414 355 1013 192 738 535 1481 126 714 342 562 670 66 907 1053 479 1106 289 1934 27 6043 5021 109 5274 1371 711 1746 2243 254 1112 616 4325 1425 598 922 1727 1902 737 75 2025 358 1791 732 359 661 646 687 446 271 319 581 337 1118 441 75 123 50 453 612 398 814 588 3030 79 184 67 771 1047 1229 1758 536 173 1383 1004 175 582 1303 1749 6850 560 102 191 896 2220 527 503 4713 1091 853 197 650 180 359 2200 204 1285 1067 1473 199 317 1823 209 122 153 2053 395 2108 351 561 844 950 434 2570 1453 57 844 1159 871 3009 1569 806 259 1305 317 2566 2761 3421 1940 687 399 108 2421 4304 985 507 600 2648 202 2403 259 704 688 190 488 1129 49 1121 519 1776 3587 375 1425 300 5739 773 155 666 450 197 70 216 3214 1014 6330 765 3076 1689 526 267 684 846 1426 732 793 4087 1067 231 677 1600 2522 185 1446 797 823 1926 600 5124 644 2363 1421
148 3382 782 1140 3935 998 639 1646 2204 2987 2803 279 770 1625 1664 1093 3868 3030 2884 134 524 5312 3061 562 4470 4394 174 2418 1169 1016 3008 4654 2164 1929 4582 1129 4629 1563 1778 5585 2859 2222 8034 3573 2760 1571 1448 1263 7381 5121 7174 5513 4778 3281 4430 732 2586 463 354 246 1551 3277 3164 2593 1876 1904 666 318 1261 1033 1253 3614 1252 3753 1133 3509 6524 733 4726 888 879 1079 1785 1241 1584 1699 5890 1925 2625 8204 1973 6538 3386 750 5402 691 1764 1814 2997 1603 3572 3541 1341 527 357 948 1966 1187 3364 2664 3175 3999 543 617 445 3277 1100 5470 1843 1642 1082 263 1021 1524 353 2241 2005 1889 4101 815 2971 4673 442 595 1021 4868 428 1350 796 4372 3367 928 1897 1654 5374 1222 1700 3256 504 5381 631 1082 6399 2061 1832 969 252 1491 5798 960 7212 681 1630 6781 4050 997 1662 3825 717 4971 1959 799 2010 2887 5655 4958 2137 3010 955 5636 4908 4492 241 3568 737 114 5753 874 236 3920 1748 8770 2019 2329 5108 1838 5395 4065 1168 753 486 900 2669 1465 3001 218 2646 1847 2757 3717 4008 4442 6415 2937 869 1365 1184 4542 3007 1857 2059 729 1454 539 2278 917 597 6287 1680 1081 3147 907 591 1327 3029 2611 1547 1112 821 2066 1480 1043 4427 7263 2260 3655 8510 1131 4607 4480 903 2110 2526 1596 1325 5253 5459 1883 1084 3501 2649 5696 1995 772 764 1768 541 2107 521 5343 795 6752 365 1272 2984 3434 2179 4109 3024 845 4085 4733 582 2756 4169 732 2377 9125 2977 916 593 797 2270 483 768 1363 1300 4575 1907 8080 2962 1291 1203 2149 786 839 1717 7262 2646 768 2614 3153 1283 2755 1162 1015 1905 141 1301 1215 1089 1621 82 1565 1595 4565 1239 313 3598 427 7899 7710 523 6888 1793 1066 3001 3928 3651 2011 3927 5231 2324 860 1211 2050 4897 2546 879 3540 1093 2493 1078 4761 2211 1558 1995 1064 604 1435 1937 760 2886 1646 633 1443 82 1332 1672 1728 2178 1294 7796 181 1479 2838 1644 3037 1806 1974 735 1481 2281 2083 893 952 1745 2056 7915 4490 1093 1708 1049 2603 1412 1903 5349 1317 4729 1241 2443 4182 1611 4996 1336 3784 1459 2340 6992 695 2166 778 725 1516 2339 1142 5736 512 1270 1556 1842 1266 3213 3088 437 2868 2258 1295 6205 2840 962 397 2392 987 3786 5958 8789 3382 5486 3016 1086 3601 5744 2561 959 1226 2885 240 2406 1326 2019 1462 458 983 1646 278 3304 550 4632 4788 4678 1673 310 5816 989 903 4515 1942 256 2834 2867 5282 1824 6541 2963 4325 2607 622 547 3978 1797 1505 1565 1005 4896 1094 2144 1405 1602 2624 5661 1731 1497 1516 2061 2113 6236 1510 3546 4096
1726 3743 1173 1513 4074 2418 1861 1678 2211 5625 3098 1071 1871 1720 1800 1939 4690 4239 3875 1292 889 6405 3340 2206 7458 4403 616 4351 1606 3271 4548 6153 3720 2140 8478 3089 7214 2433 1917 6452 4037 3786 8299 8653 3135 2195 1632 1630 8359 6945 7988 8027 6508 4940 4618 1906 3448 3535 993 999 1668 3345 3856 3653 2257 5844 935 981 1330 1789 4104 8956 2210 3914 3689 5883 7854 850 6797 5421 1222 2176 3414 1543 1586 3136 7767 3951 3327 8367 7680 8240 4292 1474 8482 1160 7295 2306 3705 1664 4386 4586 1379 2105 541 2055 2836 2045 6610 3403 3840 6277 1281 1215 2340 3338 1321 6044 3695 2366 1560 1486 3727 1863 633 2575 2062 1970 6291 1261 6583 5004 861 1006 1630 6724 5695 1588 1779 6790 8866 1459 2723 2866 6839 2278 2312 4433 1936 6405 1566 2178 8541 3418 2157 1290 263 4032 8048 1741 9660 1806 2930 7970 7801 2035 2157 4864 3244 6640 4403 1256 3483 3716 5690 8169 4225 6148 1757 5897 5937 4822 773 4543 775 481 6434 1598 976 4229 3746 9666 2530 2457 8537 2914 5486 7631 1369 1224 2833 1114 6978 1962 3635 817 3455 9552 3975 4211 6869 6008 6856 3785 1014 1963 1200 6582 4770 3254 5867 2033 2298 797 2311 1121 1651 7042 1877 1158 3318 1902 919 1356 4084 4801 3436 3107 2088 4811 4488 4075 6941 7684 2680 7672 8593 1343 6693 6340 1290 2163 5898 2319 1679 6232 9305 3155 1990 4295 3257 8028 2463 1666 785 4336 1433 5735 1832 7456 1232 7165 1765 1315 5972 3535 2284 7246 3174 2005 4740 6164 1069 3427 6815 3420 2393 9360 4374 1865 1503 1022 3366 1688 1179 1547 1898 7301 2638 8712 3021 1418 1582 2419 973 1078 3316 9223 3736 3861 3936 3769 1907 3338 1327 1159 5142 1851 3023 1282 1953 2915 653 3548 3739 6189 2290 732 6188 444 9048 7979 740 6991 3109 1994 7415 5813 4713 2024 4560 5314 2332 2377 1914 2248 5679 3043 1388 4738 1500 3793 6016 5322 4028 1598 3391 1762 2003 2501 3360 1872 3442 1836 881 1975 2060 2400 1751 1927 4081 3552 8877 1293 1513 5781 3939 3727 3596 2138 1597 2025 3596 2347 1941 1268 2081 2637 8188 7097 2218 1775 1969 4119 2232 2707 6026 2094 6224 1550 6068 4330 1955 7066 1648 4884 2383 4402 9230 1844 4402 1450 1442 1994 2933 1805 8820 1532 4873 4964 2131 2094 3801 4752 762 3734 3285 1716 9584 4084 1325 1495 6963 1091 4904 6929 9415 3436 5914 5955 1466 8491 5989 7802 1164 1402 3534 416 6442 9019 2278 1728 1616 1524 6368 514 4144 4634 8034 5975 4701 2321 1445 8151 1204 1448 7525 2396 1951 3967 4008 6099 2838 8318 4053 6618 2822 961 1667 4097 2170 2663 3793 1205 5929 1254 2183 2846 2411 3543 7652 5419 1592 8432 2238 2449 7636 2375 4571 5560
3860 4227 1782 1809 9459 4680 3362 2399 5002 9783 3725 4638 2392 1965 1867 2370 6984 5000 6353 2048 1684 6900 4827 2212 7782 5076 1827 8745 1683 3874 4796 7046 4502 5620 9091 4888 9462 5046 2094 8236 4140 4352 8433 9349 4615 2260 2569 3489 8490 7110 8725 9202 7680 9908 4851 2471 3841 5532 4269 9324 2356 3893 4058 4384 2417 9726 1701 1204 2137 1991 4672 10044 4955 8361 4025 8256 8343 4944 9158 6129 1978 2243 5043 8859 2127 4982 9368 4420 4433 9351 8387 8538 4564 2248 8646 2205 9603 2395 4923 2008 4972 6432 1819 2242 1074 3477 5010 2767 7748 3829 4841 9743 2412 1416 7786 4917 2235 9239 7598 4762 1702 2204 4695 1979 1259 5004 3092 1982 7608 2479 8719 7333 1458 1528 3492 7209 6614 8862 2280 9811 9857 1636 4308 3086 9349 2425 2925 4487 2267 8801 1636 2376 8748 4822 10083 1402 903 4484 8420 3012 9817 2305 3438 8705 8927 2087 4704 6345 4948 9851 5098 1625 4034 4798 8253 9781 8174 6205 1885 8464 9248 5016 2570 4786 3169 4940 6580 1664 1114 4684 4882 9762 4036 2500 8870 3711 7209 7751 1411 3074 3388 1528 7058 2259 3689 1239 3792 9897 4554 9328 9470 9900 8403 3810 1463 3784 1878 6712 8223 9152 8865 3788 3050 1112 2411 1957 4601 9557 2491 2181 5621 2030 1363 1799 5022 6679 4981 7865 2201 7550 4635 4380 7572 9539 3705 7714 8661 1690 6766 7612 2522 2524 7085 2444 2463 6772 10002 4330 2102 4570 4963 8406 2501 2397 1874 5297 1448 6486 2380 7463 1715 9116 1781 3096 6174 4901 7894 9912 4352 2227 5029 6938 2572 3537 7825 7600 2573 9633 4424 4670 1670 2010 4562 2012 1422 1857 2430 9265 3159 9429 4005 1590 7830 4896 2389 2425 3726 9825 4090 4846 4502 4704 1981 4379 1587 1860 9926 2449 3211 1941 2575 4859 1136 4172 3973 6961 3718 1473 8289 3757 9613 9256 2168 9078 3126 4266 7570 6292 4913 9636 4657 8927 2436 4938 2429 2554 9821 4234 1722 4868 2330 4976 9586 7658 4216 1835 3727 1865 2372 5037 5934 2429 4244 2008 1681 1983 2391 3567 2444 2010 4589 9831 8966 1881 1522 9848 8453 4480 4636 3230 2139 3476 4994 2434 2444 1830 2194 7666 8950 9151 2498 2314 9565 4792 2426 4199 8454 4200 7188 2526 8379 4974 2064 8410 1832 9530 2451 4767 9295 1926 4514 2224 2086 2277 4108 4941 9784 1928 7845 7601 4403 6926 3861 4800 2332 7644 4089 2267 9632 4425 1352 1848 8911 2308 4974 8780 9751 9843 7713 6052 2269 8724 9977 8685 1848 1567 3757 1660 9478 9758 2405 2883 1863 2051 8012 1741 4465 4788 8743 8622 6162 4617 2189 9912 3893 1571 9453 4524 2198 8700 4558 6929 2866 9928 4487 9355 4900 2288 2262 4719 2389 4161 8044 4692 8670 4657 3299 4148 3562 4454 9793 9396 1949 10012 2309 2465 7784 2853 4675 9809

36 359 491 361 282 124 7 644 1461 961 335 190 26 512 782 286 2678 29 549 66 53 2740 67 380 359 400 4 697 589 30 170 1450 71 98 20 216 1392 203 358 721 211 155 2175 2542 1227 293 934 121 138 1401 713 4792 1277 1292 1765 130 437 185 142 37 272 684 382 277 555 1288 23 78 1 106 156 604 97 171 177 641 1383 376 462 2 580 555 1435 99 31 17 848 1193 308 550 764 13 208 276 48 144 716 44 377 263 63 2543 132 67 189 172 295 96 1020 63 1843 1316 90 23 172 138 567 2931 1567 110 29 89 344 44 16 367 1202 80 488 462 1219 281 171 463 571 1512 29 130 3 1176 118 681 439 695 512 393 214 631 7 309 337 57 3478 941 1449 344 140 876 2100 433 205 195 1429 217 2168 109 786 2933 465 1155 104 211 169 1377 1438 1774 698 121 178 1316 99 2781 90 2022 24 59 1229 430 42 1693 143 6559 1023 331 915 860 2207 959 605 373 5 528 1954 138 1768 44 389 108 865 994 1142 1105 161 306 76 765 51 72 2049 486 1018 5 515 340 207 187 327 1969 170 473 604 288 314 17 200 601 310 679 676 130 209 199 2257 1068 9 729 5 11 395 1898 596 77 788 144 130 310 1838 1461 116 96 229 476 609 237 75 687 481 835 66 50 314 118 56 148 82 2607 587 1044 2606 77 1352 1113 435 1384 52 250 165 4907 690 13 171 27 740 28 48 1150 13 1006 543 5508 574 255 257 957 137 353 331 2155 1286 280 1393 327 952 28 64 57 243 76 30 75 514 639 47 712 101 211 459 159 926 2 5037 1462 25 3538 1259 237 309 678 149 350 47 826 798 339 313 623 1724 502 7 1606 241 269 513 202 214 629 98 127 33 206 290 51 998 168 42 35 11 158 102 262 769 3 42 61 17 39 441 883 729 652 329 83 699 659 95 27 191 227 4833 429 50 64 363 693 94 457 577 188 91 178 308 95 177 1680 141 447 38 377 40 118 1035 138 121 1 1755 158 946 300 147 762 29 271 1881 581 14 394 1068 255 2366 1561 255 150 228 178 412 165 1311 1638 576 68 95 459 807 59 173 274 132 13 1854 179 266 475 3 315 107 29 531 64 358 2149 10 267 185 2544 749 27 532 379 62 27 72 2157 263 5315 296 798 489 427 56 593 94 683 346 37 3064 116 52 52 1365 1131 15 160 500 759 769 247 2154 400 19 884
