50 9 1
144 13 1 67 227 129 288 199 99 163 130 76 150 153 102 76 70 37 251 197 93 118 174 55 228 149 120 95 1 1 128 81 113 14 1 144 106 116 140 28 36 153 77 158 108 9 11 1 43 177

22 31 5 34 8 21 1 1 1 1 9 13 37 5 25 44 1 1 27 29 19 11 18 1 20 1 31 26 1 5 33 28 8 26 40 37 40 3 26 2 1 1 4 1 39 25 42 1 27 13
26 38 14 51 22 39 2 6 6 10 14 27 52 8 37 47 13 20 49 46 20 20 30 26 28 13 40 39 19 14 40 48 27 48 43 55 41 15 36 23 2 19 7 8 45 39 43 7 35 25
29 61 28 58 35 49 10 8 18 15 41 45 57 12 40 58 15 35 58 54 33 24 35 32 47 26 60 62 30 25 62 50 33 50 63 66 43 24 48 26 6 24 10 23 50 49 57 31 52 44
32 77 39 77 36 70 25 21 43 38 47 57 79 15 56 77 25 55 59 65 46 31 36 33 50 39 69 73 36 40 83 68 46 55 77 82 54 33 58 45 14 28 28 33 70 50 65 42 57 54
49 79 46 82 50 83 39 42 58 42 55 68 104 33 62 88 40 56 66 77 47 45 43 45 52 51 77 78 46 42 99 84 52 60 82 94 66 45 70 58 20 29 38 39 80 62 80 67 67 60
50 92 47 93 57 89 46 52 74 53 76 89 115 42 67 101 52 70 78 85 51 66 55 57 55 52 86 91 59 50 100 96 53 67 104 114 67 50 86 64 22 38 59 54 92 63 91 76 70 94
83 106 62 94 65 96 47 68 85 54 78 90 138 44 75 118 69 91 94 88 59 75 69 66 65 67 111 92 66 53 104 110 54 73 118 127 88 56 87 74 31 41 65 71 111 66 103 92 82 104
92 107 67 104 71 103 49 80 95 72 79 107 146 45 82 127 81 103 107 101 81 87 77 82 80 75 113 97 78 65 116 115 67 79 123 130 107 78 91 75 43 58 72 75 112 74 109 93 98 117
103 120 70 115 80 114 54 87 109 74 82 128 158 56 90 149 93 113 124 102 105 93 92 91 102 82 124 99 94 73 128 128 87 91 127 147 111 89 107 87 57 75 73 82 119 75 120 107 105 135

8 11 17 18 1 12 10 3 17 6 9 5 1 11 5 1 4 24 3 1 8 8 26 15 6 12 15 1 15 4 22 7 1 16 1 20 11 19 17 1 10 5 7 10 6 1 1 2 11 8

3133 1272 2154 4951 3457 2134 3234 1710 124 3346 2820 3013 2301 2179 3321 800 1739 1586 1685 1614 3226 1402 1489 3309 3331 3348 3118 2293 1398 923 2320 2004 2995 2133 2435 1684 1624 268 3417 2164 1563 32 3417 1735 3609 3233 1802 1965 1449 4763
3658 1534 2438 5708 3935 2384 3560 2092 147 3831 3327 3515 2719 2410 4019 963 2021 1745 1954 1993 3597 1737 1778 3839 3934 3862 3692 2863 1721 1109 2811 2479 3517 2590 2760 1933 2018 331 3849 2573 1930 37 3951 2116 4257 3882 2224 2261 1666 5832
3979 1708 2940 6512 4673 2673 4300 2432 172 4193 3647 4138 3110 2929 4710 1066 2204 2022 2262 2201 4383 1918 2122 4524 4416 4239 4020 3127 1875 1326 3307 2683 4231 2830 3327 2226 2273 392 4236 2888 2149 44 4507 2404 5014 4494 2457 2559 1873 6837
4417 1914 3296 7268 5397 3149 4836 2666 192 4767 4249 4696 3344 3307 5113 1178 2635 2246 2626 2459 4898 2087 2289 5004 4781 4713 4424 3477 2157 1443 3748 3053 4620 3167 3885 2477 2539 434 4801 3324 2353 51 5171 2830 5625 4928 2804 3021 2138 7472
5062 2182 3759 8230 5918 3421 5160 3009 220 5173 4540 5325 3623 3655 5523 1319 2988 2606 2860 2748 5554 2396 2529 5619 5364 5399 5115 3770 2327 1600 4250 3340 5140 3693 4342 2882 2805 499 5496 3700 2737 58 5517 3021 6483 5439 3102 3388 2424 8319
5726 2429 3991 9216 6763 3800 5622 3190 233 5837 5134 5954 4049 3994 6316 1491 3186 2973 3264 2993 6107 2610 2807 6412 5777 6000 5886 4001 2632 1802 4546 3626 5743 3919 4789 3162 3037 532 5902 4042 2973 64 5876 3391 6855 6036 3328 3600 2675 9046
6275 2635 4282 9926 7246 4143 6131 3541 263 6651 5562 6366 4406 4461 7058 1582 3597 3174 3511 3233 6781 2822 3001 7139 6505 6526 6406 4553 2955 1914 5016 3905 6122 4401 5319 3497 3418 564 6641 4259 3133 70 6551 3821 7284 6842 3741 4009 2883 10213
7037 2828 4546 10781 7658 4574 6710 3933 282 7184 5966 6863 4974 4894 7775 1685 3893 3566 3813 3412 7204 3137 3292 7510 7109 7057 6885 4833 3169 2008 5416 4259 6551 4810 5885 3858 3749 626 7275 4661 3419 74 7010 4197 8076 7603 4017 4411 3048 11051
7388 3130 5069 11594 8306 4820 7159 4180 301 7763 6557 7420 5345 5365 8547 1883 4304 3760 4060 3638 7860 3278 3588 7905 7739 7571 7554 5355 3508 2121 5868 4602 7265 5068 6428 4062 3933 655 8017 5142 3786 79 7764 4535 8811 7968 4223 4840 3272 11982

1719 1123 1351 4397 1775 1704 1960 900 107 2759 2459 1711 1993 1626 2935 619 1300 1011 1045 1284 1851 1054 1161 2654 1708 2437 2170 1814 1159 612 1494 1719 2520 1452 2032 1317 1068 232 1869 1222 1343 25 1883 1230 3138 2039 1330 1129 771 2571
