50 9 1
25 103 63 182 1 144 190 41 117 140 128 168 89 223 61 82 35 201 106 57 131 85 175 136 1 164 176 119 180 103 118 52 95 8 50 108 196 1 128 80 91 68 241 195 107 172 226 133 101 67

22 24 16 11 38 5 15 11 21 9 22 18 1 15 48 17 22 18 38 22 50 34 9 20 2 1 24 34 24 15 15 17 1 43 34 14 1 33 1 1 20 44 38 9 33 15 6 1 13 15
29 27 23 18 47 20 21 15 24 13 38 31 7 16 49 36 41 38 45 28 77 36 22 31 15 12 36 36 31 16 19 35 2 53 41 19 20 47 11 7 36 60 54 23 38 32 17 14 14 27
41 48 35 21 59 24 28 16 46 27 54 32 14 24 70 49 46 42 51 44 88 50 31 47 19 16 56 40 44 26 33 54 14 67 53 34 35 54 24 18 39 78 56 46 42 52 33 32 19 30
51 62 61 23 74 33 36 23 59 45 60 39 25 39 93 69 58 54 68 61 98 53 33 52 33 34 67 42 61 31 44 58 30 82 67 43 58 64 25 19 58 87 58 69 53 63 38 46 30 39
58 63 64 44 75 47 60 24 87 68 77 40 38 51 94 74 76 78 84 72 102 60 37 55 47 48 84 49 81 37 45 73 35 94 71 46 60 66 38 32 59 90 74 73 55 85 39 55 52 50
69 87 78 55 88 58 61 44 107 77 78 63 60 58 114 92 86 96 94 81 119 76 45 67 51 55 96 72 82 54 51 76 43 104 74 47 65 73 44 43 68 98 80 74 58 101 40 60 59 57
70 93 84 61 91 72 69 49 108 94 83 71 73 64 119 114 88 101 100 85 132 87 47 76 75 56 118 73 87 59 62 87 63 105 79 57 66 86 45 44 89 109 92 83 89 112 51 64 72 58
79 114 87 82 114 78 83 61 130 106 95 74 75 84 123 128 108 112 105 90 135 103 55 77 89 66 123 78 88 60 63 95 83 128 91 67 80 95 46 45 106 133 112 84 98 126 54 73 73 64
81 124 88 85 126 93 99 71 137 115 116 90 79 99 138 139 114 118 129 94 136 127 64 85 109 71 142 91 116 68 67 98 109 139 100 74 91 102 52 51 117 152 125 85 111 151 74 79 94 72

1 7 5 2 6 11 7 11 1 16 1 31 9 15 13 18 16 34 8 24 19 13 20 1 18 16 19 16 17 14 20 1 1 9 5 1 20 24 12 27 28 10 6 5 14 17 6 14 13 16

1636 1535 3891 557 3009 2874 3044 633 2499 32 2191 1811 5274 1205 1932 2149 1849 769 3735 2197 1878 3566 3499 3323 2196 3359 3947 3435 3927 2021 3690 4807 2264 2258 4190 3668 1788 2844 1541 2391 1580 3004 1762 139 1642 3179 2888 4292 4274 4505
2022 1881 4296 621 3471 3478 3773 759 3071 36 2600 2126 5854 1406 2316 2495 2261 868 4273 2583 2336 4209 4032 3724 2737 3796 4464 3815 4643 2349 4289 5681 2674 2745 4931 4393 2225 3149 1882 2757 1959 3738 2030 153 1976 3848 3601 4860 5070 5069
2237 2051 5055 680 4073 3778 4359 842 3440 41 3030 2521 6493 1681 2619 2781 2682 1018 4990 3132 2725 4727 4752 4462 2988 4533 5135 4446 5288 2731 5001 6314 3018 3106 5841 5253 2507 3558 2071 3221 2326 4125 2467 179 2246 4196 4291 5892 6047 5898
2528 2232 5712 766 4380 4105 5107 924 3807 46 3305 2794 7721 1975 2891 3299 3131 1112 5713 3500 2931 5280 5273 5259 3278 5236 5797 5098 5973 3235 5896 7129 3381 3435 6519 5784 2693 3947 2378 3626 2507 4748 2896 206 2466 4772 4665 6544 7106 6848
2776 2549 6354 883 4957 4678 5707 997 4099 53 3748 3095 8584 2203 3243 3683 3453 1263 6199 3745 3129 6111 5631 5712 3582 6055 6541 5845 6563 3570 6335 8088 3906 3704 7486 6565 3129 4328 2587 3949 2806 5436 3076 231 2712 5292 5276 7512 7978 7497
3067 2732 6971 967 5526 5308 6230 1095 4562 58 4170 3453 9873 2446 3582 3947 3767 1373 6919 4059 3371 6535 6139 6070 3919 6884 7485 6225 7466 4016 6980 8782 4328 4223 8319 7456 3395 4732 2913 4288 3080 6135 3345 246 2988 5781 5837 8089 8603 8081
3385 2926 7425 1043 6089 5858 6879 1246 4915 64 4575 3829 10559 2613 4015 4292 4065 1549 7632 4547 3574 6978 6928 6430 4144 7310 7965 6903 8277 4325 7514 9464 4617 4726 9274 7987 3594 5065 3180 4817 3276 6459 3768 271 3157 6453 6513 8876 9598 9194
3791 3145 8396 1134 6567 6294 7576 1314 5451 69 4795 4133 11659 2804 4347 4815 4418 1694 8387 4911 3769 7807 7501 7021 4555 7781 8586 7697 9232 4626 7968 10660 5141 5171 9733 8427 3993 5759 3392 5082 3653 6923 4048 297 3465 7217 7040 9327 10128 9914
3970 3507 8880 1201 7004 6803 8157 1377 6033 75 5240 4457 12727 3101 4664 5309 4821 1815 9245 5374 4111 8263 8068 7818 4791 8411 9004 8490 9819 4955 8831 11776 5532 5531 10460 8856 4292 6331 3654 5391 3996 7317 4419 312 3745 7601 7598 10396 10664 11030

826 976 3320 345 2433 1738 2653 530 2181 24 1510 1333 3731 1035 1737 1808 1589 520 1995 1398 1690 2572 2539 2686 1698 2242 2628 2961 3339 1338 2795 2697 1301 1182 2891 2101 980 1707 1143 2065 1095 2439 1573 114 939 2432 2430 2871 3758 2917
