50 9 1
77 122 153 128 134 102 37 125 93 1 145 216 55 1 147 125 91 90 174 133 200 14 117 203 146 167 115 227 97 184 90 118 113 171 113 1 8 86 183 124 26 112 244 48 1 36 168 233 190 50

28 19 33 39 22 40 5 30 3 43 18 13 37 7 19 26 55 15 18 18 1 31 9 1 16 28 14 8 1 28 39 9 28 12 9 27 28 1 19 14 51 25 4 20 8 25 16 31 35 16
34 27 45 64 24 45 11 32 9 44 26 21 50 9 33 29 80 30 24 23 11 35 26 2 18 33 27 17 6 33 41 29 41 13 24 37 39 16 31 40 65 45 21 42 10 30 29 46 36 17
35 34 48 76 45 52 31 42 11 58 48 32 70 15 54 31 83 44 38 35 21 50 31 14 32 47 29 18 27 40 54 33 48 36 28 48 40 24 39 43 74 54 31 52 18 41 31 65 37 18
37 60 62 77 72 58 51 45 12 64 62 49 76 22 64 54 92 59 48 46 42 51 43 16 43 67 33 28 48 52 62 37 49 49 43 69 49 36 53 63 88 55 34 54 37 47 37 67 38 30
48 73 80 80 73 59 64 57 23 79 86 50 86 41 80 73 96 65 69 57 58 62 53 19 45 69 49 44 55 57 70 55 59 70 53 71 62 43 55 80 89 69 40 63 50 49 56 88 49 56
58 89 82 93 76 77 72 69 25 107 95 56 87 51 86 83 112 76 70 63 59 68 65 28 60 77 57 60 57 62 84 77 78 80 68 88 74 60 57 81 101 77 43 77 76 68 93 105 64 61
59 90 86 114 97 83 83 79 37 127 103 63 103 66 87 85 122 85 80 77 62 73 82 38 76 93 70 73 66 75 85 100 89 88 70 100 82 84 77 84 114 84 49 84 90 85 98 121 72 78
70 103 90 117 120 87 84 93 59 144 113 81 118 81 99 98 133 94 87 82 73 85 94 53 83 94 84 84 72 78 90 104 99 100 79 101 99 106 79 86 120 92 74 87 91 92 102 146 87 88
83 112 99 136 138 98 102 113 80 150 119 82 125 95 106 101 134 108 105 92 97 87 113 65 91 111 94 90 73 99 93 116 112 111 82 120 106 114 80 93 130 101 77 97 114 106 118 153 96 95

6 5 1 18 8 12 10 14 16 7 11 21 7 12 9 27 20 4 9 13 10 19 1 9 16 11 7 19 29 19 19 13 18 13 13 1 6 3 9 6 8 16 1 1 9 6 25 1 23 17

2942 3023 1555 3942 3339 2033 475 1865 2458 4342 2272 2134 2200 2327 3036 3272 1621 1624 2286 5119 1572 1506 3562 3229 3339 1868 1840 3334 2601 3699 3571 3750 2044 4002 2573 3640 5013 3152 1655 3288 3947 1519 2144 2196 1006 782 3478 2476 1965 1543
3387 3559 1728 4489 3981 2387 578 2281 2838 5107 2699 2454 2569 2581 3782 3808 1880 1858 2599 6288 1957 1785 4116 3842 3949 2269 2259 3903 2956 4425 4376 4243 2287 4797 3102 4259 5855 3899 1862 3713 4797 1821 2517 2496 1155 953 4042 2982 2290 1864
3811 4295 1906 4949 4441 2710 639 2574 3311 6005 3117 2837 3113 3015 4513 4231 2066 2151 3021 7342 2131 2049 4732 4559 4605 2462 2478 4441 3556 4911 4899 5056 2782 5775 3534 5149 6768 4643 2144 4441 5330 2086 2932 2945 1387 1114 4463 3349 2726 2032
4493 4904 2252 5674 5110 3128 741 2953 3872 6853 3381 3281 3621 3430 5237 4710 2427 2487 3447 8116 2466 2412 5603 5351 5353 2729 2749 5103 3839 5612 5640 5780 3250 6204 3971 5553 7819 5428 2482 5105 5726 2397 3217 3416 1490 1291 5033 3689 3022 2409
4954 5384 2602 6563 5576 3346 803 3338 4236 7895 3926 3666 4140 3952 5840 5364 2754 2663 3688 8683 2773 2606 6061 6061 5709 2920 3109 5631 4259 6250 6069 6706 3644 7032 4551 6244 8418 5843 2782 5557 6195 2682 3713 3754 1598 1390 5487 4110 3409 2594
5582 5872 2883 7360 6141 3650 893 3533 4741 8450 4465 4089 4613 4394 6384 5849 3043 2932 4059 9496 2951 2831 6505 6553 6177 3137 3342 6454 4662 6673 6774 7267 3889 7922 5131 6815 9261 6167 3158 6153 6895 2994 3967 3998 1844 1556 6320 4403 3697 2835
6128 6508 3186 8305 6482 3907 999 3831 5303 9154 4695 4581 4925 4757 7050 6306 3251 3318 4532 10229 3226 2996 7370 6928 6877 3479 3673 6991 5215 7356 7276 8092 4222 8383 5532 7621 10027 6742 3454 6513 7758 3320 4266 4266 1960 1686 6996 4768 3990 3157
6657 6875 3459 9018 7061 4219 1055 4215 5826 9674 5175 4839 5295 5289 7551 6682 3569 3657 5048 11380 3421 3223 7954 7366 7635 3915 4054 7661 5727 7834 8072 8924 4513 9373 5985 8316 10917 7254 3768 7193 8716 3481 4648 4789 2144 1838 7658 5105 4291 3388
7347 7589 3659 9600 7676 4442 1141 4527 6229 10303 5644 5171 5769 5673 8139 7487 3886 3858 5428 12463 3663 3497 8340 7715 8116 4369 4347 8224 5995 8559 8555 9489 5008 10157 6498 9048 11816 7839 4114 7645 9380 3860 4941 5219 2249 1952 8194 5690 4643 3582

1699 2204 845 2454 2391 1088 360 1046 2030 2925 1803 1478 1796 1774 2234 2651 1031 1069 1697 4417 1082 1298 2886 2498 2601 1551 1342 2984 1593 2636 2475 2197 1624 3505 1637 3156 3030 2577 1067 2306 2431 1351 1807 1286 632 616 2042 2211 1405 1166
