50 9 1
1 220 74 51 55 167 252 1 111 68 212 184 83 160 73 1 156 87 202 1 208 136 65 62 75 48 87 116 293 109 363 226 71 3 57 82 149 100 63 46 169 114 58 102 135 115 223 138 1 219

2 49 3 23 23 1 30 34 42 3 35 38 3 1 1 18 1 17 32 12 35 46 1 4 2 8 15 1 17 48 37 29 34 18 29 28 14 9 26 12 1 1 29 20 23 1 5 30 1 9
14 55 6 27 24 2 41 53 56 7 45 66 15 16 18 31 8 25 48 31 48 54 4 26 8 9 18 18 37 59 42 49 40 33 39 39 32 22 30 25 6 6 35 35 36 13 27 52 22 24
27 71 26 34 32 3 44 59 79 22 65 69 23 19 19 32 29 28 60 43 66 64 6 28 14 21 34 21 47 76 44 50 56 45 65 52 35 31 42 41 20 16 36 39 52 20 39 53 36 31
40 80 27 50 35 24 58 67 89 32 84 91 25 35 23 47 38 44 66 44 67 79 11 38 35 36 43 33 51 87 45 61 60 47 68 53 51 35 65 43 23 35 46 43 67 30 61 60 37 33
65 90 30 57 41 28 68 71 95 39 95 114 47 36 34 55 40 60 71 46 71 80 31 45 36 43 51 48 63 99 54 75 67 54 97 70 61 45 72 53 32 47 48 49 93 45 80 89 57 37
66 99 51 74 43 31 76 97 96 40 113 115 57 47 46 62 49 73 78 54 75 89 39 60 37 53 60 58 67 114 63 78 79 63 108 85 80 50 77 72 40 62 53 65 98 61 88 108 65 49
82 106 53 81 55 36 85 106 104 54 115 124 62 59 49 73 52 85 79 69 92 99 42 65 50 83 80 59 71 119 70 88 80 74 109 98 96 60 78 76 44 71 67 77 114 64 93 118 66 64
116 118 69 83 87 40 93 116 116 60 141 131 75 64 65 83 60 100 87 85 97 123 49 78 61 89 84 76 88 133 94 91 87 75 128 117 100 72 85 83 56 83 83 82 119 82 120 127 77 70
122 139 89 97 89 41 103 124 117 84 149 133 76 79 71 92 79 111 92 100 119 137 52 82 77 90 97 90 96 157 111 115 88 80 143 134 113 75 97 87 82 85 88 87 143 85 126 135 85 77

8 3 19 4 17 21 13 21 9 10 15 13 3 9 14 18 1 11 9 1 8 21 15 1 17 5 8 19 1 1 1 16 10 1 19 1 28 17 8 1 13 15 10 18 1 7 23 9 13 29

1317 2662 2107 2965 4043 3604 3006 2405 1830 2888 3848 2444 3068 1788 1775 367 2074 860 2248 3776 4975 2373 3508 3537 2673 2060 2499 2453 3889 2849 2632 1722 2865 3556 4395 1981 1740 3560 4267 2911 3247 542 2498 3890 3183 30 4488 4849 2274 1080
1485 3114 2336 3520 4705 4121 3417 2878 2082 3187 4576 2891 3397 2217 2010 441 2441 1006 2808 4469 5926 2939 4217 4029 3161 2562 2855 2943 4777 3275 3047 1945 3425 4399 5422 2355 2011 4017 5173 3480 3911 612 2785 4434 3923 34 5045 5575 2528 1190
1632 3623 2815 3874 5591 4546 3743 3348 2502 3677 5470 3413 3841 2464 2411 501 2657 1134 3051 5194 6836 3453 5000 4875 3565 2903 3199 3515 5267 3983 3647 2175 3940 5122 6052 2591 2368 4475 6053 3772 4589 715 3286 5393 4526 37 5663 6352 2915 1419
1890 4148 3079 4227 6075 5444 4240 3744 2754 4228 6033 3824 4233 2863 2619 543 3145 1298 3443 6035 7940 3743 5828 5749 4144 3245 3817 3966 6120 4310 4115 2563 4601 5569 6690 2824 2621 5010 6815 4282 4934 824 3674 6101 5226 43 6687 7141 3326 1552
2162 4415 3465 4853 6540 6279 4939 4010 3077 4866 6578 4264 4610 3258 2826 626 3405 1444 3937 6605 9126 4307 6369 6325 4624 3474 4306 4249 6591 4925 4590 2863 5088 6109 7724 3171 2891 5701 7374 4803 5296 939 4161 6628 5828 49 7347 8087 3769 1737
2379 4768 3841 5345 7322 7033 5625 4509 3329 5517 7214 4728 4966 3633 3083 675 3626 1649 4323 7087 10318 4731 6803 7090 5163 3775 4860 4855 7120 5386 4966 3184 5803 6625 8462 3666 3240 6555 8122 5232 5823 1044 4741 7140 6622 53 7973 8633 4173 1980
2584 5099 4062 5858 8130 7486 6353 4961 3514 5909 7775 5045 5648 4058 3415 763 3858 1741 4570 7869 10990 5243 7219 7617 5739 4005 5323 5313 7648 5928 5238 3481 6465 7383 9046 4112 3428 7055 8898 5725 6509 1122 5109 7575 7268 58 8769 9802 4511 2149
2814 5482 4497 6482 9054 8349 6947 5359 3808 6458 8604 5574 6131 4436 3796 809 4242 1932 4997 8520 11987 5500 7862 8018 6250 4287 5644 5648 8451 6534 5676 3755 6996 8165 10034 4598 3668 7774 9528 6362 7247 1207 5481 8354 7757 63 9305 10564 4892 2263
3064 5962 4808 6797 9749 8784 7647 5764 4144 7030 9219 6061 6842 4824 4234 853 4657 2128 5231 9334 12764 5923 8277 8384 6686 4791 6023 6210 9347 7136 6330 3988 7363 8728 10902 4934 3878 8626 10481 6810 7772 1314 6078 9066 8219 69 9932 11608 5366 2404

912 2069 1171 2207 3550 3232 2133 1478 1064 1786 2800 1422 1577 1568 1107 320 1727 484 1804 1893 2702 1891 2782 1775 2052 1789 1543 1261 3138 2510 1773 1052 2033 2907 3642 1661 1457 2103 2684 1478 2616 419 2166 2664 1984 24 3684 2838 1367 547
