50 9 1
49 58 92 240 25 1 1 222 102 42 127 212 47 223 45 149 93 1 213 201 259 252 45 100 125 1 23 80 224 206 200 64 1 123 208 113 181 122 19 203 114 121 83 24 166 95 178 66 1 155

18 39 65 35 34 6 35 1 21 47 9 37 9 25 13 29 25 42 23 8 20 11 21 25 22 3 18 1 27 27 29 12 21 18 3 21 32 15 43 48 12 40 6 10 41 11 35 31 37 24
20 48 76 47 42 13 43 8 34 58 24 48 17 39 35 49 44 43 30 11 31 19 26 30 54 7 21 5 48 42 43 19 44 35 4 28 38 39 48 68 15 41 11 20 43 12 41 34 52 43
22 67 80 68 44 24 47 9 41 64 36 58 20 48 37 56 61 50 50 19 39 21 33 31 59 19 30 11 59 56 51 27 48 49 8 48 42 56 62 76 32 65 18 27 63 13 57 56 61 53
23 68 89 74 59 38 51 35 47 76 39 61 32 52 53 73 79 51 69 31 54 22 34 40 78 39 40 12 71 57 54 28 63 63 14 65 54 78 75 92 50 66 33 41 80 20 78 68 74 63
30 81 90 92 77 55 52 36 48 96 45 74 47 67 67 87 99 62 84 36 66 45 51 54 88 49 51 31 73 78 60 35 64 78 35 94 72 84 84 111 70 74 50 54 84 29 88 78 78 74
41 87 112 112 86 63 68 38 49 111 61 76 63 92 68 92 112 76 95 38 67 50 58 59 105 54 60 64 92 98 71 44 94 90 52 98 94 116 85 112 77 80 54 65 92 33 93 89 82 77
56 91 124 128 92 78 89 56 59 122 70 92 64 98 69 94 121 86 109 45 75 57 60 68 126 65 72 65 101 111 74 50 99 99 62 113 101 117 99 126 78 82 55 75 102 41 103 106 91 78
72 104 134 140 113 81 108 61 68 139 87 104 75 111 75 117 136 87 115 46 85 64 71 75 135 69 82 68 120 123 79 56 107 125 74 118 122 124 110 139 82 99 56 80 109 59 110 108 96 93
100 124 135 151 121 92 118 66 75 157 99 120 79 123 77 128 137 101 130 68 111 65 89 76 136 79 96 78 135 132 83 66 119 127 85 132 139 128 121 161 109 113 58 90 110 65 121 117 100 108

1 12 8 6 24 8 19 1 28 8 14 13 8 16 1 5 5 7 4 16 11 12 14 12 5 19 10 12 21 17 7 1 14 11 6 14 13 14 9 13 8 8 9 5 1 13 13 2 11 3

3443 1484 3718 1896 3357 3375 1474 4140 1866 3907 3513 2895 1537 4003 3539 2219 3080 2546 2324 1668 66 3768 5304 2898 1364 1448 1034 3671 2623 4311 3652 2478 2084 1878 2222 3550 3419 3223 2293 2984 940 2667 4526 2401 2967 2431 1823 393 2021 1596
3789 1754 4477 2178 3942 3994 1779 4797 2060 4515 4241 3186 1844 4691 4200 2579 3627 3084 2579 1982 77 4422 5836 3202 1575 1673 1234 4499 3152 4869 4391 2948 2427 2341 2676 3938 3804 3587 2729 3679 1064 3292 5319 2856 3450 2771 2056 463 2433 1986
4276 1911 5349 2583 4576 4523 2132 5379 2346 5190 4919 3486 2140 5640 4982 3066 4203 3465 3004 2352 85 5104 6559 3508 1906 1990 1342 5045 3588 5861 4761 3199 2943 2738 3162 4734 4406 4018 3078 4163 1271 3672 5879 3453 3877 3015 2268 552 2907 2150
4669 2106 5939 2990 5268 5178 2420 6368 2700 5979 5435 4150 2506 6261 5422 3382 4928 3952 3324 2757 100 5982 7495 4079 2160 2290 1594 5838 4106 6410 5445 3574 3316 3129 3402 5372 5080 4800 3459 4698 1474 4064 6416 3989 4291 3496 2620 609 3137 2506
5068 2440 6744 3400 5832 5549 2775 6809 2939 6563 5981 4587 2721 6709 5918 3756 5382 4330 3768 3084 112 6454 8038 4557 2460 2640 1706 6348 4626 7283 6153 3994 3704 3332 3926 5869 5616 5397 3803 5248 1653 4476 7395 4363 4728 3901 2814 652 3427 2900
5595 2649 7377 3610 6315 6334 3025 7711 3198 7524 6623 5137 3072 7275 6356 4087 5749 4788 4055 3290 120 7168 8722 4878 2669 2968 1817 6913 5181 8088 7062 4335 4143 3779 4319 6367 6138 5769 4263 5920 1777 5090 7894 4844 5118 4198 3202 711 3912 3241
6248 2886 8023 3871 6720 6679 3370 8220 3441 7986 7160 5798 3298 7780 6744 4542 6197 5092 4438 3610 130 7775 9585 5187 2951 3258 2069 7281 5766 8727 7803 4819 4456 4195 4661 7092 6726 6140 4831 6432 1988 5533 9010 5235 5632 4663 3600 777 4327 3511
6623 3159 8854 4060 7109 7447 3732 8716 3747 8586 7808 6293 3507 8532 7424 4977 6680 5400 4851 3795 143 8194 10763 5789 3291 3574 2246 7699 6078 9332 8568 5261 4818 4521 4963 7756 7264 6922 5229 7003 2128 5984 9912 5603 5953 5183 4027 823 4617 3887
7173 3375 9702 4291 7681 8212 3901 9580 4095 9005 8570 6877 3869 9031 7797 5528 7061 5834 5411 4116 151 8733 11848 6480 3608 3760 2427 8119 6561 9881 9044 5717 5299 4918 5227 8559 7929 7368 5724 7616 2258 6349 10562 6134 6503 5596 4341 915 4822 4260

1988 1100 3094 1101 2560 1754 1174 2193 1157 2419 2012 1573 1208 2794 3036 1531 2641 2128 1222 1470 55 2132 3708 2408 1217 917 566 1890 1709 2237 2796 1716 1186 1607 1540 2579 2172 2405 1246 2564 614 1463 3937 1558 2414 1724 1607 323 1028 1436
