50 9 1
129 66 226 144 85 281 254 257 137 154 94 129 95 1 76 1 1 23 108 1 1 54 84 158 89 175 164 95 53 55 39 165 133 93 190 174 45 184 154 80 111 65 40 23 56 1 51 162 237 156

46 21 21 26 1 5 42 1 15 14 21 26 1 26 14 28 10 16 21 33 11 42 20 14 1 31 19 23 5 24 19 16 23 1 9 7 1 11 30 13 27 50 15 10 16 58 31 11 1 20
51 38 35 42 11 17 56 17 24 20 31 49 13 39 20 41 34 17 26 41 14 54 45 31 4 39 28 38 14 28 26 29 28 23 13 16 2 13 66 28 44 68 25 11 17 66 49 20 8 36
75 44 50 68 15 29 63 22 27 23 36 54 24 44 21 44 50 29 36 59 15 64 62 39 7 46 29 43 20 35 30 39 29 31 34 28 11 19 72 39 45 84 26 30 41 71 59 35 13 59
79 54 52 74 24 35 77 25 38 33 45 66 31 47 34 45 57 37 48 74 18 74 66 60 18 47 45 47 23 54 36 60 44 36 41 35 19 25 86 52 46 86 34 40 47 87 65 52 14 80
86 61 57 86 37 47 89 34 49 41 62 87 32 81 38 50 65 63 65 77 22 100 78 68 19 53 63 52 24 76 58 83 61 46 42 50 20 33 110 67 48 103 45 57 68 103 72 77 21 92
87 74 65 87 46 64 99 43 55 53 70 101 40 82 44 53 75 81 73 88 28 112 79 87 21 60 66 74 43 81 74 109 72 57 50 53 28 48 121 72 68 119 58 72 78 128 84 87 33 117
95 93 89 104 74 75 111 59 64 55 78 109 54 94 64 59 77 111 94 99 32 119 82 105 39 69 85 111 62 82 100 128 74 64 52 59 29 54 134 73 82 132 59 87 89 136 89 96 35 139
103 118 90 105 75 82 131 64 76 65 108 112 66 114 77 70 89 129 100 125 43 121 83 121 55 85 92 117 77 90 106 144 94 74 64 67 46 59 136 79 103 151 69 106 97 157 91 110 51 159
119 123 102 114 85 106 142 71 84 78 117 114 82 118 79 78 101 134 109 126 60 127 92 134 68 96 97 120 92 101 114 148 120 79 65 88 48 64 142 85 114 163 82 120 112 179 108 116 54 177

17 4 4 16 6 6 1 12 4 1 9 12 14 8 1 11 11 25 1 19 12 5 14 9 1 1 28 7 8 1 13 11 9 10 15 14 16 6 2 15 16 22 6 16 13 11 26 10 16 1

1583 1827 3092 1793 3372 2999 1725 1749 1414 1568 3735 2063 2372 4391 550 2452 2818 1787 1885 3517 4916 700 3578 5077 2630 3426 1814 2558 1420 2938 2345 2153 4766 3732 3464 2837 3453 2340 3659 5061 2225 2973 1987 3502 4663 2807 1833 2963 3199 2786
1948 2253 3587 2119 3812 3638 2084 2106 1765 1918 4266 2465 2854 5220 609 2745 3148 1971 2170 4090 6141 851 4049 6077 2917 4108 2020 3114 1620 3339 2925 2603 5911 4416 3939 3486 3847 2890 4265 5800 2666 3557 2439 4140 5317 3329 2268 3613 3891 3322
2341 2557 3977 2511 4476 4154 2468 2337 2109 2090 5064 2888 3128 6253 685 3179 3643 2278 2572 4778 6763 944 4628 6701 3308 4892 2469 3424 1826 3670 3509 2960 6757 5064 4533 3842 4216 3318 4667 6707 3148 3979 2873 4818 6019 3884 2588 4243 4446 3610
2689 2770 4337 2820 5280 4667 2780 2726 2303 2336 5654 3394 3421 6948 740 3739 4049 2525 2818 5539 7990 1088 5034 7906 3686 5543 2804 3989 2132 4308 3838 3474 7916 5495 5284 4138 4747 3840 5140 7302 3518 4474 3135 5177 6870 4192 3022 4689 5231 4166
2881 3127 4951 3043 5657 5357 3126 3051 2498 2613 6070 3695 3804 7724 835 4198 4538 2718 3187 6259 9161 1173 5731 8569 4151 6396 3230 4365 2292 4663 4305 3983 8963 6033 6126 4801 5420 4277 5552 8532 4000 5012 3593 5913 7694 4667 3258 5075 5980 4700
3249 3575 5388 3481 6359 6042 3391 3334 2662 2915 6932 4109 4388 8241 970 4577 5168 3073 3541 6646 10187 1253 6404 9508 4683 7120 3449 4677 2465 5299 4686 4241 9761 6858 6607 5334 6244 4620 6343 9082 4420 5483 3798 6420 8739 5132 3640 5780 6448 5318
3554 3958 5833 3811 6895 6753 3692 3714 2871 3141 7468 4486 4732 8698 1046 5070 5709 3352 3931 7394 11415 1402 7145 10278 5329 7463 3766 5248 2794 5859 5220 4661 10301 7261 7091 5755 6897 5194 7134 9815 4775 5987 4024 7184 9595 5501 3978 6089 6787 5662
3815 4276 6474 4128 7235 7127 3918 3936 3170 3434 7845 4999 5025 9412 1160 5384 6393 3760 4257 7917 12200 1562 7737 10997 5776 7943 4196 5708 3100 6542 5547 5037 10947 8045 7622 6349 7564 5455 7646 10485 5115 6655 4350 7792 10329 6080 4334 6819 7426 6187
4002 4605 7137 4517 7947 7471 4113 4236 3394 3819 8668 5369 5426 10496 1292 5870 6764 3955 4523 8421 13350 1650 8484 11786 6367 8520 4467 6099 3347 7148 5977 5507 12015 8917 8077 6814 7912 5702 8426 11396 5645 7296 4827 8626 11199 6628 4596 7183 7855 6593

792 1057 1765 1488 1801 2538 1058 1199 1020 976 2510 1510 1927 3537 312 1774 1462 1347 1695 2245 3424 401 2891 2979 2361 1849 1038 1938 760 1500 2069 1428 3524 2680 2258 2448 1955 1500 2069 3953 1231 1999 1557 1901 2486 2479 1067 2345 1762 1398
