50 9 1
67 164 74 99 139 95 149 96 16 236 230 51 222 147 71 129 212 110 149 200 21 1 131 48 25 129 1 13 89 130 147 50 36 52 65 67 71 81 153 40 9 17 239 145 77 151 91 55 1 49

25 17 15 11 25 34 6 8 20 1 12 20 42 1 21 1 53 30 26 17 59 5 19 1 1 27 20 5 16 29 39 9 10 25 35 19 32 38 34 50 1 13 6 27 23 16 28 38 10 1
38 19 37 16 47 40 25 17 21 16 13 34 53 7 26 27 54 31 43 22 65 12 34 12 26 42 27 13 17 33 51 29 22 29 50 29 38 49 54 59 17 23 7 29 24 21 43 54 23 5
46 37 43 29 48 54 35 21 41 35 28 43 65 23 35 31 70 34 46 35 69 26 37 35 34 52 35 14 47 45 68 48 36 48 51 33 40 56 79 84 28 42 23 50 25 35 53 59 37 12
49 41 64 39 54 60 42 27 47 48 29 49 80 50 44 42 85 50 52 52 71 27 60 38 35 69 47 20 51 52 69 51 49 51 54 34 53 60 88 96 30 55 34 68 42 51 70 81 40 21
55 61 75 45 59 75 43 28 55 53 46 56 86 70 60 60 91 66 56 57 82 54 62 61 40 95 57 30 60 54 75 55 70 55 56 48 65 62 94 120 38 63 37 87 53 57 80 97 56 32
56 70 76 57 64 79 58 53 63 65 52 57 106 81 75 68 94 81 80 81 93 65 63 69 51 99 64 52 73 56 93 64 77 56 60 53 77 65 115 125 42 69 46 95 74 66 91 106 63 42
63 80 88 68 69 90 61 65 85 68 54 68 120 89 88 82 99 87 85 89 105 78 79 75 60 127 65 55 82 78 111 80 82 60 76 59 84 74 117 126 58 72 57 103 79 75 100 119 74 56
85 87 95 70 71 92 78 81 92 72 57 75 130 94 93 84 122 96 92 102 111 87 104 79 71 128 87 62 85 98 121 91 91 71 80 61 88 77 130 137 77 81 66 108 94 86 101 132 80 68
88 90 96 71 77 95 87 87 97 92 64 82 143 109 94 95 139 97 94 114 140 102 105 95 80 132 101 79 101 103 130 92 92 74 91 68 100 81 132 141 82 89 77 124 95 108 122 144 87 71

9 4 6 4 5 17 19 6 11 11 1 9 5 7 17 1 16 11 13 1 3 8 9 1 2 9 15 22 18 7 16 10 18 8 14 16 20 1 1 17 16 16 6 7 20 8 28 12 22 9

1391 3167 1577 3358 1654 937 2495 3025 2332 2922 2183 4427 3260 628 1996 3790 3004 1190 1097 2104 2458 2755 1304 2770 2937 2080 2454 2587 2178 1421 3086 3023 1764 3233 1881 820 3347 3091 3366 1332 4103 1862 1146 3007 4451 2591 3000 2038 1391 2775
1596 3604 1933 4059 1865 1041 2885 3551 2630 3372 2679 5253 4034 756 2296 4642 3388 1479 1210 2412 2940 3386 1506 3391 3265 2456 2758 3231 2569 1593 3844 3339 2114 3669 2268 971 3940 3569 4154 1590 4528 2123 1297 3469 5524 3019 3605 2245 1644 3205
1795 4282 2302 4403 2191 1143 3140 4047 3171 3742 3085 5760 4775 912 2683 5526 4005 1663 1420 2865 3304 3863 1819 3994 3731 2665 3334 3794 3045 1842 4322 4059 2439 4198 2460 1101 4315 3920 4691 1850 4985 2331 1520 3832 6016 3461 4206 2594 1887 3852
2023 4817 2645 5056 2447 1275 3634 4590 3671 4236 3384 6290 5560 1027 2961 5923 4710 1899 1665 3234 3780 4158 2084 4439 4224 3171 3704 4241 3531 2017 4913 4466 2740 4731 2744 1209 4847 4237 5388 2136 5416 2555 1806 4179 6636 3974 4926 3018 2201 4454
2261 5355 2907 5726 2723 1403 4035 5087 4025 4645 3756 6920 6064 1182 3328 6790 5247 2168 1792 3639 4046 4646 2366 4990 4614 3385 4063 4772 4051 2163 5407 4919 3005 5497 3186 1367 5385 4923 6169 2306 6264 2954 2021 4711 7710 4430 5347 3450 2409 5058
2505 5737 3277 6460 3051 1585 4481 5465 4343 4985 4025 7541 6705 1267 3613 7190 5693 2297 2006 3872 4615 5279 2560 5453 5195 3659 4405 5360 4532 2392 5926 5604 3362 6091 3440 1463 5722 5656 6809 2536 6818 3293 2237 5304 8474 5033 5846 3716 2550 5695
2680 6224 3582 7294 3441 1739 5016 5932 4764 5455 4306 8597 7040 1421 3927 7731 6028 2486 2190 4329 5119 5595 2778 5917 5532 3944 4901 5799 4824 2535 6371 6221 3752 6686 3740 1632 6329 6234 7341 2677 7832 3718 2420 5814 9350 5446 6374 4174 2846 6164
3017 6807 3934 7929 3810 1962 5635 6304 5061 6079 4738 9475 7449 1561 4359 8213 6541 2616 2342 4836 5469 5871 2939 6515 6033 4228 5395 6081 5321 2811 7034 6851 4100 7194 4094 1821 6774 6583 7885 2879 8563 4165 2547 6234 10193 5912 6710 4431 3008 6844
3254 7203 4227 8323 4058 2189 6234 6735 5448 6473 5074 10059 8211 1669 4651 8676 6935 2803 2616 5098 5814 6334 3074 7067 6599 4718 5799 6490 5599 3015 7445 7232 4510 7932 4394 2006 7459 7209 8574 3065 9170 4501 2803 6944 11125 6229 7343 4719 3271 7269

1126 2759 960 1981 1384 841 1547 2370 1171 2130 1677 2476 2038 466 1236 2820 2136 867 985 1445 1393 2079 943 2411 2280 1136 2057 1523 1577 831 1832 2211 1218 2045 1114 588 2169 1992 2734 1165 3036 1192 722 1587 2585 1558 1897 1765 1182 2445
