50 9 1
183 107 124 7 91 178 150 190 91 98 242 150 213 187 1 1 1 74 249 1 116 281 91 216 89 99 209 146 42 1 34 46 144 27 184 136 137 174 151 128 118 235 44 23 17 1 38 118 105 45

13 1 35 14 23 50 20 37 5 26 1 30 1 39 11 18 14 1 14 36 14 36 41 37 42 44 40 4 47 2 1 19 8 18 21 47 13 10 29 5 1 18 21 31 29 19 22 1 14 26
36 4 40 29 30 57 27 45 31 31 12 31 17 48 33 23 31 23 15 55 28 43 51 40 51 62 48 21 52 17 2 30 10 32 41 61 17 14 33 14 12 31 24 47 47 20 23 22 34 49
51 18 58 31 33 62 42 54 36 32 23 32 29 58 55 26 43 46 22 67 41 47 66 47 53 79 53 37 55 32 3 31 20 52 67 67 26 31 58 29 27 32 26 51 61 28 43 39 40 61
64 23 59 71 47 68 51 63 47 39 25 40 36 72 72 33 70 69 34 70 59 70 81 63 61 80 54 48 63 43 12 36 22 55 77 85 28 32 71 31 35 54 36 75 68 33 53 51 41 63
76 37 70 84 61 86 52 76 53 41 43 46 60 85 77 46 85 80 36 74 65 73 85 77 71 83 59 67 78 44 21 61 25 78 80 91 29 45 79 32 45 66 51 76 69 49 65 71 49 80
82 44 89 104 74 87 62 79 61 43 63 59 69 86 85 64 99 93 41 93 78 78 110 82 72 113 73 81 85 59 30 75 29 84 81 114 37 58 81 43 51 67 52 92 79 50 85 73 61 84
89 53 102 105 91 101 73 98 76 50 84 82 78 88 98 80 105 95 43 95 86 85 123 89 81 123 80 89 101 64 44 84 43 87 97 132 43 75 103 49 64 85 64 95 80 51 96 82 62 105
121 62 111 125 96 110 80 111 77 52 85 102 88 90 99 98 110 98 45 96 113 97 135 92 92 124 102 100 102 66 58 100 52 98 109 137 58 78 104 50 75 88 88 105 98 66 97 99 72 106
129 81 113 127 109 115 99 112 81 57 91 105 92 103 119 111 115 106 63 106 120 98 143 94 103 131 121 110 127 77 76 122 62 103 130 149 60 86 109 60 81 90 97 115 104 80 98 100 91 112

5 13 7 11 6 15 13 11 6 7 8 7 3 9 2 11 17 8 17 14 1 5 11 20 27 11 4 18 20 1 31 5 6 6 18 10 20 7 1 11 22 7 17 1 6 9 11 6 12 12

3396 395 4957 3570 3380 2922 2119 2552 3814 2228 2299 1808 2839 895 2277 2485 3059 2305 4711 1723 3250 1884 3063 2896 2310 2833 3542 758 2984 3035 3258 2945 1692 2977 3207 4139 2867 3513 3389 3773 3014 1454 2743 3507 1421 1778 2078 2467 3140 2786
3960 442 6053 4039 4172 3405 2565 2842 4601 2631 2833 2197 3474 1064 2786 3002 3619 2702 5668 1969 3837 2302 3588 3436 2547 3403 3943 931 3389 3446 3679 3411 1987 3663 3847 5063 3478 4124 3895 4306 3472 1622 3197 4160 1581 2064 2394 2882 3583 3242
4805 514 6884 4747 4793 3791 3031 3409 5338 3172 3215 2521 3878 1158 3204 3502 4005 3105 6256 2361 4552 2517 4047 3804 2864 3909 4456 1042 3912 4105 4319 3718 2311 4384 4545 5666 4098 4853 4458 4780 4200 1953 3619 4691 1727 2419 2716 3249 4194 3753
5326 579 7817 5565 5319 4167 3517 3934 5882 3497 3512 2731 4375 1355 3735 3917 4760 3569 6739 2732 5124 2986 4635 4314 3111 4279 5138 1190 4273 4584 4720 4319 2629 4741 5197 6516 4668 5324 4918 5455 4588 2312 4103 5531 1925 2772 3037 3833 4923 4358
5790 674 8954 6169 5743 4574 3932 4411 6727 4052 3761 3064 5008 1450 4148 4426 5436 3832 7890 3081 5614 3404 5075 4716 3654 4946 6006 1273 5006 5233 5509 5024 2917 5333 5708 7526 5206 5684 5409 5922 5278 2570 4603 6091 2118 3183 3516 4091 5571 4930
6594 744 9714 6583 6158 5197 4255 4925 7173 4352 4251 3391 5628 1608 4574 4920 5876 4190 8620 3445 6086 3632 5405 5389 3928 5517 6823 1428 5743 5646 6014 5618 3116 5908 6445 8485 5671 6310 5811 6632 5991 2744 5276 6525 2298 3544 4003 4672 6175 5603
7113 806 10326 7021 6866 5655 4632 5402 7752 4763 4745 3783 6061 1714 5109 5249 6458 4481 9097 3731 6560 3950 5796 5833 4293 6144 7655 1607 6290 6315 6621 6043 3378 6623 7239 8936 6173 6712 6242 7500 6682 2925 5585 7374 2478 3923 4354 5118 6764 6192
7588 865 11073 7647 7395 6378 4931 5855 8452 5108 5037 4227 6515 1919 5439 5707 7091 4888 10211 3960 7142 4334 6358 6480 4865 6455 8227 1759 6962 6819 7294 6516 3596 7227 7703 9419 6776 7172 6742 8208 7433 3153 6160 7870 2630 4307 4751 5715 7413 6794
8415 960 11744 8304 7783 6824 5408 6158 8836 5358 5335 4669 6855 2009 5867 5988 7838 5134 11006 4155 7700 4541 7065 6924 5161 6757 8984 1915 7701 7450 7677 6822 3950 7825 8389 10155 7067 7853 7467 8757 8037 3493 6622 8566 2826 4749 5125 6233 8020 7140

2076 272 3805 2182 1927 2024 1349 2014 2973 1748 1903 1414 1793 593 1390 1838 2020 1374 4235 1372 2065 1011 1834 2586 1960 2446 2702 639 2256 2121 2354 2195 1270 1653 2699 3409 2384 2781 1855 3229 2529 1142 1964 2398 1216 1327 1623 1542 2359 2124
