100 9 2
192 91 96 45 77 261 265 2 191 195 78 148 168 187 151 125 165 27 27 1 118 111 67 1 161 123 50 146 148 58 80 181 164 284 79 97 244 79 104 55 75 121 95 152 131 175 53 83 175 202 154 261 1 77 230 135 1 1 176 1 1 1 47 73 59 62 20 18 93 58 196 151 135 162 211 25 47 171 68 1 77 188 1 312 142 201 16 168 108 161 43 167 82 78 1 9 25 32 32 117

25 9 7 13 23 9 4 38 17 46 4 15 36 15 39 30 38 53 1 11 11 24 1 29 1 22 1 5 23 7 44 29 26 40 23 10 12 25 34 30 1 20 32 1 27 1 1 40 47 40 19 22 36 42 36 18 22 22 17 45 39 14 26 32 35 13 53 1 37 42 47 23 23 33 5 25 34 1 30 10 23 3 21 39 32 46 8 1 34 6 10 9 22 1 18 27 28 36 16 29
42 22 8 19 36 24 22 50 35 59 5 26 53 18 54 32 49 68 8 20 25 28 13 45 4 27 4 22 25 22 61 47 41 53 25 19 19 44 57 34 7 21 34 21 38 14 9 51 64 49 35 43 54 71 54 31 33 31 21 58 43 22 39 41 39 35 58 2 55 67 61 40 48 36 28 42 35 11 33 21 29 12 35 52 42 57 13 10 45 15 15 21 43 6 20 35 39 52 18 49
53 31 12 20 58 36 27 63 36 70 12 31 61 21 60 37 70 74 22 27 39 44 21 68 22 39 18 36 28 33 79 66 44 63 26 25 20 59 67 52 9 38 49 34 51 15 20 53 69 73 45 44 60 87 64 46 45 43 27 62 54 36 40 49 53 46 72 13 71 76 64 51 55 37 33 53 41 12 37 30 30 24 41 65 47 74 14 14 74 35 16 36 64 26 32 42 48 56 19 53
55 32 19 36 81 37 37 64 50 80 23 34 89 33 68 51 84 92 36 34 49 61 26 72 34 42 22 44 30 39 92 79 49 79 37 36 35 77 73 62 19 40 55 46 78 23 35 62 72 101 61 53 72 88 78 65 56 52 42 70 73 43 49 59 62 51 79 27 72 87 83 63 65 56 34 55 51 25 46 31 41 30 54 72 64 89 24 16 75 41 17 45 86 27 40 43 50 66 30 67
57 63 41 53 99 47 38 67 61 103 25 36 114 39 78 64 87 105 43 36 50 89 43 75 40 43 28 53 56 53 109 93 68 91 49 45 43 93 94 74 36 47 69 65 102 24 49 66 77 119 71 69 81 103 93 74 60 60 68 76 81 60 55 60 70 58 83 38 83 100 84 67 70 67 43 58 62 49 54 34 44 35 63 75 81 108 25 28 81 61 24 56 104 29 58 45 57 78 35 80
73 78 55 67 100 63 63 85 82 115 40 51 123 44 87 66 103 120 64 44 76 108 65 85 58 61 31 59 78 79 126 99 80 102 52 57 45 99 95 85 52 51 73 75 104 39 51 67 83 120 82 81 101 107 113 81 74 62 69 86 98 67 80 64 79 63 84 44 106 111 104 75 76 78 48 68 67 64 56 37 50 54 80 95 92 115 48 35 82 70 44 64 107 30 65 48 58 99 59 93
82 85 59 69 106 64 79 92 97 122 44 65 130 56 95 70 118 144 70 71 88 110 77 97 59 66 38 73 81 84 137 110 95 113 54 64 51 108 102 92 65 53 91 85 114 51 66 80 85 127 83 85 102 112 114 88 77 68 73 92 99 69 87 69 91 79 98 53 107 123 122 82 87 102 58 78 92 73 57 49 63 58 81 107 102 128 55 45 83 77 64 72 128 43 67 54 75 107 63 97
85 89 72 76 107 73 102 100 109 145 52 91 136 61 100 86 131 152 100 87 102 126 80 112 73 70 59 88 84 85 145 119 97 117 59 81 52 111 118 96 77 72 97 96 127 58 77 83 112 133 95 88 117 120 130 89 91 69 75 100 113 72 95 79 101 95 101 68 115 140 127 106 98 108 68 95 110 79 69 64 67 64 82 113 103 151 61 58 84 88 74 73 137 53 75 64 79 112 74 100
95 108 93 85 115 79 104 121 112 146 55 107 140 81 112 106 148 158 109 88 105 128 96 127 81 80 76 108 106 98 165 120 104 138 62 88 74 129 119 128 82 80 115 104 153 80 91 90 131 151 102 97 118 133 147 105 104 77 76 112 140 74 99 91 108 106 111 77 121 143 139 107 111 115 73 96 138 85 83 70 83 77 100 125 117 153 81 71 85 96 77 90 150 65 88 76 84 119 79 108

15 19 22 17 9 5 10 9 7 34 1 1 4 1 11 1 4 25 20 5 22 18 8 5 15 9 8 22 17 12 17 3 8 3 11 5 10 6 4 20 15 1 10 4 17 9 9 11 15 8 19 3 15 15 3 13 3 9 13 14 3 6 7 7 4 16 14 3 11 17 25 8 10 2 13 1 1 1 16 21 13 17 1 19 1 21 10 15 1 18 6 1 7 6 25 13 18 12 13 1
37 30 55 18 19 11 15 10 27 46 3 11 13 3 17 22 19 32 29 9 33 20 20 19 22 29 12 23 19 19 18 14 29 21 16 19 24 21 12 29 29 16 22 10 28 23 11 21 24 18 26 21 25 24 21 24 17 10 16 22 22 8 25 8 6 36 19 6 31 28 33 9 26 8 37 22 9 28 41 29 19 26 8 32 10 23 12 21 11 31 7 6 15 14 36 23 25 21 18 10

959 2676 4604 51 7909 2981 5978 5641 4182 4226 5826 4189 3181 9553 6101 6855 7470 6115 4104 7447 4104 5677 4014 3495 4200 5679 6485 4362 7268 6095 136 8755 4914 8096 5926 4160 5444 3399 318 7475 6771 4302 5389 6158 5459 4534 659 4534 3960 5699 1014 4128 5410 4075 3532 6995 3435 5586 7347 5184 7217 2869 3742 5656 7149 5804 4000 2758 4432 2988 4003 3351 7186 6432 7990 4269 3760 7167 6711 7216 3817 3316 4095 5659 6160 6225 6227 4033 2105 4170 1208 5965 6486 4894 5926 4437 314 7425 3268 7203
1056 3294 5286 63 9750 3723 7337 6677 5113 5207 6935 5187 3792 10574 6888 8031 9237 7555 4704 8978 4529 6917 4755 3906 5151 7062 7191 5432 8350 7460 149 9737 5920 9535 6747 4672 6571 3905 369 9194 8116 5319 6009 6799 6240 5401 756 5026 4498 6336 1194 4753 6741 4990 4297 8469 3794 6668 8226 5999 8856 3326 4480 6663 8792 7094 4985 3356 5055 3461 4582 3853 8955 7269 9172 4943 4664 7952 7415 8839 4233 4131 4714 6659 7335 6859 6974 4676 2516 4798 1454 6807 7924 5422 7066 5541 369 9065 4082 8971
1167 3814 6206 68 11718 4253 8031 7342 5739 6094 8182 6031 4257 11717 8197 9181 10875 8210 5637 9814 5256 8223 5350 4738 5817 7706 8660 6039 9372 8547 166 10794 6465 10997 8053 5705 7877 4536 442 10621 9655 5925 7285 8300 7502 5905 845 6019 5178 7213 1440 5774 7433 5905 4755 9352 4232 7706 9992 6861 9888 3916 5361 7765 9518 8265 5861 3964 5695 3981 5511 4653 10573 7914 10782 5989 5484 9005 8181 10511 4766 4750 5530 7649 7951 7825 7680 5467 2965 5773 1643 8084 9327 6265 7931 6017 400 9834 4801 10092
1348 4468 6935 73 13106 4884 9137 8236 6466 6573 8830 7043 4924 12924 9266 10031 12260 8911 6198 11542 6050 9291 5773 5115 6444 8425 10143 6665 10758 9968 189 11912 7303 12746 8715 6634 9212 4943 487 12072 11026 6425 7961 9037 8535 6581 967 6486 5888 7862 1551 6783 8222 6731 5141 10794 4891 8434 11685 7908 11275 4285 5791 9145 10431 8993 6552 4268 6507 4339 6200 5462 12023 8808 12150 6580 6180 9991 9574 11743 5533 5372 6520 8646 9051 9186 8463 5954 3385 6656 1868 9213 10213 7355 9177 6498 456 11479 5368 10896
1462 4845 7893 84 14081 5343 10131 8946 7510 7041 9987 7628 5685 14398 10385 11725 13527 9720 6770 12291 6861 9918 6475 5586 6934 9632 11575 7674 12366 10644 203 13218 7899 14052 9823 7355 10521 5515 548 13388 12078 7004 8720 9994 9349 7350 1101 7575 6622 8451 1765 7608 9255 7347 5532 12320 5439 9102 13004 8547 12632 4913 6666 10085 11468 9631 7065 4634 7525 4960 6958 6188 13410 9515 13792 7106 7042 11602 11243 13236 6394 5783 7086 9785 10174 10532 9402 6652 3637 7495 2133 10571 11418 8061 10212 7108 492 12757 5847 12644
1646 5137 8551 95 15273 6033 11276 9860 8383 7651 10821 8189 6242 16402 11627 13053 14523 10510 7196 13904 7294 10846 7111 6105 7808 10982 13008 8170 13295 11429 223 14980 8780 15536 11075 8141 11142 6096 616 14591 13474 7453 9995 11320 9983 8350 1208 8373 7308 9371 1906 8373 9903 7960 6281 13973 5960 10376 14660 9509 13948 5485 7531 10965 13052 10486 7934 5259 8427 5270 7413 6891 14495 10161 15724 8093 7832 12605 12748 14599 7066 6425 8010 10693 11525 11448 10772 7199 4097 8520 2307 11556 12984 8790 11649 7983 544 14168 6217 13792
1884 5704 9390 102 16297 6356 12168 11042 9324 8249 12000 9213 6853 17885 12943 14666 16141 11507 8192 15094 7766 12201 7743 6691 8548 12040 14257 8786 14077 12880 246 16474 9435 16894 11834 8645 12199 6667 660 15500 14412 8435 11238 12381 11076 9282 1328 8860 8231 10720 2029 9013 10606 8470 6693 14854 6370 11451 15828 10482 14742 6170 8093 12371 14495 11738 8871 5936 9408 5840 8142 7509 15765 11757 17590 8950 8556 14088 13803 15431 7773 6806 8989 11287 12328 12963 12006 7944 4490 9519 2507 12820 14392 9602 12690 8790 583 15044 6641 14744
2002 6228 9967 110 17679 6998 12947 12254 9813 9038 13446 10217 7449 19188 13603 16350 17979 12451 8697 16902 8523 13566 8609 7420 9534 12859 15778 9782 14842 13503 270 17839 10636 18243 12820 9158 13145 7319 736 16663 16089 9207 12312 13397 11897 9756 1478 9778 8706 11972 2196 9644 11310 8946 7282 16119 6957 12477 16729 11368 16028 6655 8820 12969 16044 12462 9400 6278 10315 6482 8638 7967 17028 13133 19006 9760 9018 15175 15309 16827 8504 7163 9949 12061 13255 14267 13175 8688 4782 10414 2734 13761 15321 10542 14165 9599 652 16313 7393 16404
2125 6702 10930 117 19273 7429 14062 12904 10270 9859 14881 10746 8104 20884 14949 17717 19700 13565 9472 17914 9054 14325 9418 8164 10500 14022 17246 10309 16539 14959 298 18879 11178 19096 13763 10138 13884 7992 786 17879 17514 10005 13217 14230 12626 10405 1582 10814 9528 12773 2448 10217 12065 9587 8094 17007 7382 13672 17513 12260 17524 7184 9624 14377 16887 13155 9863 6648 11089 7140 9489 8538 18698 14416 20171 10617 9517 16364 16474 18501 9007 7942 10379 13233 13976 14904 14595 9527 5234 11203 2904 15210 16895 11674 14762 10193 701 17175 7864 17886

809 1741 3898 39 6866 2173 4427 3570 3546 3256 4178 3631 1750 7309 4587 4230 5694 4938 2287 4741 3003 3319 3058 2336 3437 3545 5110 3584 4600 5153 93 7809 3711 6107 3863 2249 4576 1943 269 5844 5545 2832 3914 4169 4713 3830 454 3176 2720 4850 772 2338 4671 3609 3010 5620 2876 3132 4554 3232 5314 1998 3151 4405 4826 4147 3065 2392 3051 2015 3396 2523 4566 5763 6101 3694 2823 4512 5372 5602 3345 2584 2796 3356 4759 5522 3882 3486 1773 2827 822 3549 5369 3188 4448 3442 276 4302 2065 4960
766 1647 3348 37 6231 2051 3529 3166 3408 2936 4070 2134 1731 6821 3358 4215 3765 3807 2122 4406 2497 2940 2728 2272 3033 3487 3441 3212 4185 4565 92 6591 2827 5305 2970 2236 3753 1733 196 4835 5354 2304 3651 3897 4539 3173 447 2300 2422 2899 731 2218 3941 3158 2240 4941 2086 3079 4281 2624 3931 1611 3096 3172 4311 4070 2251 1729 3032 1861 3116 2470 3899 5334 5358 2829 2686 3588 4643 4593 2761 1909 2492 3138 3898 5221 3423 3157 1632 2200 748 3451 4753 2718 3393 3360 210 3737 1703 4058
