100 9 2
1 98 19 100 103 18 60 1 139 161 68 1 72 139 34 33 1 84 1 177 133 83 245 23 35 120 123 1 111 56 1 16 79 38 13 98 55 1 1 1 180 81 12 75 23 175 103 61 223 55 29 114 21 1 1 179 287 8 202 161 139 132 1 184 182 227 60 25 68 125 98 166 116 135 124 114 148 2 285 107 1 10 29 66 160 146 116 131 198 123 169 8 139 1 156 146 187 104 110 190

19 19 40 1 13 18 1 43 34 18 3 34 45 30 12 16 1 31 36 1 30 20 8 10 15 37 50 42 31 1 6 22 11 12 16 39 1 22 12 30 16 36 15 43 24 12 7 16 1 23 28 15 32 1 21 46 16 10 23 1 4 31 25 34 48 24 1 8 23 37 24 29 33 24 11 1 13 31 22 8 42 18 39 46 29 32 1 50 42 29 1 23 24 1 1 25 63 15 55 38
24 20 41 19 27 23 4 44 48 24 17 37 61 43 29 24 15 33 48 17 45 31 17 13 30 48 51 62 33 14 17 37 21 15 22 44 16 30 24 47 21 41 24 48 26 15 24 29 24 41 40 21 53 2 32 50 21 25 31 17 20 33 51 59 64 38 12 25 24 41 33 32 36 32 30 14 18 41 25 25 43 27 53 51 37 45 12 51 46 36 2 45 43 4 3 40 75 16 78 44
28 24 56 31 52 34 19 45 56 36 43 49 64 46 30 26 19 49 66 34 53 32 30 29 39 70 57 68 47 36 24 41 25 32 23 49 22 46 37 48 25 58 28 52 41 28 30 47 32 56 62 44 54 4 33 61 38 27 32 24 28 57 60 61 83 44 29 36 25 46 39 56 40 43 34 27 29 50 49 40 54 32 72 56 54 48 15 55 64 46 6 51 44 15 18 61 78 32 88 57
40 25 65 42 71 55 34 59 70 54 61 67 80 50 41 35 26 59 73 39 64 51 51 32 41 84 91 89 73 49 28 52 45 49 39 53 31 60 43 50 30 67 39 69 65 38 38 60 34 65 68 49 66 14 34 66 52 32 42 37 49 66 69 63 91 51 40 38 44 51 50 77 60 52 47 28 48 68 70 52 64 58 86 63 60 50 25 66 70 65 13 53 57 18 34 70 83 41 99 70
50 37 90 46 90 66 54 75 75 69 73 81 98 61 50 52 37 81 93 52 83 59 68 43 48 96 102 109 77 50 55 59 47 57 51 64 38 61 49 56 50 69 59 82 79 59 58 75 38 83 85 51 74 15 50 93 72 39 48 47 74 86 79 84 92 55 46 41 57 66 63 84 65 66 52 35 62 74 74 56 83 69 97 64 80 71 31 81 84 66 17 54 71 25 41 97 85 42 116 72
71 40 111 53 104 71 70 79 83 77 80 82 100 81 51 65 42 103 104 68 90 78 72 49 55 98 104 130 81 53 62 77 55 64 65 67 43 82 57 59 51 79 60 100 80 64 62 90 52 88 94 77 82 21 62 95 82 46 51 62 82 89 81 98 101 64 55 60 71 71 83 89 86 83 78 49 70 86 90 74 97 75 105 84 101 84 33 92 92 87 36 55 77 31 42 117 86 47 117 91
81 55 112 54 107 89 76 98 85 86 84 98 107 106 62 71 48 129 107 94 94 104 81 64 60 107 114 135 85 67 63 93 58 94 75 89 61 95 82 81 57 90 75 107 82 72 67 93 57 89 103 79 87 25 74 108 83 64 52 67 101 93 91 106 117 74 58 75 96 89 96 100 101 87 98 55 83 89 105 91 106 84 113 92 111 101 41 116 105 108 40 71 86 37 64 124 101 63 136 92
82 73 125 66 113 102 88 104 98 87 85 106 125 127 77 72 53 134 111 99 96 114 84 70 61 109 129 155 89 77 67 98 65 103 83 95 71 102 95 92 58 94 80 116 97 87 84 100 74 99 122 89 100 43 83 121 101 80 58 74 106 110 97 116 123 83 62 79 98 98 97 111 103 99 111 70 86 95 120 96 121 92 124 103 133 114 62 125 119 110 45 82 102 41 78 138 112 78 146 101
92 90 136 74 133 108 96 116 99 106 89 119 150 145 88 82 58 156 118 108 102 129 85 77 68 120 143 173 96 92 81 108 70 118 99 97 75 112 96 94 78 104 81 135 120 106 101 111 90 105 124 92 108 54 90 148 107 96 67 94 124 115 106 136 132 98 71 106 116 113 114 128 109 111 115 81 104 102 131 118 144 93 142 104 148 132 63 148 131 119 51 91 108 52 79 141 117 87 161 115

8 1 1 11 1 9 21 1 16 9 1 13 12 8 9 11 15 1 10 14 10 6 16 12 14 10 6 3 18 7 14 13 6 20 27 1 1 2 2 1 12 6 1 9 2 26 14 20 7 1 9 2 22 1 9 18 15 19 11 6 14 4 14 17 11 12 26 7 14 1 12 10 3 1 8 4 1 18 1 9 10 13 8 23 1 1 4 13 10 13 27 2 14 18 13 7 14 26 18 15
14 8 8 20 10 27 22 14 37 25 12 14 18 17 34 14 26 20 20 26 15 14 23 26 16 14 8 17 19 8 29 21 11 44 30 3 27 23 9 9 27 21 20 12 8 27 23 29 25 10 17 15 30 19 14 23 22 29 15 7 16 6 24 29 40 17 28 11 18 9 23 21 15 12 22 8 10 28 21 20 29 35 15 43 12 7 15 16 14 23 29 17 17 34 22 9 26 46 34 21

2050 5144 2489 3928 4620 2655 2539 3687 7512 4601 5757 3910 2525 3037 2968 8038 5741 7311 6094 3324 3305 5307 2967 585 5284 5944 8235 5628 4617 3915 7588 6489 5797 2701 2330 3038 5294 2743 3921 4077 2947 2836 5873 5961 5952 4762 3516 7868 4540 4920 10 3774 6349 2889 4851 8312 3092 4774 6191 5684 5913 592 2537 5598 2476 1193 2588 4681 3328 4080 3636 5886 6163 6253 4595 4756 4692 3269 4 2852 5776 3261 3499 7838 6374 5183 1930 85 6391 2966 5632 3193 8673 4809 5758 1343 3224 4276 2999 3525
2509 6060 3081 4862 5632 3119 3029 4509 8639 5220 6508 4555 3090 3400 3448 9691 6953 8108 7334 3669 3665 6316 3520 654 5835 7332 10253 6988 5116 4440 8707 7661 6854 3256 2864 3377 5840 3197 4417 4712 3675 3216 6635 6896 6650 5459 3932 9732 5321 5599 12 4489 7546 3458 5512 9281 3588 5802 7050 6341 7330 684 2799 6762 2898 1370 2921 5447 3997 4940 4037 6668 6981 7540 5657 5528 5585 4007 5 3475 6547 3862 4186 8695 7554 6059 2153 96 7939 3622 6230 3844 10541 5308 6913 1666 3894 4952 3415 4315
2813 6824 3700 5334 6562 3691 3539 4960 9865 5944 7644 5149 3491 4144 3792 11439 7784 9114 8798 4255 4322 7468 4112 756 6557 8164 11481 7606 5973 5105 9940 8661 7565 3569 3237 4114 6509 3841 5035 5410 4183 3738 7585 7903 7736 6416 4475 11389 6168 6098 14 5086 8815 3902 6251 10852 3972 6306 7715 7358 8043 781 3183 7683 3512 1543 3209 6323 4695 5703 4674 7839 8229 8857 6191 6231 6117 4700 6 4140 7691 4275 4883 9913 8973 7204 2457 114 8606 4296 6860 4253 12185 6007 7824 1893 4260 5848 3843 4713
3092 7449 4304 5765 7116 4265 4138 5675 11428 6839 8302 5903 3769 4476 4415 13020 8358 10424 10031 4692 4792 8705 4633 839 7276 8931 12347 8968 6479 5731 11363 9778 8878 4021 3492 4780 7609 4244 5810 6273 4643 4372 8953 8724 8542 7455 5186 13222 7109 6769 16 5807 9933 4562 7050 11732 4349 7226 8522 8393 9232 913 3537 8594 3841 1786 3590 6855 5283 6557 5066 8712 9701 10176 7199 6829 6911 5056 7 4755 8454 4990 5477 11646 10259 8338 2787 125 10159 4662 8039 4830 13506 7189 9189 2206 4872 6631 4548 5213
3546 8416 4682 6734 7647 4627 4602 6360 12905 7314 8897 6594 4144 5098 5051 13957 9677 11303 10884 5158 5461 9710 5271 971 8277 9827 13649 9992 7498 6235 12408 10704 9731 4364 3976 5099 8584 4884 6431 7232 5305 4890 9542 9622 9689 8262 6049 14761 7743 7688 17 6590 10589 5079 7830 13649 5098 7837 9852 9509 10249 1041 4009 9397 4277 2058 4204 7390 5954 7061 5753 9420 10756 11682 7839 7379 7726 5560 8 5342 9083 5787 6160 12705 11552 9348 3205 135 11324 5230 8664 5409 15027 8383 9915 2348 5351 7102 5136 5834
3980 9634 5236 7519 8288 5138 4877 6786 14394 8365 10286 7540 4416 5586 5538 15324 10988 12068 12232 5746 5949 10590 5661 1039 8966 10651 15319 10589 8185 6936 13487 11705 10366 4671 4308 5814 9827 5304 7087 7869 5692 5520 10542 10754 11033 9083 6531 15933 8606 8248 18 7360 11245 5490 8738 15683 5757 8410 11060 10370 10847 1169 4317 10023 4824 2296 4756 8380 6519 7655 6571 10792 12141 12996 8923 8424 8616 6104 9 5714 9800 6315 6990 13811 12230 10189 3447 144 12196 5882 9743 6092 16397 9251 10979 2531 6052 7792 5476 6440
4474 10474 5808 8108 8939 5416 5335 7496 15633 9059 11710 7944 4700 6253 6091 16608 11857 12864 13741 6291 6641 11556 6213 1165 9582 11547 16896 11807 9131 7827 14370 12887 11184 5221 4873 6415 10503 5989 7486 8373 6161 6181 11596 11789 11676 10036 7405 17130 9197 8890 19 8233 12499 6020 9668 17225 6304 9584 11762 11533 11737 1307 4656 11216 5146 2450 5139 8958 6972 8503 7295 12116 13325 14346 9760 9551 9278 6505 10 6233 10476 6729 7677 15371 13758 10712 3773 162 13716 6598 10589 6546 18091 9935 12199 2810 6692 8676 6108 7094
4889 11756 6205 8873 9744 5697 5596 8165 16648 9971 12303 8828 5294 6560 6745 18083 13183 14446 14764 6993 7048 12685 6937 1235 10542 12355 18038 12780 10142 8540 15566 13574 12098 5646 5189 6868 11489 6534 8369 8950 6785 6810 12343 12674 12365 10624 7815 18645 10043 9863 21 9131 13358 6609 10242 18963 6754 10072 12700 12451 12576 1448 5258 12329 5702 2747 5693 9847 7790 9218 7679 12978 14320 14988 10835 10180 10112 7235 11 6826 11340 7531 8459 17030 15068 11536 4087 180 14447 7062 11174 6912 20197 11122 12858 3011 7056 9131 6483 7786
5275 12384 6789 9666 10823 6262 6119 8775 17531 10586 13114 9273 5567 6897 7403 19403 13956 15519 15954 7611 7830 13259 7316 1321 11467 13121 19372 13484 11227 9430 17319 14937 13178 5958 5764 7333 12377 7074 9209 9750 7167 7310 13089 13400 13772 11235 8186 20077 10866 10852 22 9928 14345 7221 11406 19799 7347 11241 13461 13348 13242 1594 5652 13267 6203 3036 6329 10824 8464 10166 8507 14334 15348 16106 11917 11196 11059 7811 12 7217 12105 8092 9040 18877 15823 12101 4487 199 15768 7405 12304 7524 21984 12286 14000 3197 7401 10153 6850 8433

1106 4107 1370 2700 3129 2203 1898 3098 4837 3117 4807 3080 1959 2191 2452 6064 4455 4945 5120 2382 2516 4218 2369 375 3878 3398 6701 5049 3403 2299 6404 5108 4143 1585 2023 2414 4041 1771 2701 3667 2286 2250 3917 5222 4938 3998 2334 7029 3512 2586 6 2330 5376 2572 2898 6320 1854 2669 4965 4724 4555 437 2066 4403 1346 903 2199 3413 2848 2919 3061 4904 4881 4541 4108 4226 3917 2102 4 2173 4467 2608 2086 6987 4709 4414 1620 73 5590 2424 4109 2666 7129 2671 4855 1105 1920 2901 2559 2672
1040 2919 1342 1994 2459 1782 1545 2389 4451 2743 3441 2033 1790 2087 1561 4325 4375 4803 3609 1710 1719 3264 1899 341 2703 3392 5642 3137 2663 2239 5233 4280 3250 1455 1456 1756 3674 1641 2500 2757 1908 2135 3213 5128 4298 3661 1829 5808 2719 2504 5 2264 4328 1734 2813 5760 1550 2425 4502 3376 3433 390 1705 3884 1265 819 1525 2445 1846 2653 1828 4176 3815 3797 2614 3947 3179 2034 3 1439 3805 2488 1963 5402 4467 3470 1599 68 4055 1527 3991 1855 4810 2434 4119 977 1817 2254 1721 2155
