100 9 2
156 145 231 163 99 58 165 109 24 66 57 145 1 71 53 254 193 165 68 239 1 64 6 94 190 112 106 104 124 138 1 183 1 9 49 71 72 50 106 94 1 57 100 116 4 42 123 1 187 58 151 87 89 158 121 1 1 78 24 1 71 127 1 112 46 255 1 1 213 132 156 148 204 1 60 31 118 1 1 158 1 133 1 89 34 34 251 160 58 21 148 30 1 74 23 83 124 1 93 276

27 37 13 9 22 29 32 13 30 10 26 15 45 36 1 35 31 56 34 1 11 3 39 1 1 1 28 1 26 23 1 33 1 27 15 26 11 17 26 38 19 21 46 14 17 46 2 32 13 4 16 1 24 18 14 2 47 55 1 39 34 26 35 50 7 10 39 40 5 27 12 25 7 31 39 55 14 14 6 52 20 20 1 47 12 1 19 21 29 31 1 36 10 36 14 37 21 45 17 3
28 44 40 10 25 38 41 20 53 34 38 24 56 58 10 45 35 73 45 3 22 14 45 7 15 4 35 11 48 31 12 54 2 44 18 27 21 21 45 39 38 22 58 22 23 48 9 37 16 25 22 4 26 20 24 5 53 70 11 47 53 35 59 64 23 19 40 41 11 28 26 53 28 32 46 70 17 29 7 67 37 24 2 59 31 15 22 25 50 45 9 43 26 54 30 39 25 68 29 24
36 55 46 11 30 44 45 32 68 54 52 26 64 84 21 52 53 83 53 6 39 35 46 23 26 24 70 13 72 32 16 73 9 57 28 30 36 29 57 44 49 24 60 35 24 52 21 43 21 37 30 6 28 29 27 26 57 81 36 66 59 47 70 74 25 34 54 50 21 32 29 77 33 34 54 77 28 49 22 84 46 39 14 70 54 32 45 37 55 51 26 53 27 67 37 44 39 77 36 33
47 56 53 26 39 56 58 42 75 57 64 34 69 91 34 63 55 87 67 12 52 37 52 30 34 25 73 34 74 55 33 86 36 76 55 35 43 40 65 54 58 29 68 41 28 66 34 56 44 40 37 7 48 52 30 27 64 82 45 68 73 57 87 87 41 35 63 71 34 54 31 93 43 41 63 108 30 61 35 86 56 55 15 81 61 47 58 41 60 75 33 72 37 74 52 52 41 90 48 48
68 74 54 41 40 64 71 61 84 66 82 39 75 113 39 68 59 104 76 23 61 50 69 31 37 30 75 43 82 73 41 87 46 80 62 53 56 41 74 61 61 43 69 53 41 69 35 72 47 42 38 19 55 58 43 37 84 86 58 70 77 66 97 109 43 48 68 74 55 70 33 100 44 55 75 112 40 73 44 94 78 83 24 97 67 50 71 44 75 80 34 100 38 86 55 61 56 91 70 57
83 90 61 61 53 75 76 75 89 89 92 49 84 129 40 74 68 107 80 43 68 61 72 45 49 49 87 60 83 87 57 99 47 86 74 62 84 42 81 72 73 47 86 54 56 75 52 81 48 55 41 28 59 67 50 39 97 87 63 73 81 82 103 120 62 49 85 87 63 71 36 113 49 63 85 125 54 91 60 103 93 103 26 109 71 56 77 55 101 86 41 108 44 87 72 62 67 94 79 70
89 105 67 88 65 81 94 97 118 90 94 59 97 136 55 76 78 118 96 51 78 73 81 54 50 60 93 77 101 88 73 100 48 102 86 76 95 43 102 75 80 60 94 62 58 76 58 92 57 67 45 39 84 82 57 57 119 88 66 76 86 91 119 137 63 56 90 115 80 76 51 124 57 72 89 132 55 110 64 109 105 104 36 110 84 68 95 64 110 88 54 116 51 95 88 75 77 109 103 80
101 116 95 99 74 99 108 102 123 96 122 74 101 147 63 77 108 124 104 73 85 89 99 60 59 64 112 83 105 92 87 106 54 109 105 89 116 52 117 76 98 70 113 72 63 88 62 94 81 84 58 48 95 86 65 71 133 102 83 83 95 101 129 143 64 69 94 124 93 90 58 125 63 75 99 146 73 130 74 121 118 123 50 119 99 81 108 92 117 96 63 125 54 102 102 80 80 113 122 101
113 137 104 105 91 100 124 108 132 103 127 91 120 156 64 82 112 133 107 81 91 106 104 61 72 69 124 107 110 101 97 112 70 110 107 97 131 70 127 85 104 83 123 83 64 90 81 105 82 85 77 49 103 87 78 102 144 119 86 89 99 102 130 158 70 97 109 137 101 111 78 137 77 98 118 163 86 132 76 126 131 126 51 142 118 82 109 102 121 98 70 137 81 103 107 103 84 116 143 112

14 12 8 25 4 23 12 1 6 7 14 6 7 12 1 10 8 11 9 8 14 14 22 7 4 20 10 10 7 22 3 1 12 19 11 5 8 7 1 3 1 12 17 4 21 15 11 7 21 12 11 18 1 10 17 11 1 8 10 11 9 10 3 5 7 7 1 9 17 16 2 13 10 1 22 1 4 7 6 16 4 16 9 29 10 17 8 10 11 1 16 13 5 7 8 10 20 26 6 20
32 26 16 31 5 42 30 12 12 19 36 29 19 26 7 28 9 23 17 13 23 15 23 16 19 21 22 32 8 23 8 14 13 32 27 8 20 15 20 17 7 18 35 19 33 24 17 14 34 13 12 23 10 20 23 19 14 18 16 13 26 34 11 7 25 14 18 20 25 23 20 17 18 11 35 5 14 20 19 31 10 37 13 38 11 21 17 35 20 13 18 27 15 10 20 24 31 35 20 32

5614 2367 2606 1571 8091 2560 2276 2150 5787 7384 4923 3190 3518 483 2356 2780 4751 4804 3709 3728 5846 3480 5162 3899 892 3922 5613 5664 3426 5099 5729 2780 3524 3960 3844 2260 1236 3610 1580 2975 3721 2602 4720 3328 4633 3737 3076 3856 3534 5665 6106 3602 3899 5814 5467 6004 5369 5718 4672 3495 3553 2561 7127 2284 3026 2442 6094 4806 5469 4787 3554 2763 6114 5191 7212 5596 6533 5522 7474 5142 4840 6125 3929 4642 5063 3520 2565 3859 5130 2401 4518 6005 6829 2722 5583 37 4734 1505 2478 983
6819 2702 2996 1804 9423 2899 2526 2542 7081 8812 5474 3785 4003 566 2792 3250 5425 5312 4202 4211 7217 3868 5869 4321 1024 4322 6653 6456 3823 6002 6456 3370 4341 4940 4421 2779 1461 4333 1907 3542 4390 2998 5662 3726 5779 4129 3607 4424 4076 6880 7209 4065 4835 6859 6699 7336 6668 6792 5324 4047 4106 3083 8902 2684 3719 2968 7170 5776 6492 5765 4285 3334 7618 6205 8582 6334 7959 6495 8545 6293 5807 7065 4412 5380 6052 4260 2852 4434 6353 2998 5023 7004 8131 3220 6200 45 5871 1663 3082 1154
7687 2969 3593 1967 11056 3517 3025 3011 7760 10291 6328 4133 4848 630 3156 3661 6143 5993 4611 4697 8369 4298 6439 5240 1236 5278 7420 7553 4558 7072 7850 3848 4974 5810 5328 3170 1693 5088 2266 4168 5124 3389 6652 4232 6555 4965 3979 5259 4578 8161 8613 4570 5258 7449 7330 7987 7963 7638 6033 4618 4781 3662 10295 3069 4029 3397 8404 6826 7769 6731 4769 4008 8535 7377 9862 7478 9338 7502 9558 7295 6464 8507 5332 6535 6892 4785 3193 5285 7452 3572 5780 7767 9706 3711 6934 51 6641 1835 3358 1383
8502 3365 4190 2268 11986 3820 3330 3493 9134 11116 6949 4473 5394 730 3607 4053 6871 6819 5318 5419 9264 4879 7218 6210 1457 5737 8690 8553 5308 8115 8968 4236 5506 6336 5820 3712 1939 5760 2644 4693 5642 3915 7280 4640 7349 5820 4315 5979 5206 8939 9509 4947 5895 8246 8565 8982 8835 9023 6802 5038 5332 3938 11578 3536 4421 3801 9847 7652 8983 7665 5345 4369 9353 8503 11256 8873 10115 8662 11420 8080 6978 9708 6051 7385 7997 5340 3544 6109 8532 3858 6395 8850 11212 4356 8089 54 7630 2168 3954 1484
9771 3632 4539 2585 13448 4318 3856 3963 10424 12919 8069 4816 5847 792 3848 4558 8005 7948 6136 5845 10167 5723 8089 6712 1630 6236 9445 9582 5827 8727 10315 4860 6007 6746 6386 4151 2086 6370 2927 5314 6228 4542 7752 5399 7884 6698 4928 6578 5775 10144 10722 5539 6542 9540 9464 10245 10174 10354 7317 5819 5847 4461 12480 4023 5023 4045 11157 8628 9944 8272 5912 4979 10368 9796 12989 9907 10817 9928 12901 8935 7716 10507 6948 8319 9089 5733 4151 6725 9247 4264 7381 9484 11984 4739 8666 60 8541 2392 4251 1716
11144 3931 5037 2872 15410 4856 4374 4446 11383 13930 8939 5192 6684 841 4170 5163 8999 8437 6880 6764 10910 6209 8965 7185 1744 6961 10339 10773 6488 9431 11610 5520 6863 7622 6972 4388 2332 6775 3310 5789 6949 5119 8228 5770 8940 7177 5369 7007 6237 11135 11471 5987 7511 10734 10698 10945 10976 11053 7929 6551 6655 4850 13407 4329 5409 4626 12445 9505 10953 9391 6334 5405 11526 10591 13857 10631 11554 11127 14539 9803 8706 11508 7830 9050 9618 6246 4781 7689 10018 4653 8495 10375 13396 5248 9811 65 9098 2656 4764 1927
11973 4289 5521 3090 17194 5427 4740 4810 12365 15132 10021 5914 7213 894 4724 5618 9725 9531 7422 7528 12033 6793 10201 7726 1837 7499 11001 12059 7154 9982 12828 6139 7508 8361 7821 4945 2558 7550 3550 6479 7483 5710 9299 6155 9504 8010 5987 7766 6682 12169 12216 6504 8223 11562 11516 12304 11703 11715 9086 7036 7010 5137 14190 4839 6075 4877 13337 9998 11922 10378 6807 6041 12631 11374 14766 11977 13187 12416 15522 10598 9655 12909 8382 9649 10264 6885 5396 8225 10796 4906 9384 11671 14993 5607 11044 69 9581 2932 5371 2127
12607 4705 5906 3385 18701 5773 5091 5214 13440 16916 10949 6698 7597 996 5074 5995 10769 10538 8094 8002 13353 7496 11212 8325 2028 7941 11649 12960 7737 11100 13672 6485 8169 8775 8283 5174 2790 8220 3870 7128 8051 6059 10160 6514 10118 8651 6466 8164 7421 12900 13310 7108 8830 12334 12436 13717 12509 12299 9673 7539 7721 5684 15567 5346 6486 5289 14825 10622 13028 11416 7479 6727 13796 11972 16551 12552 14359 13116 16894 11207 10513 13840 9038 10798 11018 7333 5691 8657 11851 5244 9892 12974 16679 6060 11602 77 10150 3135 5691 2345
13745 5042 6191 3608 20489 6296 5382 5700 14761 18062 12148 7138 8188 1081 5526 6435 11768 11053 8510 8593 14144 8072 12302 8886 2230 8853 12401 13641 8082 11627 14427 7083 8835 9309 9012 5451 2916 8975 4044 7630 8496 6356 10656 7081 11063 9332 6820 8678 8134 13889 14060 7712 9761 13718 13001 14696 13133 12990 10702 8293 8469 6312 16954 5676 7160 5682 16029 11116 13959 12459 8206 7101 15061 13044 18154 13383 15814 14483 17945 11771 11575 14950 9843 11812 11763 8142 6246 9324 12833 5773 10858 14103 17924 6472 12740 85 11255 3386 6268 2529

4165 2122 1935 1364 6996 2073 1667 1403 4251 5963 3128 2868 3018 357 1293 1921 2586 3944 3234 2797 4038 2992 3873 3090 684 2972 3633 4175 2692 4474 4414 2083 2748 2741 2374 1797 1072 3016 1369 2352 3255 1972 3976 2539 3783 2682 2710 3458 2382 4408 4459 2512 2339 4829 4281 4976 4255 4368 3795 3140 2837 2226 5861 1750 2225 2095 3810 2627 4590 3597 3163 2084 5296 4369 5222 4344 4312 4659 5486 2815 4039 5394 2777 4146 3845 2428 1791 3355 4354 1935 2986 3796 5599 1943 4213 25 3209 1009 2155 661
3776 1763 1410 1081 4425 1508 1483 1382 4223 4352 2989 2323 1988 278 1218 1566 2435 3080 1879 1986 3037 2720 2623 2098 574 2810 2822 3240 2187 4329 4244 1774 2388 2598 1977 1244 843 1921 1153 1652 2098 1923 2453 2320 3158 2062 1826 2695 2035 3910 4309 2503 2038 3692 3391 3347 3388 3968 2800 1846 2678 1560 5618 1386 1880 1303 3649 2507 3161 2894 2443 1703 4627 2651 3968 3671 4293 4530 4772 2778 3637 5360 2370 3184 2710 2279 1681 3176 4065 1633 2902 3319 3642 1416 3716 23 3021 860 1943 597
