100 9 2
79 72 12 1 224 42 170 161 1 95 210 55 250 130 33 8 94 231 143 55 164 226 221 160 94 145 1 104 126 37 148 11 104 65 205 121 49 67 13 102 169 53 188 117 288 99 113 22 226 113 102 87 102 59 1 176 84 121 1 159 47 117 53 199 17 8 115 62 93 87 255 1 131 224 108 98 127 270 138 1 82 232 21 104 8 35 167 41 198 140 178 225 155 129 113 75 131 1 103 130

41 2 12 1 28 35 16 1 29 27 15 38 18 15 37 31 1 2 33 3 33 17 29 19 11 26 7 25 12 53 20 11 1 22 32 16 12 35 1 39 14 46 2 33 12 28 17 10 15 22 15 15 17 6 10 33 33 9 35 23 39 1 22 33 21 37 12 1 32 1 38 43 34 1 22 26 7 1 11 44 5 23 28 17 22 45 4 41 26 17 2 19 1 24 13 34 14 15 56 17
43 10 23 2 37 58 23 9 37 40 28 47 28 29 45 44 4 23 52 8 44 26 40 43 29 30 10 41 13 58 31 16 12 25 38 30 21 39 13 42 16 58 22 60 23 42 32 21 36 28 24 31 22 13 12 47 37 25 49 47 52 12 29 60 41 45 26 9 41 16 50 48 46 18 28 31 38 15 23 53 20 33 33 28 27 69 11 69 34 27 30 36 28 41 31 47 32 22 66 35
59 26 34 3 52 63 28 15 38 44 41 59 44 35 47 55 6 48 60 29 64 30 63 55 39 35 22 60 20 67 35 26 27 43 40 38 27 50 28 52 20 67 46 71 36 54 47 36 37 45 39 49 30 22 29 61 50 39 59 61 68 28 41 65 42 57 50 18 60 18 55 62 59 34 29 39 39 33 29 59 26 44 53 31 28 73 23 81 38 41 42 46 38 49 38 49 35 24 90 58
75 30 45 4 83 68 42 23 52 60 53 83 53 40 52 58 29 55 61 52 94 47 75 71 41 45 37 61 21 79 47 27 35 57 41 52 43 52 33 64 30 78 58 81 47 81 49 60 55 58 43 52 41 37 39 82 66 43 78 76 69 53 63 72 48 70 67 41 85 32 67 77 60 38 30 57 41 45 49 75 37 54 55 49 39 77 26 94 53 42 57 57 50 66 43 72 48 25 106 84
84 31 55 5 85 81 68 37 71 69 58 92 61 59 55 82 49 56 62 53 96 51 92 83 45 65 59 67 44 95 57 45 38 71 69 82 54 54 35 71 38 82 71 88 48 90 52 79 62 73 54 66 48 63 47 94 67 47 100 81 72 63 68 107 49 94 68 48 114 33 68 90 67 50 47 68 48 49 56 82 43 60 61 65 40 82 40 95 78 49 62 62 63 69 48 77 58 41 115 92
113 34 64 7 115 90 80 49 74 84 70 97 82 78 59 86 55 61 69 58 102 63 110 94 46 67 61 72 55 122 61 65 74 77 91 83 55 74 54 79 40 88 99 92 62 101 54 94 67 93 74 82 52 85 63 118 83 55 107 109 82 91 78 134 61 101 95 51 115 50 85 113 78 66 61 93 65 54 76 95 56 80 71 71 59 83 55 115 90 54 65 69 75 82 57 79 74 44 137 97
135 36 69 16 118 101 84 58 87 88 77 105 97 90 79 96 71 76 82 62 117 87 131 103 54 81 70 80 57 129 73 66 80 84 104 97 71 91 80 99 50 92 104 98 63 119 68 105 68 97 75 88 61 94 68 128 97 56 118 119 95 108 99 145 73 123 105 56 119 67 88 114 100 74 67 110 71 63 96 103 71 93 81 86 74 110 67 118 100 66 94 84 86 85 72 83 78 53 159 98
140 39 77 17 130 121 86 61 88 90 97 108 107 101 83 111 94 95 101 66 138 108 140 126 71 84 85 87 74 130 78 75 85 93 118 100 78 96 82 100 58 94 116 115 78 141 81 118 71 108 89 89 78 107 81 135 110 67 123 131 106 109 113 152 78 129 108 76 130 77 89 123 106 78 75 111 79 83 99 118 87 106 96 103 81 120 80 124 105 79 99 92 103 111 86 86 98 61 179 100
148 56 84 31 135 124 103 85 97 100 108 131 111 112 84 118 99 99 107 67 142 117 146 149 86 98 88 95 78 133 96 84 101 99 129 107 90 102 88 112 73 99 131 138 79 142 84 144 79 128 100 94 88 108 94 136 140 79 132 137 114 110 126 169 95 145 125 83 139 86 103 144 107 81 76 122 94 90 102 125 89 120 120 106 95 142 83 127 119 96 101 104 113 127 102 93 103 73 184 109

18 10 11 8 18 7 14 14 23 21 12 17 6 6 8 8 22 18 5 7 14 2 1 12 5 1 15 3 4 1 6 7 1 16 8 1 27 18 18 10 19 1 14 23 12 16 21 1 24 16 7 19 8 18 15 10 21 20 1 14 11 3 11 2 11 1 6 10 25 12 11 1 1 8 1 7 9 21 17 3 18 22 2 4 20 22 11 12 9 3 15 18 3 4 1 1 11 7 23 13
35 20 13 22 22 10 17 26 30 28 33 39 8 7 16 20 37 25 12 12 15 6 13 32 17 12 30 11 19 14 16 16 13 35 17 3 33 36 34 30 35 12 25 31 20 18 38 17 27 17 17 20 21 21 27 33 35 23 16 15 27 17 35 13 24 8 21 14 37 29 35 2 10 24 4 17 15 22 30 16 28 34 17 20 27 34 14 17 24 19 24 28 12 23 9 13 34 10 32 28

2735 10098 8609 3908 4918 4518 6117 6219 4688 9614 7469 934 6495 4522 5468 6903 1836 3550 7630 3515 7800 7142 5706 2906 6811 2336 4530 4554 4794 3705 8970 3048 3085 5698 5950 5920 3462 4530 6114 9278 6645 8325 7471 3825 5942 6957 1723 4511 5640 7111 6227 3955 2959 6279 9140 3430 5686 5777 4494 8309 7044 7029 8197 6845 904 6937 7284 6088 6448 2771 4479 5645 2858 3716 7126 3947 6806 5678 6164 5065 7075 2794 3159 3266 9378 1794 5157 6964 1859 293 4762 7311 7380 3944 1688 9087 3201 3451 1248 7154
3058 11834 10670 4567 6005 5298 7054 7187 5628 11387 9164 1151 8109 5306 6623 8233 2263 4269 9015 4331 9532 8814 6510 3407 8053 2730 5468 5234 5754 4299 10296 3385 3508 6927 6738 6905 3880 5287 7174 10569 7927 9765 8400 4768 6819 8605 2028 5278 6353 8666 7417 4827 3628 7214 10688 4069 6928 7084 4968 10343 8516 7925 9840 7913 1066 8522 8576 7149 7422 3133 5535 6590 3526 4587 7999 4594 8060 6487 7632 5773 8591 3108 3909 3646 11380 2222 6072 8399 2108 338 5250 8550 9125 4857 2025 10166 3859 4265 1455 8879
3361 13621 12482 5100 6860 6033 7671 8460 6328 13354 9911 1285 9226 6396 7989 9665 2687 4992 10318 4784 11427 10195 7244 3960 9600 3231 6204 6276 6592 4775 11318 4087 3957 7792 7659 7889 4543 6275 8453 11662 9281 10751 9437 5260 8170 10078 2371 6342 7166 10006 8107 5329 4188 8515 12873 4792 7536 7782 5495 11174 9383 9078 11789 9579 1276 10184 10385 7834 8674 3634 6491 7424 3860 5318 9436 5472 9700 7448 9006 6492 9966 3710 4465 4425 13451 2434 7064 9367 2464 371 6334 9857 10643 5701 2214 12192 4307 4746 1613 9874
3935 15665 14189 5624 7907 6625 8903 9279 7159 14870 11311 1407 10693 6995 9013 11011 3012 5669 12121 5186 12473 11417 8229 4582 10435 3490 7017 7145 7785 5297 12245 4608 4478 9102 9027 8861 5135 7326 9290 13979 10494 12153 10657 5923 9104 11124 2730 7138 8567 11438 9115 6122 4699 9699 14271 5375 8276 8658 6066 12565 11024 10045 12785 10839 1409 11602 11695 9232 9965 3988 7376 8826 4241 6068 10197 6179 10381 8421 9665 7433 11450 4370 4872 5102 14684 2686 8179 10826 2812 404 7424 11226 11658 6403 2624 13455 4984 5192 1913 10812
4235 17943 15986 6454 9081 7261 9940 10156 8311 16479 12439 1514 11353 8109 9829 12084 3403 6066 12951 5687 14212 12418 8934 5223 12074 4044 7895 7929 8458 5939 14276 5059 4938 10386 10135 9462 5615 7864 10788 15802 12146 13034 12209 6345 10065 12317 3123 8079 9909 12827 10528 6984 5196 10519 16417 6211 9476 10039 6889 14288 12037 10939 14681 12500 1588 12562 13496 10183 10927 4550 8230 9791 4772 6730 10934 6725 11627 9189 11130 8201 13194 5012 5271 5734 16459 3026 9042 11914 3091 453 8203 12845 13436 7194 2802 14520 5405 5603 2090 11876
4626 19119 18121 6879 10086 8327 10803 10999 9158 17907 13690 1618 12619 8756 11035 13266 3740 6536 14431 6375 16097 13256 10128 5679 13760 4425 8445 8497 9401 6675 15441 5528 5401 11531 11437 10197 6122 8923 11594 16958 13139 14587 13219 6882 11456 14011 3314 8635 10690 13858 11283 7607 5853 11149 18291 6693 10581 10683 7921 15983 13620 12541 16388 13754 1682 14209 14513 11557 12283 4997 9300 10607 5086 7156 12136 7536 13293 9963 12457 8719 13950 5422 5593 6544 17696 3414 10001 13578 3500 503 8833 14370 14680 7777 3031 16205 6022 5972 2255 13364
5137 20224 19447 7719 10665 9190 11997 12002 9710 19614 15507 1761 13540 9574 11865 14022 4116 7300 15307 6753 17056 14819 11255 6281 15071 4761 9207 8971 10236 7300 16386 6088 6145 12297 12790 11123 6483 9499 12401 17898 14746 16155 15021 7548 12109 15649 3597 9586 12029 15003 12115 8564 6207 12044 20496 7082 11441 11421 8653 17282 15261 14018 17286 15296 1806 15857 15535 12515 13404 5390 10360 12014 5557 7759 13733 7968 14971 10758 13958 9291 15046 5912 6015 7191 18733 3811 10569 14737 3842 554 10002 15564 16070 8747 3438 18472 6760 6456 2450 14988
5452 22630 20669 8328 11282 9710 12862 13434 10201 21459 16785 1974 14411 10441 12909 15663 4327 8065 17025 7249 18598 15699 12285 6884 16498 5264 9844 9630 11064 8221 17522 6637 6812 12938 13873 12288 6884 10182 13478 19474 15688 18181 15836 8143 13283 17094 4002 10121 12917 16076 13332 9358 6658 13610 22297 7794 12394 12053 9126 18809 16606 15349 19275 16649 1978 16705 16302 13629 14257 6004 10910 12657 5979 8504 14652 8880 15838 11799 14734 9893 16063 6284 6509 7592 20903 4009 11733 15795 4303 617 10811 17010 17780 9446 3819 20081 7439 7046 2701 16388
6072 24666 22501 9234 12213 10299 13545 14360 10871 23615 18254 2198 15094 11277 14241 16835 4646 8446 18499 7634 19599 16657 13047 7437 17742 5621 10629 10685 12188 8905 18916 7016 7358 14160 14597 13388 7458 10981 14766 20535 16486 20102 16855 9036 14279 18819 4249 11076 14257 17735 14466 9912 7321 14694 23947 8161 13706 12991 9891 20029 18123 17054 20516 17518 2110 18099 17094 14424 15529 6327 11405 13410 6349 9390 16037 9574 16769 12679 16068 10744 17062 6784 6974 7926 22728 4201 12982 16512 4611 655 11783 18334 19310 9884 4020 21911 7957 7795 2872 17535

2399 8965 7077 2989 3543 3751 4381 4701 4049 8070 5921 653 5827 3779 4783 6013 1410 3123 4922 3007 6879 4755 3423 2500 3815 1601 3354 3079 4177 3216 5059 1875 2748 4199 5005 3857 2271 3929 5025 7075 4368 6570 5939 2754 3583 5814 1193 3592 3654 4680 5267 2993 2126 4581 7981 2752 5074 4758 2786 6849 5774 4639 5823 6036 761 4798 6236 4977 5592 2403 3791 3255 2534 3102 5274 3038 5638 5080 5195 4507 5702 2300 1984 2102 7403 1499 3968 5887 1207 209 3759 4520 5429 3190 1433 5806 2750 2589 988 6234
1597 8807 5669 2137 2758 3548 3654 4601 3808 6278 5500 593 5489 2934 4112 3679 931 2935 3913 2196 5409 4397 3029 2380 3750 1452 2641 2715 3725 2852 5004 1532 2059 3349 4407 3096 1855 2979 3151 6940 3785 4174 4685 2702 3137 4761 1154 3434 2894 3711 4436 2715 1524 3574 5445 2387 3111 2946 2785 5568 5440 4511 5146 5035 741 4201 6166 4759 3864 1490 2338 3013 1624 2155 3660 2191 4515 2997 4424 4197 3922 1573 1595 1934 4886 1409 3916 4907 1123 201 3602 3866 5072 2969 1089 5034 2121 1762 678 4942
