100 9 2
88 224 235 240 46 117 206 225 54 91 112 1 39 143 132 220 156 189 83 29 21 128 161 110 21 78 108 116 94 63 242 125 136 212 160 95 3 223 1 24 153 67 183 177 228 24 16 140 80 87 21 176 1 86 64 77 77 1 86 91 167 39 142 86 67 4 64 245 239 69 51 1 71 121 1 127 179 120 1 29 80 16 110 45 73 36 109 248 117 80 74 141 27 89 145 82 95 20 134 255

41 21 21 26 41 31 1 16 17 19 7 17 11 15 19 27 31 1 15 44 39 33 18 31 10 11 14 19 31 32 1 4 41 1 38 22 9 21 25 25 5 19 18 33 1 5 8 8 44 23 10 34 4 16 1 24 44 46 40 30 25 52 65 24 20 24 13 10 29 23 55 38 18 6 12 16 67 31 1 39 17 12 6 45 46 29 32 28 19 23 38 11 14 1 36 29 25 39 7 29
65 47 34 33 42 46 20 17 23 40 13 18 20 17 24 28 48 14 18 66 44 37 22 40 13 18 31 37 46 37 23 20 49 4 53 26 20 23 36 40 15 20 36 45 9 23 13 10 46 28 12 45 20 33 2 32 58 55 54 39 30 59 78 34 43 25 18 14 31 30 72 57 25 23 21 38 80 33 29 45 37 23 15 52 56 32 40 31 20 30 40 25 22 2 57 62 30 42 12 41
85 52 41 48 59 63 37 19 34 49 16 34 31 23 25 41 67 21 41 82 58 41 30 49 32 19 36 43 62 38 54 24 51 11 81 33 25 33 42 44 31 23 59 65 28 29 14 35 53 50 26 50 38 43 18 42 60 65 66 47 45 67 87 49 45 35 20 20 36 39 82 74 35 35 41 41 92 41 39 62 68 29 32 54 68 51 45 42 21 33 48 30 35 14 70 64 35 61 24 51
100 62 56 61 70 82 44 44 36 51 17 53 52 35 50 53 86 26 59 87 65 42 33 51 47 28 40 50 64 43 66 32 66 22 91 44 35 40 46 53 56 43 78 73 33 32 26 50 67 56 46 65 51 52 27 44 71 66 67 48 46 71 94 53 46 43 30 38 44 46 105 87 39 40 49 49 107 48 46 64 75 45 48 56 85 61 54 57 29 43 63 32 41 15 90 73 45 65 33 68
119 66 61 67 83 91 68 53 38 61 32 55 57 45 65 66 96 30 66 96 81 49 47 52 61 33 61 70 79 49 86 45 86 23 96 57 39 61 55 66 65 56 89 75 40 57 30 61 80 69 57 79 57 59 33 61 75 83 80 49 60 72 103 57 57 44 38 45 47 63 118 101 54 52 50 52 130 50 51 88 85 49 57 67 93 78 70 66 38 67 64 34 57 22 102 86 52 68 37 78
129 86 74 68 92 115 73 65 41 62 39 76 60 55 76 72 106 37 69 101 89 60 66 62 75 37 75 83 90 58 98 52 98 30 111 63 52 75 61 82 77 65 101 83 49 58 40 77 86 77 65 85 79 69 40 70 83 90 95 63 78 77 109 61 62 64 53 54 56 66 119 109 55 72 63 68 154 69 57 102 98 75 75 77 96 87 75 72 39 71 67 40 67 34 105 91 66 87 48 80
153 101 76 69 106 127 74 67 46 87 44 89 66 60 92 73 115 43 76 113 97 68 78 78 99 62 77 87 117 67 105 64 126 32 120 76 59 93 66 95 89 81 109 91 61 64 44 81 107 100 74 98 95 71 58 86 91 103 96 66 103 89 111 62 67 66 57 68 72 79 126 120 80 73 72 79 159 101 67 105 113 88 77 78 114 94 93 73 59 76 84 42 69 48 114 93 80 103 54 87
170 103 95 70 111 129 93 75 62 108 55 95 84 76 102 78 125 44 82 119 122 81 84 90 114 68 86 106 135 68 115 78 132 33 121 89 70 103 102 100 102 99 124 111 62 81 45 88 111 106 88 99 112 88 74 87 102 105 114 86 120 98 112 75 77 84 68 75 75 98 140 132 94 99 94 85 164 108 72 117 125 102 89 84 120 103 98 74 75 98 85 50 78 59 137 101 96 108 71 88
176 104 96 79 120 142 107 93 81 136 76 115 99 95 104 94 143 56 89 132 133 92 116 91 124 93 106 118 142 69 129 88 145 34 134 100 73 114 103 109 113 113 142 123 78 83 47 95 113 121 92 113 113 105 87 88 122 121 136 101 128 115 131 92 97 92 70 82 85 99 142 139 98 102 108 89 167 114 94 118 126 110 102 89 138 109 104 92 84 105 104 51 79 70 148 116 113 129 90 93

8 1 17 21 19 17 10 17 9 18 7 4 16 10 12 1 11 8 9 14 6 10 10 13 5 8 1 2 1 19 4 18 29 10 8 13 1 16 8 7 15 19 19 13 13 6 1 11 23 1 19 13 11 11 1 1 5 17 10 13 8 2 16 15 9 16 13 8 1 10 6 13 4 4 17 13 6 5 16 4 7 19 1 12 6 19 3 27 21 1 19 1 1 22 19 23 8 1 19 4
12 24 25 38 45 19 24 41 14 27 17 14 17 12 13 32 13 11 23 27 21 18 29 31 24 30 10 16 18 42 17 47 46 30 19 21 6 22 25 20 26 38 39 32 36 17 7 21 36 12 30 25 12 24 14 11 18 31 12 15 29 10 23 34 13 17 23 18 16 16 26 22 13 9 26 22 10 26 24 16 13 28 11 14 11 26 12 31 38 2 20 12 11 29 25 27 26 16 42 16

895 2143 4327 4289 4966 4614 7359 4871 3344 9118 6197 3833 7939 3371 4339 6214 3801 7173 6325 6058 4378 7158 2724 5522 3266 9513 2977 7905 6320 6514 6053 4977 9549 5563 3910 2933 7818 4051 6466 3691 2916 5643 7226 1677 138 3287 4517 7036 7160 4298 5831 5403 4001 6087 3768 4272 5345 6394 6184 3412 8975 3548 2524 3022 8728 7729 6959 5949 4897 2499 7869 4503 2965 4148 2703 4341 6114 5518 6857 2660 6772 2711 4263 3370 3064 3646 6392 3659 6744 3217 7029 5666 2852 2892 5164 4390 5633 2862 5473 5471
1016 2403 5037 5146 5893 5627 8914 5396 3792 10521 7335 4783 9775 3948 4994 7169 4333 8273 7718 7335 4914 8111 3095 6177 3899 11159 3516 9199 7244 8111 7356 6218 10743 6803 4448 3313 9487 4990 7395 4527 3288 6598 8143 1896 156 3795 5641 8257 7940 5118 6723 6172 4911 7557 4697 5070 6024 7659 7353 4051 10596 4073 2926 3353 10839 9539 8463 6809 5910 3091 8882 5508 3400 4745 3160 5047 7214 6102 8058 3217 7661 3016 4692 3723 3585 4476 7415 4413 7997 3619 8599 7081 3440 3259 5754 5194 6409 3397 6695 6465
1158 2792 5582 5948 7038 6257 10008 6133 4524 11719 8854 5452 10899 4288 5560 8436 5275 9452 8588 8846 5627 9146 3558 6737 4264 12257 4086 10777 8333 9255 8323 6728 12929 7487 5130 3917 10999 5912 8401 5116 4007 7282 9808 2070 178 4212 6762 9463 9565 5761 7893 7258 5536 8987 5213 5743 7173 9173 8346 4653 11664 4607 3303 3798 12650 10839 9615 7577 7039 3670 9726 6497 3925 5421 3589 5512 8056 7177 8852 3848 9024 3591 5670 4403 4218 4928 8126 4870 9124 4399 9608 8353 4077 3726 6936 5641 7773 3938 7733 7369
1315 3241 6418 6840 8256 6862 11550 6657 4953 13609 10187 5854 11896 4843 6291 9541 5893 10269 9376 10136 6466 10108 4002 7629 4975 14217 4633 12201 9567 10533 9725 7383 15037 8124 5700 4614 12691 6701 9201 5887 4485 7863 10889 2426 195 4775 7310 10788 11194 6291 9303 7932 6411 9671 5762 6287 7801 10718 8998 5054 12739 5383 3767 4193 14113 12741 10367 8857 8178 3961 11226 7420 4249 6018 3860 6063 9521 8376 10273 4166 10576 4111 6658 4993 4937 5410 9177 5358 10524 5058 10632 9406 4445 4431 8087 6250 8932 4379 9054 8052
1457 3549 6890 7863 9208 7391 12854 7496 5603 15578 11667 6520 13238 5220 6971 10405 6594 11033 10558 10928 7501 11403 4360 8786 5702 15595 5281 13462 11047 12086 10418 8189 16115 8784 6465 5110 14435 7635 10756 6426 4870 8784 12278 2804 220 5305 8216 11731 12103 6847 10646 8591 7395 11173 6144 6924 8918 11998 9964 5417 13744 6091 4377 4732 15916 14117 11539 9833 9212 4254 13127 7933 4606 6646 4229 7129 11020 9674 11787 4563 11795 4498 7624 5493 5604 6219 10004 5946 12170 5653 12142 10458 4845 4797 8856 7206 10228 5058 10331 9285
1556 3866 7703 8792 10169 7896 14045 8318 6265 16793 12408 7076 14495 5810 7986 11294 7030 11774 11417 11964 8340 12281 4659 9502 6204 17551 5803 14609 12288 12953 11714 9058 17731 9643 7315 5815 15933 8282 11849 7152 5269 10002 13449 3209 240 6027 8927 12623 13871 7780 11947 9699 8162 12194 6644 7550 10216 13284 10825 6259 15381 6651 4759 5481 17461 15456 12571 10643 10298 4713 14095 8927 5131 7459 4555 8119 12255 10578 12483 4979 12536 5061 8294 5966 5965 6922 11510 6601 13193 6378 13256 11166 5363 5152 9723 8260 11149 5570 11496 10150
1700 4201 8344 9300 10799 8777 15776 9013 6761 18842 13621 7747 16448 6511 8628 12669 7812 13401 12363 12647 8932 13889 5116 10737 6858 18734 6508 16135 13793 14258 12791 10287 19352 10741 7830 6377 17105 9287 12914 7755 5612 10879 15075 3615 269 6449 9955 13705 14736 8596 13122 11039 9007 13227 7375 8606 10770 14843 11460 6685 17312 7382 5120 6089 19303 17177 13958 11848 11220 5262 15317 9874 5812 8385 5114 8687 13618 11190 13411 5364 13627 5439 8882 6539 6609 7355 12638 7326 14428 7148 14253 11999 5749 5530 10771 8996 11808 6189 12540 10768
1838 4653 9281 10115 11938 9665 17393 10067 7224 20944 15041 8465 17282 7035 9441 14192 8249 14615 13646 14063 9618 15115 5682 11805 7289 20630 6941 17432 15228 15844 13936 11180 20601 12012 8400 6939 19025 10009 13809 8262 6248 11478 15838 4010 283 6877 10586 14700 15999 9232 14410 12272 9650 14747 8048 9660 11481 15508 12857 7337 18433 8036 5600 6703 20448 18477 15377 12931 11917 5682 16763 10645 6143 8808 5732 9359 14924 12218 14739 6006 14675 6002 9451 6958 7243 8008 13679 7972 15104 7711 15784 13175 6127 6143 11580 9472 12615 6754 13831 11394
1962 5077 10029 10903 12958 10216 18958 10983 7901 23074 15876 9401 18378 7406 10302 14853 9012 15414 14613 15337 10060 15887 6206 12638 8051 22185 7623 18262 15889 16507 14762 11908 21804 12964 9334 7501 20591 10954 14551 8642 6839 12676 16621 4290 304 7344 11494 15616 17104 10265 15322 13015 10237 15751 8763 10200 12732 16764 14319 7740 20119 8436 6052 7421 21833 20306 16251 13879 12588 6061 18095 11652 6783 9810 6387 10360 16171 13503 15719 6584 15876 6279 10439 7671 8007 8651 14799 8583 15893 8289 17302 14168 6554 6453 12546 10055 13689 7306 14889 12559

697 1893 3822 3839 3345 3330 5936 4367 2620 7485 4882 2781 5835 2758 3367 4297 2441 6320 5202 4968 3916 5675 1877 4958 2456 7641 1845 6294 5349 5632 5325 4290 7821 4443 2381 2621 6149 2572 5427 3196 2199 5065 6251 1407 108 2472 3987 5797 5250 3209 4555 4299 3448 4252 2610 3226 2911 5686 4500 2902 5311 2001 1604 2571 4591 5722 5283 4468 4150 1598 5263 3626 2450 3657 2427 3427 5062 3327 5948 1871 5528 2163 3437 2356 2469 2551 5391 2431 4278 2716 5141 4203 2490 1982 3266 3009 3476 2228 4165 3552
482 1116 2235 3391 2699 2896 4378 2497 2093 6538 3434 2411 4672 1879 2430 4218 2021 3775 3897 4620 2705 4897 1469 4868 2264 5098 1570 5757 4775 4157 4382 2929 7627 3176 2331 2429 4966 2299 4990 2003 1828 4546 5189 1376 105 1761 3822 5419 4187 2507 4272 3659 2266 3774 2320 2820 2704 5390 3120 2412 4951 1780 1430 1577 4564 5501 4082 3704 4077 1349 4578 2356 1981 2209 1539 2933 4083 3224 5045 1682 4054 1404 2426 2242 1996 2234 4055 2154 4223 2505 4384 2978 1681 1851 2831 2236 3424 1473 3035 3519
