100 9 2
139 27 174 102 117 25 197 17 192 49 50 179 119 76 1 1 7 62 10 60 111 169 102 38 117 101 122 93 283 207 1 59 45 133 65 1 26 67 145 1 1 74 176 18 179 171 1 37 208 132 31 162 81 37 82 117 1 1 276 148 276 1 142 70 73 196 142 55 170 6 91 53 167 86 1 88 182 151 34 1 42 224 50 261 29 64 20 187 154 64 1 125 36 33 209 221 258 54 138 1

44 30 13 8 46 1 53 1 20 26 6 27 1 23 1 16 36 27 43 1 1 29 5 17 1 9 40 30 25 10 16 1 50 28 19 26 51 24 40 35 10 1 58 8 25 25 24 17 6 26 31 1 33 15 30 35 6 26 21 4 25 1 36 1 21 15 1 26 16 1 16 25 41 34 48 32 1 35 35 33 24 36 8 8 50 13 15 25 35 30 27 35 14 14 32 35 30 1 37 31
49 31 18 18 59 29 62 13 37 47 17 28 8 33 5 25 55 42 52 22 2 31 20 22 26 25 60 36 36 21 35 21 57 31 20 48 81 43 53 52 31 13 76 21 31 32 43 24 16 27 42 23 43 28 39 41 20 39 38 13 29 32 58 10 34 17 6 61 24 30 24 33 47 46 65 51 4 39 47 60 28 43 9 14 54 14 16 45 38 50 37 56 18 29 42 40 48 14 55 32
65 46 26 26 73 30 81 20 55 64 44 50 23 35 16 38 70 53 69 32 4 33 23 26 29 35 75 46 46 32 38 29 58 55 21 62 88 62 64 62 36 15 102 28 37 50 58 38 31 37 55 39 58 31 51 57 32 51 43 27 44 41 72 14 46 27 20 78 35 49 41 34 52 56 88 56 21 40 65 61 37 46 13 23 59 18 29 60 49 51 43 59 29 50 45 52 60 34 74 42
81 64 49 31 83 35 98 26 68 73 48 57 26 46 25 39 74 59 81 54 11 61 38 35 34 51 82 64 63 40 40 43 59 64 22 75 93 65 79 66 51 29 109 32 43 58 77 46 39 40 77 49 74 47 63 79 34 62 55 42 64 42 84 28 53 36 21 95 41 54 43 46 66 62 90 75 36 42 90 76 56 52 30 31 70 35 35 74 54 69 53 60 33 64 48 61 63 54 82 44
93 65 61 47 85 37 114 41 83 81 64 60 34 61 37 42 96 79 108 69 23 81 51 38 49 55 85 71 85 41 50 58 79 72 39 89 96 71 85 71 69 39 117 33 74 74 92 53 40 45 90 64 79 64 72 88 35 78 71 72 68 51 97 31 57 57 33 106 61 64 49 60 78 79 105 88 37 45 91 87 61 69 40 36 71 52 39 83 55 85 54 70 51 78 58 80 68 58 98 57
106 70 64 72 88 49 120 49 112 85 76 77 35 74 39 49 99 88 109 70 36 110 73 51 52 62 94 85 92 46 54 65 92 86 49 101 106 86 99 97 79 52 118 58 89 88 97 58 60 48 96 82 85 83 79 97 42 90 79 96 79 64 102 34 75 67 58 113 64 70 51 80 86 94 108 104 45 64 100 107 64 78 41 55 85 53 42 96 57 86 55 76 65 88 59 89 71 63 107 72
124 86 78 87 97 54 136 56 116 92 94 81 49 82 55 77 103 98 114 90 46 124 75 68 62 72 102 107 94 51 60 68 94 95 51 112 128 95 115 110 96 62 123 64 105 98 98 69 81 60 103 83 119 97 92 110 44 106 89 97 95 66 110 44 91 74 74 114 96 84 72 87 89 95 113 111 51 78 118 113 74 83 48 73 91 70 46 102 81 88 57 80 80 92 61 90 80 76 123 79
126 98 80 95 101 55 146 82 122 104 99 82 53 87 67 78 104 101 115 105 73 138 76 72 73 78 108 120 96 60 61 77 99 102 71 127 133 113 118 111 104 64 162 68 135 105 103 81 82 74 106 100 120 106 100 120 69 117 102 108 108 67 114 50 92 88 93 143 97 91 86 98 113 99 114 126 56 89 120 116 77 102 69 90 101 77 60 129 99 90 68 81 100 104 62 107 91 79 147 80
136 105 89 101 102 56 161 91 126 133 118 90 73 96 84 85 107 109 132 109 77 158 85 73 84 80 120 140 121 68 67 83 106 105 76 130 134 132 143 129 105 84 169 87 138 110 107 82 96 80 123 104 125 111 118 141 84 122 109 113 118 73 116 63 97 90 108 156 105 93 98 106 127 104 119 130 57 90 139 140 78 125 84 93 103 80 63 137 101 108 72 84 132 114 80 108 98 81 156 94

25 19 8 1 13 6 15 6 16 3 13 12 24 8 24 1 1 9 1 15 14 9 1 1 11 1 1 1 18 1 26 8 22 1 6 20 16 5 1 1 10 8 14 9 6 1 6 8 10 6 11 22 25 1 13 26 1 16 7 9 11 3 10 11 12 9 7 10 8 32 19 18 12 8 21 16 9 16 20 21 9 15 17 1 1 4 1 23 19 15 1 5 9 3 17 8 12 2 9 29
27 24 21 7 27 10 25 7 21 16 23 20 25 10 26 2 2 23 3 28 27 21 14 12 17 12 19 12 19 2 47 17 27 8 24 44 20 24 2 2 26 21 21 28 9 3 7 30 15 19 14 38 36 13 28 30 8 17 18 14 33 24 19 17 13 15 18 27 20 55 32 20 25 10 33 21 13 31 29 45 15 21 30 14 14 19 16 28 30 29 12 22 23 29 29 9 19 24 17 32

5240 6439 4801 5200 5936 3538 6700 3478 3232 3413 763 8097 4950 3500 5955 2581 3117 2165 4356 5560 2651 5495 1394 5476 4285 2527 2446 5727 3167 2921 3738 3326 5288 4189 2589 2951 8270 5561 5055 3646 6897 3787 5771 4959 5761 6594 2571 2481 4650 6568 2860 7743 6119 7498 2780 5612 5919 4109 1832 5824 4224 5216 3672 3350 5613 8574 5191 2689 6266 6395 6523 2903 3583 3332 4976 5162 7276 6626 5051 2597 3856 3972 3693 2933 8080 3090 5104 6584 7728 4589 8416 6301 6025 5080 4932 4289 6111 3398 5802 5323
5980 7974 5724 5971 6606 4398 7590 4122 3934 4210 892 9133 5779 3965 7153 2921 3523 2623 4914 6571 3035 6117 1658 6128 5023 2946 2816 6408 3694 3319 4604 3796 6022 5199 3152 3597 9315 6421 6088 4291 8374 4596 6419 6189 7051 7535 2890 2880 5424 7449 3484 9289 6949 8291 3253 6937 6578 4727 2172 7037 5199 6253 4555 3899 6223 10323 5811 3046 7479 7423 7508 3553 4125 3879 5859 5718 8761 7326 6173 3021 4771 4596 4247 3476 9194 3429 5736 8110 8854 5181 9614 7596 7449 5817 5945 4797 7409 3893 6485 6077
7190 8926 6572 7016 7597 4943 8886 4834 4371 4981 1081 10250 7014 4791 8319 3550 4266 2897 5533 7433 3454 7277 1847 6690 5598 3545 3298 7103 4310 3618 5152 4196 6953 5885 3635 4333 10942 7405 6994 4763 9700 5350 7533 7063 8004 8315 3494 3352 5962 8491 4037 10337 8438 9318 3576 7783 7244 5140 2525 8470 6156 6895 5352 4499 7130 12224 6723 3338 8345 8355 9041 4114 4714 4462 6697 6939 10489 8401 7359 3516 5351 5093 4984 4128 10876 3901 6909 8978 10294 5686 10820 8752 8423 6563 7008 5835 8707 4248 7279 7020
8189 9854 7743 8234 8479 5824 10285 5381 4862 5776 1229 11094 7622 5296 9004 4041 4978 3307 6355 8818 3990 8641 2079 7396 6590 4064 3547 7883 4731 4317 5731 4689 7609 6559 4006 4687 12871 8594 8033 5549 10729 6235 8535 7989 9258 9679 3866 3758 6600 9417 4440 11838 9443 10713 4252 9083 8548 6088 2818 9832 6855 7883 5804 4992 7911 13791 7315 3710 9034 9376 9993 4779 5284 4884 7864 8228 11848 9716 7931 3797 6195 5932 5439 4654 12291 4578 7849 10292 11359 6813 12730 9576 9257 7343 8051 6516 9948 4604 8076 8223
9266 11151 8721 9187 9479 6296 11674 6069 5538 6553 1341 12234 8387 5763 10375 4500 5705 3547 7440 9629 4382 9931 2384 8191 7496 4501 3979 8530 5154 5013 6320 5031 8371 7083 4605 5129 14655 9418 8882 5957 12321 6933 9849 8925 9926 10471 4328 4353 7303 10084 5153 13701 10543 12252 4687 9696 9415 6591 3183 10486 7437 8571 6497 5625 9214 15878 8097 4020 10389 10096 11554 5415 6004 5582 8442 8845 13336 10973 8539 4069 6989 6469 6194 5357 13486 5166 8378 11010 13107 7493 13717 10905 10473 8397 8954 7114 10753 5000 8848 9227
9943 12194 9620 10291 10326 6657 12759 6713 5923 7147 1447 13636 9539 6285 11583 4796 6419 4034 7992 10921 4793 11175 2638 9357 7943 4856 4235 9164 5574 5474 7186 5713 9461 7982 4917 5652 15676 10797 9698 6324 13312 7460 11266 10153 10682 11674 4696 4680 8132 10860 5681 14727 11963 13051 5258 10455 10096 7236 3487 11894 8207 9854 7035 6199 10345 17850 9310 4627 11749 11457 13154 5915 6557 6347 9001 9801 14814 12082 9694 4420 7543 6894 6688 5838 15495 5796 9195 12609 14138 8594 15135 12275 11480 9066 10066 7854 11399 5484 10221 10266
10723 13260 10595 11383 11341 7532 14247 7209 6564 7579 1605 14584 10622 6986 12850 5210 7150 4353 8708 12025 5181 12366 2888 10456 8555 5221 4629 9741 5928 6013 7905 6150 10652 8643 5540 6041 17591 11532 10939 6946 14042 8345 12238 10865 11501 12829 5185 5137 8993 12409 6322 15625 13176 14721 5873 11017 10929 8199 3919 12884 9198 10385 7599 6835 11303 19599 9993 5297 12409 12391 14148 6297 7413 7147 9956 10614 15984 13469 10252 5060 7964 7474 7453 6417 16704 6321 9767 13514 15168 9106 16563 13294 12190 10062 11166 8302 12029 5974 11310 11488
11503 14722 11791 12607 12145 8040 15616 7995 7097 8003 1769 15595 11727 7637 14083 5629 7874 4845 9667 12986 5738 13015 3037 11283 9498 5849 5220 11171 6595 6526 8696 6685 11696 9140 6164 6643 19430 12836 11837 7620 15761 9124 13070 11700 12702 14433 5499 5749 9890 13326 6689 17074 14503 15955 6492 12134 11521 8641 4271 13481 9979 10944 8262 7489 12645 20879 10741 5630 13388 13285 14842 6596 8236 7646 10527 11415 17273 14181 11463 5360 8537 8209 8134 7033 18431 6864 10692 14561 16271 9982 17938 13975 13661 10865 11714 9288 12690 6758 11960 12513
12508 15864 12565 13577 13175 8690 16396 8532 7430 8701 1954 16706 12396 8344 15325 6144 8373 5160 10608 13894 6114 13918 3328 11908 10516 6362 5536 11863 7067 6846 9260 7475 12768 9841 6758 7157 21067 13607 12582 8469 17222 9681 14481 12679 13656 15836 5784 6356 10716 14547 7097 17992 15365 17092 6788 12831 12505 9158 4618 14197 10860 11479 9068 8256 13511 22693 11323 6044 14822 14786 15765 7264 8670 8439 11399 11945 18720 15431 12397 5772 9147 8672 8940 7607 20424 7330 11826 16079 17456 10772 19073 15400 14695 11748 12322 9839 13601 7393 12631 13491

3123 5394 3437 4109 3555 2652 4432 2669 2373 2815 562 4610 4452 2597 4366 1837 2615 1730 3886 4736 2366 4110 1082 3629 2484 1919 1988 4958 2615 2570 2136 2601 4348 3362 1998 2417 4939 3329 3622 3225 5704 2410 4736 3968 4705 5331 2046 2190 2922 5777 2276 5575 5221 5614 2499 4032 5204 3176 1367 3925 3555 4052 2404 2534 4577 6734 3522 2297 4836 5532 4974 2091 2891 2701 2890 3227 6154 5773 3882 1730 3309 3226 3304 1861 5893 2432 4369 5195 6087 3820 5950 4907 5188 3353 3295 3812 5200 2864 4496 3831
2661 4830 2563 2937 3461 2311 3516 2140 1995 2496 429 4584 3246 2206 3696 1528 2503 1720 2470 4024 1744 3314 1016 3190 2194 1704 1326 3063 2551 2284 1908 1686 2931 2969 1341 1730 4344 3179 3014 1835 4086 1994 3627 2717 4588 4065 1761 1697 2883 3327 1523 4655 4964 4357 2374 3903 3521 2302 1069 3548 2542 2864 1919 2195 3095 6706 3512 1533 4730 5251 4661 1711 2372 1738 2649 3107 5624 3419 3388 1677 2728 2649 2619 1786 4324 2106 3177 4951 5475 3107 4576 4251 4540 2678 2662 3527 3527 2123 3088 3222
