100 9 2
1 14 51 31 254 111 141 259 187 106 12 25 201 174 11 132 129 23 207 58 11 6 175 183 200 139 142 1 158 185 68 108 36 16 80 141 98 110 93 36 61 232 96 218 96 97 160 108 222 63 133 149 101 94 34 116 5 200 206 94 28 157 97 20 6 116 126 1 1 13 1 82 1 122 251 125 165 92 162 1 165 1 192 140 194 170 167 104 281 158 1 105 253 79 79 170 88 156 79 56

14 38 35 1 18 32 25 8 30 33 39 24 24 19 30 1 27 12 21 10 12 11 10 28 14 5 1 10 1 4 29 22 28 17 16 11 1 61 1 8 25 28 13 26 47 37 29 23 13 25 44 5 20 45 1 19 31 1 10 45 46 45 31 15 36 14 6 10 16 17 39 1 40 33 38 16 53 39 19 30 42 23 1 7 26 35 19 12 24 18 37 39 1 31 1 15 25 23 58 55
15 49 46 3 33 52 36 16 32 56 55 40 34 26 36 2 40 33 25 11 22 20 15 30 33 6 4 29 14 18 42 24 47 36 34 13 7 76 6 24 28 47 28 34 53 44 43 26 17 26 48 18 33 51 8 25 36 12 11 48 64 57 40 18 37 45 23 13 29 21 46 5 41 40 48 30 58 45 21 43 45 43 21 8 39 53 36 34 44 27 52 45 15 37 2 38 30 37 72 64
33 54 51 7 39 64 49 28 50 58 62 52 46 39 43 14 53 42 35 22 31 25 37 42 42 7 12 46 27 22 51 43 67 53 45 36 8 88 15 26 48 50 42 42 79 45 55 39 42 40 52 30 36 54 15 45 57 17 23 49 77 66 41 33 54 58 28 17 43 47 62 12 52 59 56 40 79 51 24 60 58 58 29 41 74 57 40 39 55 34 58 60 26 38 27 51 43 41 80 65
56 55 53 20 53 71 57 46 51 64 85 83 56 41 57 32 61 43 47 51 45 32 57 64 44 23 30 58 28 52 75 59 82 65 46 38 9 98 37 32 57 58 53 49 81 69 79 57 59 41 73 31 52 64 23 46 59 30 40 54 98 76 42 37 63 70 29 19 49 57 91 23 67 68 59 53 93 59 37 72 65 67 35 42 86 62 62 44 62 35 60 79 35 43 48 68 62 49 85 66
62 64 62 34 62 73 75 49 58 68 87 88 57 66 68 44 69 44 65 67 58 49 62 67 56 32 40 70 29 59 84 67 96 72 51 44 26 114 44 40 61 78 63 55 93 85 95 62 60 47 81 38 70 88 28 54 73 35 47 61 116 79 59 52 73 78 33 28 56 80 93 31 75 82 82 64 106 67 42 78 66 74 53 65 104 86 69 47 73 58 75 81 58 54 56 78 78 61 105 78
75 78 65 46 68 83 96 71 70 81 102 107 59 91 82 52 84 46 74 70 70 60 70 81 60 34 59 76 30 62 97 85 111 79 71 45 27 115 55 41 69 91 64 63 110 91 115 66 77 53 91 42 74 103 36 74 81 44 54 69 130 90 69 81 80 87 64 50 72 85 99 49 91 92 92 80 113 84 53 80 87 80 59 75 116 91 87 52 100 85 86 97 74 70 64 89 98 76 122 79
92 82 76 58 76 100 102 76 74 83 107 109 71 99 93 67 102 58 80 92 86 69 78 86 73 42 71 86 35 75 100 98 113 84 78 65 34 120 77 48 94 94 80 64 112 92 126 76 97 76 116 46 93 120 43 88 92 54 66 110 142 104 85 85 89 98 73 64 90 105 109 51 93 104 115 93 124 90 71 84 94 85 82 87 146 99 96 68 101 105 95 98 89 89 70 116 117 81 132 89
110 106 90 61 77 106 111 94 81 96 108 110 93 100 103 82 105 74 89 99 87 73 88 90 87 45 89 96 48 82 109 103 133 86 91 77 43 132 85 56 103 107 81 68 116 107 127 92 100 98 119 68 107 125 54 107 106 55 84 128 143 105 92 107 114 105 77 65 105 123 112 61 112 107 116 106 134 102 80 95 107 102 84 96 162 110 100 73 112 118 103 106 103 94 72 122 123 87 140 96
121 121 91 69 83 117 118 119 92 100 114 113 106 118 114 87 112 84 91 106 92 91 99 114 103 55 106 97 60 83 114 117 134 87 99 108 66 152 112 83 110 116 87 77 128 129 148 93 116 101 136 76 109 129 71 122 118 74 104 134 144 125 111 113 121 110 83 70 119 132 125 63 122 115 137 115 137 107 94 103 117 107 94 99 170 129 104 92 126 129 122 110 112 102 88 123 135 92 156 112

14 5 5 11 20 14 7 10 28 4 13 26 8 4 13 1 10 11 3 4 5 4 11 5 18 13 2 26 11 25 14 1 22 16 1 1 2 7 13 6 9 23 20 13 19 5 24 7 1 1 22 19 1 1 9 12 19 1 1 11 15 15 1 24 2 2 4 15 24 19 13 12 7 6 25 9 11 30 7 4 20 9 1 24 18 2 12 4 1 8 5 20 1 1 3 4 18 20 28 10
22 6 25 19 27 29 35 41 30 24 20 30 9 9 21 11 16 33 4 21 14 15 17 13 44 29 11 39 30 36 23 16 26 42 16 8 9 21 28 13 32 32 32 36 26 12 33 11 19 14 43 23 8 13 24 24 28 22 8 15 32 36 4 39 3 3 9 34 29 20 18 16 8 12 26 31 26 53 30 15 29 26 8 36 28 9 13 25 24 20 8 35 9 21 8 7 28 39 34 35

6069 3655 3482 7298 3990 6290 7966 8087 3822 4031 7296 5240 3022 4598 6901 567 3388 5153 3358 3983 4770 5667 10246 6409 6307 5485 7284 7180 5536 3019 3632 3526 2765 6554 3437 4612 6757 3252 4401 3896 5495 3152 4201 4723 7491 207 3409 5173 7630 5066 7157 4777 6750 1566 4787 6081 4028 4286 6104 6016 2893 7334 5090 3978 8718 913 3004 9082 4515 3942 4208 4075 3719 3398 5867 5784 9627 3826 3782 6943 2281 4639 8429 5959 5121 2941 6348 6384 7243 6291 577 7374 4520 4859 6150 5580 9781 6612 4534 4961
6742 4429 3874 8856 4539 7317 9394 8909 4522 4485 8635 6366 3753 5391 8509 701 3783 6006 3865 4498 5958 6261 11542 7879 7253 6321 8692 8647 6183 3456 4300 4349 3047 7516 3788 5215 8302 3822 5087 4568 6220 3848 4821 5418 8689 256 4187 5752 9228 5870 8052 5761 8347 1835 5838 7263 4962 4999 6723 7171 3536 8887 6052 4799 10652 1114 3320 11208 5457 4634 5087 4484 4096 4088 7242 6626 11253 4463 4237 7861 2578 5214 9600 6872 5870 3316 7516 7597 8064 7070 683 8645 5403 5848 6932 6253 11072 7828 5580 5466
7464 5296 4520 10652 5376 8727 10968 9933 4992 5379 9786 7572 4331 6460 10073 759 4573 6817 4449 4965 6673 7197 13907 8793 7949 7453 10310 10145 6978 3952 5019 5217 3732 8910 4338 5891 9114 4418 5850 5216 7434 4543 5433 6053 10351 296 4991 7027 10091 6816 9840 6286 9804 2134 6834 8110 5835 5873 8085 8362 4172 10311 6853 5435 11761 1261 3772 13343 6551 5468 5673 5344 4937 4719 7893 7984 13240 4895 4681 9172 2915 6300 11280 8180 7043 4002 8274 8643 9478 8040 812 9601 6041 6618 8159 7001 13344 9110 6055 6086
8775 5800 5346 11639 5986 10105 12550 10991 5781 6054 10913 8246 4799 7383 11405 885 5121 7812 4836 5519 7422 7906 15494 10280 8582 8779 11379 11437 7931 4607 5471 5690 4311 10491 4726 6372 10129 4934 6910 5736 8630 4926 5977 6670 12146 321 5580 7773 11074 7622 11176 6863 11326 2325 7693 8824 6336 6663 9246 9001 4519 11881 8125 5887 12751 1387 4157 14387 7360 6214 6295 6238 5767 5542 8871 8976 15538 5668 5396 10215 3465 7062 13087 9669 8205 4388 9601 9874 10903 9153 893 11185 6761 7430 9148 7826 15274 10489 6846 7007
10273 6315 5891 13108 6568 11666 13570 12134 6594 6902 12312 9407 5473 8389 12752 1008 5634 8350 5493 6045 8110 8651 17449 11325 9224 9485 12726 12387 8853 4927 6019 6359 4620 11447 5298 6971 11418 5479 7676 6674 9574 5305 6972 7703 13621 345 6207 8812 12122 8751 12091 8037 12670 2576 8549 9891 7075 7499 9858 10235 4824 13351 9149 6666 14719 1574 4750 16164 7917 7012 6801 7095 6453 5897 10117 10100 17892 6314 6166 11610 3874 7609 14394 10950 9232 4865 10607 10791 11828 10137 1019 13017 7291 7983 10057 9109 17371 11907 7643 7963
11029 6784 6376 14177 7334 12703 14932 13624 7162 7539 13824 10054 5879 9524 14064 1134 6257 9549 6119 6669 9148 9606 19139 12504 10375 10184 13495 13708 9738 5502 6796 7052 5248 12616 6026 7823 13036 5936 8172 7094 10434 5676 7810 8382 14772 369 6806 9438 13504 9532 13751 8627 14257 2905 9102 10605 7928 8006 10793 11568 5500 14332 9740 7173 16869 1795 5178 17169 8454 7580 7474 7674 7293 6489 10909 11301 20087 6940 6694 12627 4298 8313 16406 11687 10447 5573 11336 11529 13326 11275 1133 14208 8293 8668 11223 9980 19023 13479 8356 8489
11690 7607 6851 15514 7754 14248 16760 15019 7647 7993 15248 11321 6433 10032 14979 1248 7017 10231 6590 7606 10145 10291 20989 13611 11221 11048 15040 14696 10582 6173 7236 7909 5870 13993 6707 8863 13724 6386 8900 7498 11511 6038 8627 9164 15733 403 7153 10361 14806 10731 15337 9628 15149 3066 9701 11274 8400 8920 11611 12521 5836 15974 10537 7795 18213 1994 5666 18591 9113 8368 7946 8445 8188 7310 11803 12221 22395 7812 7550 13372 4739 8799 17583 12799 10992 5882 12461 12758 14899 12016 1257 15315 8910 9208 11981 10879 20690 14792 9167 9601
12969 8352 7314 16866 8452 15357 18161 16130 8540 8947 16314 12119 7090 10562 15821 1373 7695 11350 6989 8086 10670 10931 22828 14872 11946 12008 16398 15715 11587 6738 7617 8456 6231 15252 7068 9840 14794 6837 9607 8063 12102 6413 9217 10182 17592 446 7918 11591 16704 11922 16867 10206 16314 3257 10594 11964 9080 9693 12721 13524 6280 17664 11785 8394 20086 2104 6216 20317 10032 9289 8675 9362 8963 7758 12998 13324 24517 8578 8354 14101 5129 9482 18904 13516 12185 6575 13934 14098 15655 12876 1372 17149 9527 10137 12613 11943 22269 16392 9691 10257
13634 9092 7808 18112 9379 16122 19608 17686 9263 9468 17310 13002 7436 11684 16678 1453 8147 12349 7700 8932 11573 11614 24772 16020 13184 13264 18207 16652 12837 7146 8199 9037 6508 16709 7706 10881 15699 7541 10208 8726 13084 6990 10090 10816 19191 482 8354 12229 17559 12954 17781 10998 17165 3450 11146 13341 9689 10682 13688 14945 6981 18989 12792 8921 21400 2308 6538 22570 10868 9824 9238 9805 9444 8406 14334 13915 26125 9337 9010 15012 5665 10356 20420 14364 12781 7074 14940 14814 17269 13631 1488 18328 10057 10717 13674 13297 23356 17586 10691 10947

4167 2855 3083 5489 3051 5100 7095 5295 3372 3252 5910 3879 2449 3882 4859 383 2631 4380 1875 2866 3416 4460 5779 4749 5571 4121 4683 5104 3291 2510 2522 2465 1777 4400 2938 3785 5238 2723 3567 3470 4707 2659 3157 3273 4381 120 2196 4120 5403 4353 6408 3936 4886 1134 3844 4753 3512 3001 4879 5099 2440 6276 4036 2288 7583 719 2017 7703 3406 3443 3347 3649 3229 2659 4702 3672 7493 2264 3226 4458 1887 4017 5970 4789 4342 2175 5507 3957 5367 3958 468 5507 3069 4276 5178 3098 8778 4421 2954 3140
3807 2746 1755 4765 2299 5013 5249 5144 3196 2204 5095 2805 1884 2702 3765 341 2333 4241 1792 2100 2688 3768 5599 4321 3967 3713 3920 4861 3010 1676 2486 2251 1663 3381 1817 3711 4353 2699 2691 3459 4011 2069 2252 2648 3996 115 1821 4093 4915 3796 6185 3330 3999 1120 3180 4572 2166 2354 4850 4048 2319 5202 3327 2004 4536 630 1959 7621 3079 2715 2256 2068 2097 2247 3528 3292 6789 2118 2649 4443 1304 2782 5868 3516 4072 1953 3365 3496 3975 3377 382 5043 2558 2591 3783 2934 6344 4161 2567 2723
