100 9 2
68 197 126 117 1 84 49 161 206 136 1 153 2 208 1 184 42 198 172 229 49 93 109 69 1 158 202 148 184 169 145 1 84 54 10 72 72 43 99 202 194 275 134 1 1 79 32 161 58 202 219 128 207 68 47 1 44 1 124 66 13 136 42 170 1 1 164 109 187 129 37 197 164 40 99 139 216 72 160 40 30 163 1 146 121 176 194 166 171 113 117 159 153 156 10 150 1 103 100 67

1 36 21 32 19 25 1 23 1 2 39 44 20 34 10 4 1 1 11 26 25 8 34 1 20 46 1 13 1 10 27 26 11 42 15 42 36 7 2 1 29 1 17 7 36 9 28 34 30 33 13 42 42 17 26 47 32 33 21 32 4 14 5 32 6 1 1 22 21 1 6 13 6 34 22 1 27 21 47 28 33 18 21 22 24 17 40 22 4 20 1 2 25 25 37 10 4 37 26 24
13 44 29 42 32 32 11 37 7 11 43 62 32 45 23 20 16 15 13 39 39 29 43 2 21 54 17 29 10 22 35 39 19 49 32 51 37 16 13 25 31 23 31 15 37 22 33 47 32 50 25 54 54 34 43 73 45 46 36 41 7 15 7 61 14 3 2 36 26 4 8 17 15 35 24 14 53 32 48 54 44 29 39 30 29 19 60 27 14 21 4 15 27 46 39 21 18 59 38 27
14 63 41 56 44 42 17 44 12 14 62 71 40 46 29 32 26 38 21 63 47 31 61 17 30 55 28 36 20 31 38 64 37 64 45 61 43 37 28 44 39 33 37 17 49 24 43 48 40 63 38 73 71 40 55 89 60 54 57 58 9 33 21 83 24 5 3 49 32 6 31 21 35 40 32 18 58 60 51 72 59 33 47 49 51 26 74 28 32 29 10 31 43 67 58 27 28 60 43 45
20 72 58 73 45 49 22 70 28 15 66 79 64 48 36 33 34 57 35 66 72 42 71 32 40 58 35 45 36 46 45 75 44 79 52 65 57 47 41 46 42 34 38 32 59 38 61 60 52 71 39 84 76 41 67 111 67 56 76 70 24 42 24 87 41 8 23 63 54 16 46 32 50 57 42 29 68 77 52 73 71 46 58 68 56 48 88 33 45 46 29 37 53 89 72 29 53 61 52 46
33 74 80 89 62 56 28 86 31 29 71 81 75 60 56 55 55 58 42 74 84 64 91 50 57 60 38 51 53 54 47 86 59 86 62 76 72 51 57 54 60 55 39 46 68 53 73 84 60 72 55 111 83 55 72 134 82 70 97 75 37 53 33 105 50 22 37 72 60 24 50 33 57 58 53 31 70 85 80 76 81 54 64 84 63 67 103 34 67 49 32 54 54 94 77 35 62 72 64 57
34 75 81 93 70 65 44 94 48 30 92 85 90 79 74 56 63 66 54 76 99 68 110 72 79 69 41 52 63 65 72 88 61 87 80 83 92 57 76 67 76 56 50 68 85 68 77 100 67 76 63 115 85 68 73 145 100 79 119 96 39 61 51 124 57 41 38 79 63 50 61 41 67 59 65 44 77 105 88 86 84 65 70 98 82 68 115 39 68 56 34 63 58 97 84 48 63 86 69 75
41 100 89 101 75 76 59 95 49 40 108 98 99 83 77 66 76 75 60 97 117 73 111 80 85 86 48 58 88 77 80 102 69 88 89 94 98 65 85 73 100 69 59 74 99 69 89 108 76 90 87 122 97 80 85 154 111 99 148 104 44 62 58 146 75 59 64 80 78 65 76 53 89 65 78 51 87 108 104 94 97 69 75 122 102 89 134 48 81 62 37 70 72 108 98 60 75 90 73 76
42 109 102 106 89 90 63 117 56 47 115 101 114 90 89 69 78 77 61 105 134 87 122 82 107 99 61 70 97 89 81 113 88 93 104 115 108 66 86 74 125 82 76 80 125 82 104 120 87 102 90 126 105 98 97 156 119 113 155 114 45 75 67 148 85 69 70 88 93 81 83 66 94 73 92 55 88 114 113 117 113 83 82 125 110 98 150 66 98 71 48 71 81 109 99 68 85 108 89 98
57 122 117 113 104 112 64 119 58 62 132 115 130 108 103 73 79 103 70 113 136 101 137 112 108 108 70 77 107 108 85 125 105 101 115 133 127 74 92 75 126 88 88 85 147 83 120 136 95 107 109 142 112 114 101 161 140 140 160 123 62 94 73 156 94 89 74 116 98 94 101 74 100 77 101 79 95 134 120 119 117 105 88 133 125 99 173 80 102 82 66 84 113 126 109 76 87 117 99 111

1 5 16 1 10 17 1 6 30 1 8 19 24 24 5 8 10 7 4 3 4 24 6 1 16 17 13 13 1 2 10 24 15 1 21 13 10 16 12 1 13 18 1 25 16 1 19 17 26 6 11 15 14 7 13 23 5 16 6 13 21 15 2 8 10 11 6 18 11 1 15 22 11 21 3 9 14 9 17 6 12 14 1 14 6 2 18 16 11 14 14 7 11 27 14 1 5 16 1 21
23 26 25 5 14 20 6 7 32 14 18 24 58 32 20 15 15 14 13 19 5 56 16 5 23 33 28 27 3 15 28 51 21 29 22 21 19 26 21 16 27 41 20 32 24 22 20 36 37 21 19 32 20 19 15 34 10 35 21 26 32 39 24 10 27 24 11 19 15 8 37 30 13 36 8 16 27 27 28 8 25 18 22 28 17 7 19 19 17 15 30 12 14 34 27 7 13 33 15 30

6337 8599 2780 9312 4360 8999 6953 8668 1982 3837 6144 7164 4799 2374 2806 5833 3487 1918 2854 810 2884 5699 7459 3354 5927 2347 4640 3850 4512 5836 4178 4187 5840 6629 8744 4016 6121 4399 9188 6583 5410 5598 7173 4099 6058 6170 2925 6439 8727 6100 6568 6462 3546 6032 2959 2993 834 5978 5189 2260 3404 6794 4437 6848 3939 3929 4289 6594 6400 3470 7063 3432 1871 2063 2434 2498 4114 6591 6509 3110 3833 7273 6667 2894 4193 5508 3779 5996 5105 8367 4940 4612 7280 8133 5314 3780 7217 6422 3643 8246
7694 10539 3132 11498 5126 10742 7968 9627 2188 4685 6803 7970 5696 2679 3134 6499 4191 2250 3519 920 3420 6341 9005 3849 6794 2597 5754 4268 5107 7090 5165 5025 7036 7927 9965 4608 6968 5430 10912 7371 6502 6535 8548 4591 7483 7280 3268 7744 10171 7328 7895 7520 4180 6786 3455 3700 996 7150 6325 2663 3764 7920 5365 8480 4561 4902 4998 7776 7866 4259 8547 3789 2239 2409 2787 3109 4588 7280 7801 3869 4225 8861 7385 3272 4956 6759 4405 7351 6244 10051 5652 5147 8823 9335 6233 4438 8140 7501 4073 9779
9235 12334 3723 13482 5771 12144 9141 11375 2677 5487 7649 9397 6445 3065 3485 7795 4961 2599 4052 1118 3725 7548 10038 4427 7532 3104 6584 5051 6199 8052 5639 5645 8038 9525 11090 5279 8290 5936 12896 8418 7357 7332 10315 5304 8244 7940 3993 9081 11136 7998 8974 9089 4582 8031 4160 4148 1108 7791 7403 3061 4156 8722 5817 9524 5084 5675 5642 8852 8706 4741 9550 4215 2594 2812 3158 3470 5035 8183 9040 4597 4636 10632 8496 3610 5538 7327 4801 8181 6922 12025 6183 6269 9742 10201 6862 4952 9241 8844 4588 11549
10660 14202 4147 15570 6647 14214 9958 13341 2913 6044 8898 10314 6941 3451 4165 8474 5474 2972 4710 1278 4199 8647 11333 5121 8675 3510 7429 5958 7208 9232 6213 6442 9203 10513 13166 5846 9276 6652 15077 9296 8196 8354 11080 6075 8991 8697 4374 9961 12597 9155 10601 10016 5441 9305 4657 4797 1258 8599 8418 3405 4789 10241 6851 10314 5743 6282 6086 10472 10143 5602 10865 4753 2859 3307 3498 3998 5871 9175 10320 4922 5508 11707 9645 4238 6459 8290 5430 9267 7482 13195 6796 7207 10886 11425 7586 5342 10113 10021 5362 13082
11336 16306 4439 17294 7493 15686 10964 14765 3254 6666 10340 11510 7456 3694 4694 9442 6160 3216 5334 1387 4772 9628 12595 5571 9839 3997 8013 6627 7840 10395 6962 7310 10053 11283 14553 6377 10325 7146 16423 9972 9522 9130 12605 7081 10358 10017 4801 10742 14404 9989 12133 10836 6181 10294 4958 5431 1424 9791 9685 3948 5544 11154 7564 11919 6259 6808 6633 11152 11487 6277 11943 5411 3322 3614 4048 4514 6726 9853 11589 5425 6029 12742 10875 4636 7478 9513 5816 10618 8207 14428 7418 8080 12491 12591 8178 5831 11120 11178 6129 14102
12831 18077 4804 18353 8421 17163 11804 16880 3461 7191 11356 12510 8346 4191 5370 10693 6856 3568 5868 1498 5378 10963 14291 5923 11123 4468 8866 7493 8348 11392 7434 8141 10805 12359 16344 7139 11218 8003 18196 11594 10605 10417 13909 8045 11301 10645 5370 12081 16216 11143 13204 11594 6898 11128 5680 5772 1533 10688 10962 4483 5899 12794 8041 13618 7200 7643 7186 12595 12826 6834 13532 6103 3629 4071 4340 4977 7628 10851 13004 6191 6985 13544 11805 5324 8246 10621 6673 11249 9391 16423 8447 9050 13269 13939 9120 6418 12203 12300 6995 15206
13841 20063 5443 20275 9428 19023 12691 18810 3946 8142 12413 14038 9167 4512 5875 11303 7416 3809 6294 1663 5831 12257 15100 6280 12432 4962 9817 8295 8968 12420 8296 8945 11837 13050 18441 7919 12422 9087 19879 12347 11950 11713 15122 8811 12159 11872 5736 12885 17812 12362 13864 13028 7444 11752 6012 6268 1691 11733 12173 4893 6691 13931 8531 14765 7964 8491 7700 14054 14421 7584 14731 6829 3986 4365 4692 5579 8169 11846 14280 6586 7413 14813 12860 5657 8918 11794 7257 12447 10456 18076 9295 9531 14937 15110 10412 7321 13710 13743 7727 16298
15163 21326 5950 22164 10394 20287 13605 20347 4377 8753 13193 14817 10285 4871 6200 12361 8239 4262 6914 1758 6513 12961 16159 6710 13780 5398 10830 8851 9967 13867 9071 9599 12631 14052 20266 8913 13914 9888 22084 13177 12905 12649 16057 9350 13504 13177 6048 13963 19237 13631 15403 14507 8140 13079 6450 6577 1884 12655 13036 5274 7056 15313 9401 16010 8423 9140 8414 14794 15553 7946 16179 7226 4436 4693 4946 6184 8695 13059 15221 7195 7873 16580 13705 6304 9393 12428 7677 13482 11508 19450 10287 10630 16634 17051 11235 8025 15464 15149 8344 17296
16349 23100 6562 23169 11004 21228 14575 22068 4793 9140 14592 15845 11425 5302 6607 13688 8919 4711 7315 1946 6865 13798 17598 7322 14586 5791 11332 9615 10642 15255 9967 10019 13985 15097 22241 9392 15235 10839 24075 14394 14059 13844 17261 9876 14781 14221 6625 14967 21406 14592 16551 15204 8966 14185 7021 7274 2073 13705 14270 5727 7676 16066 10441 17111 8886 9873 9280 15753 16916 8311 17525 7626 4858 5087 5541 6710 9271 14340 16247 7828 8423 18286 14492 6671 10001 13494 8536 14139 12159 21053 11050 11569 18153 18594 11992 8679 16280 16391 8941 18917

5689 6585 2407 6800 3703 5696 6231 7131 1769 2812 4956 6269 4262 2085 1670 5159 2210 1545 2280 631 2058 4121 5462 2401 5004 1948 2915 3443 3272 3968 3170 2579 5242 5014 7833 2143 5144 3729 5915 3700 4049 3980 6123 2807 5177 4939 2476 4944 5812 5098 4852 4172 2448 5331 2366 2602 646 4895 3617 1945 2825 5467 3743 4818 3537 3196 3798 3801 5380 2291 6257 2988 1646 1850 2074 2134 2743 4112 4898 2040 3055 5526 5053 2301 3745 3848 3386 4783 3515 7450 4057 3460 5940 6090 3777 2923 6299 5037 3033 5465
4927 5575 2294 5922 3387 4964 4130 6410 1335 2658 4475 5387 2974 1717 1433 5043 1788 1493 1702 613 1872 3688 3779 1941 3059 1259 2775 2020 2492 3712 2467 2480 3000 4844 6104 2106 4006 2656 5217 3693 3458 2982 4445 2078 3267 3307 2190 3506 4371 4834 3680 4067 2061 4509 2215 1709 439 4150 2804 1484 2674 5424 3562 3850 2016 2398 3746 3375 4796 2114 3630 2410 1465 1255 1573 2098 2449 3628 3501 1951 2890 4273 4996 1509 2886 2889 2730 4737 3412 7197 3173 3002 5024 5436 3592 2000 5318 3354 1862 5322
