500 9 1
51 69 28 1 68 87 3 90 71 59 95 25 22 33 30 43 67 78 96 11 35 34 51 75 78 47 87 7 44 92 15 23 98 49 59 8 49 26 31 98 30 53 74 72 28 22 75 58 92 29 76 61 54 83 79 43 21 3 74 48 41 14 3 81 26 72 60 51 72 15 92 17 90 10 1 57 7 58 75 71 92 15 2 39 54 9 13 50 96 100 18 15 69 90 74 23 32 13 56 2 74 99 65 82 73 26 40 55 84 40 87 39 97 98 95 47 30 70 56 68 76 6 97 6 41 14 50 100 26 86 80 81 21 28 33 6 12 2 72 26 6 41 76 99 46 66 10 52 68 50 72 27 96 18 15 23 3 11 1 3 29 85 31 25 85 83 25 21 14 51 53 89 29 27 83 92 36 87 23 4 26 66 93 20 30 85 60 59 64 3 80 65 77 51 13 66 53 43 95 76 39 96 43 94 81 56 67 79 36 94 74 97 54 7 87 24 12 82 66 59 70 98 12 64 88 48 64 79 12 85 78 95 76 19 34 1 19 31 26 12 33 39 92 39 45 76 57 36 34 1 15 60 35 85 15 54 40 79 21 80 86 2 39 79 43 50 44 44 84 5 11 15 86 24 9 29 32 95 39 19 3 44 97 74 44 13 90 53 2 73 50 80 77 57 34 76 19 77 57 87 44 6 85 88 59 36 84 7 1 53 58 83 69 69 38 12 82 90 70 12 62 7 78 77 48 36 79 13 2 62 18 28 26 79 55 35 9 18 53 14 72 69 32 65 68 74 59 44 26 68 71 58 60 54 31 76 14 66 26 80 69 93 20 72 56 42 37 14 17 66 11 75 52 9 51 94 5 22 78 62 14 81 41 70 71 37 12 70 82 19 42 84 100 61 5 65 87 21 34 86 79 70 13 65 38 74 88 84 80 16 97 88 29 86 46 25 69 35 100 32 34 73 21 11 78 53 4 98 98 74 79 32 88 4 86 5 34 72 35 15 37 30 58 4 71 82 54 23 13 88 51 22 1 38 77 39 89 10 65 37 74 26 59 62 83 42 4 45 4 76 73 79 50 48 56 97 22 75 97 93 40 53 96 80 6 18 100 45 53 19 43 20 18 32 7 67 65 32 21 79

15 1 18 12 6 50 3 32 20 41 1 6 2 8 2 27 21 1 14 16 1 1 6 11 20 10 12 10 3 15 3 2 11 4 5 9 19 20 4 2 6 9 15 2 2 11 3 27 3 28 10 4 14 4 4 4 15 4 6 20 9 1 3 1 38 9 4 4 2 1 9 2 12 2 7 11 25 11 16 2 16 9 21 14 5 12 10 16 18 3 12 1 5 9 4 9 6 8 2 21 23 22 10 7 5 2 31 1 7 11 7 5 7 4 5 6 6 4 12 11 50 10 13 20 10 5 9 8 1 1 18 1 2 22 16 15 2 9 14 4 5 1 7 31 22 24 10 10 3 11 4 1 20 20 6 1 24 3 4 13 26 21 9 5 3 4 22 8 8 28 11 24 11 1 14 2 6 14 8 8 2 1 18 13 3 11 7 10 19 32 1 15 12 46 4 17 5 34 15 7 5 12 4 19 39 7 9 6 7 8 16 3 22 20 19 9 1 5 19 2 5 6 7 6 9 9 1 23 3 35 3 52 7 2 19 10 2 24 7 22 8 19 6 6 10 4 4 5 3 17 14 35 46 6 16 5 19 3 1 1 10 36 11 10 2 27 35 4 21 3 4 17 27 2 25 1 1 20 3 6 8 2 9 7 22 7 30 4 5 13 20 11 12 31 2 6 5 2 12 8 8 7 11 4 21 19 1 1 12 1 8 4 19 15 4 3 4 32 21 4 8 10 12 1 24 26 11 10 4 33 1 5 21 16 1 15 7 14 2 10 17 7 21 24 11 6 7 8 4 19 37 19 5 15 1 9 27 48 10 7 2 10 7 2 7 44 8 5 28 6 15 12 47 35 13 9 16 5 10 24 3 9 3 3 3 2 3 6 6 3 1 6 14 13 4 2 2 8 1 1 8 10 19 6 33 3 36 9 2 3 4 1 10 4 12 16 2 13 2 9 5 30 27 13 4 11 50 3 1 19 7 29 20 4 8 21 10 3 23 8 6 8 9 7 7 6 10 31 2 10 1 5 4 6 3 1 23 1 10 9 18 5 3 5 2 7 6 3 4 1 14 1 17 11 23 3 10 8 2 11 5 11 9 3 9 20 15 5 6 1 2 2 7 2 5 21 2 4 6 4
25 13 19 16 12 53 9 42 24 43 20 31 8 9 16 32 28 12 45 21 9 13 22 11 29 15 51 13 3 21 5 11 17 24 8 10 21 38 11 26 13 11 21 21 2 18 14 30 13 38 13 11 17 10 5 23 30 9 8 31 28 38 14 3 41 29 17 24 19 19 9 9 24 18 11 27 44 19 30 28 18 16 22 15 15 15 14 33 20 21 42 29 13 36 11 11 7 13 28 27 43 55 18 12 9 3 44 8 23 13 8 7 9 13 18 12 12 12 12 34 54 16 23 21 52 5 11 12 2 3 50 4 4 37 25 23 8 19 14 7 8 6 8 41 23 25 31 12 12 11 23 3 24 26 20 28 47 12 14 23 30 23 13 11 11 19 33 11 15 32 14 24 11 6 29 3 15 27 33 18 19 11 36 14 17 16 10 20 30 46 8 28 41 61 15 23 6 58 17 43 23 24 17 20 43 24 16 25 20 9 29 4 24 27 29 9 4 18 22 5 13 10 15 16 17 11 18 30 9 57 14 53 15 3 34 11 28 32 18 25 13 32 11 30 13 18 36 18 12 31 23 36 56 30 24 11 22 23 17 3 22 36 28 20 18 32 37 11 32 16 8 19 36 6 26 11 3 21 5 26 13 4 20 10 29 10 32 10 8 23 25 20 17 41 14 6 12 10 17 10 9 16 25 20 40 20 14 6 19 27 15 6 25 34 17 23 17 35 55 9 9 14 45 5 25 46 11 29 20 43 2 15 30 29 12 33 14 23 30 13 30 47 35 31 12 16 28 10 8 36 44 21 6 30 8 25 51 53 13 20 3 11 10 12 24 47 21 12 32 8 21 24 49 46 15 9 16 16 14 43 8 35 4 14 4 12 9 16 7 25 4 12 27 15 10 6 8 48 15 8 9 23 21 8 34 6 42 13 30 15 8 24 18 5 18 49 9 20 10 15 19 32 50 16 10 11 56 20 3 20 16 50 22 17 29 26 25 5 29 14 9 12 10 28 12 9 40 31 13 11 24 26 30 8 5 14 34 2 25 12 24 10 6 14 11 10 22 21 11 2 21 10 20 18 31 7 26 21 21 19 6 16 21 18 9 22 22 13 23 19 7 24 26 4 43 24 5 8 13 6
42 15 38 28 13 54 12 49 32 52 32 34 8 18 17 38 59 13 50 40 28 37 27 22 41 21 51 14 15 25 6 18 33 38 13 26 26 48 46 27 23 14 34 30 22 22 25 38 17 59 20 12 27 26 22 31 33 15 10 51 45 44 31 4 42 31 18 25 40 21 18 23 29 28 16 31 58 22 32 29 18 18 25 41 17 26 36 38 22 30 53 34 13 43 38 19 9 48 41 38 53 57 24 23 10 7 47 11 29 28 13 9 13 20 24 16 19 12 26 38 58 28 34 27 54 19 12 19 3 5 53 12 21 51 28 29 13 20 22 41 15 17 20 51 45 33 31 37 16 16 41 3 30 32 22 28 60 15 17 57 34 28 31 11 15 21 35 14 23 48 27 50 53 17 44 8 24 30 37 22 25 19 36 35 21 33 18 30 36 54 11 29 45 64 19 30 13 60 27 46 27 30 33 23 43 33 27 33 35 14 44 9 39 38 31 12 6 33 24 8 26 12 21 22 18 29 26 34 9 61 27 63 17 4 41 14 36 35 24 27 57 46 21 47 19 21 38 65 21 39 30 37 65 42 39 33 24 42 17 11 26 38 40 26 49 35 38 18 34 18 17 32 40 15 30 48 13 24 43 59 13 6 22 20 32 19 33 26 11 29 35 29 19 42 14 7 13 48 40 13 11 26 51 20 40 27 16 10 34 27 17 15 25 42 21 23 25 36 60 16 16 15 49 29 33 54 12 60 44 51 9 36 31 39 13 43 20 25 31 25 35 51 43 34 20 37 50 28 8 48 50 25 23 30 11 33 51 55 15 30 11 12 27 20 33 49 29 12 35 10 38 48 50 48 16 15 39 30 36 45 41 47 8 34 18 23 14 30 10 33 8 41 32 21 16 11 31 52 24 45 12 45 33 17 36 10 49 37 32 21 29 40 32 12 62 55 16 30 20 16 26 35 54 19 16 28 58 22 10 39 25 52 35 27 31 27 38 28 35 27 9 20 11 28 19 14 44 44 30 34 25 26 43 9 8 16 47 14 29 46 29 16 13 23 11 27 61 22 17 7 30 38 26 20 42 19 34 34 33 34 7 24 28 23 30 29 46 13 40 29 10 26 29 15 47 34 7 42 17 22
52 53 79 45 27 68 25 50 41 58 35 36 18 21 25 40 59 15 54 49 47 45 29 23 61 24 63 36 42 41 17 31 56 39 21 30 27 65 65 30 30 27 46 36 31 45 51 50 21 65 27 27 43 46 27 35 34 23 39 61 48 53 31 9 44 34 39 26 50 46 21 33 33 43 18 48 68 38 35 50 22 39 48 45 44 44 47 50 37 35 54 37 23 44 51 21 22 54 50 72 57 72 53 24 20 12 53 12 52 38 26 24 21 26 32 21 27 19 46 63 58 40 36 44 57 29 16 47 14 14 57 18 31 52 33 54 13 23 33 49 31 33 32 60 47 46 43 56 18 28 42 5 31 40 23 36 74 28 45 65 34 52 74 11 18 34 61 23 30 50 35 54 55 28 45 30 25 48 46 22 52 27 41 51 32 45 21 42 53 66 26 44 50 71 25 45 48 61 37 52 39 34 37 27 49 50 34 35 63 33 50 22 41 41 37 46 8 36 55 19 45 12 24 28 27 31 40 38 35 61 45 64 29 35 72 42 56 38 43 43 57 58 33 53 30 40 54 69 55 56 47 45 75 43 53 49 31 56 22 12 27 63 44 37 50 44 44 19 35 38 26 35 42 40 39 49 18 40 45 60 16 34 36 26 36 25 39 50 48 36 43 44 56 43 26 35 16 49 55 22 38 29 54 21 59 51 31 37 41 51 23 26 52 59 37 27 60 56 61 31 22 32 63 38 45 69 12 75 50 53 17 50 51 49 54 55 36 38 43 39 35 54 45 35 20 39 55 39 14 52 52 42 24 61 33 33 58 61 37 36 43 44 30 40 35 52 43 15 41 26 41 54 61 57 30 24 57 32 55 47 53 48 16 36 30 26 47 49 34 35 15 45 37 26 36 29 50 53 30 56 40 55 52 26 49 27 61 40 42 40 36 43 51 12 65 58 24 37 26 18 27 38 68 39 48 29 59 33 32 41 26 60 40 48 57 49 53 32 37 35 42 25 15 31 26 31 51 47 35 37 36 41 46 43 8 63 53 15 60 52 33 29 16 25 12 28 62 42 17 37 37 44 29 34 64 48 36 46 34 47 14 24 36 35 33 39 46 31 50 32 47 29 31 22 65 44 10 67 20 22
79 68 91 59 30 69 35 67 47 67 43 52 22 26 28 46 62 21 65 52 62 59 40 32 68 26 77 46 43 48 44 37 77 53 51 33 41 68 68 60 51 36 69 48 35 49 65 51 36 82 56 41 51 58 33 46 52 60 48 63 51 72 36 11 45 34 40 54 56 53 28 51 49 44 19 53 77 45 58 68 22 44 51 45 48 53 55 58 71 35 74 51 31 57 57 30 66 63 52 77 67 72 57 27 24 43 59 41 55 40 34 27 34 36 48 39 36 32 56 69 60 53 44 54 58 32 25 71 27 47 59 25 41 59 51 63 15 37 57 72 37 49 36 63 49 61 53 57 23 50 44 25 31 52 26 39 75 32 51 66 45 56 80 22 19 51 64 59 47 60 61 55 59 30 57 34 52 57 63 23 58 34 71 55 35 48 34 53 55 69 36 56 53 76 29 75 54 64 45 75 40 44 40 33 56 53 37 46 76 49 60 28 41 41 38 51 14 40 60 30 55 19 36 34 39 34 48 38 37 71 50 64 34 45 72 47 58 61 47 43 60 60 39 58 43 52 55 70 60 68 53 56 81 44 58 60 33 56 38 57 29 66 44 63 63 47 65 43 42 47 42 45 47 42 46 52 20 40 52 61 36 54 39 41 47 26 45 51 52 48 49 69 58 47 34 44 38 50 58 40 41 44 66 35 60 53 34 43 59 52 50 57 73 63 47 47 64 63 71 45 49 49 79 44 52 76 28 79 54 63 20 54 60 51 55 70 42 62 74 47 49 58 46 50 37 41 59 43 28 71 53 59 29 71 34 36 61 64 41 39 50 49 33 68 48 60 46 31 45 57 51 62 63 71 35 46 66 73 57 50 60 50 18 50 47 33 68 63 38 50 22 46 37 39 58 32 52 75 47 61 40 64 73 58 61 42 63 49 44 69 39 75 64 16 74 61 37 38 31 48 37 48 70 44 52 39 73 37 34 58 60 65 42 48 58 57 75 39 45 64 45 65 22 31 49 33 73 57 44 38 43 71 61 54 56 69 58 21 62 60 56 37 19 37 15 40 68 56 55 65 41 47 32 39 85 67 50 58 40 48 43 26 42 51 44 42 46 41 52 32 56 30 71 35 78 67 10 75 29 28
83 75 92 65 64 70 43 74 47 74 43 53 42 45 50 51 63 47 67 56 62 68 44 37 75 35 83 48 59 53 47 43 78 64 58 36 44 68 69 61 65 43 76 52 61 52 67 55 42 83 59 43 52 63 34 50 68 70 48 65 57 75 37 39 46 35 41 71 60 58 39 53 53 55 36 69 78 46 63 72 88 66 58 46 72 61 61 62 72 53 81 73 50 71 62 34 68 63 63 86 87 73 70 64 30 50 60 44 64 49 93 35 49 37 57 45 44 33 71 81 62 54 75 59 72 42 25 71 31 51 62 30 44 60 70 69 29 58 58 73 73 50 70 64 51 61 53 64 29 52 45 68 49 52 27 39 80 65 61 76 46 57 83 29 25 69 72 70 66 69 81 58 66 68 61 45 55 58 71 53 74 59 78 66 41 56 43 59 90 72 38 59 61 76 37 85 68 67 63 80 42 53 53 81 70 53 72 52 81 60 77 38 55 64 76 66 23 62 79 41 58 68 38 56 49 55 56 57 47 76 63 67 37 56 72 65 58 65 49 57 67 63 43 71 71 56 57 71 61 71 54 56 84 62 61 71 56 62 39 59 33 70 50 77 90 75 66 78 82 49 49 59 55 57 47 53 37 67 61 61 42 58 71 52 48 56 46 67 61 64 58 71 60 91 55 53 53 50 58 41 69 82 70 40 63 88 35 60 63 59 59 66 94 70 51 50 67 78 74 56 55 50 87 51 56 82 38 89 69 64 20 73 60 72 86 77 55 69 75 49 66 60 55 55 48 54 75 60 45 74 66 60 33 86 36 38 69 67 60 40 54 54 44 79 54 66 69 37 54 61 59 68 67 84 55 48 90 78 77 59 70 50 25 51 58 62 70 64 52 56 43 47 62 48 67 49 61 77 58 67 42 67 79 60 65 72 67 54 50 73 53 89 71 29 75 64 49 64 33 74 74 57 84 49 52 42 75 49 38 60 78 68 54 63 66 59 80 47 46 65 71 68 25 44 74 50 84 75 47 74 52 74 64 69 60 72 64 48 71 83 59 52 58 52 37 75 75 68 56 73 55 54 53 68 86 78 63 69 60 49 56 30 72 57 51 42 59 49 84 36 66 55 77 35 79 68 33 82 38 74
84 85 93 75 68 81 44 75 60 75 50 87 62 54 79 71 64 74 79 71 80 78 68 41 85 41 93 84 69 66 48 69 79 74 60 83 51 71 71 76 67 60 78 54 88 52 90 80 67 86 81 64 55 85 40 71 70 78 68 65 63 77 40 55 63 55 61 77 84 63 51 72 76 56 56 84 90 68 73 97 90 73 68 75 90 68 61 69 85 60 92 86 50 77 62 34 83 66 79 93 88 79 92 72 36 73 74 57 65 67 94 47 63 44 60 58 45 44 82 81 71 58 81 79 74 64 35 74 68 57 69 45 50 75 77 70 45 76 61 73 87 58 73 65 68 73 77 78 42 72 53 74 72 84 48 63 82 92 67 78 61 71 85 38 48 78 77 73 70 74 83 84 73 76 65 64 59 69 81 56 74 60 79 73 42 81 55 74 95 88 38 61 62 84 63 87 75 68 87 85 48 65 65 96 72 62 93 57 84 73 80 52 56 72 79 91 27 64 86 48 75 73 61 65 89 85 80 71 55 78 69 71 48 62 89 86 60 70 52 83 68 75 87 73 77 59 73 92 82 76 63 66 90 80 68 76 60 63 54 61 78 72 51 78 94 80 78 92 83 59 53 63 72 59 51 61 38 68 68 65 54 77 75 56 68 63 56 85 90 79 60 72 60 93 71 86 60 65 68 65 72 84 71 43 85 90 49 61 70 77 72 71 95 87 53 56 67 79 85 80 70 57 91 71 60 90 40 89 84 80 36 88 63 74 91 81 60 72 78 65 71 66 80 78 72 63 78 76 65 81 73 68 51 91 73 66 78 80 70 46 63 65 48 96 84 76 80 65 59 72 71 84 86 92 77 57 92 86 86 67 81 55 29 64 61 68 79 72 52 63 51 77 76 67 79 63 69 84 61 69 47 68 87 68 79 74 76 73 58 73 84 90 78 64 81 65 52 65 67 77 91 81 91 62 69 54 76 65 58 61 82 70 59 74 69 73 87 68 58 76 88 70 94 67 79 57 86 85 56 77 63 78 68 76 85 81 69 76 72 86 62 57 76 76 53 83 75 89 59 75 55 61 59 76 90 89 80 86 71 59 58 37 78 63 60 46 65 66 90 51 68 59 89 59 79 72 40 84 44 92
96 85 97 86 85 89 52 81 71 85 55 94 79 73 86 77 68 82 79 75 82 81 70 65 86 79 95 86 70 92 58 70 85 87 71 98 79 79 78 92 68 75 78 70 94 58 90 89 82 98 82 83 86 87 62 86 87 82 73 66 79 92 60 61 66 63 67 90 85 83 52 76 78 97 86 89 91 78 83 99 91 75 86 87 92 87 66 70 92 76 95 88 93 80 63 54 90 73 83 96 96 88 97 73 50 91 88 71 69 91 98 54 76 83 62 91 46 49 97 82 80 68 82 83 90 68 90 82 81 58 69 67 60 80 78 94 83 93 66 85 96 69 98 65 73 88 83 82 81 75 58 82 74 87 70 69 86 92 79 85 86 80 89 91 68 89 87 79 74 84 96 87 86 91 79 71 68 82 87 78 90 60 97 96 54 85 88 81 98 94 88 71 64 91 65 90 80 79 89 88 65 67 85 97 76 70 99 91 93 78 91 60 90 74 83 96 81 91 90 57 79 76 77 67 92 96 88 97 66 97 74 89 78 65 94 98 70 80 64 86 76 76 91 83 81 66 97 95 84 89 97 71 95 83 78 84 72 63 77 78 88 75 68 82 94 90 94 93 84 72 71 67 80 79 92 74 87 73 68 73 55 86 75 73 73 74 65 95 91 80 74 95 64 96 81 87 80 69 69 89 75 96 73 58 87 91 92 67 84 85 81 80 97 90 72 69 69 79 85 86 77 83 93 91 61 97 73 100 88 83 37 91 77 93 98 84 69 81 82 91 90 70 84 78 83 88 80 85 69 86 83 88 62 91 88 70 78 87 83 62 67 76 55 100 87 77 86 80 66 76 83 95 91 97 81 65 97 88 95 74 82 62 96 74 78 73 93 88 84 69 52 77 85 89 92 79 72 92 79 69 58 69 89 69 86 74 94 78 69 75 95 95 78 83 97 82 70 82 84 81 96 81 91 64 80 59 90 80 73 69 83 88 66 95 79 82 90 89 83 84 89 81 95 79 89 65 87 87 69 80 98 93 72 77 92 83 81 78 94 86 66 61 85 89 73 83 81 92 91 96 57 62 66 77 92 94 97 91 95 88 66 55 84 76 67 75 82 85 98 87 73 62 94 73 84 76 51 87 51 95
100 94 100 98 86 90 53 86 77 99 63 99 95 85 95 77 92 83 89 76 93 81 74 100 89 83 96 86 93 100 84 96 95 94 97 100 95 91 91 96 91 92 87 87 98 75 100 90 85 98 93 87 100 95 80 93 90 96 99 76 97 99 77 89 79 90 90 91 90 95 77 86 81 99 97 99 92 81 90 99 95 88 100 100 93 87 77 84 99 95 99 93 97 93 97 95 94 94 97 100 98 93 98 82 77 91 99 72 93 99 100 84 77 88 89 95 70 79 97 97 100 93 95 84 91 98 99 88 96 74 81 76 71 98 85 96 83 98 98 90 99 70 100 94 76 92 90 84 98 80 88 82 82 99 74 69 92 97 82 91 99 82 98 91 75 99 93 98 96 87 99 93 89 93 92 74 80 98 92 92 98 72 99 100 61 97 93 81 99 96 90 85 91 100 99 92 87 92 90 97 75 77 90 97 77 87 99 93 99 82 98 83 96 96 88 96 96 92 99 85 80 93 97 100 98 97 97 97 85 97 94 100 92 91 95 100 96 87 71 90 84 98 99 85 87 66 100 97 96 94 98 75 96 88 99 91 81 75 80 81 92 98 100 83 95 100 99 97 98 83 89 71 93 95 99 82 98 83 95 88 73 89 96 78 77 84 75 99 95 92 79 98 95 98 99 97 91 99 85 100 98 96 91 80 89 98 99 87 84 95 87 84 97 100 98 84 79 96 93 92 78 97 100 92 80 98 97 100 94 87 58 96 80 94 99 96 100 91 87 96 91 95 95 84 95 92 86 91 85 95 100 98 68 100 99 79 87 94 100 97 69 92 72 100 92 98 97 95 79 94 88 98 97 97 93 72 99 93 98 82 93 64 98 80 91 77 96 100 100 75 68 94 96 98 92 81 85 99 81 82 65 87 99 89 97 90 94 82 86 84 100 97 82 97 100 89 89 83 91 96 97 98 91 84 98 97 98 100 85 73 84 99 98 99 82 88 95 100 89 96 98 95 100 81 90 73 100 96 99 92 99 99 79 95 100 85 84 87 99 90 77 86 93 97 80 94 92 97 97 97 79 97 81 92 97 100 98 98 99 90 90 71 88 97 68 87 92 90 100 100 84 91 99 74 86 89 61 91 91 97

52 54 51 32 20 25 53 37 53 76 69 96 81 36 85 10 17 47 14 86 23 34 92 2 83 34 28 92 96 68 27 68 15 54 13 30 25 60 15 45 2 48 22 16 11 9 55 22 15 9 93 30 53 92 11 77 15 73 12 9 71 22 95 100 91 94 84 70 31 91 87 33 12 5 2 81 36 100 37 57 4 100 88 84 4 69 100 9 58 39 63 28 92 80 60 65 30 87 6 91 92 16 14 81 95 57 61 60 60 54 15 10 22 7 7 44 40 72 28 49 16 27 100 34 14 93 32 2 55 26 71 85 9 100 100 49 30 71 80 93 99 24 91 39 97 74 54 15 62 96 80 32 57 3 19 18 54 15 82 54 44 79 50 59 96 83 14 50 20 44 81 59 69 57 50 38 48 1 51 27 32 43 61 98 71 26 2 76 83 17 74 2 73 42 96 32 82 45 43 61 44 61 56 7 73 64 59 34 5 94 15 59 32 8 48 11 99 38 76 41 73 35 71 19 91 4 48 11 32 10 9 6 53 72 53 70 7 73 53 16 75 75 69 65 96 19 17 51 62 42 83 43 14 51 84 79 15 57 82 95 16 83 51 40 46 39 99 62 14 67 72 76 37 30 50 44 20 25 35 43 13 69 98 46 11 54 39 27 69 77 60 6 28 93 19 60 71 7 37 72 27 28 69 100 72 33 9 83 76 35 61 34 16 42 93 34 36 86 89 9 61 35 20 47 68 53 34 90 35 93 89 21 6 11 1 11 36 25 88 29 93 59 34 73 52 72 85 99 48 12 63 100 15 69 43 73 67 75 17 2 98 58 58 65 24 21 9 37 35 60 11 42 32 99 3 30 84 8 36 67 63 17 77 33 58 39 9 23 51 76 85 39 11 68 6 66 49 36 30 74 65 10 65 12 79 30 35 39 75 30 65 88 58 100 20 15 79 76 7 67 38 81 64 89 97 39 47 89 76 8 2 13 86 12 96 52 98 33 34 94 81 75 18 100 37 18 15 89 57 9 58 20 17 45 98 72 87 61 23 25 17 38 79 63 86 16 81 81 33 25 11 33 84 73 72 100 83 85 52 29 62 25 36 42 76 11 32 28 83 26 21 23 21 11 3 93 68 59 78 78

609 245 246 181 300 136 1818 315 614 518 1626 150 237 162 183 301 607 87 402 168 1944 59 619 2312 413 973 644 23 1262 1548 296 1070 408 76 281 389 179 1268 538 1625 507 350 89 608 669 124 630 166 1584 1334 3374 71 607 770 1330 498 704 207 865 312 208 1303 474 353 29 768 985 1511 499 124 355 1069 221 841 536 307 353 2052 504 117 109 347 266 40 151 295 2687 989 202 601 3173 35 151 144 471 119 469 1061 277 966 482 1136 204 405 1236 98 248 215 2393 2042 124 1021 367 1828 1119 410 914 853 318 499 166 429 141 288 94 270 80 162 1162 466 927 234 198 159 163 6 2413 396 100 274 270 957 1156 779 316 82 785 593 117 241 594 142 220 141 399 36 818 168 173 243 1798 121 743 1624 254 1532 461 243 336 265 1204 1415 236 38 756 186 314 94 353 65 218 474 1637 73 314 180 3042 246 817 36 419 600 271 157 256 206 188 144 2282 1431 438 261 416 190 83 141 287 1701 3106 219 516 340 596 20 136 294 569 819 587 213 797 121 2484 1563 232 260 1094 199 32 2677 181 390 455 662 431 1595 64 709 257 359 335 467 110 70 347 365 93 455 257 370 23 389 139 219 595 370 1074 226 1789 124 930 978 193 344 861 56 596 468 217 1378 126 93 1550 689 837 271 45 1238 535 76 126 82 158 577 415 524 1140 225 185 678 1852 186 93 688 257 1206 1825 200 930 279 606 205 1732 1046 1582 1024 1880 14 384 1197 245 530 329 611 770 77 522 994 811 249 1059 455 446 1658 754 48 239 426 152 117 304 88 414 181 306 221 1460 300 495 752 91 442 228 1200 119 984 748 1570 1915 113 945 162 273 222 311 444 55 824 443 177 116 591 138 146 332 141 131 558 987 192 229 777 1157 25 53 104 2122 1156 285 120 1730 544 1158 416 656 1440 43 644 351 339 526 211 223 762 875 1116 1041 200 1350 99 1811 553 433 1959 101 2329 1121 394 276 99 168 155 2021 174 350 293 257 106 2576 159 516 215 225 55 592 1553 477 104 202 562 504 608 1664 450 820 1867 295 299 492 276 1302 31 1310 378 1574 227 2756 78 2130 1116 390 646 2267 232 87 145 431 75 517 158 1259 304 132 877 142 310 20 611 404 261 583 1242 494 2690 638 322 729 181 1131 779 245 1074 527 101 42 637 1903 311 257 76 817 705 801 770 590 165 71 721 34 122
846 858 2568 685 556 1195 2680 811 724 962 3105 697 558 203 260 810 765 103 752 201 2857 781 1917 2546 699 1609 1161 137 1488 2510 565 2059 3063 926 290 488 520 2011 579 1776 947 823 243 729 963 170 648 1516 1617 1535 3925 1732 838 949 2601 619 999 887 2494 719 585 1991 1308 476 391 1969 1244 1540 559 296 1235 1270 230 892 1043 505 662 3774 952 1926 1616 425 494 322 166 313 5044 1154 527 903 4159 3161 590 383 2691 191 508 1139 681 1254 1009 1632 1255 605 1247 1205 508 1255 5142 2316 783 1325 444 2189 1165 749 928 916 688 1087 375 681 317 883 224 376 279 1031 1388 1084 1174 744 383 1230 203 696 2723 1341 747 536 602 1939 1905 791 664 2184 806 652 281 436 858 292 898 683 416 78 1594 2880 669 487 1945 1095 1087 2546 1074 2356 499 578 1192 404 1284 1521 446 518 1617 275 861 1208 784 1182 956 731 2092 414 1927 497 3387 840 1131 1155 1420 761 337 428 449 250 417 294 2552 1584 1135 368 1116 209 380 436 1186 2130 4728 373 1870 668 821 342 840 370 860 1507 1713 228 816 375 2765 5045 248 616 1226 1767 770 3364 459 478 1177 1168 649 1709 500 1070 523 1058 609 649 648 268 1266 1020 187 1254 3424 589 185 1518 264 748 758 778 1177 1033 2162 251 2940 3000 646 1852 905 92 779 777 432 1835 311 147 1664 4845 1679 755 3401 4048 1059 448 174 567 805 710 1757 1081 1290 279 209 796 4100 235 612 1569 846 1477 1987 346 2400 420 1162 328 2917 1219 1700 2063 2348 258 1228 1564 1358 823 757 803 1247 2263 626 1606 919 819 1083 725 1915 2126 2862 88 1178 1835 280 152 311 738 801 878 552 1301 1655 1322 1489 853 478 548 269 1778 672 1952 2986 1845 2740 578 2862 2575 391 278 850 488 865 1308 895 363 1086 659 1135 372 606 225 444 2617 1408 578 629 1901 1370 534 508 407 2562 2209 391 634 4928 1165 1173 2251 697 2999 841 3888 407 582 1944 737 430 1913 1079 1264 1234 1359 2160 463 2598 2826 534 4539 542 2790 3190 577 795 126 469 262 4806 657 535 796 522 202 4661 813 945 798 1247 321 1724 2205 554 1029 233 634 655 853 2144 767 827 5983 449 773 703 572 2371 112 2117 1928 2855 1128 2838 2335 3169 1128 474 1217 3998 263 819 1029 1853 128 681 457 2831 1132 1620 916 227 411 71 826 1150 300 664 1409 525 2721 973 580 1110 444 1234 1107 300 2706 643 286 892 4986 3000 863 2316 429 1349 1479 928 2216 667 441 104 810 101 202
3353 1221 4298 1124 746 1481 2830 1324 1781 1184 3207 1096 922 626 751 2059 1528 1564 761 511 3340 795 2640 2763 1023 2507 1437 225 1814 2997 1267 2206 3149 4183 575 756 1463 2130 835 1955 1084 1139 471 1138 1364 369 709 1729 1708 1620 3970 2398 2310 1346 2866 1374 1361 1240 2914 1015 942 4277 2345 2329 561 2181 2672 2302 738 300 1483 2512 1392 2717 1301 604 1113 4119 1827 2797 2889 778 1128 454 739 2053 5545 1727 703 942 5175 3584 601 889 3549 1123 2399 2008 1183 1664 1167 1859 1260 779 1544 3247 571 1642 6121 2346 2511 2811 2714 2385 1205 2616 1261 1688 991 1261 723 685 669 1091 259 1068 825 1437 1475 1224 3364 1233 469 1748 397 2358 2856 1351 856 1638 1439 2167 2387 878 891 3090 2487 1843 589 564 1455 391 1414 1034 2228 451 1672 4324 988 727 6014 1573 1140 3157 1601 2819 1025 847 1876 518 1907 3769 924 643 1774 1126 1655 1855 896 1384 979 983 2920 594 3144 545 4302 960 1263 1267 1605 2375 358 711 451 265 711 1020 3111 1908 1165 2592 1390 290 752 515 1211 3459 6428 1114 2521 1125 1007 491 1044 451 1370 1938 1991 440 893 1221 6586 5222 339 954 1461 1914 997 4229 565 1136 1813 1212 1097 3700 1922 1128 665 1169 802 926 808 321 1864 2302 223 3515 3875 629 1789 3143 408 1937 1827 811 1398 1163 2343 387 3868 3001 791 3916 2099 866 1020 1077 565 1835 380 216 2963 4979 2329 911 3410 4661 1763 2116 205 588 1692 1104 3284 1492 1850 1189 228 1038 4530 359 695 3667 1307 1557 3226 521 2517 755 1249 421 4939 1730 4293 3866 3766 491 1425 1634 2584 1045 1207 847 1422 2280 1126 3427 983 1175 1296 947 2640 2202 3961 1817 1224 2039 775 270 525 1012 873 4638 862 1656 2521 1390 2413 877 719 858 946 2474 981 2371 2986 2802 2883 2709 3330 3122 551 412 1550 619 2142 2007 1661 605 1210 932 1478 398 1359 589 722 4875 1432 1143 962 2149 2402 920 950 501 2770 2599 417 1066 5200 1219 1956 2656 777 3565 862 5100 436 688 2495 3498 477 2581 1516 1403 2202 1625 2193 588 3217 5368 625 5403 744 4957 5929 672 804 449 476 1134 6734 1693 784 879 1655 611 5868 1251 969 1162 1488 563 5443 2641 573 1150 831 642 1165 1228 2297 824 1361 6489 496 1077 2390 1433 3021 689 4665 3624 4775 1178 2889 2684 3480 1338 524 1863 5674 1963 1157 1415 1902 213 766 1040 4533 2032 2055 1394 260 452 1719 1480 1539 584 689 2380 2144 2952 2838 735 1881 533 2437 1180 427 3178 644 412 925 6582 4547 910 2614 495 1736 2569 1669 4112 3916 876 474 878 265 612
4534 1675 4804 1176 1023 2152 3256 1426 2835 1688 5783 1153 1163 1039 971 2771 1702 2142 978 704 4232 865 4433 3431 1495 3079 1504 588 1952 3003 1425 2475 3619 6191 663 853 2817 3553 1135 2719 1299 1451 495 1139 1868 455 1021 2066 2076 1923 5721 4062 2383 1867 3175 1780 2314 1253 3381 1769 1081 5212 4144 2741 1303 2390 3921 2331 1359 390 1614 2775 1637 3062 2043 617 1425 5360 2484 3471 3166 997 2338 753 1010 2411 6004 2152 1486 1583 5909 6821 946 2432 4450 1534 2456 2584 1224 2443 1874 1914 1538 1821 1608 4943 930 2558 6191 2586 2773 3215 3206 3901 1228 2959 2725 2010 1413 1350 878 1030 1292 1156 621 2320 2208 1761 2973 1337 3881 1270 869 1882 501 2373 3168 2973 1295 1877 3379 4186 2606 1077 1743 3139 4500 2362 1075 1043 4559 525 2438 1342 3234 1306 1875 5483 1005 729 6547 2043 2222 3249 1725 4071 1477 1012 4179 530 2678 7088 1343 846 2652 1914 2208 1968 1304 3074 2037 1125 3398 755 3356 2552 4894 1618 1617 1472 1794 4683 1200 1108 588 484 1058 1979 3800 3751 1338 4088 1522 439 2041 989 1332 4248 7926 1207 2612 1809 1955 854 1134 1303 1780 2399 2006 623 959 1314 7291 5238 916 1246 1983 1972 1915 4432 658 1380 1870 1248 1767 4267 3092 1795 1079 1256 1199 1020 966 801 2934 3764 1426 4417 5161 3126 1873 3807 564 2512 2034 859 1440 1234 2395 789 3876 3264 992 5228 3283 885 1184 1950 712 2526 981 775 4327 5811 2807 1014 3496 6470 1946 2265 1060 1180 1921 1423 3363 1681 1891 2542 520 1394 5260 958 1808 4431 1409 2303 4297 738 3790 1124 1377 501 5631 1820 4948 5105 4733 817 1687 1733 6998 1080 1331 2016 2573 4688 1659 3718 1739 1291 2531 1332 2685 2505 4014 4330 1339 2611 1378 429 716 1054 1190 4693 1261 1674 4115 1625 3030 991 1176 1055 1104 2792 1138 2501 3078 4292 3053 2960 3609 4225 673 632 2122 860 2271 2839 1941 744 1654 1162 2304 830 1364 907 738 5798 2092 1346 1080 2320 2546 1107 975 702 4677 2796 450 2226 5887 2065 2053 2752 1564 4693 1418 6803 1048 835 3246 4779 1285 2756 1675 2329 4387 3098 2630 2099 3852 6165 643 6757 878 5033 6511 1333 827 638 612 1597 7272 2145 817 882 1699 612 6534 1415 1192 1523 3231 779 6179 3034 592 1431 866 1237 1954 2411 2588 1053 2016 6634 702 1098 3096 1463 4086 697 5348 5878 5182 2070 4751 3637 4478 1460 916 3591 5891 2054 1232 1640 2185 388 1068 2631 4886 2376 2126 1563 331 758 1954 2805 2242 648 877 2613 2288 3251 3297 996 1921 1193 3606 1479 826 3350 693 431 1024 6792 5419 969 4995 543 1828 3713 3307 6128 6163 1612 592 1341 487 1515
5829 2023 5047 2151 1342 2330 3478 1700 3276 2085 6058 1154 1212 1246 1398 3413 3245 2344 1187 811 4530 960 4601 3442 2199 3546 1522 853 1982 3780 2140 2781 3698 6633 820 972 3212 4871 1828 2779 1579 1905 544 1923 2537 726 1511 2844 2445 1984 6034 4581 3614 2485 3430 1890 3474 1434 3658 1832 1352 6154 6083 3213 1330 3445 4512 2854 1386 852 1998 3438 1851 3246 2671 1588 1656 6832 2578 5409 3235 1001 3502 1511 1331 3152 8067 3084 1723 2225 7717 6944 1234 4266 4725 1742 2461 4758 1772 2550 2089 2541 1790 2423 2155 6487 1400 2780 6271 2957 3318 3215 4062 4030 1246 3427 3210 2648 1630 1523 905 1786 1751 1241 1375 2525 2242 1894 3657 1385 4202 2566 1420 2662 764 2574 3194 3168 1485 2449 3530 5174 3426 1405 1898 4391 5376 3510 1140 1226 6060 1322 2783 1508 3407 2223 4435 5997 1037 777 6872 2562 2280 3363 3603 4544 1596 1466 7253 1190 3287 8158 1850 2406 2970 2555 2915 2182 1598 4881 2257 1309 4555 926 3691 3284 5854 1963 1796 1642 1926 4722 1210 1209 627 920 1069 2475 3940 4221 2260 4095 2126 690 2220 1603 1422 4383 8128 4325 2627 2608 2252 1182 1226 1360 2106 2793 3119 833 1356 1619 8235 7243 1191 1468 3362 2548 2677 6564 822 2975 3099 1311 3229 4652 6904 4736 1230 1650 1262 1399 1117 1529 3752 3955 1573 4679 6862 3406 3049 5672 1259 2729 2160 925 1769 1478 2467 833 4035 3498 1020 7309 6337 935 1272 3277 1180 2527 1247 1390 4391 7158 3678 1140 3697 7353 3067 4681 1286 1281 2205 1565 3407 1810 3158 3023 628 1410 5342 1043 1940 5269 2508 2374 4446 1110 3833 1187 1873 774 5636 1972 5936 6203 4986 997 2404 1782 7553 1508 1794 2299 2997 4965 2020 4240 1932 1358 2910 1519 4018 3157 4608 5532 1517 4047 1416 1337 955 2579 2129 6823 1296 2779 5441 1823 4128 1226 1556 1539 1735 3016 2045 2788 3215 5064 3464 3025 4869 5336 1211 775 2447 1070 3475 3317 2205 1039 1706 1710 2969 841 1590 1307 892 6162 3292 1351 1833 2414 3800 1390 1198 1283 4742 4058 1649 2706 6301 2948 2252 2884 1642 5326 1808 7289 1481 921 4281 5938 1420 2963 1827 2526 4834 3260 2798 2587 4096 6448 800 7414 1205 5598 6621 1611 857 859 1132 1616 7946 2226 1117 1147 2165 629 6605 1938 1238 2716 3681 968 7430 3185 770 1763 1535 1731 2046 2544 3560 7502 2232 6765 1451 1253 4533 1679 4255 1015 5956 6216 5425 2150 7212 4860 4522 1535 1048 3694 6395 2090 1659 1905 2726 809 1240 3236 5023 3764 2772 2450 579 1525 2034 2883 2357 848 956 3683 2471 3663 5261 1095 1995 1195 5010 1485 872 4185 1076 622 1256 7303 5785 1051 5191 563 2628 5029 3850 6619 6636 1880 1244 1660 1569 1578
6312 2267 5595 2873 2739 2749 3575 2902 3410 3340 6624 1324 1510 1460 1807 4103 3843 2821 1367 882 5390 1185 4748 3530 2936 3675 2404 1081 2044 7205 2233 3621 4696 7821 940 1123 3722 5529 2056 2796 2419 3851 1116 2156 3186 2037 2258 4104 2973 2203 7373 6797 6149 2948 3762 1958 5728 1536 4687 2712 1547 6343 6938 3755 1466 5213 7096 3592 1551 933 2089 4168 1893 3439 2725 1776 3514 7840 2775 5650 3359 1773 4497 1540 2896 3312 8351 7429 2049 2451 7769 7899 1557 4298 5064 3103 2468 7872 1801 3449 2563 2706 1793 2742 2995 7095 1963 3657 7066 3651 3468 3572 4103 8987 1857 3701 3577 2782 1938 2072 2060 2487 1844 1372 2185 2537 2301 2477 4148 3401 4374 2572 1918 2715 1490 4970 3566 3332 1550 4106 4638 5951 3480 3680 2110 6234 6048 3529 1298 1496 6121 1608 3272 1847 3487 3366 5047 6375 1102 1642 7754 3836 3500 3397 3828 6020 1827 1588 7794 1451 3396 8942 1878 3412 4728 2831 3595 2692 2122 5443 3142 1313 4721 1245 3858 3696 5889 2309 2691 1669 2087 4898 1497 1251 788 1113 1550 2579 7299 6508 2856 4819 2462 1385 2230 2061 1871 5283 8235 4609 3041 2864 2928 1378 1488 1927 3149 3025 3413 1507 1858 1865 8282 7440 1573 1556 3971 2661 3214 7378 1456 3097 3212 1902 4114 4983 7175 4741 1307 1847 1864 1577 1533 1873 4127 4059 2040 5476 7450 3440 3865 6721 1978 2965 2296 1521 2929 1501 3376 939 4758 3583 1613 8902 6641 993 1410 4017 1719 2665 1402 1471 4624 7268 4155 2375 4372 8061 3641 4916 1298 1376 2529 1687 3583 1985 3224 3220 1012 1645 5735 1250 3882 5502 2912 2894 4797 1221 4040 1551 2076 943 5781 2044 5996 6228 5373 1096 4432 1868 8062 1526 1890 3460 3056 6259 2178 4586 1937 1498 2968 2000 4464 3159 5994 6008 1567 5459 1982 2251 1007 3231 2181 6828 1573 2917 7002 1853 4138 1400 1714 1682 2697 3079 2530 3370 3219 6511 3889 3410 6368 5542 1584 1089 4115 1193 3838 4497 6682 1180 2003 1769 3595 1032 1861 1597 1855 7375 5519 1679 1851 2794 3817 1594 1697 1523 6545 5085 1713 3003 8155 3064 2599 3455 1919 7555 1828 7632 1807 1201 4686 6030 1658 3612 1916 3358 5507 4079 3077 2911 4362 6489 1038 7444 1491 5619 7673 1684 877 1210 1267 1694 8245 2518 2157 1316 5901 1292 6870 1938 1356 2724 3696 1053 7511 3367 785 2085 1762 2203 2456 5718 3651 8055 2962 7584 1599 1663 4861 1734 5918 1080 6513 6555 6219 2932 7464 8677 8068 1640 1327 3904 7513 2924 1764 2330 3718 1062 1363 3526 5721 4158 3127 2921 778 1660 2431 3707 2722 1294 1133 3959 2500 3679 8885 1187 2050 1360 6742 1548 1308 5667 1106 1086 1551 7486 6312 1139 5214 1227 2691 5351 4854 7950 7977 2071 1989 2796 1934 1698
7309 2282 7955 3155 3533 3665 3785 3597 3470 3594 8302 1362 2298 1488 2032 4228 3924 3371 1548 1097 7169 1530 5649 4151 3445 3848 3044 1589 3100 7460 2343 3827 4874 8103 2047 1146 3813 6787 3538 2821 4033 3909 1126 2303 3538 2188 2299 4386 4487 2417 7772 7729 7338 3317 3796 2061 7862 2150 5528 3066 1872 6525 9092 3899 1701 5421 8353 3855 1797 1308 2409 4180 1935 4145 2972 1871 4285 8073 3435 6350 3881 1775 5794 1841 7480 3797 8649 7754 2335 2567 7993 9064 1934 4377 6153 3121 3104 9322 1904 3914 2632 3263 2047 3937 4112 7909 2010 4545 7310 3686 4157 3632 4343 8988 1858 4040 3756 3655 2009 2072 2083 2824 1857 1517 2968 3692 2492 3060 4517 3869 4482 2726 2018 3062 1705 7067 4528 3478 1735 4756 4678 6904 3712 4559 2131 6908 7755 3797 1512 1541 6797 1703 3399 3149 3742 4210 6385 7126 1376 1699 9076 4014 3627 3514 3891 7317 1867 1729 7871 1724 4103 9440 2132 3502 6212 3639 4253 3713 2372 5464 3375 1519 4738 1428 4138 4468 6058 2324 3149 1792 2448 5855 1791 1263 1160 1594 1650 3583 7581 9033 2981 4821 2583 1544 2276 2088 2399 5913 9666 6157 4479 3283 3805 1493 1515 2599 3710 3434 4377 1679 3529 1966 8398 8220 1985 2114 4351 2958 4426 8349 2198 3737 3239 2057 4138 5093 7851 8749 1729 2046 2133 1958 1970 1972 5178 4328 3721 6418 9293 3532 5404 7082 2064 3219 3701 1623 4459 1735 4226 1142 4935 3607 2203 8987 8488 998 1519 4394 1780 2806 1678 1562 5360 8430 4231 3170 5241 8621 3967 7941 1747 2170 3312 1704 7926 2224 3585 3463 1099 2205 7814 1389 5541 6009 3413 3300 4902 1362 4513 2206 2079 1014 6921 2430 6926 6918 7002 1883 4701 2069 8074 2327 2515 4122 3287 6268 2466 4624 2020 1768 3030 6365 4487 4057 6769 7584 1696 6098 2532 2266 1334 3499 2248 7058 1633 3022 7609 2098 4257 1882 1905 1835 2827 3921 3794 3588 3453 6610 4251 3874 6646 6405 1592 1358 5434 1200 3993 4521 6753 1870 2045 1785 4260 1431 2023 1606 3392 9104 7082 1706 2054 3587 3938 1609 1719 1608 6825 6043 1801 6010 8543 3822 3414 3773 2250 7780 2183 7763 2522 1351 6145 6033 1687 3932 1969 4139 5600 4210 3681 3151 4801 6503 1362 8147 1691 6430 8339 1774 941 1331 1336 1778 8728 6922 2591 1539 7470 1460 7127 1946 1611 2829 6976 2141 7607 3402 1306 2103 1981 3881 2514 6748 3871 8424 3046 7947 1687 2025 6032 1925 6642 1307 7098 7735 8637 3235 7503 9089 8089 1672 3149 4310 7980 3020 2005 3593 4067 1937 1746 3770 6619 4472 3944 3413 1874 1740 3479 4450 3621 1581 1986 4156 3389 3824 8963 1362 2182 1866 7383 1670 1465 5945 1135 2422 2005 7532 6368 1190 5826 1266 3102 5381 4983 8716 8473 2087 2002 3521 1936 1745
7717 2386 7986 3453 3614 4737 4500 4730 3678 3963 9223 1965 2477 1812 2044 7517 4934 3707 1575 1235 7788 2227 7334 4866 8554 4406 4456 2196 3869 7740 2366 3851 4969 8161 2156 1797 4003 8068 4084 3360 4603 4170 2076 2401 4234 2431 2396 4750 4616 2451 7905 9571 8354 3467 4298 2212 7898 2328 6783 3680 1982 6916 9237 4065 1937 5761 9324 4204 2029 1413 2418 4217 2275 4347 4386 2118 4462 8342 4098 7555 4290 2245 6586 2038 7518 4383 8962 8214 2379 3608 8442 9258 2099 4660 6266 3152 3683 9524 2179 4378 2655 3397 2403 4763 4438 8072 2378 4801 7582 4056 4247 4241 4568 9212 1972 4407 4447 3846 2087 2229 2142 3803 2403 2393 3613 3901 3271 3192 4729 4548 5374 2955 2142 3232 2115 8136 4640 4579 2559 4856 4800 7153 4229 4874 2227 8374 9804 4043 1783 2394 7008 2351 3833 3469 3864 4570 7690 7886 1819 1844 9357 4481 4059 4362 4812 9497 2201 1928 8300 1785 4434 9833 2405 3702 7885 4164 4335 4967 2715 7379 3411 2102 4739 2206 4328 4664 7163 2517 4545 3252 2494 7692 2122 1894 1187 2203 2085 4705 7713 9295 4011 4964 3023 1648 2348 2150 2488 7320 9709 8214 8446 3604 4174 2395 1766 4420 4379 3660 4688 2261 4380 2052 9076 9069 2339 2299 4653 3388 4683 9068 2442 4322 3320 2270 4761 6008 8914 8917 1826 2399 2275 2320 2026 2060 6382 4530 3819 8804 9609 3653 7587 8175 2222 3595 3745 2155 6541 2310 4522 2009 7395 4564 2211 9608 8581 1956 2346 4396 2059 3043 1694 1652 8357 8953 4564 3258 5320 9944 4656 9034 2219 2170 4089 2215 9182 3413 4017 4722 1622 2279 8952 2037 5823 6412 4082 3682 5296 2335 4573 3034 2297 1280 8220 4494 7460 9158 8925 1953 8327 2081 8587 2383 2925 4551 3563 6665 2609 5452 2488 1957 3629 6689 4646 5600 8314 7659 2021 6929 2906 3749 2141 4319 2971 9086 2405 3030 7823 2288 4372 2135 2234 1963 3818 4313 4153 4118 3750 6612 5441 4595 6682 6635 1869 1459 6530 1389 4536 4562 8061 2262 2458 1948 4271 1712 2056 1841 4041 9309 8760 2055 2125 4036 4366 1648 1984 1920 7252 8041 2398 8700 8820 4131 3536 3988 2289 8240 2382 9447 2525 1558 6379 8908 2134 4671 2263 4652 7703 4456 3789 4111 5000 7644 2221 9535 2107 7531 9113 1892 1688 1558 2404 2083 9517 7423 2978 1656 8437 1636 7178 2410 1942 4856 8036 4209 8472 3792 2284 2155 2107 4473 3086 7502 4238 8783 4280 8030 2173 2030 7740 1930 7886 2308 7302 8898 8969 3425 7577 9472 9157 1907 3594 4779 8248 3285 2442 3804 4317 1956 2024 4182 6829 4777 7809 4029 1923 1897 3918 4877 3721 2062 2070 4245 3696 3854 9067 1664 2335 1994 7885 1838 2164 6216 1701 2519 2007 7913 8247 1237 7584 1285 3774 7110 6562 9218 8489 2188 2062 4431 2183 2452
9089 2496 9828 4752 5065 5085 4897 4995 4141 5042 9713 2348 2489 1907 2368 8953 4949 4556 2151 1574 7961 2310 7956 4983 9673 4647 4892 2279 4201 8334 2387 4973 4974 8232 2275 3137 4834 9896 4229 4109 4843 4314 2320 2526 4265 2471 2406 5058 5090 2494 9244 9745 9965 4159 4389 2482 8470 2441 7023 4769 2492 8482 9584 4106 2270 9577 9495 4985 2490 2076 2432 4749 2551 4383 4944 2242 4987 9429 4640 8236 4930 2405 7182 2516 8982 4587 9052 8729 2543 3992 9942 9592 2356 5072 8570 7617 4032 9573 2325 4403 3790 3577 2522 4954 4902 9446 2438 4949 8066 4381 5030 4388 4817 9489 2241 4987 4770 4299 2231 2566 2229 4529 2568 2441 3968 4018 3327 3239 4861 4568 5866 4102 2440 3699 2250 8585 4896 4612 2561 5018 5002 9575 4739 4971 2515 9598 10002 4616 2479 2540 7476 2479 4211 4369 4574 4892 9643 7889 2106 2087 9459 5026 4434 4412 4910 9929 2359 2069 8536 2031 4628 9836 2480 4232 8683 9999 4842 4985 4454 9291 4075 2272 4986 2509 4425 5072 7440 2528 4891 4376 2532 9233 2320 2102 1335 2311 2271 4732 8008 9574 4319 5030 3416 2485 2473 2426 2540 7352 9721 8902 8663 4316 4368 2407 2332 4639 4650 4101 4787 2513 4433 2568 9899 10058 2407 2626 9353 4461 4836 9487 2484 4922 3589 2320 4898 8602 9471 9571 2494 2472 2499 2325 2173 2112 7046 4668 4411 9982 9856 4755 8762 8360 2499 4700 4297 2202 9384 2452 4970 2031 7817 4783 2415 9625 9896 2070 2435 4582 2220 4563 2272 2271 8696 9053 4816 3895 8111 10063 4824 9534 2406 2449 4266 2555 9715 4141 4598 4999 2208 2378 9129 2570 6162 9164 4613 7480 5896 2407 4657 3537 2377 1929 8911 4656 9538 9722 9421 2068 9728 2091 9285 2583 4115 4932 3867 7062 3026 9763 2545 2386 4522 7012 4954 8014 9203 9725 2384 8050 3858 4123 2399 4735 3682 9326 2449 4037 8651 2443 4519 2279 2411 2186 4414 4528 5067 4415 4122 6669 5989 4819 9537 9838 2354 2252 9634 2354 4854 4644 9295 2353 2484 2134 4712 1918 2502 2275 4615 9363 8888 2073 2292 4144 4543 2476 2095 2289 7886 9456 2511 9654 8923 4350 4213 4527 2485 9675 2448 9854 2535 1604 6744 9421 2339 6909 2444 5030 10013 4701 4299 4245 5027 9835 2506 9600 2283 8136 9975 2422 2178 1588 2597 2542 9525 7595 4494 1923 8573 1788 7286 2443 2298 5059 8230 4799 9150 4704 2411 2471 2385 4847 3249 7941 4929 9138 4641 8462 2412 2519 9572 2462 9420 2490 8492 9048 9752 4236 8184 9935 9273 2228 3616 4902 9458 3563 2564 4810 4902 1987 2384 4986 9703 4946 9866 4742 2566 2208 4018 8498 3969 2183 2510 5030 4469 4101 9806 1925 2448 2346 9598 2308 2187 9729 2348 2522 2099 8038 9121 1341 8843 2128 4856 8199 9657 9754 9581 2508 2549 4533 2426 2466

182 207 94 83 293 15 526 204 160 459 183 122 74 156 80 112 437 40 232 15 98 9 12 574 6 237 276 12 543 660 37 544 387 34 44 359 95 470 45 73 49 118 67 403 171 51 488 91 1212 600 3356 24 39 30 825 109 108 48 18 105 134 1100 224 200 8 120 86 1295 296 103 161 767 151 127 396 284 93 32 283 44 72 233 145 32 119 122 1135 278 126 107 1198 5 97 27 263 53 401 302 77 571 260 835 89 120 376 60 142 65 984 1592 58 180 154 900 239 60 8 314 154 357 152 362 18 186 82 164 72 89 898 238 841 6 123 30 2 2 2013 96 42 217 115 62 120 132 202 16 513 39 72 131 559 19 166 18 221 24 264 28 52 175 1564 20 642 347 84 1336 358 181 117 60 152 1326 121 16 440 71 311 18 71 63 40 460 1221 8 27 175 2012 230 485 4 391 502 34 55 225 12 87 62 177 260 384 166 74 23 59 65 69 1303 1318 111 258 84 62 1 64 222 519 593 539 41 664 99 1155 474 230 191 1031 195 3 1981 104 350 443 3 339 900 58 213 209 61 132 399 102 55 224 163 59 236 30 130 2 168 34 58 494 279 927 103 841 92 441 223 7 31 173 11 555 208 94 21 43 51 1092 77 420 10 2 73 333 33 85 43 46 563 365 241 91 150 36 378 4 100 77 424 36 1034 701 150 772 154 588 149 186 955 1000 220 250 9 318 798 24 308 72 251 1 39 510 807 194 109 455 333 221 214 113 23 91 172 125 84 262 53 167 25 143 86 218 96 75 367 53 353 172 652 96 820 89 256 1900 80 720 7 254 16 35 145 15 456 402 30 36 542 20 27 299 132 11 198 195 45 113 30 258 19 24 63 1962 580 190 31 647 109 94 105 287 1360 35 36 218 233 117 43 98 366 203 443 710 173 176 71 1091 444 403 1136 78 223 68 43 142 49 131 114 684 54 110 52 1 42 595 57 322 200 75 7 24 1312 97 8 87 367 389 337 552 380 436 422 63 181 447 211 165 23 1246 171 949 161 442 35 1652 156 229 43 1168 110 80 77 422 57 323 78 1199 152 2 859 108 258 16 559 394 84 53 485 192 1081 13 209 713 139 180 108 177 645 126 3 7 26 206 211 102 71 450 362 729 433 444 74 17 271 31 67
