500 9 1
31 10 23 4 31 67 2 96 89 66 57 78 91 41 72 79 32 46 5 28 70 96 15 100 77 9 51 25 89 62 87 19 15 55 41 95 40 76 28 70 3 59 2 23 34 100 65 71 6 55 53 71 29 87 72 88 88 40 90 70 23 74 28 28 10 82 51 89 29 23 12 24 52 54 64 62 50 64 42 5 56 35 77 58 29 37 3 30 77 96 13 10 71 55 74 43 48 16 16 12 25 60 85 70 97 88 55 92 9 50 27 86 79 93 50 4 75 13 64 91 77 68 23 19 76 80 86 52 31 70 85 71 33 53 56 3 41 19 32 38 56 88 68 95 66 39 25 50 40 53 81 52 59 60 61 27 60 39 60 47 68 73 4 62 87 93 93 18 78 80 26 64 24 67 54 3 43 28 24 23 84 15 88 17 53 38 64 69 99 64 70 85 47 18 26 47 97 74 51 83 85 76 66 16 40 11 94 64 52 71 2 60 59 15 12 41 67 55 13 71 15 8 8 69 8 14 83 29 34 100 78 8 73 65 80 88 50 65 82 63 14 54 71 20 24 53 7 36 99 64 55 10 98 19 89 96 27 74 89 69 64 59 77 56 96 62 48 43 31 54 52 82 44 72 94 83 97 7 3 2 73 45 44 90 73 68 50 77 100 34 29 47 41 42 87 7 18 72 96 18 96 84 11 8 4 45 47 93 80 88 28 90 81 27 79 1 53 70 84 57 55 34 46 18 51 35 83 8 44 98 29 50 79 65 89 14 97 50 38 93 57 90 81 42 82 68 53 94 47 2 25 11 59 25 23 56 87 40 7 34 52 56 85 79 69 60 57 73 69 13 24 97 87 28 35 16 21 56 33 97 53 96 35 54 88 20 76 83 35 65 67 14 60 50 54 77 9 76 23 90 50 55 34 84 47 1 62 32 81 59 50 99 61 47 75 21 72 71 25 40 50 84 58 90 97 39 77 54 23 76 62 79 1 47 1 32 23 23 39 63 60 40 50 36 15 3 46 100 81 57 62 22 48 29 19 48 69 71 21 55 75 60 22 4 92 38 99 12 35 38 20 38 24 55 48 94 77 29 2 92 30 75 16 40 3 92 10 58 59 92 23 63 14 82 100 48 42 53 38 85

16 1 7 29 5 1 5 1 16 1 6 9 23 11 4 2 2 4 4 1 10 8 3 25 8 36 1 1 4 13 41 8 7 1 17 27 14 26 4 7 24 13 4 46 6 4 14 3 2 13 1 2 10 15 2 15 41 9 2 13 4 11 13 2 4 1 5 7 4 8 1 4 4 6 6 11 2 3 3 14 21 27 29 3 5 4 9 2 4 8 16 1 3 12 7 3 6 4 27 9 2 6 2 4 6 2 5 5 3 3 21 2 1 9 5 7 5 1 15 4 17 1 3 34 3 15 5 3 1 8 23 1 2 15 6 8 32 8 3 13 8 6 12 4 4 6 7 8 23 7 21 8 7 8 28 12 8 21 7 45 9 8 14 4 1 11 22 3 13 1 9 4 28 5 20 16 1 16 11 6 7 39 25 14 1 1 11 1 1 9 2 1 1 10 18 16 10 25 1 37 3 7 5 2 5 1 27 14 12 19 5 4 1 13 1 1 8 9 20 2 16 15 15 9 7 14 4 5 6 10 3 12 6 20 19 4 23 9 12 10 1 5 12 12 2 3 1 2 4 14 7 3 6 1 8 4 7 20 3 1 12 19 29 14 1 29 16 1 2 8 3 1 3 2 2 5 5 3 30 12 12 12 1 11 34 10 3 8 26 11 3 10 8 1 23 25 9 6 17 4 8 3 6 12 1 22 9 16 3 6 12 15 10 25 5 7 17 5 2 2 18 13 6 3 8 3 1 8 8 2 11 16 4 4 15 26 28 12 4 4 2 36 5 54 35 7 8 14 5 6 10 2 1 3 10 7 21 5 12 4 5 4 5 10 15 8 2 12 1 17 2 10 1 18 7 16 8 8 11 7 1 4 9 3 10 12 13 9 11 1 1 11 39 2 30 15 21 8 5 12 6 1 8 10 1 3 23 26 12 6 1 5 4 10 15 5 11 9 3 4 4 2 7 2 17 18 7 1 3 20 5 13 4 6 8 4 2 2 18 5 29 8 7 20 27 1 5 36 23 2 7 24 18 12 31 17 1 6 2 21 5 29 28 7 2 6 13 13 14 16 9 7 6 25 25 12 5 7 15 24 23 26 5 10 21 7 1 7 19 9 1 11 3 13 5 13 4 23 1 6
18 18 8 51 8 9 12 36 51 5 31 17 28 17 12 13 12 5 28 8 10 9 14 38 11 49 8 11 13 24 45 16 17 12 50 31 27 35 4 44 27 21 20 48 10 10 32 4 32 32 15 24 26 19 22 18 42 25 4 46 14 13 17 19 20 1 10 15 6 13 17 7 17 6 19 40 13 11 13 36 27 29 37 13 5 12 17 9 7 10 30 29 45 17 29 38 7 36 47 22 7 14 5 20 46 8 13 11 9 35 27 7 24 9 17 9 19 10 20 7 19 5 14 39 6 26 5 11 3 13 27 1 39 24 7 33 35 20 18 22 17 26 29 26 23 9 9 10 27 8 22 19 20 9 49 14 30 21 40 55 9 13 24 9 1 18 27 13 22 8 10 23 34 33 23 48 6 21 24 23 23 42 38 16 3 10 27 9 15 16 15 22 3 38 31 24 15 42 29 40 20 23 11 2 19 8 35 22 18 29 14 14 5 24 9 8 13 45 31 10 24 22 18 29 14 21 4 30 15 26 10 21 22 29 34 8 23 12 16 11 8 17 14 33 10 14 16 3 8 19 12 23 21 4 10 8 8 28 24 6 35 35 47 16 4 31 26 9 3 13 15 4 19 43 3 7 6 6 30 16 18 15 1 16 53 13 6 10 34 28 12 25 12 1 25 34 10 22 20 4 9 12 10 21 27 40 32 35 6 10 29 49 30 29 21 14 23 23 6 4 20 15 21 7 9 21 10 10 16 8 19 26 15 13 21 45 32 31 6 5 65 40 14 54 38 25 9 19 16 13 22 12 3 4 24 13 39 24 14 19 5 5 13 17 21 12 2 24 3 25 22 18 9 42 17 19 14 22 13 22 3 5 29 11 25 15 17 12 12 26 9 19 44 44 30 18 23 11 17 16 21 15 9 10 4 19 29 31 23 12 2 23 11 16 25 17 28 17 55 15 12 9 14 20 23 25 24 2 4 38 20 21 6 27 16 6 3 21 25 25 35 37 49 21 30 1 25 48 25 4 18 37 19 13 39 21 7 7 2 29 11 52 49 21 12 10 19 20 16 40 17 18 6 35 27 31 16 7 26 27 34 32 12 23 26 12 8 10 27 34 5 11 24 13 26 30 5 28 11 19
33 22 13 52 25 14 16 56 51 9 47 26 31 26 31 17 42 10 32 24 24 10 17 42 20 68 10 23 14 30 51 60 47 12 51 32 58 46 28 53 37 24 29 51 15 17 43 6 42 32 17 29 27 20 30 24 54 31 14 59 24 20 37 25 23 15 19 17 16 25 47 15 21 14 27 51 31 15 25 44 28 40 41 19 25 14 18 29 10 15 45 48 62 30 35 41 25 37 53 29 38 20 20 24 67 8 40 19 19 48 33 9 32 13 18 12 26 11 30 9 30 6 64 42 24 29 24 15 23 35 39 37 40 34 21 37 37 53 25 34 39 33 33 37 38 10 19 49 35 18 27 26 45 36 62 35 50 27 44 62 36 23 24 20 29 46 35 30 33 20 16 26 40 41 35 49 30 23 35 27 24 61 45 27 12 18 38 53 17 35 36 39 19 44 34 25 28 43 35 41 47 29 21 11 33 35 37 32 20 31 18 41 14 45 17 15 14 46 45 43 32 27 24 37 19 35 17 33 49 34 18 28 44 34 46 29 43 34 53 14 33 26 26 48 20 17 25 10 11 37 25 40 42 15 56 9 8 30 61 18 38 60 49 25 27 47 27 24 15 41 21 31 24 43 13 21 10 7 36 25 24 53 35 36 63 14 9 38 59 48 23 33 21 8 45 35 11 25 24 14 19 19 23 24 30 56 47 43 12 20 31 60 57 33 45 26 37 24 13 4 31 54 39 41 16 24 17 24 23 21 25 40 47 24 26 48 60 40 19 10 65 61 24 56 38 37 13 32 22 15 37 41 27 22 26 18 45 32 51 32 9 12 17 27 22 19 40 41 8 26 24 21 20 44 24 34 38 34 14 34 16 8 54 12 26 20 23 32 18 37 24 25 47 44 31 25 27 40 21 20 27 24 17 16 27 33 50 32 24 38 28 43 35 24 33 26 29 23 57 18 16 35 25 26 33 38 40 2 29 42 24 25 20 34 24 9 18 28 28 36 61 43 52 29 30 23 28 49 28 11 22 40 54 19 45 33 17 16 3 35 14 57 50 37 45 17 24 37 22 53 34 39 7 40 33 44 19 23 36 44 47 40 17 39 33 25 27 17 31 35 18 31 36 68 49 33 8 34 12 24
38 37 16 54 33 21 36 71 59 15 50 44 42 33 32 30 43 10 51 43 28 51 24 48 40 73 37 46 26 35 51 75 47 13 55 35 60 75 34 71 44 43 29 53 31 28 56 46 42 58 17 58 41 39 39 40 65 56 22 61 38 32 49 48 30 30 36 39 26 28 48 27 22 27 27 67 49 24 37 48 40 42 72 21 35 23 36 50 13 25 45 55 69 32 59 41 31 54 62 54 50 29 27 42 79 12 42 31 24 51 41 42 51 33 20 23 35 13 47 14 41 19 68 43 25 37 27 35 29 37 71 40 58 60 39 42 42 58 32 35 60 34 38 39 53 17 47 52 37 55 39 37 48 58 68 38 55 30 57 72 44 31 29 37 45 48 54 42 35 34 25 28 53 42 37 66 31 62 54 66 42 71 48 28 31 19 41 53 18 35 44 45 49 47 39 35 53 46 45 45 50 35 24 25 46 37 50 39 22 32 45 53 29 57 29 19 36 52 47 53 34 36 30 40 51 66 22 33 53 35 20 34 52 72 53 41 44 41 54 15 53 42 28 52 24 45 29 24 16 42 39 57 54 29 60 25 18 52 64 40 46 67 50 25 58 49 46 31 15 42 58 38 28 46 14 26 21 27 44 41 33 55 37 37 75 17 13 38 61 54 45 37 42 14 49 43 12 26 32 25 20 21 29 40 33 61 53 44 17 28 33 61 66 57 51 34 42 50 13 21 32 56 45 55 55 44 45 25 62 31 39 41 54 25 31 72 65 53 19 20 66 69 24 57 43 53 15 51 27 17 44 42 40 41 42 19 47 55 55 35 9 12 28 55 34 20 49 56 23 29 39 30 30 48 27 36 45 38 18 40 17 16 67 20 29 28 60 33 23 39 49 63 69 51 32 45 47 49 29 42 33 26 17 21 38 41 71 48 28 63 50 53 43 32 49 33 33 48 64 36 31 40 65 37 34 54 50 22 29 42 30 61 49 35 46 21 50 33 49 55 63 52 55 50 56 28 55 50 42 13 30 44 55 27 56 37 23 23 9 39 25 61 59 58 54 26 35 44 27 53 48 41 39 46 39 48 26 38 43 45 47 53 31 46 44 27 53 48 62 43 21 32 49 81 57 52 17 47 24 24
59 59 19 54 53 31 42 78 64 15 55 49 42 63 33 32 46 39 56 51 45 64 25 79 50 75 61 51 27 67 55 83 72 19 59 49 63 79 35 78 44 61 42 60 39 42 68 58 45 60 33 72 55 47 41 41 72 80 43 63 49 36 71 49 31 61 50 41 40 60 52 52 30 39 27 73 66 34 74 50 51 46 75 22 47 25 55 58 16 34 59 64 70 51 74 57 55 58 74 77 85 35 32 44 83 35 52 46 32 51 42 44 55 47 35 50 41 46 59 49 41 60 88 47 31 50 38 39 51 39 73 46 91 67 43 45 46 60 46 54 75 43 51 61 62 36 55 71 61 59 50 47 49 59 69 43 62 40 64 76 52 55 63 56 58 75 64 45 41 50 35 29 65 47 54 68 38 69 59 69 54 90 53 34 45 25 45 56 19 50 46 57 55 61 58 49 54 51 87 49 62 66 26 26 56 40 68 48 23 46 48 54 51 62 30 28 46 68 53 53 44 69 47 51 52 68 27 34 63 46 38 37 53 85 56 49 48 44 72 25 63 59 33 61 46 46 52 30 21 42 46 60 63 30 61 40 35 56 77 45 48 68 64 28 59 52 47 46 31 55 61 43 58 50 38 47 26 37 45 48 46 63 51 47 76 27 20 41 66 55 82 56 51 18 76 59 43 28 56 28 20 33 48 46 40 62 54 58 27 31 41 73 78 61 53 45 52 62 57 22 33 61 47 62 64 54 55 35 68 40 56 47 57 39 32 73 71 66 34 43 68 69 30 72 50 59 25 59 51 24 53 47 49 68 46 27 69 68 62 49 21 29 44 56 39 27 51 73 30 35 54 47 32 53 30 52 46 42 20 51 18 31 70 22 40 31 67 38 30 57 63 69 78 55 38 67 62 65 43 53 50 33 19 33 47 42 74 55 38 71 54 61 56 41 54 42 52 58 72 42 47 48 71 44 40 61 53 24 38 42 48 74 50 45 54 27 62 36 56 61 65 78 55 58 90 39 56 53 50 47 37 64 63 33 68 73 30 42 10 47 30 66 60 62 54 35 37 56 52 55 57 53 41 53 56 50 30 59 64 81 50 63 63 71 49 36 65 49 64 43 40 65 82 87 59 63 51 49 31 35
60 70 53 62 61 36 62 86 72 24 75 60 46 64 37 43 55 66 89 53 53 75 55 90 56 78 80 54 41 69 56 88 84 33 60 49 69 80 42 80 65 62 54 74 53 46 70 60 60 82 39 74 75 58 41 47 76 82 51 64 81 37 74 51 32 66 57 48 54 60 75 70 33 69 30 82 67 34 78 54 55 60 76 49 49 37 56 69 19 41 70 66 70 52 74 60 58 72 75 85 86 39 37 62 84 37 77 65 38 53 63 60 75 49 78 55 60 54 65 49 49 62 89 64 35 64 54 58 75 49 76 58 93 74 65 46 52 71 48 64 76 44 67 72 67 71 70 75 68 60 55 58 50 60 75 48 63 49 70 79 56 58 64 68 69 75 65 49 42 53 37 38 66 58 62 75 43 70 61 72 77 90 73 44 53 38 54 64 27 71 56 69 59 84 60 52 55 55 90 50 63 70 55 32 71 62 70 51 29 84 48 88 64 65 31 29 64 79 58 57 51 70 59 61 69 69 51 45 78 77 39 53 63 88 59 53 69 67 81 31 79 71 35 67 59 63 55 46 36 46 49 61 72 65 61 94 40 79 81 76 51 70 69 49 74 64 65 50 39 63 66 62 64 63 43 85 35 49 50 55 58 68 56 54 81 40 40 42 72 58 88 57 66 25 79 64 56 32 73 39 35 37 51 49 51 63 59 83 41 34 66 76 81 62 64 51 53 70 58 30 45 63 56 69 70 55 86 38 78 72 62 47 58 78 67 79 79 73 67 68 85 73 32 72 58 73 30 70 54 32 56 51 52 82 55 49 70 70 64 60 65 48 65 69 60 37 56 73 42 39 62 65 34 59 35 56 53 47 47 77 63 56 80 26 47 34 76 39 32 66 73 77 83 57 38 69 62 78 45 57 53 53 47 80 47 66 76 61 48 77 72 68 64 43 61 48 63 60 76 52 49 60 73 45 44 64 60 64 59 46 49 74 53 48 66 76 73 36 67 64 73 80 63 66 92 40 59 55 68 62 44 72 71 51 68 76 33 44 34 51 36 71 65 75 59 43 45 71 59 63 59 63 69 55 57 78 55 69 84 90 55 63 65 78 55 36 66 51 68 55 70 74 90 88 62 83 69 57 47 36
63 74 73 71 76 54 67 94 79 41 81 69 65 74 43 48 55 79 91 78 68 77 65 92 58 85 82 59 46 81 80 95 95 54 82 52 83 82 86 82 66 68 70 79 87 68 78 65 61 85 69 89 81 69 42 66 77 86 58 67 81 53 82 60 85 82 62 58 56 64 78 78 45 79 61 88 75 35 82 72 73 90 77 93 52 41 68 76 48 67 70 70 83 62 77 72 86 94 77 90 92 46 39 74 88 63 84 72 57 72 77 69 80 55 79 60 77 66 70 55 51 81 96 65 48 73 68 64 77 58 78 70 94 90 69 48 63 71 50 71 77 60 85 73 73 76 76 77 78 62 55 72 54 69 80 69 65 63 73 82 62 75 81 69 79 80 78 76 46 63 58 75 74 79 67 76 50 76 73 79 93 93 83 48 64 54 59 64 50 88 68 76 85 86 69 69 67 65 91 52 69 73 91 34 82 79 78 67 66 93 67 93 83 85 42 54 95 88 70 74 85 79 67 61 76 71 56 73 83 77 66 61 63 89 86 59 93 80 86 81 80 71 48 72 71 72 72 52 42 49 63 71 79 86 80 95 43 94 93 89 63 70 76 68 76 78 71 55 57 68 71 77 79 80 45 87 53 59 65 88 86 69 62 63 84 74 63 55 75 58 92 63 88 28 86 79 63 45 79 47 39 45 57 57 83 71 74 83 71 34 75 83 85 82 81 67 57 92 65 52 65 67 67 70 71 72 91 42 90 86 75 50 60 81 71 89 95 86 71 75 85 80 54 82 62 73 39 76 54 39 76 90 59 86 81 57 87 70 81 78 68 49 76 70 66 48 73 84 69 45 75 71 79 90 40 59 81 65 63 84 70 60 84 44 57 61 81 45 36 71 90 84 85 62 43 79 64 86 46 59 69 59 72 82 83 82 77 68 84 86 74 70 75 45 68 74 80 64 81 63 70 77 82 56 73 79 65 70 69 50 62 75 55 70 69 80 77 59 74 79 83 82 84 66 93 43 61 60 69 69 73 75 72 67 78 77 35 49 72 56 48 79 72 78 73 46 46 78 64 63 71 92 76 67 72 81 62 72 92 92 68 64 81 83 63 54 72 67 69 63 75 75 90 92 76 83 76 60 53 37
95 78 87 79 88 62 75 96 86 57 82 79 65 91 55 51 56 82 99 82 87 92 65 96 79 92 90 64 87 82 82 95 95 78 84 84 93 84 95 93 75 70 76 94 94 85 90 85 67 91 76 90 89 75 84 83 87 88 60 76 92 90 94 81 93 93 72 83 64 65 89 81 93 94 86 90 80 39 88 81 76 94 83 99 74 57 82 81 82 69 72 85 95 64 77 75 93 94 92 94 93 56 60 74 90 66 89 74 78 85 79 72 80 68 91 67 97 71 80 79 71 83 96 84 58 73 75 68 86 87 84 75 99 92 80 51 87 96 88 83 93 69 90 82 84 86 77 98 80 73 78 75 70 84 84 81 86 64 75 88 64 82 86 69 94 84 79 81 67 65 80 76 76 81 71 76 80 77 79 89 93 96 83 63 81 78 65 65 71 93 69 91 97 88 82 93 81 98 92 90 72 83 97 66 92 81 98 72 67 100 67 97 96 93 76 69 98 89 78 86 91 91 81 63 81 80 72 81 84 88 89 75 65 90 96 73 99 87 88 84 80 79 58 82 73 83 72 63 94 65 81 77 81 93 93 98 76 94 94 99 95 79 83 74 86 85 74 60 59 70 91 89 84 88 58 88 78 78 76 91 94 74 67 68 84 87 80 60 88 75 93 64 95 45 86 83 67 48 86 53 74 80 82 66 87 87 78 89 76 48 86 92 90 88 90 73 62 93 68 56 77 82 76 92 72 79 94 80 92 87 81 75 63 88 81 97 98 98 93 76 99 88 68 91 80 87 92 77 75 41 92 90 80 98 82 76 89 77 94 81 75 62 82 72 66 68 83 87 83 95 89 72 89 92 43 64 87 67 81 87 74 93 87 86 97 66 88 51 39 93 95 95 91 66 56 87 69 90 72 87 78 68 81 88 85 87 80 80 93 87 92 70 77 72 73 84 91 75 87 91 72 83 88 93 75 86 84 85 72 85 87 82 72 78 76 88 78 78 89 82 94 86 88 80 93 57 72 97 91 72 73 85 92 77 86 80 55 87 93 80 72 93 89 96 91 65 50 91 76 83 87 94 78 81 77 95 68 79 95 94 91 67 83 85 72 79 89 71 72 65 76 77 92 98 85 83 93 77 75 71
99 94 97 82 97 64 97 99 98 58 96 80 81 100 82 85 97 82 100 96 94 97 100 98 88 94 100 94 91 96 87 96 96 81 96 94 98 84 95 95 90 77 79 100 95 94 94 95 87 97 97 95 96 77 91 96 88 95 70 100 98 91 97 88 93 97 98 85 67 100 93 91 100 96 92 98 94 51 94 86 97 95 92 100 75 71 83 83 89 77 76 92 99 87 100 85 99 96 98 97 97 56 73 86 92 91 90 87 95 93 93 97 91 74 96 94 98 71 93 85 96 87 100 97 64 73 81 76 93 93 92 97 100 99 81 54 94 99 90 93 97 88 100 95 85 86 88 98 94 79 98 97 80 93 84 89 86 98 97 89 100 95 90 77 94 96 100 91 67 99 81 94 99 96 96 79 94 96 96 90 99 98 94 88 94 78 99 71 83 98 96 100 100 90 82 93 100 100 94 98 97 94 99 81 94 96 100 87 98 100 91 99 100 95 85 85 98 100 80 99 97 100 83 85 98 94 91 97 91 98 89 99 98 95 99 89 100 93 92 88 86 94 59 96 74 90 75 83 95 100 98 98 89 94 97 100 80 97 98 100 96 96 89 89 99 95 81 88 83 78 100 92 86 96 61 94 96 90 93 99 97 79 83 89 88 99 85 71 94 83 96 72 98 80 87 95 82 52 87 97 97 93 85 99 95 98 80 90 98 53 93 96 93 93 96 90 65 93 93 92 85 96 89 97 88 89 94 84 97 96 91 98 75 92 82 97 98 99 95 83 100 93 71 94 98 98 94 87 78 86 96 100 90 100 85 87 90 98 99 82 92 76 87 98 91 69 97 90 95 100 97 73 93 93 95 70 88 96 89 96 97 99 95 86 98 80 99 88 57 94 100 99 98 91 79 90 97 99 89 91 99 97 83 97 86 93 99 87 95 92 96 76 96 80 99 84 91 96 95 92 89 84 99 93 82 100 99 89 78 89 95 86 80 83 93 92 81 97 95 100 99 96 89 100 98 91 92 98 99 75 94 86 93 88 100 100 60 98 99 88 99 100 93 97 92 99 90 94 92 84 90 100 85 87 78 98 98 91 95 97 93 98 100 100 85 94 90 94 83 86 85 79 97 100 91 95 95 90 100 83

73 91 67 66 74 96 59 42 84 80 15 14 61 6 30 1 43 85 2 46 37 12 92 7 85 8 33 65 29 36 2 72 69 60 10 53 65 71 79 87 8 4 10 83 14 51 58 81 13 30 4 79 24 69 71 79 82 78 47 86 3 5 74 32 4 80 38 75 52 49 80 71 47 92 70 10 73 69 71 80 85 19 58 8 28 41 90 5 74 27 18 20 22 37 77 56 68 74 44 76 11 11 40 17 32 40 34 77 8 93 70 29 42 75 76 34 85 72 26 82 23 25 52 21 68 74 44 81 62 85 11 81 32 3 21 75 69 47 53 21 45 95 64 96 64 84 63 10 3 50 28 79 38 11 71 45 73 18 94 42 9 94 2 4 24 49 85 29 59 60 36 46 87 30 29 31 59 22 52 38 35 65 91 26 87 52 14 4 52 77 79 88 33 23 36 87 38 61 29 94 16 91 38 65 65 86 97 95 39 67 20 99 19 33 42 55 96 50 54 100 46 53 46 9 42 63 39 6 59 77 59 23 15 48 57 81 68 77 20 22 53 47 92 39 93 3 41 89 47 7 69 60 96 87 97 53 80 70 93 53 66 52 45 55 36 76 44 74 5 81 31 63 22 92 7 16 53 39 44 78 80 55 53 62 71 94 47 89 15 71 91 27 81 34 61 42 88 80 11 42 87 24 2 5 2 35 74 37 15 39 98 58 1 31 60 23 46 34 43 51 6 63 97 6 68 74 20 85 78 25 26 42 2 61 85 21 72 29 37 76 41 63 43 41 10 92 25 32 93 42 30 43 23 94 21 97 15 13 78 55 20 15 26 80 75 46 53 81 66 52 57 29 52 15 71 36 56 91 19 7 18 98 77 56 39 5 38 57 12 31 19 64 12 100 47 100 65 4 62 55 3 12 18 40 44 42 38 79 89 30 29 84 98 57 27 79 44 68 12 17 57 11 95 67 60 34 51 27 63 73 52 40 64 36 22 100 86 72 35 13 50 2 80 52 17 34 7 44 26 56 74 85 59 71 43 40 48 77 58 46 28 31 87 70 52 71 66 10 95 65 56 9 68 91 31 25 74 19 19 67 17 23 34 66 21 78 72 39 81 78 37 25 51 82 19 28 61 80 8 15

489 268 242 75 2803 544 322 117 305 1081 129 79 835 930 161 468 144 1015 20 113 641 921 517 417 185 495 367 823 1782 920 593 487 885 271 408 366 395 293 351 520 2030 261 1090 40 34 925 126 148 512 935 202 1156 235 682 228 672 594 248 93 927 62 127 714 1440 881 3053 194 281 375 329 14 278 193 536 394 1318 153 239 431 398 631 482 362 63 1315 218 810 144 381 755 428 295 298 81 93 1033 100 113 188 914 136 804 136 191 252 329 1026 338 1017 905 2883 883 498 577 211 253 1259 1224 229 2517 1671 1332 165 543 2071 1614 394 1218 1936 77 145 798 351 1244 855 374 1439 232 764 56 4397 1639 807 1165 4995 1109 410 165 345 103 125 146 1140 112 2878 684 275 210 186 76 760 371 1049 967 1279 506 108 90 167 84 3019 615 427 1143 81 385 295 1161 96 303 867 296 408 983 65 209 1603 468 127 883 530 528 137 19 890 2206 3082 1056 823 1159 4138 408 129 497 84 49 356 347 213 87 125 311 504 87 97 231 278 751 21 366 155 124 802 334 69 27 1270 409 2987 794 2048 857 87 223 837 754 66 292 115 84 359 561 391 382 485 230 462 731 584 246 68 28 1949 1736 189 436 446 714 556 309 125 415 905 391 233 128 622 324 1264 1390 111 946 54 352 282 224 697 299 604 579 401 1885 991 1505 356 1623 504 987 552 37 76 422 94 385 219 50 493 243 778 1650 277 379 200 970 151 520 50 641 2395 388 62 146 133 28 186 51 317 102 760 190 1377 1483 1722 31 396 131 486 1088 214 134 277 232 319 180 464 1353 2081 4337 500 539 185 2457 141 82 301 111 267 1317 611 287 65 510 97 699 75 502 470 1457 660 38 345 932 1563 81 86 186 337 346 263 249 1350 834 101 972 330 240 94 510 713 319 113 1068 695 754 2138 151 210 404 219 849 1093 24 220 58 510 595 1457 1331 117 477 2244 530 423 4576 251 546 603 516 406 201 122 1933 942 1118 1512 2274 101 778 392 471 190 524 160 1365 436 226 89 721 1227 201 1372 630 49 339 243 86 31 1328 1083 107 624 267 99 896 193 876 62 104 211 890 355 1072 1569 597 51 386 709 98 129 547 145 2213 34 6 901 921 338 453 548 2489 424 53 559 78 652 479 166 1239 244 146 49 830 194 127 805 603 211 304 739 1029 234 124 201 406 146 499 1886 650 73 600
2734 1408 395 691 3070 2276 952 1314 1753 1247 319 137 1131 1191 572 537 338 1309 118 630 1172 1012 1758 999 263 1131 468 2207 2080 2351 1188 910 1061 5034 752 460 642 653 446 1361 3115 597 1664 261 352 1893 146 1530 628 1347 262 2985 541 2321 437 920 2499 886 566 1845 972 643 1366 1463 3068 3860 242 383 654 2086 256 346 1069 816 452 3486 159 265 514 514 2051 735 917 429 1943 397 1150 735 642 4824 515 675 1184 241 333 1163 229 855 343 2227 290 1085 1229 899 751 1107 1360 1055 1475 2654 3343 1112 1011 641 1425 621 2480 1398 791 2888 4075 1565 693 1428 2708 2775 2196 2387 2983 377 201 1241 1046 1685 1461 411 1753 1002 1853 474 4520 2315 3546 1601 5903 1856 676 792 473 268 2284 611 1987 1334 4487 2248 642 329 378 384 1235 697 1326 2527 1413 2297 611 979 698 567 4048 3146 2109 1915 500 449 295 1296 152 1226 937 1179 586 1251 355 3364 2472 527 426 1119 1096 590 436 27 1138 3143 3760 1305 3182 1932 4262 527 473 2290 179 257 688 944 565 569 148 601 822 984 634 338 327 1825 42 732 368 362 882 742 140 115 1808 565 3366 1207 3103 1470 270 228 2177 1509 121 532 151 614 1165 1404 1371 472 1524 455 478 786 2083 753 521 253 2400 2483 356 852 2376 1741 1489 434 642 419 1221 434 833 460 631 425 1315 4944 806 949 62 1350 492 683 1111 422 1044 921 1873 1956 1107 1836 409 2205 676 2089 933 47 189 694 624 568 442 1443 701 273 990 1934 347 623 610 1710 379 1126 737 688 2775 1740 456 596 136 202 291 803 764 268 2964 1785 2709 1952 2677 241 665 240 905 2629 327 521 1941 710 406 1213 2231 1616 2279 4361 1639 610 213 2959 2782 731 368 371 640 1876 707 501 515 1177 555 1196 1662 851 643 1494 1166 399 374 2691 1706 326 299 690 798 1847 268 304 2610 951 436 1446 599 971 483 1071 1782 579 468 1450 1053 954 2566 296 444 629 612 1425 1525 143 1826 2227 656 1612 2870 1455 247 1285 2293 1593 659 5249 476 1370 1382 806 413 955 377 3134 1004 2640 3673 2367 582 1161 636 576 578 859 163 1453 4032 281 347 1656 1815 584 1524 888 330 1657 479 149 991 1611 2392 203 1290 475 441 1457 1760 1028 366 383 376 2569 1505 1245 3065 702 446 536 959 3298 842 1690 158 3149 936 12 1981 1926 886 2171 1190 4014 1091 188 564 548 687 533 836 2212 283 285 2480 953 289 959 874 1299 2149 613 1303 1329 1373 432 745 869 811 1694 1935 735 536 1043
5363 1541 396 816 3365 2406 1351 1456 2308 1906 579 1015 1276 4871 1074 1168 427 1419 548 877 3043 1432 3599 1847 307 2140 487 2309 3767 2857 1651 1140 1485 5700 1021 898 5563 879 1952 2209 3783 909 2148 276 1399 2527 295 1607 1029 1434 429 3497 666 2438 730 1011 3136 932 644 2054 1289 1082 3985 2765 3883 4267 711 911 1013 2209 685 496 1399 1200 939 3757 642 872 527 627 2315 5285 943 463 2708 930 1345 893 866 4827 1999 983 1310 2897 1165 1323 1108 1033 589 2340 416 1319 1296 1208 1551 1205 1404 1229 1532 2997 3665 1524 2190 778 1984 695 2835 1649 855 3624 6770 1639 891 1752 2965 3631 2752 2934 3630 1225 213 2496 1115 2668 1751 2022 1966 1240 2399 636 4995 2847 4836 2392 8357 3191 1181 892 945 486 2827 1004 2185 2345 4993 2311 921 1816 1083 478 1910 2471 1446 3747 2432 2310 638 2810 766 917 5567 6108 2522 1935 856 672 1465 3258 470 1990 1421 1826 1377 2302 506 4234 2677 567 557 1755 1435 2523 1034 252 2600 4566 4267 1547 3398 2704 4922 528 509 4245 1079 553 818 1106 784 620 752 840 1074 1111 895 735 553 2794 1104 796 909 414 948 791 731 225 1961 1503 3924 2255 4165 1833 1153 575 2177 1566 392 622 1493 691 2397 3163 1787 1148 1525 835 675 844 2723 982 678 2953 2460 2563 400 1201 3199 2822 2228 557 774 691 1819 800 948 523 976 877 1666 6190 1247 1168 1049 3034 1035 738 1141 452 1109 1752 3944 2850 2742 1942 896 2588 1244 2964 958 285 399 1805 884 799 585 2040 957 556 1526 3565 553 805 1210 2198 658 1677 1952 919 3385 1806 2404 637 1178 441 577 1149 834 285 5844 2188 3077 2306 2882 510 675 343 1455 3887 837 1050 3298 1352 711 1453 2298 3813 2451 6213 1918 859 444 3559 4066 1821 612 476 777 2694 944 2621 760 2202 1001 3373 1893 2852 650 1515 2216 866 1007 4577 2636 773 299 1207 1906 3399 1241 492 5344 1585 664 1697 758 4298 807 1905 2823 890 576 1900 1999 1104 4282 437 456 889 1147 1732 1929 685 2466 2336 1194 2583 3534 2203 628 1286 2525 3100 1339 5845 1347 1481 2192 836 511 2203 392 4236 1033 4686 5086 2668 4675 1503 678 2979 717 2492 566 4693 5580 466 810 1921 2098 653 2483 3167 488 2827 522 493 1902 4430 4804 334 4098 587 2320 1584 2244 1320 3913 759 413 2979 1892 1417 4170 1891 555 1108 1559 4282 945 3205 274 4945 2353 177 2749 3249 1071 2226 1323 5335 1677 458 1326 1213 1489 2517 1237 3188 604 402 2673 1321 687 1151 1336 1847 2570 953 1517 1619 1832 1653 1728 872 1064 1827 4994 976 659 1155
5620 2425 1776 1166 3653 2559 1587 1711 2881 2645 715 1538 2711 6093 1097 2468 490 1531 790 972 3966 3381 4186 2301 404 2212 1475 2562 7162 2956 2869 2154 1587 5738 1036 1616 5569 1406 2080 2215 4525 1229 2646 724 1414 4032 829 1702 1230 1623 825 4736 887 3336 763 1104 4433 1763 1324 2148 1846 1214 4143 6421 4939 5119 1302 1100 1068 2316 1092 1019 1666 2146 1274 6782 851 1144 702 846 2499 5407 1771 1683 4921 1452 1642 984 1564 5212 2970 1510 1684 2925 1535 2432 1123 1854 964 5032 623 1512 1346 1275 3289 1278 1685 1833 1536 3463 4889 2208 3145 883 3109 956 4026 1797 1892 3705 6803 1929 1101 2215 3253 3995 4745 3320 4882 1420 822 3613 3746 4373 1935 2257 5448 1662 3707 833 5807 2972 6356 2551 8534 3219 2518 1168 1130 890 2872 1032 2766 3421 5563 3460 1127 2345 1257 1559 2802 2636 2078 3852 2458 2790 869 2913 904 1830 7124 6359 3305 2056 1249 971 2272 5020 1229 2091 1480 2024 2567 2384 1319 6155 2926 683 736 2495 1481 3765 1038 879 2640 5968 4959 1590 4846 2827 5432 726 629 4444 1210 1214 958 1469 1176 1158 1023 951 1452 1128 1264 843 554 3721 1786 1181 2008 458 1251 875 861 233 2121 1644 4112 2537 4315 1896 3590 1801 2985 2679 522 953 2561 740 2827 3309 2415 1554 1908 1138 779 881 3056 1758 742 4400 2687 3542 3849 1761 3345 2906 3185 994 1066 696 2417 1209 1177 890 1155 1845 2563 6908 1326 1471 1238 3149 1041 872 1287 462 1518 1804 5217 3190 3009 2121 1026 2677 1483 3668 1008 1069 768 3015 1074 819 912 2136 1343 752 3891 4814 763 1209 1429 3507 855 1945 2251 1302 4897 2829 2510 1088 1541 601 600 2340 878 400 6420 2226 3547 2618 3697 887 1017 502 1751 4423 893 2257 3523 1610 794 1560 2617 5523 2941 6303 6593 1538 687 3854 5379 2460 765 1616 1139 4702 1411 2810 774 2259 1014 4207 3336 4324 687 1912 2267 1004 1271 6170 4180 1575 343 1297 2834 4662 1418 1443 5689 2756 845 2008 1069 6729 1351 2662 4321 1050 698 1912 3644 1186 4841 1131 641 921 1379 2266 2113 726 2984 7784 1542 2694 4316 3381 937 1485 2742 3279 1621 5881 1501 2532 3161 1223 579 4631 653 5276 1585 6020 5921 3571 5109 2251 1402 4212 909 6163 710 4835 5782 751 1499 7295 2768 942 3609 4273 1030 2946 573 1685 2988 4626 5316 599 4394 905 4955 1633 6620 1432 5652 865 520 3281 2000 1855 4511 2003 815 2522 2781 4824 988 3446 304 5168 2867 181 3020 5249 1149 6274 1944 6454 1739 619 2017 7365 1768 4461 2902 4214 716 485 2895 1814 1014 1186 1436 2912 3768 1118 1608 2129 1886 1836 2580 1019 1234 6026 5760 1137 859 1239
6223 3181 4711 1324 5891 3702 1787 1778 3860 2680 1015 1697 2775 6251 1303 3050 757 1544 917 1013 5571 3431 4262 2863 431 2617 1536 2676 7660 3051 3589 3053 2197 6536 1521 1935 5811 1566 2266 3306 4727 2468 2782 1394 2115 4160 1889 1778 1491 2185 1429 5504 1269 3669 1993 1314 4584 1986 1670 3067 1888 1493 4179 8207 5904 7209 2589 1215 1297 2545 1227 1547 1804 2199 2084 8598 1079 1384 775 1245 3621 5454 3007 1818 7371 2364 2309 1175 2022 5405 3055 1610 2053 3146 1602 4630 1426 2789 1129 7656 809 1956 1879 1370 4977 1710 2234 2239 1558 3688 6588 2291 3908 1046 3229 1559 4219 2664 2143 3888 7302 2346 2262 2417 3324 4392 4874 3863 6203 1460 1081 4038 4612 5172 2048 3208 6114 1702 4194 2396 8581 5488 7090 2645 8720 3923 3035 1531 2901 1592 2911 1270 4204 3603 6029 3535 1555 3236 1359 1907 2807 2730 2586 4636 3074 2987 921 3009 1035 2031 7654 7136 4677 2203 1898 1101 2441 6103 1688 3861 1511 2140 5836 2514 1896 6270 3144 718 1068 2496 1581 4258 1042 2056 2711 7667 4983 1610 5716 2868 5640 1542 706 4994 1290 1532 1107 2136 2391 1394 1458 1183 5709 1319 1437 911 952 4536 2756 2488 2109 1007 1654 1400 1281 689 3099 1744 7334 5821 5023 2439 3627 2051 3717 3085 591 1261 2939 1173 3248 3677 2498 2364 2098 1183 1331 1848 3074 1966 932 4868 3196 5625 3893 2208 4074 3101 6765 995 1831 1291 3601 2193 1231 1148 1469 2485 3150 6988 1427 2509 1484 5006 1369 1006 1345 861 1607 2697 5249 3408 3439 3130 1038 2867 1601 5901 1033 1094 838 3018 1255 1549 1019 2339 1749 769 5911 6692 812 1719 1876 5066 1092 2545 2390 1543 5490 3438 2887 1159 1765 786 1007 2501 1256 881 6614 2337 4034 2724 4612 984 1139 584 2793 5009 985 3029 3803 1789 882 1873 3023 6330 4692 6328 7228 1568 962 4084 6582 2518 993 5277 1224 6847 1551 3399 1068 2385 1183 5142 3643 5280 798 2121 2290 1031 1602 6370 4504 1642 498 1694 3596 5366 1554 2312 6006 3054 950 2077 1335 6841 1370 3117 5187 1458 1010 2139 4205 3469 5299 1396 763 1201 2462 2632 2397 776 3482 8289 1667 3857 4928 4797 1144 1589 4436 3718 2061 6296 1531 3009 3314 1397 582 5641 820 6182 1661 6249 6432 6700 6172 3137 1471 4953 1164 6569 1247 5567 6789 1162 1546 8340 3891 1333 4536 4572 2866 3526 637 2723 3322 5205 5903 611 5411 1370 6180 2975 6860 2093 6216 974 646 3300 2934 3114 5092 2388 1369 6733 4123 5898 1809 4223 641 5287 2968 498 3301 6375 1352 7293 3055 8005 1806 831 2241 7629 2856 4515 4237 4781 808 552 3617 2278 1089 2430 3386 3243 4581 1118 2022 2882 1888 1907 2792 1219 1985 6653 6778 1383 870 1263
6372 3477 5187 1473 7298 3702 1872 1873 5435 3757 1144 1773 3649 6719 1617 3347 795 1654 1012 1347 8583 4492 4425 3124 888 2674 1676 2841 8247 3116 7321 3257 2311 8499 2725 2874 6667 1697 2422 3350 7299 2699 2794 2012 2622 4702 2299 1847 1552 3350 1597 5800 1453 3765 2249 2198 4614 2415 2040 3503 2219 1518 6706 8277 7654 7304 2662 1609 1527 4315 1773 1563 2838 2254 2129 8811 1361 1502 870 1747 3706 6085 3412 2077 7790 3494 3175 1655 2081 6000 4180 1728 2190 3232 1801 4933 1472 2825 1476 7912 1052 2186 2992 1571 6776 1836 2249 2270 1593 3953 8319 3031 4286 1153 4291 2525 5230 2709 3551 4248 7415 3251 2807 2570 3837 4873 8384 4673 8053 1563 2404 4427 4973 5966 2056 4708 8310 1909 5791 2862 8887 6449 7879 3288 9003 6837 3239 1532 3393 1648 2944 1359 5182 3740 6724 4080 1760 4246 2074 3556 2877 3048 2604 4744 3228 3127 1216 3160 1877 2124 8121 7951 7455 3002 1914 1123 3745 6571 1909 5309 2799 4169 6030 3157 1957 6326 3278 1400 1574 2793 2294 4360 1192 2269 3290 8730 5360 1735 6895 3370 5830 1688 763 5329 1477 1709 1477 2212 3014 1802 1515 1188 5994 1643 1484 930 952 4823 3165 3767 2749 1879 2073 1722 1472 1919 3210 1798 7424 6044 5867 3241 3946 2462 3849 3859 1085 1758 3064 1384 5329 4677 4324 3079 2621 1853 1403 1893 3375 1968 1270 5006 4148 5693 5101 2212 5143 4162 6801 1010 2528 1330 5017 2231 1391 1439 1563 2692 3233 7691 1637 5723 2903 6376 1612 1743 1634 978 1718 4205 5377 3603 5588 6534 1328 2879 1852 6295 1212 1464 1432 3819 1373 1673 1117 2678 2009 1124 6853 7017 912 1971 2423 6562 1188 2749 2743 1664 6478 4676 3437 2876 2122 989 1427 3137 1545 1450 7534 3106 4044 5019 7592 1003 1839 1104 3472 5149 1192 3034 4155 1860 1174 5007 4199 6605 5696 6454 7375 2717 1135 4555 6779 3298 1144 6307 1688 7408 1771 3720 1145 2693 1528 5678 3739 5932 1340 3244 2327 1553 2910 7742 8035 2014 667 2030 4549 6505 2030 2774 6192 3635 1642 2527 1685 7724 1533 3280 5527 1971 1059 2195 4365 3630 6073 1398 1230 1220 3325 3264 2890 1937 7463 8916 1994 4067 5467 8174 1310 1843 5345 4011 2384 6339 2529 3377 3470 1456 1209 6945 859 6835 1681 6856 6509 6995 6288 3956 1701 5400 1166 8535 3235 6144 8060 1242 1621 8588 3993 1493 4727 4582 3609 4185 910 3342 3839 5831 7942 657 5702 1554 8634 3973 6987 2124 7984 1031 1112 4129 4087 3457 6843 3303 1817 7365 4231 6070 1932 6222 716 5607 3988 1213 3707 7679 1445 7883 3501 9206 1838 883 3388 8099 3255 5446 5326 5007 1655 1700 3979 2298 1118 2518 3629 5079 4781 1130 2095 3654 2219 2041 5378 1306 2074 8294 8114 1552 1193 1313
8182 4160 5811 1723 7888 3917 1921 1899 7540 4167 1331 2076 4129 6807 1865 3465 798 1809 1559 1449 8793 5254 5254 3252 1239 2715 1907 4515 8543 3182 8445 3598 3842 9205 3420 4192 8057 1820 3861 3773 7636 2848 4002 3529 2841 5033 2497 3372 2005 3525 1919 6352 1664 5517 2297 2235 5408 2468 2217 4219 4090 1759 7407 8292 8741 7852 3996 1714 1645 5643 2022 1817 3245 4414 3234 9156 2092 1995 1189 1971 4037 6226 3926 2231 8558 3997 3940 1657 2128 7050 4382 1800 2342 3256 1966 5096 1526 2965 2310 8094 1148 2636 4042 1681 8629 2397 2308 2928 2236 4458 8646 4100 4357 1225 4398 4055 5744 2987 4255 4477 7921 3391 3499 3439 3859 7376 9064 5468 8513 1670 3384 4867 5615 6222 2859 4802 8392 2248 6531 2954 9590 7268 7893 3594 9071 8327 3470 1906 3975 3311 4336 1913 7271 4274 7109 4328 3028 4885 2438 4493 3000 3857 3316 6380 4065 3464 1426 3707 2200 2139 9546 8184 8335 3691 2169 1294 5063 7436 2259 6143 4015 4478 6823 3924 2440 8669 4522 1425 1800 2932 3131 7681 1321 2998 3602 8773 7494 1935 6907 4296 7502 1767 1151 7834 2187 1900 1823 3709 3146 2315 1520 1240 6790 1865 1496 1370 1371 6487 3437 5682 2778 1924 3665 1972 2096 1958 3391 2150 9313 6612 7176 3928 4379 2914 4353 4011 1748 1896 5213 1464 6597 5201 4439 3172 3873 2175 1478 1922 3422 2195 1377 6977 4813 5902 7054 2267 5334 7251 7824 1039 4159 1558 6611 2323 1906 1789 1725 2963 3247 7773 1798 7922 3247 6405 1866 1934 1685 1794 1983 4303 5692 3608 6008 7160 1440 3728 2395 7577 1930 1497 1701 4492 3104 1902 1379 3362 2166 1498 7914 7610 993 2365 3235 8389 1258 3091 3094 1866 7654 6638 3848 3593 3069 1574 1781 3439 1798 1476 7722 3942 4961 6579 8456 1400 1962 1140 3948 5274 1557 4287 4295 2236 1494 6257 5903 8074 6004 6813 8935 3466 1231 6039 7297 3441 1412 6353 1833 7486 1793 4442 1765 4634 2131 6048 4092 6453 2417 3610 2727 1808 2977 8240 8140 2021 1346 2347 4904 6518 2285 3244 6289 3777 1738 3918 1856 8069 2173 4780 5977 3436 2169 3605 7787 3870 7609 2102 1616 1717 3449 3469 3165 2224 7963 9051 2160 6052 6182 9094 1574 2506 6799 7435 2683 7286 3091 4011 3942 1696 1761 7398 1161 8053 1908 7116 7895 8128 6784 4305 1716 5469 1810 8726 3367 8951 8725 1604 2961 8755 4262 1845 5329 7717 3935 4717 1286 3471 3924 8041 8060 1161 6362 2011 9206 4217 7645 2128 8383 1153 1186 4423 4606 4050 7360 4562 1911 7864 4634 6103 2014 6947 762 7046 4692 1406 3794 7759 1683 8138 3995 9699 1843 1510 3709 8337 3888 7433 6169 7350 1776 1921 4271 2462 1222 2761 3756 6460 4922 1560 2238 3662 2243 3613 7327 1661 2286 8645 8711 1767 1791 1399
9231 4866 8771 2074 7925 4224 2278 2292 9366 4670 1635 2105 4800 7625 2146 4242 1201 1940 2120 1808 8816 8322 7964 4451 1251 4069 2193 4585 8762 3616 9238 3710 3897 9562 7186 4306 8519 2396 4453 3958 8371 2973 4390 3593 3781 5046 2505 3390 2046 3899 2351 7337 1832 8311 2400 2430 5561 5216 2337 4614 4374 2248 7666 8343 9108 9291 4564 2835 1754 5951 2442 1866 3906 4812 3652 9156 3472 2097 2049 2066 4323 6582 4462 2231 9617 4173 4783 2361 2339 7191 4767 1900 2567 3402 2312 5686 1593 3298 2364 8131 1650 3252 4350 1883 9419 2469 2366 4673 2288 4568 9079 4900 4850 1816 4475 4320 6818 3769 4475 4491 8151 3670 4732 4427 4439 8074 9339 5987 8762 1915 3698 7864 9326 7459 2866 7722 8962 2388 7104 3676 9844 9066 8032 4501 9322 8887 4194 2139 4560 3459 4430 1999 7681 4310 7492 4568 3126 5017 2480 4513 3679 4072 3841 7117 4447 4188 1520 4011 2220 2163 9730 8711 9319 3945 2356 2349 5964 8158 3130 6241 4426 6061 7494 4760 2474 9400 4635 1618 1874 3789 3255 7870 1324 3501 3722 8840 8970 2202 8753 4411 8488 2270 1296 8558 2372 1921 2219 4342 4055 2482 1673 2128 9306 2107 1726 3601 1507 6560 4143 8931 2928 3142 3961 2087 2178 2162 4331 2166 9422 6646 7213 3969 4460 3955 4703 4244 1880 2064 6759 2264 7465 6131 5773 3213 4494 2247 1555 2100 3839 2302 2142 7276 4838 6735 7822 2346 5633 8588 8663 1103 4188 1626 6783 2389 1984 2026 1908 3361 3274 9321 1927 8782 3880 7405 2279 2465 1988 1969 2016 4553 5775 4131 8476 8911 2035 3861 2662 9146 2183 2177 2136 4654 3756 1953 1577 3747 2830 1961 8265 7758 1243 3121 4598 9493 1422 4169 3515 2227 7864 7771 4665 3943 4565 3981 2168 3661 1812 1544 8938 4052 6499 7896 8515 1424 2126 1715 3973 8955 2063 4319 4609 2350 2099 7418 6119 8711 8333 7339 9841 3931 1549 7869 7747 4538 1811 6658 1860 8088 1869 4495 2275 6453 2155 6844 4744 6709 2478 3821 3538 2027 3275 8283 9459 2121 1463 2384 4927 8553 2466 3902 7590 3800 2026 4099 2083 8791 2214 5304 8106 3950 2241 4574 8558 4354 9219 2193 2110 1817 3937 3726 4780 2332 8880 9547 2185 6719 7758 9112 1603 3205 7937 7693 4623 7715 3182 4201 4166 1750 1950 7628 1292 8476 2059 8009 8106 9623 6878 4321 2374 5652 2126 9125 3719 9248 9544 1744 3249 8854 4395 2052 8301 8791 4535 8424 1956 4658 4114 8120 8162 1590 7470 2412 9493 4349 8975 2376 8383 1586 1349 4530 4765 4335 8052 4849 2093 8413 4664 6782 2071 9330 1390 9198 4793 1461 4363 8800 1739 8478 4089 9928 1940 1622 4518 8459 4005 7537 9229 7384 1930 2119 4813 3185 1370 3363 4142 6540 5395 1722 2319 3895 2322 3829 8174 2018 2365 8712 9061 1920 2120 1570
9908 4971 8781 2410 8653 4365 2380 2442 9811 4822 2337 2278 4888 7711 2156 4394 1491 2074 4304 1845 9400 9134 9431 4970 1567 4523 2464 4674 9591 4705 9787 3711 4520 9873 9542 4336 9884 2531 4894 4010 9661 3635 4947 4676 3996 5058 2543 4309 2086 4208 2510 8324 1942 8594 2422 2560 7973 6575 2431 4930 4439 2337 8034 8849 9401 9909 4942 3396 2391 7705 2511 2240 4308 5036 4301 9645 4993 2211 2329 2316 4769 8286 4797 2265 9863 4701 4971 2445 2547 7550 4910 2356 4254 4738 2437 8290 2117 4563 2426 8967 1870 4999 5019 2362 9536 4970 2469 4683 2409 4776 10011 4922 4927 1983 4744 4402 9543 4008 4838 4546 9707 4414 4769 4621 4906 8958 10012 8980 9278 2327 4500 8548 10009 8760 3405 8720 8989 2505 8440 4937 9886 10066 9887 4750 9743 9879 5003 2244 4862 3644 4814 2199 8442 4552 7752 4848 3525 5034 2521 4886 3999 4510 4415 7339 4518 4344 2322 4546 2553 2436 9961 9203 9423 4378 2399 2420 7561 9666 3348 9623 4815 8296 8406 4796 2534 9872 4660 2049 1895 4123 4757 7917 1727 3916 4964 9802 9811 2288 9161 4822 9254 2439 1906 9087 2453 2166 2385 4875 4753 2529 2403 2405 9815 2179 1803 7660 2522 8754 4531 9861 4778 3490 4349 2183 2346 2176 4994 2203 9560 8521 7301 4776 4611 4579 4769 4567 2316 2396 8919 2329 8070 6952 7933 4636 4805 2549 1865 2214 4557 2330 2144 9731 5079 7682 8007 2530 7037 9783 9618 2242 4253 2037 8979 2533 4197 2473 2111 3914 3863 9470 2399 9824 4666 7720 2317 2565 2509 2330 2147 4980 7938 4791 9772 9471 2184 4734 3300 9853 2210 2473 2446 4994 4302 2036 2196 4124 3621 2413 9458 9200 2403 5033 4878 9666 2159 4826 3751 2462 8845 9639 6185 4043 5042 4932 2184 3894 2068 1633 8982 5019 8179 8714 9874 1541 2152 2157 4615 9740 2073 4670 4614 2410 4144 7499 7148 9709 8639 8858 10010 4164 2124 8568 8873 4899 1829 6998 2102 8977 2231 4834 2297 8495 2318 7267 4799 8270 2523 4378 4479 2412 6506 8851 9900 2162 1734 2409 4934 8697 4907 4719 9312 4183 2199 4859 2197 9865 2278 6330 9285 4623 2365 4640 9852 4574 9413 2280 2451 2003 4360 4534 4808 2493 9271 10035 2505 9923 8435 9143 2044 4307 8364 7984 4770 8233 4818 4881 4767 1846 2216 7636 1880 8482 2493 8396 9820 9925 8805 4578 2448 6772 2186 9312 4398 9547 9602 2520 4474 9436 4686 2088 9495 9474 4601 9980 2248 4885 4365 8409 8459 2026 9144 2485 9700 4742 9214 2415 9408 3491 1971 4875 6725 4541 8509 4909 2439 8868 4964 9640 2398 9993 1391 9920 4905 1548 4577 9566 2282 8560 4318 9988 2278 1925 4864 8537 4411 10065 10073 8130 2122 2555 4889 4292 2403 3905 4591 9605 7667 2229 2333 3904 2379 4719 8839 2573 2407 9410 9634 2013 2519 2382

386 129 131 54 1513 415 221 40 96 864 45 72 530 247 89 356 71 147 5 31 307 599 68 191 5 296 160 93 1506 347 302 239 852 70 90 39 181 271 176 261 1030 141 800 4 10 671 87 122 320 923 133 383 88 283 200 49 74 111 74 900 21 14 695 1089 856 732 18 265 366 290 1 101 147 189 337 171 90 60 201 258 385 156 160 44 402 212 772 142 263 567 282 246 188 36 34 508 36 43 147 600 32 726 36 185 90 211 6 62 90 8 1306 64 346 464 165 239 820 138 99 744 110 899 107 509 1890 957 33 571 1863 24 143 725 47 616 800 17 1023 94 710 9 2260 1541 31 776 1155 403 403 57 171 87 104 19 404 15 865 593 117 25 154 20 6 316 301 821 1247 264 100 5 39 29 288 365 315 490 79 248 216 570 65 144 233 86 356 404 12 91 383 344 1 610 116 158 101 5 658 405 2735 909 162 77 3960 148 1 331 68 36 211 6 9 5 83 146 47 85 73 81 79 418 5 327 87 82 75 320 3 16 534 150 773 418 1835 588 76 105 287 103 4 232 8 47 106 371 285 132 257 97 22 302 471 168 25 9 896 956 65 147 345 1 7 45 91 387 447 225 84 79 94 290 1075 629 108 214 49 219 190 200 278 250 452 301 327 1730 718 193 84 1168 417 905 188 32 54 179 43 199 159 19 349 30 742 1586 69 49 127 39 51 300 48 530 2102 179 40 101 132 11 14 12 184 98 244 34 1129 1287 1561 4 189 51 211 952 210 23 186 96 200 29 257 463 484 2068 182 233 177 1982 56 15 31 80 104 1253 136 43 4 385 66 151 38 420 28 710 344 22 317 10 1551 11 53 184 127 24 59 175 815 712 79 445 118 182 73 443 520 173 109 529 551 52 123 35 87 307 18 41 1024 13 188 14 329 314 1000 1069 116 334 300 135 233 663 47 21 552 119 327 40 115 385 50 713 1507 1110 83 555 32 28 63 399 111 175 217 176 3 219 1133 63 1311 528 8 169 193 9 28 715 722 31 108 58 82 37 57 554 41 26 82 306 329 473 978 329 23 359 614 26 12 154 126 1171 29 3 490 432 255 341 525 2232 128 18 189 57 322 75 145 905 58 28 29 122 28 25 354 482 18 155 485 25 91 110 96 400 7 17 814 399 51 240
