500 9 1
42 88 25 73 57 53 77 22 33 42 34 8 56 99 14 23 52 65 43 53 19 40 66 90 73 92 74 27 75 37 38 65 100 87 49 10 28 86 60 67 66 44 8 29 19 50 34 20 83 4 14 57 46 21 11 88 46 75 55 13 22 2 9 8 57 41 10 6 49 58 52 33 19 73 40 18 43 15 55 78 30 25 30 98 83 14 95 24 53 96 52 24 31 70 93 71 47 38 32 91 70 14 5 12 35 53 22 40 35 85 28 19 10 68 45 1 65 80 50 79 19 89 1 81 3 84 62 18 20 33 77 82 82 56 95 71 35 85 35 75 33 32 8 30 46 21 18 22 17 53 93 24 45 87 44 13 79 99 69 53 50 46 83 49 73 88 17 88 51 80 98 11 59 43 14 36 44 37 40 35 25 21 100 16 35 11 69 70 45 17 37 94 34 91 87 63 43 61 3 12 99 96 45 85 38 35 61 45 66 54 76 65 55 30 64 36 80 88 12 68 13 29 39 22 35 85 10 79 41 31 67 83 28 62 25 95 91 78 13 28 46 32 25 13 91 7 21 42 31 5 71 16 54 16 88 51 90 85 88 37 78 85 46 2 26 43 65 41 87 24 9 39 57 100 83 99 43 62 58 24 45 39 71 35 95 12 56 68 69 98 88 62 66 30 72 87 33 31 34 49 70 49 60 100 56 100 71 83 45 18 67 32 64 29 89 39 11 68 70 19 15 63 21 39 61 13 28 14 22 49 35 21 76 14 61 17 29 15 25 95 62 78 17 2 31 79 4 12 66 71 93 8 71 2 58 65 87 13 35 31 24 59 14 41 34 87 98 48 82 67 53 52 88 33 43 63 39 88 50 90 15 53 12 54 24 19 62 16 59 71 13 92 21 37 43 21 70 9 5 62 66 1 52 83 83 51 42 86 34 62 87 45 35 8 94 66 87 74 11 25 26 55 6 83 13 66 17 71 31 20 67 70 68 98 12 44 93 85 30 1 87 37 76 60 87 32 8 84 75 83 65 1 10 24 74 13 9 35 81 71 90 35 26 57 83 45 50 64 23 12 72 39 82 76 70 100 74 74 34 1 60 80 86 72 85 62 70 62 7 37 74 59 57 49 54 62 58 35 14 38

2 24 11 1 1 13 4 11 1 1 11 3 4 13 5 3 8 9 25 5 10 14 10 3 5 2 3 5 9 7 1 23 4 3 1 5 4 1 12 26 7 11 3 12 50 3 14 7 18 23 7 2 19 3 21 10 4 10 2 2 1 5 3 15 3 24 4 14 15 2 19 1 2 2 4 3 7 1 4 1 15 8 7 8 29 12 14 24 16 9 21 23 1 9 1 1 31 1 10 16 9 3 1 9 13 5 6 4 6 3 15 12 2 7 19 3 11 4 9 8 20 4 4 8 16 5 1 5 22 16 31 19 2 8 1 19 30 7 1 9 9 4 11 8 5 2 11 25 1 4 3 17 21 6 5 5 1 3 2 1 41 47 2 26 12 4 6 2 17 2 24 15 2 23 8 1 2 31 8 8 1 6 9 3 17 10 17 5 4 2 3 18 10 1 1 6 21 20 16 12 3 4 15 15 12 24 5 8 4 1 28 5 3 21 20 4 10 13 9 2 13 13 2 4 5 25 4 6 7 26 15 1 17 3 9 22 2 26 21 4 29 8 10 1 1 12 2 13 1 10 2 2 5 2 28 3 4 4 5 6 13 22 17 7 19 3 22 8 9 9 7 10 15 7 6 26 12 5 3 4 2 2 20 62 13 6 7 1 11 4 43 1 7 4 6 13 9 31 9 16 8 2 10 6 23 8 6 29 6 6 24 9 32 18 4 7 3 9 2 1 1 11 3 1 4 28 9 6 8 7 4 10 5 2 7 2 3 23 8 8 13 9 18 2 2 9 1 10 6 12 3 18 24 25 3 13 8 9 13 7 7 6 10 4 4 6 19 4 2 12 10 8 9 17 7 5 6 4 8 2 16 9 6 14 4 9 3 17 10 4 1 8 5 6 13 1 12 12 31 3 3 9 17 11 8 3 1 11 2 5 4 6 1 3 1 20 12 12 12 11 7 3 2 6 2 12 5 1 8 4 1 8 16 5 4 5 13 6 34 37 4 3 1 6 24 18 18 28 13 10 14 1 2 8 24 2 3 23 7 12 35 3 10 6 8 1 13 4 1 9 10 6 13 8 15 9 14 5 2 17 10 5 12 6 1 2 4 36 11 7 19 3 3 9 4 24 14 8 7 3
7 39 18 8 60 17 24 24 9 43 24 45 9 18 17 12 10 12 27 11 17 18 13 19 14 7 7 36 21 8 27 31 26 6 8 14 20 21 31 27 18 23 7 22 54 39 27 8 28 27 9 25 21 37 30 11 13 23 6 38 7 11 14 27 14 34 7 15 26 5 19 6 4 5 8 4 49 3 8 21 34 28 23 22 54 28 23 38 17 18 29 25 3 20 13 39 53 14 16 23 54 12 29 13 32 18 18 7 8 13 19 13 16 21 21 8 14 49 21 45 31 29 5 17 31 6 7 10 45 32 40 26 4 12 15 21 42 33 29 17 28 26 17 12 8 9 16 27 8 8 5 20 27 15 16 14 9 38 6 25 46 52 13 30 19 26 10 2 43 11 25 44 27 27 12 10 13 39 24 24 3 14 15 14 43 11 23 9 9 7 13 30 19 42 11 17 51 35 40 27 14 8 26 20 30 25 6 24 42 4 69 6 28 25 23 33 11 19 23 6 16 28 18 13 35 29 37 11 43 33 17 18 17 5 11 35 4 42 34 9 63 14 19 16 12 16 12 23 1 10 14 7 22 6 28 11 33 10 11 7 20 25 41 15 29 11 24 25 19 17 9 22 24 19 13 44 27 7 7 10 6 30 33 69 20 17 35 10 34 4 45 22 8 23 22 32 14 33 12 24 38 7 19 31 27 25 15 32 38 12 31 14 36 21 6 14 18 30 2 2 12 21 19 21 16 38 13 7 13 25 9 10 16 10 31 14 7 29 9 10 18 10 43 3 5 15 9 30 6 18 10 29 26 29 13 21 14 20 13 10 18 26 11 17 23 17 25 14 22 16 41 28 11 21 32 18 12 7 39 2 22 10 8 25 7 13 13 25 13 25 9 15 6 12 23 14 17 51 34 30 19 12 20 20 16 22 26 21 11 10 7 13 7 17 8 21 22 20 13 20 22 7 4 37 10 15 12 19 8 5 35 11 26 20 8 10 23 10 36 37 9 7 10 24 32 21 20 35 14 10 22 1 20 31 27 2 13 27 8 18 48 5 11 8 11 14 25 13 15 10 14 22 25 29 21 13 20 28 13 19 23 27 29 10 20 9 21 36 14 17 34 12 12 30 15 34 15 14 15 15
9 57 26 33 60 19 53 30 34 50 42 49 24 30 28 18 30 16 34 24 46 24 17 33 23 13 45 46 45 24 29 52 44 70 18 20 41 22 33 29 26 27 41 28 55 41 30 9 32 29 27 34 44 40 60 13 38 32 7 41 17 27 16 41 31 39 8 18 37 23 21 13 8 23 15 21 53 4 10 34 46 62 29 24 63 38 24 42 25 19 30 35 6 46 36 39 62 30 21 36 56 26 35 21 47 30 45 23 10 39 27 38 22 21 27 11 29 52 30 55 33 38 8 25 36 37 22 28 66 36 45 31 29 14 15 28 43 37 41 61 41 41 26 31 11 38 17 30 21 21 19 25 36 32 23 20 27 56 28 28 49 53 18 42 36 50 16 2 70 17 31 44 34 63 18 11 21 53 35 31 11 14 26 14 46 11 31 14 15 19 24 33 33 43 13 26 53 37 42 27 16 8 47 49 33 32 23 39 43 29 70 13 43 30 34 37 59 34 42 14 22 29 20 20 42 52 46 25 59 41 28 18 18 23 12 37 39 42 37 31 64 19 22 32 47 22 14 33 4 11 30 11 32 8 34 15 39 20 38 12 26 29 46 27 31 19 37 29 31 18 17 24 30 25 13 54 29 39 7 21 9 32 50 71 28 33 37 22 37 29 63 34 24 27 24 36 18 39 59 25 51 12 27 44 50 48 21 33 57 17 46 17 56 22 10 34 22 33 10 48 56 44 21 22 53 40 13 8 30 28 24 31 22 28 36 33 22 29 10 24 21 13 56 3 50 39 28 46 11 21 17 45 29 46 31 38 28 30 13 15 26 32 33 19 23 18 40 22 36 17 41 40 25 23 41 20 17 10 40 10 37 13 17 26 7 13 45 29 17 35 17 22 36 14 25 32 21 63 42 31 26 41 28 27 23 24 34 28 16 11 33 40 8 22 39 22 32 21 17 26 38 20 7 39 13 17 25 49 26 13 47 28 53 27 36 11 31 13 39 40 19 20 28 26 57 32 20 43 26 34 45 13 21 54 28 13 14 30 9 23 59 37 31 17 29 31 42 16 30 17 21 23 32 43 24 13 39 35 34 23 30 32 64 15 39 23 39 55 20 28 38 20 20 37 17 40 18 26 16 54
39 57 28 35 64 50 58 30 56 52 48 53 32 44 28 38 34 18 41 54 71 26 59 55 35 23 47 58 45 30 33 54 51 71 22 21 45 34 38 32 58 28 61 29 60 45 45 26 35 33 49 41 54 44 73 13 43 34 11 66 21 35 30 41 33 53 17 39 40 26 30 25 16 40 21 23 57 13 28 39 46 70 41 50 69 50 26 46 32 31 31 44 13 47 45 40 73 39 47 37 59 37 50 33 48 37 55 37 25 54 32 47 45 32 51 21 67 61 37 60 39 40 13 51 39 37 25 31 71 37 54 40 54 14 26 29 49 52 46 63 53 48 30 38 13 56 37 38 27 24 22 29 41 36 36 29 28 60 37 34 50 82 36 49 53 59 41 24 71 40 38 53 46 76 21 45 21 55 41 44 17 33 30 33 59 20 35 18 24 50 37 34 46 49 29 30 65 38 54 28 24 13 51 62 37 38 38 67 54 44 71 16 45 47 59 42 59 35 48 15 32 31 24 23 47 55 54 32 72 45 34 51 22 36 13 66 41 59 43 32 64 33 32 48 54 29 15 62 5 25 33 28 34 22 34 21 52 30 42 53 31 38 53 35 37 49 56 35 45 55 48 40 34 35 15 57 30 75 13 34 23 36 60 71 30 46 49 35 43 40 76 38 60 33 54 52 34 43 67 59 55 36 30 48 60 52 59 41 61 26 46 17 62 24 31 54 24 41 11 61 59 82 23 28 53 42 23 28 40 30 36 31 53 50 59 46 22 47 17 25 30 15 63 14 57 43 31 47 19 29 39 48 35 52 47 48 32 33 20 39 30 37 36 40 56 70 61 62 45 18 50 44 47 23 53 36 45 26 47 18 45 18 44 58 36 43 59 30 20 38 33 22 50 16 62 34 34 69 44 48 41 55 29 56 23 35 45 37 16 22 46 60 18 23 62 27 36 28 23 33 71 22 8 50 44 28 33 53 28 48 50 35 54 66 56 45 36 32 54 43 22 22 38 33 59 33 40 54 30 37 52 19 44 65 38 29 22 62 15 26 59 38 60 44 32 37 47 23 32 18 26 24 40 44 28 38 65 35 37 46 36 38 67 40 55 23 43 56 25 49 43 32 20 45 37 59 30 29 18 83
41 60 46 42 74 50 68 32 62 61 65 61 49 47 49 64 40 21 69 58 75 35 65 68 40 40 63 63 46 34 35 54 59 75 34 28 62 41 55 39 66 40 70 32 72 53 50 40 41 39 57 46 54 47 73 43 50 48 19 69 23 40 31 59 35 56 24 58 43 32 57 37 19 41 22 52 62 33 39 39 47 76 51 54 76 67 32 49 34 49 33 58 38 63 56 45 79 44 50 41 64 42 51 59 51 38 74 70 58 65 34 47 78 34 64 35 71 71 49 61 62 62 17 61 40 70 61 33 74 60 67 70 56 47 27 43 55 57 51 65 56 56 30 43 21 59 46 41 45 54 49 42 42 48 60 29 56 60 57 38 51 83 67 50 67 84 55 24 73 64 44 70 62 77 30 45 23 64 46 46 27 48 48 36 75 29 54 24 27 62 51 52 55 54 48 54 69 50 72 30 27 19 59 62 38 49 38 73 66 52 73 34 54 48 60 46 68 43 53 29 41 47 36 50 72 61 58 37 85 64 42 66 36 61 18 75 42 63 50 38 66 35 42 57 65 30 32 64 32 47 38 60 41 28 40 24 57 38 47 68 34 38 66 37 38 69 75 36 58 81 57 44 46 40 54 58 36 84 36 41 28 47 61 71 41 61 55 48 49 51 81 77 84 69 72 71 37 69 82 61 56 40 37 50 64 60 64 47 68 39 49 30 65 29 47 62 49 56 26 62 78 89 32 30 54 58 31 39 58 44 37 31 78 61 65 73 44 58 46 38 62 47 67 27 61 74 38 49 37 30 56 49 69 56 60 67 33 53 46 44 37 41 48 78 60 71 71 63 46 19 55 49 59 39 69 48 51 30 48 48 48 37 53 60 41 52 59 35 35 48 39 30 53 30 68 36 49 74 50 71 68 68 39 66 43 35 59 37 19 43 52 66 38 31 64 38 43 37 32 38 86 24 29 50 46 28 42 60 38 56 64 38 64 75 58 48 47 41 56 49 26 32 42 63 64 38 48 55 42 43 66 32 57 68 48 36 42 79 18 39 60 53 63 44 34 71 55 59 37 19 32 38 44 53 44 44 65 60 48 66 40 42 73 52 62 26 53 57 29 55 43 36 33 57 66 59 38 30 34 85
50 73 55 48 77 71 71 40 67 73 76 64 52 55 60 67 53 34 72 59 78 77 78 70 44 44 66 68 52 43 35 56 69 81 47 35 75 46 58 40 69 51 78 54 74 55 68 45 59 48 71 73 66 48 85 78 58 63 25 71 33 43 55 85 62 74 52 78 57 61 58 38 23 42 22 54 79 37 52 41 49 76 65 58 82 70 34 58 47 60 57 68 51 74 58 50 80 52 59 45 74 72 74 63 51 40 74 74 80 66 39 53 79 57 66 64 77 78 60 64 68 62 34 66 54 76 80 38 76 65 72 83 57 55 44 43 59 64 58 65 64 88 33 64 51 71 62 48 47 68 52 51 43 49 61 32 58 64 57 58 66 90 68 67 68 84 80 26 76 67 66 71 77 81 57 50 23 70 69 50 55 54 56 40 76 30 63 34 70 67 55 60 77 64 58 72 75 72 74 39 52 33 81 63 54 84 61 81 69 79 81 70 56 54 64 54 69 50 64 29 72 63 41 54 78 69 68 37 93 79 45 67 41 71 40 85 70 64 66 42 71 47 48 72 74 38 34 76 62 57 51 62 74 70 42 75 70 82 48 72 45 48 82 53 40 72 77 69 64 83 65 50 50 41 59 65 69 94 51 48 42 48 68 74 56 77 57 55 55 59 85 78 87 79 82 75 53 75 88 66 65 70 74 54 80 81 66 57 78 44 50 48 70 33 62 68 66 56 28 73 82 90 44 31 64 67 65 39 79 55 38 41 80 86 80 74 66 67 53 41 73 50 70 28 71 79 62 51 53 32 75 63 76 72 75 79 34 60 60 63 63 48 56 81 67 81 74 78 63 27 66 50 71 40 70 51 57 33 64 55 49 40 65 63 46 68 67 35 42 54 51 43 63 50 76 83 51 76 80 82 74 74 51 80 44 40 67 39 21 54 61 79 67 40 64 50 53 55 49 44 88 24 50 52 71 35 44 69 40 56 72 53 88 76 62 48 60 46 62 58 39 32 43 68 65 54 51 69 56 60 72 37 58 68 50 51 56 87 20 40 80 72 75 45 40 78 57 60 48 21 45 58 48 54 56 44 84 65 57 69 42 45 85 64 65 48 58 59 34 57 60 49 42 58 75 63 44 55 46 87
58 81 64 65 85 71 77 63 69 76 85 66 57 66 65 68 56 46 75 61 83 78 93 80 65 62 67 90 60 88 40 58 86 88 52 61 76 48 68 57 70 66 83 64 90 56 71 48 70 49 76 78 74 48 87 87 65 83 27 82 63 77 58 92 63 75 55 79 58 65 60 84 27 46 30 56 80 42 55 60 61 80 78 70 90 81 58 72 48 65 74 72 57 96 63 79 92 70 72 66 83 73 82 75 68 46 79 82 91 67 54 60 87 72 68 67 82 80 71 71 86 66 52 73 64 83 83 39 77 83 79 84 58 58 62 51 63 79 63 78 71 89 70 65 54 73 82 48 59 84 55 69 53 50 95 32 72 70 77 73 71 95 73 74 93 90 82 38 77 78 78 71 81 85 73 80 37 77 76 68 64 66 58 47 89 56 74 42 79 79 56 64 85 66 76 79 77 72 90 60 81 49 85 66 55 89 80 95 72 83 87 74 59 70 67 61 72 64 69 68 81 72 80 65 90 69 84 69 94 80 69 73 52 78 47 94 78 84 71 61 85 72 59 74 77 50 37 79 70 80 86 70 87 72 67 83 84 97 51 87 66 53 84 62 53 83 89 70 68 84 65 52 58 49 75 65 82 94 65 77 57 57 75 77 59 87 60 64 62 62 88 81 88 82 84 76 73 79 95 89 68 77 76 63 84 84 74 63 82 56 70 50 73 39 77 94 81 60 42 77 83 91 52 36 67 71 66 43 91 66 41 77 82 87 80 83 72 84 73 91 82 76 73 54 85 82 82 56 64 42 80 65 77 87 77 84 70 63 66 73 69 58 69 83 71 81 87 79 96 62 66 57 82 73 76 54 83 54 67 76 57 67 81 72 48 68 73 46 53 55 57 52 74 52 81 85 68 80 80 82 75 74 59 84 79 41 88 59 53 62 62 85 77 47 79 51 55 61 59 49 95 34 64 56 76 51 59 85 49 80 83 86 90 81 62 64 72 47 69 62 53 34 56 71 75 58 71 78 81 67 78 37 66 77 58 73 85 92 73 40 86 89 79 67 53 80 71 74 50 21 52 72 53 72 76 55 95 74 64 71 78 72 89 67 80 64 72 74 37 58 71 73 76 60 82 64 51 83 56 90
65 98 70 65 95 85 78 66 72 80 93 71 59 81 85 72 63 73 80 62 83 80 96 94 70 89 79 95 62 89 60 69 98 91 64 82 89 60 92 80 88 79 83 76 93 72 80 71 70 59 89 83 82 77 89 95 92 84 82 93 67 100 79 93 77 78 65 84 64 86 67 84 42 82 30 81 91 51 84 97 65 89 90 76 96 82 75 92 60 89 84 79 67 96 72 90 93 76 91 74 95 86 84 81 77 79 79 90 94 85 65 61 92 80 80 75 83 83 76 99 88 68 53 75 84 87 91 54 80 83 80 87 59 75 76 59 73 83 72 86 85 94 84 66 57 75 93 49 76 90 69 71 65 56 96 52 81 86 98 74 75 97 86 95 98 91 91 50 90 88 87 75 82 87 85 91 45 88 91 90 82 73 59 53 98 90 79 69 85 88 62 76 88 85 82 99 88 86 91 78 83 53 90 79 81 96 83 95 89 86 94 77 73 70 75 69 75 71 71 72 88 72 84 73 93 70 93 74 98 89 86 82 56 80 52 95 96 85 71 66 97 73 72 78 79 60 41 95 81 84 92 70 88 73 78 90 93 98 57 91 96 57 91 68 57 86 97 86 70 85 70 53 63 49 77 79 91 96 84 79 73 59 76 83 70 95 62 71 67 77 88 88 96 84 92 86 92 86 97 89 70 79 87 64 96 91 81 75 94 70 71 74 90 50 82 94 90 79 53 78 84 94 61 47 67 80 70 64 98 76 66 85 92 90 84 84 78 92 82 97 83 97 77 80 99 83 93 83 84 58 81 70 96 89 86 93 74 70 69 92 84 73 90 87 80 96 87 89 96 64 79 68 90 78 78 70 91 56 86 97 65 67 83 82 51 82 82 48 70 69 78 56 85 59 86 95 86 90 93 84 82 87 68 86 97 42 90 60 85 68 63 85 78 71 86 74 71 80 70 76 96 53 64 77 86 57 66 90 50 89 86 92 90 86 100 78 78 76 73 64 65 63 64 72 93 85 79 94 83 84 79 57 77 77 78 83 88 98 76 78 93 93 94 70 79 89 77 96 78 26 56 73 66 87 82 73 98 82 74 96 80 81 94 68 93 66 81 77 58 62 82 73 79 92 83 78 61 84 70 96
99 100 88 72 96 92 91 71 93 92 100 81 73 82 86 97 74 94 82 87 93 91 100 97 81 94 83 98 91 95 92 95 98 92 74 87 97 81 93 96 96 93 96 85 99 84 97 90 92 77 95 91 91 98 94 97 98 90 93 100 92 100 96 93 85 82 70 95 82 94 96 99 51 83 94 100 98 66 94 99 85 90 99 95 97 93 81 94 99 89 90 100 94 99 75 94 98 77 100 81 97 88 97 89 78 96 93 92 97 97 89 68 94 100 92 91 85 85 91 100 91 94 89 82 95 96 96 92 93 85 98 95 97 78 86 85 82 96 86 99 92 99 96 73 73 98 100 85 91 92 87 94 78 89 99 84 87 88 98 83 83 99 99 99 99 97 97 61 97 93 90 79 87 99 88 98 80 93 92 96 100 77 61 74 100 100 97 88 94 99 63 93 96 88 90 99 98 97 94 87 90 69 97 100 87 100 99 96 96 99 99 87 89 96 97 87 90 99 84 85 95 90 90 86 96 78 93 89 99 89 93 93 65 98 74 98 99 94 95 77 99 78 85 90 79 99 92 97 86 98 96 83 99 81 91 100 95 100 100 97 96 68 93 94 98 94 97 100 100 88 100 66 73 64 78 96 99 99 100 89 85 65 84 84 77 95 63 100 94 87 91 91 100 95 92 96 98 100 99 96 84 96 93 88 96 96 100 78 96 98 72 100 99 85 90 98 93 92 73 88 91 99 76 48 79 82 70 88 100 82 84 91 95 95 98 97 90 99 92 97 88 99 79 83 99 88 94 97 87 82 82 72 96 99 97 97 90 76 93 99 91 92 90 100 80 99 90 99 99 69 88 98 91 92 93 91 91 82 88 98 85 77 97 82 83 94 99 59 86 96 87 84 90 97 90 95 91 100 96 90 94 98 91 96 99 70 93 84 98 89 96 96 87 98 99 77 74 83 78 82 97 68 87 89 91 73 69 93 68 100 100 93 91 90 100 96 86 88 75 88 65 69 82 82 97 100 80 100 95 87 80 61 87 98 83 88 93 100 84 80 97 95 97 83 85 99 81 99 84 66 88 74 91 96 100 86 100 82 76 96 81 87 96 73 98 85 96 92 80 90 90 76 82 96 84 79 67 100 100 100

45 2 68 31 48 87 44 1 25 41 31 100 33 65 37 3 40 52 57 73 2 56 51 99 54 66 8 87 65 4 62 97 22 77 100 91 7 33 41 54 61 82 67 33 50 89 100 72 30 3 94 58 56 2 13 74 18 8 80 82 9 33 32 36 45 4 48 21 6 41 4 33 17 89 95 22 93 61 16 33 75 45 34 14 62 96 48 9 56 100 66 58 19 71 21 27 56 5 48 29 80 57 97 5 51 44 50 24 87 29 10 72 31 3 4 14 71 78 96 4 79 41 11 42 6 10 68 51 26 93 85 94 16 22 56 92 9 42 30 26 40 37 94 95 81 25 40 100 7 42 82 36 5 50 22 26 91 43 27 69 40 98 75 25 89 48 31 15 22 19 23 94 14 46 93 51 93 65 60 47 81 83 31 72 28 93 41 43 9 64 61 15 73 24 3 44 55 35 23 99 21 54 14 43 47 26 83 41 40 30 4 64 24 64 13 37 6 16 87 63 27 72 79 64 48 41 63 15 26 47 24 44 36 55 18 39 78 1 70 54 29 3 55 22 70 6 69 9 5 8 6 14 31 95 93 35 94 68 50 33 78 72 70 79 24 20 62 54 71 28 6 58 31 25 72 83 49 54 49 16 50 98 49 30 20 45 12 41 38 13 38 37 91 97 53 53 22 9 78 96 75 60 93 72 89 74 47 100 29 69 72 84 21 53 13 87 34 84 62 32 1 63 51 97 66 8 7 90 20 82 48 91 6 66 55 74 73 48 33 6 51 82 56 29 48 47 91 67 56 23 45 1 59 39 73 64 19 51 68 10 29 49 93 17 23 57 60 6 76 66 3 99 68 41 38 85 81 34 27 28 46 78 27 3 66 60 26 49 77 99 91 17 32 100 99 68 82 81 91 50 54 4 65 49 79 5 26 59 68 97 41 80 45 83 35 100 26 24 86 19 18 67 55 28 23 64 60 98 95 27 69 7 28 51 50 58 93 16 6 83 53 19 30 19 62 34 16 38 19 89 3 90 91 97 54 68 2 81 81 8 40 82 57 67 6 17 68 32 40 10 55 71 49 33 50 52 92 64 90 8 31 20 72 82 85 21 11 62 84 41 33 72 48 23 67 12 100 87 59 69

45 1574 72 2403 217 53 1188 95 3743 1359 58 224 567 636 103 95 219 658 340 162 794 116 358 99 1276 127 131 1659 717 339 160 540 525 1275 724 223 296 86 934 206 170 131 1020 515 2795 315 654 230 454 7 55 215 879 1551 1033 1031 2818 1939 2762 1116 425 61 616 281 422 1117 1536 53 532 1603 576 334 973 988 580 221 386 2301 178 656 56 826 371 587 108 402 129 89 1356 263 138 78 40 172 131 155 714 1018 431 2059 146 771 422 349 664 592 54 379 186 534 440 95 13 73 2317 795 361 1520 240 643 190 211 685 165 315 308 232 65 443 692 420 832 260 447 228 213 768 388 1215 333 267 308 70 1180 443 483 305 162 452 160 428 96 86 137 580 1166 201 278 1396 1702 259 1105 609 369 351 355 4450 245 2238 440 121 668 694 294 74 66 687 307 740 115 380 388 340 797 1834 1227 1141 109 249 41 653 992 346 140 93 85 103 768 1418 372 223 129 150 1194 300 122 137 74 143 1192 150 96 653 1622 629 792 315 433 327 208 64 1876 274 1136 668 567 390 146 300 266 152 154 977 689 130 4711 144 160 85 764 507 109 104 311 615 100 415 657 1567 148 2323 79 546 74 1328 584 1319 1398 497 649 652 577 220 1597 899 600 467 659 172 893 189 107 164 366 534 199 502 698 92 251 2714 504 1078 342 2532 1220 412 259 3451 854 438 1709 164 66 185 676 417 188 322 817 855 80 1361 407 795 1956 1969 259 2129 324 194 47 1265 582 233 51 658 661 1251 556 1176 628 843 355 345 527 631 103 2276 488 351 74 714 328 258 536 212 170 411 223 593 95 439 521 132 105 694 784 93 286 648 108 1161 418 1443 393 1363 137 73 661 420 680 133 545 891 353 203 105 298 416 1260 749 1065 1401 1777 97 1025 263 342 386 787 858 498 221 145 101 1321 241 121 187 183 863 2702 219 514 170 1270 140 140 238 630 194 1187 792 472 338 714 127 358 2865 492 450 244 2210 109 634 635 190 806 412 1589 72 234 751 583 447 91 602 128 201 616 199 114 1699 1247 2861 348 2807 711 380 350 254 113 175 574 521 241 335 147 1074 103 3 487 680 939 70 43 1554 222 717 304 1919 380 249 777 49 693 560 398 279 193 431 1248 2087 186 145 1310 261 172 58 547 132 374 455 484 1288 150 269 1177 242 1344 202 305 187 1339 238 268 1362 99 802
1306 1772 208 2753 236 91 2048 304 3750 1477 376 400 681 2581 1295 1551 388 1654 360 504 1945 391 500 552 3182 538 504 2844 948 1214 175 577 704 2787 846 289 863 584 3237 808 479 368 1827 794 3663 352 699 1097 1376 373 578 222 1381 2129 1239 3295 2841 2133 2997 1268 577 1565 1600 311 679 1134 2596 960 3830 3743 1456 741 1089 1648 607 717 542 2413 346 883 2123 1272 431 955 216 499 350 759 2476 1913 529 347 273 351 663 1229 1500 1665 505 3019 626 890 2445 720 2784 720 1048 2247 246 559 1701 96 29 534 2827 946 592 2124 349 860 287 243 731 896 348 453 714 135 655 1062 2159 1963 859 607 1446 1338 862 452 1330 637 585 328 2025 4078 549 4201 322 612 576 240 810 179 263 613 1562 1633 524 838 1760 1829 805 1492 1243 4448 361 948 5036 420 2704 1261 415 781 744 795 414 724 697 355 1167 393 939 867 452 1074 2225 3174 1242 144 331 456 1056 1173 398 296 153 592 471 1959 3521 3133 553 247 155 1619 727 617 273 1031 1655 1199 201 474 863 2643 687 921 2589 462 1203 706 110 3107 594 3231 1224 842 435 336 616 1342 423 1340 1021 1380 828 4727 402 286 694 1306 657 115 276 501 700 141 533 970 1572 1438 3422 976 613 262 2625 607 4059 1691 813 1069 847 756 623 2287 1005 742 1071 664 174 1046 257 250 873 869 745 460 741 5433 563 274 4030 1413 1620 774 2692 1476 852 327 3775 855 824 1895 688 1130 222 701 849 541 2129 2626 925 1077 1584 676 989 1983 2001 789 2195 1452 215 361 2445 781 534 234 1112 1249 2592 1682 2045 1630 1126 661 3513 1036 1595 121 2749 538 1275 159 3201 409 267 1501 508 202 534 952 955 446 2908 739 793 178 1896 900 246 661 1775 446 1582 527 1675 506 1775 204 1531 1181 1088 1372 200 932 2527 602 1177 1702 744 560 2035 1896 1584 2209 2271 1321 1157 822 770 593 1974 866 626 252 411 587 1705 358 578 973 206 1889 3271 425 1672 2000 1750 474 615 506 709 1382 1695 997 873 1676 722 488 906 4202 636 783 264 2816 517 1305 720 1172 953 1343 2589 158 418 1514 1079 877 535 1052 1037 644 650 732 117 1851 2027 4305 765 3443 860 463 1052 627 1048 242 1614 1601 900 625 238 1548 166 186 524 686 1937 293 453 1880 355 973 1817 2645 543 367 1102 283 776 831 814 667 395 827 2984 2787 220 328 1652 298 730 350 696 595 1011 493 1086 1911 240 971 1480 1219 2379 228 451 471 2108 470 1905 4414 332 1543
3096 2013 451 3624 1240 112 2109 443 4500 2656 977 1537 883 2800 1441 4730 972 2966 578 706 2325 576 622 787 6018 818 1031 3048 2288 1621 856 700 1174 4728 1747 844 1088 696 4681 2048 509 900 3262 859 4544 1095 728 1106 2767 447 673 496 1945 2304 1389 3635 5531 4926 3512 2663 607 2154 1839 432 1355 1316 3835 1169 4633 3821 1498 975 1192 2141 622 894 1080 2771 781 1535 2744 1975 585 3110 281 1333 394 997 3444 3430 897 514 758 481 899 2838 1929 1932 601 3170 739 915 3731 2078 3130 3090 1825 2863 720 757 1957 231 247 549 4907 2282 1339 2324 498 1095 402 463 765 967 880 471 877 654 986 1768 2638 2545 1100 3287 1795 2614 874 1741 1682 2185 762 1032 2693 4557 863 4526 431 685 1135 1508 997 526 3381 619 3536 1939 723 876 2328 2711 1165 1754 1371 4885 636 1068 5264 1235 4070 1400 526 1326 973 2131 611 1236 916 595 1612 508 1531 940 1078 1156 2745 3816 1933 190 757 670 1088 1877 662 447 904 600 821 3448 4498 3711 600 570 174 2842 1122 823 524 1594 2279 1523 544 1014 1238 2858 1268 1019 4684 891 1779 1087 745 3752 699 3388 2256 964 504 1463 975 1535 435 1607 2146 3422 1400 5640 979 672 1173 1499 731 337 465 1179 1069 227 1292 1010 1611 1472 3807 1107 1072 1068 3173 951 4474 1896 1176 1144 904 1253 823 2535 1779 2658 1143 2764 398 2792 1538 1258 1405 1064 1519 1058 2079 5630 858 1118 5210 3719 2851 1437 5242 1948 934 670 4090 1799 895 5461 1009 1933 490 720 1427 639 3984 3596 2161 1868 1747 867 2529 3079 2677 2080 2354 1901 498 663 2680 950 782 758 1331 1432 3325 1733 3105 1891 1759 765 5169 1679 1697 1318 5961 1353 1767 235 6198 813 471 1591 552 1165 667 1141 1338 619 3068 1130 1054 338 2274 1064 421 701 4613 935 2050 1434 2507 510 3193 576 1897 1969 1185 2178 260 1053 2657 934 1812 1843 1082 960 2284 1958 1737 2212 3396 2463 1347 1096 1558 600 4102 950 1039 512 733 599 2403 420 960 1710 236 2688 5512 468 1741 3191 2175 566 662 566 722 2443 1761 1681 1316 3313 2049 925 1020 4615 787 1018 1270 3715 2168 1626 728 4963 1459 3542 4536 203 591 3179 1264 1513 827 1658 1736 727 905 1127 145 2352 2440 4830 1115 3654 1401 2307 3292 1253 1753 460 2137 2553 1046 628 416 2153 176 678 746 1244 2080 388 2013 2034 429 1251 4082 3442 668 627 2847 378 1212 962 930 877 743 968 3802 5772 3037 346 1723 443 2672 988 789 943 1273 752 1483 5031 263 1396 2236 1323 2573 319 462 1254 2362 537 2078 5500 885 2640
3774 2970 754 4960 1621 612 3100 961 4799 6221 1298 6323 1755 2960 1519 5787 1023 3361 614 1265 2417 1313 855 825 6716 1086 1198 3191 4072 1720 914 1036 2075 5038 2340 1358 1847 795 4972 2359 1419 1152 3727 2003 5256 1097 756 1893 3052 578 800 1206 1966 2456 2101 4682 6012 6420 3909 4199 863 2169 2207 1028 1591 1583 5196 1479 6021 4019 1836 1166 1692 2281 638 1065 1401 3003 1165 1872 2899 2153 1234 3624 415 1596 1330 1513 4914 3913 1997 1072 1296 793 1243 3625 2028 2800 1168 3866 787 1407 6074 2112 3152 4296 2026 3129 778 846 3166 1120 495 794 7342 3642 1601 2585 605 1702 1954 937 1204 1310 1215 491 1178 671 1280 1882 3968 2812 1918 4723 2979 2763 1226 1959 2432 2276 908 1210 3885 5205 893 5205 1455 1155 1546 2271 1028 5626 5755 806 4034 2213 809 1240 2335 3275 1764 2060 1651 5900 837 1315 5356 1356 5127 1534 1524 1778 1222 2579 1154 1401 945 852 2404 578 1543 1240 1108 1296 4163 4952 2371 344 1725 787 1345 2140 1094 484 1505 2726 933 3662 6914 5364 833 1672 311 3297 1565 850 688 2031 3579 3882 601 1122 1946 3237 2457 1372 5522 1362 2203 1484 807 3781 998 3585 2272 1084 796 1537 1212 1565 724 1685 2282 3796 1530 5798 1810 1886 1591 1737 1044 596 496 1554 1406 517 1312 1103 2818 6479 5513 1582 1203 1496 6945 1341 5080 2171 1818 1526 1073 1548 844 2577 2377 2965 1635 2888 1295 3555 2185 1304 1647 1261 1833 1383 2125 5665 1433 1315 7077 3758 4532 1680 5501 2409 1541 1562 4435 2635 1030 6280 1081 2041 758 1602 2781 675 5445 3899 2182 4110 1810 1350 2981 4185 4326 2108 4389 1984 762 768 3289 1020 1224 938 1822 1570 3861 2780 3378 2004 2391 834 6584 2871 3091 1326 6724 1412 1809 282 7042 901 1345 1714 658 1184 712 1173 1647 1113 3391 1920 1719 358 3685 1290 452 1131 5797 1114 3730 1622 4219 637 3305 962 2430 1987 1421 3109 282 1372 2840 1718 2133 1949 1118 1328 2343 4313 1806 2678 3715 2785 1782 1466 2159 1755 6010 1903 1304 593 1069 711 2788 422 2563 1730 664 3030 5875 1028 4147 3235 3329 730 770 985 881 4509 3430 1760 1959 4417 3418 983 1285 4799 958 1384 1391 3782 4171 1903 1118 5113 3078 3560 4666 292 842 3231 1342 1877 1412 2205 2336 1936 951 1290 382 2822 3025 5858 1206 3780 1648 3679 3979 1441 3154 1711 2389 2751 1197 693 462 2998 564 1255 1100 1491 2759 403 2251 3613 1185 1659 7102 3850 1256 1022 5664 436 1535 1515 1007 1120 887 1815 4079 5900 3695 405 2840 778 2783 1059 1421 1123 1634 1524 2668 5394 655 2460 3333 3135 5006 439 782 1949 2760 1209 2697 5824 2829 2793
4330 3449 858 5425 1761 1576 3200 1133 5519 6309 1498 7088 1845 2985 1534 7608 3490 4477 739 1306 2987 1428 1285 850 6848 1339 1333 3580 4296 2100 1547 1386 2466 5166 2362 4975 3170 1173 6391 4153 1586 1185 4673 2502 5477 1475 1160 3346 3904 1028 989 1625 2373 2914 2200 4767 7386 6680 3952 5903 881 2851 2215 1420 2210 1718 5917 1665 6191 4774 2491 1228 1740 2905 694 1068 1518 3309 1324 3541 2965 2985 2297 4713 644 1668 1893 1658 7115 3949 3055 1192 1586 1676 1437 4248 2160 2964 1578 3969 1633 1760 6605 2208 3195 5117 3180 3315 1198 1036 3187 1410 783 838 7692 4355 1642 2625 1221 2547 2129 1116 4416 1323 1526 662 1322 1196 1335 1959 4294 3740 1965 5848 3427 2772 1421 2075 2656 2497 1089 1333 3932 5321 1097 5316 1510 2003 1999 3000 1260 6101 6249 1153 4955 3274 1084 1339 2399 3481 1893 2422 2258 6315 1356 1333 6323 2246 5231 1752 2302 1897 1257 5131 2137 2140 1056 876 2865 1181 1645 1265 1546 2319 4649 5453 3199 860 2068 895 1386 2669 2171 909 2928 3503 1142 4504 8127 5940 1053 2312 646 3422 2016 1712 1167 2034 7236 6872 628 1282 2258 3633 2641 1453 6282 1829 2637 1592 972 4746 1592 4092 2394 1418 1632 1611 1241 1972 811 1761 2580 3872 1701 7403 1968 2512 1971 1969 1123 619 1122 1658 1502 879 1583 1136 3785 6660 7382 2053 1250 1537 6968 2792 6058 2349 1877 2387 1185 1895 1229 3592 3108 3303 1735 3834 1355 3651 2731 1452 2863 1385 5403 1786 2628 6375 1549 1326 7361 3895 4937 2516 5817 2696 2001 1585 4726 2863 1049 7510 1372 2204 993 1663 2873 1513 5923 6129 2601 4908 2088 1446 3001 4527 5112 2334 6079 3368 908 1102 4361 1388 1432 1885 2151 1924 6933 3286 4396 2183 2649 839 7471 3030 4083 1939 6810 1717 1903 1127 7257 1784 2867 2213 703 2130 822 1205 2718 1172 4233 2205 2385 493 4130 1763 834 1334 6474 1295 4106 1702 4327 1045 4276 1273 2979 2085 1596 3484 601 1571 3064 2157 3073 2523 1262 1495 2484 4442 2100 4024 4364 4577 1827 1618 3015 2570 6334 2157 1617 711 1589 833 2865 441 2795 1894 1233 6358 5937 1077 5223 3525 3878 1547 810 1322 997 5162 6372 3259 1997 4634 3726 1122 1371 5066 1220 1708 1808 5054 5832 2971 1410 7257 3362 3634 5761 321 1089 4240 1458 3384 1614 2806 3939 2151 1126 1491 804 3439 3688 6842 1536 5670 2492 4177 3998 1613 3979 1941 3213 3290 1256 1328 954 3621 777 1553 1211 1557 3081 577 2692 4039 1761 1878 7640 4181 1365 1119 6445 501 1706 1616 1330 1676 1023 1845 5441 7153 4009 1358 3359 806 2919 1270 1735 1153 3370 2063 3551 6200 765 2597 3923 3989 5033 638 864 2857 3209 1214 3547 6428 2991 3303
4483 3599 1030 7108 2815 1903 3330 1446 5664 6448 1809 7556 2013 3328 2008 7722 4324 4907 1636 1412 3048 1517 1900 874 7036 1462 1691 3976 4708 2219 1595 1540 2568 5710 2978 8359 3676 1303 7179 6554 1880 1691 5442 2801 5639 1511 1276 3382 4414 1139 1122 1747 2738 3372 2296 6317 7713 7310 6236 6298 1286 6812 3372 2160 2554 1732 6350 1942 7210 4890 3646 1455 2077 3065 1140 1112 3015 5790 1745 4935 3231 3440 2484 6068 1542 1915 2197 1770 7417 4562 3149 1973 1631 1919 1917 4982 2482 3229 1665 4095 1719 1797 6760 3135 3568 6745 3288 3812 1600 1197 3833 1937 1691 934 7786 4525 2115 3642 1755 2874 2247 1344 4566 1692 1682 1017 1413 1265 2045 2286 5537 4059 2313 6171 3913 3100 1627 2693 2959 2595 1125 1372 3949 5670 1227 5735 1585 2647 2504 3344 1278 6604 6417 1564 5294 4015 1263 1613 4166 4008 1919 3006 2490 6562 1422 1621 6358 3364 7655 1790 4150 2335 1319 6074 2447 2507 1361 1255 4024 1418 2320 1776 1805 2671 6118 5897 3392 906 3866 1511 1769 3019 2187 1293 3135 4301 1514 4723 8590 6044 2253 3374 1402 3570 2024 2120 1341 2381 7437 7712 1006 1404 2290 6374 2861 1540 7805 2704 2880 1700 1071 6648 1608 4095 2992 1451 1713 2199 1746 1974 910 2161 3614 6138 2041 7532 2227 2876 1976 2607 1811 1379 1347 1894 1521 896 1943 2983 3964 7052 7604 2500 1523 1684 7100 2830 7343 2673 1902 3879 1196 2286 1251 3845 3636 3318 1942 4889 1406 5292 2938 2018 3335 1774 5533 1947 4628 7813 2017 1414 8597 5278 6541 2847 6245 3404 4378 2066 4756 3051 1537 7907 3665 3422 1145 2216 3775 1564 6710 6401 2692 6467 2349 1566 3005 5125 6027 2668 8151 3707 979 1298 6923 1395 3275 1941 2440 2637 8640 4030 5404 2196 3237 952 8037 3265 4224 2204 7357 2169 2451 1242 8588 1817 3518 2665 898 2414 1382 1971 2756 1544 7125 2877 2918 844 7777 1884 906 1608 6966 1298 6188 1813 5833 1262 5698 1454 3093 2912 2025 3619 821 2016 3394 2179 3638 3037 1394 1536 2878 4724 2872 4196 5045 6882 2303 1648 3695 5982 7236 2726 1734 975 1720 1822 3537 2596 2938 2542 1695 7580 6936 1182 5294 3878 3958 1583 1977 1592 1994 5444 7799 3900 4015 4635 3846 1434 2045 5094 1616 1766 1808 7862 6280 3593 1840 7281 3513 4767 6990 2060 1154 4642 1642 4020 2143 3132 4549 2633 1738 1737 1039 3579 3717 7590 4092 7386 2870 4731 4827 1830 4194 3309 3607 3850 1623 1357 1993 5100 1037 1598 1568 1607 3236 762 2821 4142 1974 2068 8731 4233 1433 1153 6564 712 1721 2030 1597 2410 1573 2003 6920 7786 6175 1995 3732 969 3085 1283 1922 1403 3518 2132 3889 8277 814 2795 3975 6570 6405 986 1261 3217 5270 1539 3825 7647 3706 3685
4875 3615 1122 8659 3521 1994 3343 1852 6981 7372 1971 7714 2348 3530 3910 8136 4381 7779 1930 1495 3305 1539 2046 1056 7383 2230 1826 4324 6099 2315 2210 2350 3617 7343 3581 8560 4316 1416 7274 6598 3970 2206 7334 3323 7366 1602 1761 5281 4914 1896 1479 1843 3578 7051 2317 6480 8167 7839 7126 6703 1884 7303 4218 3605 3575 1741 6804 3301 8461 5528 3853 1817 2137 3898 2230 1399 3295 8095 2362 5926 3875 3579 3117 6522 1788 1938 2444 1940 7598 4568 3195 2290 3662 2026 3104 5738 2593 3692 1779 4317 2305 2044 8494 3784 3710 7441 3452 4123 1954 1384 3974 2302 1743 1282 8208 4924 2200 4612 2440 4038 2321 2021 6375 1710 1843 1689 1588 1659 2480 2297 6960 4682 2363 6905 4550 4112 1903 4097 2980 3128 1308 2275 4491 6638 1257 6307 1838 3017 2791 3648 1319 6783 7547 1972 5647 4111 1372 1780 4216 4045 2214 3504 3902 6878 1745 1729 7369 4829 8065 2179 4689 2927 1358 8430 2968 2530 1761 1487 4108 1632 3153 2011 2062 3218 8811 9100 4013 943 4211 1936 2062 3575 2322 1352 3975 4553 1591 6182 8891 6717 2328 3582 1748 3626 2025 2207 2021 2947 8108 7895 1476 2000 2413 6764 4118 1700 8888 3373 3037 1731 1663 9561 1652 4130 3179 1467 1778 2205 1767 3519 1968 2280 3739 7322 2238 8152 2277 3059 2127 2802 2011 1805 1751 1942 2310 1536 1953 3572 6915 7343 7984 4241 1713 1784 7769 3154 7945 2887 2164 3918 1427 2344 1860 3981 3684 3409 1992 6259 1729 6437 3020 2083 3717 1779 6059 2003 4639 8725 2057 1565 9596 6985 6817 2904 7889 3467 4424 2203 5403 3243 1675 8529 4295 3485 1462 2881 4741 2231 7478 7179 2803 6626 2458 1715 3233 5935 6080 3906 8251 3927 1445 1320 7276 1500 3670 2000 2604 4038 8805 4081 6268 2400 3505 1118 8495 4105 4326 2330 8432 2265 3621 1386 9195 2089 4128 3194 1033 2423 1385 2048 2911 1938 9084 3454 4523 1489 8635 1960 1162 2161 8556 1675 6384 3328 7041 2157 6247 1463 3638 3600 2331 3706 1455 2036 4546 2188 4479 3445 1453 1731 4430 4737 2989 4375 5617 6918 3199 2243 4826 6084 7285 2795 2082 2193 1881 2232 4320 3088 3093 3421 2913 8380 8336 1196 5921 4235 4151 1941 4253 2065 2177 7867 8327 3942 4201 7169 3911 1713 2109 7416 1843 1827 1918 8730 6584 4055 2260 7344 3695 5257 7822 2090 1160 4776 2926 4373 2173 3662 4607 2940 1926 1753 1260 3641 3926 7724 4746 7469 4304 7554 7010 1904 4681 3687 3710 6545 1677 1743 2082 5349 1082 2461 1722 1816 3254 943 2826 4666 2027 2294 9843 5363 1759 1219 6790 1504 1839 2034 1622 2499 1960 2049 9033 8466 6491 2320 4965 1080 3194 1363 1980 1797 3681 2282 4696 8329 1070 3194 7414 6970 6906 1437 2104 3306 5896 1820 3914 7812 8280 4057
4919 3672 1629 9895 4026 2064 3405 2151 7100 8395 2072 7948 2386 3749 6576 8993 7015 9057 2258 1640 3590 1585 2102 1841 7673 2341 1902 4452 8248 2482 2316 2465 6862 9625 3977 8711 4641 1490 7535 6747 4008 2451 8176 3671 8439 1812 1823 5306 6147 1959 1602 2203 3667 7539 2358 8184 8541 8513 9103 8574 2430 9144 4347 4311 3613 1872 7201 3713 8813 9133 4413 1962 2287 4541 2297 1515 3793 8744 2468 6404 3993 3949 3662 7418 2135 2071 2732 2243 7628 5030 3832 2372 3825 2154 3450 7864 4655 4711 2275 4613 2313 2203 8633 3908 3806 7738 4606 4252 2044 1727 4018 2305 1928 1797 8622 5729 2382 4640 7654 4071 2431 2164 9026 1997 1914 2164 1792 1905 2954 2414 8818 6335 2443 7486 4678 4197 1912 4579 4451 3398 1663 2396 4509 7281 2365 7599 1969 3284 3467 4412 2064 8285 8011 1996 6723 4283 1780 1899 4914 4421 2789 3584 4299 9594 1992 2344 7727 4912 8378 2190 7594 3589 1534 8728 3931 4929 2124 1517 4481 1699 3293 2069 2084 3254 9444 9136 4799 1603 4438 2081 2071 4227 2330 1872 4062 4595 1797 8668 9263 7202 2362 4035 1961 3857 2067 2337 2254 3814 9090 9455 1624 2460 2441 7141 4433 1812 9428 3934 3613 2206 1784 9785 1669 4319 3316 2232 2255 2399 1889 3698 2454 2303 4538 8360 2311 8896 2350 3931 2169 4143 2367 1899 1995 2297 2335 1536 1984 4539 7823 8303 8304 4437 2162 2385 8994 3281 9499 3982 2351 3923 1674 2450 1901 8181 7068 3905 2116 6632 1738 7356 3487 2228 4250 1919 6617 2035 4869 8768 2179 2032 9843 7240 9875 3324 7976 7610 4945 4038 6529 3657 2199 9486 4830 3774 2031 4071 4944 2315 7853 8862 3664 7069 2499 2231 6452 7627 6616 4182 9318 4005 1681 1967 8213 1636 4254 2159 3534 4208 9333 4561 7296 3459 4237 1491 8737 4264 5442 2459 9056 2273 3874 1842 9839 2214 4396 3652 1394 2423 1391 2248 4193 1990 9377 4284 4584 1589 9155 2132 2214 2241 8638 1740 8531 4324 7266 2175 9146 1837 4108 3664 2384 3847 1501 2082 4702 2359 4669 3996 1755 1734 4529 4847 4589 4406 9415 7784 3884 2332 7199 7186 7867 3117 2443 2202 2124 2241 4326 3807 3110 3427 4407 9907 8390 1377 6676 4693 4165 2238 4379 2376 2405 7928 9017 4511 4452 8966 3985 2605 2301 7893 2122 2033 2067 9044 7000 4723 2359 8016 4461 5338 8473 2353 1253 4814 3819 4483 2204 4579 4817 3782 2269 1796 2072 4112 4604 8197 4854 7680 4387 8217 7532 1963 5045 4450 4374 6913 1698 2288 2295 7018 1150 4348 2092 2222 3827 1913 3252 6001 2042 2316 9911 6134 2307 2269 6796 1723 2314 2252 1707 2700 2356 2093 9409 8794 7635 2363 6818 1952 3219 1821 2420 2467 3978 2380 6179 8551 1070 3793 7587 8994 8527 2235 2347 4818 8047 2088 4004 8337 8986 4127
4921 4526 1650 10053 4293 2523 4697 2496 9539 9401 2141 9657 2545 4913 8274 9845 8532 9202 2372 2125 4006 2531 2242 2087 8590 2529 2526 4901 9134 2490 2467 2563 7880 9780 4646 9132 4751 2372 9687 6961 5045 2539 8369 4008 8989 2145 2203 10020 8051 2284 2116 2206 4036 7916 2405 9060 8879 9253 9653 9048 2462 9182 4807 4706 4472 2353 7426 4610 9060 9235 4734 2220 2335 4850 2453 2358 4745 9053 2472 9395 4583 4128 3960 8232 2287 2188 4555 2325 8932 5040 4869 2385 4140 2452 4556 9463 4833 4836 2322 4792 2341 2418 9857 4088 4444 9077 4733 4546 2241 1854 4428 2430 2428 1972 8751 7202 2436 4771 8449 4493 2452 2316 9903 2282 1918 2209 2135 2267 4216 2494 10040 9473 2529 9532 5070 4460 2360 4851 4775 5016 2035 2470 4770 9726 2518 8977 2273 4202 4557 4642 2135 8806 8505 2567 9181 4966 2271 2533 4993 4933 3548 4394 7391 9629 2131 2452 8803 5038 8704 2763 9293 3942 2387 9553 4041 5025 4820 1988 4754 2230 3360 2339 2539 4367 9975 9923 4829 1705 5039 2462 2488 4467 2336 2084 4305 4906 2307 8920 9827 7461 2387 4138 2301 4850 2154 2534 2529 4221 9748 10007 1939 2471 2554 8922 4718 2149 10067 4508 3855 2418 2147 9927 2526 4660 3887 2450 2353 2476 2263 3829 2476 2304 4564 9496 2347 9498 2435 4657 2477 4473 2389 2352 2024 2313 2573 1595 2297 4710 8534 9088 9628 4837 2343 2499 9370 5029 9746 4371 2518 4114 2400 2518 2342 9637 9134 4491 2336 8436 1890 9778 3643 2418 4516 1956 8528 2281 5031 9120 2462 2337 9907 8581 9916 3955 7983 9752 4952 4100 7601 3713 2484 9577 4913 4594 2186 4302 5000 2460 8281 9492 4837 8948 2543 2440 7021 9855 9554 4293 9928 4525 1771 2198 9782 2016 4302 2409 3911 4988 9448 4816 9714 4900 4310 1632 8777 4900 6696 2492 9266 2414 3938 2502 10038 2269 4545 3881 2111 2478 2232 2413 4814 2569 9933 4736 4597 2034 9768 2292 2239 2553 9191 2451 9916 4743 9192 2198 9255 2106 4867 4382 2486 3971 1794 2462 5026 2370 4898 4479 1852 1836 4965 4980 5001 4960 9630 8050 4644 2429 9264 9772 7979 4608 2457 2298 2271 2304 4412 4940 4409 4665 4528 10069 8485 1703 7811 6223 4508 2407 4537 2438 2557 9501 9609 4614 4603 9110 4510 3619 2454 8900 2171 2260 2293 9312 8570 5046 2558 8643 4723 6133 8814 2412 1766 4874 4442 4569 2390 5031 4979 4369 2283 1876 2228 5012 4659 9561 4941 8083 4804 9853 9248 2304 6763 4704 4389 7009 2473 4410 2560 8073 1627 4392 2126 2376 3992 2368 4644 8747 2539 2387 9921 9397 2431 2484 8247 2139 2473 2305 1756 4633 2443 2433 9413 9034 9074 2547 8471 2349 4444 2265 2457 2568 4047 2413 8939 9245 2282 4618 8798 9005 8579 2556 2393 5038 8353 2407 4713 8453 9664 4385

30 909 7 1979 12 42 784 51 3072 57 3 82 220 469 101 49 152 517 154 156 700 44 124 56 477 32 21 1400 627 68 151 82 381 889 241 169 90 57 133 87 136 84 221 178 1048 197 628 124 303 3 19 211 797 1041 135 113 33 1744 2201 658 212 3 440 261 62 822 309 51 270 929 405 310 554 269 327 148 191 38 22 278 6 428 115 299 83 178 24 35 484 10 72 68 26 48 14 78 121 653 193 912 92 548 235 118 122 403 34 2 36 236 307 18 2 58 793 525 318 1271 235 240 81 143 358 93 134 196 188 21 106 520 398 813 17 140 43 117 225 270 719 52 136 261 48 412 200 348 154 26 59 108 267 27 34 53 545 1141 170 180 456 944 194 532 337 170 277 237 3040 102 1024 187 82 6 662 178 22 32 204 65 410 17 138 133 73 302 391 501 476 43 27 19 430 146 262 101 16 68 29 465 244 356 122 117 69 331 221 38 60 40 35 1082 148 5 4 395 231 221 256 60 49 37 19 1506 85 427 338 526 353 47 16 218 148 73 559 663 77 442 30 76 37 215 168 5 14 149 403 49 276 561 894 89 2204 6 140 48 415 204 1186 437 177 552 113 16 6 1007 595 580 334 550 124 714 89 89 158 266 283 114 482 473 35 187 2583 297 597 294 1351 668 317 257 1876 323 37 49 100 4 39 38 415 16 51 327 220 38 811 193 334 1363 1012 236 1105 122 167 15 1229 506 14 17 643 202 1164 457 242 132 478 137 296 112 104 13 1507 167 172 16 318 136 83 436 40 122 346 65 2 71 219 479 102 92 509 355 44 39 580 95 612 383 1267 168 952 74 54 537 29 566 108 270 426 163 122 46 202 318 1201 129 1032 527 1498 32 258 139 27 150 376 276 10 96 98 47 816 129 62 109 109 278 145 100 425 19 211 113 117 171 489 68 487 271 214 37 684 7 335 785 400 399 123 540 28 14 337 184 381 25 615 21 20 65 327 38 11 401 113 74 491 76 30 84 345 2696 152 2188 296 68 213 237 44 104 85 379 230 76 145 930 48 2 10 649 490 35 33 907 145 310 66 266 21 110 431 8 493 244 67 196 78 17 291 235 109 52 640 90 51 23 76 70 90 314 145 598 93 261 909 5 397 84 196 18 1078 32 224 1252 65 344
