500 9 1
30 10 72 78 28 70 34 72 25 31 69 42 33 38 97 27 18 90 43 86 87 59 54 70 45 78 7 60 9 16 77 68 86 24 68 61 91 24 30 14 78 34 13 58 78 9 37 12 49 47 35 12 4 65 91 50 83 23 29 84 44 10 62 69 87 70 54 75 54 73 4 65 80 70 52 1 5 12 94 56 33 6 74 19 11 74 17 59 59 42 39 97 30 90 47 89 19 98 64 17 95 22 23 91 39 76 1 99 92 71 37 79 66 88 70 46 17 68 57 45 75 63 61 41 75 82 75 94 52 26 31 33 57 13 85 88 5 45 99 56 4 53 4 82 54 8 36 19 88 93 45 74 25 78 65 81 66 28 57 87 70 78 37 36 90 76 41 74 47 79 9 9 52 7 65 36 90 55 99 61 56 42 42 37 78 43 82 80 84 25 66 27 59 81 68 44 61 33 7 55 13 57 86 61 57 13 57 41 98 25 3 52 2 60 54 66 10 15 8 24 18 35 3 55 92 14 59 61 59 36 88 2 69 49 9 74 4 34 57 83 86 30 91 5 58 21 73 14 23 55 61 55 11 79 87 77 62 14 89 57 9 52 59 92 48 12 19 92 19 51 76 85 65 16 71 5 100 47 65 53 75 2 5 74 3 68 77 53 70 72 94 55 11 27 13 80 30 56 80 17 53 46 100 39 44 53 5 14 34 5 72 68 12 47 20 70 21 65 24 65 22 38 79 35 29 10 61 26 36 22 93 94 12 92 65 25 6 94 3 69 70 49 74 16 24 34 74 42 11 65 42 2 30 63 35 61 82 23 1 43 79 86 22 69 45 94 45 65 37 65 87 76 49 96 79 74 84 54 37 1 37 60 96 68 69 33 93 92 55 89 62 40 87 26 26 66 21 16 83 64 20 15 56 56 78 95 7 92 58 22 91 86 82 100 39 68 39 68 88 38 52 94 35 91 96 89 82 3 81 55 31 49 56 39 3 30 9 41 6 62 60 37 99 87 72 87 32 47 26 86 99 24 88 39 52 14 48 63 11 29 64 96 45 54 83 91 30 73 67 87 62 27 65 2 14 59 53 94 12 88 49 100 44 57 80 63 4 46 17 3 29 81 76 28 69 34 31 23 56 58

19 7 9 2 3 8 3 2 4 13 10 3 17 11 14 8 15 4 3 3 17 24 11 22 21 16 18 9 1 4 8 5 4 14 7 10 3 21 17 2 2 6 1 51 9 5 5 23 2 6 1 15 7 32 5 6 49 5 2 1 3 17 8 1 9 15 6 1 27 23 13 9 3 22 3 9 1 12 17 11 7 6 4 3 2 7 5 19 1 32 1 13 4 12 28 2 2 11 17 2 4 15 7 11 16 46 15 5 44 13 6 12 28 14 4 13 10 1 1 7 7 7 1 24 7 19 2 3 21 57 3 28 27 1 18 12 6 1 4 4 6 10 15 18 8 2 1 6 18 5 3 26 10 7 13 1 8 24 3 7 3 19 7 5 9 5 9 3 7 2 12 9 10 27 21 33 29 6 14 3 3 10 9 10 11 4 10 4 5 5 21 8 24 24 16 14 9 30 1 8 19 3 5 10 2 16 20 11 8 6 10 7 3 5 7 1 11 17 17 9 1 3 34 19 2 8 21 16 53 1 2 13 5 5 13 3 4 6 7 4 2 13 2 8 3 4 7 2 3 3 3 11 16 42 3 10 25 18 4 4 23 15 9 10 15 13 10 11 1 8 17 5 8 10 2 5 38 10 27 3 4 1 3 6 13 5 3 13 28 18 15 3 1 10 12 12 13 23 1 6 12 3 13 9 1 8 11 12 6 13 11 9 13 9 15 14 6 13 2 12 1 5 4 4 2 6 3 1 4 9 6 4 31 13 26 4 16 19 1 3 4 17 12 9 7 11 1 1 5 5 5 2 4 8 3 3 48 37 2 3 27 12 2 6 6 2 7 8 3 33 14 2 3 1 10 20 5 12 3 4 5 1 9 8 19 28 21 3 12 25 21 13 7 9 25 2 5 12 2 1 4 5 2 8 16 21 4 21 2 10 7 1 7 15 10 24 18 17 6 16 3 12 18 2 19 4 16 3 9 5 6 2 4 18 3 1 2 5 16 25 19 6 1 9 13 9 2 12 2 1 7 4 17 15 37 15 14 2 9 5 2 15 2 17 13 22 3 3 17 6 5 3 11 22 2 3 16 7 1 11 9 29 12 49 2 7 4 11 3 12 22 11 4 5 15 1 5 1 14 13
22 55 13 3 5 8 11 28 30 23 22 7 35 21 26 27 17 49 9 10 20 27 44 34 29 22 21 9 28 14 13 17 8 15 38 34 7 35 20 29 37 10 21 58 14 15 26 38 6 12 13 45 9 34 8 22 60 35 25 2 24 17 27 17 42 42 21 4 32 26 25 15 33 30 14 13 6 26 25 36 11 19 24 4 2 24 16 33 11 44 15 16 7 50 41 10 28 14 36 21 47 29 9 14 35 51 18 15 44 14 18 13 33 16 6 15 13 4 5 8 12 13 34 27 20 19 42 38 34 60 7 38 28 15 25 13 15 9 6 10 19 44 24 35 21 3 28 12 20 16 9 31 21 26 28 8 14 31 5 13 5 30 24 15 16 11 18 12 16 11 13 13 25 28 24 37 56 30 45 4 4 14 13 10 23 8 23 8 9 15 21 14 37 24 22 24 23 32 8 10 38 26 7 18 20 39 26 18 8 14 15 8 17 21 8 15 13 26 23 17 13 12 47 21 19 32 22 40 58 31 13 48 14 16 43 7 19 11 8 19 10 17 9 16 10 7 11 2 4 7 7 12 23 50 9 14 38 32 37 17 25 19 11 17 16 17 11 18 2 17 29 5 46 12 5 42 43 13 47 12 18 10 15 8 24 25 3 23 28 38 24 14 21 27 14 31 13 30 7 21 19 3 23 11 11 8 30 21 12 38 14 32 22 15 34 16 40 27 3 17 5 27 5 10 26 10 6 11 16 14 28 43 32 24 33 6 29 24 11 26 18 32 23 33 8 13 7 4 16 11 24 32 5 29 30 22 55 39 3 6 32 20 4 14 7 16 22 17 3 44 43 11 7 15 11 30 7 14 15 14 8 5 9 14 30 38 25 23 16 28 42 15 59 25 35 4 10 32 6 22 28 24 10 15 23 29 5 27 30 15 26 16 10 18 45 32 20 17 9 22 19 16 36 11 26 29 57 17 31 8 39 38 5 21 7 7 30 13 38 28 49 18 12 9 36 26 12 21 3 39 13 6 46 15 50 19 51 33 12 11 3 18 3 41 17 23 14 11 20 11 34 13 11 26 7 8 18 36 8 20 14 56 15 52 3 22 11 13 13 19 24 37 13 25 28 26 20 21 15 14
28 56 28 30 7 16 34 42 35 25 45 9 40 32 28 46 31 57 23 11 42 47 44 36 35 30 24 47 36 29 47 18 23 28 40 34 24 48 23 34 46 20 33 58 16 17 27 41 15 19 22 55 20 49 28 33 67 42 42 35 29 37 46 19 53 48 31 8 50 27 36 17 39 41 16 22 6 48 34 40 16 27 25 10 12 29 17 56 11 55 17 21 19 53 48 11 29 27 40 30 50 46 11 15 35 59 23 33 68 20 19 31 45 30 9 33 22 6 12 13 18 18 57 40 34 29 44 40 41 73 44 43 44 15 31 22 21 25 28 18 44 54 32 37 31 18 47 25 29 31 11 35 34 34 29 16 42 32 11 13 9 33 53 17 43 26 26 19 50 12 31 22 49 35 52 43 71 40 46 12 10 34 22 17 26 13 38 28 9 26 23 37 51 29 35 25 30 70 17 10 46 40 14 25 22 45 31 23 36 21 30 20 31 24 27 17 26 46 30 24 27 13 56 27 46 41 50 43 59 32 26 51 23 19 46 18 46 22 12 27 35 21 13 20 14 14 22 10 16 25 13 17 35 51 36 18 50 36 37 18 48 45 42 20 16 48 13 31 15 23 36 8 47 23 26 69 45 34 59 22 21 12 34 42 25 28 7 24 42 40 33 19 24 45 48 53 14 45 16 24 24 4 34 11 18 16 41 25 35 41 17 41 38 27 41 21 41 58 10 21 13 48 6 49 42 13 7 16 18 14 46 68 45 34 35 28 34 38 23 32 38 33 26 45 15 18 9 4 18 21 29 36 17 33 72 51 70 54 9 13 32 62 5 19 22 50 27 17 7 49 51 22 10 25 32 51 11 15 16 22 20 11 12 42 41 39 30 26 26 38 42 24 69 27 55 14 19 33 30 23 28 34 16 31 32 34 27 32 37 25 27 20 14 47 55 48 41 26 12 22 39 28 38 11 42 33 62 19 36 13 42 50 55 45 14 28 54 26 39 52 49 27 25 43 47 54 17 21 4 44 26 12 51 24 51 33 64 56 17 22 8 22 5 42 19 24 20 32 29 12 35 25 11 34 8 16 30 40 16 22 24 57 15 53 7 30 57 30 27 24 33 44 21 44 40 29 52 30 15 30
29 74 53 36 16 31 41 55 51 43 47 17 43 33 30 46 40 71 41 22 48 54 66 37 61 31 33 60 45 36 56 38 41 30 65 34 31 57 25 34 46 21 44 69 45 22 61 43 29 21 29 64 30 55 40 46 79 61 54 38 34 40 70 31 54 56 40 10 58 45 37 19 44 65 21 27 27 51 36 40 26 34 32 37 37 37 38 58 34 56 18 39 31 64 48 36 37 35 41 44 55 51 22 47 45 60 23 35 71 26 23 50 67 31 12 47 24 25 26 22 20 21 58 40 37 50 48 58 45 75 56 47 47 29 38 69 28 36 30 21 54 57 37 41 64 30 71 26 46 44 15 43 35 70 50 19 42 46 16 17 15 50 80 37 44 29 32 28 54 14 40 24 51 68 58 52 72 52 63 18 20 37 22 28 29 13 46 29 13 27 36 49 55 32 38 28 30 89 56 15 53 54 36 33 36 51 39 24 68 37 32 21 33 46 46 18 39 49 39 39 35 15 64 40 57 45 54 47 65 40 31 66 53 19 60 30 63 29 22 43 36 31 37 33 22 16 31 16 20 36 49 43 41 51 45 32 51 36 44 44 53 47 47 22 26 53 26 46 34 32 48 11 49 39 42 76 50 35 74 41 25 14 36 51 33 29 26 39 47 41 35 35 42 61 55 76 20 50 17 25 31 17 52 25 26 21 46 36 47 43 21 46 51 27 61 38 41 63 15 23 14 49 14 61 55 16 23 33 19 28 59 71 63 37 39 40 34 47 25 52 43 39 64 53 49 46 17 9 26 22 32 37 17 37 84 56 77 56 9 25 61 63 7 22 36 51 31 22 39 55 63 39 20 34 49 58 20 15 16 38 42 22 14 51 42 48 42 29 28 45 51 31 75 28 59 19 21 34 32 27 46 36 20 36 34 41 32 37 43 31 36 31 36 53 65 65 48 42 19 29 56 36 40 41 51 35 64 46 37 13 56 53 56 46 27 33 63 37 41 54 61 54 39 61 54 66 29 33 31 45 28 26 60 28 53 35 65 72 32 25 14 51 22 50 22 34 24 34 44 13 36 39 16 46 16 18 39 54 19 41 41 69 30 64 11 32 69 35 43 34 52 49 26 45 45 42 72 45 55 40
54 75 61 66 33 36 49 56 62 53 55 29 57 57 37 63 59 77 45 44 53 62 67 38 66 33 36 63 58 40 60 45 59 38 66 55 38 65 38 36 51 60 64 72 50 23 74 50 37 41 33 72 40 56 59 55 84 75 59 43 62 46 73 43 56 63 40 14 61 53 59 32 55 67 52 31 41 58 48 42 27 54 38 47 38 51 41 72 34 58 60 61 41 76 65 42 75 68 50 46 64 56 30 51 50 74 38 55 73 33 38 52 70 39 13 51 25 32 26 32 37 24 60 63 66 62 69 61 51 80 57 66 51 48 40 73 34 36 45 37 69 62 49 58 69 33 71 39 61 45 19 50 44 75 57 33 54 57 37 45 49 71 82 43 44 31 40 44 58 41 40 41 58 76 59 54 73 63 66 22 33 48 52 32 42 50 55 50 26 33 37 50 57 38 52 48 34 90 62 36 79 58 38 67 40 60 42 29 74 40 33 64 37 54 50 29 51 62 49 51 52 24 69 44 59 67 56 83 67 47 36 69 54 28 60 41 71 32 28 43 49 33 67 40 22 33 43 19 38 51 60 44 56 60 48 35 58 40 54 52 56 68 57 69 60 55 27 51 45 33 63 24 49 46 47 78 60 44 77 43 27 33 51 68 42 47 40 44 80 50 42 37 51 66 55 80 23 66 23 44 43 29 70 34 28 31 64 43 48 47 30 52 72 42 66 39 44 66 23 28 27 51 70 66 61 35 48 40 25 51 60 74 78 59 45 47 43 47 49 55 66 40 66 54 54 47 30 20 30 51 37 38 46 57 86 66 78 59 17 53 66 65 20 30 38 61 54 24 50 57 84 39 25 37 53 70 35 17 32 41 47 35 32 55 51 51 63 36 36 48 58 51 77 36 61 52 27 67 33 33 59 50 50 41 39 57 38 42 45 45 38 40 42 69 75 66 66 46 26 33 57 50 43 46 58 54 68 57 38 20 58 67 65 62 38 38 72 66 47 59 62 64 47 65 69 82 78 71 34 64 37 29 71 36 70 43 67 75 50 59 46 62 62 58 34 53 47 51 45 34 41 46 31 61 41 64 43 66 34 42 54 77 30 67 40 50 70 42 49 71 58 63 27 48 46 55 75 59 57 43
59 86 62 73 64 40 53 58 64 55 79 46 62 58 85 69 71 89 57 48 63 65 70 63 70 35 56 85 77 46 65 73 61 58 75 73 41 73 59 63 51 91 64 73 66 30 87 60 43 41 40 73 41 66 65 76 87 77 73 43 81 50 77 44 65 68 54 16 64 60 67 49 56 71 53 44 42 72 49 48 35 79 70 51 39 60 48 74 40 72 62 67 56 83 69 65 89 72 55 78 66 60 43 59 61 87 42 65 85 47 61 53 81 67 33 74 31 33 71 56 43 30 71 81 75 83 75 80 53 82 57 68 53 56 73 74 58 37 49 50 75 85 61 58 85 37 72 41 74 75 36 69 60 78 63 36 57 62 46 50 55 73 83 51 52 57 44 61 63 49 43 64 58 81 68 56 76 69 68 51 41 58 57 41 47 55 62 80 53 34 69 67 59 44 53 72 38 96 91 55 84 59 45 80 47 61 60 37 75 52 52 69 39 65 58 55 52 69 57 93 63 44 73 54 61 72 65 86 71 68 44 69 81 38 68 55 73 40 28 44 50 46 69 73 44 48 53 43 38 57 71 66 74 67 64 37 60 48 61 73 58 77 68 83 69 65 65 56 73 36 79 54 53 58 56 79 78 45 78 45 36 43 65 75 55 61 48 45 95 53 64 40 67 80 58 82 54 69 65 45 49 32 76 40 51 34 80 71 70 62 42 59 89 52 68 51 46 68 56 40 59 55 71 77 67 46 48 57 31 52 63 87 78 61 50 50 45 60 61 57 72 46 69 56 64 56 48 28 54 66 56 41 55 62 86 70 79 79 37 61 78 75 27 53 53 71 62 38 69 63 89 47 31 44 53 83 57 22 56 42 77 82 41 63 58 56 70 45 48 49 76 56 87 42 72 58 51 74 54 61 60 57 51 47 46 62 57 52 58 45 44 41 64 81 77 75 74 57 26 67 68 69 48 47 70 57 72 66 44 40 65 77 71 64 47 42 75 69 48 70 70 67 63 72 70 85 79 75 71 70 57 54 76 36 73 43 68 82 70 63 59 63 62 61 67 62 62 71 50 39 46 67 41 86 65 71 55 85 36 60 66 81 49 71 44 82 75 56 50 84 73 68 30 52 49 57 75 69 72 50
83 91 71 90 65 45 56 66 66 67 81 49 74 61 89 81 87 90 57 49 64 70 72 74 84 39 71 87 90 63 68 83 61 66 76 85 58 86 70 66 59 91 67 78 90 46 95 76 77 49 74 74 51 72 82 77 87 87 79 88 86 60 78 65 68 85 59 54 68 66 75 64 81 71 74 57 45 84 57 59 39 85 79 59 71 73 69 83 49 77 68 86 63 95 80 65 91 82 59 79 77 60 74 71 64 93 80 71 85 59 72 54 91 73 48 77 56 56 71 67 48 44 80 83 79 92 83 85 67 88 85 74 63 66 76 87 71 64 50 51 86 89 67 63 90 62 77 74 76 93 51 88 81 86 65 54 58 70 70 50 56 73 85 59 54 77 51 92 88 53 44 79 60 88 84 75 92 78 68 85 65 60 73 46 61 60 62 81 61 43 81 71 71 86 60 76 72 98 94 56 98 72 50 81 67 90 62 41 87 63 61 77 39 73 63 59 52 70 83 97 81 48 75 63 68 79 78 88 85 69 78 69 84 41 71 63 74 40 30 66 75 60 78 80 45 53 90 63 41 65 84 79 79 80 65 43 64 52 80 79 69 90 80 85 90 73 77 84 88 41 82 55 71 61 79 84 84 46 86 69 60 52 73 85 57 76 70 61 95 77 64 75 94 83 59 90 55 76 72 75 68 46 76 63 61 37 80 73 83 90 47 68 90 64 88 54 61 79 68 56 80 56 75 82 83 55 86 84 38 58 96 89 82 68 61 81 68 61 72 64 77 81 73 77 67 71 53 33 68 74 63 42 59 90 88 77 89 87 52 74 79 81 53 79 57 74 62 58 73 68 92 72 52 53 73 85 75 36 78 48 83 87 62 63 67 57 73 51 67 66 80 81 95 46 79 65 62 79 61 64 77 61 69 54 64 76 82 73 67 63 71 60 77 84 89 78 76 78 48 76 80 72 62 60 73 57 89 90 52 66 73 87 80 64 76 65 88 71 57 75 75 69 70 84 77 89 79 81 77 75 71 66 84 78 73 68 69 83 80 70 70 84 66 89 69 71 68 75 59 48 77 69 53 88 71 77 73 90 37 72 68 82 52 76 63 83 88 58 93 85 74 74 35 53 82 72 81 89 82 51
92 94 90 93 77 45 62 92 67 72 94 70 90 61 91 90 90 92 62 63 85 97 89 79 86 67 71 91 93 86 75 99 79 75 77 89 96 96 73 67 74 92 68 94 90 50 95 80 87 85 84 77 63 77 89 92 100 90 85 91 98 68 89 67 73 92 67 58 70 73 77 82 81 76 76 91 58 87 71 64 58 95 82 63 88 94 72 83 76 82 79 90 91 97 85 72 92 93 76 87 81 63 84 72 84 95 93 84 89 69 75 73 94 86 81 94 77 78 93 73 57 54 91 86 90 96 90 95 82 94 94 88 85 79 87 93 83 73 73 80 89 90 68 70 92 65 85 76 89 96 65 96 93 88 69 69 67 70 93 63 76 73 86 61 66 86 65 94 94 63 54 81 72 93 93 78 95 84 73 86 67 84 73 53 66 64 79 86 71 89 87 88 77 90 73 78 84 99 95 77 100 84 60 93 72 93 92 60 87 86 76 96 54 86 86 66 53 74 88 97 85 96 79 82 72 85 79 93 86 86 87 78 91 58 78 63 97 45 47 76 83 72 79 80 58 68 97 75 43 65 90 94 79 87 81 44 72 62 83 85 72 90 91 89 91 85 81 86 90 77 91 71 89 81 84 85 84 62 96 81 68 85 75 99 62 81 83 86 95 80 84 85 96 87 81 95 92 93 88 83 79 85 85 78 83 49 88 85 83 94 67 73 94 87 89 82 63 81 68 91 85 78 80 88 88 59 90 85 39 61 97 92 88 70 95 84 81 97 91 74 88 89 78 80 87 95 73 58 70 84 73 63 97 95 95 94 93 91 54 92 89 90 69 92 71 95 64 79 74 87 98 88 52 58 89 92 77 41 78 56 85 97 63 65 67 66 96 52 85 86 85 82 97 59 80 74 86 92 72 79 93 78 70 79 75 94 84 98 79 85 72 63 78 88 93 84 80 85 48 78 92 76 66 81 91 58 94 96 81 66 79 89 82 99 76 76 95 90 66 81 79 70 81 87 94 90 81 89 82 90 79 69 88 86 81 92 78 83 85 85 82 90 69 92 79 71 98 88 63 50 77 90 76 93 77 82 92 95 67 79 80 88 60 96 73 85 90 65 98 88 92 89 73 61 86 75 92 90 97 71
93 95 94 98 98 67 91 100 68 88 97 97 99 67 98 99 91 98 98 69 99 97 91 94 95 79 74 96 98 92 87 100 90 98 96 96 96 100 86 69 75 97 93 100 95 78 98 86 100 91 93 97 88 91 92 98 100 92 86 97 100 80 91 92 79 94 95 98 78 99 78 91 86 84 96 100 68 100 73 85 92 100 98 67 97 100 89 87 89 89 83 98 97 100 98 72 100 98 100 89 92 75 95 85 94 96 99 85 93 100 86 82 95 100 83 99 93 81 98 96 96 67 95 94 92 96 91 100 88 97 96 97 88 90 95 94 96 75 83 83 100 94 86 74 96 67 87 78 90 99 94 98 98 88 82 92 94 84 94 90 80 85 95 97 73 96 76 98 99 80 58 93 76 97 96 97 95 99 88 99 88 87 79 81 96 75 95 94 99 92 94 91 90 91 91 79 93 100 96 79 100 91 85 100 80 95 99 80 92 96 90 100 92 90 97 96 83 94 89 98 92 97 96 86 81 100 85 100 90 87 91 99 96 89 88 93 99 65 64 95 85 81 94 90 79 99 99 100 78 84 97 98 84 91 93 63 80 69 88 98 97 93 92 94 96 96 91 91 90 85 92 79 95 89 100 88 88 80 99 89 100 89 98 100 91 92 95 97 100 100 95 92 97 95 82 96 92 96 98 95 86 98 85 86 94 49 89 98 87 97 88 98 98 93 93 98 94 89 83 95 89 91 83 96 93 63 91 94 64 68 98 94 94 84 98 99 100 100 98 83 94 91 97 96 91 99 81 81 78 93 80 89 100 97 96 96 97 93 97 92 91 98 88 98 73 97 86 100 87 92 99 93 53 100 90 93 100 48 96 64 89 99 81 99 95 80 99 90 91 90 92 87 98 78 84 90 93 100 88 87 96 91 97 85 81 99 88 100 82 99 88 64 96 97 100 94 83 91 72 89 93 80 93 90 100 79 95 96 82 71 95 97 96 99 79 82 99 94 72 92 84 79 99 87 95 96 85 95 93 95 92 80 92 87 93 98 93 97 89 88 85 90 77 95 80 78 100 92 89 64 89 97 79 96 96 86 95 99 79 81 98 99 99 97 77 97 91 73 100 91 100 92 75 83 96 95 96 96 98 85

2 56 9 44 66 76 100 53 80 50 60 100 89 69 90 83 53 59 25 71 24 87 13 70 31 4 7 3 30 39 64 44 70 83 93 22 76 100 88 34 29 11 75 77 48 51 60 74 44 1 53 52 4 69 20 20 79 29 64 78 4 54 11 48 48 1 62 6 85 100 90 55 87 71 14 43 11 3 12 46 31 26 52 63 67 9 20 62 70 82 99 5 76 67 80 27 97 66 53 87 69 43 26 97 31 15 87 33 96 3 31 97 61 12 54 25 31 97 34 99 16 31 75 12 13 96 97 50 5 16 52 16 83 99 99 91 28 2 90 64 25 80 55 48 92 26 54 54 23 93 62 50 82 98 65 20 2 36 64 51 3 28 3 86 80 46 39 83 54 19 52 2 84 100 28 30 66 26 47 11 74 99 78 36 32 42 12 79 19 15 70 19 26 97 62 55 8 77 3 64 5 6 43 6 7 87 13 84 53 60 42 26 52 26 87 35 72 87 68 100 21 71 72 90 50 75 74 27 61 84 7 44 85 11 47 51 70 61 61 20 46 97 29 38 20 72 35 31 31 86 85 73 66 50 15 95 57 90 72 13 30 8 76 54 8 64 4 61 93 53 93 58 64 99 54 98 30 16 61 69 60 17 86 83 36 88 100 46 74 71 43 41 19 38 24 98 79 84 52 3 49 81 5 58 88 8 47 48 64 2 16 88 25 93 18 67 54 90 3 47 4 46 71 13 39 20 13 54 81 60 8 29 45 12 97 44 91 3 59 44 23 89 69 70 44 35 100 29 69 30 37 69 27 91 63 14 8 87 74 62 23 82 36 28 98 16 80 71 34 74 98 54 63 55 92 47 16 94 52 67 31 7 83 4 49 18 56 28 35 3 64 86 59 36 16 74 64 48 39 31 68 88 64 56 81 53 24 29 14 40 34 36 75 99 20 82 96 48 31 8 72 48 28 89 91 2 65 82 9 53 14 74 51 49 49 45 48 62 44 71 68 100 72 89 40 76 47 12 21 88 18 87 13 40 45 28 5 68 2 68 29 89 12 81 20 34 60 78 3 84 99 22 100 12 3 66 74 89 19 30 82 66 52 73 99 21 55 63 81 30 73 8 19 33 12 91 85 80 19 90

844 43 181 243 204 857 155 139 120 53 3856 244 226 61 275 4302 146 747 1884 2130 1045 68 366 593 635 543 210 347 42 381 1050 178 514 89 78 566 1525 282 490 381 336 356 1006 836 141 82 41 66 72 158 391 383 492 1234 366 129 232 388 610 237 223 34 3982 117 90 2085 133 310 2319 191 349 191 547 2099 161 270 188 164 206 1639 65 79 299 440 1136 174 238 84 526 542 569 938 153 1401 659 1014 93 984 2325 277 373 1012 1508 101 2195 3404 224 476 204 437 436 82 276 423 272 112 411 395 168 615 300 318 1064 335 764 637 242 1719 284 576 1933 880 84 1010 428 1429 62 489 588 1751 735 335 1410 337 189 107 1251 533 706 421 1363 75 691 1046 711 145 88 210 1286 1130 939 120 141 947 154 875 424 588 48 238 545 89 232 14 467 183 1785 402 299 253 176 561 674 59 318 49 646 3599 1006 952 463 691 1813 223 750 846 1610 1694 60 765 118 1653 3075 202 299 728 1724 246 1335 1511 2047 286 644 471 128 1007 285 717 991 1133 121 2035 725 3334 2407 686 342 475 399 892 371 46 95 798 255 261 268 1640 195 745 778 175 493 418 121 511 176 905 35 141 369 2999 190 349 356 215 178 617 492 484 1063 182 368 804 130 431 304 216 463 964 631 769 119 552 1412 65 1437 169 564 549 2624 312 219 589 481 1548 124 1531 999 407 337 141 22 509 1391 473 535 707 684 828 332 825 339 1098 745 148 228 68 255 67 1290 205 68 431 78 1084 1116 494 43 92 22 1432 184 798 327 653 209 465 236 2399 146 593 903 1142 724 641 63 406 408 2263 114 298 756 2217 666 554 798 75 387 385 192 146 112 93 338 2560 1136 680 864 462 464 318 503 694 754 724 529 740 531 455 473 290 717 247 86 94 254 1126 623 148 1292 314 110 1263 602 887 854 1076 338 224 101 291 813 547 662 215 124 112 495 800 623 2295 732 1379 350 643 1058 2661 89 258 487 2341 160 258 1623 3480 196 614 489 612 918 1005 1309 663 315 228 298 162 238 341 2992 637 394 205 235 498 134 118 1671 306 206 172 346 1495 161 618 384 1281 593 1007 2306 221 259 81 1592 266 57 245 139 81 1024 116 423 767 889 313 584 574 126 1016 639 228 479 146 532 643 770 130 18 759 225 1020 1003 2402 615 261 1924 54 1607 320 902 770 762 55 2136 174 461 137 92 92
2482 257 2121 775 1101 1289 170 1213 199 168 3927 461 2089 352 771 5533 170 931 2250 2486 2885 619 385 1601 984 573 336 598 423 1632 1238 182 640 95 95 969 1543 312 2776 399 785 383 1039 945 309 1183 404 632 434 191 888 731 663 1648 1263 804 274 658 815 389 330 302 4220 168 544 2664 300 514 2746 479 3132 644 1047 2644 1122 415 427 824 587 2606 350 263 428 588 2798 1588 2314 123 906 1739 941 961 327 1482 822 1130 263 1246 2891 370 913 1385 1726 752 2856 4027 400 1034 389 1199 493 277 682 616 863 298 491 432 728 1360 1226 850 1171 475 1416 1853 567 1926 416 1045 3731 1231 181 4016 484 2038 106 1195 665 2385 1774 792 1857 532 528 864 1980 555 913 698 1571 574 775 2402 3915 753 858 2845 1369 1952 966 309 673 4657 476 2398 509 1092 218 926 1358 423 591 159 600 635 1845 571 517 659 2044 1104 681 1801 484 71 3172 3704 1157 3499 569 955 2587 463 1054 3508 1625 3670 981 1715 1002 2068 3242 544 377 744 2567 1680 1851 3443 4611 523 1540 811 295 2201 386 902 1960 1433 1942 2523 777 3616 3339 2270 573 549 578 2840 431 982 308 987 380 975 426 3286 226 1202 991 763 1759 619 632 529 739 3975 569 254 745 4442 221 366 1050 1890 1098 1347 685 1530 1279 562 1192 1430 315 985 471 541 1528 1025 946 1692 619 1062 2077 559 2408 564 804 556 3516 394 563 4352 597 2137 291 1536 2428 682 2030 431 371 1144 2283 474 607 820 2269 2173 505 2361 408 2347 754 980 888 124 1203 777 1342 1242 89 484 259 1212 1254 623 1322 2781 767 3353 911 852 432 1216 616 701 780 3198 414 1965 1124 1545 1194 763 1416 1555 3427 2314 343 1062 937 2305 940 1789 1019 1000 777 817 675 258 852 428 368 4467 1183 2308 1122 1777 568 3755 846 974 783 770 1707 740 542 853 886 362 1468 556 2184 2691 936 1629 635 306 1478 393 214 1915 4316 1321 877 1340 1116 270 581 493 2625 645 867 487 201 129 778 1797 1993 2513 834 1925 1088 1400 1473 3232 137 347 1950 2870 2163 453 2870 5643 274 631 764 1108 1200 2360 1880 1019 460 283 683 1104 1236 653 4339 818 853 577 347 511 221 226 2436 370 359 974 1669 1844 919 732 631 1294 1100 2206 2601 310 502 293 2058 717 1885 254 731 817 1109 786 551 962 1213 486 816 1318 257 1452 812 1226 479 336 567 933 848 344 173 1141 257 2139 3134 2411 768 686 2908 290 2770 1087 2231 814 1213 377 3468 292 512 562 414 166
3503 1034 3543 1782 1296 1982 246 1448 652 334 3981 471 3270 632 788 5749 428 973 3435 3079 3217 1260 524 2194 1023 653 558 692 438 1688 1839 560 1121 104 562 1262 3211 707 3513 518 1471 3474 1482 1215 989 1958 2713 1036 1331 198 928 849 774 1693 1587 1032 768 1271 1621 853 911 1188 4661 786 779 3150 1269 861 4935 810 3710 913 2010 2792 2678 1577 636 1407 829 2818 412 564 719 873 2878 2881 2400 196 998 1771 1836 1755 1163 1977 1153 1263 583 3248 3657 377 973 2229 1964 793 3923 4058 837 3096 568 1231 643 408 882 1786 987 932 912 442 763 1769 1244 2048 4563 531 3625 4298 689 2347 511 1434 3946 2093 272 4568 513 2994 325 1616 2141 2391 3950 917 3062 690 800 886 4954 700 1334 1163 1694 1685 2868 3965 4882 1489 1411 3398 1431 2138 1733 457 777 4795 759 2824 1088 1593 588 1472 1711 1226 1707 2424 723 1350 2260 1088 721 1224 2517 1461 749 2410 494 109 3360 5180 1657 4023 1300 1575 3262 792 1467 4860 2157 3903 1570 2016 1227 2800 4261 815 448 1026 2743 1773 2931 4681 5343 551 1563 849 558 2440 588 1100 2977 1475 2777 3011 1135 3846 4337 2426 913 610 814 3989 447 1413 530 1747 454 1104 525 4569 632 1778 1110 1796 2094 2318 734 674 750 5167 641 1040 1448 4896 358 541 1089 1936 1119 1456 721 1709 1766 758 2027 1596 381 1239 708 4078 2397 1220 1401 1967 777 1522 2484 741 2919 900 853 854 4473 1315 628 4587 939 2345 806 2639 3288 877 4127 558 398 1557 2496 901 672 978 2815 4292 513 2447 472 2430 959 1073 2064 737 1862 941 2677 3794 227 619 328 3656 1281 685 1725 2795 1240 4395 2189 1086 436 2233 618 1381 1668 5563 415 2694 1198 2080 1382 1804 1802 2046 4384 6239 855 1411 1195 3060 1416 2006 1372 1470 1048 1291 1089 319 1086 907 1586 4601 1709 3175 1479 2062 629 4517 1124 1173 2701 1082 2697 2585 1314 896 1407 2482 1514 898 2788 2700 1501 3172 698 411 2127 515 237 1977 4690 2206 950 3297 1782 642 835 754 3126 1601 899 640 532 293 882 2578 2177 3459 1032 2778 1097 1537 1511 3658 156 860 2259 3152 2333 872 3477 6345 559 1050 797 2382 1774 2836 2110 1098 730 341 858 1170 1398 758 5607 1108 1500 932 526 1377 300 341 2770 671 1479 1540 3012 2674 1282 1060 684 1710 1137 2886 2654 563 1105 1421 2901 911 2154 2029 973 1242 1558 1155 829 2002 1236 546 1707 1636 298 1779 1089 1383 640 431 6611 1446 911 484 533 3047 371 2487 5083 4129 1348 981 3127 2874 4468 2556 2446 919 1400 2113 4542 453 628 616 4097 215
4378 1933 3879 2054 1539 3191 1883 1594 746 845 4390 533 4614 881 1804 6995 1025 4583 4275 3185 3411 1401 1328 3194 1247 1221 564 826 1024 2366 1945 977 1294 910 1038 1374 5957 1246 4673 695 2237 5620 1667 3011 1110 2025 3273 1072 2883 814 2083 972 1370 2233 2389 1420 1011 1655 2223 856 1165 2220 4946 1257 1513 3536 1488 1378 6483 890 4128 1993 5447 3531 5726 2144 636 1498 866 2821 898 629 896 1238 4081 4794 2506 498 1001 3072 1944 2060 1187 1991 2517 2084 754 3411 4145 719 1341 2259 2253 812 4564 4934 866 4856 717 1378 731 432 902 1891 1391 1501 995 530 1208 2935 1882 5819 5427 659 6138 4803 827 3411 640 3692 3963 2283 753 4915 1089 5847 388 1637 2216 2883 4601 929 3191 851 1112 1343 5696 920 1718 2008 2771 1904 3084 4201 5421 6620 2123 4067 2093 2302 2943 695 3206 5438 884 2929 1924 1626 1647 1475 1771 1986 2536 5510 1158 2574 2891 1107 1397 1261 3052 1545 914 2534 619 745 3558 5631 1798 6527 1640 2954 3738 1592 1826 5751 2180 5270 2571 2045 1687 2851 4509 892 1570 1371 4053 2180 2977 6353 7404 610 1852 931 1810 5005 686 1302 4147 1527 3037 5554 1310 4779 4663 4097 948 967 921 4996 595 1433 962 4630 746 1208 3334 4607 655 1812 1279 2098 2135 3315 872 852 793 5753 1032 2672 2388 4920 1991 1493 1481 2809 1215 1600 951 2699 2168 2167 4472 1614 702 1874 1406 5109 2818 1261 2230 2275 933 1810 4118 1120 4428 1277 2381 2363 6875 1440 1027 5421 2535 2402 1537 2804 3737 1111 4486 635 526 1671 3265 1058 1007 2222 2819 6255 1024 3531 672 2907 1257 1089 2521 844 1953 990 3107 6892 370 919 760 4472 1290 729 1863 3373 1460 4974 3085 1103 813 2493 1223 1714 2646 6629 595 5830 1263 2373 3874 2187 3452 2491 4807 6442 1298 2583 1528 3937 1878 2604 2425 1678 1063 1326 1595 801 2932 969 2343 5440 2045 3187 1630 3979 979 4552 1265 1502 2749 1346 3170 2688 1417 1191 1843 2494 1610 1388 4130 4058 2382 3461 1345 1013 5560 524 512 2465 4838 2404 1136 4676 2240 643 2042 820 3606 1818 1093 673 1289 751 967 6273 2411 3567 1268 4449 1213 1759 1793 5954 262 2179 2474 3973 2446 1265 3536 6765 661 2082 920 2850 2597 4366 2225 2373 884 594 919 1299 1662 869 7000 1982 2485 1091 981 1460 529 421 2964 849 1518 1601 3323 2729 1362 1344 951 2406 2011 3053 2924 999 1145 1669 3022 1105 3027 3900 1041 1983 2088 1191 995 2517 2350 777 1810 2201 305 1826 1686 1568 1964 896 7366 1855 1155 605 1837 3721 717 2627 5264 4142 1483 983 3149 4692 4926 3615 2904 1074 2330 2397 4672 1044 806 843 4680 681
5865 1965 7580 2415 2667 3228 3570 1741 2178 1146 4961 535 5489 997 1939 7523 1483 5455 5008 3768 3598 1558 1370 3676 1472 1533 811 942 2939 3006 2961 1123 1532 1544 1062 1493 6710 1682 4781 1370 2695 5917 3343 3286 1265 2984 3420 2875 4538 819 2281 3267 1677 2302 3090 1563 1196 3726 2376 913 1343 3177 5917 2485 1608 4543 2188 1504 7044 957 4616 2139 6898 3776 7037 2430 667 1523 1282 3116 1172 816 1460 3282 5759 4795 2859 603 1282 4710 1950 2541 7282 1999 2969 2192 1162 3985 6357 1037 1347 4648 2401 828 5028 4964 1266 5802 1117 1746 815 791 957 2194 1433 2591 1494 1210 2026 3619 2073 6672 5442 777 6537 5454 1167 6368 2768 8773 4197 2890 1086 5852 1167 6004 721 2537 2484 2927 4982 1049 3625 1400 1175 3161 6466 1603 2460 4065 2979 2138 4114 4425 5711 7752 2827 5538 3568 3114 3515 756 3275 5892 1251 3155 3496 1705 2109 1860 1794 2462 2631 5670 1379 4136 3017 1272 1627 1565 4024 1870 962 2717 862 1005 5309 6149 2145 6791 1929 3863 6583 1611 1849 6769 2759 6364 2980 2247 1706 3305 5610 1073 1585 1381 4169 3976 3233 7113 8007 967 2087 1418 2028 5343 1592 1671 5141 1789 4431 6801 2597 6633 6415 6503 1080 975 992 5302 1620 1476 1437 4746 1070 1750 3568 4927 665 1960 1500 3395 2333 3504 2103 1173 2364 6877 1151 4519 3444 5052 2128 1763 1715 2976 1348 2232 1512 2913 2179 2253 4958 1751 913 2873 1550 5471 4482 1497 2265 2437 1280 2381 5477 1646 5077 1289 2769 3815 7026 1541 1343 5807 2600 2877 1751 5231 4122 1409 4827 782 557 1980 3326 1936 1998 2599 2982 6273 1069 3999 758 3170 3555 1397 3251 868 2702 1167 4740 7400 400 1354 1032 5595 2173 907 1870 6071 2014 5123 3403 2005 972 3710 1547 2229 3204 7384 1036 6363 1705 2679 6901 2442 6034 3673 5221 7259 1660 5223 2598 7075 2305 3047 2882 1884 1107 1614 2378 1023 3040 1104 2879 6087 3687 6917 2672 5830 1034 5457 2804 1527 3932 1467 4984 3178 1843 1315 2538 2954 1640 1512 4585 4542 2971 3658 1858 1598 6309 737 668 2533 5676 2781 1707 7135 2388 1447 2114 1163 4282 2047 1432 1799 1438 1266 5990 7137 2898 3795 1403 5170 1577 1794 2020 6742 899 2656 4280 4839 2609 1514 3776 7976 1105 2643 1061 3260 3582 5267 2625 2575 1659 857 1330 1353 2269 953 7160 2558 2999 1307 1149 1597 851 640 4996 854 1557 2580 4182 3889 1715 1459 1210 2937 3093 4343 3235 1050 1170 1990 3158 1515 3191 4951 1206 2042 2999 6155 1013 2979 2606 941 3120 2561 506 2762 2190 1796 2023 1320 7462 2100 1287 925 1842 6343 1016 2650 6430 4709 2128 1635 4059 4729 7466 4636 4908 1167 2815 2520 5861 2005 1489 1264 4988 739
8710 3198 7663 4041 2997 3450 3597 3469 2518 1853 5479 960 6418 1153 3793 7939 1515 7274 6994 3805 3891 1605 1734 3884 1762 2130 1064 1051 3139 3902 3430 1215 2007 1832 1641 2031 6760 1795 6102 1908 2753 8279 3401 3441 1627 3909 3514 3385 4558 1492 2622 4416 2985 3401 3400 2215 1313 3930 2729 928 1564 3188 7782 2658 1610 4846 3305 1683 7060 1153 5103 2380 7002 4495 8078 2769 914 2440 1809 3249 1212 1116 1559 3358 6843 5321 3142 795 1416 4774 2037 2948 7291 3281 3070 2865 1338 5595 7018 1561 1448 4654 3353 1486 5647 6146 1410 6498 1332 1888 1156 1226 1087 2358 1864 2777 1536 1452 2166 6174 2129 7417 6314 875 7325 5749 1745 6626 3141 8785 4710 3104 1884 6532 1416 6242 1103 2959 3000 3950 5042 1702 3748 1530 1363 3360 8151 1741 3494 4432 3029 2375 6610 4669 7074 9207 4220 6560 3640 3396 5267 857 4712 6955 1627 3302 3592 1896 2405 1877 4127 2606 4070 6005 1652 5133 3321 1333 1782 2853 5134 2055 1635 3359 1234 1037 6604 7380 2885 7021 2255 4675 7926 1952 2635 7914 3071 7099 3628 2276 1723 3952 7970 2012 1901 3034 4402 3990 3256 7636 9099 1541 2120 1750 2174 5682 1669 2053 5224 2314 4506 6943 2886 6754 8053 7258 1207 1048 1061 8296 2674 1501 1598 5366 1143 3208 3573 5721 1827 1984 3160 6019 3283 3558 3354 1294 2924 7160 1493 7594 3609 5377 4243 2549 2002 3113 1640 2842 1554 4644 2511 2311 8206 1772 1264 2939 2107 6890 5370 2055 2769 3844 1322 2596 7347 2124 7132 1747 3341 4335 7414 2946 1394 5814 2796 3418 5661 7150 8248 1662 6067 1009 1194 2176 4068 1952 2017 2936 4142 7477 1470 7855 971 4579 3584 1425 3652 1289 3100 3139 5149 7418 947 1822 1094 6401 3020 1111 1894 6809 3606 5707 3536 3018 997 3920 1585 3444 3556 7390 1045 6675 2228 2778 8312 2476 7480 4290 5352 8575 1918 5772 3322 7248 2780 3063 2982 1927 1203 2034 2782 1563 3675 1492 3304 6676 3907 7328 4054 6406 1632 6035 3578 1667 6332 2070 5234 3520 2549 1509 2739 3749 1652 1862 4884 5102 3534 4551 1966 2756 8261 1282 878 3995 6419 3807 1763 7367 2772 1536 2137 1259 5139 2436 1462 1996 1596 1958 6545 7336 3312 5114 1805 8343 1625 1875 2281 8242 1199 3311 6526 7216 3066 1701 4363 9209 1375 3247 1155 3300 3723 6128 2867 2802 1734 881 2042 1578 2330 1284 7520 3447 3855 1644 1524 2044 1363 835 7094 1366 1912 2676 4838 4933 2113 1529 1534 3433 3211 5995 7048 1508 1262 2164 3304 2052 3337 5910 1752 4464 3142 6203 1659 3279 3366 1122 3299 3502 594 3713 2530 2061 3699 1569 7519 2171 1646 1309 2121 6493 1201 3398 7600 5687 2242 2147 5271 6479 7646 5339 5736 1357 3861 2544 6444 3216 2288 1785 6756 765
9683 3414 7906 4230 3413 3787 4028 3571 3204 1858 8340 1779 7550 1352 3938 8178 1533 7409 7786 3859 4055 2020 1947 4571 1931 2166 1379 1738 3920 4186 3460 1502 2171 2134 2154 2052 6805 2342 6439 1963 3375 8759 4030 3638 1993 3977 4073 3994 4740 2086 4028 4778 4017 3608 3970 2362 1668 4522 3068 1781 1599 3305 8170 2772 1955 4910 3561 1812 9042 1230 6784 2730 7826 5571 8651 3074 942 2623 2162 3331 1507 1496 1571 3403 8142 5557 3836 1791 1463 6108 2303 4209 8211 4016 5206 2889 1911 7380 8479 1845 1698 5708 4181 1661 6545 6870 1541 7787 1718 1973 1327 1919 1735 2889 2564 3313 1618 2153 3190 8725 2260 8993 6887 1541 8529 6455 2070 7024 3831 9434 5521 3682 1925 6587 1719 6565 1457 3621 3029 4627 5637 2280 3871 1859 1463 4620 9414 1921 4339 4472 3545 2965 7483 5409 7938 9879 6833 8633 4412 3456 5941 906 5227 7114 1628 3618 3619 2125 3278 1911 4286 2643 5202 7480 1847 6446 3423 1826 1988 3081 6098 2243 1719 3447 1335 1797 6865 7764 3209 7317 2503 6311 8894 2180 2949 8168 3384 7643 4019 3900 1899 4134 8653 2340 2027 3131 4523 4054 4165 7794 9158 2031 2164 2298 2322 5760 1672 2069 8443 3158 4654 7528 3096 6984 9229 7542 1355 1279 1095 8519 2820 1508 1717 6118 1521 3906 4088 5958 2495 2073 3178 6148 3605 3640 3604 1439 5534 7802 1547 7654 3895 5740 4355 3149 2014 3420 1947 3002 1585 7977 2894 2383 8297 1824 1568 4255 2272 7068 6487 2570 3126 4062 2180 2718 8952 4364 7650 2051 3346 4536 7643 3586 1425 5857 3192 3592 6757 7883 8972 1787 6465 1628 1624 2198 4406 1968 2416 3745 4167 8898 2016 8917 1429 4750 4163 1888 4570 1296 3341 3590 5220 7749 1756 1851 1341 7369 3856 1283 1917 7698 4553 6303 3696 4757 1915 4057 1762 3690 4366 7528 1112 7995 2261 2792 9124 3149 9750 4479 5980 8966 2355 5910 3858 7898 3444 4735 3420 2009 1319 2361 3792 1610 7262 1542 3542 8655 4699 7347 4519 7751 1843 6263 4032 1922 8581 2323 5952 4263 3398 1669 3575 3762 2364 2006 7379 5135 4162 4613 2117 3461 8623 1347 1552 4767 6564 3830 2104 7431 3308 1780 2268 1464 7071 3117 1845 2177 2420 1987 7337 8573 3343 8311 2040 9076 1648 2090 3694 9045 1580 4743 7224 8015 3826 1904 5485 9309 1784 3691 1597 3462 3976 6817 2888 3146 1827 1154 2466 1721 2631 1469 8858 3560 4156 1957 2002 2243 2038 943 7321 1795 2057 3111 5018 5779 2310 1830 1856 3774 3614 8324 8149 1544 1263 2243 3559 2160 3750 7696 1857 4476 4425 6889 1838 3569 3477 2087 4392 3504 763 5169 2816 2199 4123 2028 7808 2423 2005 1550 3869 7602 1332 4602 8050 7560 2933 2181 7305 7175 8144 6276 7530 1477 5564 3227 8025 3297 2727 1800 7771 949
9708 3626 8466 4671 3543 3914 4296 3683 3606 2040 8949 2367 7816 1996 4244 8753 1778 7789 9352 4025 5347 2277 2375 4775 2354 2466 1604 2131 4454 4220 4125 1815 2235 2165 2170 2242 9434 3645 7442 2213 3593 9933 4376 3839 2299 4208 4463 4150 7119 2112 4425 4797 4437 4121 4158 2393 1967 4606 3186 2122 2070 4248 8339 3329 2345 5486 3753 1815 9057 2013 8188 3855 8042 6673 9522 4502 1963 2829 2314 4882 1753 1518 1576 3813 8745 7456 3951 1806 1465 7068 2412 4306 8996 4321 5609 2912 1918 8240 8696 2219 2077 6955 4686 1670 7661 8323 1605 8846 1961 2284 1570 2113 1823 3017 3145 3517 2391 2188 4260 9307 2322 9026 7805 1685 8704 7381 2166 9387 4545 9925 6386 3722 2059 8013 1808 7475 2229 3641 3258 4838 6537 2302 3890 2029 1720 4785 9423 2215 4830 5329 4027 3824 7549 9717 8151 9953 8235 8785 4674 3774 8578 1316 8283 7521 1780 4063 3640 2213 3935 2294 4312 3906 5482 8218 2145 6977 4300 2205 2383 4862 8052 2289 1848 3745 1660 2005 9239 8508 3631 9133 2521 9012 9134 2503 3118 8213 3486 9479 4246 4410 2071 5497 9108 2372 2117 3463 4807 4249 4247 7953 9927 2133 2382 2460 2355 6187 1887 2448 9016 3888 5969 8617 3503 8967 9567 7737 1542 1436 1769 9562 3288 1622 1924 6958 2046 4148 4646 7376 2657 2087 3203 6335 4436 4272 4463 1925 8243 8804 2414 7920 6084 8915 4523 3507 2369 4318 2122 3488 2274 8158 3520 2425 8514 1862 1813 4546 2762 7716 8196 4474 3912 4112 2245 3261 9730 4810 7972 2228 4389 4838 8927 3708 1576 7574 3347 3751 6856 7920 9144 2052 8026 1717 1797 2214 4480 2068 2776 4861 4717 9551 2167 8986 1931 6883 4190 2043 5306 1688 3952 3728 7802 7874 1921 2002 1390 8771 4681 1456 2300 8463 6015 6365 4222 4851 2154 4532 2056 4513 4507 8727 1690 9107 2342 4033 9469 4179 9896 4778 7751 9123 2373 6749 4748 9078 3496 6377 3593 2044 1825 2418 3910 2303 7398 2217 4356 8725 4963 7446 4869 8809 2224 6844 4360 2170 9612 2330 6375 4422 4209 1674 4037 3891 2435 2121 8657 5799 4380 4678 2262 3820 8947 1998 3172 4967 8122 3924 2292 7634 4514 1896 2471 1559 8328 4331 1865 2323 2447 2258 8232 8989 3611 9113 2060 9085 1955 2638 3777 9563 1719 7186 9624 8207 3943 2380 7168 9785 1865 4245 1646 3714 4177 9320 2989 4628 2394 1335 2468 2292 2699 1733 9529 4144 4470 2054 2106 2377 2190 2369 8402 1810 2062 4572 9300 6773 2348 2166 2337 4715 3967 8990 9423 2076 1985 2258 4261 2312 3874 8235 1876 4680 4869 7633 1938 3732 3717 2130 4741 4278 1590 6268 4310 2800 4363 2109 9135 2439 2099 1769 3883 7623 1746 7260 8567 8066 3636 2479 7306 7636 8662 7753 9256 1820 7352 3399 8300 4898 3728 1914 8122 1088
9891 3655 9564 4841 4664 4368 4990 4387 4680 2375 9104 2496 9042 2295 4280 9256 1989 9042 9381 4452 5920 2500 2503 4941 2526 2545 2220 2360 4919 4535 4551 2309 2257 2346 2549 2250 9818 4679 8754 2381 5072 10023 4401 4129 2433 4455 4597 4877 8008 2500 4670 4954 4961 4226 4759 2461 2408 4687 3496 2458 2193 4324 9483 4391 2515 6745 4763 2090 10022 2016 9874 4330 9184 7818 9582 4513 2176 4328 3859 4902 2530 1660 1751 4549 9289 9936 4506 2446 2063 7894 2418 5053 8998 4558 9755 3440 1959 8918 8769 2413 2446 9251 4896 1753 8070 8617 2396 9668 2351 2533 2017 2299 2532 4414 3791 4538 2503 2531 4768 9795 2474 9195 8371 1767 9382 7540 2355 9406 4799 9979 9006 4259 2464 8744 2463 8039 2486 3661 4418 4861 9834 2346 3900 2361 2119 4812 9907 2483 4943 7099 4989 4583 7961 9880 8909 10025 9909 9488 4703 4827 8646 2537 9345 9288 2486 4916 4647 2290 4924 2461 4379 3999 8110 9852 2362 8314 4940 2499 2412 4975 9074 2378 2290 4870 2278 2254 9441 8693 4755 9164 2549 9519 9580 2836 3627 9602 4719 9705 4730 4687 2413 5839 9211 2495 2447 4851 8445 4528 4709 9028 9994 2174 2386 2544 2504 8336 2347 2957 9918 4508 8229 9597 4706 9850 9620 7754 1877 1498 2484 9873 4552 2415 2244 7811 2393 5037 4663 9371 4685 2477 4266 9145 4632 4408 4577 2165 8409 9517 2483 8000 8690 9081 4814 4187 2550 5034 2361 4218 2448 9799 4066 2503 9315 1884 2001 4615 3722 9516 8550 4763 4804 5037 2311 4726 9875 4996 8551 2233 4542 5266 9593 3788 1906 9006 3550 4944 7735 10051 9387 2327 8721 2217 1954 2346 4515 2170 4158 4896 9115 9920 2467 9741 2087 9260 4413 2546 8433 1716 4652 4433 9645 7906 2207 2226 1457 9420 4870 2434 2382 8707 6962 7211 4735 4878 2495 4967 2493 4738 4801 8854 2288 9818 2494 4801 10017 4349 9927 4869 9004 9170 2451 8350 5051 9881 4596 8013 4465 2362 1854 2429 4658 2464 9578 2483 4636 8870 4984 7653 6681 10013 2407 9048 4782 2524 9874 2501 8938 5039 9012 2560 4336 4660 2549 2547 9126 9927 4532 4748 2343 4665 9915 2776 4100 4981 8675 4126 2530 8896 5053 2181 2515 1664 9824 4880 2403 2546 2467 2298 10004 9471 4625 9574 2203 9379 2396 4958 3936 9943 2151 7373 9658 8486 3965 4492 9044 9967 2464 4919 2029 4480 4853 9647 3469 4821 2539 1421 2541 2453 3431 2108 9994 4966 7220 2088 2459 2527 2310 2444 9562 1901 2178 4807 9529 8493 2373 2296 2414 4898 4661 9341 9653 2523 2237 2368 4376 2388 4363 9206 2486 4871 4932 7873 2227 4537 4464 2430 5005 4681 1827 7437 4630 3309 4958 2338 9484 2484 2377 2354 4826 7939 2517 7806 9379 8647 3872 4080 8230 8968 8951 8938 9860 2370 8066 3695 8762 5021 4317 1985 8771 1735

216 23 26 188 107 607 81 41 89 3 2320 203 160 56 124 3138 10 735 144 1819 916 14 339 146 1 295 202 112 6 143 879 173 306 7 75 243 294 3 8 270 101 195 594 250 120 17 17 47 23 5 60 288 472 194 324 45 211 137 306 18 39 14 1939 66 87 442 35 10 435 138 129 122 168 813 155 77 53 134 8 41 43 53 64 272 897 20 125 34 459 11 382 111 57 613 413 341 38 902 205 49 316 792 533 66 689 1561 32 244 40 244 171 39 176 243 12 30 167 30 80 1 54 162 437 35 199 90 174 610 197 431 1625 255 61 14 145 541 25 48 363 1039 707 86 347 16 114 55 1130 266 80 181 1080 53 499 268 112 40 42 173 131 137 838 119 73 844 72 631 305 219 32 70 295 66 118 11 197 148 1324 366 117 24 18 200 20 3 6 14 623 558 906 179 342 236 1182 60 636 594 367 1110 29 384 109 1474 2488 81 2 176 1588 71 882 1466 26 173 287 288 5 461 33 66 301 263 37 701 296 825 622 259 323 176 332 817 229 42 40 495 217 121 115 45 72 703 213 44 139 286 51 355 29 835 11 17 151 186 56 32 114 127 47 379 426 272 449 47 115 317 113 220 299 149 237 418 457 427 37 398 707 2 380 46 196 471 583 169 82 19 35 923 3 429 249 144 70 90 3 413 1224 38 254 22 603 47 118 430 252 918 19 141 74 50 6 65 877 143 35 44 65 394 984 284 32 67 9 657 66 522 180 168 67 71 224 1824 140 224 714 613 82 307 2 108 337 283 24 190 34 178 627 229 161 4 372 125 68 123 24 59 251 915 125 43 515 222 281 107 448 256 656 59 354 29 142 249 27 258 62 169 45 10 133 1044 228 84 954 177 81 430 178 273 677 150 134 185 46 285 329 290 20 188 98 72 233 135 618 1319 479 441 31 374 845 32 50 178 403 198 107 207 132 2302 65 232 272 42 112 409 300 251 99 209 119 68 128 70 2787 501 371 194 74 172 71 76 1454 33 100 70 308 1239 28 287 24 984 343 733 2145 136 225 49 1274 153 2 164 114 74 591 14 315 639 600 152 358 55 125 705 444 105 201 123 36 381 94 92 11 439 120 3 755 68 362 132 1203 22 838 188 410 263 486 30 1212 12 350 63 69 41
