500 9 1
29 35 44 15 23 83 91 18 73 44 71 78 75 33 7 58 25 74 27 91 9 68 95 8 58 99 86 24 53 100 81 28 35 65 76 20 80 80 54 4 64 58 12 19 60 58 93 33 21 17 51 56 6 1 13 36 5 89 53 81 6 31 36 1 96 87 37 42 29 30 70 83 7 35 94 52 96 96 24 57 53 14 41 24 59 33 42 99 98 43 27 6 6 20 79 62 23 66 6 86 88 3 100 57 70 35 90 8 53 40 87 41 45 52 92 59 52 36 64 39 47 15 84 73 44 19 93 87 11 19 36 80 89 7 6 66 53 42 62 9 70 1 13 20 1 56 85 98 14 88 70 16 24 10 28 28 11 29 19 64 8 52 52 38 27 46 13 77 22 100 96 63 36 45 52 62 92 9 26 84 24 40 56 30 96 75 25 4 52 63 6 55 69 15 61 27 57 85 100 17 62 93 54 12 58 40 6 7 18 73 30 98 54 40 36 75 79 65 50 49 85 10 38 13 36 33 30 85 95 17 48 70 90 22 75 42 20 39 71 95 6 67 50 17 11 3 70 40 16 94 16 26 71 63 60 8 22 42 56 50 90 26 42 94 90 57 62 88 54 84 22 5 28 44 78 65 8 40 5 37 11 6 86 9 48 35 11 53 8 7 18 21 40 77 59 63 95 24 76 81 35 57 43 37 8 66 30 19 86 99 69 32 40 64 17 25 85 39 48 2 7 58 85 79 1 25 36 47 18 63 95 85 60 68 37 53 42 12 62 15 26 5 37 4 82 34 12 67 89 92 59 11 85 16 28 11 97 9 97 77 61 34 52 23 95 66 86 72 13 77 51 28 46 6 8 99 27 30 24 26 93 21 38 14 82 85 59 1 42 74 95 86 23 8 86 40 58 77 83 70 46 27 45 16 39 45 55 45 23 46 67 60 15 20 91 60 85 79 23 37 58 46 97 63 56 93 70 16 19 28 59 60 29 73 40 52 15 80 77 1 98 74 80 48 61 95 69 8 29 31 37 79 38 81 62 55 75 32 75 64 3 24 17 32 42 89 82 56 43 52 92 80 35 12 25 18 29 21 97 38 55 40 92 62 25 23 24 7 26 85 9 92 50 52 55 41 89 32 34 3

4 14 16 6 5 1 5 6 27 5 32 2 19 4 35 3 22 3 13 19 33 19 5 9 4 3 7 20 3 12 1 11 2 3 4 12 5 12 5 1 15 8 5 5 5 7 13 7 1 21 8 15 6 4 10 44 4 14 5 6 14 12 10 14 2 2 2 8 7 8 2 19 2 18 2 11 5 1 14 5 12 1 7 1 6 21 17 23 19 2 1 3 10 6 7 4 1 28 15 4 7 7 3 15 1 17 4 13 9 7 26 7 5 5 1 10 13 2 2 19 1 6 12 2 6 17 10 4 12 9 14 6 18 16 7 10 33 1 34 4 25 9 9 4 5 2 1 1 13 45 1 6 2 16 12 4 5 4 12 36 5 7 2 5 5 1 10 3 18 1 3 21 13 2 15 2 25 2 6 3 7 13 20 1 5 34 5 30 3 5 17 15 11 19 2 10 9 3 2 3 10 8 22 7 7 6 1 14 2 1 29 4 11 2 21 2 2 1 18 10 4 8 3 2 2 21 15 6 2 16 6 12 8 11 6 10 7 16 2 14 4 21 43 4 3 2 20 7 33 27 28 1 27 23 2 26 1 6 4 28 8 10 23 17 11 14 2 11 3 12 18 9 15 2 4 6 2 13 9 6 4 6 1 13 8 2 4 1 5 10 17 10 27 9 7 10 13 8 8 4 17 9 27 4 14 14 14 9 6 5 14 10 1 2 41 8 25 2 3 1 11 5 3 17 21 30 5 30 2 1 29 3 7 9 2 10 35 12 5 8 8 14 10 3 27 10 12 3 20 9 6 12 6 31 2 16 4 6 3 22 4 39 12 17 11 6 12 6 10 12 11 6 5 3 28 2 2 11 1 8 17 19 4 41 4 16 4 11 6 1 8 14 4 1 10 14 9 2 3 19 23 28 19 19 3 6 24 3 5 9 5 10 17 3 5 10 2 9 8 33 4 1 16 1 47 4 11 2 5 6 33 10 8 20 31 13 6 3 5 18 2 27 1 1 9 6 9 2 13 15 2 15 3 39 31 6 9 24 18 4 4 7 5 7 2 5 1 11 1 11 14 26 2 25 31 3 3 6 2 13 3 3 5 7 7 21 6 1 5 25 2 18 8 4 1 7 14 13 20 8
11 34 21 25 5 5 11 8 30 13 52 8 20 15 47 12 30 25 41 22 41 21 22 27 8 3 18 30 48 18 19 11 6 7 24 13 28 17 15 5 17 31 18 5 18 23 28 8 7 23 28 27 8 10 11 49 5 17 7 29 22 13 25 14 24 2 4 32 24 41 8 50 19 21 3 16 24 9 18 28 24 8 10 9 14 26 24 24 20 3 4 6 12 60 14 13 22 44 16 18 18 25 15 30 6 23 23 15 16 12 30 16 8 7 16 36 14 4 20 28 16 18 19 9 9 18 27 12 19 53 19 6 26 21 23 24 41 36 41 5 25 10 23 5 22 10 16 10 28 53 4 14 6 20 21 30 12 37 24 37 10 12 10 18 17 6 13 3 33 7 13 25 20 5 30 5 32 12 44 9 27 35 43 7 19 36 5 30 12 13 20 36 22 19 3 20 18 21 9 9 17 13 39 14 17 15 21 14 4 12 34 18 34 8 24 11 29 3 21 29 27 18 24 10 8 26 30 6 5 28 18 14 10 14 10 17 8 37 23 28 17 29 62 25 6 11 61 36 36 43 34 19 27 38 22 29 20 12 30 39 48 23 54 19 29 20 15 27 13 31 25 12 20 13 7 11 8 22 19 19 7 8 16 20 23 36 13 19 33 13 32 25 36 27 14 13 20 19 20 37 22 29 28 29 24 16 14 12 17 31 17 11 15 5 46 13 31 4 9 17 12 16 9 31 29 31 9 47 10 12 38 37 10 12 2 27 37 16 13 18 21 20 12 4 33 16 40 24 24 17 30 26 8 41 11 21 9 61 8 25 5 42 37 24 15 12 25 9 48 18 15 12 6 7 40 9 22 24 47 23 23 24 25 52 5 25 5 27 8 12 15 14 7 7 24 19 11 21 10 28 24 32 27 26 11 16 25 14 20 25 28 14 18 6 21 22 40 26 18 46 9 10 38 13 64 15 22 11 7 22 40 14 18 32 36 17 8 8 5 21 4 41 26 4 21 31 21 6 52 33 14 28 14 43 40 11 10 25 49 12 42 13 15 12 7 12 31 17 14 13 17 30 3 29 50 3 18 10 7 26 10 7 20 8 13 21 19 40 5 49 20 31 10 8 27 12 14 16 24 11
29 59 33 33 9 6 34 9 30 23 52 12 25 22 65 35 30 41 50 26 49 23 23 29 31 45 20 41 53 27 31 14 7 21 46 21 32 39 32 8 43 32 25 63 32 23 32 16 22 27 30 33 9 17 16 50 17 34 14 42 25 36 33 25 26 16 5 39 32 47 17 61 34 25 31 32 30 41 22 39 42 36 13 12 14 37 31 28 29 10 34 8 30 61 29 18 27 50 23 34 42 27 26 48 22 33 46 21 41 21 64 22 10 11 22 43 21 8 21 44 21 46 23 14 15 29 28 23 52 54 22 26 37 23 24 27 47 53 44 15 25 16 29 12 23 43 38 22 39 66 10 19 10 36 32 31 14 42 26 38 15 12 46 35 24 31 17 22 44 18 58 41 24 33 32 21 33 13 53 16 55 52 49 33 23 39 7 39 23 32 44 37 43 22 43 24 30 29 40 15 50 38 57 18 25 19 27 19 5 15 34 33 37 8 29 22 37 8 35 35 37 39 67 11 15 47 60 8 32 48 20 48 22 39 12 26 9 49 38 28 59 31 66 45 26 16 65 46 59 43 56 32 45 48 23 38 22 29 32 41 53 28 58 34 29 47 21 28 16 32 29 17 38 24 11 14 15 31 21 26 7 21 18 44 23 48 17 20 38 20 32 27 39 36 18 16 38 35 23 40 34 32 59 30 32 16 35 38 20 37 18 38 21 17 48 24 36 5 21 38 13 38 12 34 50 40 13 48 33 16 38 39 26 24 8 32 38 16 21 23 23 31 13 9 36 17 59 29 31 17 33 30 12 58 25 25 10 67 42 48 9 49 44 28 15 20 26 29 55 29 18 16 30 13 47 25 25 28 58 23 51 36 29 59 20 29 20 31 54 20 19 21 10 15 24 28 13 37 11 40 26 34 38 38 22 18 25 25 21 35 41 17 34 15 35 35 41 31 27 56 33 22 42 21 72 23 25 20 26 23 43 18 26 47 61 33 28 14 8 28 6 43 26 6 38 32 24 23 53 57 14 40 21 51 40 21 53 29 58 31 43 26 45 13 14 28 34 42 34 26 18 38 7 39 65 5 19 35 8 26 18 14 34 28 34 46 20 43 20 58 40 36 40 16 28 15 49 23 28 14
37 63 36 34 16 8 49 10 45 34 56 43 31 53 70 38 48 51 52 35 54 37 27 56 31 54 23 47 54 32 37 36 10 29 51 21 42 45 33 11 58 34 53 65 42 43 56 29 49 39 32 33 12 31 22 50 18 37 17 49 62 40 35 37 37 16 6 42 42 55 38 73 38 28 44 32 41 44 27 40 45 45 33 13 27 63 31 49 47 12 59 13 37 65 35 33 32 52 25 34 49 33 61 49 32 37 53 26 47 26 66 35 12 15 23 52 22 36 38 50 29 48 36 23 21 33 30 24 55 59 52 33 49 49 35 35 55 55 49 26 34 21 38 20 59 44 48 22 39 69 20 21 18 58 52 36 16 42 32 39 27 20 48 39 46 40 24 23 54 29 67 48 38 36 33 44 44 37 56 21 70 70 65 83 29 53 20 54 33 44 45 52 46 23 58 38 49 64 40 26 52 47 62 19 45 57 30 21 26 39 44 39 51 26 35 40 53 22 44 56 37 49 70 23 45 73 65 15 34 51 31 53 23 44 23 28 12 51 43 54 61 45 69 50 52 20 67 51 60 45 57 34 55 48 38 52 35 33 33 72 68 51 64 37 40 61 25 59 17 41 52 22 52 29 15 30 22 32 29 28 44 26 18 46 38 50 23 24 43 44 34 49 39 51 25 26 49 39 23 42 38 53 60 38 43 22 49 46 43 40 47 48 23 19 50 36 41 12 37 54 26 42 22 36 50 55 19 57 57 17 45 44 27 29 18 33 50 25 26 47 55 51 15 24 38 17 70 33 42 28 38 34 17 69 48 41 20 73 54 53 49 53 44 33 55 36 43 40 66 33 40 16 42 24 55 50 33 35 63 24 61 45 37 65 21 42 41 44 60 42 39 42 38 16 59 38 29 39 26 50 31 51 40 44 31 30 37 25 52 42 50 26 55 19 56 39 47 52 39 63 34 38 43 25 74 31 31 53 45 44 45 20 49 49 61 37 33 36 26 66 8 55 31 28 46 45 26 70 54 59 23 53 26 60 49 36 55 61 70 37 53 27 61 17 20 31 49 43 47 58 18 40 16 64 67 10 20 46 14 36 52 28 43 35 70 60 21 44 39 62 44 59 59 25 29 45 53 29 52 56
43 69 42 42 16 19 51 14 59 65 57 43 41 60 77 49 56 60 55 36 55 56 29 59 44 57 34 55 81 37 44 49 13 31 60 38 46 49 37 12 58 48 58 77 59 45 69 35 49 41 33 37 14 32 25 51 20 57 42 73 62 45 69 52 41 17 17 53 46 60 45 84 38 39 45 32 51 62 31 41 46 49 48 53 27 76 54 51 48 29 63 24 56 66 49 35 33 52 33 36 51 40 69 51 56 43 58 28 49 30 73 45 49 28 23 54 38 46 40 50 56 81 66 49 38 33 37 47 66 73 56 52 54 53 62 50 55 56 62 30 53 32 41 21 70 60 51 26 43 71 36 26 27 66 61 47 48 48 32 40 35 29 49 63 50 46 41 27 67 36 70 77 43 55 36 49 47 59 67 30 86 73 67 91 37 57 25 63 54 45 52 56 67 27 60 47 61 78 55 45 54 48 66 34 45 63 40 32 50 43 56 65 62 48 39 45 56 30 55 59 60 49 74 26 68 75 83 31 51 52 32 67 34 58 25 35 24 55 72 63 66 59 70 61 58 31 67 58 64 53 61 51 62 60 49 72 69 56 41 73 77 58 73 44 46 79 60 63 18 44 53 28 54 29 25 56 61 48 33 36 51 31 19 56 53 68 56 37 47 57 37 56 42 65 57 37 52 43 31 50 65 54 62 48 46 22 50 60 63 42 60 63 51 31 60 44 50 41 67 54 39 50 24 62 70 60 38 68 58 31 50 47 28 38 35 36 59 28 42 59 69 69 21 42 45 25 71 55 45 41 54 50 39 74 60 43 23 85 58 59 50 63 45 37 55 49 43 41 69 35 46 17 51 46 57 65 48 37 66 26 71 60 58 66 44 55 43 68 73 52 42 48 54 19 59 38 62 43 28 51 47 58 61 49 35 31 51 31 56 47 51 34 75 26 69 46 51 54 57 69 34 41 51 26 75 35 32 73 46 47 47 47 74 53 72 44 43 41 34 77 12 70 43 29 58 71 27 72 63 60 28 60 34 66 63 44 59 63 75 46 76 29 76 39 20 65 51 47 51 70 37 52 29 64 72 20 25 50 21 38 52 29 52 41 76 61 54 46 46 70 60 72 71 26 32 49 69 61 55 60
52 77 44 58 20 72 56 19 68 75 63 65 59 64 81 64 64 67 62 40 77 65 91 65 59 61 35 58 82 44 55 61 50 41 65 39 57 74 44 53 78 61 70 81 66 49 81 37 67 58 44 58 23 35 58 60 23 59 47 79 81 50 73 73 43 19 25 55 47 83 45 85 79 55 49 37 58 64 51 54 48 51 79 64 27 79 59 67 54 32 67 65 63 67 62 59 37 53 38 38 84 72 70 57 62 53 81 29 53 36 93 63 65 76 38 56 39 51 46 55 68 87 68 59 53 40 56 49 72 82 57 67 55 69 78 69 69 64 67 72 59 41 68 51 71 63 77 32 44 76 37 66 37 68 63 50 55 64 36 48 59 31 62 69 55 47 61 37 75 39 75 80 43 75 67 81 48 60 70 60 88 73 70 95 42 68 26 66 61 47 53 63 70 38 64 48 75 83 60 64 72 60 66 42 49 84 43 42 56 68 64 87 69 74 58 49 61 49 57 69 66 57 80 33 77 83 83 48 54 78 37 81 45 61 41 47 50 56 86 68 74 66 71 68 60 45 71 58 93 68 87 58 70 71 50 73 70 58 42 75 82 65 77 56 59 86 61 67 19 49 61 35 54 56 59 57 84 65 35 47 61 40 28 76 55 78 57 50 54 79 45 58 79 74 70 48 67 53 48 54 67 55 68 51 51 23 53 73 64 55 76 67 54 34 63 79 59 58 81 65 64 87 44 65 81 77 42 76 65 38 51 57 59 54 39 55 65 40 66 59 69 71 64 72 45 27 88 56 54 51 58 63 67 76 76 61 41 89 83 76 58 65 52 39 58 53 54 47 77 82 46 41 60 47 64 65 51 42 73 32 76 68 66 72 46 60 45 72 77 57 60 52 57 28 64 52 78 84 46 57 58 76 80 59 65 44 65 45 60 60 53 41 85 41 72 60 53 56 64 73 62 54 69 67 75 54 53 75 58 73 51 51 79 68 77 60 65 52 39 85 18 71 54 31 74 79 28 75 66 82 55 64 67 74 72 92 69 80 79 59 77 49 81 56 31 70 78 55 69 72 49 54 40 75 76 38 36 53 29 43 73 36 60 45 78 73 56 49 50 72 68 76 73 56 33 50 71 73 58 60
55 86 73 70 28 89 67 50 79 79 65 67 66 74 91 69 69 76 73 47 81 71 94 68 63 63 43 87 87 62 87 62 60 54 78 72 58 78 72 60 79 85 72 84 67 74 84 72 72 69 60 59 41 36 67 63 33 64 69 80 91 65 82 73 53 20 28 80 76 89 61 89 94 59 55 46 70 77 52 56 57 51 85 88 40 83 61 77 61 58 78 74 65 83 70 69 42 70 43 52 89 73 84 71 87 62 83 35 54 43 95 74 80 86 66 70 50 55 50 57 77 87 74 74 68 50 58 76 76 95 78 71 56 75 81 76 83 91 70 74 74 60 73 54 85 71 83 38 61 81 42 77 41 85 78 69 57 85 44 58 72 58 86 85 58 67 65 58 79 53 75 82 62 90 88 81 58 64 73 87 93 75 79 96 53 69 70 80 65 51 57 63 74 48 77 55 80 88 64 74 87 60 68 46 55 90 54 45 57 75 83 96 71 93 59 62 70 60 59 84 74 74 81 36 87 89 91 70 58 80 67 84 65 61 50 64 66 62 90 95 85 67 86 81 65 58 74 82 95 70 87 76 81 78 68 75 77 60 43 77 90 85 83 77 77 94 73 80 24 81 66 51 57 75 70 69 94 70 39 61 66 57 66 84 56 81 59 54 57 80 47 64 82 83 72 61 72 60 57 70 79 71 73 61 56 47 76 75 66 56 82 69 62 36 71 83 72 80 86 72 74 87 54 81 83 86 70 86 67 68 55 58 72 73 85 57 72 41 67 66 92 79 66 77 59 68 90 58 68 54 61 64 78 79 78 75 90 91 84 90 82 73 57 55 85 64 63 80 79 86 77 79 63 54 70 73 52 53 77 37 78 86 67 73 69 66 62 84 83 86 94 54 69 54 75 58 80 90 48 68 62 92 82 62 71 52 73 63 78 64 60 54 89 54 85 79 59 68 66 81 80 57 71 84 80 70 67 84 58 76 70 57 85 72 81 74 73 53 49 96 23 75 67 48 80 86 89 77 71 86 58 66 76 86 72 93 97 83 80 80 78 52 92 68 55 83 79 60 71 74 56 60 54 82 90 50 63 57 34 44 78 39 68 72 92 88 65 51 50 86 70 87 76 87 37 55 73 78 61 77
63 93 87 88 50 97 68 83 84 80 77 75 72 81 92 74 72 83 81 66 92 76 98 79 68 65 52 94 92 71 87 63 82 70 84 73 75 84 77 65 85 99 74 89 73 80 87 76 74 82 61 60 49 44 67 68 34 77 89 84 91 88 82 75 59 60 60 87 94 95 64 92 95 79 84 60 77 77 75 58 63 76 88 92 57 93 70 77 78 63 87 81 73 85 79 75 58 78 69 59 90 75 85 90 88 74 85 52 61 91 95 88 88 88 70 78 87 77 78 86 84 88 79 86 78 51 71 87 82 97 81 79 81 76 82 95 95 98 78 79 93 71 79 54 89 98 87 42 62 89 73 84 41 96 87 82 72 87 61 94 80 62 90 87 81 71 67 65 88 89 88 84 78 96 89 98 72 94 94 91 96 79 81 96 61 86 80 82 69 55 65 69 76 53 81 88 86 93 74 76 90 76 82 46 67 96 63 45 61 82 92 98 87 99 88 67 82 69 73 94 99 94 81 43 94 92 91 75 67 92 72 86 68 92 60 88 67 91 92 96 92 69 88 93 68 69 86 95 97 72 89 77 88 96 71 91 87 86 43 78 93 89 89 83 84 97 75 84 59 83 84 57 72 76 81 94 95 88 54 73 73 64 82 87 89 86 63 64 65 85 53 69 82 87 74 94 73 75 87 94 88 88 75 66 69 71 76 75 74 69 90 81 77 75 82 83 78 91 87 78 74 92 62 86 83 86 90 87 78 82 72 58 80 86 95 71 84 68 70 81 97 81 72 78 80 82 93 81 81 63 72 76 85 91 79 78 94 98 87 91 90 73 75 71 92 76 70 81 83 91 81 83 66 57 97 78 60 53 86 61 84 92 70 83 70 82 86 88 85 86 96 78 89 59 81 72 90 100 83 76 70 94 83 92 77 64 95 74 95 69 69 54 93 55 91 93 62 73 72 86 90 71 72 92 88 77 88 91 76 95 72 73 85 92 92 82 74 63 55 97 37 76 73 58 87 90 94 100 78 92 84 75 84 89 78 93 98 89 95 88 88 88 100 79 68 83 83 69 74 83 80 61 78 92 90 75 66 61 37 78 78 44 95 84 96 91 84 63 54 93 94 90 78 92 70 72 93 92 61 80
84 97 98 100 54 100 87 100 86 87 77 86 98 99 99 98 72 98 95 84 97 99 100 90 100 75 69 96 92 91 92 87 85 93 90 77 80 99 95 86 89 100 86 95 87 87 93 94 97 99 92 96 49 92 97 73 98 99 100 91 93 92 97 94 82 83 85 100 99 98 85 94 99 83 88 66 80 93 82 87 78 94 95 93 86 97 84 93 99 90 92 89 94 91 85 83 65 96 81 97 94 77 90 95 95 84 86 55 81 97 97 95 91 92 77 95 98 98 92 90 100 99 94 89 94 72 85 95 96 100 83 90 89 96 100 98 100 100 90 85 93 86 92 62 94 100 100 94 64 93 75 88 44 96 100 96 93 90 75 100 91 85 91 96 98 72 70 89 90 99 95 96 84 99 99 98 96 97 99 96 98 83 89 98 75 90 95 86 87 90 96 76 95 70 84 95 90 98 97 90 95 83 98 77 83 99 70 72 96 91 98 100 88 100 90 74 88 98 78 95 100 100 91 82 100 92 92 97 94 94 80 87 90 94 85 97 78 100 97 100 95 93 100 95 98 100 100 100 97 78 96 81 94 100 98 98 96 87 52 86 97 94 91 100 95 99 88 97 70 88 95 68 75 83 82 96 95 99 65 77 92 72 91 87 98 96 73 94 81 87 99 91 89 89 88 94 84 99 98 95 99 97 82 81 86 94 77 78 94 89 97 100 94 91 84 91 96 95 99 92 83 97 84 92 100 90 94 92 87 90 97 98 84 100 100 100 95 78 94 81 99 93 98 90 86 86 96 82 100 82 89 83 98 94 100 91 100 98 94 100 97 91 83 74 97 95 93 87 97 98 100 85 84 91 98 93 80 85 98 98 95 95 85 89 93 96 89 99 99 98 98 90 97 60 90 90 98 100 87 81 94 98 86 92 91 95 100 95 100 100 99 69 98 63 96 94 90 84 95 87 97 95 86 97 95 100 98 100 85 97 78 74 99 92 98 83 85 64 75 100 70 83 89 79 87 95 99 100 80 94 84 87 85 91 94 94 99 98 99 91 96 89 100 95 82 94 99 100 89 83 89 85 90 97 91 90 84 87 80 96 97 86 100 99 100 99 95 68 73 98 95 92 83 98 90 86 98 98 69 84

15 60 37 19 35 24 88 12 97 98 89 19 51 69 55 24 7 26 8 55 82 75 96 91 13 99 9 34 24 26 12 2 6 68 52 83 76 56 62 43 75 66 30 6 90 69 67 29 23 64 81 2 58 30 88 59 43 88 7 92 39 89 84 62 2 6 43 58 31 6 49 65 46 85 14 30 80 23 16 55 44 24 54 86 14 94 36 26 86 69 43 37 21 85 40 93 47 17 18 2 57 23 3 79 4 98 99 52 53 35 98 64 91 60 81 16 78 55 46 75 9 77 38 81 12 89 95 58 76 16 60 13 54 24 69 27 52 38 46 18 8 52 98 3 73 38 43 4 5 52 28 72 80 87 40 47 69 17 65 29 86 89 12 32 33 72 55 58 35 40 46 2 27 55 7 99 76 6 85 48 31 74 99 79 8 86 79 50 55 18 71 52 16 65 78 91 85 74 36 6 22 97 56 18 93 66 94 16 22 56 2 37 58 14 29 12 48 59 15 83 58 87 72 70 68 33 56 54 24 66 53 73 6 89 60 55 71 96 73 87 79 97 25 91 81 94 24 73 62 47 28 55 25 38 23 21 56 41 20 89 93 96 76 55 37 94 4 9 5 35 62 21 21 53 16 86 39 15 73 75 59 90 79 2 36 62 79 9 63 53 78 19 72 5 35 58 36 8 75 28 87 85 53 76 92 83 6 95 37 24 31 32 23 36 98 87 63 15 25 31 84 32 61 6 44 14 21 38 28 22 88 29 84 34 90 75 38 6 60 9 22 85 76 23 85 78 38 37 13 85 42 27 97 46 53 61 13 8 83 17 15 21 12 53 63 100 100 69 26 84 91 76 41 76 28 26 34 35 4 46 85 51 59 12 17 11 53 7 63 25 96 58 89 65 62 41 9 30 66 27 32 65 53 26 39 48 1 2 52 36 19 85 4 21 35 81 26 40 42 5 97 51 28 51 88 98 73 37 82 7 81 100 2 48 47 13 100 80 29 23 29 49 39 56 19 67 42 23 76 60 100 93 63 84 64 81 1 19 82 70 9 65 43 72 52 11 51 41 84 69 33 10 19 87 58 16 99 30 78 37 16 50 13 49 38 45 70 81 94 22 22 89 80 46 76 4 26 8 60 77

503 568 1621 225 3131 359 536 438 923 756 1358 696 1577 275 80 267 897 462 1126 138 1038 803 1397 147 1732 538 777 928 350 1307 934 2242 1028 679 1485 72 413 1372 332 371 206 90 747 1426 219 536 121 1720 48 72 207 146 184 1350 471 428 390 272 1092 289 410 585 1221 1194 610 1150 239 422 340 196 400 823 591 151 489 537 1465 944 213 268 226 314 174 555 454 207 253 562 1479 313 615 390 36 598 121 1820 1076 157 92 472 593 1470 710 754 782 727 376 37 329 912 1466 1722 123 128 530 159 659 561 881 305 680 2495 219 582 2137 242 491 358 640 515 456 210 771 126 1249 246 108 107 242 70 156 233 459 3810 40 749 117 181 19 255 363 177 136 911 447 486 81 1536 21 190 200 157 54 322 472 53 2705 670 1651 428 3124 137 230 215 516 195 352 130 58 142 799 107 90 233 630 790 212 51 312 616 428 267 1162 734 254 700 1271 1330 1620 290 175 696 478 53 768 374 972 32 198 183 109 121 174 139 36 725 478 938 245 459 485 2545 574 394 226 497 2913 1029 1071 153 312 308 1883 324 2066 877 364 696 282 1595 928 424 562 819 131 2163 1246 1841 254 1102 178 69 1315 1414 224 633 1532 689 660 339 242 306 244 1251 661 2122 185 124 763 437 1076 1023 1099 412 1189 1364 567 1028 5 408 398 661 92 190 91 78 969 2295 972 669 235 637 172 827 1075 88 1409 2256 162 247 792 1281 1002 132 431 236 271 204 331 420 158 103 122 912 662 136 472 1060 249 54 427 200 316 914 690 649 1156 886 1523 234 163 219 67 276 1504 83 210 167 669 2216 346 1118 144 283 833 2519 82 348 918 531 336 294 4036 179 935 123 2051 233 513 568 989 254 1098 737 204 576 1921 515 271 221 2968 529 173 2838 550 1687 1614 288 3381 114 419 30 882 268 561 196 441 787 259 688 855 604 455 688 2963 510 1412 2917 278 387 81 490 352 208 1078 143 373 813 65 1121 94 467 918 124 159 119 525 502 982 580 273 217 661 130 101 586 287 217 2214 159 109 758 3460 511 89 289 1040 97 1431 78 108 117 277 687 354 367 1019 260 707 43 2008 856 79 589 183 361 1297 64 267 193 22 53 168 683 362 448 244 427 309 692 1623 565 78 219 2891 414 342 48 405 139 789 116 149 194 277 599 168 12 1428 474 202 661 816 1911 830 1495 466 217 253 1782
817 898 1702 704 5196 1438 545 568 2271 772 1656 906 1750 482 250 277 1659 2252 2452 291 2656 814 1821 584 2467 1378 1420 1040 656 2329 1258 2692 1554 1396 1539 232 1032 1626 454 457 1266 2079 778 2822 420 1333 180 3901 323 117 524 415 901 1466 762 690 3823 987 2329 604 949 2566 1518 1200 664 3310 242 828 816 419 460 1151 1406 341 1101 787 1527 1003 982 413 437 345 1671 1357 997 851 474 906 1697 714 1187 2751 730 1626 339 2019 1135 426 114 1383 800 1767 799 1138 1345 1419 1231 317 377 1098 1688 2366 834 338 534 493 703 680 953 387 1081 3243 1557 639 2429 678 4132 2888 674 958 739 341 1919 420 1848 1015 387 796 578 217 441 793 1330 4204 1241 1360 134 542 126 566 1105 180 273 964 1026 793 451 2915 791 1049 1041 273 181 1291 845 740 2795 919 5009 688 3552 706 375 2542 733 1808 1270 626 232 441 1649 300 456 878 786 1808 546 124 402 619 988 1591 3711 806 1710 768 1521 1596 2063 542 504 959 1216 635 1036 627 1831 293 200 185 1582 237 222 215 275 1916 2322 1320 280 922 818 2578 1012 513 284 628 4216 1752 1658 1788 613 613 2174 1224 2478 2035 1538 825 309 2245 4777 848 766 1029 142 2365 1850 2585 525 2011 318 187 1554 4524 225 2489 2457 757 2219 4614 269 322 628 2273 1187 2274 1464 1381 1077 526 1539 2375 1607 1411 1985 1719 2093 2587 208 652 1384 731 3667 2141 465 723 1168 2487 1151 720 1005 2959 551 1396 2924 460 1448 2655 461 453 1753 2123 1077 254 445 647 1944 335 1480 2985 332 389 248 1748 744 243 512 6325 315 457 1461 226 360 1604 1208 776 2644 1340 1815 252 1114 1484 735 2896 1923 592 2635 927 1463 2227 764 1262 220 352 914 3068 139 371 1791 867 643 799 4181 1106 1077 732 2600 674 518 761 1212 736 1179 927 239 1265 3161 613 366 246 4090 747 174 4700 1451 2383 1644 474 3843 984 436 1502 2378 316 1653 204 1135 999 765 1019 1082 1692 2355 1650 3536 519 1715 2970 1150 1129 90 668 413 1243 1215 957 478 1012 1375 1544 1126 557 1834 450 1206 1451 1106 789 1086 612 351 332 833 353 355 652 2110 554 2667 1443 732 951 4377 2785 100 397 1542 524 1740 210 562 498 643 1717 811 925 5123 837 750 44 3037 1128 151 1051 203 464 2911 2566 920 636 500 148 485 732 1389 700 251 577 1226 1235 2081 902 361 354 5375 810 603 316 430 307 1039 479 484 1257 410 1212 182 109 2098 1560 1527 1832 1343 2294 923 1627 766 302 888 3694
1196 4861 2463 1423 5909 2125 603 644 2798 874 1666 2523 3744 500 680 490 1990 3060 3236 716 2734 1374 2217 655 2737 1611 1633 4394 1204 3507 2079 3626 1676 1949 1551 1755 2892 2443 899 508 1596 4504 1817 3537 734 1456 384 4606 732 282 2099 831 1216 2071 3045 739 6629 1039 2389 616 1588 2858 1833 4178 995 5183 1611 836 831 1637 473 1744 1424 398 3587 968 3099 1153 1028 475 612 3199 4430 2527 1562 951 602 3206 3999 1039 4110 3971 871 2497 969 2580 1251 1206 1510 2372 913 2200 1053 1776 1438 2973 2117 736 844 1361 2580 3170 897 924 1619 959 802 1057 1108 812 1580 4297 1811 791 2911 1303 4529 3049 915 1526 1004 1228 2350 3500 2278 1117 520 1127 861 490 610 832 1967 5047 1678 2185 475 677 730 1215 1501 217 591 1217 1486 795 538 4486 1199 1173 1182 290 363 1870 942 891 3927 1016 5043 770 4260 977 2273 4409 890 2046 1663 2923 234 659 1866 1413 746 2106 5115 2052 1016 581 694 1200 1834 2593 4520 1984 3079 822 2720 1697 2148 912 599 1388 1346 2340 1202 1414 3019 463 760 414 1638 472 556 758 564 3791 4560 1982 418 971 1550 3318 2091 2894 603 668 5071 1942 3979 1881 1248 796 3298 2945 2978 2635 4201 977 540 2253 5301 960 1221 1213 322 2525 2270 4135 807 2627 450 655 1583 5287 928 2712 2536 1449 2660 5071 1132 1020 657 2404 1648 2736 2049 2138 1218 1145 1702 2925 3545 1917 2810 2179 4758 3019 234 2321 2649 1130 6007 2830 604 1583 1483 2549 1296 878 4498 3398 1099 2097 3135 887 1574 2704 585 1858 2423 2880 1128 258 1688 846 2235 714 1770 3007 515 730 353 2645 802 1171 1631 7446 646 521 3337 599 382 1607 2500 908 3614 1521 2748 1018 1613 2000 966 3802 3140 4454 5695 2018 1681 4281 928 1486 443 397 1554 4056 673 1160 4600 929 719 828 5996 2294 1603 814 3890 862 809 2530 1737 4131 2057 1188 500 1882 3480 1020 1442 920 4099 1672 671 5010 2459 2586 2527 1448 5418 1423 822 1884 3821 1007 1654 330 1435 1035 2300 1218 1517 2178 2962 1989 4038 589 2187 4570 1230 2150 453 717 629 1668 1611 1028 775 1078 6298 4939 1244 1088 2514 1351 1447 1713 1233 811 1256 685 822 831 2122 436 884 892 2159 2146 3241 2088 929 1151 5774 3555 144 738 1942 2205 2784 265 769 692 1319 3163 848 3934 5556 911 1051 107 3152 2770 1282 2724 388 487 3980 3010 2800 784 523 898 596 979 1447 1539 1448 1362 1503 1337 2182 1294 817 556 5533 1153 611 913 493 1973 1198 608 915 2682 498 1556 244 528 3722 1645 2383 2827 1616 4886 1255 1766 5229 903 1480 3821
1543 5512 4093 2216 6683 2224 3535 1003 3581 2468 3198 2758 3775 671 1578 520 3677 3582 3551 1572 3382 1654 2406 676 2828 2186 2662 6656 1256 3779 2257 4434 1888 2330 1585 2004 5357 2870 1007 592 7068 6140 1943 4853 1124 2591 858 4644 1034 314 2444 3862 1220 3105 3388 1524 6742 1055 2882 630 6804 2917 1879 4983 3548 6911 3352 980 1229 1716 536 3370 2704 661 4836 1051 3214 1266 1270 578 662 3552 6416 2734 1794 1011 954 3284 6115 1054 4271 4076 881 3552 1318 4499 1419 1799 1709 2461 1055 2672 1067 2217 1731 4434 3156 751 1286 3364 2741 3628 934 2164 2411 1355 985 1492 1471 1548 2296 4690 2909 843 3317 1914 5604 4061 1019 1770 1065 2445 2502 3857 3830 1625 651 1924 1277 1015 1301 1273 2694 5231 1736 3018 4508 967 776 2629 1587 353 1214 1560 1799 902 1252 5454 1320 1238 1544 498 419 3770 1419 1142 5118 1636 6827 1014 6075 993 3054 4474 1033 2480 1736 2937 368 1004 4705 2389 1200 3379 6147 2092 1375 1107 729 2847 3167 4042 4686 2288 3541 1854 4463 2763 2446 2278 781 2947 1707 2677 2138 1627 3175 656 1158 627 1832 537 1294 1621 1199 6260 5484 2467 585 1184 1813 4251 2588 2926 871 785 5567 2287 5614 2190 1356 1255 3849 3041 3528 3488 4287 1050 997 2940 6031 2867 1245 1858 537 2601 2873 4465 808 6629 701 853 2722 5661 1068 2875 3874 1845 2681 6517 1502 1033 758 3216 2609 3574 2094 5352 1337 1956 3731 3848 3900 4156 2919 2390 5198 3074 713 2446 2664 1929 6552 3500 671 2786 1662 3023 1499 898 5484 4010 1197 3267 3399 962 2081 4804 980 1871 2519 3841 1551 281 1705 1277 2601 1045 1805 4123 549 731 1572 3269 1096 1563 1836 8047 914 1198 3920 742 389 1630 4133 1081 4247 1534 3138 1117 2401 3821 1187 7680 4524 5559 5784 4714 2907 4871 2145 2628 1267 532 2069 6678 851 1673 4656 1285 908 1115 7327 3741 3550 949 4439 1003 1171 2648 2722 6554 2377 2852 2666 4757 4279 1040 1492 1147 4667 3077 1188 5436 3284 5768 2575 1564 6355 3323 1038 3791 4546 1055 2279 751 2360 1286 4382 1476 1841 2527 3821 4190 4884 739 2629 5261 1446 3076 504 1543 1405 1984 2379 1156 1133 1528 6767 5885 1314 1566 3661 1431 2072 1742 1405 824 2312 1114 871 983 2596 569 1710 2443 2816 2595 4145 6590 1280 1185 6014 5436 825 2238 1984 4255 3026 534 852 1499 2233 4018 965 4827 7633 2546 1173 349 3795 4715 1869 2786 394 1450 4428 3633 3498 872 1556 1063 1735 980 1738 1671 1988 1501 5130 1527 2852 3669 3737 677 6076 1259 747 1168 1113 2271 4682 1253 1238 5324 536 3180 1828 992 5646 1866 3127 3369 1989 5749 1307 2047 5937 1177 3272 3855
1782 8688 4809 2619 7107 2264 4145 1454 3949 2717 3942 3425 3859 1315 1591 524 5162 4126 3803 1739 3407 1691 2632 787 4628 2928 4347 7284 2210 4456 3216 6448 1971 2563 2764 2097 5507 3156 1252 689 7218 6142 2206 5271 1241 2883 1421 5266 1101 373 4168 6823 1297 3242 3573 1845 6911 1494 3991 1245 7388 3265 4173 5062 3604 7324 3798 1289 1553 1901 737 3826 2884 1226 4853 1115 3500 1467 1353 1006 1028 5695 6439 3295 3157 1420 1150 3466 6168 1357 6437 4938 1299 4037 1869 4608 1770 3542 2519 3360 1727 2675 1243 3680 4012 4486 3193 893 1401 4448 3939 4553 1518 2467 3261 1494 1607 1557 1721 2598 2606 6250 4093 845 4798 2013 5668 4404 2707 1838 1110 3668 2953 4156 6006 2038 655 2021 1383 1292 2903 1750 3268 5256 1878 3357 6127 1483 1618 3531 2840 660 1479 1735 1816 2814 1398 6413 1449 2670 1566 1048 1124 3878 1645 2304 6937 2033 7072 1391 6183 1140 3089 4532 1413 3386 2976 3383 623 1789 5455 3986 1408 3386 6476 3178 2119 1391 1016 3805 3580 4249 6140 3337 6334 2153 5218 4232 2507 2479 1029 7006 2147 2864 2537 1850 3390 1127 1835 1223 2822 697 2439 1784 1499 7748 5736 3072 622 1914 1984 4317 2641 4588 921 958 5917 3120 6246 2839 2541 1406 3895 3105 3659 3627 5088 1263 1553 3025 6711 4177 1281 2455 1145 2919 4022 4806 942 6745 797 1298 4646 7716 2480 3651 4420 2978 2748 6808 4141 1431 1043 4033 2815 4248 3056 6069 1621 2442 3895 5785 4368 7173 3909 2391 5310 3081 928 2925 3167 2508 7071 3569 796 3012 2119 3073 1658 953 6146 6093 2753 4059 5471 1328 2845 7836 1102 1991 4015 4244 1643 376 2483 1594 2630 1556 1904 4471 610 808 1901 3381 1322 2071 1950 8083 995 1247 4266 1274 408 1763 5369 1484 5683 1705 3264 1237 2571 4522 1409 7803 7955 6632 6049 5195 3702 5319 2209 3167 1323 767 2664 6905 1228 1697 5464 1459 966 2070 8044 4516 3573 1084 5344 4372 1505 3035 2977 6595 3887 2908 2900 5456 4497 1239 1657 1950 5462 3276 1594 5718 3454 5893 3196 1679 7623 3702 2456 5028 7438 1295 3285 859 3241 1543 5318 4036 1920 3072 5883 6096 5615 2462 3435 5894 2308 3177 1168 1723 1503 2301 3408 1211 1287 2413 8183 6449 3492 1864 3782 2048 2494 1939 2443 875 3122 1762 1018 1058 3228 677 2957 2526 7152 4529 5785 7733 1407 1317 6084 6236 1351 2246 2459 4308 3693 1272 976 1851 4733 5805 1341 5134 7679 3134 1649 361 4095 5043 3664 3050 691 1914 6519 3773 7134 1437 1887 1109 1891 1308 3489 1714 2045 2016 5684 1781 3075 3671 4301 1002 6143 1463 808 1209 1319 3370 6275 1279 1314 5862 1358 3442 2298 1337 6459 2910 3711 5447 2577 6032 1969 2200 5994 1380 3401 4218
2117 8838 4999 3008 7210 3279 5159 1505 4748 2873 4234 4138 4981 1689 1933 1323 6092 4637 4278 1887 3611 4516 3624 1211 5909 2950 5412 7615 3028 6330 4247 7080 2033 2640 2940 2116 5735 3696 1581 1936 7326 8178 3149 6557 1813 3139 1965 5997 1110 393 4538 6904 1565 4495 3691 1965 7019 1934 4727 1428 8413 4411 4551 5416 4912 7339 4168 1332 1881 1925 1354 4460 3031 1299 6330 1154 4719 1560 1405 1140 1414 7578 6846 3766 3235 1855 1732 3648 6653 1411 6569 5823 1734 5063 2274 6664 2345 3857 3209 3773 1835 3682 1400 4066 5148 4594 3647 1285 1652 4493 4201 5910 1784 3201 5623 1748 1656 1638 2064 2686 2733 6991 4277 1029 6907 2943 7721 4551 2726 1914 1124 3781 3600 4578 6117 2146 1229 2823 1442 1748 3475 1858 4217 7163 2362 3479 7380 1514 1649 4286 2999 943 1682 1908 3690 3844 1472 6512 1855 2995 1735 1090 1467 4738 2119 2665 7107 2177 7532 1579 7775 1534 3241 5871 1431 3752 7088 3538 1732 1856 6721 4620 5192 4978 6672 3414 2151 1485 2368 5340 3637 4594 6364 3687 7085 2306 6206 4519 2664 2807 1232 7215 3135 6273 2812 2028 4198 1568 2140 1381 6362 982 3374 1927 1580 8430 7649 3507 1037 4099 2456 4987 2873 5534 1499 1359 5933 3716 8542 3993 2586 1449 5485 5684 3803 4048 7189 1420 1757 3100 7152 4578 1446 2912 1613 3106 4446 4989 1866 8140 819 2148 5010 7784 2656 4146 5188 3062 4004 7659 4308 1543 1451 4925 3379 5559 3984 7171 1670 3161 5670 7350 5302 8241 4075 2940 5750 3829 1001 2990 3328 2661 8620 4421 1110 3439 2349 3093 2720 1487 6485 6517 2850 4431 5589 1630 3389 8882 2459 2059 4136 4720 2190 464 3226 1975 3618 5551 2156 5545 613 1452 2127 3815 1655 3678 2823 9086 1058 1658 5459 1696 791 2166 5471 1712 6325 2097 4305 1389 3123 5776 2110 8616 8967 6708 8397 5763 3735 5577 3203 3344 1959 1295 2879 8585 1478 2366 6176 1722 1949 2104 8595 6814 3693 1419 5385 6191 1723 3343 3243 8110 3914 3044 3365 7211 4671 1283 1791 3151 6231 4498 2026 6358 3734 7519 5944 1831 8551 3875 2544 6515 7871 1415 3644 1483 3985 1679 6589 5647 2190 3461 7865 8405 6429 2575 4101 6926 3419 3331 1177 1823 3346 6660 6424 1388 1397 2584 8646 6920 3622 1881 6314 2841 2615 2128 3694 1247 3183 1796 1390 1276 3326 1113 6949 2553 7678 4579 6081 7750 1833 1758 6549 6608 1553 4736 2592 4575 6789 1581 2052 7073 5132 7264 1530 5764 7772 3244 1866 468 6977 6238 5680 3366 1519 3546 7018 4142 7298 1523 1906 1639 2089 1749 3545 2308 3874 2184 5727 2032 3402 3956 5765 1207 6425 1467 844 1357 1480 3947 6606 1450 1446 7188 1430 3493 4043 1593 6503 3094 3776 6849 3084 6050 2590 3415 6194 1464 3507 5022
3593 8883 7407 3085 8495 3498 5480 1991 4859 3679 4343 4234 5898 1887 2908 1360 7243 4719 4570 2043 3881 4640 3960 1555 6059 3041 7649 7645 3249 6565 5239 7545 2405 2751 3522 2306 5893 4256 1847 2555 8754 9089 4624 6581 1976 3287 2062 6376 1190 823 4583 7651 1675 4548 4295 2009 7066 2007 5149 1763 8863 5786 7596 7187 5089 9151 5133 1724 2048 2132 1620 4483 3608 1478 6712 1165 6720 2194 1615 1567 1661 8515 7851 3925 4465 2029 1961 3739 8192 1456 8502 6045 1887 6172 3324 7580 3264 4104 3302 3929 2197 3795 1729 4336 6749 6738 3726 1707 2147 6592 4401 6244 1809 3650 6674 2714 2204 1902 2154 3247 3963 7183 6471 1269 7006 2945 7742 4563 3806 2152 1298 6667 3676 7044 6586 2224 1353 3081 1470 2017 3544 3198 5879 8282 2523 6396 8422 1758 1736 4599 3122 1207 1942 2123 3892 4180 1918 7437 2005 4077 1836 2251 1877 8188 2160 2914 7755 2195 8385 1953 8223 1548 3289 6927 1699 3861 8124 4456 1932 2386 8596 4662 6789 5190 7929 3574 3449 1499 3395 5582 3716 5198 6923 4206 7104 2390 9209 4701 2868 3256 1614 9171 3295 7160 3118 2055 7639 1721 2375 1668 8908 1043 3812 1982 2102 8517 7937 3781 1570 4423 2611 5301 4132 5932 1632 1511 6224 3765 8696 5988 2686 1905 5950 7193 6642 5880 8408 2113 2148 4376 7593 6232 1681 2981 2091 3352 4520 5918 2233 8277 1100 2258 5783 7978 2686 4189 6523 3095 4217 9332 6220 1956 1958 6023 3779 5809 4025 7311 1680 3185 7387 8966 7651 8432 4184 3894 5951 4580 1154 3857 3786 5151 9520 7637 1307 3558 3788 3150 3067 1655 8596 7297 3618 6667 5800 1644 3541 9520 3067 2150 5398 4835 2193 1007 3435 2027 3823 5873 2358 6699 989 2381 4159 4594 1867 4268 4137 9678 1785 1900 6188 1794 1627 2393 7115 1803 7072 2397 4505 1747 4052 6013 2359 8680 9313 6890 8694 6511 3955 8724 3219 3346 2245 2250 2933 8652 1587 2692 6344 2012 2084 2205 8719 6868 4148 3002 6439 6892 3673 3645 4327 8173 4028 3391 3872 8684 4839 1661 1948 3600 8307 4853 2114 6400 3877 7692 6223 1939 8858 3958 3566 7974 8356 1877 4699 1522 4162 1681 7018 6506 2238 3675 7895 9110 7632 3406 4264 8909 3537 3512 1538 1972 4206 6689 8207 1559 2397 2998 8780 7102 3645 1976 6724 3090 3146 2441 4084 1249 3410 1988 2194 2055 4211 1314 7812 2656 8160 6895 6971 8621 1927 2329 7211 6864 1815 4739 2926 4666 7211 1722 2105 8987 6569 8142 2146 6193 7950 3498 2004 944 7327 6829 5722 3549 1781 3924 7018 5440 7330 1826 2141 1712 2356 2103 4959 2996 3900 3506 6290 2887 3563 4373 6684 1843 7003 2064 1842 1431 1647 4500 6909 1721 2069 7444 1592 3843 4289 1618 7204 3363 4141 8005 3938 7190 8076 3888 9153 2076 3657 6545
4295 9378 7911 3390 8874 4088 5675 2151 7789 4658 4383 4349 7510 2075 3094 2127 9001 4777 4710 2174 4284 4650 4245 1573 7622 3139 7830 8562 4185 7243 8030 8168 2448 4316 4555 2642 6355 4355 1901 3617 8766 9114 4731 8786 2720 3478 4615 7066 1228 841 4660 8956 1753 4563 4722 2062 7678 2357 7830 2190 9087 8142 9185 7894 5553 9530 6124 3075 2094 2264 2056 4625 3693 1551 8118 1609 8087 2275 1873 1856 1737 9251 7973 7264 4718 2224 2230 4005 8793 1697 9872 8726 1905 6237 4542 9751 4835 4412 3709 4787 2442 4221 2059 4665 7492 8449 3733 1906 2405 7413 4491 8421 2343 4596 8256 2876 2389 2200 2159 3899 4468 7979 6599 1959 8038 3833 8222 4943 3838 2189 1802 8667 3782 8079 8668 2238 2318 3866 2183 2043 3587 3727 8638 8488 3071 6964 9630 1969 1909 4872 3186 2108 2241 2185 3967 4233 1947 7934 2338 4209 2271 2362 2199 8478 2227 3637 8528 2228 9038 2127 8477 1882 3405 8364 1779 4381 8884 4469 2395 2438 9532 8424 7408 6222 9314 3982 4152 1569 4313 5894 3749 8091 7451 4760 8122 2437 9368 4819 2873 4287 1977 9414 3800 7291 3626 3825 8257 2038 2776 2371 9548 1911 4797 2168 3213 9355 8310 4377 1753 4470 2889 6112 4179 7695 1794 1553 6371 3974 9379 7315 3658 2163 8460 7209 7258 5982 8896 2440 2269 6516 8841 7729 2125 3837 2259 4260 4843 8585 2415 8683 1325 2410 9066 8610 3833 4518 6673 4291 4776 9512 6637 1979 2192 8591 3867 6572 4735 7684 1705 3720 8767 9376 8337 9046 4749 3948 9544 4632 1775 4180 4893 8002 9586 7779 1892 4090 4326 3501 3525 1668 8808 8813 3863 7435 8604 2467 3878 9556 3699 2220 9504 4902 2236 1481 3810 2120 4160 6683 2427 9317 1082 2433 4646 4734 2356 4678 4544 9836 2099 2029 8166 1994 1908 2460 7506 1807 8815 2480 4648 2080 4223 6424 2979 8930 9868 7921 9354 6920 4164 8805 4478 4582 2310 2301 2997 8855 1612 3847 9318 2013 2548 2426 9138 6913 4661 4197 7557 7599 4548 3751 4836 8702 4769 3709 3990 9435 4843 1917 2417 4304 9890 8000 2424 7640 3892 8774 6929 1967 9267 4214 3734 8347 9015 2373 5050 1671 4514 1844 7592 9043 2504 4602 8355 9125 8707 3502 4571 9803 4409 3779 1672 2214 4335 7675 8565 2267 3061 4294 9428 8232 4521 2038 7521 4216 3639 2452 4707 1261 4572 2218 2281 2089 4273 1599 8906 3055 8490 8581 7612 9076 1951 2333 7289 9245 1972 4900 3327 4757 8153 2402 2462 9165 7086 9257 2149 7235 8159 4188 2161 1187 7428 8107 6024 3895 2012 3926 8744 6514 7796 1841 2239 1819 2383 3878 4961 3884 4380 3924 8043 2942 4007 4955 8566 2186 7715 2359 2305 1628 1991 4554 8381 2079 2091 9208 4121 3965 4462 2302 7353 3485 4462 8224 4578 8691 8530 4133 9601 2265 4508 7158
4890 9408 8516 4709 9276 4849 9230 2329 7967 4782 4613 4665 8633 2180 3143 2296 9128 4830 4801 2418 4513 5954 4731 2226 8750 4530 7931 9956 4708 8914 8192 8526 2459 4959 4557 2941 8943 4613 2474 4648 9449 9377 4975 9194 4483 4577 4778 9147 1260 1034 4845 9606 1944 4993 4843 2373 8802 2388 8009 2376 9925 8516 9708 8034 7605 9687 7488 3189 2487 2372 2132 4630 4866 2384 9689 2540 8732 2512 1938 2467 2460 9306 8156 8070 4759 2509 2487 4280 8932 2490 9960 9202 2246 6902 7033 10026 4877 4520 4555 4833 2481 4998 2098 4857 8603 9230 4546 2061 2517 9257 4550 9757 2402 4893 9861 3617 2486 2294 2262 4119 5033 9456 7194 2474 9152 4295 8244 4944 4107 2262 2301 9643 4656 8867 9795 2257 2401 4292 2408 2126 3847 3812 9992 8916 4781 7388 9811 2132 2078 5006 4557 2447 2412 2399 4374 4508 2290 8149 2386 4378 2353 2539 2541 8525 2314 4945 9566 2575 9214 2360 9714 2032 4797 9234 1969 4756 9938 4885 2416 2553 9765 10008 8679 8690 9376 4193 4207 2235 4912 8260 3921 8489 9958 4922 8267 2451 9996 4901 4671 4608 2474 9585 3809 8595 3727 4169 9202 2423 4775 2533 9613 2164 4804 2325 3771 9559 8637 4748 1964 4832 4087 7780 4334 9470 2495 1933 7594 4909 9423 7453 4308 2449 9759 7430 9666 6812 9282 2535 2321 9854 9504 8993 2434 3923 2475 4601 5003 9308 2458 9151 1844 2437 9389 8973 4165 4545 7673 4692 4959 9989 7480 2297 2253 8701 5018 8283 4743 8036 2147 4399 9363 9804 8622 9495 4955 4470 9559 4879 1984 4557 4975 9223 9822 8257 1911 4625 4423 4825 4512 1880 10003 9956 4230 9782 9872 2501 4769 9591 3863 2317 10012 4973 2505 1668 3865 2412 4654 7380 2434 9733 2110 2529 4828 4831 2424 4937 4614 9914 2100 2463 8684 2371 2251 2490 9925 2422 9342 2509 4998 2316 4338 8117 3377 10060 9878 8257 9801 8082 4713 9892 4676 4660 2467 2501 4883 9796 2300 4302 9680 2225 3163 2487 9568 7772 4825 4782 9106 9807 4678 4498 4997 8816 4799 4869 4874 9495 4999 2190 2455 4721 10050 9458 2543 8414 4025 9306 7709 2270 9472 4854 4116 9664 9200 2495 5053 2571 4728 2291 7958 9761 2587 4618 9800 9531 9310 3676 4886 9945 4746 4707 2318 2516 4538 9561 9240 2423 3645 4408 9997 8774 4974 2298 7710 4691 4220 2529 4951 2126 4867 2325 2423 2248 4861 2111 10002 3869 9294 9581 9600 9791 2060 2529 9828 9719 2494 5045 4382 4781 9482 2494 2570 9816 8938 10003 2341 9285 9102 4214 2389 1836 9743 8429 6927 4763 2253 4237 9317 7499 8352 1930 2375 2381 2462 4243 5027 5076 4541 4497 9632 3154 4123 6161 9728 2429 9431 2504 2395 2443 2226 4808 8433 2514 2223 9387 4581 4263 4728 2318 7647 4802 4628 9372 4722 8738 9951 4787 9929 2402 4511 9268

436 558 74 77 1178 177 523 294 108 247 1099 534 566 148 14 31 136 446 670 104 982 708 676 77 704 165 263 133 302 798 156 862 177 328 961 8 318 736 26 290 102 63 626 287 180 29 103 638 2 26 89 74 77 564 412 64 284 50 929 145 131 202 555 540 165 492 236 50 209 56 363 144 91 22 277 179 790 307 41 172 204 285 123 12 91 102 61 214 531 109 381 376 34 179 84 1194 529 151 36 126 93 1257 388 257 90 465 309 20 54 461 1052 1721 117 37 395 3 82 70 35 252 260 918 143 319 1570 154 480 64 254 117 113 30 463 54 479 221 100 87 160 43 25 157 118 2440 18 325 36 24 8 173 222 151 102 649 113 162 20 1356 2 23 37 2 12 132 263 8 2600 249 338 150 647 92 145 187 334 40 286 55 45 121 487 51 74 116 358 539 86 28 233 473 43 76 1051 325 6 197 977 697 491 166 49 200 81 20 620 323 304 3 184 77 40 90 74 62 9 257 167 390 118 437 379 689 410 5 70 179 1956 518 839 8 116 199 1576 67 1147 441 104 444 253 880 905 253 316 131 92 587 509 1340 241 310 120 48 559 1177 28 254 351 654 494 320 51 7 132 701 265 1139 78 84 663 436 31 172 700 396 922 805 54 415 4 128 387 493 3 1 73 7 236 2278 403 200 163 189 37 325 698 37 447 1045 132 195 640 433 841 20 127 41 72 144 324 178 147 90 30 655 558 30 172 570 193 51 118 155 221 426 616 106 331 613 217 223 38 121 52 177 634 68 135 11 408 2158 169 122 9 107 508 1601 59 218 216 98 19 19 257 4 924 21 45 138 365 532 766 201 183 73 114 11 1683 400 270 136 2438 100 150 765 395 648 108 10 3075 19 130 26 337 202 214 14 390 724 144 589 175 526 285 550 2072 278 1405 962 119 184 23 229 267 149 884 37 148 474 26 898 51 287 213 45 116 41 113 199 621 389 173 151 517 59 38 539 232 85 1996 77 53 176 1579 301 12 185 827 20 1256 72 41 81 212 591 70 80 571 169 99 28 1532 850 50 440 104 182 217 26 6 109 13 14 88 144 37 218 136 108 181 544 1292 195 51 15 2634 178 168 47 31 80 148 69 7 65 50 432 87 9 928 233 81 582 455 1091 763 1488 455 27 154 899
