500 9 1
39 84 20 28 2 20 88 44 84 26 75 72 65 86 20 59 69 66 8 67 65 78 21 96 21 37 8 92 59 7 4 16 33 78 47 8 31 90 8 63 13 49 73 20 70 89 90 13 17 96 100 17 44 18 70 94 59 29 34 98 72 59 1 76 13 89 98 47 96 13 29 47 20 14 94 7 56 6 5 77 28 6 48 51 92 64 38 49 96 50 61 67 41 57 89 30 89 68 68 51 16 52 50 58 36 49 57 12 33 52 73 99 97 91 8 78 100 86 24 85 90 41 59 31 85 24 62 65 15 7 56 32 92 67 56 20 99 62 28 43 21 23 15 22 28 39 74 33 72 46 5 90 87 92 60 63 99 27 25 31 80 38 23 85 67 22 8 80 72 11 47 52 65 41 7 69 13 45 40 10 9 28 41 27 79 73 42 55 35 59 10 57 71 16 9 7 59 52 17 75 3 31 45 96 13 15 48 55 35 17 52 56 13 80 81 65 55 14 72 47 28 42 46 27 40 74 93 41 62 25 89 100 31 41 93 88 88 65 86 78 67 66 38 9 92 82 87 11 50 33 92 87 37 2 9 57 73 89 4 35 37 52 23 48 65 74 82 33 70 9 21 13 27 18 50 67 15 19 6 74 13 54 77 71 47 77 51 94 24 63 31 24 51 61 36 86 61 90 48 92 40 86 45 58 87 84 89 86 73 27 77 44 47 8 34 19 35 63 24 35 63 40 72 58 95 28 25 18 84 3 22 2 49 83 60 18 67 19 48 26 69 11 44 33 60 57 89 10 55 69 92 87 15 2 29 21 39 24 23 11 81 62 31 21 11 35 22 84 94 86 24 73 67 93 44 90 89 98 83 7 95 13 56 2 20 65 3 39 41 37 36 13 91 24 96 86 11 5 45 59 17 72 31 44 49 90 88 59 29 68 17 52 56 69 1 70 71 26 10 40 94 76 19 15 3 1 89 69 10 35 18 63 32 100 33 1 15 87 62 96 48 59 57 47 94 36 25 96 67 39 60 12 39 6 42 36 79 31 97 39 12 52 33 92 45 48 28 37 70 39 69 65 20 49 81 9 45 24 69 78 35 64 34 83 81 63 25 56 3 53 49 67 72 27 44 38 56 3 16 57

13 11 19 14 20 13 18 12 27 1 11 4 11 15 48 16 7 5 26 3 9 30 2 11 15 13 4 1 8 4 15 2 43 6 1 10 7 1 20 4 9 20 13 6 2 21 18 7 13 6 14 10 7 5 1 4 7 22 9 10 5 5 12 49 16 7 4 31 5 5 7 6 11 5 6 28 3 9 1 23 3 5 2 10 8 28 16 5 7 5 5 1 4 14 1 27 13 28 3 6 42 6 45 23 9 7 1 10 11 1 15 12 17 7 2 20 2 21 11 3 6 11 16 7 23 6 2 8 2 12 5 2 12 25 4 5 17 9 13 1 1 7 19 6 21 17 31 30 12 9 5 3 2 10 7 9 25 1 4 4 9 7 11 26 8 7 7 11 12 17 8 14 5 18 26 29 9 2 1 4 15 1 13 7 9 15 14 7 7 2 12 11 12 13 4 7 25 13 2 14 5 10 2 25 15 2 6 7 55 1 19 8 24 3 13 14 39 26 1 16 19 15 8 4 5 17 54 27 7 4 12 8 3 5 4 9 2 6 7 20 5 17 19 9 13 2 30 3 12 1 10 6 12 27 20 18 9 14 4 7 22 21 18 7 4 11 16 2 1 13 15 3 2 10 23 31 3 4 2 12 4 15 16 1 24 23 6 7 7 2 14 14 1 4 14 25 15 6 22 20 18 15 2 4 27 8 3 14 35 6 15 1 3 3 9 2 14 6 10 12 1 7 2 7 4 6 7 8 4 6 5 15 1 3 2 3 8 5 28 19 7 13 45 4 16 9 16 30 9 2 3 7 1 2 4 3 8 5 11 13 5 4 3 23 4 6 2 3 17 3 8 6 16 2 1 21 2 16 7 1 1 35 11 7 13 20 6 15 15 16 5 20 10 6 25 7 4 49 9 2 1 11 10 10 18 14 12 12 2 2 18 6 26 15 8 5 6 27 9 8 2 10 6 1 10 10 3 2 33 11 1 23 12 6 12 18 15 11 2 10 8 11 29 3 3 45 17 6 2 7 18 7 1 4 2 8 2 36 38 27 7 5 13 6 4 15 12 6 25 16 8 16 28 3 3 4 26 7 16 15 6 8 11 19 13 12 6 16 10 10 9 17 19 39 9 19 5 10 10 4
15 19 29 35 20 16 35 14 37 16 33 12 36 28 61 16 21 11 36 10 25 36 6 20 22 27 8 15 9 22 22 9 62 17 29 20 33 8 23 8 20 28 19 36 19 25 19 16 14 7 18 13 11 14 21 5 11 50 46 13 6 24 16 50 53 10 8 33 9 6 35 25 16 13 7 31 9 31 12 29 21 7 35 23 14 29 16 16 25 10 9 11 15 37 5 38 19 34 12 7 46 10 50 23 21 27 17 39 15 2 19 18 25 8 19 48 5 22 20 11 23 12 29 49 24 25 15 16 6 16 19 6 23 36 8 10 29 34 21 22 13 8 27 16 56 32 45 34 13 13 16 25 7 16 11 10 50 5 7 17 9 20 22 27 11 12 11 12 17 23 14 17 24 30 36 34 24 17 8 11 18 9 17 9 18 31 25 16 20 5 19 25 26 15 8 15 35 14 15 21 13 17 8 37 16 10 9 23 57 27 21 11 33 5 15 48 47 32 4 23 26 33 11 10 21 48 73 34 13 18 20 22 7 12 7 13 13 8 15 25 14 21 24 22 20 15 50 13 25 15 17 11 14 28 26 27 19 15 39 29 30 29 26 7 4 34 22 18 2 14 35 4 9 14 37 34 12 18 22 30 14 16 16 6 33 30 6 26 49 15 17 15 12 21 30 29 33 15 29 26 27 21 20 43 48 12 8 24 41 17 28 6 11 7 12 10 32 6 10 35 4 15 3 17 22 15 8 10 4 17 6 21 5 23 39 17 16 19 29 44 12 33 47 12 39 42 24 34 24 8 32 30 13 19 11 9 9 7 28 44 25 4 36 29 15 7 7 4 24 9 18 7 21 4 16 23 11 23 17 21 3 47 22 28 32 28 16 22 18 16 18 21 16 43 28 36 16 54 27 12 22 15 13 45 20 15 13 13 17 26 31 11 28 24 17 9 7 40 16 13 17 19 12 27 36 30 7 7 37 37 3 25 32 18 17 19 23 12 3 13 26 16 51 8 15 45 25 25 5 9 21 11 4 11 14 18 13 39 42 28 14 5 15 8 8 20 13 7 31 28 9 29 55 3 9 7 41 20 17 17 17 35 27 54 49 25 11 23 32 12 19 36 22 40 18 26 16 22 11 15
30 37 34 40 23 16 42 25 39 21 45 21 40 36 65 19 62 13 64 10 29 41 25 21 27 46 21 28 11 23 30 24 72 17 42 28 49 21 24 18 22 37 19 61 36 44 29 30 27 11 19 44 12 37 28 16 30 51 50 23 9 24 31 58 59 32 13 34 13 17 64 29 16 20 25 33 17 34 17 29 40 7 35 28 21 37 30 24 26 16 22 12 38 55 7 45 33 41 23 52 66 11 57 48 27 46 37 42 35 3 27 22 30 20 32 56 8 27 32 18 54 17 42 61 33 30 16 18 8 34 37 13 31 42 20 12 46 40 38 35 28 34 53 28 62 39 51 64 20 32 25 27 9 19 13 32 62 6 31 28 29 29 24 36 24 35 21 12 25 29 33 18 62 41 40 39 31 21 22 20 19 36 23 17 23 35 32 26 36 16 23 34 40 17 57 22 58 22 44 24 22 31 41 53 18 18 42 30 65 33 34 23 65 20 30 59 50 41 5 36 26 34 20 14 24 49 76 55 20 22 23 33 34 28 20 19 20 17 32 43 28 31 33 25 21 41 52 52 33 28 21 23 23 38 37 48 40 18 48 34 42 33 37 25 12 47 22 20 6 22 40 7 13 19 53 38 26 30 33 53 41 18 17 31 44 32 13 34 50 32 24 19 25 47 31 36 34 21 29 31 29 29 29 44 63 32 46 27 61 26 47 28 21 15 31 18 63 8 36 42 7 28 11 18 33 26 18 20 11 28 17 23 15 41 40 22 35 53 48 51 21 36 60 16 46 51 27 41 26 20 39 33 16 33 25 15 11 37 33 48 36 49 40 45 30 10 66 15 25 43 23 17 42 7 18 40 16 24 32 25 24 69 30 45 62 39 30 43 39 21 22 24 37 67 28 42 28 58 32 21 34 20 46 47 26 22 13 32 23 27 31 44 41 56 19 12 15 47 20 13 41 22 14 61 51 33 11 30 53 39 10 41 34 26 20 36 53 13 11 24 48 59 59 11 26 46 28 31 5 17 25 11 24 27 25 24 43 62 43 35 21 16 35 19 27 44 27 18 42 59 18 38 62 8 27 7 46 20 29 29 32 41 27 58 57 26 70 25 43 18 23 38 30 46 19 34 19 42 19 36
32 43 41 45 66 25 45 63 43 39 51 32 60 46 67 32 62 29 64 30 64 46 33 23 41 54 32 29 24 32 35 49 76 43 59 39 66 41 27 22 24 37 19 62 49 50 29 36 37 19 26 47 14 51 43 28 37 57 57 32 30 52 45 74 63 38 35 34 15 38 64 37 18 33 45 34 22 44 28 38 54 17 42 40 38 47 32 25 38 28 34 25 40 62 27 57 46 59 29 53 75 25 65 64 30 50 40 62 51 27 36 33 69 31 32 65 14 29 38 59 56 26 48 62 35 34 23 36 37 65 41 30 46 64 28 17 53 49 48 36 32 43 68 28 63 40 62 70 32 38 30 59 13 53 31 53 73 13 37 35 34 38 25 47 30 36 22 18 30 34 59 48 68 41 42 52 39 22 27 22 27 39 39 47 29 49 33 29 40 21 39 37 41 27 60 22 68 47 75 46 29 70 51 56 29 29 65 32 69 39 37 29 67 26 48 65 62 46 9 42 26 38 25 28 35 58 77 59 30 70 26 33 40 34 30 37 21 24 36 54 32 44 41 25 27 64 59 72 38 41 30 23 42 50 56 61 43 19 49 36 52 38 40 27 15 51 30 35 13 25 46 19 27 40 55 42 35 35 41 59 49 26 24 46 46 40 41 39 52 33 36 33 26 47 33 58 50 22 46 35 35 60 62 61 77 33 47 28 67 46 64 36 39 16 46 31 65 25 38 50 37 31 13 26 34 33 21 51 13 56 18 26 18 75 58 24 37 64 58 59 32 45 60 24 49 59 34 45 27 25 39 41 19 62 29 15 11 39 38 50 50 54 45 51 58 11 71 18 39 43 32 18 58 12 21 44 23 60 33 40 44 80 48 52 66 41 61 45 46 31 24 27 45 82 54 43 34 69 48 25 47 22 47 53 33 28 29 34 39 28 42 49 64 57 43 13 24 63 22 47 63 62 19 72 54 35 31 35 55 52 13 46 37 29 51 38 54 26 15 43 53 63 64 32 31 49 33 48 10 20 27 41 32 39 36 31 48 72 52 46 24 19 40 28 38 54 27 24 46 72 26 61 62 12 31 25 52 36 43 30 36 48 43 81 72 40 71 31 43 42 41 45 31 54 21 54 21 58 42 38
64 52 57 67 67 27 54 70 44 66 52 37 79 47 69 35 68 31 70 40 64 47 45 34 57 68 50 29 26 32 52 51 88 63 62 43 70 42 52 45 32 53 26 69 64 63 33 37 47 37 66 51 16 57 72 29 46 59 64 45 37 55 52 79 66 53 37 35 17 40 72 38 32 37 48 51 63 45 40 63 79 28 52 47 47 54 39 31 58 30 35 28 65 69 35 61 61 70 40 53 79 53 71 71 55 56 43 63 60 35 44 35 75 32 36 69 39 38 56 65 57 34 52 67 48 38 29 37 54 66 75 30 56 70 29 31 58 54 49 49 53 51 69 44 67 56 72 76 39 43 46 61 29 60 42 57 87 22 43 54 37 43 25 51 67 39 35 56 48 44 69 78 69 42 48 60 43 45 33 41 44 46 56 64 39 66 49 33 55 26 43 38 44 33 63 33 70 64 78 76 43 78 57 64 48 77 73 51 69 61 54 41 69 35 48 75 64 48 11 47 41 54 26 30 73 64 82 60 36 71 41 37 43 43 41 37 24 36 39 55 55 44 62 35 39 74 62 74 40 53 31 50 48 59 63 69 46 22 65 49 69 39 55 33 24 64 51 50 27 39 58 56 31 49 63 43 36 59 76 64 52 41 36 59 62 48 42 50 57 52 37 43 31 49 33 65 66 28 46 35 69 80 73 71 80 40 55 41 67 58 73 42 46 29 47 40 80 27 65 51 40 54 28 29 36 37 25 51 74 57 27 50 32 78 60 31 50 70 58 73 32 61 67 52 61 69 45 53 54 48 39 48 40 65 47 21 14 47 58 62 51 62 71 57 72 36 87 40 54 45 42 41 59 22 22 45 37 61 39 54 49 84 49 57 70 69 69 46 49 32 24 40 46 84 62 56 37 76 52 48 55 31 77 55 37 30 49 45 65 49 44 53 74 71 67 30 24 67 26 55 66 63 41 74 54 41 47 36 60 53 27 59 39 44 56 40 56 28 24 59 54 67 73 40 63 56 45 49 16 23 53 50 41 50 40 38 59 73 55 49 40 34 56 31 43 64 60 24 48 85 43 72 65 30 46 35 53 50 53 35 40 59 52 82 78 45 76 32 51 50 44 50 38 55 28 72 39 72 62 38
72 55 60 69 68 35 59 76 51 69 55 38 80 62 70 48 72 39 82 43 76 57 51 52 65 72 61 39 29 72 55 59 88 67 76 44 82 49 77 52 36 61 44 70 65 64 37 60 51 57 68 62 27 60 78 55 48 65 74 46 52 69 59 82 71 72 40 40 40 53 79 46 33 38 54 59 66 55 52 68 80 36 55 50 57 56 40 48 58 33 54 58 69 72 35 81 63 73 42 55 82 58 73 76 67 90 50 88 68 51 48 37 78 54 39 78 39 44 83 78 72 37 62 80 48 44 32 41 68 74 78 45 58 74 41 35 66 66 50 55 84 58 87 55 68 71 73 85 40 51 59 63 40 65 53 59 89 26 43 65 69 53 37 54 69 41 61 59 65 71 71 84 76 43 56 74 45 52 33 50 56 52 64 80 46 67 52 37 57 29 49 43 73 40 66 34 74 69 84 76 45 79 66 67 57 79 79 65 70 75 58 71 80 55 54 79 70 79 58 53 43 57 36 39 78 66 86 65 38 74 75 38 46 58 47 75 25 46 42 60 58 49 66 41 49 75 64 79 61 62 39 65 51 72 83 82 59 28 71 84 73 46 57 45 59 65 61 51 44 44 74 74 34 61 76 71 59 79 79 66 59 52 46 79 64 53 52 55 62 53 54 47 55 72 39 69 70 29 46 42 71 80 77 74 92 43 75 50 73 67 75 48 47 34 54 68 83 46 67 73 84 59 33 34 55 37 44 66 78 70 29 57 49 86 69 78 66 71 61 73 36 69 81 74 63 87 47 61 61 49 49 68 51 85 58 58 16 50 62 65 78 64 72 73 72 44 90 54 73 69 61 53 59 44 32 53 47 70 63 54 73 87 54 62 80 75 74 49 78 60 40 63 49 89 67 61 41 89 58 50 56 33 78 69 50 36 51 56 66 64 59 73 76 75 74 50 26 70 51 61 70 73 49 80 57 50 52 38 64 84 31 64 42 45 66 68 66 41 33 66 61 84 76 46 73 71 51 56 21 46 65 61 41 51 45 41 64 82 62 51 52 39 59 69 48 66 64 49 68 88 57 73 68 37 58 47 54 52 70 45 51 63 67 83 80 53 85 45 59 63 49 58 45 65 38 78 61 73 82 45
82 82 62 78 70 55 61 83 55 77 79 57 98 72 77 48 82 43 86 55 81 60 75 60 68 73 72 62 51 77 62 74 91 72 94 69 94 55 78 59 49 91 50 87 74 83 84 72 76 68 78 68 42 70 82 59 69 69 80 73 73 79 64 84 76 74 77 64 65 56 94 76 57 47 69 60 85 55 57 82 81 45 61 59 70 57 49 58 61 45 60 63 97 80 39 86 86 76 61 65 84 58 89 83 83 92 51 92 81 55 57 79 89 61 44 83 64 51 94 89 90 44 67 81 63 53 49 78 71 74 82 68 63 90 59 78 80 74 64 65 87 73 90 68 75 72 79 94 46 86 72 66 50 74 82 82 89 68 45 74 74 65 40 80 83 59 72 73 73 71 76 88 78 84 57 77 54 64 49 52 65 52 68 82 73 75 72 80 63 63 63 44 75 48 70 62 90 76 85 80 55 85 76 76 61 82 84 68 72 94 80 73 83 69 79 82 80 88 60 63 49 65 39 66 92 68 88 70 44 79 76 52 64 59 51 81 52 61 43 72 69 79 71 45 68 77 67 85 88 64 46 85 61 81 85 83 76 54 72 84 82 54 93 74 70 67 69 54 89 44 74 75 63 63 96 71 64 82 86 70 62 53 48 82 65 62 62 79 81 61 54 49 61 73 50 79 77 32 48 64 72 87 86 78 94 48 76 63 79 85 80 76 56 51 76 76 84 59 67 73 87 80 48 36 75 54 56 83 85 75 31 61 59 88 71 84 75 72 71 79 37 88 89 79 66 97 52 67 75 67 52 89 66 87 62 62 24 76 85 71 89 77 80 80 80 58 94 57 81 72 68 71 62 56 40 76 51 77 70 67 90 89 57 72 87 78 75 56 81 75 57 68 68 97 73 73 43 96 68 70 83 62 83 76 54 43 51 66 68 72 61 81 80 90 92 78 54 83 54 80 74 74 58 87 77 53 62 52 70 89 32 65 59 49 71 89 71 59 42 75 63 94 89 56 76 76 68 63 50 48 79 69 43 66 65 46 66 86 62 67 54 40 70 83 55 70 66 54 80 95 60 83 76 82 58 48 68 56 77 57 66 86 71 85 84 74 95 67 77 64 60 78 55 76 68 79 63 79 83 52
84 83 65 80 74 73 87 85 61 84 81 59 98 80 88 50 87 47 93 76 90 74 93 78 82 78 79 78 65 89 70 78 91 76 99 91 94 71 84 83 60 99 52 88 81 99 90 76 81 95 85 71 65 73 90 59 85 75 85 75 80 97 75 88 94 77 86 75 79 65 100 80 75 61 75 69 87 82 89 90 93 63 83 63 74 74 56 67 68 72 76 71 98 83 55 99 89 87 71 67 85 65 93 98 87 97 65 93 87 75 69 83 93 63 45 86 76 58 97 93 91 81 85 95 84 86 66 87 76 75 90 90 96 93 87 80 87 89 90 83 91 75 96 77 77 86 89 96 48 91 77 73 58 87 83 83 91 69 67 75 75 75 87 87 85 62 84 88 84 78 86 93 84 88 69 78 62 65 60 62 65 95 87 86 73 81 94 85 63 77 80 63 75 99 75 75 93 86 92 81 69 92 97 88 74 87 90 76 77 100 81 85 94 81 91 87 85 90 80 81 86 96 47 79 97 80 90 79 76 79 82 58 76 68 55 83 73 63 45 90 74 81 76 58 79 80 82 92 90 69 52 93 74 86 91 94 95 61 78 86 83 63 96 84 77 78 70 77 95 52 82 79 66 64 97 76 75 87 87 98 65 99 83 83 84 74 62 80 89 65 68 82 64 74 66 87 83 42 74 66 83 95 87 86 95 82 87 67 82 92 88 77 58 58 87 84 91 60 87 74 88 87 53 63 87 65 70 98 88 96 67 74 72 94 75 96 79 86 85 81 58 91 91 84 87 100 75 84 79 85 68 93 69 93 63 77 27 87 89 91 90 83 85 84 86 69 96 60 84 79 86 72 64 61 72 78 52 78 73 90 93 93 66 84 92 90 80 83 82 81 81 88 76 97 76 82 47 98 79 92 90 76 94 78 89 70 77 87 74 91 73 84 83 91 96 90 56 86 64 93 76 74 59 89 90 56 67 55 80 91 70 69 72 60 73 91 73 75 45 84 71 97 92 60 88 79 74 64 71 61 85 75 44 68 71 48 67 87 68 75 60 45 84 87 58 82 80 79 80 95 66 89 80 93 70 77 68 75 78 70 98 94 84 95 88 87 95 77 79 73 73 98 59 81 69 92 68 96 87 58
90 92 92 85 77 82 99 99 70 100 86 68 99 95 95 62 98 79 100 76 93 79 93 89 100 90 97 94 93 94 73 82 91 76 99 93 97 93 85 88 87 99 72 100 86 100 93 95 92 98 88 81 73 89 100 88 99 88 90 82 99 99 95 90 96 95 94 81 98 95 100 84 93 68 93 70 88 84 100 90 98 82 87 81 94 100 74 96 100 93 98 81 100 93 72 100 89 93 90 85 98 74 97 99 96 100 84 96 87 79 85 98 98 70 57 99 84 79 100 96 96 84 100 100 87 99 84 100 83 87 91 94 97 97 89 81 95 98 100 99 96 79 97 82 95 94 94 99 98 97 88 92 67 100 95 84 95 85 91 83 87 98 88 97 89 66 85 92 98 94 98 98 92 100 95 91 73 100 91 83 78 98 94 90 92 99 97 100 93 88 94 87 81 99 76 92 94 86 97 81 90 98 99 95 95 100 96 98 81 100 84 92 99 90 94 91 100 94 100 99 97 100 80 98 99 100 90 100 80 91 85 62 99 81 60 96 87 81 75 96 81 85 90 69 82 98 94 97 94 85 54 95 75 98 95 100 100 72 96 91 85 72 100 89 96 86 87 82 98 56 89 98 72 69 99 95 85 99 99 99 100 99 87 97 89 99 66 85 96 66 71 84 95 91 86 97 93 80 79 100 97 100 92 94 99 93 99 87 86 99 93 83 80 60 91 88 91 85 88 86 96 92 82 65 95 97 83 98 98 97 68 92 87 96 97 96 91 87 95 100 88 99 93 88 91 100 90 84 87 88 89 100 75 98 88 90 47 95 99 97 100 90 98 98 87 95 99 65 94 100 95 92 82 73 84 82 87 84 87 98 98 99 84 86 98 92 95 89 99 87 94 98 82 99 91 85 59 99 85 99 97 78 96 82 95 91 78 99 75 93 83 92 85 100 97 93 66 88 89 95 77 94 98 91 90 100 88 58 83 97 72 92 76 61 98 95 75 97 49 84 74 97 97 77 100 83 86 87 90 90 96 79 47 87 78 75 86 97 86 82 99 76 93 99 74 87 96 90 81 98 88 98 83 94 98 96 84 87 80 87 98 98 87 98 94 91 99 99 98 80 96 100 69 89 83 95 98 97 97 89

51 61 93 47 23 7 71 87 21 19 70 17 21 89 4 17 20 73 16 26 53 29 53 3 80 98 83 38 42 2 76 18 39 25 12 5 100 45 11 62 64 84 49 78 59 51 40 39 58 47 81 36 88 39 93 13 83 68 21 56 29 94 65 21 1 85 68 98 24 10 72 27 11 2 44 47 89 88 3 58 33 56 51 88 31 11 86 30 48 83 16 54 61 71 16 79 21 48 14 42 89 29 17 63 56 48 55 42 26 99 18 89 47 58 22 31 3 88 11 1 26 96 17 69 22 9 99 21 13 60 32 81 88 64 31 80 33 43 58 67 19 43 3 11 25 93 51 7 63 74 48 89 42 23 72 20 37 24 81 77 15 14 96 64 81 90 87 21 28 51 6 95 65 64 70 64 57 3 31 50 52 17 17 97 59 22 1 41 76 54 12 67 25 9 30 9 11 74 47 35 73 29 68 37 46 5 73 77 27 20 56 57 49 49 58 44 58 60 18 96 62 96 24 53 84 97 18 89 85 20 74 47 90 81 57 77 69 4 13 85 64 58 83 11 78 32 51 12 95 15 53 94 99 56 34 79 15 42 76 1 11 87 34 41 58 55 28 79 49 26 34 93 2 16 55 13 40 34 55 5 54 45 33 42 74 63 6 83 88 13 76 80 53 44 86 44 8 95 19 54 97 15 12 24 5 3 44 79 26 47 91 42 20 57 91 10 21 75 90 88 100 16 60 80 63 86 32 8 4 63 8 55 83 34 88 69 77 68 73 21 35 23 91 5 50 50 75 46 30 99 59 78 23 98 49 6 29 86 4 25 66 27 86 19 83 43 72 50 32 64 51 20 27 63 43 97 26 52 83 21 79 62 66 67 23 96 35 30 93 48 70 75 68 90 5 38 46 95 88 68 25 19 59 72 9 55 20 1 74 50 49 33 90 28 70 38 40 49 1 19 64 23 7 66 8 73 5 85 65 91 60 47 77 48 8 60 55 23 5 66 7 42 62 48 91 26 94 55 17 74 81 20 90 59 97 17 58 67 46 16 14 48 53 84 77 71 36 76 13 97 90 38 46 43 52 78 20 16 10 79 37 32 19 25 92 83 41 16 72 90 8 81 87 34 13 50 1 97 17 96

277 112 283 529 203 995 222 571 245 4192 233 1470 600 223 165 824 339 489 280 285 247 853 357 441 193 524 859 151 105 185 21 232 54 119 1077 147 451 1554 17 1748 520 246 1037 1472 142 2521 1363 206 373 485 684 991 2763 527 236 561 366 72 149 174 872 248 59 3356 1522 689 140 319 650 38 187 372 217 395 587 67 820 3583 2158 1385 465 17 181 92 492 233 495 1957 142 1091 166 170 64 263 94 149 117 402 509 1987 328 323 361 2731 920 688 564 434 681 191 2112 4439 842 496 801 538 258 107 309 138 218 144 74 429 490 79 336 315 398 415 351 302 3174 1491 426 685 1021 181 416 81 199 1286 1059 1186 232 701 625 64 376 923 844 164 531 366 352 251 300 868 271 57 335 220 773 1168 284 250 787 313 588 204 278 1273 2569 131 91 245 145 47 934 673 34 1162 1911 667 231 113 625 377 3204 382 35 334 621 236 553 558 977 215 3024 1979 418 251 179 238 656 206 1185 59 36 417 515 164 90 265 182 824 303 1277 341 294 641 76 104 332 530 123 282 380 74 167 342 549 285 471 751 374 114 4111 2360 1072 1057 442 369 468 227 1496 830 516 51 136 326 518 2100 556 193 2800 85 1273 674 394 158 83 2496 1567 496 474 681 419 398 186 364 1408 137 305 53 1704 626 573 76 541 720 172 447 1312 142 712 3151 183 308 214 904 228 253 621 148 179 736 756 647 166 136 451 1706 524 982 525 261 817 535 58 1012 578 1020 341 562 1627 138 2040 1066 506 234 3557 406 187 597 355 1136 304 617 81 47 128 907 608 512 445 80 188 113 879 78 134 234 1720 534 729 220 496 616 72 687 869 744 2920 2259 73 47 1280 171 169 174 1010 3026 236 1009 334 134 178 114 2181 177 875 1622 277 260 153 938 194 433 610 408 787 98 2545 628 92 2243 77 79 2068 199 294 454 448 267 141 186 451 2292 178 868 298 85 310 743 1737 221 343 1120 584 333 129 118 379 522 764 879 100 1292 42 136 657 562 4161 89 418 264 360 167 289 1284 915 279 605 277 364 787 167 390 656 1336 326 199 615 2068 982 2380 2110 105 147 137 38 2266 418 311 1601 1215 169 1398 693 420 122 188 1001 781 628 1007 76 935 351 102 636 394 610 204 520 119 3366 139 1640 365 154 372 331 292 75 493 324 100 327 366 322 431 261 125 889 1503 275 109 146
550 663 1390 658 330 1247 290 783 401 4837 278 2252 615 416 190 971 360 2823 684 323 320 987 842 496 2948 531 2995 364 258 632 160 262 433 1183 1080 311 772 2081 531 3525 2350 1769 1294 1591 389 2745 1991 288 865 674 2394 1100 2840 2398 983 744 384 233 485 247 1322 743 527 4587 4191 1286 439 597 1776 361 322 2010 302 423 685 2163 1272 4659 2255 1756 849 68 181 1190 565 292 1945 2176 669 2249 961 352 251 284 262 1060 559 429 1313 2855 1188 730 562 3324 2804 1042 714 1629 890 717 3242 4537 1035 1368 869 1463 1531 1094 2032 1182 268 1421 1106 597 898 726 577 1023 883 604 887 879 3195 3012 1261 769 1899 3552 924 307 1436 1451 1682 1463 864 1077 1380 1768 575 1143 1624 861 587 1515 748 542 345 1089 529 97 739 873 1057 1416 479 252 979 1064 905 237 664 1446 2899 723 250 408 533 89 3903 879 900 2000 1994 798 378 1176 815 1727 3328 1114 610 836 727 941 973 776 1887 647 3844 3375 685 1316 476 2783 767 682 1515 599 81 2027 527 244 1183 302 735 1319 467 1872 1150 1389 872 2371 470 344 2191 923 1867 551 235 586 2592 2662 649 560 757 754 353 5746 4320 3599 1337 525 1762 1244 1331 1695 840 1285 209 458 867 1078 2238 638 214 2995 1570 1440 707 3748 492 1151 2752 1618 571 1572 1372 606 647 643 422 1762 472 316 443 2527 1395 1928 793 2090 3161 369 454 1547 751 931 4628 463 762 405 1973 330 410 1021 320 878 1919 1776 787 1373 566 726 4051 648 1534 1071 685 926 613 351 2069 879 2422 937 2148 2784 435 2852 1910 742 373 4917 547 1289 3319 657 1206 502 634 177 145 487 1826 2997 514 2189 2496 628 898 1606 717 1021 429 3726 584 762 1501 1679 791 293 788 1420 932 4256 2489 525 107 1959 1182 802 219 1093 3397 306 1801 697 800 365 302 3906 979 2703 1654 920 698 1817 1451 391 1563 745 2863 1504 493 3347 4085 1262 4257 223 617 2645 470 304 711 2095 364 3797 1054 1322 3064 219 3106 1071 1182 1317 3180 1907 222 441 2092 737 406 691 551 955 569 2366 1442 308 1510 49 970 897 657 4439 425 578 279 499 302 387 2686 1659 456 2140 584 2148 861 792 548 706 3156 868 456 4402 2707 1055 3256 2819 554 468 248 368 2553 464 1086 2378 1426 616 2617 951 466 1639 421 1206 2132 676 2022 127 1343 507 518 788 845 1216 704 710 158 4175 178 1658 385 1000 519 737 527 390 713 1514 490 999 600 618 1048 449 530 927 1533 344 236 155
2096 823 2356 733 1248 4176 322 2431 1194 5025 328 3938 815 835 418 1839 364 3116 774 1453 832 1211 1017 1182 4269 1189 3198 608 1065 1632 230 307 813 2395 1230 973 826 2745 1120 4174 2466 2771 1885 2472 517 2867 2163 580 1255 711 2989 2212 3158 2431 1001 2028 421 417 730 451 1415 782 621 4968 5306 1304 477 1444 4466 1841 399 3543 360 435 707 3260 1590 6697 2870 2462 1108 77 455 2867 750 443 4058 3093 2415 2419 1210 510 326 808 279 2801 570 527 1763 6993 1458 924 763 3636 2954 1558 1043 1861 949 817 3252 4715 1120 2231 1752 1609 1734 1851 2647 2614 501 1525 1428 1379 1214 2292 1131 1428 1030 664 967 1284 3256 3047 1303 799 2329 3639 1112 918 1895 1996 2274 1663 1168 1751 1474 1769 987 1456 1952 1257 698 2710 1215 866 545 1325 1033 746 840 985 1190 1718 488 309 1849 1147 2502 2240 1891 1602 4021 1008 368 1005 2029 1136 4476 959 1181 2379 6740 1589 527 1341 1477 2308 5088 1148 1250 1041 843 1279 1143 1063 5033 1933 5106 4042 1170 1371 508 3465 1370 1322 2045 661 608 2363 703 1274 1404 835 1187 1731 1756 2614 1304 1796 965 3335 537 503 2315 1806 1985 958 266 2249 3099 3043 729 1027 759 1542 793 5815 4384 6279 2021 567 2415 5245 1983 2242 1456 2115 238 697 1734 1396 5745 1201 417 3088 2162 2551 3018 5227 621 1213 3135 1817 862 2368 1472 962 815 1024 747 2091 957 1181 587 2643 2056 2767 883 6309 3412 390 493 5477 1179 1246 4833 1184 1315 534 2583 775 413 1769 844 1322 1943 1834 968 3324 644 790 4740 827 1931 1414 950 983 708 632 3612 4696 5281 1204 3770 4599 550 4243 2272 1119 748 5225 551 1670 3757 860 3034 895 2471 432 906 724 2942 3134 720 2497 2615 660 1995 2242 786 1365 820 4928 994 967 3610 1692 988 1116 865 1595 1212 4971 3729 611 216 3788 1259 908 718 1262 3553 3114 2402 987 1078 1704 661 6794 1545 3281 3161 2685 1422 3314 2039 972 3814 946 3499 1617 560 4206 5026 1271 5039 914 1069 2720 1397 533 780 3173 1223 4387 1888 2385 3088 432 3659 1192 1958 2827 3681 1947 450 468 2318 4046 485 807 576 1294 1028 2873 3092 806 1633 357 2776 1081 753 4862 520 855 515 812 702 624 6440 1953 643 3232 761 2458 1124 1034 710 1581 3631 1663 469 4697 6525 1577 4242 3716 772 655 285 758 4042 678 1446 3197 2583 899 3749 1185 740 1863 834 1309 2379 711 3832 501 1373 1793 581 791 920 4837 761 2023 835 4462 820 1810 563 2092 1061 949 2840 1050 851 2018 530 1423 936 1261 5132 834 1394 1761 1651 827 269 572
3106 860 2664 1178 2477 4291 371 4312 1206 5449 698 4761 827 1197 476 2313 1220 3874 1203 1459 904 1966 1591 2267 5936 2123 3297 698 1371 2363 647 1353 865 2411 1291 1266 2368 3209 1440 5215 2648 3456 2053 2914 839 3244 2248 857 2173 1787 4760 2226 3706 4557 1145 2423 446 569 1145 1095 1867 820 780 5631 5529 1546 479 2402 6053 2680 482 3901 370 581 1058 3603 2161 7276 5918 2799 1639 619 1084 3099 776 1224 5193 4163 2940 2882 1769 718 431 892 342 4686 1132 941 2067 7956 2009 1084 1577 4722 3101 1640 1555 2091 1152 947 4895 5142 1307 2847 3473 1912 1867 1936 3054 4617 575 1612 2057 7057 1836 2330 1600 2248 1368 1057 1424 1533 3521 3272 1362 926 2878 6046 1751 974 2102 2715 2340 1751 1200 2742 2521 1879 1362 1796 2045 1405 878 2861 1475 900 602 1480 1433 980 1331 1021 1413 5937 1460 566 2239 1494 3443 3119 2023 2188 5459 1049 401 1781 2134 1257 4956 1176 1470 2627 7018 2321 1416 1381 1877 2589 5853 1296 1273 1120 1127 3282 2656 1118 5080 2006 6559 4651 1430 1805 989 3892 1492 1531 2470 688 862 3038 2128 1758 2646 1042 1288 3267 3308 2933 1737 1830 1015 5100 628 571 2842 2408 2690 969 549 2685 3245 3242 1046 1557 1019 3438 1146 6730 4800 6564 2417 986 3275 5825 2159 2785 1725 2507 354 1169 2300 1905 5896 1625 1365 3964 2178 3531 4106 5766 663 1662 3255 2046 1135 2708 1565 1744 1040 2806 868 2519 1439 1263 729 2650 3018 3888 1124 7110 5066 523 1016 6286 1447 1274 5754 1543 1680 1726 3467 790 2750 2009 929 1979 3540 4240 1076 4754 1471 3123 5169 989 2520 1656 1318 1450 1317 677 7653 4831 5584 2891 5657 6135 1923 4542 2934 1571 1991 5295 581 2017 5079 1323 6688 1002 2485 856 1443 1527 4146 4175 1337 2748 3265 730 2697 2403 1413 1746 1183 5407 1393 1100 3645 3468 1988 2992 902 2645 1769 6124 3925 881 234 3789 1375 2689 1206 1527 5221 4029 2790 1208 2861 3351 778 7266 1962 7154 3655 2843 1912 4168 2153 1300 5071 3262 3511 2431 739 6314 5404 1341 5482 918 1074 3107 1825 1703 782 5352 1239 5211 4370 2764 3813 1450 4785 1480 3048 3409 5887 2539 860 698 2341 4408 748 941 732 2589 3181 3149 4419 2461 1756 870 3149 2562 1072 5474 604 1090 685 828 847 966 6746 2365 963 5201 2588 2671 1577 3130 828 1590 5342 2745 922 5323 7586 2280 6008 5207 905 914 316 765 4300 853 1793 3197 3165 951 6826 1559 767 3890 953 3385 2651 1277 5640 558 2139 1906 818 826 1002 6393 1099 2097 1025 6105 964 2788 792 5993 1333 1921 2992 1071 1174 2062 712 2216 1982 1465 6347 2175 1664 1963 2273 1212 482 2311
6398 1091 2840 1253 2797 4955 841 4955 2120 5652 1154 5020 846 1369 543 3088 1536 4864 1717 1826 1546 2474 1788 2544 7320 2403 5078 1631 1763 2504 655 1421 3338 2648 1671 1533 3781 5310 1889 6567 2726 4587 3147 3988 1352 3515 3034 1233 2254 2671 7596 3767 4142 4652 1989 3718 527 1198 1543 1738 2556 911 1038 5675 5849 1691 663 3248 6118 2886 809 6846 1194 794 1835 3714 4069 7660 7920 3454 2786 884 1228 4797 1364 1348 6335 6187 4227 4044 2217 822 1442 1069 823 5295 1155 1112 2483 8221 2557 1641 1582 6043 3836 1710 1861 5936 1680 1426 6534 5536 1569 3366 3591 1926 2451 3319 3981 8321 819 1858 3101 7254 2211 2397 2078 2570 1521 1180 1787 2291 4135 5155 2406 973 2977 6420 3488 1326 3498 2770 2539 1758 1295 2957 2843 2107 1505 2197 2052 2713 2012 3114 1577 1042 1071 1995 1706 1082 1566 1434 2412 6079 2554 720 3401 2877 3890 5667 2906 4109 5782 1189 960 2029 2893 1474 4965 1608 2169 3092 7345 2922 1902 1464 2337 2966 6876 1709 1627 1297 1342 3521 3682 1232 5729 2020 8065 5855 1691 1927 1041 5385 1674 1666 2646 867 1234 3754 2430 3617 3387 1299 1417 3662 3546 3060 1863 2065 1545 6667 747 1336 3385 2448 4582 1137 793 2709 6232 3310 1407 1946 1136 3690 1195 7887 5796 6845 2842 1101 4015 6178 4525 3474 2079 2977 1052 1245 2659 4102 6052 1794 1368 7995 2486 4104 4590 6236 964 2023 3450 2317 1320 2885 2287 2029 1788 5283 1096 3793 1587 2172 1076 3255 3684 4002 1313 8620 7686 552 1127 6969 1730 1306 6764 1632 2678 2430 5450 973 3002 3107 1236 2218 4534 6714 1265 6272 3413 3447 5527 1635 2713 2762 1366 1823 1563 1062 8515 5561 6413 3840 5811 6357 2546 4923 5970 1600 2019 6894 688 5869 6158 1361 7163 1023 3309 918 1689 1584 5202 4544 1534 2750 3551 1464 3769 2596 1529 1759 2303 5498 2080 1495 4832 3585 2686 3332 1045 3401 1778 6150 4700 1958 538 4261 1776 3406 1484 2296 5849 5463 4813 1829 4540 3659 934 7317 3601 9021 4052 4673 2079 6279 2163 1490 6102 5771 6083 3086 1489 7270 6308 1658 8531 986 2998 3379 2012 3495 792 7483 1363 5920 6012 5420 4992 1576 5054 2442 3227 7351 6657 2887 1666 1216 2692 4478 1330 1857 2188 3305 3185 4882 5464 3384 2245 1029 3159 2839 1254 6034 1152 1461 1386 854 867 1354 6905 2566 1012 6158 3070 5056 1589 3838 1102 1687 6070 4235 1345 6150 7662 2776 6426 6089 2062 1269 1784 990 6522 1182 3487 3431 3364 1060 6869 1579 1164 4125 1587 3751 2917 1332 5791 882 4765 2122 967 826 1055 6519 1543 2155 1845 6982 1024 2869 846 6783 1972 1931 4658 1093 1633 2587 1211 2279 4657 2049 7626 2282 2032 2205 2428 1579 625 2857
7413 1212 3395 1389 2996 5810 852 6769 2588 5852 1232 6440 1128 1714 1301 3446 1793 5973 1978 1887 1657 3632 1977 4236 7752 2902 5787 1869 2101 2685 754 1480 3574 2985 1709 1605 4010 7580 1912 7932 3266 6383 4026 4017 2179 3621 3167 1776 3068 3635 8394 4303 4871 5258 2090 4546 957 1669 1696 1905 2728 1251 1722 5971 6777 1703 1761 3882 7153 3246 1571 7477 1483 1073 1867 3767 4183 7665 8460 3937 4033 1396 1416 4806 1586 1649 6754 6983 4264 4255 2288 828 1602 1120 1115 6633 1695 1681 2573 8832 3040 2037 1701 7898 4225 2275 3165 6814 2001 1742 7539 5973 1966 4019 4072 3629 2559 3641 6053 8655 1074 2160 4318 7819 2217 2422 2791 3308 1625 1569 2011 2424 4955 5318 3281 1746 3548 7330 3620 1442 3704 3156 2858 1892 1388 3195 3098 2767 1666 2435 3259 3017 2055 3194 1716 1676 1090 2418 1793 1200 1951 2095 2608 6665 2584 1056 4420 2966 4098 7346 2998 5280 7785 1196 1720 2038 3986 1507 5304 1629 2236 3128 7614 3404 1997 1642 2669 2970 7360 1761 1692 1425 1361 4077 3747 1241 6024 2023 8279 6112 1699 2393 1381 7081 2130 1946 3191 919 3299 4193 3220 4134 4399 1408 1702 4475 4698 3245 1910 2718 1748 6798 1398 1478 3744 2741 6037 1464 1090 3154 6758 3733 1603 2807 1328 5684 1832 8082 8007 7368 5287 1225 6745 6542 7589 3906 3520 3069 1788 1469 2791 4568 6899 4015 1507 8051 4881 5753 6213 7345 1038 2792 4961 2433 1637 4023 2359 4062 2023 5969 1780 4279 2246 2213 1254 6257 5160 4148 1721 8664 7893 917 1210 7407 2011 1544 7189 1743 2747 2434 7250 1048 4030 3878 1441 2342 4613 7374 1825 6492 3523 3710 6859 1654 3023 3695 1433 1849 1686 1531 8972 5572 6663 4409 6718 8221 3022 5287 7374 1737 2886 7529 1323 6230 7886 1789 8861 1489 3436 1381 1902 2012 5466 5371 1946 2976 4043 1538 4027 2621 1716 1906 2376 6918 2170 1715 4909 3791 2784 3888 1979 3806 2208 6422 6473 1961 885 4728 1946 3840 1751 2477 6617 5637 7106 1850 4690 4341 1048 7409 5618 9112 4095 4806 2082 6838 2190 1749 7268 8286 6611 4008 2153 8449 7448 1811 9020 2148 3170 5882 2623 3527 1397 7639 3007 6429 7102 5882 7573 1795 5209 5203 3510 7667 7148 3629 1666 1330 3652 4558 1505 1873 5389 3373 3663 5541 6811 5502 3025 1821 3511 3693 1767 6581 1465 2312 1748 980 891 1552 7432 3517 1044 7924 3287 6840 1954 4181 1158 2686 6362 5019 1800 6363 8033 3119 6884 6259 2082 1762 2096 1000 6788 1415 5337 3942 4270 1829 7531 2084 1921 4281 1723 3969 3777 1848 5864 893 5588 2784 1039 1035 1209 7013 1619 2182 1872 7039 1228 3508 1807 6902 1998 2271 7110 1294 1658 2993 1747 2351 7156 2163 7896 2649 2227 2305 2477 1676 934 3067
7608 1744 3843 1672 3696 6622 1080 7221 3340 6393 1292 7325 1263 2239 1400 3636 1922 9200 2188 2172 1842 3918 2266 4397 8845 2960 5924 1925 2303 2824 1882 1912 3863 3428 1928 1842 5939 7681 3855 9033 4093 6791 4749 5371 2810 3844 4283 3245 4208 3776 8467 5589 5869 5417 2304 4788 1165 2256 1957 2126 2940 1578 2114 6133 7090 2136 1802 3895 7440 3313 2288 9118 1830 1398 2034 3908 4927 7747 9203 4058 5264 1615 1537 7591 1657 2048 7196 8187 4470 4787 2989 1153 1799 1260 1491 7833 1888 2414 2862 9285 3094 2138 1916 7947 4591 2375 4097 7245 2012 1995 8206 7964 2178 4264 4417 4021 3022 3992 7982 9566 1301 2740 4800 7925 3509 3716 3049 4222 1730 1586 2217 3940 7330 7625 3582 1844 3763 8011 3919 1447 4564 3924 3448 2071 2061 3499 3303 2862 1875 2929 3333 3355 2098 3252 1796 1964 2070 2693 1901 1585 2016 2185 2826 8980 2950 1859 4525 3904 4389 7814 3997 8041 8020 1422 1850 2117 4483 1702 6206 1802 2845 3279 8515 3467 2066 2732 4201 3287 8601 1871 1833 1702 1953 4217 3815 1754 7351 2330 8403 6414 1914 2455 1439 7805 2218 2820 4097 1976 3617 7775 3342 4165 4758 1707 1731 6816 4720 3476 2020 4236 1777 7296 1563 1971 4293 3543 6253 1568 1395 3590 7788 3936 1829 3196 1334 7453 2103 8483 8295 8080 5956 1398 8244 7375 8926 4103 6587 3184 1953 1549 3251 4722 7097 4405 1713 8082 5268 7396 8320 8301 1107 3385 6646 3990 1812 4763 2878 4157 2157 6247 2270 7368 2368 2371 1278 8606 8893 4475 1813 8713 7977 1262 1428 7495 2624 1578 9004 1813 3037 2514 7298 1243 4610 4291 1663 4520 6726 7415 2089 7247 3560 4077 7184 1868 3297 3963 1451 2074 2475 1624 9035 6057 8055 6747 8320 9362 3632 6956 7903 3044 3847 7928 1834 7237 9378 1921 9207 2246 3476 2219 2142 2278 5678 6531 2433 3125 4346 1923 4270 3087 1785 2095 2847 7041 3202 1827 5046 4529 3365 4250 1997 4138 2238 6649 6622 1990 1106 4752 2008 3981 1888 3340 7273 5842 8369 1906 4812 4915 1449 8067 5740 9283 4367 7352 2101 6846 2313 1774 7954 8336 6874 4335 2620 9165 7521 2181 9068 2181 8190 9175 3090 4135 1840 7951 4230 8042 8061 5946 8436 2001 7005 8748 3759 7785 8034 4164 1684 1481 3903 5488 1521 2365 6610 3594 3666 7685 6848 6442 3583 1886 3936 4302 1855 7274 1595 4908 2145 1051 1320 1783 7935 3653 1370 8685 4201 7231 2354 4510 1499 3116 7069 6024 2066 6440 8673 3347 7200 7010 2358 1765 2377 1711 8068 1573 5996 4302 4324 1958 9316 2400 1940 4494 2002 4181 3795 2308 6514 1424 5736 2795 1883 1796 1365 7610 1818 2462 1919 7891 1603 3778 2084 6926 2217 3087 7587 1446 3538 3960 2024 3422 7669 2218 8021 3348 3288 3715 2966 1757 1101 3905
9330 1772 4664 1945 3816 7357 1814 9158 3720 7900 1571 9094 1569 2407 1971 3720 2053 9504 2795 2299 1978 4408 3659 4809 9193 3042 7540 3404 3277 3038 1939 1960 4310 4459 1971 1954 7646 9682 4079 9807 4126 8691 5881 6155 3247 4038 4635 3256 6486 4155 8834 7120 7747 8208 3090 4809 1607 2322 2128 2269 4454 2460 2296 6765 7887 2412 1910 3953 7704 4571 2336 9181 2177 1647 2202 4322 9108 9714 9520 4707 5660 1965 1875 7718 1687 2106 8339 9341 4634 6881 3236 1228 2002 1566 1975 7994 2407 2434 3018 9307 3201 2140 1943 8246 4599 2407 6716 9413 4229 2025 9042 8850 2322 4649 4486 4077 5858 4617 8051 9806 2142 5946 7108 8147 3976 3765 3991 4539 2312 1773 2328 4121 7896 8243 3918 2310 3972 8573 4473 1696 4621 4494 3790 2120 2318 3508 3659 3944 2096 2993 3953 4184 2288 4747 2522 2001 2228 3025 2005 1668 2540 2273 4329 9136 4722 2101 4652 4158 4511 8065 4390 8309 8608 1661 1941 2255 4725 2462 7906 1817 4206 4524 9795 3896 2272 2912 4747 3494 8911 2265 1923 1954 2237 4254 4236 2127 8705 2515 8629 7439 2302 3095 1885 8360 2376 3807 8002 2006 3713 7902 3905 4489 5574 1924 2011 8846 5169 4070 2241 4443 1811 9022 1579 2013 4413 3951 7416 1625 1626 4499 8003 4599 2899 4639 1714 8716 2248 8901 8477 8928 9246 1449 9030 8218 9011 4467 7989 3314 2206 1836 3264 4789 7217 4471 2341 8571 5819 9077 9263 8795 1431 4006 7696 4210 1846 5788 3912 4436 2270 7320 4478 8280 2532 2460 1676 8776 8931 4767 1846 8855 8028 1372 2004 8719 4010 1942 9130 1945 4634 2527 7749 1777 4663 4377 2262 4916 8435 7614 2115 7858 3637 4310 8459 2013 4176 3982 1678 2093 3028 1836 9121 6978 8436 7383 8955 9574 3846 8803 8624 3462 3887 7971 2410 8942 9573 2002 9530 2249 3895 2287 2467 2350 7267 6534 4282 4177 4416 2359 4396 3912 1936 2123 4263 7113 3519 1923 5187 4880 3386 5236 2107 4812 2240 6992 6960 2001 1524 4885 2040 4267 2082 3418 8394 7151 9244 2010 7023 5848 1711 8977 7060 9440 4875 7470 2354 7111 2411 2071 9478 9560 9598 4344 2689 9763 7852 2492 9736 2204 9624 9285 3657 4723 1851 8813 5315 9122 9224 6281 9267 2298 9092 9436 3963 8830 8722 4598 2150 2176 4395 6765 2137 2394 7963 3683 4036 8622 7547 8634 3740 2129 4183 4441 2054 7327 2055 6399 2329 1383 1827 2125 8531 3799 2177 9250 4559 7726 2624 4953 1538 3968 8391 7850 2081 9580 8690 4185 7417 7764 2918 2146 2597 1918 8729 1893 7660 4339 4703 2068 9715 2420 2210 4521 2046 4506 4720 2416 7295 1575 7233 3714 2026 2140 1960 8305 1826 2464 2044 7986 1973 3793 2236 7432 2456 3150 7957 1632 3915 4023 2362 3689 9197 2297 9060 3798 3754 3802 3485 1810 1269 4595
9944 2007 4684 2499 3893 9367 2398 9838 4248 8359 2396 9731 1711 2556 2063 4332 2227 9747 4184 2557 1989 4734 5012 4964 9756 3617 7966 4810 4597 3237 2080 1983 4639 4559 2203 2287 8365 9810 4887 9834 4159 9168 6351 7726 3404 4559 4742 4325 7749 4461 9957 9275 8968 8827 3719 5025 2052 2423 2245 2558 5024 2503 2489 9739 8896 2532 2395 4113 9263 4782 2446 9714 2242 2438 2412 4819 9667 9886 9639 4981 9623 2277 1992 7910 2249 2138 9787 9798 4731 9716 3578 1996 2417 2513 2452 8144 2436 2436 3508 9882 3584 2538 2037 9720 5033 2453 6802 9733 4385 2180 9756 10023 2355 5030 4980 4606 8510 4877 8833 9862 2332 8311 7517 8880 4997 4763 4817 5031 2370 1796 2500 4859 9233 8574 4300 3584 5049 8709 4917 1894 4657 4527 4317 2470 2436 4940 4500 4153 2156 3609 4617 5031 2510 5069 2555 2060 2452 3468 2425 2189 2575 2450 4365 9263 5059 2485 4709 4272 4887 8540 5025 9031 9624 1869 2080 2443 4730 2544 8900 2369 4632 4557 9855 4576 2466 3061 4916 4402 8992 2487 2142 2554 2372 4796 4890 2470 9897 2524 8902 8593 2311 4107 2174 8647 2468 3925 8212 2156 4086 9503 4938 4500 8025 2520 2066 9158 6855 4725 2543 4611 2466 9305 1623 2110 4471 4431 8840 1822 1767 4581 8261 4615 5005 5038 2346 9421 2301 9822 8592 9805 9883 1581 9234 9300 9637 4753 9801 3449 2326 1876 4593 5011 9469 4755 2481 9792 9080 9491 9368 9079 2176 4107 7899 5046 1944 6881 4476 4536 2550 7771 4622 9008 4112 2480 2258 9141 9528 4995 1893 9018 9427 2518 2134 9328 4064 1958 9483 2075 5428 2557 7791 1915 4875 4976 2358 5003 9852 9080 2166 9147 4898 4346 8526 2050 4710 4259 1980 2286 3111 2013 9565 7416 9041 8643 9756 9602 4526 9267 9393 4242 4014 8165 2506 9051 9755 2467 9950 2510 4730 2443 2468 2358 8863 7486 5005 4247 4610 2496 4415 4704 2143 2270 4363 7585 4079 1955 8395 4976 4272 9035 2306 4834 2247 7986 9510 2067 1594 4915 2482 4804 2087 4887 9429 9952 9403 2491 7657 7782 2256 9070 8433 9681 4996 8076 2375 8511 2420 2265 9703 9674 9829 4554 4607 9918 7952 2542 9783 2225 9928 9287 4150 4784 2119 8972 6109 9147 9585 6834 9819 3869 9300 10042 4057 9369 9860 4882 2550 2416 4735 7241 2465 2418 9316 4947 4642 9787 7915 8957 4018 2451 4405 4659 2070 9712 2232 9632 2455 1507 2113 2315 9501 3990 2386 9703 4888 8584 4602 4959 2369 4936 9610 9727 2193 9730 9116 4328 8891 9386 4501 2201 4768 2370 9600 1976 9739 4678 5078 2193 9782 4203 2461 4629 2068 5065 5794 2450 9134 1881 8726 4577 2433 2288 2139 8890 2268 2467 2192 8524 2547 4546 2237 9880 2494 3859 8498 2010 4915 4941 2497 4061 9482 2524 9382 4348 4069 4780 4572 1912 2260 4907

149 82 66 152 81 414 205 216 162 2216 156 1166 544 45 5 300 285 87 252 44 236 668 175 415 172 26 520 124 99 76 11 99 50 10 344 2 401 976 8 1420 78 167 667 96 3 1586 1012 183 349 374 278 702 2582 454 94 218 143 63 56 29 605 55 19 1792 545 331 38 155 302 35 4 99 178 376 542 65 612 2167 1638 1135 303 5 71 65 322 95 488 592 20 1058 48 19 16 262 71 14 12 117 226 255 265 196 271 182 534 137 83 109 54 43 1429 44 452 365 329 83 20 71 188 129 116 109 60 16 250 68 104 148 311 96 67 104 2284 242 146 625 206 52 7 11 153 338 90 1123 79 148 387 38 244 53 251 144 91 227 16 188 264 584 18 33 3 93 92 769 226 43 784 15 459 194 32 351 721 117 81 189 130 38 283 620 10 1096 246 176 151 77 182 139 2 39 17 255 610 83 443 530 558 105 2643 1419 336 117 141 81 305 135 109 18 2 124 174 128 6 126 61 228 184 1061 45 37 52 47 19 299 342 22 188 186 23 51 114 353 104 44 299 166 94 3735 198 521 774 269 44 286 202 1144 757 256 31 72 240 90 145 402 171 596 25 226 161 266 50 15 161 1112 154 281 553 133 206 171 45 835 66 242 13 1227 35 511 3 212 200 127 33 521 97 136 2023 167 94 187 22 18 140 485 146 70 575 354 191 107 23 256 271 48 110 244 98 139 531 41 579 71 663 29 390 1391 124 1914 793 350 73 79 260 143 483 271 740 192 172 64 26 33 62 292 401 288 18 156 40 436 28 70 4 1438 322 15 12 154 358 56 649 62 721 2449 1166 34 30 215 151 150 56 191 1041 137 328 2 56 89 38 406 78 739 582 240 73 29 257 17 12 437 329 291 7 1818 456 11 1984 7 59 1083 33 95 420 78 47 137 72 444 1413 175 311 133 69 75 61 1236 187 259 831 149 286 50 6 160 236 202 399 47 802 28 67 145 309 4098 52 215 64 147 158 96 703 215 92 179 205 308 352 48 51 285 1032 215 197 100 206 364 519 502 17 137 90 1 1273 398 7 793 228 54 313 29 48 114 66 825 188 474 23 54 358 156 3 205 2 563 157 449 83 1610 80 764 298 54 141 193 105 11 454 187 35 33 44 210 89 140 82 463 1403 234 8 32
