500 9 1
92 35 25 41 13 51 73 90 57 43 70 79 99 23 39 8 89 3 9 63 66 79 18 87 83 90 66 6 62 51 83 19 80 4 29 47 96 72 17 62 94 14 37 84 52 30 40 13 44 59 69 26 25 50 20 78 13 84 31 47 72 1 52 29 98 70 59 80 62 1 19 51 54 62 54 100 79 41 79 60 22 87 11 16 85 53 86 15 57 47 53 93 65 61 70 80 49 80 76 16 15 42 78 54 92 78 82 47 70 71 44 63 88 26 99 41 47 81 35 38 41 1 11 8 92 78 35 79 55 3 43 3 77 9 13 28 86 45 69 96 78 35 55 44 63 64 71 36 34 26 45 20 48 49 69 79 78 89 30 12 43 72 18 57 78 78 9 27 98 11 10 76 92 17 19 86 3 93 29 86 93 75 75 37 76 7 87 72 53 10 42 77 92 25 34 33 70 91 76 89 65 8 77 73 82 42 90 6 52 24 62 77 51 39 21 39 41 93 58 94 90 15 40 94 68 9 42 74 89 94 84 96 83 88 26 4 13 50 52 6 20 61 18 19 60 10 78 77 18 14 8 68 73 94 44 68 12 49 89 76 64 2 35 97 33 9 48 82 42 21 66 90 97 94 68 85 65 99 89 21 51 6 21 96 26 4 88 72 100 69 46 20 57 10 98 2 2 88 37 18 44 89 41 48 62 31 55 94 48 43 65 72 86 15 22 3 41 35 57 90 40 59 80 10 35 75 47 34 10 75 23 21 71 96 91 72 83 58 30 12 96 27 63 16 8 11 49 19 22 5 55 98 37 72 80 61 84 54 74 95 33 17 8 51 1 24 89 53 41 24 74 85 42 97 38 42 4 12 8 81 6 37 87 36 19 69 94 58 37 64 96 26 28 81 97 73 4 74 97 42 38 18 14 15 47 51 50 41 71 91 93 63 79 50 89 2 25 50 85 3 56 96 67 23 48 14 83 92 38 89 15 31 27 24 11 96 62 18 95 78 50 87 20 79 82 1 54 55 91 48 74 52 100 57 92 75 41 97 12 38 100 27 97 13 8 93 20 58 67 78 58 5 65 44 9 49 74 73 71 54 87 78 6 6 45 85 94 96 75 80 7 44 15 11 54 83 7 34 80 14

19 3 6 5 8 8 1 4 2 2 19 39 1 1 8 8 8 3 9 25 46 16 22 3 22 6 13 13 12 12 6 13 8 8 13 15 1 10 4 18 1 25 3 2 2 7 3 6 7 3 4 3 17 1 2 28 1 10 6 28 9 13 13 4 21 10 21 1 10 16 14 3 12 1 11 11 2 13 18 16 5 28 17 7 14 26 6 12 18 16 3 1 6 3 8 11 7 19 12 8 1 7 4 5 3 12 1 7 5 5 42 4 1 19 34 16 1 48 5 5 3 19 4 2 16 1 7 25 22 10 1 9 15 14 12 6 4 15 3 8 7 8 9 5 4 4 5 10 14 4 8 15 3 4 3 8 7 6 7 1 17 26 40 10 12 5 16 16 28 18 33 41 14 17 1 6 14 16 40 22 9 3 11 18 10 3 3 3 1 8 7 2 6 6 5 14 10 22 33 5 8 4 20 1 7 3 14 29 5 17 6 21 4 8 27 19 10 3 1 43 4 32 5 3 11 11 7 6 6 1 6 8 7 34 5 5 8 19 45 5 1 9 3 11 24 34 13 32 2 2 11 26 11 7 3 22 9 32 14 14 1 3 1 26 6 1 8 2 2 16 31 1 23 9 14 3 3 14 19 6 1 15 3 5 14 17 5 8 33 27 2 12 1 1 6 11 3 8 21 12 12 4 6 12 12 1 18 9 18 9 21 6 7 1 11 8 7 23 20 7 13 28 2 31 7 8 1 6 7 5 7 23 12 2 3 11 18 33 13 20 1 11 2 1 8 32 9 7 23 2 8 33 14 11 2 20 11 11 14 4 19 2 20 2 4 24 8 20 2 1 22 7 8 27 2 13 1 14 42 15 1 8 3 17 6 8 3 9 7 5 5 1 11 11 3 13 5 9 12 10 25 30 3 8 10 8 4 26 8 17 13 15 26 26 14 21 27 4 28 46 1 8 3 7 17 4 26 4 27 5 11 23 7 12 12 17 23 30 7 13 2 6 13 13 19 8 6 5 10 7 18 13 3 2 4 6 3 12 3 4 3 37 6 6 6 5 32 29 7 12 5 3 9 23 38 4 9 13 8 3 1 40 2 3 9 18 6 15 23 3 2 5 6 18 14 1 4 31 8 28
25 6 28 7 33 32 5 5 4 2 24 43 4 10 23 23 50 10 10 32 56 16 29 19 26 6 20 30 14 27 18 24 13 28 25 27 6 28 7 25 16 36 6 3 20 33 9 13 26 7 27 13 19 24 12 29 3 13 17 38 26 44 18 5 27 13 32 15 18 42 24 37 24 5 24 14 7 17 19 35 9 35 20 32 23 33 12 21 18 19 9 48 7 19 20 19 42 21 12 23 4 22 39 37 19 44 19 16 11 17 45 17 13 21 37 17 19 50 18 10 9 23 4 17 18 19 13 46 24 13 5 13 48 15 22 26 11 41 13 14 39 50 35 25 28 17 11 14 20 9 12 24 48 7 7 23 19 8 24 24 22 27 47 13 14 46 18 25 31 28 40 46 53 22 15 16 23 20 42 41 30 4 22 32 12 20 32 8 8 14 22 11 20 14 10 21 13 28 49 10 23 38 23 15 8 43 14 37 6 33 10 36 10 18 37 30 13 15 14 68 8 38 19 7 17 43 28 8 37 34 23 13 11 40 19 13 9 30 59 10 11 26 15 45 24 62 21 39 9 3 12 27 13 36 5 24 13 34 19 20 5 6 12 27 13 15 16 14 5 21 46 23 33 10 20 10 34 26 27 26 23 17 4 19 21 51 8 27 42 37 36 13 12 5 16 14 8 14 27 15 16 9 12 30 19 8 19 17 29 10 36 33 42 35 14 20 16 28 24 21 26 34 4 48 22 10 37 16 24 6 22 49 18 21 5 14 25 38 18 26 12 17 7 11 14 35 29 8 31 13 10 39 28 17 3 31 15 14 20 35 29 33 21 2 5 30 10 21 4 13 24 11 23 37 3 14 1 15 44 19 12 13 13 29 24 22 6 10 12 35 28 2 18 14 23 27 5 26 16 17 35 30 17 8 37 33 6 43 13 25 16 16 38 37 22 23 30 23 36 47 5 13 38 21 21 13 45 6 50 8 16 28 61 15 15 20 37 43 8 24 9 14 18 14 24 10 34 20 16 18 18 13 9 8 6 14 5 15 13 17 10 42 11 8 22 34 36 60 12 21 13 24 15 31 50 12 12 13 22 12 2 46 8 6 11 20 22 30 35 7 5 24 11 18 19 8 17 36 15 39
36 10 32 29 46 37 5 13 32 6 44 69 16 11 40 44 55 22 30 47 61 17 33 20 35 8 22 44 56 40 37 37 28 30 30 36 14 35 15 36 35 38 7 8 29 33 15 43 37 19 28 33 27 26 28 30 6 26 20 48 31 47 19 6 34 22 37 20 26 47 39 38 39 8 54 35 13 25 32 42 15 52 48 42 36 36 22 22 20 27 20 50 7 20 37 34 46 27 26 35 6 38 39 41 21 46 29 34 14 22 61 52 19 37 37 18 21 51 20 23 27 32 17 21 24 36 32 55 30 14 22 15 56 15 38 35 11 48 60 18 60 55 37 32 44 31 12 17 21 15 15 28 48 14 25 47 23 19 39 36 27 34 55 14 40 47 25 39 56 35 57 46 60 26 27 27 26 24 47 43 31 20 24 35 20 26 44 23 29 15 37 22 31 20 40 27 30 44 50 52 26 49 23 20 38 50 25 43 47 41 20 43 13 22 43 31 21 16 58 69 25 48 26 13 22 58 30 16 47 46 33 18 18 58 40 18 29 35 61 25 44 61 33 49 42 63 35 40 30 5 23 32 21 46 15 28 17 37 31 24 25 16 19 33 21 22 25 23 6 53 49 34 38 24 31 22 39 27 56 32 31 20 20 55 24 55 13 30 49 52 39 19 17 6 27 38 21 18 51 22 16 56 13 36 46 10 24 65 45 25 42 34 56 36 15 23 16 30 33 29 45 48 34 76 35 18 39 20 30 7 24 68 20 39 22 20 30 41 23 32 20 32 10 17 52 37 61 14 32 38 14 45 33 44 16 32 21 31 40 40 34 36 35 53 21 60 17 31 10 20 26 21 33 49 34 35 26 29 50 40 35 13 20 29 26 38 8 20 20 60 33 23 28 59 30 29 31 31 32 31 37 34 20 10 45 49 29 48 24 42 26 23 43 46 25 43 36 45 41 57 6 29 46 29 24 45 50 20 60 16 24 46 63 27 17 25 38 58 41 24 19 24 52 37 37 21 38 29 22 33 21 16 12 9 12 16 16 23 18 17 12 52 28 24 47 39 58 60 24 26 45 36 36 32 53 14 21 14 26 14 10 48 47 21 23 23 35 44 42 15 21 34 16 25 19 23 27 60 17 45
53 30 38 55 58 42 61 24 39 14 67 70 19 42 41 52 63 31 36 51 70 44 46 31 39 21 37 47 68 43 38 45 32 30 35 64 59 40 26 37 43 45 37 21 38 40 47 51 48 21 31 36 29 33 47 36 28 27 36 56 33 49 23 12 42 22 40 34 26 50 58 47 42 19 68 54 19 28 54 55 30 70 63 46 44 41 23 27 25 41 23 57 33 20 39 42 56 28 38 38 38 57 42 47 38 58 32 49 17 35 66 59 27 40 44 20 32 55 40 64 36 41 18 33 36 60 36 62 39 55 35 41 59 21 43 53 19 51 61 25 75 67 40 50 51 46 29 17 51 52 31 29 56 33 26 57 33 67 57 43 31 54 58 15 42 82 25 40 58 35 58 58 65 37 32 34 41 27 47 47 39 60 34 65 53 36 44 46 30 27 71 34 45 33 54 46 40 52 73 72 28 53 47 24 57 67 26 53 51 44 43 62 34 62 51 45 26 29 62 70 35 51 39 14 54 58 33 34 48 55 41 25 21 60 47 27 42 57 67 33 47 63 50 51 50 70 36 42 30 5 36 44 32 50 17 41 25 41 40 42 35 21 19 41 24 44 53 33 17 57 53 40 46 26 43 34 41 44 59 40 44 22 32 59 32 67 26 34 50 65 43 24 18 9 31 41 51 28 70 37 20 57 13 42 48 31 33 69 47 41 55 35 60 37 33 25 18 48 47 42 51 49 42 86 51 25 43 34 40 14 26 87 21 39 40 22 53 43 29 47 21 44 29 20 65 48 76 34 61 47 18 48 46 60 53 38 68 32 45 60 35 38 38 58 22 62 24 42 10 21 50 38 49 57 42 44 27 40 57 44 48 50 26 33 45 77 19 25 58 67 52 29 31 67 49 34 48 52 39 34 41 43 21 55 51 50 54 58 28 50 39 27 44 52 34 44 37 56 47 61 11 35 74 35 24 56 60 67 66 20 32 51 69 47 21 25 49 60 44 29 37 25 56 60 42 37 52 53 40 47 30 26 43 14 31 29 22 24 25 21 14 52 34 27 60 45 62 68 52 36 55 38 38 36 63 15 25 16 31 22 16 49 49 26 31 30 38 49 51 19 28 49 17 27 37 30 41 65 23 54
64 32 39 56 68 42 64 27 42 18 79 75 23 44 74 75 64 32 45 51 70 57 57 36 39 27 48 52 69 64 46 48 42 31 48 71 65 69 38 46 49 47 44 23 48 57 61 54 52 73 40 52 44 35 48 41 58 43 42 76 42 69 56 17 49 22 55 42 33 68 63 53 52 23 72 74 47 39 55 62 32 73 69 46 45 42 28 33 28 51 38 60 36 24 59 46 60 46 43 67 39 67 56 49 41 69 33 63 30 36 66 70 34 46 52 33 32 56 51 67 45 49 29 46 56 66 47 64 42 68 59 49 61 23 52 54 28 52 69 26 76 74 43 50 62 56 57 32 52 54 34 32 64 37 29 63 37 74 58 63 46 56 63 15 60 84 35 68 59 73 59 64 67 48 32 39 55 39 63 52 46 62 39 71 72 41 47 58 31 35 72 34 58 33 78 51 53 74 75 75 29 64 51 61 60 73 29 60 56 56 65 92 39 66 72 46 29 47 82 77 47 54 63 21 72 64 35 37 60 56 49 56 40 84 82 31 54 66 78 35 53 72 59 54 65 77 36 43 50 8 56 47 38 58 47 63 29 45 46 43 37 33 21 48 44 46 56 48 36 59 63 49 53 28 45 34 59 48 69 66 52 34 32 69 37 74 33 39 59 67 71 31 28 22 37 74 66 43 73 42 26 63 15 51 49 36 46 72 56 43 59 40 62 39 37 26 22 54 67 46 55 54 60 88 58 31 45 58 54 33 52 89 25 59 51 38 53 67 34 53 34 64 60 27 88 53 81 41 65 60 44 77 57 75 63 49 70 41 52 64 37 41 46 61 33 67 60 50 32 28 60 46 52 63 65 56 29 45 74 55 63 57 31 57 48 84 37 42 63 68 52 31 34 72 51 35 62 53 39 35 43 50 23 71 62 66 64 67 40 52 52 48 64 65 40 49 38 59 51 65 23 44 83 48 28 56 66 71 84 32 69 55 74 78 28 26 58 61 45 32 57 32 60 64 45 46 61 72 43 48 32 27 56 49 31 41 48 35 43 27 51 79 59 36 62 61 69 75 61 40 68 73 42 61 63 16 40 28 46 24 43 49 52 32 46 42 53 50 55 27 30 59 22 36 38 38 44 65 32 55
68 49 49 78 70 43 69 45 47 29 83 76 46 61 75 80 71 76 53 66 73 60 64 65 68 77 53 71 70 71 57 67 61 34 62 80 66 71 59 54 61 53 49 26 70 63 66 68 60 75 51 70 49 35 72 52 64 54 69 79 54 70 56 26 59 73 68 45 54 74 73 55 62 31 79 78 54 54 65 70 70 74 71 50 46 47 49 58 40 63 40 62 63 27 62 49 78 61 50 69 45 70 69 76 68 82 37 72 46 48 77 77 56 46 79 43 57 59 54 75 61 49 39 46 59 67 58 69 62 76 73 51 64 50 57 65 60 59 79 48 84 75 68 63 64 77 58 58 53 71 62 58 70 44 31 70 50 78 63 70 51 65 81 62 61 89 46 82 62 77 78 74 75 72 32 85 56 78 66 79 64 83 42 73 88 42 53 66 42 55 76 88 63 43 80 81 57 77 78 81 35 65 78 73 63 80 38 65 58 57 67 94 41 86 76 46 34 55 90 77 66 61 68 29 80 70 50 42 61 63 75 59 51 86 91 40 56 81 81 44 67 78 60 71 78 83 58 45 59 18 57 65 44 62 55 75 34 69 53 87 59 41 49 64 66 49 88 64 72 61 72 66 58 61 69 38 76 76 76 67 71 51 83 69 42 76 34 39 71 79 77 55 34 42 47 81 68 44 75 54 38 76 23 56 54 42 58 78 73 59 59 56 72 62 39 41 24 58 85 65 60 59 62 90 62 62 65 61 72 34 69 89 78 60 55 43 76 70 35 57 35 65 61 32 91 81 91 53 69 67 52 81 63 81 67 60 71 46 59 68 43 51 79 65 64 77 78 60 66 42 65 55 65 74 67 61 38 46 86 58 67 59 50 64 64 95 53 42 69 83 60 35 42 76 70 39 65 53 51 40 52 71 43 75 65 74 65 92 50 54 59 52 66 83 44 54 39 64 69 72 27 47 83 62 28 59 73 72 88 51 76 61 81 78 32 29 66 70 65 59 58 37 73 73 49 46 74 84 53 52 35 37 62 63 39 45 58 35 53 46 56 81 79 50 65 67 89 83 62 50 70 86 53 64 67 25 44 43 50 57 57 61 76 36 78 43 55 71 59 32 32 71 25 38 51 46 58 69 36 69
74 68 58 89 72 55 87 46 65 36 84 78 66 62 88 89 81 84 61 88 85 61 77 66 69 87 59 75 77 75 72 68 65 44 62 84 89 91 69 64 71 85 58 38 77 70 68 74 67 92 67 73 56 66 88 53 77 55 80 90 62 78 60 65 76 74 78 57 62 93 86 74 73 77 87 79 71 70 84 73 71 83 84 62 58 53 66 66 63 68 57 68 73 43 70 67 81 63 63 79 61 75 70 81 77 92 50 75 46 56 83 86 71 57 86 47 57 71 65 93 62 51 58 53 66 69 69 71 85 77 79 54 80 68 75 78 79 63 87 54 85 78 86 67 66 78 65 64 73 73 65 64 77 58 63 80 70 79 70 78 69 90 84 66 65 90 52 82 76 80 88 91 75 83 66 92 59 85 67 79 71 90 69 78 88 69 62 76 48 58 85 90 64 49 87 94 59 81 81 82 47 68 83 78 71 86 46 80 80 61 87 96 43 89 78 79 63 72 93 88 71 80 70 60 82 71 57 83 71 64 75 61 77 88 91 41 83 88 95 46 75 82 84 89 81 93 73 63 63 73 74 72 73 72 63 77 67 75 66 87 62 75 67 66 88 87 91 66 72 84 78 68 63 65 70 71 77 80 79 77 80 83 83 83 49 79 34 41 86 87 87 86 43 64 92 87 80 54 85 68 44 79 63 64 65 50 66 83 76 73 60 59 83 64 58 71 26 86 89 66 75 63 72 97 85 63 72 73 74 35 88 93 90 77 85 45 81 73 76 71 39 79 69 34 97 84 93 58 70 76 90 84 80 83 75 73 79 52 68 73 52 55 79 67 71 81 86 65 67 54 87 58 69 77 72 64 72 66 88 71 75 70 50 84 71 95 58 42 75 85 69 84 66 78 81 56 67 59 84 63 65 72 50 80 65 85 70 93 76 61 59 75 73 85 94 66 55 72 74 76 60 64 87 67 46 66 80 85 89 65 77 77 82 81 64 58 78 77 69 64 78 55 80 75 60 49 78 90 70 54 36 65 65 67 50 80 66 68 55 49 73 82 88 52 73 69 90 87 77 70 80 96 57 66 70 27 51 47 54 59 68 66 79 41 84 74 73 72 80 32 37 75 26 43 84 63 66 79 42 84
80 86 67 92 76 61 91 50 69 61 86 91 79 78 95 90 97 94 77 97 87 62 90 71 93 94 96 81 79 95 74 74 85 67 63 90 96 94 83 73 84 90 64 50 79 83 88 81 72 93 79 79 66 71 90 58 77 71 93 95 71 91 61 83 84 89 93 57 84 97 89 75 90 83 88 81 93 76 84 83 81 84 87 89 73 71 80 72 95 68 81 76 83 68 97 93 84 65 83 88 67 91 81 88 94 92 59 88 64 88 91 95 92 61 87 53 60 79 87 93 72 64 63 72 79 84 77 73 86 77 83 61 87 86 84 80 81 71 99 77 95 86 92 76 82 88 73 75 87 83 75 69 79 65 70 85 74 80 96 89 70 93 92 72 66 91 86 82 80 82 89 93 77 97 77 94 71 93 75 91 81 93 77 86 96 76 71 90 66 59 85 96 82 66 94 98 65 86 82 83 72 85 95 90 75 88 91 82 82 84 90 98 63 91 82 83 67 80 97 98 97 91 78 80 90 81 58 86 86 74 76 67 84 89 95 48 96 90 99 76 87 88 89 91 86 95 89 72 86 74 91 92 99 92 86 87 69 97 85 88 67 76 81 82 91 95 99 69 93 86 80 86 92 86 75 90 87 96 82 78 85 85 86 94 75 88 53 88 92 95 89 88 81 82 96 92 88 57 95 85 79 91 69 70 71 73 88 83 82 86 80 65 87 73 70 92 26 87 89 67 82 86 75 99 88 68 73 74 84 41 89 98 95 82 93 62 82 76 87 78 88 85 85 70 98 90 99 85 75 89 98 91 82 87 78 75 80 64 89 82 75 74 90 67 75 83 91 94 81 66 90 63 89 84 81 85 76 87 90 76 79 75 77 89 81 95 99 49 85 89 74 94 69 84 86 63 85 100 84 79 79 98 56 91 86 94 77 93 84 82 69 88 80 86 96 72 55 90 88 91 74 81 94 70 65 96 86 97 93 87 87 85 85 85 70 67 78 79 70 87 82 77 88 86 79 75 90 92 73 89 83 84 90 70 55 88 78 73 87 57 75 90 91 72 87 72 92 95 86 78 81 98 73 71 86 42 77 62 65 64 90 81 81 51 91 78 82 93 95 64 41 81 33 71 89 70 79 88 50 85
80 99 92 93 82 66 94 89 74 87 95 92 86 88 100 100 100 97 82 100 93 96 100 82 96 100 97 86 95 99 80 98 85 73 65 93 99 97 92 90 90 97 66 100 95 85 89 84 73 96 95 93 72 98 99 77 95 79 96 100 74 98 72 100 87 92 100 76 97 97 96 88 99 87 89 100 97 98 92 90 94 86 88 90 85 92 99 74 99 83 92 98 94 90 100 98 84 95 93 100 68 99 91 99 95 94 75 97 64 90 94 100 94 87 93 68 80 85 96 97 76 93 97 97 99 91 85 76 94 90 87 77 93 91 85 88 93 99 100 96 95 92 97 87 94 100 83 83 94 95 94 72 82 77 97 87 86 84 99 96 79 100 97 98 94 95 87 94 92 84 98 99 86 98 100 99 93 98 86 96 85 98 85 91 98 91 92 92 72 66 89 97 86 86 94 100 85 97 100 89 95 86 99 91 89 95 100 95 82 95 95 100 71 97 93 97 78 93 98 100 98 95 80 89 90 97 80 91 89 96 98 93 95 93 97 84 98 91 100 83 88 92 96 99 94 99 99 80 94 78 96 94 100 95 90 91 97 98 94 89 72 96 85 100 97 100 99 92 98 98 85 88 94 91 88 93 89 98 92 85 100 93 100 100 91 100 80 89 97 97 98 88 91 95 96 95 92 78 97 100 84 99 77 100 78 83 89 94 91 100 85 99 92 84 90 97 56 98 91 90 100 99 77 100 100 77 78 81 90 65 91 100 99 96 98 85 97 80 89 88 94 89 94 76 98 95 99 92 89 94 100 92 88 88 94 91 83 71 89 90 80 97 94 80 80 94 93 99 88 89 91 79 98 93 99 94 94 100 90 98 94 80 82 100 88 97 100 98 90 99 90 100 80 92 100 89 97 100 89 81 85 99 83 96 87 96 89 98 89 86 100 92 96 86 97 73 94 92 100 96 78 87 95 85 74 97 98 100 94 90 97 86 89 95 72 82 89 100 94 92 86 93 90 91 88 77 92 95 84 98 88 93 92 98 100 95 79 84 94 96 77 97 92 74 95 100 94 97 89 96 97 100 97 91 91 57 92 76 79 69 100 88 86 61 99 79 91 95 99 80 88 97 61 91 89 89 91 94 55 92

86 90 70 62 67 49 73 12 91 47 67 24 25 84 51 48 50 16 80 95 38 73 3 13 74 63 33 58 22 97 54 81 87 34 23 16 9 36 95 98 2 31 29 22 75 43 66 27 44 34 30 35 86 35 27 52 16 6 44 88 46 18 42 55 37 95 15 20 53 48 40 86 31 59 78 91 48 65 23 30 41 83 55 29 57 59 55 77 41 41 96 1 29 57 46 52 81 30 60 67 89 8 58 58 33 18 48 42 85 83 6 70 93 34 74 90 26 65 89 98 96 19 59 39 11 8 20 30 100 65 86 81 34 82 15 38 61 92 46 2 29 16 15 22 59 26 74 62 55 36 88 18 47 91 74 11 52 57 58 71 86 67 37 17 64 5 74 59 53 80 69 95 61 31 15 16 41 97 27 78 43 3 24 13 88 37 53 50 35 34 56 95 84 32 28 100 12 92 55 40 80 63 81 4 30 82 11 16 94 64 50 57 80 19 52 2 76 72 91 52 61 94 91 1 2 97 11 23 78 45 14 77 58 68 91 26 71 97 56 40 10 40 29 88 74 17 58 59 58 10 63 4 61 54 9 22 95 18 8 88 54 66 41 91 15 6 53 68 88 78 20 81 89 13 21 18 88 16 52 77 19 88 52 81 1 42 85 23 64 10 28 39 74 25 51 86 94 16 96 55 28 71 2 42 88 99 83 64 56 75 91 94 53 58 52 95 94 24 78 47 65 36 46 57 44 56 75 51 11 17 45 55 27 93 24 58 76 64 50 68 75 33 95 9 15 78 66 95 40 45 15 84 33 85 38 41 21 4 16 36 69 77 72 68 73 31 94 15 29 68 6 58 38 89 75 87 18 86 47 94 82 99 83 51 95 16 30 51 66 91 62 65 9 14 73 88 70 15 92 94 3 29 63 68 79 32 89 99 73 66 20 78 25 27 43 37 10 40 84 24 1 54 42 1 63 30 94 76 34 88 19 15 53 70 36 27 63 40 56 11 41 84 85 11 44 89 26 94 67 90 30 58 25 75 3 48 57 66 61 24 8 61 39 20 93 2 99 64 76 89 76 38 91 84 4 31 29 20 79 64 54 35 22 39 90 15 2 87 1 84 13 53 50 31 83 9 80 8 94 64

328 836 428 904 245 3779 486 759 268 299 460 253 880 421 447 650 435 497 129 181 239 1075 416 853 185 517 209 199 1193 1038 166 97 1149 190 1801 711 394 954 125 269 324 48 814 883 1691 392 567 91 179 112 324 253 338 146 407 140 142 811 517 150 138 1600 460 600 2056 688 116 2644 1260 257 189 319 862 788 1799 1024 157 844 498 278 431 932 270 487 358 114 2511 281 89 288 455 117 163 325 300 742 351 763 500 770 154 1229 201 331 847 888 917 55 836 1380 843 157 1035 586 184 444 304 1910 532 65 281 370 287 447 473 218 327 1265 866 112 468 292 393 877 609 470 475 326 902 1832 2995 491 118 643 2562 282 108 1573 492 205 70 153 997 393 915 246 469 123 4487 22 2050 157 22 322 384 553 768 300 1460 4585 76 88 211 181 1730 201 114 267 361 526 334 363 464 220 3433 974 823 365 214 101 1159 224 1465 1180 139 236 1903 271 516 276 124 1153 184 617 205 548 103 41 656 1364 2544 290 109 83 561 181 81 423 2493 803 126 1961 1195 265 1394 1508 239 695 92 629 288 818 178 828 435 236 956 689 354 531 325 1877 452 202 189 538 3833 294 1099 246 485 367 256 120 2692 512 171 157 148 189 424 966 439 962 178 185 255 1207 452 333 440 92 188 334 920 3529 505 237 310 79 276 602 358 468 536 104 158 1677 211 86 811 930 1981 1224 400 601 82 217 530 945 70 187 57 173 819 465 160 495 91 355 309 336 108 147 775 795 1346 188 191 234 204 1179 825 954 809 697 128 397 270 3300 55 30 719 451 507 347 359 119 3064 53 483 932 240 115 106 1809 1647 183 1344 12 529 186 321 261 1336 129 463 74 1077 422 55 104 1450 198 477 436 595 1536 2035 408 310 1973 371 489 130 207 209 55 214 550 101 1254 624 423 545 84 997 329 111 371 740 159 679 449 174 262 751 216 134 312 54 646 1264 1707 726 2493 381 151 832 173 310 268 86 1103 1190 153 382 932 659 56 1931 781 382 779 737 2627 484 174 887 285 162 814 115 492 172 872 1306 119 1518 1217 708 1699 793 305 1022 377 67 1598 354 89 2620 1481 601 137 182 1079 1388 127 130 261 1136 34 797 347 508 466 1130 527 461 894 988 111 153 1228 778 534 111 340 334 494 487 83 947 258 172 201 354 238 308 586 462 1157 262 770 214 132 575 175 599 79
1399 836 2857 1295 525 4976 598 1043 453 417 2616 274 1093 960 611 653 773 533 251 285 404 2043 508 1162 310 1841 313 2890 1582 2094 1730 584 1835 509 2820 1143 492 2919 146 1896 669 716 1119 1202 2178 1257 1013 324 686 132 483 339 568 416 444 389 703 815 1026 905 161 1908 560 777 2941 987 144 3222 1954 269 788 333 1453 1450 1824 1318 942 1009 2304 468 549 1511 369 559 405 936 2981 560 358 706 800 189 1892 636 464 787 401 1265 738 1526 166 1924 286 2093 1675 1831 1429 2670 1862 1947 1946 307 3296 1796 213 697 565 3817 2295 736 508 637 606 1120 1026 387 735 1483 1200 3940 587 1051 1027 997 911 1135 655 1138 1368 1989 3262 613 210 3547 4216 563 299 2150 1422 446 735 727 1122 434 1359 349 1256 1146 6224 2055 2185 485 969 642 422 685 1107 564 2211 5140 392 908 302 846 3442 3499 131 1505 1460 2308 933 685 519 1365 3807 1104 1413 468 694 1241 5152 645 3797 4599 335 349 2631 410 830 839 871 1550 389 678 381 717 1401 356 1043 3222 2865 811 618 405 747 1325 1815 520 3291 1128 144 2341 1478 2542 1626 1695 333 723 222 1625 400 1464 341 1261 760 670 1132 3516 733 599 540 2191 1736 2506 567 1633 4051 417 1149 830 1077 951 411 245 3828 642 212 1075 912 398 963 1603 881 1074 870 3292 635 1470 1240 1686 596 266 980 652 1005 3924 923 328 1283 1475 528 873 367 643 738 490 362 2645 1858 469 3802 1189 2932 1551 775 766 515 324 856 2975 450 469 776 1605 2982 598 745 1572 145 411 1164 351 242 290 1064 1138 1640 313 796 252 696 1649 2482 1652 2251 849 203 863 338 3568 1232 845 813 1304 529 2105 642 738 5161 513 1015 977 365 720 356 2191 3868 281 1619 19 1041 271 1250 959 1905 741 1469 1287 2935 1171 390 483 1999 865 907 1760 1742 2536 2212 594 342 5725 3418 745 346 784 740 529 637 555 325 2094 928 724 821 418 1101 757 471 1038 3141 584 2058 1140 179 1908 940 316 979 1197 229 1021 1521 2281 798 2691 1461 320 1594 223 722 324 498 1124 2775 579 1160 1734 1345 3240 1981 1203 3757 2595 4639 2979 2448 872 3274 429 377 2568 196 626 201 884 3356 559 2233 1497 972 2619 1513 425 2004 1158 440 2202 472 2704 4115 1647 963 621 1717 1572 1708 358 342 603 1602 68 2967 586 632 1350 1249 974 593 1117 2393 452 378 1236 2295 595 212 474 647 831 2035 236 1009 894 357 484 696 549 699 872 650 1238 798 886 1124 231 640 459 2082 2145
1408 2330 4458 2866 604 5754 988 1422 2111 838 4902 404 1391 1461 997 775 2261 1349 497 1381 526 2425 3316 1848 377 1963 368 5187 3453 2848 2537 2065 2175 1172 5767 1736 2297 2932 444 2350 848 741 1236 1599 2191 1880 1203 1574 856 412 497 715 649 974 599 968 1388 1041 1142 1092 259 2254 1186 1064 3462 2242 235 3245 4960 769 1299 406 2083 1533 2066 1926 1139 1187 2651 744 1522 2285 518 742 767 1143 3689 1571 1201 1469 1039 3099 2782 677 489 938 599 1478 807 2341 300 2625 535 3001 3998 2609 1527 2895 2291 2868 2540 538 4567 4627 361 1475 898 4581 2832 741 787 967 812 2091 1125 815 809 1575 1235 4128 1215 1201 1079 1253 1370 1192 1058 1209 1456 2503 3657 644 422 5155 4460 716 1036 2506 1657 560 802 1444 1140 890 1650 1032 1640 1211 6507 2381 2251 940 1433 666 1327 1146 1566 1291 2356 5199 2331 2802 567 975 3465 4315 279 3132 1852 2510 1045 1385 532 2093 5645 1396 1466 1157 772 1658 6046 685 3974 5291 403 703 3877 569 865 1170 894 2660 793 802 486 1202 1712 405 1053 3373 3041 1092 937 679 1160 1810 3316 1166 3294 2456 413 4161 1917 2878 1741 1970 1564 1737 492 1938 1161 2303 713 1477 917 1404 2070 4672 2500 1354 1414 4288 1810 4027 949 2258 4769 703 2484 924 1459 1523 472 1540 3882 643 304 1157 1020 620 1696 1847 1862 2370 1319 3495 872 1473 1661 3172 1452 405 1015 918 1224 5280 3620 622 1480 1568 533 905 718 815 873 609 659 3118 2355 1324 4972 1298 3088 1764 1319 1084 699 429 866 3234 1522 579 2154 2590 3279 1123 950 4859 410 445 1247 363 618 293 1183 1370 2311 1540 1372 386 888 3298 2533 2324 2449 1171 250 920 1347 3869 1292 948 960 2001 3103 2602 651 3011 6103 1288 1408 1088 953 964 710 2871 3981 659 2305 101 1225 328 1825 984 2303 1603 1832 1779 3380 1428 1158 1706 2445 1240 1209 1905 2012 3848 2270 947 1073 5932 3788 2908 499 2120 770 1289 1687 2404 1152 2859 1934 1148 848 1119 1249 1280 2985 1363 6025 750 2592 2387 212 6145 1010 2349 1280 1303 291 1124 2510 2463 981 3423 1966 499 2810 616 1873 868 671 2481 3513 1076 1438 1855 2057 5302 2553 1218 3829 2618 5476 3457 2973 1050 3666 547 565 3439 560 771 974 1286 3509 1367 4284 5371 1002 2740 2177 607 2387 3129 997 3720 718 2837 4602 4890 1926 701 4219 1629 2280 894 449 692 2751 984 3306 586 1063 2088 1785 1015 647 1190 3617 803 411 1902 2551 762 1501 622 942 860 2116 278 1323 937 577 998 846 1324 1532 1348 846 1792 1015 952 2886 505 1013 2897 2344 2324
1488 3152 5464 2886 953 6172 1065 1703 3409 1648 5471 788 1617 1757 1115 878 2886 1826 621 1596 818 2593 7779 3208 559 2445 912 7341 4587 3621 4612 2820 3498 2108 8001 2658 3640 3059 1616 2827 994 822 1390 2799 2453 1930 1349 1732 886 908 827 808 1192 988 613 1035 2575 1058 1276 1291 472 3304 1754 1131 3866 3562 268 3340 5094 769 1610 969 2291 3250 3756 2582 1214 1543 3380 816 1887 3575 529 1047 811 3245 3980 1964 5087 1732 1795 3389 3019 707 690 1075 718 1539 998 3414 925 2763 699 4377 6504 2844 4351 2917 2925 3531 4784 1582 4806 5065 437 1596 1201 5014 2994 822 940 1067 1088 2679 2600 862 818 3833 1395 8437 1872 1431 1220 1574 1940 2266 1390 1822 2669 2785 4305 683 1459 5266 5723 1032 1188 3842 2176 1181 1184 1758 1624 1234 2509 1189 1704 1339 7071 2464 3839 965 2888 1068 1626 2798 1789 1765 2703 6663 3319 3293 1439 1098 3964 5969 848 3484 4854 3208 1419 1415 711 2160 5939 1421 1719 1366 1576 1685 7013 859 6033 5416 488 1865 5085 882 988 1497 1532 2672 809 1123 1392 1558 3467 567 1112 3452 3614 5892 1527 1051 2369 3684 3871 1378 4428 2943 607 4321 3296 3414 1843 2052 1681 2096 552 2580 1241 3156 724 3061 982 1419 2786 5843 2899 2529 2570 5221 2651 4398 1560 2359 5488 1017 3339 1763 2318 2450 567 3133 5391 902 384 1191 1607 855 2912 2231 1977 3517 4652 5143 963 1501 2484 3185 1664 1263 1449 973 1453 5751 3819 801 1549 2989 680 1181 1173 844 1629 689 989 3244 4135 1561 6351 1576 3830 1955 1590 1099 1081 687 1185 3652 3817 1649 3780 3722 3896 1517 1003 6345 915 556 1444 685 696 1143 1464 2294 2915 1635 1524 1653 988 3632 3658 3042 2786 1427 463 1617 1473 4212 1613 979 1030 2914 4543 2967 2832 3069 6284 1352 1624 1733 1374 1015 779 4539 5383 903 2342 594 1755 444 2443 2117 2852 2815 2140 2406 3613 1792 2043 2475 5195 1301 1555 2205 2467 5763 2740 1051 1156 5948 4455 3119 730 2275 976 1812 1870 2885 1310 4074 2323 1430 1164 1305 8092 2607 3316 1479 6237 927 3684 3370 334 6174 1129 3356 1676 1586 512 1343 3763 2618 2004 3477 2661 524 3121 965 3017 872 1178 3085 4191 3747 2214 3771 3061 6273 3028 1426 6174 3931 6344 4093 5722 1106 5431 615 612 7752 848 1579 1777 1376 3682 1522 4730 5803 1246 3582 3790 723 2720 3765 1158 4836 776 6187 5171 5001 5263 853 5030 1839 2828 1547 525 807 3541 1367 3842 1144 2020 2090 1875 1214 1635 2693 4375 1249 1091 2374 2633 1253 1510 966 958 2037 2796 1423 1785 1196 783 1319 1965 1496 1637 2419 1281 2175 1029 1053 3038 726 1017 2936 2431 2471
2378 3242 6787 4181 1629 6980 1073 2558 3449 2439 5795 1013 2011 2443 1523 940 3037 2170 1668 1764 1286 2730 8598 4228 706 2569 1018 7424 5290 4473 4734 3978 5772 2649 8023 3239 3945 3526 2251 2894 1706 1462 1601 3059 2732 2270 1909 2433 890 1298 849 893 1810 1321 2278 1614 2775 1228 1361 1478 955 3494 1911 1244 3922 3785 551 3454 5861 869 1978 2836 2520 3331 3757 3498 1685 2054 3413 1538 2614 6934 532 1200 1233 3774 4502 2335 5145 1771 2278 3690 3645 1163 1601 1358 770 1765 1113 3635 2324 3265 1392 4695 7833 4984 4531 3640 4189 5654 7038 2182 5997 5715 588 1767 1256 5876 4991 991 975 1884 1268 2905 3165 1051 923 3986 1556 8503 2076 1477 1731 2157 2352 2420 2031 1828 2944 3516 4740 1391 1781 6134 6173 1857 1275 4160 3542 1393 1195 2083 1645 1650 3227 1335 1762 1741 7124 2560 4767 978 3051 1145 4324 2894 1838 1780 3031 7058 4508 5468 1483 1518 4053 6499 1021 4679 4969 3325 1548 2067 1121 2306 5946 1887 1883 1424 2000 1748 7107 1043 6071 6859 493 1973 5241 895 2125 1612 1608 3217 1068 1146 1644 1703 3595 914 1195 4281 4138 7259 1913 1934 6671 3701 4022 1570 5229 3569 1192 4593 3471 3482 2395 2494 1975 2291 556 4832 2105 3631 1194 3073 1034 2043 5715 8047 3729 2597 3273 6080 2701 4725 2046 3014 5932 1181 3465 3083 4474 2761 615 4047 5465 1557 923 1273 4027 1076 2922 2567 2029 3676 5047 5324 1293 2538 2904 3936 1832 1814 1517 1712 1604 6296 4073 865 1674 3349 950 1198 1243 6556 1980 1305 1196 3433 4382 1586 7361 2030 5240 2347 1827 1149 1326 714 1793 3730 6497 1802 4392 3795 6037 1993 1109 7944 932 1402 1734 884 1037 1279 1569 3050 5350 2158 1536 3804 1568 4119 7161 3889 3839 4189 1544 1970 1509 5028 2256 1761 1126 3033 7139 3174 3333 3160 6504 3389 1880 1886 1450 1218 1577 5914 5578 1182 2636 821 3009 491 3042 2348 3074 3433 2564 3201 4791 1851 2437 3034 5458 1445 1872 4857 2693 6307 3277 1053 1163 5986 4466 3691 906 3481 980 2806 1883 3441 3320 4109 3399 2799 1510 1375 8860 2623 3740 1695 7664 979 3886 3465 498 6437 1181 3855 1972 1923 1034 1388 4373 2783 4990 3626 2741 1492 3206 1246 3091 1380 1411 4872 4805 5015 2900 3858 3165 7533 3294 2354 6527 4854 6509 4515 5766 1879 6030 624 761 8429 1024 1600 1876 1501 3710 3466 6987 6124 1269 4146 4334 961 3239 3995 1329 8398 832 6292 7237 6075 7324 1208 5503 1921 3307 2029 966 923 4416 3338 5849 1697 2244 2961 2059 1218 2533 2761 4745 1736 1209 2460 3102 1611 1686 996 1953 2175 4254 1562 3308 1347 785 1349 2034 2023 1863 4056 1353 3610 1036 1238 5399 900 1243 3042 3081 3542
2884 3741 7652 5468 2042 8185 1331 3998 4083 2516 5868 1086 3355 3327 2025 1450 3480 2276 1734 2544 2095 2857 8707 5725 785 3575 1126 7492 6135 4699 7774 7358 7555 2907 8306 4524 6345 3741 2346 3227 1892 1698 2209 3186 2872 3519 1913 3488 1030 1638 1069 1717 1921 1742 2579 2160 2974 1589 1392 2022 1481 5297 2248 1288 3976 4213 1200 3522 6650 1007 2166 2949 2754 3526 5444 4238 1807 2947 3428 1734 3933 8909 878 1570 1376 4495 6676 2909 5211 2152 3305 6030 4205 1452 1691 1587 982 2470 1598 3664 2726 3860 1766 4886 7934 5903 6175 4351 5869 7234 8923 2531 6464 6354 1404 2203 1301 6858 5876 1251 1037 2924 1880 2959 3739 1176 1585 4241 1941 9032 2335 1661 2087 3253 3650 2528 2996 2850 3763 4132 6783 1725 1894 6904 6967 1999 1657 5222 7062 1606 1227 2111 1649 1677 3228 1549 1831 1832 7788 3206 5070 1595 3354 2041 4868 3004 1961 2005 3408 7298 4918 6298 1516 1563 6397 7131 1233 6158 5913 4213 1980 2250 1157 2979 6058 1928 1885 1780 2804 1840 8918 1365 6479 6887 630 2495 6927 1471 2166 2940 1810 4137 1082 1182 1896 1775 4368 1248 1699 4307 4933 7874 2106 2324 8030 4784 5866 1939 5288 3652 1248 4690 3821 4016 3054 3586 2992 3163 1051 6046 2427 6539 1410 3280 1129 2058 6903 8096 4093 3513 3533 6895 3216 6130 2698 3191 5932 1192 3568 4554 6542 2852 1086 5682 6888 1658 1148 1376 5957 1474 3314 2583 2233 4462 5581 5861 1571 2893 4068 6263 2179 2423 1637 1811 1782 7668 4137 1165 1923 3636 981 1719 1527 7979 2728 1670 1213 3633 4523 1896 7830 3655 6417 3143 1867 1621 1521 1331 1884 3792 7403 1951 8365 4196 7185 2149 1416 8067 1061 1727 1958 1472 1134 1769 1597 3178 6330 2389 1677 3859 2166 4144 8260 4349 3980 4306 1701 2182 1754 6014 2587 1794 1247 3037 7529 3542 3674 3822 7335 3747 2018 1910 1779 1541 1591 7028 6611 1455 3121 1437 3756 677 3092 2672 3124 3556 2621 3626 4903 2039 2619 3465 6201 1853 1893 5211 3720 6444 3805 1117 2038 8262 4766 5925 2077 4024 1599 2876 1974 3443 3773 4240 3777 3120 1593 1431 9536 2885 3940 3186 8783 1600 4576 3508 527 6917 2116 4088 2657 2224 1168 1901 5517 3606 5184 3692 3102 1511 3881 2015 7020 2112 1836 6447 4839 5382 3230 4554 4819 7724 3552 3948 6558 5374 8238 4731 6985 2217 6434 915 845 8724 1147 1627 2235 1722 3909 3573 7113 7735 1292 4235 5034 1105 3879 4546 1898 8741 1254 7948 7976 6575 8005 1211 6148 2854 3618 2106 1172 985 5118 3356 6724 2327 2262 5711 2204 1821 2652 3406 5153 1838 1493 3068 3789 1863 1842 1319 2344 3876 4324 1653 3491 1463 1623 1615 2450 2027 3150 4134 1363 4763 1457 1965 5584 1620 1328 3555 3532 5264
4055 3895 7698 6582 2357 8204 1607 4061 4297 3180 6370 2247 3676 4195 2284 1517 3561 2818 2242 2792 2464 2923 9169 6145 1703 4030 1261 8287 6228 5270 8286 7700 8646 3069 8345 4589 8874 3781 3473 3629 1962 1853 2241 3632 3362 3710 2113 4546 2011 2031 1435 1870 1999 1890 2599 2798 3334 2336 1732 2418 1565 6194 2722 1388 4026 4613 1650 4350 6690 1312 2248 2997 3090 4349 5995 4387 2263 3181 3498 3002 4022 9086 1720 1873 2304 6331 9012 2923 5602 2510 4282 6448 4732 1940 1971 1863 1989 2683 1694 4399 3290 4051 1958 5992 8518 6854 6753 6225 6356 7673 9281 3213 7655 8371 2388 3149 1752 7021 6103 1638 1178 3459 2072 4299 3866 1343 1700 4263 1942 9116 2904 2142 2324 3918 3656 3733 3243 2854 3894 4306 7100 1881 1989 7483 7331 3096 1765 5814 7449 1651 1500 2423 1899 1796 3284 1645 2199 1943 9017 3538 5135 1600 7092 2145 6620 3250 1996 2048 3737 7617 5582 6371 1699 2124 6718 7473 1776 6559 6195 4369 3206 3369 1565 3128 6926 2400 1937 2069 2896 2677 9034 1771 6575 7833 1229 3199 8072 2035 2823 3548 2079 4224 2231 1740 2251 1867 7829 1531 1732 4547 5844 7882 2234 3967 9291 7800 8924 3205 6232 4605 3093 4703 3849 4396 3332 4219 3950 4364 1169 7827 3757 8269 1523 3356 1358 2129 9257 9085 4205 5845 8341 8111 3569 6692 3327 3831 8112 1371 3811 5466 6633 3942 1427 7646 8972 1825 1172 1482 6616 1825 3378 2638 7501 7595 6247 6519 1847 3276 4329 7267 2299 2775 1920 2166 1972 9215 6506 1203 1977 3930 1075 1762 1624 9637 4107 1678 1328 3659 4893 2235 9162 4067 7747 3853 2087 2765 1705 1520 2500 4588 8194 2271 8689 6866 7779 2220 1874 8409 1430 2016 2135 1478 1738 2083 1865 3597 8511 2793 1762 3999 2225 5491 8882 5053 5145 6291 1854 2232 2349 6322 3415 2068 1339 3116 8100 3705 4174 4038 8092 3967 2042 1937 2345 1790 1633 7472 6773 1543 3783 1601 4321 1287 3164 2985 3233 3917 3985 5825 6586 2169 3394 4405 7895 1857 2004 5434 3832 8931 4167 1289 2081 8864 5684 6138 4491 4042 1674 4012 2111 3817 4620 4385 5031 3969 2065 1520 9854 4360 7277 4318 9428 1806 4740 3758 1752 7091 3014 4177 3372 2345 1214 1977 6845 4384 5236 4081 3171 2070 4396 2086 7908 2182 1977 7376 5651 7341 3900 5366 4953 9504 3738 4041 7061 5500 8441 5340 8465 2322 6660 2011 1170 8894 1214 1851 2367 1898 4070 4846 7870 9123 1699 7202 8688 1680 4338 8090 1957 9054 2036 8045 8163 6778 8946 1791 8725 4258 3619 2175 1485 1510 5200 3437 8124 3416 2271 8066 2859 1825 3924 3435 5398 1905 1827 3371 4136 2039 2259 1628 2917 7132 4442 1803 4329 2033 1643 2019 3398 2164 3648 4204 1553 6245 1645 2022 5843 1657 2023 4280 3886 5322
4714 4092 8047 7978 2453 8820 1727 4230 4316 4622 8602 2306 4003 4206 2365 1720 3996 3230 2913 2833 2541 3511 9261 6796 2051 4299 2379 9891 6512 6724 8929 8027 9644 3914 9837 4775 9529 3952 4176 4584 2157 1924 2397 3693 3802 4624 2327 4547 2232 2336 1626 2006 2013 2127 4067 3075 4026 2882 1758 2454 1687 7299 3849 1675 4688 4813 2258 4575 7749 1439 2415 4276 3402 4477 7185 4448 2267 4291 4347 3584 4477 9561 2008 2123 2400 9078 9750 3839 8694 2814 4742 6915 4918 1970 2038 1938 2135 2958 2038 8210 3544 4535 2152 6061 8772 7870 6770 6561 8477 8508 9666 4013 8587 9359 3599 4111 2056 8534 7554 1644 2195 3472 2165 4616 4303 1525 1704 4724 2185 9466 3278 3620 2325 4301 3861 4421 3651 3959 4194 4592 8639 1937 2489 8072 7556 3322 2225 6896 7780 4675 1858 2457 2306 1816 3290 1773 2220 2021 9063 4246 6626 1613 7557 2378 7800 3678 2146 2279 4421 8905 8639 7200 1801 2189 8498 8955 1812 6700 6959 4772 3864 3449 1594 3399 8351 2451 2095 2089 3216 2747 9236 2089 8379 9197 1357 3997 8715 2189 3452 4091 2126 5448 2447 2309 2321 2267 8648 2259 2290 4688 7044 8905 2397 4074 9858 8389 9702 3607 8923 4705 3552 5615 3924 4646 4182 4636 4538 4392 1357 9199 4401 9685 1672 3360 1932 2707 9615 9772 4442 8608 8424 8899 3739 6696 3535 4246 8300 1536 3885 5826 7235 4727 1452 8050 9024 2047 1546 2079 7636 1929 3979 3944 8367 8904 8675 7021 2010 3771 4409 9775 2316 3000 2225 2397 2746 9772 9062 1280 2176 4571 1140 2485 2245 9946 4864 1712 1354 4206 5364 2283 9760 4302 8539 4165 2225 3487 1965 1544 3686 4763 8592 2746 8885 7129 7781 2378 2477 8717 2300 2063 2281 2191 1920 2109 1931 4166 9658 3815 1904 4023 2396 5785 9623 6075 6527 6589 2407 2246 2389 8563 3436 2188 1630 3491 8377 3811 5078 4288 8896 4122 2528 1981 2365 2242 1677 7628 6781 1664 4609 1873 4673 1466 4199 3800 4286 6449 4257 8433 6751 2570 3779 4427 8945 1935 2142 8322 4901 9773 4332 1408 2125 9054 8657 7907 4837 4534 2411 4040 2319 4172 4646 7492 5787 4048 2085 1832 9922 4511 8073 4509 9958 2069 5097 4445 1775 7715 4353 4459 3540 2362 2207 2233 7936 4519 8056 4522 4444 2124 4791 2297 9130 2194 2438 7674 9031 7912 4606 6924 5488 9900 4146 4759 7737 6759 8528 8818 8826 2361 9092 2240 1203 9350 1558 1870 2378 2404 4436 9465 8061 9288 3061 7284 8750 1854 4357 8485 2257 9449 2235 8679 9644 6790 8990 1937 8956 4388 3808 4319 2145 1765 5817 3725 8497 3789 2273 8330 3285 2063 4426 4164 6808 2263 2087 4826 4396 2198 2386 2138 3060 7476 4901 2004 4377 2348 2229 2117 4376 2349 3750 4236 1681 7910 1826 2297 6087 1909 2047 4369 4032 7244
4982 4774 8404 8134 2495 9334 1742 4283 4634 4643 9584 2485 4401 4893 2400 2204 4167 3851 2936 4559 2547 4676 9383 9741 2072 4755 2563 9914 8926 6805 9197 9249 9930 4426 9867 4792 10028 4938 4465 4846 2488 2392 2471 4665 4902 4718 2481 5011 2534 2384 2521 2231 2251 2408 4577 4005 4398 4033 1991 2508 1976 8726 4435 2268 4980 5055 2477 4904 9688 2002 2953 4940 4105 4623 7237 4827 2307 4638 4434 3976 5009 9803 2380 2427 2552 9970 10028 4183 9845 3653 4842 7855 5054 2270 2097 2520 2513 4301 2337 9689 4588 4878 2514 9234 8849 8527 7681 7868 9907 9325 9857 4899 9013 9384 5082 4514 2343 8822 9815 2474 2540 4773 2433 4620 4323 1727 1704 4863 2322 9546 5037 4057 2399 4429 4686 4680 4920 4519 4434 4908 10061 2418 2530 8267 8328 4438 2230 8883 8741 4736 2232 2498 2493 1893 3984 2286 2408 2266 9086 4256 7867 1737 9433 2534 8563 4257 2506 2431 4777 9752 9262 8022 2060 2493 9839 9497 2250 7500 9115 4784 3971 4898 2291 4540 8640 2475 2498 2515 4271 3738 9236 2504 9131 9297 2325 4665 8989 2537 3797 4369 2424 5483 2546 2318 2393 2486 8896 2275 2487 4694 7530 9151 2537 4802 9962 9067 9897 5053 8993 5071 4409 8017 4993 4735 4468 4847 4646 4720 2307 9743 4522 9753 1931 5077 2250 4381 9904 9920 4855 8636 8817 8971 4058 9210 3878 4936 8960 2560 4047 7407 8649 4958 2453 8165 9989 2114 2242 2272 7849 1964 4846 4536 9258 9268 9863 8366 2054 4066 4722 9940 2540 3831 2297 2444 4443 10085 9315 2559 2209 4761 1719 4252 2361 10071 7620 2022 1623 4406 9686 2445 9936 4988 8869 4679 2300 4441 2214 1735 3932 4968 8942 3807 9408 8803 9834 2394 2496 8826 2505 2518 2396 2534 1953 2513 2025 4613 9774 4275 1929 4215 2446 7108 9761 8724 9476 8488 2726 2351 2396 9363 4118 2463 1920 3502 8617 4839 8694 4342 9321 4175 4797 2163 2416 2257 1994 9576 10042 2292 4686 1882 4798 1702 4394 4232 4820 7552 4296 9646 9616 3589 4992 4450 9564 2416 2471 9652 4990 10014 4527 1840 2285 9347 10007 9131 4894 5022 2431 4793 2430 4238 4828 8938 9680 4348 2228 2084 10057 4992 9484 4750 10005 2471 6949 4836 1887 9511 4559 4930 4900 2521 2211 2402 9136 4989 8765 4683 4573 2341 4795 2576 9426 2297 2530 7899 9448 8854 8006 8693 9021 9922 4991 4998 8853 8080 8693 8976 9569 2398 9444 2406 2128 9805 1718 2259 4549 2596 4493 9779 9769 9524 3721 7443 9676 2542 4730 9780 2336 10000 2398 9314 9704 8121 9177 2375 9372 4597 4973 4966 2185 1967 9205 4208 9276 4777 2437 8869 4942 2299 4572 5033 6899 2432 2428 5012 4516 2344 2522 2452 4776 8398 4926 2052 4933 2433 2394 2345 4504 2520 3823 4901 2118 9990 2049 2445 8576 1997 2387 4466 4533 8930

64 321 407 819 39 2086 286 480 223 100 217 196 542 171 269 544 115 202 52 56 110 661 68 708 37 90 23 73 1047 45 4 92 521 15 1061 308 270 51 31 123 310 9 645 137 314 291 188 68 18 17 174 166 55 87 267 125 135 440 69 1 84 182 251 9 672 382 57 367 208 11 62 57 541 687 1610 689 10 545 70 161 169 641 201 300 41 81 1928 220 13 14 223 17 94 62 265 51 346 578 161 272 10 164 35 181 440 455 316 53 803 788 138 19 647 6 129 333 140 159 55 19 116 293 106 267 327 96 146 304 257 15 236 35 27 30 67 234 227 60 14 1267 1795 156 103 396 2121 255 83 169 15 185 36 21 655 196 354 67 128 89 1870 3 1308 15 6 266 376 215 543 141 1110 3707 5 73 164 120 453 77 19 20 208 374 281 277 15 93 2990 607 96 100 10 69 1108 119 1446 364 127 110 1769 137 290 252 118 332 111 62 61 187 9 35 280 1138 1675 228 29 71 351 100 33 218 2207 142 54 672 573 259 112 450 116 578 78 140 123 299 71 43 320 163 336 105 304 460 212 162 411 25 14 224 1632 51 72 3 402 350 236 40 270 327 156 64 82 174 395 831 407 386 99 172 174 1029 282 29 58 80 44 186 413 3430 388 220 137 42 90 507 116 105 77 34 129 532 30 66 406 116 1442 99 306 166 1 165 212 416 56 39 11 4 817 185 76 137 56 37 216 237 74 141 15 759 338 119 78 231 104 716 593 550 226 634 92 93 192 691 27 18 413 29 268 217 86 28 2464 34 354 275 19 4 43 220 662 79 1085 1 277 36 75 77 498 25 108 70 263 286 39 95 21 157 275 340 442 816 1265 310 101 319 125 473 128 195 151 27 147 33 45 843 583 289 277 48 121 139 65 370 137 45 124 65 138 222 97 190 50 128 35 553 1236 597 520 155 14 57 248 13 188 20 40 1014 670 26 372 681 538 11 743 376 185 626 520 194 132 154 216 134 4 397 64 189 62 528 1273 64 577 1179 568 1090 357 63 762 149 8 631 81 41 2448 1467 391 7 154 357 657 6 104 91 347 18 710 114 357 109 1063 259 238 159 4 90 149 769 319 130 110 30 38 392 139 48 412 204 105 16 48 131 137 270 296 870 139 310 29 26 187 111 485 52
