500 9 1
69 100 87 76 93 73 45 58 7 88 76 40 65 85 12 47 46 10 85 14 49 34 11 43 47 88 68 49 48 62 40 27 98 92 26 96 88 86 96 60 14 94 2 87 65 32 97 44 57 25 92 39 91 95 42 59 31 87 68 30 69 81 33 76 99 44 35 41 35 70 18 54 40 62 64 82 42 16 37 41 5 28 70 94 16 4 72 64 10 3 19 98 2 48 88 98 1 78 32 64 4 57 67 45 29 7 47 76 56 23 67 15 66 29 87 33 1 86 60 89 15 51 59 90 25 41 37 86 27 56 25 41 79 31 30 35 14 88 78 70 58 19 7 83 87 75 56 88 84 76 83 24 93 78 37 8 90 22 96 82 99 53 40 46 67 90 6 69 47 59 82 75 80 55 87 80 13 80 52 93 61 34 53 3 33 32 6 29 97 37 26 57 63 36 71 40 34 84 30 98 65 5 17 24 86 73 40 87 20 17 4 74 96 11 47 44 55 53 33 63 49 51 96 35 51 12 36 15 48 5 75 23 39 4 91 57 14 59 44 36 86 25 88 70 2 44 72 60 49 15 20 7 97 95 7 71 50 46 61 41 45 41 69 13 95 14 95 62 6 30 40 61 12 60 2 8 72 89 39 62 45 79 84 65 26 8 65 82 10 79 39 43 42 13 15 76 52 56 65 77 98 4 88 4 77 53 36 69 71 59 57 93 90 22 8 35 43 15 49 48 10 3 16 98 60 93 35 25 40 26 14 75 24 69 43 86 91 72 46 8 81 27 4 63 72 17 100 34 63 32 77 20 14 48 78 66 63 50 55 79 90 98 35 85 62 28 20 28 12 27 46 4 57 72 47 49 82 22 99 67 86 5 60 21 66 96 75 59 63 76 13 74 76 20 39 74 59 17 1 95 25 15 25 84 34 26 71 88 7 28 67 92 51 7 3 42 78 69 61 18 49 76 91 35 55 68 76 40 41 19 12 47 8 27 29 34 40 97 17 34 53 57 15 28 85 49 21 23 66 39 98 77 41 25 35 8 37 79 100 32 35 29 63 20 32 90 94 44 62 28 53 51 13 84 82 54 32 11 90 44 26 82 33 32 69 38 42 12 68 72 4 37 32 48 18 26 29 21 16 95

19 8 15 3 2 9 1 1 3 10 2 17 8 5 3 1 3 3 14 9 2 5 2 2 4 4 15 7 8 1 5 23 5 3 7 1 2 12 16 1 10 11 9 22 21 11 4 7 1 2 2 2 4 5 10 14 12 4 31 4 2 7 8 2 3 2 7 4 23 3 12 8 9 19 8 4 30 11 5 4 14 5 1 12 1 11 11 4 27 3 6 6 12 17 8 3 3 1 4 1 12 4 5 25 22 13 3 6 7 14 5 14 20 12 4 46 8 23 7 23 11 1 10 17 3 9 14 9 5 1 12 2 11 14 4 13 8 5 10 23 6 7 6 21 52 3 1 23 3 3 5 13 9 26 1 5 32 16 6 7 17 33 23 2 1 2 26 1 3 7 27 2 1 5 22 24 5 38 4 29 4 3 6 7 3 17 1 15 25 29 3 20 5 4 28 8 24 3 9 1 7 6 7 7 30 10 6 28 10 8 5 13 18 2 11 19 8 3 17 22 1 5 6 11 2 10 2 16 2 27 10 12 21 2 19 2 1 10 13 1 6 5 9 1 1 4 14 5 10 21 15 2 4 21 8 21 7 8 2 17 9 2 3 3 2 9 17 11 4 1 8 13 15 2 1 3 5 4 19 13 3 42 14 7 4 6 18 13 1 7 14 6 25 8 7 5 21 1 7 6 15 20 5 3 30 10 11 6 6 4 3 3 24 3 1 2 5 17 2 20 13 24 7 14 58 8 2 3 2 10 36 5 4 3 3 9 17 6 8 1 24 1 7 8 14 12 5 28 1 15 2 4 17 4 1 12 6 5 1 17 16 18 28 2 4 13 2 3 1 3 2 1 7 1 6 19 47 5 54 14 1 35 11 10 1 4 13 38 1 16 1 22 4 2 26 27 4 13 4 8 6 10 3 2 5 11 4 14 21 13 7 15 2 18 6 10 27 23 4 11 52 27 2 5 29 14 5 15 5 4 7 67 16 1 14 1 3 14 1 9 1 6 40 14 26 7 21 6 4 8 1 9 21 11 29 2 23 7 4 2 6 5 11 1 2 4 25 21 17 4 4 8 1 1 29 15 26 6 51 7 21 4 9 21 5 5 1 55 14 14 5 4 11 3 2 7 8 29 3 35
38 9 30 15 2 11 5 33 5 11 4 30 11 35 8 13 24 9 17 36 19 46 28 26 14 18 18 10 12 1 12 26 13 37 9 4 7 18 17 2 15 12 45 38 23 21 9 41 2 44 16 6 15 5 18 34 33 19 49 22 13 11 12 25 9 8 16 17 26 31 13 22 37 43 13 9 36 13 11 20 43 24 9 34 7 23 28 34 39 14 9 12 21 27 20 4 4 14 10 14 40 5 6 43 49 14 7 11 19 15 13 16 37 38 15 59 9 39 27 26 12 17 23 37 4 10 29 14 16 1 14 33 34 30 17 13 22 27 12 30 12 27 8 40 56 6 20 24 4 26 28 17 25 33 9 35 47 16 10 14 19 58 39 12 3 8 45 1 14 37 32 7 2 14 54 30 30 58 5 30 38 12 8 13 9 27 14 19 30 37 12 23 21 8 30 33 35 8 17 4 10 8 29 7 43 13 8 32 24 44 30 13 31 16 12 38 25 22 21 23 32 8 11 29 25 13 4 29 6 34 12 14 32 52 39 9 13 12 33 5 8 18 14 4 3 5 22 12 22 26 32 12 11 34 21 30 18 10 4 29 14 11 10 10 18 13 25 32 8 7 17 21 21 11 12 17 19 5 22 15 10 48 40 18 6 8 27 35 3 11 24 11 37 19 31 15 31 23 17 7 17 25 5 18 32 14 16 9 33 6 32 5 36 9 11 19 8 20 5 36 13 56 29 17 62 41 18 11 9 13 43 10 9 20 7 25 36 18 29 5 30 4 13 9 20 16 24 35 21 24 6 30 19 12 2 50 52 32 9 22 20 24 35 7 6 15 3 22 17 18 5 26 17 4 11 19 50 5 64 35 6 46 14 20 12 7 20 38 32 56 15 36 8 22 58 33 6 21 16 32 11 14 26 7 29 15 8 33 31 33 17 24 5 40 10 11 29 28 5 11 52 29 37 11 35 25 13 17 9 5 11 67 27 31 17 28 14 21 8 12 14 12 52 30 29 15 28 29 31 15 13 25 23 18 44 8 24 23 5 21 12 6 20 34 2 20 39 56 40 8 16 11 13 20 41 21 26 20 54 18 23 8 15 28 18 6 7 64 16 16 16 8 11 4 25 18 33 38 22 40
43 14 37 28 13 16 19 48 19 24 22 43 22 35 22 19 24 22 34 43 34 57 32 33 55 45 22 21 17 12 31 28 15 40 11 32 7 43 20 8 20 13 53 40 37 24 16 47 9 55 28 25 22 7 32 39 62 24 53 33 16 15 32 33 24 24 29 24 36 36 18 29 53 47 24 15 50 24 15 27 45 28 12 39 69 25 28 37 44 30 17 62 21 36 31 28 4 25 18 15 46 14 21 53 62 30 19 21 27 28 14 24 40 47 22 65 24 40 36 35 15 37 30 49 13 15 29 31 25 12 44 39 36 49 35 28 35 40 50 47 28 34 45 43 64 17 35 41 11 36 37 26 27 34 51 37 49 33 16 27 37 61 56 17 22 10 57 20 47 39 34 19 6 18 68 33 40 59 22 57 42 27 21 36 38 34 19 57 41 39 73 28 27 23 40 50 41 8 21 19 42 26 29 13 55 18 15 36 27 52 55 22 35 20 16 43 32 25 45 62 45 34 12 35 54 38 29 38 28 38 26 32 35 69 52 13 18 26 60 16 17 20 15 10 43 14 35 26 39 28 39 16 12 35 23 31 25 41 7 37 23 17 17 17 19 20 29 57 12 54 40 22 30 49 40 21 27 30 31 16 24 64 58 23 19 10 48 50 28 18 37 16 38 21 46 42 34 25 20 20 24 30 8 31 36 24 18 12 34 15 36 12 45 13 12 30 22 30 14 39 19 59 29 21 78 43 23 29 27 22 48 18 33 46 17 33 38 36 32 7 30 19 24 21 28 23 41 40 32 25 16 31 22 13 8 51 53 33 18 36 48 40 41 10 11 51 11 24 26 23 28 27 24 44 15 23 59 20 71 60 11 52 23 42 21 20 20 39 41 65 17 53 15 26 59 36 26 28 31 50 18 22 34 48 39 23 10 34 41 54 38 29 15 45 18 15 32 38 34 18 61 32 55 16 41 36 14 40 21 14 35 68 35 52 34 37 24 29 57 20 17 17 53 30 45 48 35 41 39 21 13 35 24 19 44 17 30 25 17 36 26 30 28 37 5 52 41 57 50 24 54 19 15 27 49 22 42 26 72 33 39 21 23 29 27 10 10 67 30 29 23 32 15 14 41 44 42 45 28 50
53 28 66 37 29 26 32 56 58 31 35 56 42 52 32 29 40 24 72 52 45 68 33 35 56 57 39 27 27 28 52 30 46 49 14 35 31 55 31 39 48 30 55 49 44 24 24 51 48 71 51 36 24 14 46 44 67 43 55 35 23 30 33 41 33 26 44 34 36 46 23 36 53 54 30 21 53 33 21 29 54 51 25 49 70 28 29 38 45 39 20 63 26 62 44 38 11 27 54 15 49 34 22 56 69 34 26 29 36 51 29 25 50 54 24 65 25 50 49 38 37 66 50 51 34 31 39 42 26 13 48 41 50 53 37 34 45 41 57 50 47 52 63 49 64 30 57 42 19 43 40 36 28 41 51 37 49 35 24 28 49 75 57 19 30 11 59 37 59 46 40 27 6 28 79 40 54 59 27 72 52 53 23 44 77 36 35 59 50 50 73 30 42 25 50 72 45 52 27 29 58 34 31 39 78 29 50 46 30 56 62 30 38 24 24 49 41 30 48 64 62 40 22 49 68 45 29 44 47 50 38 34 35 69 67 16 31 31 63 21 20 34 15 27 48 36 46 48 48 35 39 25 41 44 25 38 25 44 18 53 35 27 21 24 25 20 30 66 29 76 43 23 33 53 60 36 30 43 56 32 38 65 65 34 31 14 52 61 31 28 38 26 40 25 48 44 38 46 28 24 41 45 11 53 51 54 18 48 40 30 37 44 66 19 22 37 35 31 14 44 21 64 29 24 79 46 26 40 50 31 68 39 46 56 21 42 69 45 39 8 53 25 37 39 38 38 61 52 44 32 25 38 22 31 35 65 71 51 36 38 51 55 50 12 29 56 13 39 39 40 42 35 38 50 21 42 67 31 78 63 15 62 29 46 29 25 22 41 43 67 36 54 21 29 64 45 43 52 32 55 29 33 56 48 52 30 26 36 44 54 38 47 15 57 26 18 61 53 45 58 69 35 56 54 43 43 32 40 27 50 39 74 44 57 37 40 37 45 80 47 18 26 56 41 53 56 43 41 46 34 24 52 34 36 46 21 45 37 64 39 35 31 49 41 32 62 66 57 52 25 58 51 44 58 51 24 48 40 73 39 45 31 67 44 59 37 13 69 32 38 42 32 30 19 66 64 54 53 37 60
59 30 77 48 32 38 34 62 66 48 39 56 48 58 43 38 48 24 75 64 47 69 44 48 75 67 41 46 31 80 55 35 50 54 16 44 43 60 37 68 55 48 64 63 45 25 27 52 57 77 53 51 26 18 73 44 86 44 58 50 47 61 51 45 52 34 63 48 57 72 24 37 68 57 45 44 61 33 27 48 59 62 44 65 71 49 38 38 58 58 69 66 29 62 45 38 40 74 71 18 70 48 40 63 71 38 36 32 41 54 40 26 57 70 39 71 26 52 62 46 41 71 54 58 49 35 41 48 58 14 57 43 51 80 44 59 61 58 61 63 53 79 65 52 82 34 74 64 42 59 47 38 33 51 52 39 60 36 34 42 54 86 67 24 31 24 66 41 64 47 40 31 22 47 82 49 58 75 31 80 54 62 24 46 79 42 49 76 54 58 79 36 45 42 56 85 61 65 29 34 63 38 32 46 79 30 54 51 31 69 69 43 55 46 52 52 54 43 52 78 66 42 27 49 76 62 41 51 49 56 76 46 73 70 68 21 46 47 69 49 27 68 26 31 52 40 57 53 50 48 54 43 57 47 32 41 54 53 24 84 50 41 22 34 43 25 46 67 37 86 52 49 54 61 62 54 35 48 58 60 39 70 69 69 69 30 62 68 40 46 45 33 44 37 54 45 39 55 48 24 52 75 32 56 63 61 24 48 57 37 41 48 70 23 23 46 45 35 21 49 26 66 65 34 79 46 30 45 56 38 73 45 51 58 68 43 73 57 44 26 54 27 49 39 39 52 71 75 52 38 44 45 57 62 53 73 83 63 44 42 52 77 50 24 46 58 27 44 56 41 64 56 43 52 28 43 70 36 80 68 51 63 43 49 31 35 43 59 44 70 41 57 47 63 69 60 58 69 33 64 39 43 79 57 65 65 26 42 45 57 47 49 40 60 42 19 61 67 51 65 70 43 69 56 82 64 54 45 29 51 46 87 46 62 45 66 47 61 82 53 27 44 61 56 62 57 45 64 70 48 27 56 37 50 71 30 46 52 67 40 52 51 57 50 43 68 69 66 58 50 59 56 45 59 51 70 69 46 76 48 47 49 70 57 59 39 23 75 65 55 52 66 35 44 71 70 55 57 40 62
73 44 89 62 67 47 34 67 67 52 48 57 60 61 44 58 55 26 83 65 64 74 54 56 78 84 53 48 46 88 65 58 73 63 54 57 61 74 44 83 60 54 76 84 49 36 40 54 61 87 56 58 37 30 74 52 86 55 69 55 50 74 52 46 59 46 66 50 58 74 38 57 84 66 48 51 64 54 30 51 73 67 48 74 88 55 48 60 60 81 74 67 33 66 59 73 49 77 77 28 78 60 75 70 72 84 72 52 48 59 58 47 65 72 43 73 37 81 74 61 51 76 55 70 69 50 44 69 76 45 64 46 67 81 55 68 64 59 66 85 62 82 76 64 83 50 77 69 43 66 57 51 33 55 69 53 62 41 73 70 64 88 69 61 45 47 73 55 80 54 42 35 28 58 83 69 59 75 58 80 85 74 36 56 82 56 65 76 62 64 80 81 74 56 65 89 69 69 65 42 67 45 41 78 87 36 67 57 41 82 70 52 58 74 53 55 77 62 57 79 71 43 63 57 87 65 44 59 53 59 88 47 75 73 68 37 52 53 70 66 47 70 32 46 61 46 65 72 60 81 59 74 62 51 63 42 54 58 26 93 53 42 27 35 44 26 57 75 42 91 61 54 62 63 71 60 47 63 65 75 40 79 69 81 79 76 65 76 47 74 69 37 57 55 56 52 40 56 49 45 56 77 33 61 77 71 51 67 69 40 69 51 70 49 55 57 51 61 25 62 48 77 83 76 90 56 64 51 65 39 76 48 55 66 82 57 75 59 50 33 60 27 67 50 53 63 91 82 56 69 49 67 61 63 68 80 88 65 57 47 62 78 59 63 51 76 48 48 64 46 71 66 45 56 29 65 72 36 94 70 53 71 51 77 40 49 46 65 55 75 45 77 47 66 75 62 71 74 43 73 64 67 85 68 93 74 34 61 54 66 67 58 44 71 62 43 69 70 59 68 74 52 72 57 82 71 55 67 46 69 61 88 61 70 48 78 69 75 84 83 36 44 65 78 68 66 57 79 72 52 39 74 41 59 76 37 51 74 68 49 58 51 57 58 66 71 76 75 65 70 70 58 66 62 70 70 72 51 78 55 53 52 84 68 64 48 35 76 65 69 53 81 66 78 76 72 55 77 60 70
76 72 94 63 87 62 35 79 77 58 50 58 91 67 66 83 77 44 85 75 66 74 71 66 79 98 55 63 55 93 78 59 77 63 61 65 66 74 62 86 64 81 85 87 66 45 61 55 69 88 65 76 43 36 80 60 88 67 74 60 57 86 54 51 60 73 71 55 62 75 48 77 92 69 91 68 91 67 31 68 79 70 53 76 88 62 53 63 78 92 80 88 65 71 63 75 59 77 87 49 81 78 76 76 84 86 73 59 52 67 74 55 71 78 58 82 39 97 76 71 70 89 60 73 85 52 59 76 77 56 76 74 76 89 67 70 69 68 71 85 65 82 87 65 91 50 87 80 45 82 58 60 62 61 69 55 68 56 74 73 82 88 74 89 48 80 81 74 86 64 63 42 42 59 87 76 77 76 62 80 90 86 53 62 90 76 78 79 67 66 89 87 74 63 65 97 82 71 86 48 70 48 48 84 90 59 77 66 73 91 75 56 86 84 70 61 83 64 58 81 72 76 71 63 94 73 53 89 74 64 90 81 82 73 78 43 73 83 75 86 63 74 43 77 66 55 65 80 63 85 70 82 70 94 87 71 61 85 52 93 91 44 78 55 66 41 68 79 59 93 78 68 73 81 78 78 54 66 78 77 54 82 73 91 79 78 74 81 53 85 88 62 64 83 77 91 46 64 77 48 72 85 44 67 77 74 78 68 70 44 72 54 72 67 60 74 65 68 46 85 57 77 87 79 92 61 89 52 79 41 80 50 68 71 98 64 76 59 53 36 71 32 83 53 57 64 93 92 75 76 50 74 67 79 74 83 94 65 79 61 72 80 80 65 61 79 68 56 83 56 82 75 56 65 73 91 73 46 94 74 58 75 69 78 76 53 71 68 56 80 64 85 54 87 78 73 95 75 47 76 82 80 85 81 99 77 43 66 70 76 76 71 47 71 64 56 77 83 73 79 82 61 80 67 94 81 65 69 56 74 63 97 70 73 61 90 70 79 88 86 67 49 68 93 76 70 76 84 75 63 49 83 55 79 80 94 70 74 68 59 67 63 60 59 66 71 80 76 76 74 73 82 71 69 74 79 87 60 81 67 54 58 86 84 77 59 45 76 66 71 64 83 67 78 82 84 68 93 63 80
80 77 95 87 90 68 42 83 78 70 61 59 94 68 83 93 81 46 93 81 70 75 80 81 81 98 77 66 63 94 83 83 81 89 93 97 74 92 82 92 96 89 95 88 89 45 68 57 77 99 76 85 57 66 82 79 91 73 89 70 70 87 74 53 67 84 96 58 78 77 88 80 94 88 92 70 100 94 65 72 95 79 70 79 95 69 55 67 80 93 89 91 74 88 69 90 71 88 87 88 83 79 77 84 86 91 97 69 80 72 76 66 79 82 66 84 77 98 86 81 76 89 74 83 85 71 84 76 86 86 85 82 77 93 92 76 76 69 73 87 76 86 92 71 95 56 89 90 47 82 76 68 86 63 77 64 76 86 78 74 87 89 91 90 49 80 88 75 87 78 66 53 70 77 88 80 83 79 78 82 90 90 61 64 91 77 80 81 77 80 91 87 76 71 93 98 97 71 90 61 73 60 52 87 95 67 91 74 94 92 82 86 90 86 85 85 91 84 86 81 86 86 76 63 96 89 58 97 83 69 95 95 87 90 93 44 82 90 80 95 87 88 49 88 74 97 68 81 83 95 71 89 82 97 88 79 83 93 52 95 95 55 83 63 70 50 93 92 93 95 78 71 90 90 78 85 59 72 93 83 80 85 82 95 83 79 78 86 74 90 99 73 65 86 79 95 47 83 78 59 82 86 62 69 94 80 80 83 84 58 92 55 76 72 61 79 89 68 65 94 67 78 95 86 93 92 90 76 81 58 89 59 70 77 99 67 78 65 76 77 90 68 85 58 86 82 95 93 96 87 85 86 88 85 93 98 99 76 85 62 76 81 96 85 65 91 73 68 83 57 86 93 66 78 83 93 75 80 95 91 80 77 77 89 86 61 72 72 79 81 72 87 65 90 86 75 97 76 89 95 96 87 89 84 99 80 86 73 77 92 88 76 74 84 67 71 79 84 79 85 92 78 88 90 94 84 92 71 88 77 94 97 72 86 64 94 74 85 95 91 81 81 89 99 90 82 77 88 89 67 51 86 61 87 80 95 74 84 79 69 84 74 73 70 91 73 85 86 79 85 88 84 91 92 79 83 90 92 93 96 70 64 90 84 83 69 50 80 79 82 94 84 76 85 86 87 68 94 100 88
98 95 99 95 94 84 62 86 99 97 96 68 99 93 90 98 84 92 98 88 86 91 84 89 92 100 88 72 80 98 89 89 97 95 98 98 81 95 86 93 98 100 96 95 95 49 74 85 81 100 78 98 57 92 97 97 99 84 95 82 76 98 77 77 83 100 99 74 100 92 99 82 99 95 96 97 100 97 74 92 100 95 71 100 99 96 68 92 91 100 92 99 82 100 70 91 92 93 87 89 88 85 91 86 87 96 98 95 86 84 98 98 90 86 84 94 84 99 89 88 82 100 83 93 93 79 96 78 99 97 98 90 90 98 97 96 80 87 89 98 94 87 98 93 98 94 98 98 76 85 96 77 87 78 78 89 82 92 90 99 99 94 92 92 90 81 96 94 98 95 85 67 89 87 99 83 91 94 82 83 94 93 90 86 97 87 85 98 80 90 98 96 77 88 98 100 98 73 91 73 76 79 86 96 97 70 98 80 98 95 97 86 95 94 100 87 92 91 97 94 89 91 78 84 98 100 91 99 97 83 99 100 91 90 95 47 84 92 84 99 88 90 57 93 89 100 72 87 95 100 81 92 88 98 95 86 90 96 66 99 99 70 86 82 97 70 99 94 98 98 91 93 94 99 80 86 100 96 95 95 93 90 100 100 91 100 81 100 88 93 99 93 99 88 81 98 82 83 84 97 94 95 74 91 96 84 89 98 88 80 92 100 82 100 97 98 95 75 69 94 81 79 98 93 97 97 99 95 92 71 92 83 79 89 99 80 87 100 99 84 99 88 98 71 87 99 96 96 96 97 90 90 99 89 94 99 99 83 93 63 92 81 98 96 92 95 80 81 86 93 100 98 89 93 93 95 77 83 99 99 97 80 94 96 98 64 80 73 94 97 95 90 71 90 87 82 100 84 93 96 99 99 99 87 99 99 98 87 88 95 92 82 93 91 88 85 98 87 99 88 95 91 94 99 98 85 93 96 92 99 99 97 75 87 68 95 92 100 99 97 83 82 93 100 100 83 82 90 96 76 55 90 97 99 87 95 81 98 95 70 97 98 87 95 98 100 87 95 83 96 97 93 99 93 90 89 92 92 95 96 91 71 99 96 89 85 100 92 86 86 95 85 94 97 94 89 74 99 100 90

28 37 33 85 33 5 40 77 54 37 41 78 29 46 81 17 95 58 27 32 35 47 23 16 52 46 5 56 75 67 5 98 5 25 27 42 5 73 28 73 20 68 99 26 27 4 85 38 99 33 95 100 89 100 50 3 59 90 21 7 85 87 34 15 18 65 49 27 39 45 96 54 20 54 87 44 80 68 64 96 64 75 12 89 91 70 2 55 100 27 23 16 82 19 40 8 46 64 96 34 31 9 55 58 30 55 64 76 59 43 60 31 61 15 24 55 39 5 76 35 23 36 92 55 11 44 88 41 63 9 35 39 61 94 16 70 99 92 46 12 18 70 37 16 8 26 5 43 61 60 72 57 87 76 5 2 48 37 62 66 1 74 88 7 100 66 26 80 58 33 3 36 23 47 87 99 42 11 69 60 51 18 84 13 52 83 34 71 7 70 58 63 1 24 62 70 83 90 64 55 52 52 98 51 2 53 52 33 34 68 27 89 75 23 60 11 88 95 34 41 91 42 52 31 42 28 49 29 91 59 14 30 90 10 9 63 49 15 22 4 94 89 46 97 59 4 2 91 84 43 42 49 44 91 46 7 30 83 61 21 19 31 92 88 80 57 13 42 11 94 85 72 38 16 29 67 21 29 61 65 68 62 97 96 25 94 50 91 64 23 86 46 91 87 54 5 89 83 52 25 56 41 46 96 41 20 10 55 16 82 40 45 44 20 88 6 82 81 16 28 73 45 13 92 70 84 74 24 7 33 41 81 75 44 4 53 94 55 23 99 97 65 22 37 69 46 29 1 22 37 93 40 65 60 61 86 93 4 17 76 93 68 80 3 87 91 90 6 64 71 13 20 82 89 45 2 21 68 62 38 16 99 67 51 17 19 52 38 54 6 91 4 94 14 28 57 33 78 95 71 54 54 10 61 36 2 16 13 77 62 18 10 82 84 52 2 35 84 56 92 76 96 72 67 31 97 96 83 61 90 56 43 37 39 28 58 55 14 82 52 30 66 89 8 94 14 50 26 68 48 90 10 39 30 29 85 60 81 85 70 96 60 25 93 44 62 17 81 35 37 62 17 83 23 78 96 26 66 40 25 50 37 76 95 12 54 12 5 64 61 11 15 4 46 19 49 23 18 35 74

3278 640 111 434 299 238 2378 271 171 549 246 234 3391 676 1356 78 784 912 1386 98 260 1029 165 3943 558 315 863 106 89 76 1900 418 251 144 393 231 788 887 413 335 214 1005 1912 106 83 530 297 98 94 308 579 56 815 864 145 273 196 403 221 1229 569 984 1537 118 167 167 755 706 182 466 688 203 150 1533 333 805 168 1163 69 125 775 1129 1244 291 541 839 306 88 638 828 109 1029 797 199 277 178 171 1568 573 230 424 398 315 2338 31 228 274 500 145 1479 1147 166 253 1482 447 179 134 436 386 571 790 369 265 899 589 371 64 439 191 934 1279 145 106 528 177 615 19 884 193 2622 196 128 601 901 955 438 137 240 692 588 1315 344 356 1755 147 793 909 2235 1558 185 1369 104 1261 64 114 1179 511 329 213 412 452 179 1036 63 837 135 1507 126 96 208 615 332 2630 723 883 907 1968 238 1818 1949 526 88 799 245 288 399 545 446 377 325 1085 137 21 183 643 543 1341 88 177 134 487 787 1158 35 124 404 418 91 459 555 377 659 236 739 1366 64 480 864 270 74 323 387 1168 446 96 405 1089 2005 1566 1891 302 105 466 180 513 456 538 317 268 475 27 281 113 193 17 77 434 204 97 1585 612 508 1602 47 107 95 109 612 240 77 1708 447 353 799 1310 120 286 282 2981 129 3108 322 882 237 117 71 409 109 932 305 61 80 43 177 236 271 499 449 303 217 295 10 157 1714 1473 803 46 340 405 683 155 209 715 776 454 96 518 917 433 588 193 1523 367 1186 607 289 163 334 1049 32 375 675 479 195 137 642 169 497 452 98 1287 210 454 756 172 556 766 1578 1043 393 436 239 179 364 268 158 160 257 59 590 1686 182 303 106 761 707 622 507 57 966 106 471 387 149 2581 324 2005 630 313 384 522 16 2369 304 3205 432 3802 2082 167 264 29 88 335 301 1836 524 1557 657 208 340 1467 1738 1812 879 415 138 129 101 40 239 353 617 1129 1195 749 155 523 229 511 750 1779 2080 448 452 193 409 196 1288 449 142 108 986 9 293 182 51 149 265 136 2444 628 128 84 161 595 195 772 158 739 1647 101 226 328 378 66 1174 408 1544 173 853 490 80 1205 362 66 139 219 101 62 54 1060 1634 210 1516 124 336 392 436 264 730 527 359 518 1871 360 263 558 842 369 113 63 263 287 176 392 1344 590 195 482 149
3473 724 1000 554 835 389 3130 456 526 737 305 1188 3696 906 1927 523 1638 2011 1556 1250 276 2276 332 4820 867 1622 1146 993 416 2712 2881 548 276 165 954 343 3188 1412 992 371 441 1399 2585 400 85 1123 553 1605 195 602 665 586 1037 2171 2334 386 320 492 462 1900 1409 2558 2676 170 185 238 1273 745 292 546 1401 296 625 1920 575 809 286 3099 224 450 850 2479 1413 486 2111 2420 774 475 1407 2850 622 2908 814 268 587 3176 326 2338 860 480 808 1395 418 3008 1096 526 294 1150 264 1918 1153 664 330 1786 461 1485 287 1061 460 1755 798 719 350 1231 3732 670 2097 1783 277 2492 1671 247 185 755 432 3377 408 3249 379 2714 331 530 720 936 1767 717 838 465 834 652 3975 558 1057 1833 521 1098 998 2815 2281 3671 1473 226 1364 2748 360 2436 727 828 1162 1259 771 1610 1470 107 990 321 2105 252 312 209 2118 344 5327 856 1694 2309 2633 898 2423 2143 1018 291 1710 252 2244 1481 594 766 2816 518 2259 941 548 214 1144 1184 1468 1291 696 144 1104 957 1395 221 2932 579 3145 384 994 1077 840 1631 730 886 2574 167 964 1149 484 1514 629 440 2551 475 159 927 2690 2489 1567 2984 1034 841 526 544 888 583 738 335 749 746 130 700 412 235 183 4677 909 320 520 1693 1509 564 4302 3850 608 626 775 994 665 264 1924 1949 577 2318 2171 170 639 741 4045 659 4668 519 1174 962 796 362 1158 222 1380 305 871 3076 676 391 267 723 830 717 337 320 687 36 270 2754 2062 1998 683 360 1775 782 174 486 738 819 550 155 745 1117 989 1074 206 2074 810 1298 2104 393 397 961 1054 305 877 761 1448 665 606 733 185 687 620 510 1846 251 1292 4039 233 689 1377 2504 1400 1306 823 261 713 1368 569 423 452 621 1206 604 3398 388 727 133 1015 2319 976 779 72 2237 428 915 1116 663 3149 516 2198 736 361 1205 577 214 5163 494 3998 510 3944 2657 551 319 65 362 641 547 1932 1078 1629 776 952 1631 1641 2145 2181 1925 489 578 880 112 308 3223 427 664 1179 1270 1533 156 2378 270 562 1298 2184 3475 2226 508 409 496 201 1347 449 1454 670 1891 51 325 798 329 648 339 1441 2861 2074 203 112 543 696 346 1495 300 917 1714 2038 346 728 459 2597 1703 1212 1559 185 1575 1286 510 1254 485 489 921 882 469 81 252 2206 2125 1505 1933 238 633 480 2064 326 814 599 1076 553 2419 824 949 1383 1138 767 122 184 1833 552 205 728 2422 758 733 1070 271
3520 817 1995 787 1230 1075 3777 557 706 890 615 1508 5034 1064 2479 1018 1871 2704 2071 1349 667 2976 760 4828 1039 1839 2257 1265 552 2779 3869 602 380 376 1342 423 4173 1528 2017 1149 924 2208 3023 446 956 2923 722 2919 1798 650 730 1194 1152 2367 3166 1032 642 998 1977 2294 2424 3330 2822 518 363 280 3105 922 300 618 1805 653 2383 2116 618 1473 743 5416 884 861 1250 3960 1956 546 3235 3538 806 558 3656 3260 1328 3205 911 773 608 3823 498 4356 1527 973 1009 1740 813 5688 1099 937 1366 1522 1157 3477 1303 776 1020 1899 796 2709 614 2897 657 1860 1461 769 398 1458 4300 699 3006 2842 915 3392 3155 681 297 3336 680 3744 568 3448 438 4555 404 711 817 1498 2139 1495 908 538 1230 848 4358 701 1290 2037 832 1261 3390 2832 5028 4335 1912 491 1603 3180 657 2638 1282 2111 3262 1422 923 1751 1595 410 1706 444 2139 947 1055 609 2824 522 6304 942 1725 3502 3143 2939 4719 2208 1021 464 2019 335 2379 1672 729 2548 3284 1289 2790 999 2069 756 2017 1202 2680 1361 1140 172 1313 1085 1929 428 3161 611 3402 516 1063 1163 974 4656 1259 1540 3479 537 2728 1232 1670 2594 879 594 4124 874 540 3198 4591 2523 1736 3118 1388 922 586 839 2177 626 1667 583 1135 1026 199 1650 685 1247 367 4774 1317 752 1230 2963 2793 835 4846 6093 973 676 1910 1096 1780 550 2413 4063 646 2365 3003 336 781 1013 4832 928 4742 744 1243 1012 1046 491 1392 2072 1473 1815 1603 4572 1973 421 564 4223 1118 728 742 352 895 542 537 3783 2672 3379 2209 1261 2198 1661 518 586 813 834 586 396 1524 3041 1255 2028 482 4515 1123 2121 2153 464 422 1168 1192 633 1969 912 1480 926 719 1618 735 2716 2105 1021 1884 637 2433 4275 584 732 1395 3863 1919 1808 1721 278 917 2751 2272 624 477 777 1643 746 4661 1950 1510 446 1034 2768 1404 986 250 2997 564 1261 3171 1034 4036 1562 2473 1177 1636 1208 1211 517 5804 611 4565 1047 4093 3546 1417 397 249 1591 1204 552 2257 1197 1921 1283 2263 2118 3643 2566 2655 2051 890 593 1928 243 1576 4763 787 765 1606 1869 2517 550 2446 535 1109 1832 2330 3671 2863 895 652 1876 618 1619 1815 1739 1653 1987 545 635 1074 394 848 470 2811 2885 3324 1044 387 618 2902 529 3267 630 948 2085 3130 741 981 735 2739 2225 1328 1776 708 2423 1399 813 2794 836 548 1400 891 680 1095 517 2411 2578 1854 2324 1046 786 650 2635 455 971 692 1262 1105 2732 963 1115 1827 2591 1109 189 382 2368 733 406 3564 3442 1084 1445 1627 370
4195 1057 3514 1248 1240 1955 4503 594 1099 952 939 1658 5493 1281 2605 1547 4876 2941 2288 3440 670 3523 1461 5554 1106 1943 2277 1563 1335 3051 4211 803 397 662 1773 667 4912 2574 3191 1812 2241 2286 3370 992 1203 2961 1095 2938 4166 972 1367 3340 2635 2589 3563 1497 800 1216 2617 3492 2932 3473 2888 1055 1122 914 3306 1122 392 999 2451 681 2673 3662 1071 2300 1352 6665 1119 1484 1374 4084 2859 937 3288 3790 2082 1070 4168 4251 1670 4153 919 851 926 4690 1065 4736 2180 1493 1459 1755 817 5770 1285 938 1551 2154 2779 3833 1905 1244 1124 3857 803 3240 1159 3114 906 3359 1496 1116 616 1538 4802 985 4567 2938 1839 4769 3305 854 487 4085 889 6521 1166 5000 534 5718 720 1011 1651 1962 3117 1508 1380 850 1963 1311 5112 1394 1590 2043 1182 1383 3969 4913 7154 4626 2680 700 4146 3761 1326 2991 1685 2320 4830 1999 948 1835 1802 534 1788 1032 2309 1008 1475 987 4405 661 6876 1104 2203 5907 4031 3951 6571 2931 1172 930 2610 511 2655 2093 834 3027 3329 2490 2830 1509 2461 874 3593 1457 3784 1791 1381 389 1400 1125 2220 761 4179 652 4142 817 1551 1239 1112 6364 2209 1937 3606 785 3417 1771 3122 3134 3202 818 5793 1239 695 7018 4762 2934 2692 3467 2026 1287 1365 1049 2533 904 1960 1289 1651 1385 723 2269 1209 1385 760 5077 1482 819 1242 4824 2917 985 5446 6274 1037 683 2093 1220 1909 951 2414 4676 1441 2906 3054 952 980 1459 6062 1725 5769 774 1286 1614 1401 678 2429 2129 1972 1990 1687 6094 3735 588 1404 5207 1377 1138 1630 865 1255 1196 704 4194 2850 3393 3359 1470 2504 1993 523 620 844 910 1079 457 1595 3444 1721 2270 1910 4819 1208 2348 3028 564 1057 1314 2034 823 2961 1497 1939 2763 1022 1734 1166 2945 2105 1130 2449 993 2922 5479 1017 787 1735 4694 2237 2359 2056 795 1069 4145 2816 740 943 2532 1738 834 5986 2292 3778 1413 1369 4363 2028 1029 410 4404 683 1578 4087 1672 4510 1566 2484 2350 2363 1326 1217 829 5922 946 4686 1071 4328 5644 1613 997 298 1616 1564 856 2735 1884 2652 1923 2720 3972 4130 4957 4330 2373 950 937 2688 1290 2072 5054 1030 815 1734 1953 3107 2111 2519 1256 1119 2732 2793 4234 3212 1882 722 3206 1027 2059 1992 1898 1678 2117 820 1249 1200 438 3228 529 3499 3499 5746 1338 536 669 4336 534 4067 989 1145 2289 3139 1388 1606 1624 3837 2791 1532 2292 1473 3306 1619 1273 2902 1386 639 1444 1024 764 1751 1920 3895 2600 2086 2687 1125 1566 1116 3296 932 1184 1121 1291 1685 2999 1026 1151 1960 5151 1927 872 512 5234 777 971 4254 4144 1099 1804 2244 993
4958 1863 4122 1829 1278 3347 5111 818 1325 1077 1441 2079 5610 2933 2749 1593 4987 3704 3176 3657 755 4258 1983 6868 1322 2195 3675 2516 2392 5090 4250 1344 987 775 2011 2557 5244 2694 3541 1944 3047 2530 3894 1169 1241 3925 3798 3438 6263 1205 1708 6728 2795 3549 4750 1708 942 1794 3446 4296 4030 5080 3478 1363 1476 1409 4347 1126 658 1709 2785 837 4237 5456 1896 2338 1627 7101 1249 1604 1514 4189 3050 1144 3507 3940 3258 1366 4647 4338 2494 4184 1147 1934 996 4728 1394 6030 2583 1572 1507 1896 889 6240 1404 1056 1662 2184 2891 4814 2955 2083 1254 4356 828 3605 1249 3226 1192 4611 1732 1404 746 3168 5560 2253 4660 2944 3033 5841 3813 1105 702 4921 1111 6785 1372 5781 710 5926 852 1165 2338 2263 3599 1608 1831 974 2808 1729 6244 1988 3702 3050 1364 1677 4685 4958 7816 7794 2959 740 4503 5586 1472 7225 1902 3734 6354 2339 2143 1847 1855 591 2941 1048 2543 1143 3526 1286 4790 997 6922 1197 2826 6439 5320 5224 7382 4384 1643 1233 5703 590 3635 2327 910 4389 3345 3014 3491 1689 4909 1586 4168 1639 6097 1909 3150 653 3082 1501 2536 790 6277 753 4483 826 1706 1437 1347 7028 4043 2308 6443 1246 3745 2723 3529 3438 3300 1310 5873 1260 794 7083 5263 3478 2753 3502 2162 1310 1396 1340 3138 1258 2020 1307 1887 1732 744 2580 1404 1485 972 6470 2033 1210 1304 5824 4803 1319 6002 6358 1058 992 3508 1629 2171 2311 3578 5164 1539 3861 4043 985 1520 1507 6638 1974 6835 823 1370 3446 1483 760 2486 2745 2125 3181 1928 7388 3741 851 2833 5534 3094 1912 1680 1082 1352 1259 1452 5692 3129 4164 4186 1589 7304 2084 617 659 1546 924 1440 608 1675 3782 1874 2617 3736 5081 1779 2614 3379 1298 2077 2092 2476 961 3791 1761 3797 2890 1057 2081 2989 4866 2928 1253 2504 1254 3458 7722 1082 819 2792 4766 2633 2395 2508 1138 1269 6875 3203 1365 1365 2887 3520 1383 6106 2369 4088 1565 1401 5285 2705 1372 678 4724 900 1798 6139 1841 5006 1785 6666 2709 3746 1833 2781 866 6262 1027 6286 1415 7533 5723 1629 1168 1183 1740 2548 1614 3988 2383 3038 2144 3387 5313 4396 5615 5323 2482 1814 964 2736 1474 3109 6144 1154 890 2211 1992 3432 2670 3595 1798 1698 3271 3406 5165 3618 2116 871 3290 1547 2365 2708 2419 1896 2142 1406 1516 1435 841 3489 838 4505 4254 6307 1748 1040 1329 5640 1165 6924 1118 1404 2460 3958 2806 1744 2203 4242 6308 1730 3731 1525 4339 1667 1300 5043 1524 911 1542 1174 1201 1861 2659 5071 4891 3260 3096 1394 1614 1124 6162 1056 1641 1253 1375 2709 3015 1383 1320 2142 5397 2554 930 593 7849 1030 1408 5252 4684 1708 2281 6457 1227
5358 2200 5349 2965 1530 3513 6212 1614 1440 1449 2565 2400 5801 3811 2986 1825 6149 4087 3769 4093 1284 4320 2040 7438 1528 3875 4122 2787 3331 5406 7884 1697 1030 1849 2077 2559 5668 3286 3966 2543 3451 3200 6780 1579 1519 4764 4110 3487 6582 1548 3498 6962 4452 4165 4955 1763 1138 1839 3487 6779 4185 8557 4706 1799 1746 1618 6168 1147 824 2071 3179 1633 4570 6770 1957 2815 1886 7496 1358 1647 1899 5406 3336 1178 4011 4197 5801 3317 6556 7678 2513 7232 1231 2595 1009 5872 1455 6413 3517 1849 1523 1917 1325 7014 1738 1738 1832 2590 3532 5561 3118 2879 1396 4409 1237 3771 1336 3250 1484 7068 1911 1599 776 3788 5616 2266 6059 2947 3578 6877 3994 1526 773 5921 1765 6842 1543 6523 1348 6649 1000 1509 2544 2386 4049 1794 3288 986 3066 2767 6980 2560 4167 3219 1511 2051 5531 5895 7985 8375 4153 1435 4611 5597 1747 7416 3751 3927 7671 2831 2962 2520 2041 707 4597 1774 2827 1875 3995 1584 6544 1235 8614 1333 2900 8103 6337 6348 7803 5004 1681 1541 6060 672 4035 3072 1462 4625 3552 3501 3833 1809 4934 1622 7644 1744 6169 1940 3815 1328 3552 1514 2558 1397 7554 1167 6006 934 2040 1910 1786 7999 6019 2902 8013 1444 4072 2977 4664 3697 4263 1607 7262 1469 841 8130 7064 3663 3469 3921 3117 1593 1465 1917 3562 1267 2089 1986 2595 2107 1102 2996 1491 1992 1124 7728 2099 1770 2032 5932 5372 2077 7053 7613 1189 1120 3508 1710 2209 2497 3960 5570 1655 4108 4149 1156 1840 1573 6670 2222 7967 1731 1693 4091 1600 1315 3191 3024 2391 3355 2364 7465 3828 1648 4356 6894 3636 3234 1692 1745 1376 1267 1548 5828 4080 6969 5770 1772 8000 2167 1168 697 2554 966 1619 687 2119 3792 1995 3570 3777 6622 1812 2840 3926 3810 2980 3017 3123 1162 3900 2111 3802 4015 1285 9324 3617 4911 2997 1946 4055 1450 3605 8022 1319 960 3413 6650 3451 2401 2768 1317 1901 7370 3385 1416 1570 5435 3652 2831 6448 2787 4124 1650 1443 5287 3839 1993 1002 6376 1071 2047 6812 2302 6929 2403 6904 3641 7197 1940 4136 1026 6921 1060 7041 1430 8251 7585 2162 1197 1439 1757 3262 1902 4810 2799 3252 2478 4027 6984 5095 5675 7185 2578 1985 1270 2844 1635 3131 6153 2056 1136 2851 2121 6160 3471 4526 1858 1729 3405 3809 5298 4113 2322 2170 3609 2399 2652 2795 2797 1948 2359 2005 1647 1436 1450 4199 1045 4806 5611 7816 2138 1080 1422 5991 1310 7365 1475 2483 3116 4409 3209 1899 2567 4396 6722 1957 3980 1785 5231 2496 1532 5177 1558 1279 2126 1297 1928 1890 6730 6246 5532 5209 4415 1454 1833 1329 6266 4193 1647 1288 1521 3124 3785 1726 1330 3350 6563 2748 1033 706 8250 1231 1455 6379 5211 4137 2483 6539 2208
5870 2411 5870 3924 1707 3761 7162 1765 1641 2293 3494 3537 6076 3856 3001 1885 6301 4126 4022 4099 1988 4474 2165 7469 1556 4158 4604 3270 3574 6276 9270 1957 1678 1996 2479 2592 6275 4197 4278 2942 3966 3612 6785 1738 1522 5343 4373 3671 7236 1654 4394 9034 4537 4485 9054 2136 1527 2038 4843 6965 4809 8867 5282 2229 1767 1755 7363 1305 1227 2083 3664 2149 5578 7788 2203 3658 1914 8694 1470 2309 2096 6117 3755 1360 4092 5021 6249 3683 7194 7707 3002 8905 2064 3198 1056 7357 1464 7607 3601 2231 1990 1953 1600 7678 1841 2250 1994 2883 4611 6506 4171 3495 1506 4487 1534 4052 1628 3699 1979 8507 3092 1699 1881 4110 6344 3879 7572 3002 3896 7473 7758 2267 1294 8983 1876 6847 1620 7683 1597 6831 1121 1694 2862 2473 6516 2189 4665 1250 5286 5742 7549 4570 5944 3427 1611 4451 6349 8221 8124 8439 4893 1661 6551 6284 1882 7562 5827 4308 8278 4320 3079 2565 2833 904 4746 1815 3940 2083 4377 1617 7829 1716 9024 1882 3094 8282 6839 6427 7810 7781 1755 1658 6275 818 4350 3167 1630 7220 3874 3777 4083 3820 5286 1767 7916 1792 7465 2599 3881 1596 4414 2107 3010 1912 8114 1338 6019 1218 2126 2051 3190 8016 7761 3858 8663 1639 4253 3046 5532 4191 4425 3604 7531 1641 864 8905 8754 4030 4260 4051 3741 2068 1468 2026 3577 1287 2098 2058 2774 2276 1724 3181 1649 2405 1374 8811 2172 1928 2067 7350 5904 3098 7564 8671 1621 1698 7307 2371 2966 4332 5855 6553 1893 4193 4193 1303 1919 2096 6731 2271 8056 1900 2098 6175 1625 2145 3249 3274 2686 4552 3323 7637 4611 1766 5550 7698 3678 3419 1930 1854 1461 1333 1951 6294 5740 7277 5971 1935 8935 2182 1571 1064 2581 2164 1689 1043 2141 4290 2232 3963 7520 6769 2020 3150 5353 4712 3779 3215 4347 1614 4299 2136 3828 4393 1707 9711 6062 6706 3200 2102 4078 1463 7784 8266 1830 1117 4002 7547 3737 3738 2963 1467 1989 7629 6373 1739 1784 5518 4016 3804 6897 3096 5749 1667 1743 7658 5303 2612 1323 7260 1708 2194 7250 2922 7703 3250 7000 4896 8172 2456 4940 1640 7999 1775 7401 1894 8546 7975 2165 1666 1607 2643 3920 2149 4884 3553 3349 2726 4436 7696 7893 7927 9468 2746 2051 1361 3472 1926 3424 6171 2251 1230 3071 2262 6308 3560 4698 1862 1759 3416 4005 6865 4228 2445 2185 4079 2817 4055 2888 3291 2264 3768 2160 1811 1609 1859 4647 1301 6834 7559 8181 2287 1522 1785 6992 1727 8091 1846 3119 3509 4586 3226 2273 3284 5440 7046 2070 4367 1910 5805 2848 1639 5267 1610 1391 2232 1704 2045 2175 7563 7359 5972 5581 4730 1912 2104 2403 6577 4398 2088 1598 1727 3956 4469 2439 1508 3579 6685 2820 1059 815 8831 2981 2075 7433 7174 4818 2903 7433 2401
7197 2496 7881 4378 2178 3975 8497 2337 1680 2315 3617 4002 7329 4309 3793 2221 9535 4251 4087 4786 2345 4664 2201 8479 1949 4494 4705 3763 3804 8373 9557 1982 1872 2118 3405 2878 6928 4250 4771 3827 8466 4155 7288 2081 2098 6065 4403 4243 8399 1832 4577 9258 4579 6697 9704 2474 2059 2453 4941 9260 4942 9499 7715 2384 1804 1931 7629 1672 1539 2521 4075 2252 6236 8845 2279 4178 2302 9409 1852 2491 2259 9821 5222 1710 4357 6156 6909 3982 7508 9520 4693 9905 2193 3446 1243 7629 1932 7906 4239 2406 2142 2071 1920 9447 2450 2280 2021 4401 4646 8034 4499 4021 1741 5762 1758 4093 2407 5380 2050 9414 3980 2290 2160 4528 7716 4257 8362 4332 3970 8037 8964 2371 2363 9244 2024 7837 1806 8165 1880 7707 2446 1984 2885 2514 7854 2336 4681 1339 5501 6816 8482 4576 6361 3732 1821 4652 8127 8614 9938 8575 7191 2227 6774 6508 1915 7783 7426 4543 8814 4632 4650 3795 3707 1106 4755 1917 4329 2389 4392 1646 7929 1769 9263 2057 4331 8659 7739 6458 8130 7839 1840 2284 6525 1776 4444 3681 2391 7265 4316 4425 4417 4173 5518 1806 8242 2341 8387 2726 4217 1606 4669 2331 3939 1933 8468 1425 7492 1249 2271 2221 4128 8651 8934 4692 9347 1848 4255 3129 7714 4348 4623 3611 8716 1790 1494 9514 8910 4049 4662 4268 4186 2102 1721 2339 3879 1478 2169 2144 2937 2422 2249 3442 2102 3523 1882 9124 2298 2095 2115 8088 8470 3783 9011 8710 1775 2159 8631 2453 3300 4368 7449 6553 2214 4684 4693 1529 2001 2241 7060 2295 8311 2340 3587 6886 1918 2355 3308 4005 4009 4787 3755 7990 4705 2036 6435 7719 6014 4177 1956 2186 1475 1659 2508 6752 6339 8267 7875 2177 9604 2310 1759 1548 2755 2431 1982 1836 2155 4502 2332 4003 8013 7626 2156 8209 7768 4830 3877 3581 4930 2171 4390 2197 9027 4943 2197 9901 7508 8892 3880 2207 4610 2326 8659 8687 2519 1225 4378 9395 4102 3765 3382 1508 2200 8338 7226 2392 2361 6236 4120 3956 8457 3879 6627 1802 1979 8424 6316 2753 1836 8713 2145 2194 7876 4341 8464 3291 8211 4902 9755 2464 5156 1931 9628 1911 8985 2099 8783 8797 2168 2053 1821 2969 4219 2233 4928 3908 4181 3482 6157 8378 8555 8150 9680 3545 2213 1668 4031 2298 3846 7151 2318 1720 4592 2472 7162 4751 4831 2432 2064 3927 4516 7115 4261 2741 2402 5400 4648 4730 4317 3740 2300 4298 2299 2244 2202 1874 4657 1591 7247 8926 8980 3196 1680 1966 7357 2074 8678 2254 3162 4266 4754 3407 3941 3433 6167 8174 2344 4628 2103 6960 2883 2276 6891 2373 1674 2318 2070 2274 2382 8158 7492 7399 5585 4773 2206 2333 2409 6612 4422 2451 1648 2271 4372 4573 2486 1851 4332 8429 3579 1697 1803 9343 3157 2101 8854 7857 7357 2934 8277 3179
8473 2516 9485 4967 2234 4155 9178 4838 2406 2379 4876 4604 8295 4518 4622 2314 10005 4801 4342 4881 2369 4726 2441 10039 2233 4546 4931 4098 5024 9476 9659 2189 2009 2451 4499 2886 10045 4599 4922 4394 9377 4540 9354 2298 2317 8699 5095 4548 9307 2461 4944 9525 4892 9016 9864 2526 2275 2569 5059 9783 4961 9858 8654 2418 1971 2510 8661 2186 2121 2829 4600 2524 8812 9473 2345 4180 2415 9865 2404 2516 2416 9869 9483 2226 4656 8191 9503 4956 8325 9837 4714 10024 2391 3716 2124 8451 2070 8406 4615 2546 2190 4704 2147 9841 2523 2448 2281 4999 4874 9688 4734 4436 1748 8303 1761 4489 2422 9492 2258 9931 4890 2471 2411 4660 8902 4421 9653 4428 4171 9600 9145 2419 2496 9367 2199 8225 2232 9186 1924 8675 2493 2167 3141 2580 9909 2544 4827 2389 9490 8975 9725 4616 8250 4246 1936 4685 9559 8947 10041 9432 8781 2438 9775 7755 2104 9708 8453 4763 9111 4850 4811 4213 4285 2167 5019 2044 4689 2575 4676 2398 9587 1917 9993 2315 4670 9751 8011 8025 8310 9564 1868 2454 8363 2306 4837 4205 2516 9026 4732 4796 4787 4446 7682 2086 9809 2479 9704 4458 4764 1976 4837 2540 4807 2131 9719 1439 9432 2446 2392 2301 4701 8812 10051 5010 9599 1855 4334 3430 8588 4399 4743 4609 9400 1830 1599 10055 9540 4159 4951 4816 4292 2292 1793 2566 4419 1820 2383 2188 3034 2507 2520 4508 2255 4462 2360 9740 2396 2462 2297 8516 8802 4375 9643 8718 2406 2261 9975 2523 4942 4789 9887 9784 2503 4844 4813 1898 2405 2427 7216 2394 8733 2563 4038 9898 2121 2447 4538 4109 4260 5063 4836 9375 4777 2133 9124 9076 8398 4471 2532 2205 2117 2228 2531 8437 9348 8931 9898 2189 9843 2455 1922 1595 4148 2495 2420 2025 2293 4574 2338 4957 9526 9382 2391 9056 9453 4872 4458 3934 4984 2306 4552 2529 9155 5044 2245 10061 9337 9921 4124 2397 4933 2378 9310 8753 2539 2308 4892 9828 4895 4283 4075 1625 2277 8556 9586 2539 2455 8775 4307 4369 9444 3990 8497 1944 2467 9976 8368 4825 2325 8877 2326 2223 9665 4821 8661 4631 9919 4910 10075 2489 8617 2278 9649 2355 9858 2442 9825 9339 2426 2419 2202 4372 5041 2478 4949 4300 4360 4602 6226 10006 9209 8779 9861 4827 2499 2318 4116 2567 4974 7968 2487 1789 4608 2483 8325 5006 5078 2489 2414 4399 4869 7526 4913 4478 2528 6332 5017 4992 4688 4017 2396 4969 2451 2351 2331 2437 4722 2489 9124 10020 9607 3939 2444 1974 8287 2294 10012 2310 3922 4429 5074 5057 4171 3770 9499 8988 2350 4695 2512 9341 3647 2285 7201 2512 1771 2327 2085 2379 2395 8816 8412 7403 9251 5668 2243 2398 2511 9979 4862 2532 1885 2462 4726 4838 2569 2312 4739 8938 3580 1917 2228 9625 5011 2117 9584 8049 8565 4157 8319 3276

3191 324 36 127 199 49 831 141 1 324 182 33 2403 596 921 67 269 559 194 52 32 321 140 1013 337 143 59 75 5 5 1534 21 200 92 298 77 529 345 367 219 19 549 939 77 18 403 132 96 47 257 93 34 97 832 5 36 150 280 115 739 52 195 1515 8 108 40 679 189 71 204 73 55 60 927 71 694 26 959 49 91 46 988 868 113 235 778 146 1 461 518 27 402 265 31 222 65 130 329 174 229 350 299 138 535 19 85 105 153 106 50 98 61 58 361 308 105 107 15 118 260 694 158 100 529 465 213 11 123 88 375 767 116 34 222 44 395 12 473 43 1898 138 1 549 61 645 69 78 2 172 549 35 307 263 1671 136 303 340 1993 713 121 1288 58 963 46 23 1144 314 265 69 34 135 132 605 48 415 85 1121 96 74 44 501 156 1310 588 55 904 1502 79 1301 1837 44 51 777 15 281 112 407 152 320 284 900 6 16 57 72 68 38 9 51 121 452 772 234 21 61 212 265 3 7 234 246 623 125 476 211 31 453 405 34 44 208 270 1099 375 34 337 741 1609 1360 1655 233 11 406 136 377 317 531 286 242 98 4 120 22 77 9 42 171 92 44 1484 560 403 708 1 104 86 46 91 166 76 491 11 119 327 1 67 163 29 1557 67 1930 261 613 209 89 69 149 8 393 30 35 40 9 21 178 223 248 281 51 157 122 8 16 1522 553 89 41 74 228 205 31 126 138 596 259 54 148 706 117 274 188 121 17 1018 95 64 104 202 853 20 195 568 65 152 67 137 19 318 440 20 464 192 364 464 89 472 20 1472 992 217 234 7 149 150 254 120 63 243 24 527 1136 72 137 47 407 26 275 165 35 500 103 470 17 104 1146 269 1529 596 8 263 6 9 1584 8 1478 121 1720 52 90 238 5 37 207 285 620 196 1004 521 171 116 1276 1161 964 24 180 14 89 86 3 24 242 244 1021 373 254 85 80 50 309 202 55 2035 120 33 107 317 146 83 210 79 74 814 2 190 133 3 124 23 85 2234 275 55 64 61 34 110 518 30 386 298 52 185 94 192 54 295 317 1193 92 427 280 1 89 301 37 111 86 71 13 3 113 380 71 835 81 80 262 208 213 308 235 33 267 1375 171 243 470 395 75 93 15 14 109 158 171 561 302 22 78 71
