500 9 1
53 83 61 63 61 90 5 45 94 88 10 35 22 40 79 84 100 100 47 41 40 16 84 81 56 1 75 13 7 30 5 85 75 25 55 90 34 59 65 9 65 24 84 62 97 90 24 89 76 83 28 11 89 93 71 87 19 25 14 47 53 17 39 16 23 80 37 44 80 19 53 36 33 29 62 64 5 80 62 74 75 33 43 61 37 49 23 21 2 63 5 58 47 20 66 71 45 49 49 32 76 9 9 53 5 15 18 60 53 98 21 17 69 58 43 99 53 78 69 1 36 64 6 73 8 80 71 98 63 67 100 99 80 68 97 40 50 80 2 41 99 94 63 54 74 1 32 26 15 89 54 69 74 26 54 1 9 80 85 89 22 53 10 93 94 100 30 97 13 35 97 61 71 23 61 92 29 42 1 36 1 62 33 45 3 83 13 76 5 73 14 43 89 76 1 45 97 43 35 31 76 82 50 19 77 13 36 10 23 37 18 29 51 20 46 92 63 7 24 95 91 41 61 51 64 49 88 99 86 54 94 38 46 62 78 76 34 17 85 93 64 48 36 4 27 7 86 78 4 17 77 14 21 54 21 87 27 22 14 58 92 66 22 79 26 12 86 4 90 36 41 99 60 69 37 34 78 56 83 79 69 99 65 5 81 57 28 91 98 90 12 4 81 58 19 24 66 51 94 56 95 35 69 82 13 95 4 85 23 17 99 38 63 94 47 100 1 17 26 12 43 70 60 80 56 77 98 86 86 91 33 17 14 31 94 45 53 98 86 22 93 41 17 54 80 82 32 76 48 11 85 71 20 74 31 65 26 7 87 11 55 50 15 73 27 21 81 60 78 4 27 84 59 71 59 1 28 16 67 49 81 14 4 64 2 83 64 99 26 87 93 87 72 9 60 11 98 7 72 26 43 83 92 54 70 18 69 59 65 93 82 22 59 57 35 52 80 3 43 57 51 20 82 66 20 30 95 62 97 48 4 95 11 22 64 89 70 68 33 90 20 59 56 49 66 25 9 67 44 51 8 86 6 87 27 69 84 78 67 56 51 88 50 36 30 26 79 86 22 66 30 34 26 90 29 36 50 16 77 18 98 33 1 84 28 50 93 88 79 78 67 41 44 44 21 100 80 76 71 73

3 31 34 21 11 4 28 19 11 4 14 23 9 32 4 26 12 4 4 21 11 25 5 7 5 39 8 9 11 14 1 8 1 9 7 1 38 14 4 2 1 7 16 32 7 14 31 11 16 2 22 15 3 3 1 9 15 5 7 12 8 6 16 2 1 24 20 10 10 13 15 4 13 7 2 13 10 35 1 7 3 1 13 26 26 4 1 6 9 4 39 20 6 2 4 14 19 20 17 29 2 12 1 8 3 19 11 12 27 7 31 5 4 11 3 10 23 4 6 1 7 9 17 31 7 15 20 4 1 15 4 47 17 20 15 4 8 5 7 17 11 9 7 7 16 8 6 32 8 7 6 11 34 7 1 27 24 10 27 9 4 5 5 2 2 19 16 23 4 9 9 4 14 4 7 15 19 1 3 4 10 1 7 6 2 1 20 1 28 7 5 16 20 14 11 3 1 7 9 10 13 6 17 23 4 8 19 6 15 12 17 37 4 4 41 27 6 13 19 23 3 4 4 30 6 25 2 3 5 23 12 7 1 3 7 4 20 10 4 26 6 12 4 11 5 7 10 2 6 1 7 1 9 2 26 8 15 2 25 2 12 3 2 17 5 3 3 1 16 23 9 10 20 31 9 6 15 2 3 10 9 7 3 3 2 8 10 12 4 8 14 20 1 16 15 11 10 1 18 12 24 5 4 7 5 4 5 5 1 10 13 2 4 43 1 1 39 5 6 6 2 1 22 13 7 2 18 14 4 13 3 24 2 10 12 6 23 8 1 3 27 31 1 22 3 1 16 1 3 1 4 1 11 2 3 12 14 11 3 3 20 1 5 22 15 18 27 4 6 3 8 4 25 13 15 24 2 28 5 23 20 18 9 3 2 26 3 30 10 3 8 1 7 45 21 8 6 1 7 1 8 17 14 11 17 1 6 3 2 18 8 26 10 6 1 14 14 8 20 9 5 1 33 4 6 15 5 36 33 1 7 25 2 4 3 1 9 6 10 5 1 10 13 21 1 27 17 1 1 16 18 3 11 12 5 44 5 1 1 21 3 6 14 5 8 8 35 16 3 8 10 12 28 7 20 30 13 16 5 22 8 10 10 8 12 11 2 1 9 1 15 14 6 2 1 3 4 2 7 10
14 32 50 36 18 44 44 26 14 4 16 23 9 32 7 35 22 9 11 54 13 34 6 44 24 39 17 12 47 22 5 12 5 30 8 35 58 16 6 10 3 7 21 36 18 15 44 17 32 11 28 39 4 11 7 13 17 7 7 13 16 7 18 6 40 37 30 14 12 17 37 20 15 12 34 18 13 40 1 23 20 2 21 28 33 10 2 16 14 8 46 24 11 7 9 26 22 43 20 55 41 43 20 8 15 26 26 28 38 12 31 28 10 36 4 30 23 10 12 9 9 20 20 36 12 22 34 20 19 26 5 48 32 20 17 43 13 21 22 41 20 14 22 27 22 28 6 39 15 13 10 25 37 9 6 42 33 10 35 28 8 13 33 8 31 28 36 33 38 13 13 19 44 7 8 28 22 3 4 18 38 2 12 7 6 22 25 6 32 7 5 28 26 16 13 5 8 12 28 19 19 14 27 36 8 21 24 22 18 16 17 52 25 13 52 31 6 22 20 42 11 6 18 45 31 39 17 10 17 27 18 10 22 6 8 18 25 14 14 28 9 17 28 24 17 11 11 6 17 16 10 14 9 21 34 11 43 43 40 15 21 5 8 21 7 15 13 11 32 34 18 10 21 49 20 20 34 4 4 38 24 14 6 5 5 26 21 31 23 10 36 53 13 22 40 16 21 28 32 19 26 18 17 8 22 5 7 11 3 23 20 7 8 45 4 3 50 17 23 19 17 13 22 19 32 3 19 22 16 13 14 27 3 36 24 54 28 14 18 22 31 52 13 23 10 4 22 14 25 6 21 14 16 11 4 35 17 35 16 8 33 6 12 33 21 20 35 19 32 11 13 9 40 15 30 33 20 47 9 25 39 21 14 4 8 48 4 34 21 18 15 16 14 48 35 9 9 24 8 19 18 17 47 13 21 37 9 5 4 19 15 29 46 8 7 16 29 10 22 25 24 11 35 18 10 15 30 57 38 20 19 31 6 19 11 12 18 39 16 12 17 33 24 25 13 37 21 10 30 25 33 15 22 13 8 52 6 4 9 21 11 7 43 7 35 15 45 17 9 9 16 19 30 23 21 44 17 22 10 27 18 19 24 8 19 23 15 4 15 11 19 24 25 15 3 6 9 19 9 16
41 36 62 46 18 49 68 29 30 7 18 28 20 41 34 62 24 15 21 55 53 53 8 46 32 57 28 14 47 24 21 35 23 49 12 38 65 17 42 26 4 53 24 44 29 16 45 19 32 27 55 47 24 47 21 21 26 14 7 22 37 39 30 8 45 43 30 21 20 48 38 46 33 21 53 36 24 43 9 29 20 43 21 56 34 17 2 20 20 18 52 24 14 16 20 29 40 51 26 56 43 55 25 22 44 33 34 37 38 28 35 30 22 36 12 42 29 32 25 27 11 32 22 43 40 24 50 26 23 28 6 53 42 22 18 45 17 26 41 52 24 19 27 43 23 29 7 42 29 26 20 42 55 12 12 44 37 12 36 43 19 31 37 28 52 33 49 48 39 19 45 30 57 62 15 30 23 10 28 24 54 11 15 11 13 24 46 26 34 22 15 30 32 27 19 44 23 35 44 36 25 30 32 40 25 29 31 45 18 18 20 65 40 16 53 37 11 36 21 68 16 10 27 45 44 53 18 10 19 28 24 36 22 23 15 22 33 30 25 30 14 43 33 46 19 30 16 10 38 32 15 26 21 23 52 45 52 49 46 17 23 15 32 45 25 22 18 34 38 42 30 21 35 53 24 20 54 16 29 39 27 35 24 18 7 54 23 44 27 10 43 54 13 48 42 28 39 57 35 33 28 30 19 26 38 25 7 11 38 37 20 33 16 47 43 4 51 29 35 25 23 19 24 36 33 13 24 26 22 40 15 38 11 45 36 66 30 14 34 29 37 57 28 26 26 6 27 16 29 16 30 19 23 32 21 42 21 73 39 20 38 21 18 35 23 25 42 23 63 13 26 19 43 29 33 35 61 52 29 30 58 22 25 26 24 54 10 37 28 20 23 32 18 57 50 11 11 31 13 32 25 31 48 14 22 39 47 7 18 19 40 31 51 47 17 16 36 18 25 35 26 30 53 18 37 33 52 60 41 57 34 43 7 22 14 19 37 44 23 27 55 49 25 28 28 45 36 15 40 30 48 20 25 23 10 62 24 10 12 24 14 15 50 18 43 27 49 18 10 9 21 19 41 31 27 60 18 46 21 31 27 26 40 17 23 30 15 10 20 21 23 24 46 23 18 22 16 19 28 27
63 44 78 72 20 50 70 35 36 21 25 37 41 57 39 66 36 24 25 64 54 65 22 54 40 72 31 16 54 35 30 62 29 49 37 47 68 27 44 52 14 58 50 45 31 18 51 23 43 33 58 48 35 49 41 35 41 37 7 33 46 65 39 25 46 47 34 22 25 49 47 58 35 22 55 39 28 45 16 46 27 55 25 59 36 22 13 24 27 19 59 30 34 22 38 40 41 51 33 61 61 62 32 23 52 36 42 59 40 35 53 55 26 66 12 47 48 34 32 30 23 50 61 54 85 32 55 36 24 38 29 71 58 65 42 58 18 59 44 54 28 21 40 45 63 30 8 43 45 27 24 44 63 54 19 62 38 14 57 43 28 33 48 52 57 43 53 63 47 40 66 35 58 63 19 40 44 16 46 31 59 12 17 28 20 31 76 26 40 38 18 32 43 45 25 51 27 39 46 43 25 45 60 54 36 48 54 48 49 20 21 78 56 28 68 48 46 41 25 74 20 19 36 50 54 55 19 34 24 47 62 40 22 40 39 28 34 34 42 55 21 43 38 59 19 53 39 11 55 33 35 33 27 46 63 69 53 69 72 21 31 32 40 63 34 28 55 35 43 51 42 26 55 58 44 49 56 49 44 60 47 43 39 25 22 68 28 55 33 33 59 54 23 53 45 43 49 61 40 70 42 33 41 28 44 38 14 11 72 71 40 55 32 67 52 9 53 30 36 29 30 27 60 53 33 14 25 56 30 47 24 48 20 59 48 66 54 24 34 42 48 72 30 32 29 10 28 17 49 25 51 32 24 48 60 52 25 76 52 25 52 43 32 45 32 28 43 23 71 45 32 31 49 32 39 40 62 57 48 32 64 36 28 28 34 66 34 53 43 24 43 34 38 64 54 13 15 50 28 51 38 38 55 46 38 42 51 46 32 44 52 32 65 63 25 47 42 42 44 51 45 33 61 26 38 35 59 67 55 61 57 46 17 38 24 32 39 56 27 29 56 63 28 28 43 60 51 19 49 37 59 28 34 41 29 63 38 19 55 26 28 46 53 33 44 47 51 20 52 12 23 30 69 31 33 70 24 48 39 45 43 36 46 26 30 37 25 66 22 36 42 63 51 33 23 23 32 21 34 28
68 70 82 74 29 51 71 46 45 25 43 48 47 77 58 67 38 36 31 70 64 75 45 55 46 77 37 47 64 36 51 65 49 61 45 51 85 36 53 80 48 66 51 78 61 35 54 26 69 53 71 55 40 57 43 49 52 41 42 42 62 67 43 42 50 51 39 29 38 56 51 64 37 25 56 45 34 55 31 55 41 66 29 63 39 24 45 25 30 77 59 36 53 35 44 45 45 74 37 68 63 65 54 41 68 60 54 69 48 52 60 78 35 68 13 65 59 39 52 57 24 52 63 59 86 44 72 38 29 85 33 73 65 80 52 76 31 75 78 62 45 24 41 47 67 45 35 50 68 30 36 46 76 68 37 67 42 37 63 45 36 46 61 75 61 49 60 67 65 52 78 88 58 65 21 53 71 19 48 56 68 34 50 32 24 36 84 72 42 38 27 36 47 65 36 55 33 42 50 44 39 47 62 65 51 62 57 52 51 39 29 79 66 32 70 54 49 64 28 75 23 39 39 51 54 71 20 38 37 55 70 58 46 40 42 41 47 39 50 59 48 64 60 62 23 61 46 12 68 35 45 40 32 72 66 73 54 70 79 27 33 45 47 78 54 29 72 46 46 56 45 30 56 61 48 52 57 60 45 68 58 48 46 34 33 73 59 64 38 46 69 60 48 61 50 48 52 63 42 70 45 43 60 33 59 51 26 38 73 75 46 63 38 68 70 13 78 50 40 51 41 33 63 84 49 31 54 61 30 65 34 54 46 76 51 71 61 27 45 44 78 75 52 39 43 51 50 24 62 26 65 45 29 54 64 77 43 77 60 51 54 61 36 49 34 35 45 23 75 61 34 35 65 34 56 41 63 66 51 53 74 46 53 51 56 72 70 63 48 47 43 42 42 65 56 57 44 54 30 52 52 39 71 67 42 46 68 63 45 49 52 45 84 67 28 54 54 45 46 64 46 35 62 50 53 42 61 72 58 86 70 53 59 71 34 39 56 69 32 33 64 73 29 33 50 66 55 48 51 39 67 41 40 43 34 66 59 54 70 51 38 48 53 47 54 73 63 37 53 22 37 41 79 47 45 72 28 49 48 48 43 56 66 54 32 41 43 67 27 61 53 63 59 35 24 29 37 33 39 41
75 71 84 79 57 68 72 50 60 33 61 82 60 80 71 79 46 51 35 89 64 77 56 62 62 80 64 51 68 63 57 66 49 73 49 63 90 41 64 89 49 75 62 84 62 42 55 46 70 71 75 59 61 62 49 61 86 52 49 45 67 87 64 57 64 62 57 38 65 58 58 69 38 48 67 83 55 58 75 62 52 84 30 76 41 30 47 28 51 82 62 54 77 39 53 70 46 91 49 82 78 68 69 46 69 69 55 83 48 74 71 78 58 70 24 67 61 47 68 66 49 58 72 64 88 72 74 52 30 86 51 77 67 80 74 82 33 84 80 65 58 31 60 51 71 49 37 55 71 39 38 57 80 73 43 70 48 49 69 47 54 57 62 84 69 52 67 70 86 67 80 90 82 67 40 60 71 27 54 71 72 54 50 50 26 38 89 75 59 44 41 48 62 88 46 59 63 45 67 45 62 50 65 69 61 75 64 69 70 51 34 89 68 34 74 58 53 66 40 80 31 51 41 65 57 74 24 66 57 74 71 61 48 51 44 55 70 49 69 74 51 80 74 72 43 70 51 31 74 40 67 43 53 81 80 73 66 74 82 33 46 47 79 80 75 31 73 75 65 66 80 33 57 67 68 76 64 63 50 74 64 83 48 40 55 75 64 64 45 48 73 60 51 71 71 52 56 69 54 79 47 62 63 58 62 58 40 47 75 77 49 80 40 69 73 36 82 70 43 58 51 55 73 86 66 44 55 61 46 67 53 64 51 88 68 76 68 31 46 46 89 82 56 80 58 55 82 27 65 28 72 54 39 59 73 89 69 77 66 62 72 69 41 49 55 46 52 47 76 69 40 68 65 63 64 45 73 80 65 56 78 49 54 60 60 78 77 68 78 48 78 50 49 66 59 72 54 80 55 78 58 41 81 70 43 64 68 72 63 65 68 53 85 72 34 72 70 77 48 72 49 47 64 52 58 44 73 73 61 86 75 53 61 73 77 50 85 71 36 37 73 83 36 40 64 93 70 60 70 69 74 56 58 53 63 79 60 61 71 52 42 78 73 68 63 74 75 39 64 33 43 61 79 52 60 74 31 56 48 54 51 57 74 54 39 45 44 74 46 64 59 71 62 57 28 41 45 58 46 46
78 71 85 83 59 91 88 65 64 55 70 91 62 83 79 87 72 75 39 90 68 86 72 72 87 86 70 62 85 72 59 81 83 78 53 69 97 62 67 93 60 81 64 85 83 49 67 67 77 83 93 63 80 64 58 76 89 65 58 80 78 89 65 64 67 69 75 68 70 64 92 76 51 61 75 87 83 60 85 62 57 87 44 86 47 31 74 39 59 91 72 80 78 41 90 80 78 99 67 88 85 92 72 65 80 75 59 89 53 75 73 79 66 75 73 69 64 49 91 84 50 69 83 70 89 81 75 57 48 93 82 79 85 82 76 89 34 90 81 70 60 52 60 54 74 72 40 61 83 68 50 95 83 74 63 72 52 55 75 60 55 64 73 88 79 53 69 81 92 71 82 91 83 80 50 74 83 27 54 82 77 62 52 68 63 63 90 92 61 64 53 51 66 90 50 71 71 58 72 81 67 64 68 80 70 82 74 86 72 58 38 95 82 59 78 69 78 92 42 81 63 59 52 74 79 81 55 70 84 80 74 81 68 67 49 66 88 50 83 79 71 84 82 72 85 83 52 44 75 75 71 78 70 85 83 80 71 77 82 35 59 69 79 80 77 62 85 81 67 69 84 39 63 67 82 78 72 65 64 82 85 84 55 44 60 79 65 67 48 52 96 68 61 74 86 57 68 80 73 80 75 71 68 76 66 93 41 56 76 90 66 87 47 76 73 41 84 72 67 79 65 57 74 87 75 67 57 65 61 75 73 66 73 90 72 77 75 35 68 61 96 83 72 85 64 61 83 42 78 29 75 55 57 81 74 90 77 80 75 72 83 78 43 60 62 47 53 55 78 70 71 76 93 66 70 54 74 88 80 66 79 69 58 70 62 82 83 89 82 87 89 82 62 68 69 76 72 80 64 95 75 57 86 84 45 72 70 73 66 70 77 53 87 79 44 75 77 84 54 72 57 67 78 59 68 55 90 79 62 94 76 74 68 74 82 79 89 82 51 49 77 89 65 63 75 93 73 80 71 86 83 66 86 62 76 89 77 75 75 79 56 78 76 85 70 89 85 49 67 40 44 66 87 54 62 95 47 57 54 63 58 66 82 77 59 49 49 77 65 90 68 73 75 68 48 69 58 79 62 48
95 82 96 93 75 92 90 80 65 62 87 93 66 89 79 95 77 94 56 91 81 87 85 92 90 94 71 68 88 82 77 86 91 79 57 71 97 66 85 94 66 86 79 89 87 62 76 88 91 95 96 64 84 69 86 89 90 76 90 94 90 96 76 76 72 79 94 92 88 90 96 78 58 64 87 89 91 63 87 91 75 88 55 91 75 35 77 83 64 92 89 82 79 49 92 90 84 99 81 93 86 93 79 75 88 75 69 90 67 98 84 87 75 81 97 89 81 60 95 85 68 71 89 91 97 88 86 73 79 98 86 91 88 83 77 98 53 93 82 80 81 61 79 56 77 84 58 83 89 85 59 97 97 85 70 94 54 76 87 79 86 72 84 91 86 58 78 91 94 97 84 98 91 82 56 84 84 59 65 86 94 67 74 82 83 92 91 98 88 82 60 89 72 94 67 79 77 73 75 91 84 85 84 89 75 92 81 86 83 70 59 96 83 64 85 89 78 95 52 81 73 90 62 100 89 83 61 80 89 83 95 86 83 70 61 70 91 85 84 86 72 91 88 79 100 84 61 75 81 76 85 79 76 91 87 97 82 86 84 36 74 83 80 84 78 73 86 92 71 81 88 49 82 79 84 92 97 68 72 86 94 86 63 57 79 80 80 86 55 65 96 83 74 76 91 65 85 84 74 80 82 74 91 77 84 100 93 81 88 91 86 89 61 95 74 51 88 94 77 82 97 60 81 91 84 86 72 72 62 82 89 80 78 93 75 94 97 71 88 63 98 83 96 86 67 77 85 88 97 80 76 72 68 82 79 94 84 94 76 90 88 85 69 71 84 87 68 87 83 80 72 77 95 75 89 66 89 88 88 84 83 78 66 92 76 84 90 94 88 99 90 97 70 95 83 77 85 87 79 100 84 90 89 93 86 75 77 93 94 74 89 67 100 85 83 76 90 92 66 73 67 71 80 81 83 61 93 82 85 95 80 84 82 82 85 79 92 84 54 74 85 94 89 82 79 94 95 96 86 91 87 76 89 77 76 96 84 84 79 87 58 80 87 89 94 97 94 56 80 69 77 82 99 65 76 99 81 67 68 66 67 81 86 92 71 54 76 90 79 96 93 79 88 89 64 75 76 89 88 54
99 99 97 95 84 93 97 84 91 85 89 99 83 94 87 100 83 98 70 95 95 97 87 98 91 96 84 79 92 91 100 96 94 92 93 91 98 82 91 99 96 99 93 100 98 72 92 100 93 99 99 65 87 70 97 99 92 85 91 99 98 99 77 78 84 80 99 97 93 100 97 83 73 93 95 91 97 98 99 97 94 88 98 99 87 70 78 89 75 98 100 89 96 79 99 96 90 100 97 100 92 99 87 87 93 85 83 95 76 98 92 87 91 95 100 97 92 61 96 95 92 92 100 91 99 94 93 95 90 99 89 98 91 97 98 98 82 96 99 96 90 92 97 96 83 94 63 99 95 96 62 98 98 89 92 98 79 77 96 99 99 74 87 94 87 63 81 92 100 100 92 100 96 97 81 86 86 90 71 87 99 96 91 100 91 92 95 99 98 95 76 91 92 95 85 98 94 79 81 93 90 92 100 90 86 94 87 100 98 83 67 99 97 100 92 96 78 97 97 97 84 91 92 100 93 84 96 100 99 96 96 90 98 81 76 90 99 89 91 97 98 97 93 98 100 85 72 78 91 95 98 80 79 91 91 99 83 93 98 46 91 87 83 100 82 81 88 96 83 82 94 74 98 86 84 93 100 80 93 98 95 97 80 98 87 90 97 93 68 84 100 100 95 78 96 81 92 98 75 88 97 99 94 100 98 100 96 91 91 98 94 94 86 97 92 57 95 97 96 87 98 91 88 93 95 88 98 82 63 96 92 97 87 100 75 95 100 79 100 71 100 97 97 89 99 84 89 96 99 80 77 92 76 98 90 96 90 96 78 100 91 97 91 91 97 92 69 93 90 87 100 94 95 96 100 71 92 95 89 98 90 94 99 94 77 90 98 100 96 100 97 99 93 100 85 79 90 96 92 100 87 93 98 99 94 91 90 100 97 88 100 90 100 100 90 86 92 92 93 87 71 77 91 91 91 70 100 89 87 96 87 97 98 85 91 95 93 99 90 80 100 94 95 89 81 95 96 98 97 92 95 92 94 85 100 96 99 90 81 91 97 81 90 98 97 100 99 59 93 93 95 92 99 80 88 100 87 91 78 90 81 82 88 99 77 58 80 98 84 98 96 92 91 97 78 98 86 94 98 92

97 25 62 60 32 13 66 93 85 75 26 6 17 95 86 79 93 99 55 17 9 84 15 52 74 29 4 7 66 19 20 75 32 62 58 2 27 34 89 55 92 36 77 9 58 88 59 18 65 93 57 48 43 47 19 55 43 61 82 23 50 35 45 76 4 56 97 97 89 65 14 96 34 27 8 91 45 68 99 48 89 21 7 64 41 98 68 96 19 65 50 13 61 80 7 28 76 51 48 93 45 74 10 86 3 19 25 29 78 78 59 75 9 47 5 84 37 10 41 95 9 70 16 61 12 62 36 33 66 51 92 51 63 54 73 20 74 23 57 40 33 53 9 95 48 95 63 78 16 48 50 75 45 27 28 94 20 60 53 87 4 3 45 80 100 99 83 69 64 80 14 60 29 50 84 16 83 78 82 64 93 14 21 91 37 27 43 1 96 95 61 71 53 6 61 74 46 60 73 40 19 96 70 37 77 75 1 33 30 20 21 78 92 6 87 7 75 90 7 35 76 66 10 5 56 31 14 48 21 90 55 51 43 78 97 97 86 37 22 25 62 76 72 36 33 48 22 99 37 14 76 16 14 95 45 31 86 96 43 91 78 73 54 87 100 81 78 64 51 61 88 26 9 97 14 71 18 61 16 58 18 99 46 7 9 10 9 16 69 49 12 85 86 35 57 62 97 37 6 57 98 7 7 38 63 6 97 58 92 84 71 44 60 91 75 34 47 2 62 52 98 58 34 31 68 90 9 66 83 14 59 13 16 40 9 29 56 69 55 51 83 63 2 51 2 55 10 83 76 33 63 15 38 22 87 29 93 82 42 23 37 4 57 57 51 22 24 54 4 93 69 79 16 78 25 83 96 43 86 88 89 85 29 99 43 17 81 70 70 96 53 42 53 50 20 96 8 7 24 20 56 50 40 72 9 52 4 10 10 78 76 35 42 46 80 80 58 87 80 24 26 40 39 28 64 39 50 3 52 20 87 65 24 8 69 17 65 90 8 54 41 9 37 57 45 94 12 98 92 34 17 46 47 83 58 10 39 33 97 3 85 26 84 29 72 89 58 31 11 9 6 24 78 69 89 77 13 72 87 41 69 50 93 47 48 18 60 14 95 72 23 63 77 52 62 38 81 37 22 65

252 857 205 212 1025 491 68 174 1314 469 295 304 30 1893 317 337 2192 326 521 604 2164 270 1378 1252 66 266 500 2673 16 803 168 1030 108 360 516 563 414 1859 429 126 615 146 142 795 190 593 319 1109 512 951 631 334 1703 363 531 364 99 341 580 295 716 44 1287 2001 109 3229 121 1597 1627 617 2771 731 218 109 507 2378 413 200 197 405 1089 689 314 307 689 299 143 334 988 3339 144 283 531 50 150 497 477 138 355 440 503 1650 695 329 616 140 246 106 123 566 53 64 107 825 158 506 153 1896 80 18 280 319 104 495 153 447 1718 108 129 226 441 354 710 932 758 790 999 132 79 423 128 179 247 134 1659 232 164 1565 1126 95 152 322 81 712 254 432 1193 661 1918 238 206 414 430 561 1195 153 4630 1588 1351 66 1149 1086 1317 2124 652 204 43 243 610 734 657 91 49 456 184 2027 260 1215 353 227 348 168 245 108 252 474 1030 258 88 507 138 118 140 41 333 317 596 2391 2844 1388 1465 88 214 247 91 2391 64 57 1617 673 198 337 729 467 190 1128 224 336 299 122 806 70 286 433 141 100 917 279 408 380 334 1163 110 1436 1297 687 544 1331 791 405 445 614 271 457 179 166 243 417 701 852 478 169 1512 1114 591 428 210 282 222 297 246 975 71 164 734 1643 1185 1942 362 232 539 149 2289 12 2362 57 979 963 1751 129 394 231 2924 125 2132 3655 553 168 1863 453 315 191 276 2175 609 1003 338 145 2583 242 293 203 437 1829 692 2454 1488 140 54 857 772 1024 84 614 408 2809 157 405 181 1788 654 768 1168 991 1085 3091 407 993 181 332 586 453 595 1431 770 403 181 423 432 1234 4161 874 605 210 67 854 499 147 683 223 327 81 925 213 161 307 873 840 297 1005 602 1057 676 414 1312 436 344 318 314 1258 132 329 427 85 131 411 937 502 176 1110 335 3062 179 29 3465 1359 600 122 1157 819 101 1019 387 1522 512 434 102 219 796 224 1962 744 370 75 305 839 583 140 468 365 58 70 153 1296 1229 409 569 1490 333 540 81 502 118 1005 464 431 166 1411 433 1101 680 220 458 163 322 359 14 1043 225 627 78 294 438 111 430 1585 288 1021 242 166 550 620 182 722 349 870 139 538 647 546 105 533 302 632 354 494 73 2787 2375 711 2588 100 1419 147 184 557 345 682 359 88 355 603 442 1673 120 116 136 594 121 1383
487 2786 452 413 3524 722 1695 204 1502 965 807 2152 80 2447 1566 923 3794 331 748 1621 3048 482 1602 3902 360 704 1792 2927 79 3291 2328 1304 150 647 1001 1027 1040 4871 708 303 1584 848 995 1378 1013 1087 399 1450 713 1218 2874 395 2487 1155 709 861 646 363 641 518 1172 301 1568 3493 942 3540 440 1658 2182 1173 3343 1257 504 545 668 4396 1066 467 269 2162 1618 735 1207 1501 2720 482 647 446 1154 3645 196 367 565 570 523 626 828 283 753 503 547 1785 1419 674 879 237 535 502 3453 660 894 77 483 843 3274 755 461 2204 133 727 336 1348 330 830 160 872 2499 1611 588 2165 1421 534 787 1177 760 1255 1743 263 149 669 2024 344 5857 155 1812 2012 283 1708 1609 313 2109 629 491 1122 377 900 1898 716 2067 517 503 635 1155 615 2403 320 5401 1738 1494 246 1289 1856 2881 2735 668 349 2053 514 1435 1052 1256 326 178 481 896 2477 790 1250 1142 355 455 352 403 198 1154 854 2980 560 484 1000 421 231 362 207 1233 1394 1066 3128 3450 2224 1750 451 649 480 389 2651 492 376 1748 3241 925 1272 1103 877 236 1483 364 1139 407 169 1124 952 319 485 166 460 1498 331 825 492 345 1236 167 1533 1524 1418 1020 2913 819 498 577 780 822 1137 1120 1107 1262 2085 1259 979 1238 893 1541 1178 1318 2532 822 855 471 974 422 2703 370 337 1723 1781 1898 3772 1737 562 638 2727 2539 69 3394 1343 2207 1281 2162 216 754 373 4360 668 2159 5641 1110 959 2616 3385 666 996 345 2414 2235 1340 482 354 3853 706 777 350 1536 1941 719 3769 1509 148 1548 1339 933 1337 615 1396 858 3511 1136 795 841 1865 765 1456 1494 1470 1960 4581 2274 1830 193 675 1394 1466 764 1617 835 855 1121 724 1094 1249 4370 910 1032 238 119 1402 682 202 769 576 890 347 1573 294 897 516 977 1227 489 1511 1900 2195 713 858 1404 877 897 459 380 2423 1054 650 655 269 907 1034 1258 1324 697 1175 443 4228 271 195 3650 1588 1768 598 1174 908 1439 1787 1087 2333 590 910 544 459 897 228 2581 1440 698 764 426 1112 656 173 501 556 691 72 376 2544 1295 432 579 1708 382 547 244 979 444 1310 490 668 167 1993 1329 1663 1872 477 1275 1733 896 900 130 2225 417 1323 373 511 474 136 1319 1751 1156 1202 428 345 1041 1135 294 2371 701 1011 376 655 653 636 109 561 617 724 531 1181 243 3020 4311 1575 3096 1142 1510 506 949 561 739 1037 780 863 1339 2156 595 2000 243 1110 245 2315 260 1467
705 3220 516 738 4879 841 1796 475 2694 1483 845 2428 778 2666 3051 994 5484 383 929 1702 3050 1396 3489 4409 375 1198 2095 5605 974 4030 5909 1383 1101 1143 1224 1240 1157 5059 733 306 1888 2449 1454 1995 1563 1165 1478 1468 1203 1326 4649 634 3732 1402 712 1417 1293 537 994 813 1828 542 1713 4952 1456 4858 540 1773 2558 1209 5425 1399 1008 829 862 4861 1362 593 345 2205 1711 1053 1424 1635 3069 747 1536 463 1647 3669 201 856 630 705 980 703 1095 314 2890 782 1020 2165 4204 1874 911 321 549 651 3860 1481 1377 1437 1208 1102 3732 1081 471 3253 276 736 410 1437 693 1379 546 924 3632 1652 1021 2933 1738 541 1192 1259 915 1300 2617 274 326 762 2213 466 5917 703 4839 4574 787 2031 1796 1361 4107 926 508 1284 1579 932 2067 1006 2475 1179 1286 1159 1651 1106 2604 518 6054 1770 2724 1433 2229 2695 3305 3007 983 1416 2450 1157 1572 3050 2404 934 209 719 2621 3436 1168 1264 1171 391 465 2024 500 2772 3135 1203 3392 677 1621 1257 517 847 606 909 3364 1810 1083 4190 4764 2473 1946 674 1356 561 454 2877 657 502 2496 3753 2148 2111 1162 946 814 1904 994 2118 481 521 1397 1189 531 1007 348 646 1696 1137 1662 1052 416 2599 241 3587 2286 2840 3897 4025 975 624 641 823 857 2189 2079 1245 1839 6643 2228 1019 3285 2213 1689 1268 2520 2755 1047 1010 552 1310 563 3709 1516 768 1827 3327 2121 5372 1783 578 828 3200 3691 340 4644 4123 2499 1831 2468 423 1358 2118 4525 1192 2581 5849 2021 1008 5117 7079 886 1029 711 2569 2320 1344 519 1600 3971 1901 1066 956 1597 2317 896 4469 1985 456 2379 2643 2409 1898 1439 2569 925 5788 1285 1100 2870 1954 1008 2565 3613 1621 2671 5286 3375 2397 2446 2338 2092 1830 1008 3712 1120 919 1234 1453 1579 1249 5314 1963 1580 1554 766 1422 1667 794 1450 3256 1467 2308 1607 440 1201 804 1019 1236 1043 2102 3227 2309 890 1246 1471 2058 1140 658 726 5237 1513 970 1040 705 2055 1587 2045 1394 751 1427 449 4440 574 197 5309 1909 3503 712 1347 1333 1518 2130 1354 4114 743 955 935 725 939 438 2922 1963 6118 1655 877 1317 667 362 1082 610 994 382 935 3019 1674 690 939 3004 549 1638 249 1448 1148 2183 686 809 498 2947 1458 2208 2215 833 1442 2322 1843 1048 173 3625 1419 1779 1413 978 3122 140 1477 2203 1250 1490 2678 349 1444 2405 1054 2648 1233 1177 648 1243 674 963 1445 2226 3605 793 1040 1365 408 4063 5002 1911 3372 1823 3396 561 1794 631 793 1125 1360 872 2071 2567 1563 3529 838 3341 1169 2545 290 2106
846 4247 867 986 6562 1261 2288 1125 5368 2573 1139 3984 1075 3503 3169 1036 6979 620 1414 2281 3090 2334 4239 4618 391 1473 2232 5665 1024 7160 5994 1474 1355 1356 1594 1995 1269 5589 892 982 2763 2943 3638 2343 3326 1401 1481 2860 1343 4098 6808 1481 4748 1579 1410 1451 2500 565 1099 960 2022 775 1991 5320 2419 5390 629 3290 3453 2032 5997 2665 1101 1476 1076 6025 1699 2325 971 3092 2593 1470 1630 2005 3623 845 1726 1422 3397 4814 414 1124 1037 1128 1743 2025 2593 547 4181 1537 1126 2581 4474 2096 1618 399 973 705 5540 4383 1829 3150 1513 1607 4110 1259 1703 3401 480 1119 658 3071 1392 1432 587 1056 3823 3864 2463 4322 1815 1778 1257 1279 1636 1403 3232 1991 398 1128 3974 1043 7482 768 5851 4848 2047 2466 2237 1499 5408 1078 1123 1353 1645 1736 2077 1204 2558 1280 1295 1193 2067 1803 3194 1509 6943 2125 3069 2109 3073 2731 3814 5840 995 1820 2594 1424 3181 4771 2510 1243 634 911 3325 4472 1966 1543 1280 563 1012 2714 560 2901 4283 1406 4192 943 2083 1866 556 968 617 2725 3627 2051 1555 5042 4879 2654 2022 1183 1875 1023 507 4567 754 2564 2527 4522 3325 2224 1511 967 828 2015 1229 2386 777 989 1946 1325 592 1576 2195 839 1866 1203 2727 1320 606 2785 589 6277 2566 3127 4108 5206 1113 1618 656 888 1683 3565 4153 3513 2028 7572 2364 1514 3494 2753 2708 1427 2724 3384 1109 1019 1305 2006 1460 4059 2245 770 3233 4126 2207 5468 3598 673 1193 7081 4995 880 6474 4507 2742 2898 2515 1121 2657 2554 4562 1438 2855 6994 2245 1202 6256 7345 1031 1361 955 2743 2350 1390 552 1632 4425 2292 1239 1156 2330 2894 1539 4644 2085 1302 2707 2949 3096 2432 1488 5008 1196 5890 1347 1175 3194 4472 2959 5530 4503 2455 3421 5560 3397 2714 2979 2914 2116 2473 1073 5480 2520 1813 1467 2049 1710 1754 6617 2327 1596 1732 1056 1507 2595 1458 1700 4824 1543 3481 2911 466 1448 1227 1188 2841 1793 2852 3599 3928 1414 1526 1662 2634 4063 678 787 6276 2602 1047 1114 1140 2140 2115 2509 1742 1129 1606 631 5092 680 478 5627 2893 4573 881 1881 1414 1558 2540 1507 5431 1023 970 992 763 1374 1098 3155 2161 6510 1664 973 1535 1188 819 1089 1140 1252 481 1479 3339 2145 817 1436 4432 872 1648 304 1726 1845 2866 723 1041 811 5363 2310 3207 2807 1711 2330 6093 4320 1064 892 4503 1669 1895 2678 1008 3669 1303 1508 2386 1587 2157 2836 369 1872 5744 1396 3428 1285 1248 1377 1259 729 1110 1871 2445 3798 3296 1485 1631 443 4652 5424 1969 3560 2868 4494 770 3081 671 1063 1611 1814 1153 2436 2910 2119 3921 1259 4001 2458 3428 569 2593
1660 5268 1073 1179 7015 1496 2543 1281 5538 3487 1625 4228 1610 3682 3985 1076 7300 656 1655 2699 3290 2509 5859 6430 477 1818 2484 5738 1472 8114 6318 1649 1441 1455 3160 4325 1492 6329 1216 1099 3010 3264 4250 2485 3997 1671 2158 3667 2518 4544 6836 1674 6882 2058 1460 1908 2632 1261 1505 1372 2672 1051 2451 5477 2437 6131 669 3617 3734 2131 9000 4260 1156 1505 1503 7409 3207 4225 1135 5010 2634 2315 1675 2016 5119 923 3530 1883 3702 4852 644 1905 1518 1637 1930 2547 2953 1010 5767 1920 1223 3440 4532 2837 2197 668 1229 892 6793 6281 2811 3318 1579 3243 4185 2184 1761 4256 674 1593 866 3667 1572 4343 1176 1203 4379 4156 3371 5604 3601 1819 1405 1356 1714 1453 4608 2300 424 1164 4352 1044 7891 1306 7265 6423 2064 2471 2389 1914 5457 1335 1766 1409 1692 2665 3206 1478 2618 1600 2564 1340 2958 1824 3841 2420 7560 2203 3280 2477 3356 4332 5408 6561 2263 3009 3412 1857 5106 4885 2712 1312 1108 1058 4261 4751 2319 1970 1528 567 1265 3585 1082 3517 6629 1829 6272 1280 4942 1974 1294 1045 802 2970 4340 2083 1650 6654 5251 3620 2429 1283 2088 1029 549 5732 853 4851 3144 6085 3422 2393 1906 1470 1948 3148 1753 4135 817 1212 2017 1653 1038 1851 5359 939 2064 2031 4312 1988 714 3470 649 6406 2681 3634 4439 5866 1485 1706 891 1145 3578 3592 4602 4145 2518 7612 3194 1671 3568 3040 2916 1464 2740 3432 1178 1094 1448 2650 1475 4093 2771 795 5056 4285 2853 6046 3943 1346 1346 7853 5577 1036 7785 4904 2898 2944 5050 1257 2702 2743 5612 1582 3723 7190 2848 1306 6581 7556 1052 1600 986 3530 4451 1631 593 2243 5635 4714 1262 3056 2453 4441 1584 5825 2749 1394 3588 2977 3390 2503 1699 8285 1456 6665 1459 1207 3391 4649 3839 5738 4798 4202 3612 5637 3426 2787 2994 2945 2182 3006 1233 5691 3874 2330 2563 2561 2047 2441 7303 3009 1777 5464 1801 1571 3760 1614 2719 6135 1612 4361 3124 564 1481 1598 1513 2882 2233 3103 5524 4033 1962 2302 2973 7463 4364 863 1419 6283 2707 1669 1416 1591 2853 3317 2707 2077 1506 3575 777 6655 686 613 6655 3969 4773 1028 1898 1535 2035 2979 1967 5686 1182 1051 1143 773 1628 1098 4212 2264 7350 1685 1590 4626 1298 1245 1150 1657 3034 938 1565 8512 3208 1611 1451 5764 1074 1734 368 2980 2195 4151 851 3322 970 6786 3563 3262 2911 1799 2804 6647 4909 1393 1332 4851 2269 2487 3725 1163 4041 1407 2302 2522 4137 2480 3566 635 2544 5916 1776 5040 1695 1401 1395 1386 793 1169 2011 2524 4403 3946 1504 1755 453 5562 5655 2521 6157 3035 4687 846 5305 729 1090 2006 1879 1397 3071 5786 2605 6322 1586 5441 2613 3762 689 4057
1691 7189 1199 1389 8244 1604 5139 1298 6111 3568 1679 4306 1947 3838 4004 1297 7528 662 1907 4121 3806 2559 6127 7204 1474 2069 3205 7237 1530 8640 6820 2041 1882 1840 4346 5084 1552 7447 1303 1491 3239 3304 4383 3468 4065 1966 2283 3731 2655 4703 7202 2012 7547 2241 1723 2786 3357 2500 1706 1566 3379 1252 2828 5703 3249 6369 909 4016 3893 2919 9051 4790 1264 1528 1848 8037 5042 4934 1331 5770 3967 2495 1811 2299 5128 1743 3799 2955 4391 5678 691 2154 1892 1665 2764 2876 3584 1226 7191 1981 1660 3457 7268 3713 3687 1122 1643 1060 7487 7239 3382 4339 1589 4421 6677 3466 3988 7803 1072 1617 1208 5102 2169 5868 1448 1218 5419 5484 3603 6189 3648 2025 1444 2074 2106 5089 4645 2412 448 1401 4672 1271 8231 1476 7672 7445 2082 5152 2881 2180 5732 1747 3015 2268 3880 3260 3288 1785 2797 1729 2603 1430 3486 1834 6627 2866 7760 2663 3575 3160 3488 5694 7236 6708 2989 3163 5156 2112 7264 4972 3612 1372 1175 1311 4526 4760 2354 2540 1949 1502 2631 3973 1873 3585 6709 2196 7410 1391 4982 2520 1805 1571 1869 3122 4512 3694 4098 7359 6262 4478 3428 1602 4254 1084 1686 5741 1366 7055 4174 6168 4013 2501 2021 2248 2186 3660 2492 4340 1017 1235 2566 1721 1083 1867 6245 1004 2985 2510 4455 2048 730 3987 728 6986 3038 4249 4860 6667 2780 1949 1305 1184 4632 4176 4978 4963 5414 7790 3241 1855 3985 3461 3183 1502 2925 7198 2094 1458 1645 3592 1854 6929 3239 1128 5484 4880 2896 6797 4206 1402 1354 8552 5592 2666 7928 4997 3659 5585 5097 1298 3166 2996 6764 2202 3813 7725 3388 1679 6720 7631 1062 3021 1349 3845 4905 1634 636 2331 5835 5189 1586 4389 3018 4753 1595 6625 2991 1415 5852 3310 6885 3328 2111 8358 1768 7512 2202 1800 4672 5253 4515 5958 5989 5297 3623 6329 3641 4170 3335 3844 2292 4225 1619 6491 3932 6529 3207 3061 2288 2629 8178 3311 1881 6837 2429 1702 4080 1982 4019 8129 1816 4379 3172 1401 1536 1650 1634 3731 2408 3245 5569 4041 2083 3141 4098 7763 5023 1510 1685 6947 3309 2025 1517 1913 3287 3570 2885 2505 1736 3686 894 7997 1360 1181 7059 4350 6277 1052 3442 1717 2093 3677 2174 6035 1351 2178 1217 1550 1760 1276 4236 2277 8061 2425 1924 5856 1683 1558 1183 2545 3812 1065 1626 8571 3447 1796 2252 8878 1170 1912 497 4048 3296 5226 1312 3514 1075 8658 4617 3536 3097 2352 4142 7697 5492 1475 1611 4890 2375 3490 5015 1278 4568 1431 3592 2712 4220 2868 4954 1066 3984 8029 2073 5452 1867 1572 1770 1448 1252 1579 2154 2914 5130 4928 1849 2118 1009 5948 6504 3348 6953 3126 5079 1190 6541 1132 1235 3071 1904 1553 3700 7000 2634 6627 3514 7622 2971 4218 933 4973
1907 7834 1750 1513 8878 2151 7355 1771 8596 3767 1996 5526 2018 3942 4079 2037 7909 794 2012 4140 4122 2613 6203 7610 1965 2273 3290 8049 1691 8734 9061 2090 2199 1903 7565 5465 2230 7706 1385 1887 3329 3313 4896 4291 4197 2226 3129 4312 2940 5338 8058 3197 9445 2304 1803 3796 3514 2853 1861 1697 3834 2170 6212 6937 3654 8465 1478 4023 3986 2988 9284 5281 1503 1729 1874 8042 6677 5129 1929 7080 5066 2939 2122 2786 5605 2062 3860 3479 5596 8820 1131 2609 2319 1901 3017 3704 3586 1255 8816 2214 1736 3751 7573 4552 3826 1327 2038 2136 8159 7590 3612 4572 1806 4743 8286 3962 4335 8495 1924 1748 1393 5296 3180 7522 1500 1483 6657 5954 3757 6409 4184 2137 1631 2199 2246 8617 6411 3767 1210 1789 4710 1625 8642 1480 7840 8123 2136 6823 3441 2216 7047 2209 3637 3027 4068 3929 3853 1798 3572 1737 3427 1438 3831 2218 8846 2936 8023 3634 3742 3199 3985 8039 8453 6776 3281 4203 5583 2204 8519 6088 4726 1807 1421 1348 5122 5338 2393 4583 2027 2354 4472 4569 2923 4480 6849 2448 7660 1479 6464 2868 1852 1609 2034 3163 5650 3906 4190 8460 6594 4671 3948 1650 4672 2161 2098 8788 1931 8081 5132 7124 4142 2690 2306 2304 2235 9279 3891 4755 2178 1529 2769 2315 1386 2747 6846 1302 3977 2763 4569 2249 1138 4836 2031 7435 3203 7424 6506 6688 2892 2323 1424 1628 5329 5657 6421 6612 8855 8381 3365 2067 4401 3494 3300 1744 2960 7606 2300 1544 1817 4386 1881 7779 3286 1601 6762 5922 3058 7048 4399 1954 1506 8891 6379 4095 9635 5189 4195 5985 5680 1803 3574 3414 7553 2308 3891 9190 3427 2681 9760 7711 1316 3961 2237 4211 7199 1779 967 2472 7625 6853 1762 4783 3069 5070 1837 8142 3411 1843 6745 4605 7131 4113 2908 8942 1794 7697 2280 1877 6406 7030 4630 7856 8548 5312 3677 6912 3966 4293 3641 3847 2314 4251 1770 8668 4367 6531 4409 3380 4250 3235 8961 3556 1889 7584 3519 1911 4442 2013 4124 8853 2347 6492 4338 1593 1677 1740 2180 4117 2760 3949 6169 4306 2584 3562 4866 8711 5133 1669 2189 7305 3808 2554 1709 2047 4536 4383 3406 3422 1816 4331 1315 8767 1435 1291 8316 4661 6951 1442 3750 1860 2325 4743 2218 8646 3145 2245 1268 1623 2029 1431 4994 3529 9152 2457 2035 6799 1712 1962 1413 3035 4367 1113 2203 8617 3593 1957 2281 9105 1882 2109 1207 4049 3431 5264 1360 3584 1151 8845 5466 4488 3138 2946 4150 8282 5882 2198 1766 5056 2486 3527 8203 1386 6575 1848 5261 2882 4232 3488 5563 1791 4399 8972 2074 6151 1907 1818 1964 1882 1291 1615 2675 3079 5399 5681 2095 2178 1110 6564 7363 3486 7975 3846 5778 1529 6842 1618 1596 3873 2142 2028 3778 7125 3686 8533 3989 8106 5003 4278 1398 5771
2071 9466 2433 1770 8904 2482 8416 1790 8803 4214 2069 7234 2261 4503 4769 2094 8937 1149 2036 4321 4618 2878 6395 8421 2008 2290 4770 8124 2162 9132 9400 2101 2383 2214 8051 8506 2284 8161 1971 1981 3958 4225 5037 4577 4286 2437 5270 4456 4279 6446 8581 4019 9570 2458 2190 4465 3907 3627 2198 4471 4083 2414 6880 7014 4034 8969 1587 4126 4891 3003 9561 8767 1823 2434 2118 8305 7205 7403 2369 7314 7011 3397 2373 4565 7648 2396 4008 3870 6615 9231 1170 4196 2431 2017 3800 4609 3887 1499 9041 2292 2462 4525 7727 4832 4597 1346 2133 2235 8222 9034 3896 4709 1919 5026 8571 4427 4388 8850 2432 2253 1484 7027 3411 9237 1526 2195 8204 6653 4088 6851 4359 2724 1686 2288 2324 9060 7807 4466 1948 2083 4762 1778 9175 1835 7933 8282 2142 9384 3468 2221 8349 2915 3992 3523 4301 3990 3941 1863 4466 1871 4664 1522 4391 2293 9499 3018 8893 4208 4008 3783 4032 8118 8654 8724 4339 4285 7537 2212 9082 6332 4761 2336 2134 2209 8043 7544 3751 7150 2135 2445 4867 4838 3460 4878 9376 2487 9010 1788 6625 3602 2361 2166 2310 3262 5960 3961 4265 8623 8459 4855 4133 1720 4697 2269 3035 9415 1969 8884 5819 7232 4571 3078 2437 2313 2309 9447 4237 4817 2309 2120 3212 3721 1612 3157 7092 1458 4072 3007 4924 2356 1459 4999 2145 7543 4006 9481 6997 6878 3833 2339 2231 2117 7013 8465 8121 7450 9632 8606 4126 2261 4987 3627 4371 2444 3102 8249 4015 1645 2161 4468 2247 8367 3605 1991 7738 6690 3934 9707 4748 2063 1642 9741 7368 4763 9726 7041 4577 7693 7306 1867 4723 3682 7635 2391 4071 9560 4343 4433 9838 8267 1716 4291 2297 6243 8102 2195 2108 3348 9636 7380 1987 4814 3649 6109 1907 9009 4557 2301 8293 6844 9594 4855 3310 9585 2152 7833 2446 2153 7739 8134 4657 8034 8681 5658 4022 7697 5493 4378 4063 4567 2362 4524 2071 9657 5180 7294 4551 4712 4527 4541 9478 3633 2381 8095 4190 2290 4456 2214 4638 8953 2400 7068 4589 1687 2054 2105 2484 4594 4929 8112 8297 4717 2719 4440 7780 9398 7811 1718 2190 9516 4495 2984 1959 2522 4559 4669 4120 4185 1857 4775 1345 9370 2133 1571 9212 4694 7669 1493 4344 2196 2390 4790 2250 9089 3957 2310 1460 2186 2145 1808 4998 4075 9173 2524 2349 7847 2239 2145 1429 3925 4582 2009 2287 9237 4586 2098 2558 9200 2298 2372 1472 4333 4303 7397 1638 4215 1614 9869 7714 4595 3541 3302 4797 8778 6684 2545 2033 6921 4262 4288 8815 1993 9061 2214 6716 3586 5067 3572 5843 3545 4983 9531 2316 6674 2090 1906 2009 1914 1714 2107 2855 4184 7654 7452 2219 2278 1131 6901 8116 8427 8246 3932 7189 1686 7463 2122 2380 4128 2256 2065 3848 8429 4028 9018 4372 8132 5645 4885 2244 8623
2133 9631 2552 2277 9192 2505 8547 2107 9796 4522 2122 8116 2494 4697 4915 2353 9000 2401 2272 4360 4998 3089 9651 8543 2399 2466 4907 9559 2228 9227 9726 2300 2530 2380 9572 8511 2524 8467 2337 2193 4309 4553 5061 4969 4343 2476 5329 4697 4348 8269 9133 4107 9727 2520 2542 4492 4921 4811 2342 4739 4171 2452 7496 9980 4950 9518 1951 4730 5032 4326 9610 9187 2412 2437 2196 9592 9358 7454 2418 8623 9167 3801 2392 4599 8335 2462 4843 4240 7447 9362 1851 4773 2443 2113 3849 4949 6307 1772 9430 2411 2477 4893 8500 4957 4738 1347 4830 2451 9421 9826 4735 4831 2261 5034 9145 4780 4958 9622 2561 2257 2278 9392 3958 9315 2138 2450 9405 7729 4118 9550 5064 3724 2170 2304 2557 9657 8278 4660 2337 2453 4925 2047 9582 2392 8694 8526 2260 10022 4047 2271 9343 4448 4556 4524 4884 4142 4854 2106 4708 2329 4895 2066 4811 2362 9651 4372 9090 4432 4562 4707 4880 9815 9396 9016 4433 4693 9171 2238 9179 7993 4906 2389 2322 2416 8790 9404 4302 9094 2367 2466 4921 5029 4410 5026 9865 4807 9327 2023 9842 3920 2496 2189 2350 3937 6994 4192 4537 8670 9782 4935 4470 2269 4808 2438 4436 9585 2333 9334 6096 10058 4695 4173 2456 2364 2338 9625 4791 4913 2437 2509 5052 3855 1686 4911 7719 2534 4710 3101 5007 2571 2383 5007 2407 9253 4708 9496 8229 7782 4091 2448 2254 2464 7263 8575 8512 9743 10010 9272 5001 2300 5050 4170 4689 2522 3506 9343 4449 2055 2535 4859 2387 9240 3732 2526 9730 7637 4145 9831 5039 2359 2214 10017 9136 4771 9794 9048 4810 7785 9581 2417 4930 3802 9603 2550 4924 9578 4753 4977 10020 8595 1873 4869 2478 9416 9158 2595 2285 4536 9659 9580 2076 5019 3822 7198 2103 9404 4779 2493 8755 9563 9730 5050 4300 10062 2444 8279 2522 2481 8890 9658 4777 9033 9198 7675 5000 7929 5698 4628 5079 4763 2525 4916 2177 9692 7111 9767 4718 7333 4843 4782 10008 3658 2506 9565 4762 2321 4980 4067 4720 9644 2448 8427 4721 2268 2257 2128 2567 4944 5030 9396 9347 4851 3476 4490 9876 9448 9644 1790 2255 9702 4905 5014 2339 2909 4908 4759 4519 4492 1876 4842 2334 9607 2440 2162 9530 4782 9720 2011 4734 2269 2481 5009 2277 9949 4361 2323 2112 2296 2212 2355 5032 4414 10013 2557 2497 8670 2355 2193 1878 4260 4588 2077 2563 9741 4892 2495 2581 9999 2390 2443 1878 4988 4964 8679 2090 4514 2057 9911 9637 5026 3615 3719 4827 9746 7424 2964 2057 7694 5033 4977 9850 2089 9588 2215 7426 4944 8859 4043 9504 4812 8367 9956 2441 9480 2442 2494 2267 2306 2520 2337 4486 4270 8899 8813 2383 2454 2068 7534 9961 9512 9509 4366 7257 2007 9210 2172 2481 4912 2358 2166 4260 9133 4416 9941 4503 9929 8642 4995 2534 9161

152 76 152 56 219 121 25 94 550 170 154 205 11 408 16 54 1241 134 377 152 1065 175 374 603 42 30 53 826 12 352 115 132 48 301 98 24 88 1695 354 59 536 136 37 184 142 529 292 369 147 882 338 301 281 37 324 237 73 140 435 106 591 24 918 1884 6 1117 9 532 1100 582 838 605 123 11 73 761 206 182 15 50 18 535 100 287 415 23 93 276 596 2980 83 67 138 4 2 363 366 34 227 151 354 1342 196 179 38 104 154 103 30 34 17 11 81 494 25 42 104 1865 64 9 205 205 95 315 119 166 1446 26 118 184 104 29 40 568 540 716 815 52 22 267 26 175 116 75 1567 98 51 1354 751 11 143 82 31 368 117 293 698 352 375 12 34 409 287 471 606 38 1404 512 1009 56 795 939 556 1647 586 192 40 83 234 267 625 13 17 190 137 1955 146 587 351 116 86 10 42 38 166 140 500 239 62 456 84 94 137 9 170 156 387 1874 874 987 755 45 6 174 75 893 16 47 697 550 28 263 140 381 188 340 32 44 36 39 174 67 16 395 51 27 774 274 264 143 203 304 78 467 888 321 262 374 364 231 358 202 46 241 98 120 38 277 422 585 200 107 1266 341 513 59 173 177 11 243 216 631 12 105 730 1082 441 828 165 179 190 44 1735 1 107 14 603 107 44 80 105 206 2710 119 195 2686 248 34 515 359 222 76 52 1534 160 971 14 53 1622 129 117 86 330 932 448 2118 978 33 37 290 662 932 60 515 378 2637 137 361 158 599 54 578 992 945 538 2439 304 518 43 49 353 267 4 151 182 7 10 395 265 131 2416 578 581 28 12 665 457 145 144 141 69 23 862 120 65 142 679 116 165 780 142 479 7 184 1014 91 139 17 80 713 88 259 282 74 59 286 290 477 19 649 213 823 97 12 885 1105 548 7 840 447 17 420 91 1167 235 72 60 207 641 91 794 738 8 35 109 249 417 19 133 165 12 20 123 94 825 309 102 1408 223 300 47 192 14 620 253 141 11 617 7 836 224 123 209 55 10 331 5 28 67 370 9 97 389 4 428 756 101 679 211 74 344 617 96 479 207 857 92 92 184 531 35 483 127 64 296 411 56 2580 838 98 1804 69 798 20 49 341 20 299 5 41 75 335 241 1134 42 21 32 562 69 1043
