500 9 1
81 99 71 33 34 33 23 93 56 71 45 98 95 75 24 27 74 31 37 72 36 68 1 95 36 39 89 14 13 64 19 74 10 44 62 52 62 3 18 87 66 31 27 60 61 55 40 18 76 7 24 31 20 95 24 52 79 98 67 46 60 93 10 8 17 12 4 54 46 39 74 47 77 28 51 74 79 67 28 67 31 40 17 92 22 46 60 8 23 90 71 9 31 79 81 72 32 12 18 64 43 50 35 58 52 25 100 44 77 99 17 51 31 66 65 40 92 45 15 84 74 98 7 49 2 84 73 84 75 22 22 48 6 15 56 50 25 13 48 5 30 22 12 6 60 98 72 6 25 98 39 75 26 4 39 14 97 70 49 3 3 16 27 45 70 25 64 69 13 26 80 10 53 40 14 88 72 51 86 1 25 53 32 80 85 89 18 15 77 6 10 69 37 63 17 51 17 80 2 82 44 30 5 53 49 16 35 100 65 22 8 8 18 4 49 23 70 64 16 38 37 34 41 76 26 9 41 27 97 93 100 50 88 76 76 25 25 84 10 39 94 41 31 62 90 67 47 15 10 42 11 41 16 17 87 23 32 33 26 84 96 61 20 71 9 23 72 4 1 77 35 79 8 40 8 51 9 78 88 68 97 25 40 37 62 15 45 37 37 97 47 85 84 10 54 30 16 9 58 99 64 48 96 74 21 75 2 74 36 13 86 25 15 45 84 81 66 20 85 78 81 45 46 97 43 83 19 13 47 14 88 61 32 65 12 91 35 53 31 13 8 19 25 65 10 95 93 98 83 69 58 58 63 75 97 44 45 62 49 91 31 2 2 88 27 25 24 20 41 43 66 80 85 15 29 80 93 16 39 24 96 14 45 95 42 75 35 50 41 100 57 53 93 3 33 61 33 39 30 60 46 23 11 24 98 90 10 42 64 23 21 36 24 77 47 3 70 38 56 6 47 28 98 28 15 2 82 48 3 14 29 4 12 41 5 75 17 31 81 29 34 80 55 39 14 57 94 74 11 1 93 53 98 30 94 27 50 42 97 52 35 18 92 16 43 14 22 54 47 34 26 32 75 45 60 76 83 57 84 28 89 6 81 44 3 42 41 19 64 84 14 46 28 87 69 35 15 6 64 72

15 9 2 10 18 1 44 11 19 4 18 17 9 15 10 11 4 2 14 1 16 6 2 3 7 14 41 1 4 1 13 11 15 20 32 11 32 10 1 27 3 1 6 4 8 5 11 1 2 10 6 23 15 7 6 14 3 5 1 5 5 12 18 16 8 14 28 2 11 20 4 2 26 4 12 19 13 6 6 3 7 1 7 19 23 7 19 27 4 2 5 2 22 6 15 1 12 24 3 13 22 6 10 6 5 5 6 2 24 13 3 4 3 6 5 10 10 19 40 2 25 11 9 3 13 5 7 14 4 1 17 17 1 7 2 22 1 7 9 2 47 8 19 15 9 24 12 2 7 19 14 2 9 8 2 6 4 5 6 11 7 4 15 11 2 14 9 31 7 7 2 18 11 20 10 14 13 8 6 20 11 24 1 6 17 5 5 8 18 30 1 6 16 5 15 6 12 8 1 3 4 3 1 3 11 26 12 5 27 14 4 8 10 11 21 7 5 8 5 9 13 13 4 1 5 6 9 2 6 7 2 16 3 3 17 7 3 13 14 3 6 6 11 19 3 8 22 4 35 3 2 18 9 31 1 37 22 10 6 4 11 9 3 3 1 6 15 4 18 6 2 13 22 11 12 2 1 11 34 6 12 15 1 4 5 4 20 17 1 5 7 36 20 15 6 35 9 22 9 12 11 18 5 3 4 22 17 15 10 10 6 2 5 10 8 3 2 21 6 2 16 27 6 9 9 11 19 20 6 17 7 1 11 20 15 10 5 1 10 3 9 3 14 20 3 26 2 11 5 2 5 9 28 9 2 7 19 15 6 1 22 10 5 1 26 6 11 10 5 16 20 12 9 41 39 5 7 10 6 9 3 4 11 5 1 2 1 2 29 9 10 14 2 7 10 12 5 2 25 5 3 26 17 1 1 5 5 1 4 12 14 11 42 20 11 7 24 2 1 9 31 5 7 16 4 4 1 20 3 10 2 8 4 5 8 11 3 5 4 4 7 4 22 3 3 2 1 12 3 2 2 18 2 1 4 38 15 5 1 16 2 14 1 4 18 5 11 3 9 28 10 14 6 2 1 2 24 8 2 30 13 16 16 6 9 13 12 10 4 11 7 1 18 7 17 5 2 8 11 6
26 15 2 17 26 23 55 25 36 13 21 34 12 27 17 17 12 6 29 2 19 20 59 6 23 35 48 13 6 12 22 37 25 29 39 19 39 19 7 33 6 2 25 12 42 23 22 7 6 26 14 32 32 25 7 22 4 7 20 11 7 16 23 21 19 31 31 11 17 30 7 8 30 33 17 25 16 10 11 8 70 2 16 22 34 15 42 28 24 22 16 5 23 12 32 16 15 26 19 14 26 46 32 19 9 6 15 7 25 14 11 4 4 7 31 16 15 23 40 2 37 15 29 27 24 6 22 18 13 21 20 26 1 7 6 29 9 10 10 26 50 9 20 27 24 25 42 14 9 25 15 8 12 22 4 8 14 38 26 15 15 32 20 15 3 22 24 45 18 10 21 21 49 20 18 17 14 24 15 21 11 28 12 10 19 19 11 19 26 31 6 8 20 22 25 8 26 38 5 9 9 49 4 32 34 27 15 20 32 18 7 28 20 11 30 7 33 18 20 10 27 20 19 8 10 21 22 15 46 16 17 21 6 14 31 20 7 18 42 14 12 8 19 20 6 13 24 6 45 24 18 43 10 34 7 48 31 17 14 17 17 18 7 3 27 23 41 6 24 21 9 27 42 13 15 9 2 33 48 10 13 28 28 38 7 33 23 34 10 10 19 42 32 15 19 36 30 32 28 12 22 23 20 3 23 44 19 31 24 29 9 3 17 10 23 4 18 24 7 27 18 29 7 9 37 29 21 38 12 22 28 18 20 22 16 22 23 4 35 4 18 32 28 27 18 32 26 15 5 7 30 32 39 10 18 8 25 24 13 7 41 15 6 11 33 19 17 15 6 36 26 29 22 43 46 25 22 11 19 26 13 7 39 10 35 30 5 5 31 9 15 16 7 14 17 16 15 17 27 42 7 32 33 15 3 6 8 44 9 29 15 25 46 23 29 14 31 12 3 11 32 22 33 24 8 27 12 34 11 10 19 12 9 8 14 13 13 19 12 9 16 7 34 4 6 2 6 31 15 11 9 30 13 3 23 49 37 18 2 22 18 20 8 7 19 12 14 6 16 34 13 17 24 13 16 11 26 8 5 40 16 33 21 12 22 18 24 18 17 23 7 28 24 12 20 19 8 20 33 7
27 54 17 20 43 35 61 38 48 15 31 36 29 33 19 30 26 15 31 9 19 34 65 10 29 48 51 55 11 39 36 45 28 30 43 21 46 39 8 35 25 18 26 19 44 31 25 11 15 56 25 40 55 29 29 22 6 16 48 20 13 27 30 37 48 34 32 15 35 33 12 20 35 49 26 27 21 21 13 31 75 2 18 30 40 15 56 45 28 24 17 18 32 12 64 30 30 33 48 15 29 48 37 62 16 8 26 10 34 17 24 28 9 16 41 28 21 42 44 7 38 20 35 27 38 7 25 29 28 38 29 41 2 33 13 34 9 22 12 30 50 20 32 29 29 26 44 47 11 45 18 13 18 56 4 14 38 46 40 16 65 40 27 38 17 27 47 45 32 38 33 37 61 27 47 23 17 35 25 24 20 30 18 16 23 46 12 42 35 34 19 15 50 28 29 10 30 54 53 21 10 67 13 33 35 45 21 30 43 41 15 36 26 26 32 8 33 29 35 21 29 20 25 9 15 37 43 22 57 34 20 37 19 25 31 31 27 52 45 22 32 15 30 24 8 37 31 8 46 25 22 43 44 43 8 53 42 36 15 40 26 22 8 16 33 25 44 6 39 33 15 50 47 13 16 24 33 38 53 22 21 37 32 42 15 56 25 47 30 20 43 71 42 42 51 49 50 47 39 20 26 36 31 10 32 52 20 31 25 44 14 7 22 22 40 21 25 33 12 27 35 36 16 19 51 32 21 44 24 37 33 31 39 29 28 26 51 23 39 23 31 35 52 30 31 44 28 19 9 9 38 45 46 34 21 18 27 33 14 16 50 16 28 35 41 20 30 34 25 39 32 40 34 45 56 27 24 26 21 34 14 8 49 18 37 33 7 6 39 11 19 18 15 21 35 41 38 40 34 45 27 32 33 16 30 11 13 48 34 49 39 53 48 32 30 21 33 51 4 14 46 33 51 32 21 29 17 45 42 12 19 18 12 13 14 25 15 24 17 20 16 15 42 29 19 11 8 50 43 12 10 37 27 42 34 62 54 24 9 64 29 52 37 24 25 58 18 15 22 40 15 48 24 20 34 28 28 38 8 42 31 36 21 23 27 32 28 52 31 38 9 46 48 15 21 37 20 27 36 26
35 62 26 36 47 57 65 41 64 19 42 43 51 43 29 41 29 26 37 21 23 63 68 19 36 50 55 69 39 43 36 54 34 44 58 29 46 58 9 38 47 32 35 19 46 41 38 34 28 57 34 69 65 29 46 30 36 44 51 28 21 34 31 43 52 37 35 22 40 60 32 23 38 57 37 53 26 22 20 31 77 11 28 38 44 36 60 56 38 28 41 28 58 32 68 42 43 41 49 28 43 56 49 67 43 9 34 40 62 21 26 31 34 17 63 28 32 53 57 17 39 42 35 30 42 11 32 59 29 42 33 52 4 35 33 42 35 35 24 35 54 40 36 31 34 37 45 52 13 57 31 27 20 63 33 15 47 53 44 58 82 51 28 42 24 63 51 46 35 47 33 40 66 39 54 31 27 44 35 39 23 32 23 29 40 53 12 57 37 40 25 32 55 29 38 30 32 62 54 41 12 71 18 37 36 52 30 38 48 64 25 40 29 27 32 15 38 58 36 26 36 21 36 20 19 51 50 27 72 42 22 44 20 33 57 36 28 54 45 47 37 34 32 39 28 42 55 15 52 37 24 44 48 46 19 56 44 51 49 43 38 75 15 36 47 26 56 18 66 40 25 50 62 23 22 41 38 56 57 25 22 42 38 65 43 66 46 51 52 51 51 82 44 57 59 51 52 50 66 20 28 37 35 26 38 67 29 34 41 61 44 32 22 33 42 21 39 48 14 41 38 38 21 37 54 35 22 56 37 49 43 34 44 35 28 37 58 31 43 40 58 62 55 34 37 58 34 20 22 25 49 51 51 46 24 37 59 53 19 16 53 24 34 43 48 32 48 48 35 41 36 45 47 46 57 34 37 36 23 34 22 13 51 20 42 37 14 23 52 31 28 20 17 51 52 84 47 41 45 46 39 35 43 26 31 15 19 63 42 63 54 54 61 46 31 33 36 73 11 43 48 51 52 81 21 40 25 50 53 37 45 42 45 28 45 28 30 37 20 48 19 21 50 43 48 18 20 55 60 36 19 52 49 74 52 66 61 30 15 71 39 53 39 50 32 61 20 29 38 50 45 54 34 32 36 34 32 43 9 45 43 42 33 44 28 32 31 56 56 49 27 49 49 19 33 41 45 45 61 39
42 66 41 40 71 65 77 46 65 20 42 53 55 78 62 44 33 41 44 32 28 67 73 26 53 52 64 71 40 50 70 58 56 47 65 31 49 58 17 40 61 41 42 41 62 42 46 43 37 69 44 71 72 36 47 34 52 46 64 55 27 34 59 61 59 40 39 22 40 68 47 31 48 64 41 68 28 29 44 34 82 21 62 41 44 38 72 66 43 30 49 30 58 39 77 46 45 42 64 34 44 62 49 84 56 13 51 49 78 38 42 41 78 17 65 52 53 56 60 44 57 43 44 31 57 26 34 79 50 51 35 54 5 35 55 57 43 37 28 37 67 69 69 39 45 44 46 71 27 59 40 50 25 65 38 29 51 54 69 59 85 66 38 56 26 81 53 49 50 64 40 42 74 53 56 41 33 48 41 47 27 63 39 38 45 55 14 82 41 61 32 44 67 33 41 50 47 68 73 66 44 72 20 39 49 53 55 39 55 69 40 41 52 29 36 47 43 65 43 34 39 55 47 27 26 64 66 39 74 50 35 55 44 37 58 58 30 59 53 51 44 67 57 61 30 45 62 25 70 54 68 48 50 76 49 67 44 65 52 51 39 75 26 37 50 42 57 29 69 41 41 56 79 39 59 43 55 64 66 35 24 48 42 66 66 72 63 54 72 54 60 85 50 68 71 65 69 56 74 33 30 50 40 40 40 77 32 46 64 69 51 54 45 34 59 22 43 66 30 73 76 52 29 38 58 36 27 64 45 50 45 74 46 48 49 51 59 52 52 42 62 66 66 53 38 65 51 21 69 25 50 67 57 50 30 55 61 57 31 57 53 32 36 56 49 50 58 59 37 42 57 52 58 65 63 47 52 44 32 38 24 23 53 27 48 39 35 30 55 64 36 41 20 57 52 87 59 44 51 58 41 59 52 34 37 24 27 67 59 67 60 71 61 56 35 35 41 80 11 43 57 54 72 82 62 56 41 51 57 49 54 66 61 53 67 36 57 49 21 72 22 27 50 43 64 64 46 55 76 39 19 53 50 75 55 69 66 53 45 79 40 68 47 55 42 66 23 46 57 52 54 59 55 34 41 39 43 47 11 47 45 50 35 57 42 35 37 66 58 52 54 51 50 40 38 44 51 47 62 44
66 68 54 41 81 71 79 57 67 33 46 55 62 83 71 59 52 55 56 53 51 72 85 30 58 84 65 74 49 65 72 77 57 73 66 40 72 61 49 67 72 46 54 73 63 62 47 45 66 81 67 88 82 47 74 48 76 64 65 62 56 61 66 69 64 41 49 24 52 69 73 34 60 73 62 73 32 47 46 50 82 55 68 59 81 59 85 68 57 33 65 53 63 44 77 50 57 60 67 34 62 64 60 85 63 17 59 64 81 52 50 45 78 26 70 59 57 57 68 75 76 46 67 57 71 41 37 82 59 51 38 65 10 63 63 60 44 55 60 47 71 75 77 45 52 52 51 79 58 82 45 62 38 82 46 49 57 60 71 63 95 79 40 60 63 86 56 49 69 65 82 54 76 73 60 59 41 50 44 50 27 69 46 47 63 58 41 85 61 64 35 45 70 42 61 61 60 75 81 78 53 79 54 42 57 61 85 40 61 81 48 44 62 37 57 65 51 73 44 56 40 64 52 59 39 69 75 60 82 67 48 76 57 46 67 60 50 70 69 58 44 73 58 62 53 67 66 33 71 65 69 85 56 83 51 90 53 77 78 65 44 77 27 70 67 44 87 29 72 54 60 78 81 44 67 47 66 74 68 41 29 71 53 68 67 75 75 65 76 57 65 89 56 68 83 73 82 65 80 40 66 50 64 70 55 88 65 47 64 79 51 59 75 39 68 27 51 74 51 75 83 66 35 43 58 46 46 69 53 59 49 78 54 52 68 56 65 56 71 47 66 76 80 54 75 70 54 58 79 44 65 70 59 56 40 61 69 62 45 73 68 38 57 62 62 55 74 72 40 44 72 55 77 71 65 69 59 47 47 47 29 28 68 30 49 43 41 71 59 67 37 66 29 60 66 87 66 74 51 63 57 78 66 36 54 28 29 77 60 79 68 73 66 62 35 52 45 81 43 54 82 57 81 84 64 58 48 55 68 70 60 66 71 67 72 43 67 79 30 75 23 59 63 49 65 67 59 69 82 46 26 62 73 77 57 72 81 60 58 81 50 70 58 57 47 72 61 56 61 80 58 59 59 66 58 48 46 52 20 51 61 61 39 67 48 48 54 66 65 67 63 64 56 49 50 47 54 50 62 44
86 71 91 45 81 88 85 64 68 41 57 60 70 87 91 94 83 60 63 63 61 82 92 37 74 92 72 78 57 70 75 78 71 78 73 42 87 69 78 84 80 48 65 85 79 63 48 51 72 82 75 91 86 59 77 54 78 74 69 64 65 69 68 74 66 62 74 27 84 84 74 76 86 85 77 77 34 47 47 52 85 62 75 76 93 72 87 72 62 49 79 62 86 57 84 55 67 72 91 43 65 79 69 91 79 51 86 66 86 85 91 70 79 64 72 85 60 60 92 77 82 83 75 58 76 47 61 86 77 55 43 86 25 71 68 68 49 64 62 51 89 78 81 54 55 68 57 80 67 83 47 77 67 83 46 56 68 62 76 72 96 81 49 63 76 87 69 65 80 71 88 55 77 81 62 73 54 57 46 51 63 75 57 49 71 58 42 91 70 66 35 68 74 57 66 75 70 85 84 80 83 87 58 66 64 77 88 41 69 83 84 47 63 51 59 65 52 84 59 59 44 71 73 75 81 79 76 70 82 70 56 84 59 48 85 74 50 83 76 70 49 86 67 67 69 78 80 58 75 67 87 89 77 89 51 91 96 79 79 70 55 81 40 72 73 52 88 60 84 72 70 79 85 54 82 51 69 79 84 55 41 87 57 73 70 78 79 69 80 72 71 90 80 74 94 74 82 91 81 69 92 52 71 85 57 96 86 54 81 83 65 63 75 70 86 35 58 75 74 86 84 81 73 60 64 77 47 75 60 69 77 87 65 54 73 56 67 57 75 70 68 77 94 60 86 72 66 69 87 65 69 86 63 61 46 66 73 64 84 91 70 53 58 68 66 71 89 72 54 62 88 56 81 80 79 70 92 48 67 70 30 46 90 34 73 48 70 82 83 71 55 73 63 71 72 90 68 76 65 66 73 86 69 51 62 49 44 83 69 83 73 76 70 64 69 60 63 86 53 54 87 73 83 85 74 70 53 73 70 80 78 78 72 68 78 52 72 83 39 79 29 76 67 60 80 72 66 78 85 58 38 73 74 82 65 76 81 66 65 87 52 71 59 61 62 74 62 68 79 81 63 64 87 81 67 59 47 71 37 55 75 83 40 73 50 53 73 77 70 73 76 86 57 51 51 49 74 55 84 59
88 73 96 50 84 89 85 70 75 83 76 61 75 87 92 94 88 83 71 79 73 90 94 77 87 98 88 98 74 77 84 84 71 90 97 54 99 74 82 91 90 84 67 92 82 77 55 56 80 88 90 93 90 66 93 61 79 77 80 82 84 69 77 80 78 67 83 49 92 85 91 91 87 87 86 96 58 65 81 62 93 73 84 79 96 73 95 78 82 50 81 96 89 63 88 60 71 84 93 56 85 96 89 94 82 63 87 77 89 95 96 91 83 77 81 90 72 70 97 91 86 87 82 59 87 48 86 92 77 80 58 87 66 79 69 84 59 85 84 53 90 85 84 58 65 75 76 85 68 87 70 78 83 96 75 68 77 65 81 89 97 90 73 68 91 88 77 68 85 71 88 59 78 91 67 78 71 69 49 74 67 76 75 52 74 85 45 99 96 71 42 80 100 82 81 78 81 89 93 84 94 93 64 76 88 90 91 46 71 85 90 72 66 81 60 95 74 87 68 85 66 77 85 88 83 81 79 74 91 88 72 94 62 69 88 74 67 87 81 83 91 91 96 86 94 79 96 66 84 69 91 95 79 92 74 92 97 80 88 79 69 93 45 95 85 73 97 71 85 93 74 82 86 74 83 95 88 85 93 62 45 87 76 89 74 84 83 86 82 82 86 90 85 80 99 82 87 97 95 90 93 70 78 90 61 97 90 62 83 84 74 64 81 72 87 56 68 92 91 93 93 88 73 98 76 81 94 77 81 73 85 98 95 64 82 64 82 88 84 83 78 94 94 64 88 91 69 88 90 75 82 89 77 64 54 67 75 70 86 93 81 88 82 84 71 91 93 75 59 78 99 65 81 95 99 95 94 77 69 94 85 52 91 40 82 68 85 84 86 90 65 88 66 74 92 96 71 81 79 73 89 94 83 59 73 67 62 83 84 92 81 77 72 72 88 67 76 91 54 65 94 76 86 87 84 87 75 87 91 93 88 85 74 70 79 74 79 94 73 87 46 78 81 70 83 75 70 79 94 63 73 77 91 91 78 88 83 71 79 99 74 84 76 75 77 92 72 79 87 82 74 76 89 86 87 63 58 73 58 83 88 87 58 85 57 56 90 88 74 79 91 87 60 78 76 50 75 61 88 82
98 93 100 95 90 99 93 83 85 100 81 68 95 91 96 95 98 87 90 85 92 92 97 88 98 99 98 100 82 96 89 96 75 96 100 73 100 87 93 94 100 85 99 96 83 78 67 90 80 90 95 98 97 75 99 74 91 84 99 91 92 88 84 97 80 71 99 81 95 87 96 92 89 99 90 100 84 68 83 68 100 83 100 83 100 89 97 79 95 56 97 97 99 74 90 100 91 98 96 74 89 99 90 94 87 98 88 89 91 100 97 97 84 83 91 91 89 92 98 96 88 90 83 92 99 52 96 97 85 96 87 98 99 81 90 87 97 85 97 57 99 86 97 93 94 77 77 97 92 92 73 84 98 100 97 74 88 82 90 91 100 92 73 77 92 90 87 86 100 93 96 89 94 94 76 86 86 79 86 99 79 95 100 61 78 93 56 99 96 82 72 91 100 100 99 99 83 91 100 94 95 99 84 81 97 96 98 98 77 86 93 79 95 86 77 98 89 97 71 93 100 86 94 99 93 98 87 83 94 90 86 95 97 76 91 88 90 99 97 87 99 91 98 89 100 88 98 70 86 78 91 98 89 99 92 100 100 98 95 81 78 96 97 98 86 90 98 79 96 98 90 82 88 90 83 96 99 87 100 62 98 97 93 100 87 95 87 100 95 91 98 93 100 90 100 87 92 99 99 98 97 90 86 91 93 99 93 75 92 93 91 79 89 93 94 81 77 93 97 98 94 94 92 100 76 95 97 90 97 92 88 99 96 93 94 82 91 88 90 91 90 96 95 82 88 100 76 94 96 97 88 89 94 95 64 68 94 92 98 94 87 88 99 94 100 96 98 84 77 80 99 73 100 98 100 96 98 94 77 100 87 83 97 72 98 82 100 93 89 93 88 100 97 94 96 97 94 91 93 99 91 98 83 61 95 78 70 95 86 97 86 98 76 73 91 94 85 95 93 67 95 96 100 96 84 91 89 100 97 98 94 95 78 80 88 87 80 98 84 97 100 94 99 83 96 99 81 100 95 86 91 92 95 99 82 92 97 78 97 100 100 97 81 81 79 99 76 87 91 96 95 78 94 97 93 96 69 75 83 91 92 91 78 86 58 70 94 97 96 93 96 88 95 100 84 74 88 65 91 100

79 32 76 73 31 98 61 22 78 77 4 64 56 34 42 6 2 24 90 29 95 31 64 32 46 50 72 57 25 33 76 14 6 93 28 45 4 40 27 25 57 82 35 79 8 94 5 91 23 100 87 59 64 30 8 12 12 26 33 33 84 6 83 50 59 84 67 98 59 73 54 92 30 14 31 68 29 1 20 20 15 40 6 94 86 68 21 96 7 69 29 62 47 11 14 98 1 44 83 77 47 16 65 73 53 76 10 41 38 32 93 31 75 67 49 30 48 98 22 16 61 48 16 7 82 31 2 59 55 41 20 17 64 15 11 65 8 85 10 74 25 37 93 72 45 51 45 1 10 91 7 75 27 51 24 55 7 77 45 55 84 61 100 21 4 59 51 79 2 85 46 77 63 69 46 12 25 14 30 28 54 81 97 78 54 78 8 72 98 7 4 24 56 53 56 95 98 56 100 43 90 81 68 17 93 96 48 13 4 61 35 52 73 29 17 97 33 3 21 2 60 56 18 79 34 52 68 57 60 25 34 55 16 26 70 62 36 28 69 91 69 15 13 36 75 21 72 95 90 74 77 58 8 43 10 88 82 17 15 97 5 47 98 49 58 22 2 75 69 16 45 22 46 74 2 79 62 92 17 78 29 73 34 93 29 31 12 25 40 22 34 41 88 29 58 38 82 8 93 14 72 87 1 100 77 95 64 13 62 31 35 29 70 64 8 38 82 91 68 83 17 75 98 96 52 84 58 33 60 56 94 75 65 13 36 8 41 71 80 26 43 30 17 94 2 72 12 83 34 54 34 8 30 92 43 51 44 7 13 56 87 100 12 12 61 64 90 94 18 46 6 47 17 11 6 47 46 33 26 53 37 36 49 6 48 29 40 83 34 54 56 63 93 55 95 63 84 1 12 46 90 47 44 22 96 20 10 19 16 47 40 37 72 30 41 45 79 1 68 62 97 79 14 17 7 79 5 18 37 43 5 6 16 25 36 85 51 91 53 81 66 91 98 57 24 35 65 55 15 30 21 5 89 1 13 83 14 2 66 91 7 55 77 89 36 48 63 67 71 97 50 93 55 82 63 17 95 100 14 70 97 77 4 17 57 8 89 11 100 7 30 9 17 71 97 30 26 63 4 98

699 330 152 51 1762 92 297 379 130 1347 625 290 194 465 121 584 696 548 806 461 94 160 145 744 2899 261 135 633 270 137 138 1695 1646 431 160 602 142 130 576 150 175 601 111 1140 445 186 3416 4071 1276 18 331 157 156 422 1253 657 217 501 631 233 3328 215 497 535 416 539 2126 322 492 716 282 515 488 277 57 850 118 2673 460 1624 752 114 206 3711 186 1401 508 70 232 370 125 359 3884 290 2929 2126 189 94 612 1314 75 1091 154 292 149 125 100 226 90 2207 529 324 466 1078 566 497 239 146 127 1721 364 263 1039 517 301 2298 234 270 2439 266 552 857 502 461 530 135 39 210 559 52 1716 87 1256 246 718 162 341 522 280 298 262 400 810 57 423 364 146 163 70 1560 10 821 1305 162 1068 313 304 320 387 3524 530 225 81 200 338 369 520 578 262 989 218 284 524 234 513 344 787 606 1417 518 62 500 565 966 140 300 265 309 112 327 420 112 2190 1261 4649 326 779 288 885 652 530 53 550 767 461 2521 1426 1230 510 216 176 1141 221 584 617 296 330 241 274 298 862 455 703 94 160 250 163 502 928 684 437 715 65 246 105 384 1490 1146 893 108 501 293 896 371 325 264 1251 76 704 380 465 166 603 962 101 741 1594 204 266 1266 822 919 740 217 771 62 113 244 248 422 649 853 151 1274 1081 691 302 596 2833 128 1528 794 574 460 804 97 619 76 439 114 129 529 1069 741 956 383 74 673 1498 496 853 521 378 294 289 152 131 222 259 134 1557 629 1035 2038 249 230 64 67 199 1761 147 440 377 515 761 660 188 1195 895 732 507 59 551 2726 2395 288 129 527 180 362 551 574 2746 81 194 45 53 1155 391 346 1669 624 297 3167 438 598 63 586 1042 319 166 299 145 50 252 307 628 574 2456 1185 323 52 57 2514 322 863 208 401 1884 1042 235 137 145 1240 67 585 173 224 4609 61 131 734 422 2676 155 2184 1973 1472 1005 395 152 311 431 586 966 813 514 151 217 133 267 706 318 1841 735 72 499 4991 609 124 236 285 233 336 98 357 221 152 393 102 644 302 134 134 1600 137 186 228 196 995 1443 939 794 512 430 1771 54 832 228 1097 466 34 1847 26 99 213 246 190 106 106 1078 574 1224 566 175 1037 206 1038 572 1190 407 121 116 442 908 152 161 30 2872 237 865 396 176 125 178 250 300 462 72 117
996 3437 681 185 2001 151 398 611 240 1398 1097 345 243 1277 1126 955 2166 642 1254 699 942 1140 853 3498 3272 306 1063 1761 511 433 223 2994 1909 1920 1528 1711 291 944 1190 191 233 1671 1814 2205 591 585 4647 4440 3340 554 338 551 352 497 2501 1110 302 1159 1160 679 3332 1313 526 578 752 732 2873 1474 655 2814 472 666 682 593 1011 892 296 2914 816 3404 1106 985 260 4139 1383 2070 688 667 3400 658 130 366 4857 2169 3187 2205 452 274 742 1765 627 1401 529 488 1024 295 173 342 479 2448 1770 1310 4025 2118 1813 979 798 337 309 1947 666 403 1963 654 973 3144 448 819 3310 326 728 1196 975 605 560 573 1658 475 725 98 1828 260 1385 1299 2410 681 1639 622 2534 319 279 465 864 118 1658 411 161 2066 258 1876 160 3975 2561 508 1234 542 315 819 2168 3772 619 626 147 207 444 912 681 820 847 1429 508 554 748 913 685 616 911 1091 2155 668 81 1179 814 1565 1126 1688 2079 364 356 407 3180 216 2903 1779 5872 413 991 902 2135 769 891 376 606 1754 867 3607 1968 1318 1144 2951 901 2413 250 1155 817 518 505 472 278 651 1110 581 2791 693 170 619 188 638 2407 741 1414 846 329 636 132 422 2315 1786 927 649 1050 340 1335 447 4158 443 3003 518 1150 1547 528 166 1198 1358 302 1769 1815 953 1080 2131 3009 1325 921 448 1115 585 3403 402 259 581 744 1008 174 1297 2383 1117 1721 597 3332 135 1802 1514 1254 672 1687 168 2999 1268 564 212 194 1728 4173 1252 1250 862 75 1096 2389 1535 1014 724 861 1204 373 2952 620 439 600 395 3238 990 1080 2763 260 527 790 365 304 2144 271 463 798 1636 3234 2380 480 1375 2572 2564 529 486 570 2759 2656 397 961 1452 2957 621 662 590 3042 172 347 148 389 1741 498 1113 1783 648 393 3263 485 952 499 947 1231 375 1143 369 1432 790 686 668 709 1583 2883 1190 776 230 404 4481 745 1095 465 1203 2898 1923 382 1316 4231 1726 154 797 281 262 5344 132 220 1118 1546 4289 211 2732 2530 4265 1370 739 425 690 779 1143 1696 2237 814 283 327 135 484 980 823 3415 1087 213 561 5027 758 410 509 319 277 700 1452 449 228 234 1323 337 670 429 1028 386 1974 2393 600 307 751 2003 3387 1342 1736 690 2660 2690 405 940 452 1260 1212 374 5477 77 200 1522 345 226 434 1237 1799 2597 2184 1041 345 2478 634 4333 673 1636 835 210 992 1738 1111 1412 217 526 3231 333 1140 479 254 176 234 971 371 608 205 358
1512 3597 743 296 3174 2311 687 967 611 3252 1112 869 267 3648 1376 1412 2621 1936 1361 1371 2296 1314 1493 4961 3495 480 1952 3832 565 599 603 3082 2101 2034 1788 1937 546 1011 1616 686 684 2097 2743 2722 901 597 4965 5848 5383 2847 1200 676 421 740 2685 1648 4505 1240 1432 2005 3785 4076 680 1003 1229 817 4361 1846 849 4495 496 735 966 982 1055 1252 577 3504 2275 6340 1228 1933 502 4254 1815 2243 796 1327 4774 961 777 620 4874 2718 5435 3134 466 1308 1520 1987 722 1512 692 642 1452 366 725 1448 861 2613 2291 1647 4243 4013 2030 1136 943 608 531 1961 1164 416 2372 729 1273 3976 534 869 3364 907 1702 1295 1455 2054 957 1240 2372 650 895 515 2765 914 2739 2410 3260 739 2537 2007 3550 528 730 1056 1261 533 4760 1107 1037 2310 374 3180 358 4834 2614 561 1359 2400 1172 1065 2714 5498 740 2243 521 972 810 1052 1043 1142 991 1451 1253 2771 823 1664 1248 829 1362 3343 2156 1392 493 1515 854 1568 2352 2699 2547 1359 580 454 4082 655 5082 1878 5873 976 1436 1339 4648 794 1206 445 1198 1805 1082 5617 2045 2334 1406 3583 1653 2581 464 1390 1241 1116 566 514 518 8011 1707 803 6739 884 604 678 884 1608 2892 1115 1534 1115 422 1584 368 445 2485 3745 1174 743 1231 394 2192 1324 4667 894 3622 828 1901 3214 1153 278 1718 1646 710 2172 2268 1131 1182 2764 3699 2012 1024 780 1254 1003 3617 564 360 1005 884 1483 203 1330 2742 1180 2955 667 4399 200 2246 1814 1600 677 1838 485 3686 1716 2005 1030 434 2707 4345 1564 2640 1002 198 1782 2436 2126 1536 930 1613 1511 1105 3691 1014 636 774 834 3264 1205 1160 3011 444 827 1968 365 378 2172 299 501 832 1667 4320 2965 517 3225 2702 3188 618 1133 823 3744 5722 658 1049 1633 3095 1088 752 916 3466 352 556 419 903 2725 778 1311 2148 817 860 3972 954 1154 610 1064 1684 549 1845 713 3131 1488 804 1454 1548 2036 4453 1546 1067 536 553 5582 1024 2723 669 1961 4179 2426 618 1888 4737 2131 608 1059 389 287 5512 389 320 1330 2024 4837 294 6794 3558 4837 1382 826 1017 3523 1136 2764 2270 3319 1821 928 713 381 716 1437 2767 4698 1268 219 606 5258 1501 813 1730 671 358 873 3012 1096 857 511 1705 721 923 850 1237 1009 3647 2633 749 672 969 3647 3605 1524 1886 1971 3644 3919 878 1337 467 2347 1292 477 5537 704 274 1578 401 544 1215 1429 4153 2679 2719 1305 817 2907 1108 4790 922 3018 864 799 1998 2963 1157 1941 283 1534 3926 371 1750 627 1175 255 390 1074 2084 1040 260 361
2043 4626 908 421 3802 2348 697 1506 2205 3490 1415 1135 591 3873 1639 2061 3660 2282 1457 2195 2566 1676 1809 5225 4927 1252 2063 4030 850 1236 1030 5222 2180 2466 2125 2180 2620 1068 2171 1391 1225 2344 3017 3201 942 711 7524 5990 5418 3118 1636 1953 1512 890 2832 2064 4761 1717 1489 2135 4111 4474 1488 1945 1339 1366 5843 2453 1627 5150 2324 1112 1259 1119 1293 1575 1323 3533 2477 7760 2000 2605 575 5030 5105 3583 948 1662 5780 1145 1142 963 5265 2892 6824 5729 730 1340 1600 2037 845 1576 719 1047 2860 1242 1672 1543 2952 3058 2592 1658 6810 6262 2356 1366 1055 1412 838 2383 1251 1379 2702 1049 1839 5533 1339 912 3768 1241 1771 1553 1887 2636 1776 1526 2423 725 1075 1198 2850 3415 3021 3136 3287 954 2628 2485 5273 618 948 1388 1684 1037 4963 1323 1141 3049 442 3303 954 5026 3198 852 1870 2864 2373 1080 3164 5691 1660 2407 1671 1395 847 1733 1320 1326 1316 1529 3110 3133 1282 5633 1402 1606 1730 5039 2522 1425 539 2241 872 2351 5325 3180 5438 1762 912 692 5186 752 5533 2486 5960 1063 1508 1480 5535 2121 1595 468 1226 1857 1668 7170 2712 2952 1840 4025 1809 2588 1037 2157 1293 1548 1122 816 706 8728 1719 1180 7422 1032 737 830 1313 1654 4747 1511 1765 1211 486 1916 588 773 2630 4094 1551 780 1308 557 4116 1439 5328 1433 4345 1226 2704 3585 1792 456 1814 2494 1404 2675 2988 1513 1275 3153 4490 2557 1554 2619 2110 1168 4157 730 439 1455 1272 2044 238 2927 3033 2053 3379 1902 4931 270 2610 1882 2263 849 2701 790 4364 2055 2109 1622 1036 3217 5675 1699 4986 1070 361 2474 3313 2808 3141 1259 2780 2552 1747 4424 1278 1683 1005 1316 3314 1446 1312 4045 696 1001 2039 493 1969 2262 609 1162 838 3185 4370 4531 589 5222 4440 5820 812 1167 837 4596 6007 1096 2500 1939 3944 1465 1280 951 3892 585 1161 1394 1738 2790 805 1366 3060 3015 1087 4971 4476 1193 1554 1527 2197 1047 1945 769 5247 1495 950 1462 1800 2131 6682 1629 1224 619 2913 5641 2023 2843 1679 2265 4624 2462 861 2626 4807 2782 752 1552 461 631 6709 391 357 1350 2039 5341 1837 7460 3664 4946 1450 1585 1114 3744 1455 4602 2678 4268 2321 1122 1174 646 1150 2197 3330 4756 1737 1363 745 5612 2248 894 2395 723 650 1407 3484 1220 1028 769 1739 1209 1236 911 1422 1532 4435 2778 811 1215 1198 5106 3989 2196 3116 3417 4526 5898 983 1452 482 2784 1358 492 6479 1116 566 1583 434 872 1252 1574 4925 3246 2729 1400 866 3223 1508 5144 1017 3157 1343 835 2086 5793 1663 2316 386 1785 4275 1278 2001 859 1377 462 862 2648 2949 1218 405 798
3783 5687 2535 424 6105 2368 763 2444 2270 4529 1481 1398 873 5229 1661 2208 5328 2926 1510 2682 2620 2018 2076 6747 5740 2938 3089 4131 1212 1249 1659 6392 2475 2839 3329 3454 2976 1081 3309 1603 1450 2540 3405 4445 1569 785 8318 6379 6934 3259 3637 2284 1916 1477 3817 2690 5022 1950 1562 2348 4328 6486 1513 2779 1538 1413 6240 2696 1793 6015 2861 1490 1390 1656 1348 1595 2549 3967 3877 8095 3241 3207 680 5749 6050 3759 1179 2623 6404 1410 1193 2459 6066 3212 6956 6875 986 1932 2099 4529 1305 1576 808 1149 3031 1330 2156 2404 2963 4233 2756 3340 6943 7887 5419 1965 1235 1525 1018 2721 1366 1562 2929 1092 2362 5726 1427 1712 4579 1242 2442 2350 3841 5191 3219 1826 2957 1365 1170 1213 4924 3604 3711 3527 3645 1191 2750 2681 6589 986 1491 1494 1693 1199 5102 1373 1553 4441 444 3486 1286 5442 3216 900 3029 3574 2394 1170 3268 6017 1774 2459 1687 1524 1120 2781 1446 1954 1319 2142 4903 3314 1462 5711 1561 2336 3330 5856 3121 1457 957 2256 1111 2599 5529 3206 5713 1896 989 887 5243 2157 6874 2546 6201 1279 1712 2696 7536 2762 1675 1387 1788 1959 1894 7572 2820 3501 3649 6101 1812 3044 1467 2268 5671 1593 1500 978 1009 9045 1770 1531 8151 1201 1051 875 1597 2484 4833 1587 6757 1996 663 2878 814 1319 2679 4683 1739 1741 1379 1049 4892 2141 7429 1491 5245 3130 3018 3916 1808 1066 3486 2855 1543 2676 3268 1554 1292 3425 4607 3547 2335 2952 2563 1301 5041 923 562 2101 1443 2284 313 3785 4375 2150 4029 2368 5645 571 3332 6009 4435 1227 3975 1009 5306 3261 2549 1849 1127 5192 5784 2178 5946 1551 489 3903 3608 5783 3822 1664 3801 4221 1786 4842 1683 2098 1206 1400 3352 1519 1395 6217 972 1193 3136 514 2009 2796 1293 2261 907 3656 4426 4612 590 5298 5482 6859 1066 1636 1271 4886 7321 1350 3209 2190 7358 5360 1288 1422 5372 706 1639 2390 1978 2888 877 1432 3790 4171 1399 4992 5082 1199 1573 1680 3497 1248 2949 1425 6462 2397 1051 1482 3195 3248 6794 1997 1346 622 2956 6712 2646 3550 1694 2755 5090 2670 1457 2900 5406 3348 1049 2080 1309 1073 7426 805 746 1692 2370 6343 1928 7489 5544 6367 1486 3482 1552 4003 1484 5289 3344 4744 3427 1366 1700 1091 1303 2237 4220 5902 2633 1513 892 6280 3247 1080 2718 1189 1336 1481 6964 1523 1132 1107 2080 1211 1791 1301 1529 2004 7217 3110 827 1686 1447 5233 4424 2402 3870 3503 6016 6086 1010 1734 1394 5669 5498 828 7742 1665 754 1826 435 1079 1780 2413 5041 5155 2742 1491 1318 3528 1819 5545 1708 4281 1856 1067 2756 6123 2098 2737 1015 2106 5784 2369 2171 1572 1404 852 863 2747 3743 1223 2091 1040
3803 6952 2719 762 6210 2500 1294 3293 2879 5231 1541 1786 924 7811 2645 2286 6108 3012 1563 3872 2660 2294 2578 7113 6018 3397 3092 4604 1350 1551 1970 6719 2536 3495 3470 4076 3941 1085 3375 1770 2050 3044 4895 4542 2381 1590 8802 6935 7419 3630 4835 3274 2163 1612 4385 2896 5342 3130 1570 3229 5763 7651 2192 3018 1927 2730 8719 3054 2066 7160 2992 1974 1863 1668 2182 1835 2555 4390 3946 8998 3957 3420 1103 6961 6187 3761 1443 3659 7922 1527 1234 3224 6949 4808 8364 7735 1004 2505 2430 5415 1312 1655 1089 1421 3098 1371 3593 2711 2989 4829 3257 3981 7753 8417 6996 2388 1486 2202 1704 3077 1367 1578 3156 1410 2659 6195 1518 2007 6721 1663 2532 5986 4778 6376 3632 1973 3972 1671 1173 1377 4955 4140 3829 4326 3784 1217 3035 2870 7317 2324 2804 1895 1718 1208 5361 1487 1712 6014 449 3808 1326 5541 5174 931 3553 3608 2634 1373 3485 6102 1947 2779 1843 1647 1164 2828 1803 2210 1596 2276 6921 3508 1745 8224 2178 2472 4275 7589 3137 1486 2068 2626 1174 2897 5636 3456 6131 1965 1289 1091 5817 2839 7193 2588 7724 1801 1736 4640 7826 2971 1721 1433 1910 2685 2904 8911 2840 3811 4060 7316 1900 3437 2352 3352 5693 1635 2118 1252 1448 9188 1840 1824 8493 1634 1334 1179 1912 2778 5083 1850 6777 2238 899 3188 1196 1919 2940 6338 1884 1834 2242 1837 5054 2703 7854 1586 5979 3164 3580 4627 1938 1103 3623 3049 2889 2687 3711 1622 1678 4016 5972 3811 2797 3596 2610 1557 5889 993 1720 3614 1894 3203 761 3981 4505 2986 4250 3316 6329 1555 5845 7163 5196 1705 4627 2177 7255 3740 2830 2099 1629 6361 6851 2413 6810 1968 1115 4044 3696 6651 4416 3239 5905 7437 1864 5228 1962 4492 1700 1650 4039 1820 1430 6421 1166 1240 3539 672 2066 2887 1957 2398 1299 4483 5690 5673 1734 7641 6616 6975 1531 2668 1524 5759 8232 2643 3520 2241 7473 5899 1593 1475 6370 707 1747 3353 3387 3789 901 1447 6184 8187 1665 5277 5416 2122 1912 1989 5367 1710 3082 1837 7248 4805 1097 1508 3290 5105 7054 2000 1450 897 3328 7183 3255 3629 1709 2876 7373 2722 1563 2974 6158 4009 1089 5155 2423 1469 8277 832 990 1695 3074 6376 3877 7963 6522 6588 2810 4055 2174 4288 1499 5860 4642 8192 3581 2551 2424 1185 1597 2640 5718 6806 2909 1815 1077 6330 4028 1877 2951 1672 1610 1533 7250 2660 1241 1399 2907 2696 2016 1465 2230 2316 7915 3253 1512 1809 1492 5388 5189 3480 4206 3924 6543 6866 1361 2713 1451 7112 6239 1693 8559 2130 1122 3109 789 1278 2048 3518 9006 5848 3073 1625 1406 3566 1877 7401 1724 4554 1945 1199 2974 6293 3149 2823 1059 2439 6496 2739 2218 2043 1471 1718 2468 2903 3773 1522 2599 1713
4862 7764 3174 1629 7162 3297 1344 3475 3424 5777 2449 1831 1466 8483 3682 2326 6493 6202 1937 4070 4302 2349 3769 8356 8003 3814 3901 5612 1721 1612 2041 8172 3081 3748 3851 5330 3947 1145 3521 1916 4887 3148 6026 4588 2483 1882 8960 7190 7637 3774 5312 3606 2195 1831 4428 3573 6602 3562 2057 5326 5779 7750 2269 3207 2331 3319 8885 3299 2303 7898 3128 2022 2122 1957 2192 2026 2789 7372 4084 9520 4110 3836 1189 7124 7332 4070 1485 4227 8459 1719 1765 4897 8228 6877 8672 7866 1740 2652 2935 6761 1763 1789 1836 1677 3122 1570 3794 3364 3581 5121 3367 4923 8131 8496 7079 2434 1960 2348 1803 3101 1491 2151 3168 1611 3603 7381 1619 2124 8300 2422 3712 6330 6243 6759 3796 2045 4016 1711 1325 1659 5351 4214 3841 4945 3813 1397 3500 4419 7654 3136 3171 1898 2184 1449 7814 1909 1746 7212 1392 4122 1693 5608 6244 989 3944 3690 3889 1870 3914 7179 2012 3543 2007 1667 1817 3266 1959 3781 1888 2295 7441 3555 1863 8848 2198 2995 4716 8499 3439 2117 2157 3135 1969 4208 6927 3538 7171 1999 1775 1627 7501 3013 8342 3244 7766 2294 2019 7562 8871 2986 1860 1650 2469 2749 2961 8922 3510 4023 4212 8974 2009 3899 2373 3557 5884 2004 2146 1303 1596 9285 1849 2960 8528 1792 1672 1265 1981 3870 6265 2103 6956 2455 1627 3562 1539 2048 7331 7329 1894 2034 2551 3333 5786 2908 8303 1743 7199 4215 3921 4745 2004 1965 3728 3303 3837 2810 4031 1909 1811 4233 8076 3926 3017 4334 3972 1564 6450 1920 1787 4928 2025 7218 1417 4856 4625 4243 5610 3605 7448 1607 6756 7268 6259 1739 6445 2995 7739 3832 4451 2114 2245 6888 7169 3258 6975 3588 1602 4594 4924 7724 5071 4112 5905 8152 2072 7574 2010 8012 1964 1835 4309 1996 2089 6475 1867 1864 3998 1877 2226 3673 1957 2405 1395 4564 7312 7490 1944 8764 6898 9275 2002 2881 1621 6102 9200 3484 3923 2622 7721 6944 1830 1486 8537 938 1799 3612 3591 4278 1359 1657 7035 8418 2026 5697 5781 2143 2338 2395 5973 2274 3403 2085 7550 6158 1434 2319 4397 5870 7884 2247 1820 1122 3991 7943 3334 4217 1939 2931 7593 3282 1786 4070 7700 4066 1471 5840 2683 2094 9387 936 1312 2048 3771 6778 3940 7995 6591 7773 2922 5006 2200 4530 2364 8138 5747 9111 4382 3475 2472 1887 2157 2866 7744 9030 3247 2073 1183 7707 4125 1981 3425 1767 1639 2014 7449 3430 1580 1520 2937 2878 2149 1637 2434 2784 8510 3490 2218 1931 1819 5853 8562 3722 4620 4405 7091 7818 1582 3154 1504 7492 7219 1784 8913 2248 1245 3516 808 1532 2310 4113 9130 7031 3331 2343 2026 4384 2255 8072 1989 5420 2176 1480 3397 7038 4482 3402 1181 2589 8138 2874 2493 3192 2016 1719 2835 2970 4296 1848 2953 1888
4949 8402 3674 1872 7648 3467 1489 4650 3518 8558 2472 1982 2004 9277 3813 3089 7413 6682 2324 4165 4545 4794 3914 9443 8345 3886 4234 5718 1871 1658 2276 8442 3666 4365 4266 6508 4347 2028 4311 2039 8681 4385 7883 4688 3082 2027 9350 8335 7774 4568 8421 4429 2610 1856 4638 3878 8111 3985 2212 5485 8984 9752 4446 3795 2358 3774 9378 3527 2356 8040 4535 2139 2248 2397 2457 2378 4378 7522 8192 9602 4311 4318 1797 9372 8111 4403 1950 4678 9341 2323 2278 9410 8928 7693 9291 8428 2031 4435 4403 8377 2290 2192 2104 1921 3549 2164 3873 4727 3728 5327 4836 5035 8675 9416 9514 2463 2207 2363 1882 3294 1977 2348 3236 1994 3895 8340 2217 2138 8899 2572 3712 9599 7152 6815 3995 2339 4232 1895 1698 2013 8700 4364 4185 5372 4247 1649 3581 6485 7716 3980 3572 2254 2226 1477 7874 1990 2051 7565 1795 4641 1716 5971 8245 1437 4414 4434 4106 2237 4201 8013 2387 3743 2297 2063 1823 4306 2199 4600 2343 3199 8600 3746 2335 9341 2302 3933 4829 9475 4068 2136 2237 3378 2288 4601 7305 4066 7508 2167 2283 1897 7961 3124 8576 3780 8586 2341 2135 8315 8995 3302 2213 1783 2729 3119 3868 9348 3570 4180 4422 9321 2273 4833 2383 4540 6243 2233 2283 1387 1741 9711 2037 4208 8880 2282 1752 1670 2477 4560 7951 2214 7958 3189 1651 4369 2468 2463 8301 7388 2111 2395 3014 3454 6481 3195 8367 1825 8403 4627 3969 4844 2241 2051 4591 3729 4608 4731 4205 1974 1899 4784 8289 3968 3354 4595 3980 2047 6892 2059 2001 8533 2107 7225 1657 7201 4674 4604 8578 4299 8201 1974 7775 7349 8148 1778 7944 3314 7990 3895 4626 2406 2305 7580 8087 3467 7156 3985 2367 4657 4980 9022 5121 4837 6655 9005 2136 8255 2394 8499 2020 2012 7041 2360 2207 6904 2372 2436 4075 3838 2348 4086 2044 2452 1565 4659 7515 8633 2265 8932 7744 9469 2210 2962 2889 7297 9591 3950 5050 9124 7930 7354 2731 1489 9382 1068 2171 4329 4381 4701 1977 2411 8727 9042 2046 6826 6312 2146 2364 2415 6467 2325 3540 2225 8441 6408 1627 2364 4514 5923 8629 2396 2346 1579 4069 9566 4368 4847 2066 3949 7625 3597 2424 4537 7980 4197 1519 6088 3442 2344 9717 1246 1534 2246 3835 7958 4262 8824 7063 7779 3325 8906 2372 4724 2369 9493 6153 9692 4671 3504 4119 2247 2315 2893 9020 9917 3660 2184 1206 8662 4528 2107 3837 2054 2679 2414 8889 3533 2101 1783 3304 3530 2277 1968 3481 3161 8953 9061 2418 2012 1877 7381 8688 4152 4815 4556 9579 8554 1624 4588 2265 8892 8420 2027 9061 2432 1326 3974 1624 1668 4631 4191 9417 7705 3883 2377 2090 4475 2285 9196 2230 6790 2742 1940 4853 8178 4720 3522 1229 4746 8601 4536 2493 3970 2193 1938 3440 3277 4874 2151 3089 1890
5003 9734 4183 2458 8410 4535 1846 4832 4162 8768 2476 2511 2171 9914 4411 4185 8793 8198 2484 4844 4835 4909 4129 9893 9485 4960 4598 9010 1952 2424 2513 9513 3791 4951 4513 8294 4732 2292 4351 2222 8977 4894 9729 5027 3374 2302 9833 8992 9745 4641 8537 4946 4155 2447 4795 4243 8868 4818 2482 8712 9188 9965 4463 4610 4337 4686 9899 3536 2419 8486 4843 2523 2329 2508 2475 2469 4459 9101 9224 9920 5016 4939 2513 10052 9133 4649 2067 4800 9694 2391 2515 9578 10002 9988 9586 8708 2475 4704 4755 9229 2432 2250 2476 2135 3702 2385 4142 4998 4347 6110 4844 5967 9831 9764 9640 2540 2474 2401 2022 3857 2147 2389 3424 2088 4439 9196 2325 2481 9893 3248 3914 9709 8421 8176 5393 2423 4561 1937 2183 2025 9695 4585 4558 7038 4907 1728 4020 7980 7732 4221 3967 2494 2461 1672 9818 2428 2233 7873 2509 4852 1856 7648 9309 1580 4857 4685 4239 2438 4244 8241 2506 4950 2318 2460 2503 4666 2526 4634 4809 3397 8620 4894 2373 9650 2468 4373 5003 9957 5040 2425 2442 3947 2360 4786 7327 4574 8158 2364 2402 2289 8423 3374 9107 4474 9938 2357 2496 10057 9677 4283 2222 2237 4527 4558 4250 9662 4587 4732 4832 9409 2316 4877 2536 4865 6660 2504 2284 1410 2275 9894 2512 4452 9077 2391 2119 1947 2494 5041 9414 2388 9699 4555 1951 4915 2472 2561 9565 9616 2398 2532 3901 3591 8366 3746 9575 2416 9758 4805 4981 4895 2379 2321 4612 4107 4961 4965 4572 2168 2075 4991 9415 4395 3750 5006 4433 2082 8108 2406 2195 9913 2459 7331 2440 8795 4694 4942 9626 4660 8850 2054 8694 7979 9175 1815 8533 4919 9612 4146 4873 2596 2323 7957 9980 4082 8026 4848 2434 9812 9496 9668 5223 4943 7553 10011 2312 8597 4715 9240 2385 2570 7407 2493 2284 8124 2507 2483 4617 4054 2452 4293 2510 2496 2158 4995 9556 9385 2521 9309 9077 9601 2491 3613 4442 7528 9997 5083 5058 9162 8145 9106 3492 1791 9663 2537 2527 5008 4457 4737 2502 2545 8768 9751 2209 8943 8141 2170 2393 2425 7390 2339 4133 2469 9648 7194 1737 2530 4992 9179 9764 3468 2557 2097 4254 9602 4372 4858 2287 4809 9285 4960 2808 4757 9587 4584 1870 9352 4383 2536 9743 1958 1536 2291 3841 9062 4343 9181 9022 8990 3457 9684 2475 4831 2423 9847 9363 9930 4673 3512 4974 2450 2438 4849 9137 9961 4070 2344 1409 9112 4588 2256 3956 2324 3198 2476 9328 4886 2277 2512 3626 3761 2481 2142 5049 4052 9725 9978 4900 2442 2002 9762 9768 5033 4846 4887 9642 9350 1926 4642 2434 9086 9560 2366 9321 2486 1704 4189 1810 1899 4749 4755 9774 9665 4455 2523 2201 4941 2333 9736 2517 8853 4516 2234 4854 9323 4733 4275 1870 4753 8649 4913 2496 4580 2349 2360 4597 4782 4878 2232 4694 2138

516 115 81 40 732 55 188 347 100 719 600 23 76 322 30 120 223 200 93 340 73 4 69 155 1318 41 128 536 268 77 31 40 191 370 145 153 14 90 407 96 122 59 24 907 329 121 3070 1654 793 5 90 152 130 198 1136 53 87 318 475 231 1481 165 173 76 186 269 2098 159 455 499 161 202 468 6 27 622 81 418 378 748 624 4 86 1936 100 623 483 49 138 355 117 65 3 80 2490 1915 163 22 485 802 20 549 95 73 102 47 47 33 40 442 74 151 116 30 406 143 169 50 22 214 123 227 982 349 231 2275 16 99 1637 230 201 391 42 209 223 76 20 46 414 33 142 37 107 243 284 46 284 361 151 204 200 203 762 6 38 203 145 75 17 1291 2 26 419 131 876 4 18 85 371 3385 275 184 52 141 158 83 147 194 78 275 133 269 128 167 255 187 79 403 441 17 20 152 259 309 65 257 218 120 27 96 379 101 543 984 29 320 210 17 757 68 159 51 241 746 60 1981 599 360 272 95 64 175 204 378 239 141 279 59 141 29 496 246 559 38 150 244 133 54 621 492 297 399 16 108 16 99 33 940 257 67 490 209 346 264 215 190 1195 28 468 160 101 5 475 948 6 555 20 79 27 169 761 701 556 201 71 14 60 181 11 163 358 596 136 327 966 422 31 437 2577 16 1152 650 204 419 751 76 81 21 59 63 28 161 181 650 411 218 50 418 1035 487 849 301 282 283 93 73 41 102 72 50 610 183 495 1679 102 225 14 37 95 1348 41 144 45 79 427 452 122 918 745 117 332 27 248 2218 129 235 72 141 107 191 272 472 1350 9 43 8 28 928 188 343 645 451 71 1081 62 147 33 300 747 228 39 206 55 43 227 162 86 343 2045 943 282 38 34 2272 246 539 15 48 913 334 59 56 60 705 57 193 119 183 601 29 104 315 200 1399 31 356 278 140 9 204 101 177 67 446 492 44 478 108 121 101 56 476 151 1082 231 63 337 3242 227 70 48 113 19 110 4 182 30 11 47 36 106 188 57 11 274 68 138 186 51 379 1276 267 257 28 427 1199 26 104 45 117 140 25 1078 2 97 14 31 66 74 23 487 28 1166 539 3 658 175 198 490 477 38 23 67 246 288 83 140 8 2836 11 680 109 67 83 88 196 223 320 6 57
