500 9 1
61 12 19 32 11 69 76 73 24 19 96 64 35 10 40 12 55 14 3 61 2 75 96 60 63 58 17 36 58 69 71 94 67 44 98 63 71 85 88 29 82 26 11 99 23 23 88 28 22 51 95 3 39 91 56 9 91 33 57 31 46 21 13 17 20 16 52 6 77 93 78 30 31 1 91 80 28 93 66 25 73 35 62 89 81 66 32 29 31 64 85 84 80 82 62 95 20 35 61 23 5 50 53 71 6 6 73 75 22 82 12 52 33 45 25 79 81 85 15 69 79 41 14 91 78 85 87 50 81 38 96 98 89 8 21 11 56 6 56 98 41 42 36 52 81 73 54 96 67 30 11 79 15 13 79 29 75 37 58 53 86 73 68 12 100 26 93 48 76 56 38 13 60 96 44 41 71 65 24 54 9 59 5 12 5 44 55 69 17 16 45 82 52 94 96 28 43 81 27 33 65 24 54 58 48 14 17 41 88 43 65 26 94 70 56 42 99 69 11 77 7 61 40 56 3 77 52 97 72 7 50 25 62 66 51 2 62 99 44 3 52 100 53 65 63 55 78 45 39 12 95 69 65 77 67 51 48 96 9 25 53 92 18 76 3 53 34 30 33 11 96 6 35 64 6 74 89 18 21 1 13 52 1 88 48 38 85 13 95 19 31 45 15 94 7 78 28 71 15 73 26 75 23 92 88 78 52 72 56 33 62 45 44 39 37 20 62 52 44 25 30 93 4 13 6 98 10 5 29 52 93 18 98 74 9 68 89 29 60 93 64 24 96 3 57 73 97 81 75 31 13 34 89 3 13 83 13 93 70 65 53 67 48 23 44 93 65 27 40 71 40 92 94 3 100 26 40 8 93 58 93 51 94 90 43 6 59 3 61 72 74 65 4 26 46 47 83 9 2 27 78 32 53 81 23 94 26 67 79 7 63 77 96 6 50 68 28 6 94 54 26 97 46 85 8 100 76 20 71 79 46 27 96 69 55 80 14 99 64 53 58 25 84 50 82 55 62 62 4 71 72 4 25 87 4 8 95 41 1 79 39 81 31 64 9 84 31 30 22 25 58 83 37 61 32 28 56 43 12 5 74 33 9 64 9 62 60 8 28 55 80 82 16 30 90 99 90 82 37 44

16 3 14 16 33 1 3 8 15 20 2 12 16 8 2 8 3 7 5 3 27 13 13 8 5 8 2 8 4 15 5 22 10 11 2 8 1 4 4 4 7 1 2 6 22 19 3 1 2 3 6 12 3 15 9 1 10 3 4 4 1 22 32 51 9 9 1 4 28 3 7 1 5 3 4 7 18 13 1 5 1 8 3 13 13 1 11 12 1 32 13 16 10 6 3 30 16 20 19 12 15 7 12 6 8 5 6 1 2 9 1 2 33 1 16 8 11 3 6 7 14 2 24 22 19 10 2 10 11 1 6 1 12 29 1 4 20 8 8 5 5 4 2 3 11 4 8 4 6 9 6 6 1 20 36 23 3 4 14 17 7 13 10 16 2 34 23 11 7 7 3 1 3 2 4 7 7 5 8 18 21 11 10 24 9 6 6 6 4 21 5 3 18 10 4 19 2 14 13 10 6 3 5 18 29 8 1 5 17 10 4 9 3 7 1 8 6 18 24 1 9 21 4 14 6 6 5 2 12 38 3 5 21 23 16 12 2 2 18 2 9 17 1 8 15 13 3 4 18 11 1 1 7 17 2 2 36 9 10 4 15 19 5 2 3 5 2 22 3 12 27 12 13 11 21 20 6 6 5 8 2 6 19 11 33 8 17 15 22 12 4 15 19 10 20 9 17 6 11 5 25 11 12 6 1 7 18 2 16 13 6 6 11 4 3 11 25 2 3 4 8 21 13 4 5 2 8 22 20 2 3 14 24 12 6 6 5 8 12 21 13 2 1 7 6 41 4 9 1 5 1 4 8 3 7 27 1 4 2 1 40 12 5 3 2 14 2 10 6 11 4 1 14 4 13 1 1 4 3 2 3 18 24 3 47 5 10 1 5 46 10 2 1 1 4 15 11 6 15 10 8 11 35 5 5 7 12 10 2 17 17 7 20 9 5 18 1 6 5 17 2 8 10 21 5 5 10 4 2 6 13 10 5 19 8 1 1 23 55 3 22 28 33 13 14 4 5 2 4 11 1 4 4 12 1 1 4 11 3 12 7 17 3 13 5 14 16 6 1 2 8 3 28 3 6 9 8 21 2 42 9 10 6 11 31 1 1 28 11 14 16 14 6 9 18 19 3 20 12 16
17 12 18 20 44 2 7 11 39 37 31 19 37 19 6 14 19 9 8 15 32 13 14 10 10 34 4 9 5 23 34 31 14 16 5 14 10 6 42 22 36 1 19 30 38 33 4 12 14 10 20 15 16 22 16 2 30 22 26 5 20 23 33 53 29 22 10 19 31 6 9 12 13 24 4 13 21 17 8 22 3 28 5 14 28 3 15 18 3 36 19 19 12 11 7 39 30 33 35 19 21 8 19 19 29 23 21 19 12 15 6 21 36 20 19 25 13 23 35 17 16 8 35 50 20 34 3 37 33 7 7 11 24 32 11 24 40 10 23 19 9 8 24 11 18 6 11 29 28 18 22 18 48 21 38 23 8 16 20 17 19 22 17 23 6 35 31 17 21 12 18 39 4 10 13 11 7 25 33 21 41 23 18 30 17 7 17 13 20 31 14 10 24 15 33 26 7 21 15 15 13 3 9 26 32 12 23 20 31 12 9 20 10 19 14 9 11 31 26 25 10 45 13 36 14 8 8 16 19 40 16 23 22 27 20 19 17 4 28 8 27 27 11 9 33 14 9 19 26 13 15 11 9 19 13 24 41 37 12 14 16 38 6 13 16 12 37 27 8 31 30 17 19 51 37 22 21 22 15 31 9 9 20 11 42 24 34 21 22 17 22 17 32 15 38 11 21 25 13 6 40 22 41 12 8 30 29 12 21 22 30 7 17 27 14 15 26 14 7 5 21 29 15 12 25 9 37 24 62 31 5 21 30 28 23 8 7 22 16 27 38 4 27 19 9 54 14 13 4 23 12 6 11 7 10 32 3 5 21 18 51 29 24 4 15 21 7 21 30 18 17 12 20 38 14 2 7 39 3 6 3 19 25 13 52 10 33 8 8 58 15 7 32 11 25 19 27 24 19 54 25 43 35 5 25 17 17 28 6 17 17 13 22 10 12 20 9 20 6 38 19 9 13 38 10 10 13 12 2 15 16 27 5 26 18 20 19 25 65 29 30 32 49 15 38 42 12 3 14 16 25 26 26 35 10 5 11 31 8 19 23 21 8 13 13 22 22 14 6 24 10 3 47 8 40 13 12 35 15 42 33 16 10 12 40 4 23 35 19 16 21 17 7 22 22 24 6 28 22 23
33 16 29 20 48 42 28 20 46 63 34 21 41 23 15 30 29 11 9 46 33 42 20 21 24 34 5 18 10 31 54 33 15 33 22 19 12 16 53 26 42 7 31 39 40 36 28 26 18 32 40 20 21 36 17 18 47 24 47 19 24 29 42 61 32 33 19 35 36 12 24 20 32 30 25 29 25 25 21 34 7 33 38 25 36 6 36 18 20 38 37 30 29 14 13 39 31 58 38 39 32 19 40 30 41 33 29 19 22 34 7 33 39 24 24 56 21 36 41 26 32 10 56 56 38 62 3 37 34 24 16 32 39 47 46 37 45 14 28 20 12 15 28 18 27 19 27 45 36 53 36 21 53 28 53 25 9 37 23 18 21 26 21 32 19 48 40 33 29 19 21 46 7 20 21 17 20 28 33 21 54 28 22 35 19 10 26 19 24 36 23 20 44 20 44 38 15 21 15 22 14 10 11 38 38 19 43 39 31 15 12 22 17 24 20 17 13 34 32 38 12 60 26 37 31 32 15 16 24 53 28 30 28 37 39 26 28 13 33 26 43 38 71 10 42 31 12 22 39 13 17 12 12 26 22 37 47 53 29 19 25 52 39 16 16 34 39 29 11 38 52 38 27 54 60 26 31 26 16 32 12 14 33 30 42 25 37 65 26 19 32 18 34 27 40 11 22 26 21 19 40 27 47 13 22 34 30 13 55 28 45 16 21 43 16 16 51 16 16 8 30 52 15 16 31 36 39 34 68 34 13 25 51 37 41 15 15 40 22 35 40 14 54 20 18 59 21 13 45 26 46 14 14 31 21 36 25 5 29 28 54 30 35 9 20 28 28 41 34 24 17 16 24 40 27 13 9 60 5 20 10 32 28 17 63 18 41 11 15 59 26 10 40 29 25 40 35 39 32 60 27 46 43 6 35 28 17 28 10 37 18 20 22 39 42 35 18 47 18 51 30 11 23 46 29 15 43 33 3 18 38 30 20 27 38 32 24 38 68 38 31 34 51 47 42 51 62 27 17 34 28 36 61 62 29 24 16 33 29 30 24 34 20 24 30 37 24 19 24 47 13 4 48 10 40 15 31 35 17 42 34 27 20 17 71 13 26 54 23 29 41 18 7 32 26 25 29 34 26 33
56 17 76 22 51 56 37 43 48 69 55 35 46 26 18 34 39 15 15 50 43 49 24 33 30 53 13 18 12 47 59 43 15 45 28 21 19 28 64 70 56 20 34 54 61 37 32 29 25 41 58 30 23 47 22 54 71 39 51 32 63 30 43 67 44 37 25 44 65 25 33 36 34 53 33 48 45 41 32 46 9 37 42 28 41 26 66 21 24 53 41 33 35 21 20 59 59 61 46 40 67 23 54 32 43 36 29 33 41 50 17 38 52 31 28 58 53 80 43 31 43 23 61 64 42 80 21 41 47 40 22 51 44 49 59 47 51 22 46 34 22 26 41 34 39 33 32 48 46 63 36 41 57 34 61 29 12 50 37 38 31 39 41 49 36 57 48 37 57 20 27 60 12 33 24 20 21 29 34 42 64 37 51 49 33 17 27 19 28 47 26 36 50 54 45 54 31 21 30 41 51 23 55 49 63 51 44 51 39 40 32 69 19 40 37 22 23 45 48 42 23 62 43 47 63 45 29 27 25 56 43 49 30 44 40 28 31 15 35 43 47 45 74 18 65 36 16 34 41 44 40 13 15 49 31 51 57 70 31 25 27 52 52 16 24 37 41 47 46 47 59 49 31 57 61 43 39 29 20 36 25 22 40 32 50 30 47 70 28 24 45 21 39 49 48 16 30 56 40 38 49 29 62 18 26 60 38 16 56 35 45 25 27 53 17 36 78 20 27 16 62 62 25 35 42 38 62 41 73 42 50 35 64 39 48 34 30 45 43 52 42 27 62 42 32 61 31 16 52 35 50 22 20 34 28 40 37 37 36 42 54 75 52 14 28 28 29 63 36 37 25 41 39 59 44 17 34 61 15 26 12 44 49 22 65 21 44 15 16 66 34 12 44 33 27 48 45 48 33 60 32 69 49 7 39 47 39 28 14 38 23 29 22 53 53 43 44 58 23 62 30 15 31 57 41 19 53 43 30 25 54 32 23 39 48 36 35 46 71 41 40 44 61 50 70 54 63 52 29 36 39 53 63 65 41 41 37 57 46 31 28 47 22 27 48 46 35 35 66 48 13 10 49 26 42 17 34 50 22 43 47 60 26 19 73 50 27 72 31 37 46 26 30 42 33 32 31 42 57 42
60 22 76 40 52 73 39 47 50 76 63 41 47 34 19 47 49 42 15 50 52 58 43 64 36 71 66 22 31 49 69 48 18 62 36 23 31 30 67 73 80 21 43 59 65 46 43 37 37 41 66 38 64 48 24 61 75 61 52 33 75 41 54 70 49 42 27 50 69 26 39 41 35 56 40 50 45 44 44 47 21 54 43 56 44 36 72 52 36 86 47 36 45 27 22 67 63 69 57 53 75 35 57 44 50 48 53 37 50 51 26 48 56 42 45 59 55 83 72 43 50 39 66 65 57 85 23 43 66 43 47 53 50 50 63 52 69 24 53 62 24 41 58 39 59 37 40 58 58 68 46 47 71 53 67 45 14 55 70 38 32 67 46 54 36 63 59 68 69 38 62 63 13 35 33 38 37 41 47 44 77 56 61 62 35 21 56 29 86 90 45 49 57 59 60 68 36 47 39 41 59 37 65 65 72 53 71 52 39 44 39 93 56 42 39 57 23 47 52 48 25 64 51 53 64 51 42 43 35 71 45 56 52 51 49 34 40 39 53 48 82 55 84 21 66 50 18 36 43 56 46 25 30 63 49 57 59 71 37 42 30 61 54 34 45 51 57 73 60 52 69 57 36 68 66 55 40 44 27 38 28 23 42 50 50 46 48 76 37 24 51 45 45 54 53 25 30 64 67 60 64 39 69 18 28 65 41 17 57 39 54 39 47 60 19 63 80 24 38 33 65 63 30 62 45 58 66 56 80 59 58 42 64 59 49 51 43 46 61 60 53 28 64 50 33 83 40 35 61 46 59 40 26 78 30 48 40 67 56 53 56 79 59 20 44 34 33 66 43 43 27 49 54 62 49 32 39 70 26 37 26 47 52 41 86 52 51 19 63 68 38 36 80 38 45 75 62 48 35 62 46 72 54 8 41 64 47 39 40 51 34 31 39 65 54 52 45 62 36 63 56 17 32 60 48 27 54 45 43 58 77 35 33 67 61 51 42 58 71 43 49 68 61 52 76 74 91 69 40 38 51 55 71 77 51 55 62 61 48 42 30 55 55 29 50 56 35 40 67 51 40 22 50 30 47 46 54 76 29 69 48 60 27 29 73 55 40 73 59 43 55 43 30 56 37 42 52 43 60 46
61 35 81 60 55 78 71 65 74 91 65 52 48 36 26 48 50 66 30 57 67 73 53 70 40 83 70 47 53 73 74 55 48 73 40 37 36 43 73 80 81 25 75 59 77 46 56 48 73 43 67 42 69 65 51 65 80 76 65 44 82 48 65 82 61 48 58 73 86 35 43 44 37 67 61 58 68 63 60 51 23 56 50 70 74 55 73 61 40 91 69 46 52 46 31 75 70 69 66 59 85 53 85 53 67 68 77 84 60 79 47 58 60 48 47 72 55 91 73 44 53 52 70 68 80 87 44 47 75 47 47 56 64 54 77 53 70 52 67 84 62 50 60 59 62 41 62 66 65 69 59 54 72 73 69 46 51 64 76 40 60 69 67 59 49 72 59 75 89 38 62 63 21 71 59 41 42 41 51 62 82 57 65 71 62 48 56 51 86 95 51 73 84 60 66 74 39 68 57 58 64 46 73 84 80 56 82 59 68 45 47 95 71 59 65 65 35 67 54 61 39 80 58 56 70 59 46 53 63 75 46 56 54 64 54 62 61 63 56 66 82 75 85 33 68 75 38 61 52 66 60 49 33 68 53 63 62 75 51 45 30 75 69 38 72 55 66 87 86 62 72 63 41 74 67 71 45 51 33 63 30 64 77 55 51 73 49 77 70 35 53 66 62 76 68 36 53 68 80 72 69 40 84 25 46 66 47 31 84 53 55 40 53 61 27 70 85 31 39 68 68 63 32 69 49 63 68 70 83 70 58 59 64 77 49 53 50 46 62 68 73 31 65 53 38 93 55 41 88 71 60 67 28 82 33 64 53 77 59 65 57 90 63 27 75 37 38 72 58 45 31 57 61 68 52 55 51 77 37 70 27 48 63 50 87 70 56 25 67 78 57 47 82 44 49 86 71 58 46 63 59 83 64 8 45 84 73 47 42 54 48 68 48 83 58 56 54 75 48 65 56 18 60 64 70 29 83 46 48 59 78 38 42 67 62 53 60 59 74 48 58 75 69 57 78 76 92 83 63 50 64 59 84 86 63 61 81 71 49 45 37 68 60 43 63 57 36 44 67 79 42 34 69 53 75 51 55 80 53 72 51 63 58 59 74 57 43 78 62 49 62 49 41 58 46 55 52 47 68 51
68 36 85 78 55 80 86 67 76 92 77 55 49 75 41 49 56 72 39 96 72 94 55 78 89 91 85 47 61 80 75 58 57 77 48 48 42 46 76 94 81 51 76 67 87 51 84 53 76 59 74 55 80 77 61 67 92 84 81 51 95 69 69 82 66 64 77 75 92 49 62 63 43 76 70 61 69 82 62 66 58 78 63 78 76 58 89 73 65 93 82 55 53 86 38 84 76 71 69 61 88 58 87 70 81 91 81 87 65 80 64 64 63 62 52 84 59 92 84 64 77 67 76 70 89 93 53 55 85 97 61 62 77 60 88 76 82 58 73 85 67 62 70 84 77 61 68 67 70 77 75 60 75 84 72 52 59 90 76 53 83 79 76 92 56 76 77 84 92 44 71 68 56 84 84 43 42 76 52 75 85 86 83 86 66 58 68 51 94 95 60 88 89 67 80 83 55 77 75 68 71 63 83 86 83 66 90 80 75 76 71 98 73 62 66 74 57 70 54 67 49 85 65 67 74 84 77 65 73 79 53 64 65 70 55 65 69 64 65 77 86 76 91 36 79 83 39 73 64 75 68 56 69 92 86 70 72 96 57 83 87 80 74 41 75 67 84 91 88 74 73 90 67 78 85 80 67 53 34 77 32 71 80 81 73 74 70 79 84 43 77 76 77 85 74 46 61 77 81 81 77 74 86 40 49 78 71 52 91 68 63 52 84 61 42 81 87 33 67 77 69 66 59 71 73 69 69 83 93 81 61 73 85 87 78 83 65 49 80 72 77 50 75 76 75 97 56 52 90 74 69 68 52 87 55 65 66 84 64 68 60 92 82 32 75 50 73 88 63 78 49 68 62 91 52 74 56 90 56 78 46 58 74 50 92 78 72 46 76 87 82 51 85 68 68 87 77 63 60 80 67 88 87 14 58 86 79 71 44 65 60 84 58 86 62 70 71 75 80 82 72 42 65 92 79 42 84 48 60 63 79 57 46 79 73 76 62 67 89 84 65 78 69 66 90 80 93 87 63 67 88 79 91 98 70 63 82 81 52 46 58 74 83 76 68 76 47 48 78 88 68 42 72 53 83 70 67 86 67 79 64 70 64 63 87 72 75 82 66 76 65 85 64 72 50 56 58 70 77 51
83 36 93 94 64 95 94 94 78 96 93 59 60 80 84 64 57 76 52 96 81 97 57 82 97 94 92 75 71 81 76 62 73 85 85 63 55 59 86 94 99 85 88 76 91 68 94 57 93 90 84 58 89 81 70 84 96 88 85 67 96 79 83 88 73 70 90 96 94 77 73 71 48 85 74 90 76 96 65 70 77 87 66 86 85 81 93 77 95 98 93 64 78 87 49 86 82 72 96 82 90 66 88 92 81 94 87 88 74 91 87 84 64 64 82 87 61 98 96 67 91 70 82 96 89 96 75 62 91 99 79 80 89 88 90 82 90 85 76 91 67 78 74 90 80 65 71 88 92 94 86 77 97 86 75 65 65 95 83 75 92 95 92 93 96 91 96 86 96 98 77 86 69 96 87 53 54 84 70 91 88 95 83 90 69 63 81 58 95 96 61 90 95 87 87 84 73 85 88 77 74 82 90 93 95 86 92 85 88 77 97 98 90 64 81 76 67 83 65 72 64 97 66 70 74 95 85 67 87 96 83 68 75 88 70 68 80 67 65 85 87 81 92 64 91 92 55 73 80 84 92 58 80 98 96 88 80 97 73 89 88 89 81 86 81 92 87 94 89 93 78 94 68 81 92 95 74 54 39 81 41 81 94 84 77 85 87 85 84 61 84 86 80 92 78 58 68 84 82 95 77 84 97 62 53 80 82 57 95 89 79 65 90 72 48 84 98 58 68 78 96 75 71 89 88 81 90 84 93 90 78 84 85 91 79 93 68 70 83 77 85 86 94 79 85 97 57 67 99 82 80 83 77 88 56 66 84 93 74 72 73 95 88 48 76 53 84 98 95 78 61 79 62 93 84 86 79 94 89 81 94 62 77 80 94 97 77 73 86 88 94 75 94 91 75 95 79 78 71 90 96 98 97 23 67 93 82 82 61 66 76 98 73 91 67 70 80 99 91 91 98 47 73 97 87 59 84 58 60 66 87 70 70 79 73 83 70 68 91 97 77 86 96 79 93 82 97 90 88 97 94 81 99 99 97 70 94 86 58 54 70 89 84 84 77 90 60 80 83 88 91 49 93 83 96 85 89 89 69 95 71 96 66 87 88 96 78 86 92 78 69 91 93 89 65 88 73 71 94 57
92 64 97 97 94 97 98 100 91 97 99 72 69 83 98 78 70 80 81 100 99 98 64 88 98 99 95 77 74 86 96 89 81 98 95 63 55 100 86 96 99 95 90 89 98 91 95 79 96 94 97 66 98 83 77 91 98 98 88 82 99 93 89 93 95 85 99 97 95 94 85 90 58 95 77 94 86 100 76 90 99 89 98 96 86 96 98 91 100 100 99 97 78 87 76 90 100 87 97 84 98 85 96 100 98 99 98 92 92 92 88 85 88 91 88 99 72 100 99 84 94 78 84 98 98 99 98 63 98 100 86 88 93 92 98 93 100 98 78 98 91 94 78 98 98 73 87 99 100 95 96 79 97 86 99 68 90 95 93 94 93 96 94 100 97 93 98 92 100 99 79 86 91 96 96 84 84 92 100 95 95 98 86 100 78 90 83 60 96 98 91 95 99 93 91 89 82 93 94 95 81 98 97 96 100 87 95 98 95 82 100 100 96 72 85 76 76 99 71 100 85 97 78 91 97 100 93 80 97 96 86 75 86 94 71 92 90 95 78 100 92 86 93 85 96 95 96 87 97 94 95 91 84 98 99 94 92 99 79 99 96 94 86 91 95 94 96 97 92 93 92 95 100 83 95 98 75 59 44 84 42 94 95 95 90 92 96 86 89 80 92 91 82 97 96 77 70 94 99 97 86 86 98 85 65 88 95 75 98 90 81 93 99 75 93 86 99 71 73 86 100 94 84 95 100 94 97 95 94 90 82 91 98 91 95 99 72 86 92 100 98 88 97 91 93 100 78 75 100 99 81 98 81 91 81 66 97 100 100 82 97 99 94 89 100 59 88 99 97 85 100 85 63 94 95 97 93 99 92 98 98 81 93 89 98 99 84 79 93 94 100 85 99 97 100 95 97 86 89 91 99 99 100 39 71 94 86 90 77 67 84 100 77 98 100 86 82 100 94 92 99 69 76 100 92 70 93 90 75 75 97 81 87 96 91 90 97 86 95 99 85 89 97 90 96 88 99 100 94 98 96 97 99 99 100 99 98 90 72 91 92 94 100 88 84 93 63 84 93 97 100 84 97 90 98 89 100 90 82 97 76 98 98 96 97 97 84 96 100 96 88 92 97 98 65 97 78 79 100 89

64 68 80 72 88 72 43 93 94 89 95 100 90 4 63 1 30 26 83 47 58 94 61 26 80 23 35 98 57 77 14 50 80 68 51 77 25 18 59 61 42 96 38 68 71 54 56 49 44 94 70 90 94 86 86 57 4 65 22 66 84 93 72 8 54 62 2 46 25 43 17 75 67 50 32 27 19 74 62 94 41 8 6 85 64 96 8 98 29 92 13 34 12 8 58 77 68 90 52 7 24 66 29 26 45 45 73 26 94 35 10 60 78 47 57 54 68 60 79 85 20 67 91 87 21 2 68 41 55 14 4 86 74 44 89 4 9 23 5 10 73 44 78 52 86 96 6 58 44 67 40 43 34 65 60 91 11 90 25 34 50 51 74 29 42 81 79 18 16 36 36 74 26 32 6 14 18 66 90 76 52 87 62 90 51 67 54 14 7 7 14 65 66 33 37 57 29 54 32 32 4 6 47 25 91 59 78 10 59 26 49 57 22 20 8 85 50 31 41 20 89 49 45 19 25 60 67 27 15 95 21 36 41 72 88 99 9 72 58 59 46 61 38 20 93 69 32 24 87 82 4 6 86 3 34 70 39 64 35 89 48 82 84 49 56 75 47 22 81 99 66 43 2 29 7 55 52 16 23 27 32 34 67 67 61 33 47 78 31 50 75 24 87 97 34 60 61 46 80 53 95 99 82 89 25 40 77 74 37 83 95 9 84 18 35 59 73 60 91 10 84 71 66 10 76 34 91 79 82 43 53 37 71 22 63 100 2 76 68 31 45 22 17 61 22 18 41 2 40 75 57 79 57 63 4 61 59 15 15 37 72 75 1 52 57 26 49 46 45 39 56 34 13 76 71 41 1 52 23 26 65 70 79 61 100 70 36 93 100 52 62 80 8 69 55 77 88 70 60 27 10 27 71 73 17 37 23 85 94 56 31 57 99 23 4 66 34 34 41 99 4 80 4 56 8 58 88 19 74 13 58 93 97 88 32 3 96 46 84 13 63 95 12 85 22 74 81 16 24 95 2 67 34 13 45 68 24 68 4 76 31 6 16 68 93 29 12 82 31 16 90 21 51 37 46 61 73 48 71 57 96 29 94 100 67 67 76 75 9 61 71 99 34 60 51 70 10 25 100 66

534 2595 172 462 94 808 1530 285 1768 997 591 73 769 809 98 179 710 891 82 672 28 146 426 801 266 437 237 612 1032 273 261 235 418 3921 250 85 462 153 414 702 492 164 335 861 797 379 226 271 115 191 411 151 67 678 479 692 665 61 776 834 94 106 873 532 132 511 138 2660 322 466 759 1565 121 212 804 451 498 398 267 114 127 774 462 534 831 801 2076 90 257 465 721 725 294 740 128 523 514 278 290 251 1136 94 110 73 1317 99 194 626 309 208 2131 234 406 419 69 157 179 1257 2157 228 245 232 688 216 131 168 581 73 231 953 387 131 1587 726 622 851 745 2360 132 203 1174 107 82 6530 633 181 380 178 605 202 461 161 207 246 164 419 386 73 194 868 162 946 74 399 122 1121 1701 246 472 403 114 2978 190 208 361 108 115 1878 670 459 4117 86 595 164 65 616 820 94 818 1157 135 842 1307 989 111 477 214 1588 664 1197 67 57 99 474 84 1882 172 464 479 510 81 201 144 2928 375 1492 2002 740 128 2091 17 354 79 185 455 514 332 853 112 80 442 168 213 1249 637 877 503 1482 1656 19 1111 341 909 286 186 210 2600 792 585 140 465 2104 173 190 386 279 166 455 1429 133 108 837 719 915 252 95 827 302 1466 1879 1215 33 191 188 295 848 446 2937 935 395 136 693 334 133 1483 324 339 2154 333 296 110 1207 59 1035 204 201 86 104 484 2612 282 272 770 304 91 739 2401 350 1423 273 202 79 558 63 815 56 115 322 1303 405 375 760 624 342 2533 163 1116 181 95 283 310 1562 210 2008 428 593 100 253 1155 700 233 210 127 552 312 1146 1148 1315 234 296 376 270 359 615 4178 97 770 3483 70 336 237 169 463 2272 465 413 100 55 173 836 165 220 638 401 391 1689 504 461 138 289 330 55 1167 149 462 57 693 1159 131 87 80 2354 173 43 345 131 95 401 461 463 1193 181 256 249 109 281 1989 971 1140 656 117 2095 947 190 489 1092 282 78 445 79 183 279 725 423 69 652 153 394 354 1860 191 1484 1696 136 1053 239 1847 821 3120 2303 905 220 1414 303 109 261 93 256 89 526 790 6 1618 189 23 227 678 2084 111 476 292 260 1006 900 1117 108 1626 364 330 243 279 1271 543 185 248 678 762 421 458 336 770 119 1951 148 267 151 685 1536 71 552 938 818 459 1028 1436 232 499 719 127 3308
1780 4798 967 563 328 824 2011 646 2421 1212 690 255 1014 890 446 764 1032 1091 126 696 320 431 657 1162 284 791 563 775 1076 1403 1243 506 2843 4068 577 342 860 223 530 1322 605 258 445 1226 1579 403 1202 578 217 317 679 701 490 2616 525 822 768 224 1528 999 719 264 971 3455 463 2162 298 3027 1037 511 896 2049 345 342 979 557 1567 800 600 2185 388 1847 851 585 1462 1185 3766 435 419 1825 1512 1358 357 1284 461 563 552 325 292 617 2553 746 546 403 1478 227 471 870 1390 216 4224 1905 2349 732 406 489 1314 1329 3607 1371 1053 325 1689 342 938 177 1472 116 1317 1633 1643 267 2957 2122 739 2835 970 2521 1125 1006 2452 865 366 6582 726 698 1438 884 788 1181 1062 184 2111 540 909 579 422 114 199 1331 792 1229 553 1156 203 1230 1710 966 2138 978 156 3004 232 557 1263 1107 242 2318 1830 3329 5293 215 1191 193 752 2100 1212 577 1008 1467 586 937 2576 4025 179 1137 260 3138 784 1449 307 81 361 794 197 2043 514 628 794 690 860 3865 500 3372 511 1910 3087 1379 148 3955 230 2285 134 241 2527 840 527 1528 219 201 1019 176 1038 1514 642 2896 589 2162 2229 75 1506 506 990 713 316 805 3057 1132 879 974 786 2253 882 389 407 2640 593 1148 1872 283 216 851 2078 1548 519 610 2035 1194 1822 2501 2264 199 248 203 358 1046 570 3764 2012 441 289 769 362 185 2935 1622 920 2165 439 731 639 1433 2127 1078 2041 390 293 663 656 4175 285 459 1715 479 202 1052 2470 1540 1464 471 215 1855 1286 145 1070 154 1786 745 1538 1230 747 984 1094 419 3071 1634 1129 442 1663 948 422 2233 299 2286 3042 891 334 382 1474 1019 806 375 199 714 431 1244 1507 2828 861 1003 449 1176 1223 975 5162 410 1707 4652 106 1592 842 295 867 2585 877 759 720 157 658 1026 394 564 1092 2110 739 1814 1296 894 448 330 581 63 1981 200 621 96 1065 2206 193 392 1266 2779 1012 720 1080 697 1165 1447 1157 943 1467 236 345 2932 325 702 2055 1063 1650 1002 991 2347 1874 615 768 1907 680 529 591 506 420 572 2964 1743 97 804 157 2019 852 2916 1804 2589 1974 671 1213 503 2976 933 3725 3578 932 356 2161 314 693 267 746 585 222 2088 876 414 1628 307 340 264 1698 2696 201 2361 3577 1130 1924 1555 2901 380 3169 2004 339 341 1058 2298 1295 592 791 1450 792 486 1705 504 1119 174 3560 363 350 601 988 2022 900 605 2047 829 488 1139 2201 720 579 2581 921 3642
1974 5213 1741 1020 384 1310 2290 706 2975 3300 703 330 1207 3481 789 2925 2697 2019 503 778 1351 1009 885 2966 877 891 667 1017 1628 2206 1416 1582 3112 4501 861 377 3905 462 1148 2845 633 311 615 1317 3557 520 2441 1265 996 363 853 1300 927 3269 586 1640 2420 342 2220 1327 801 1224 1108 3869 568 2206 330 3862 1725 1390 1104 2063 821 381 1495 980 2301 1071 742 3677 818 2672 857 860 1705 1226 4093 456 876 2313 4105 1410 655 1819 1545 607 749 352 640 751 2631 1046 666 530 2374 279 1096 1024 3360 1273 4865 3685 3968 955 511 1110 3879 1556 3692 1585 1273 654 2779 587 1206 504 1790 627 1474 2741 3939 337 3362 3006 917 2907 1276 4608 1662 1038 2858 1265 594 6818 2111 1210 1856 1150 1356 1390 1885 779 2147 843 914 650 933 430 418 3538 1878 3389 696 1444 696 1384 2490 2146 2277 1015 212 4553 327 976 1550 1938 345 2705 2164 5457 6765 480 1732 202 1419 3850 1684 3438 1387 1974 1576 1011 3500 6143 211 1460 678 3544 940 1925 579 1058 455 914 358 2056 1366 699 1057 2269 1079 4055 616 3735 1111 2184 3461 1482 945 5173 1556 3584 464 832 2639 1080 616 1955 781 591 1168 740 1226 1799 924 2945 1162 3974 4999 908 2217 1534 2095 981 1352 1507 3916 1785 1484 4017 2419 2446 1431 431 726 2928 1175 1337 3532 295 888 1024 2454 2341 1179 1121 3343 1463 2021 3820 2357 372 330 374 1599 1682 822 4040 2138 716 1072 3105 589 275 4556 1940 1233 2595 456 1335 813 1580 2140 1853 2411 446 524 1469 729 4253 1701 703 1723 1601 243 1340 2601 1820 1707 908 304 1885 1499 737 1189 271 1903 842 1636 2311 959 1225 1965 791 4612 1728 1470 856 1777 2013 616 2399 532 5226 4913 1138 842 634 2093 1805 1002 706 253 3583 884 1308 2238 2868 888 1151 699 1538 1932 1524 5504 615 2920 5474 410 4416 872 447 1818 3472 910 1517 997 604 1404 1448 911 700 1214 2495 844 1888 2229 2431 647 635 614 79 2293 413 730 122 1388 2968 233 838 2122 2926 1348 1140 1260 2848 3743 1472 1225 1117 2344 747 654 5071 886 1306 2634 1102 2377 1467 1645 2386 2102 795 827 1920 1324 659 963 1048 682 741 3052 1846 132 1026 338 3933 2211 3182 1844 4528 4378 1154 1289 545 3195 971 4771 3636 1010 725 2453 858 1586 400 2556 5339 330 2151 943 470 1637 404 397 333 2650 2957 840 5439 4277 1438 2782 1700 2947 857 3452 2969 751 953 1848 2567 2065 1340 1136 4999 809 491 2158 585 1375 185 3787 481 2496 635 1097 2091 1357 909 2392 885 1383 1235 5153 873 920 2609 2155 4501
2856 7367 4071 1293 692 1374 3580 1736 3220 3336 811 332 1767 4889 1412 4218 3751 2346 1063 1126 2064 1049 1842 4046 1009 1118 1250 1434 1798 2329 2203 1755 3486 4904 1578 485 6139 598 1214 2957 742 557 716 1995 4404 1569 3791 1803 1206 672 1263 2138 937 4071 922 2177 2515 559 2404 3163 1160 1643 1608 4433 1096 2918 467 5303 2580 1499 1188 2996 969 505 1778 1211 4245 1114 1407 4996 1269 4144 887 1664 3031 2144 4189 911 2227 2359 4478 2706 880 2708 1779 1649 1504 463 1067 1085 5779 1307 759 772 2414 750 1105 1049 3736 2644 5548 4457 4306 1069 1098 1472 4041 2221 3798 1586 1661 1102 2854 773 1534 576 2406 667 1959 4962 4613 838 4112 5029 1749 3237 1419 5259 2237 2044 3097 1645 705 7328 4877 1633 3133 1257 1791 1428 3194 1867 2231 885 1820 1472 1804 470 526 4261 2039 4949 1019 1486 737 1837 4763 2710 2337 1138 662 5539 430 1298 1962 2968 877 3440 2738 5614 7800 787 2487 642 1442 3913 2280 3697 2266 2420 1681 1019 3731 6375 226 3148 1578 8034 1310 1958 914 1139 846 1423 645 5855 1526 1418 1785 3055 1300 4572 633 4055 3448 3682 4833 3305 1388 7478 1620 4107 479 924 3096 1193 837 2522 805 1959 1324 922 1304 2390 1219 5293 1314 5104 5582 1000 4306 2215 2367 1047 3002 6449 4002 1796 1576 4168 2659 6617 3636 1307 790 3354 1380 1770 5230 486 1701 2211 2519 2704 1851 1218 3735 1946 2608 4152 2564 596 778 1904 2113 3635 1190 6704 2285 753 1465 3212 709 382 5100 2756 1838 2730 731 1567 985 1770 3056 2488 2602 632 659 1507 791 8701 1759 776 3008 2513 702 1470 2736 2002 2982 1214 912 1964 2647 745 1349 429 2270 1519 2434 3540 3121 1627 2306 1092 6056 2240 1612 1902 3987 2069 633 2424 897 5384 5049 1806 1630 640 2643 1898 1227 1102 354 3694 1070 1409 2394 2981 1422 1557 763 1598 2109 3348 5870 1044 3261 5677 832 4736 922 619 2573 3781 3459 1573 2178 631 1568 2740 1056 1482 1338 3257 1201 2114 4150 4854 700 1092 851 388 2308 1125 1269 772 2160 2981 599 875 2367 3731 1607 1349 1805 4293 5500 1941 1543 1616 3420 1107 798 6599 958 2274 3883 1103 3703 2217 2781 2859 2187 820 1433 2025 1564 769 1203 1050 962 760 3565 2360 454 1968 720 4242 4179 5005 2351 5081 5520 1567 1402 841 3658 1276 4818 4322 1476 876 3398 940 2065 1772 2772 5613 345 2506 1554 947 2696 676 432 1360 3145 3887 1184 5749 4389 2333 3489 2223 4539 904 5544 3748 821 1165 1857 2875 2266 2149 1291 5071 1247 809 2504 1667 1462 864 3841 580 3011 787 1206 2697 2534 1083 2676 1538 1415 1854 5202 1038 1033 2795 2781 4614
3943 7820 5489 3185 798 2322 5825 1813 3712 3430 1129 1318 2021 5006 1772 7067 4222 4363 2015 1141 3915 2008 5511 5098 1184 1356 1448 2842 3000 2421 2961 1908 4153 6664 1951 516 7596 1249 1667 3219 951 757 835 2549 4648 1943 4532 2482 1618 757 1907 3431 1635 6381 1344 2270 2751 575 2685 3770 1251 1674 2350 5568 1129 3645 773 6158 3155 1593 1279 3068 2488 619 5201 1370 6667 1157 1509 5025 1427 5437 1068 1988 3180 2318 4527 1172 3825 3607 4517 3033 1535 2725 1795 1846 1603 1352 1462 1275 6708 1688 1073 1641 3002 952 1210 1415 4064 3387 5893 5596 6978 1115 1168 1861 4070 2714 4205 2031 1974 1373 3694 1075 1668 628 6041 725 2483 5607 6901 994 4690 5089 2450 3250 1499 6129 2675 2391 4278 2066 1129 7925 5620 2033 3838 1701 2740 2038 3661 2304 3388 2138 1979 2042 1828 1750 830 4542 2797 5124 1023 1778 1290 2103 5864 2973 2545 1274 1102 5912 883 1829 2578 3790 1079 4718 2963 6680 7909 1943 6666 1073 1444 5091 2518 3834 2286 3882 2932 1037 5337 6563 1002 7015 2596 8111 1505 2418 1971 1339 1413 1498 837 6206 2981 1649 2284 3235 1305 5988 767 4613 3611 3815 5263 3871 1518 7678 3275 5180 1396 1324 5298 1216 907 2908 1102 1992 2534 1071 1344 2942 3686 6410 1686 6319 6031 1228 4781 2361 2988 1232 4080 7508 7119 1977 2128 6198 2811 6897 3896 1690 959 3759 1482 2903 5970 801 1729 2487 2687 4730 2030 1645 6577 2110 3085 5011 2597 1244 1270 2315 2768 5961 1360 6968 2494 885 1500 4038 1170 485 5232 2776 2510 3253 898 1673 1652 1849 5371 2604 2819 720 1483 1597 934 8739 2762 1035 3046 2887 1377 1732 2877 2223 2995 1831 1251 2412 5590 809 1412 453 4107 1616 2762 4529 3593 1852 3848 2807 6410 2407 2085 2564 6532 3094 1320 3217 1681 6417 5979 2564 2331 723 4940 2288 1294 1378 928 4363 1546 2081 2807 4239 5181 1725 777 1814 4161 4280 6511 1286 4859 6471 868 4776 1136 1207 2878 4913 3665 1807 2251 802 1584 2902 1291 2015 2967 3329 1646 3017 4286 5113 1114 2568 1332 522 2509 1175 1302 1187 2713 3100 787 1119 3953 4888 1749 1371 2140 5400 6096 2443 1703 1626 3694 1960 810 6720 1244 3086 5408 1165 6074 2523 3607 4103 2469 1408 2083 2373 1789 790 1233 1075 1160 987 4018 2661 1150 2068 1511 4334 5009 6360 2734 6425 5647 2248 1777 1466 3740 1298 7153 5720 1539 2741 3948 2170 2733 1847 3585 5700 365 3290 2927 1160 2960 788 1644 1668 3803 4646 1499 5794 4498 3947 5866 2633 4936 971 5765 3785 1056 1175 2207 3145 2609 2197 1310 5253 2546 913 2559 2955 2487 884 7275 853 3264 1252 1642 6701 2693 1161 3014 1630 1813 2685 6134 1042 1374 2819 3656 4637
4536 7924 6154 3488 1586 2553 5895 2490 4381 3468 1689 2223 2070 7162 2028 7316 4260 5502 2310 1143 5451 2491 5788 5592 1224 1662 2065 2884 3048 3191 3931 2080 4413 7898 2071 1524 7864 1391 2966 3353 1729 1031 1090 4381 5683 2485 5080 2726 3020 761 1996 3609 2772 7130 1433 3081 7281 1203 2687 5134 1847 1914 3551 6378 1185 4035 870 8117 3366 1841 1379 4013 3615 1166 6105 1582 7325 2063 2073 7082 1655 6012 1689 2191 3945 2587 6258 1451 5498 6045 5053 3941 1592 3339 1799 2916 1728 1543 1504 1903 8931 1975 1187 1819 3986 974 1277 1681 6320 4006 6356 6765 7221 1663 1854 2593 4375 3601 4914 2248 2089 2720 3858 1344 1715 685 7023 1321 3076 5676 7715 1136 4835 5639 2493 4142 1804 7990 3225 2644 5945 2901 3143 8435 7267 2228 6484 1980 3000 2868 3814 4407 3899 2721 2538 2052 1862 2042 869 6081 3306 5213 1211 1848 2000 2294 6049 4045 3139 1633 3196 6527 904 3578 3903 4456 4095 5956 3668 6695 8856 1964 7430 1390 1828 5244 2753 4533 2405 6048 3424 1235 6994 7093 1279 7085 4933 8156 1507 2660 2005 1411 1599 1658 1262 6703 4948 1839 2327 3600 1989 7105 1517 4778 3764 6270 6203 4504 1786 8212 4086 5783 1744 1887 7045 1224 1019 3128 1571 1993 3133 2652 1420 3113 5300 6966 1869 7286 6843 2343 6254 2560 3591 1879 4697 7520 8883 2886 3104 7468 3425 7273 3963 1737 1029 4092 3446 3636 6166 2004 2416 2527 3926 7570 2244 1968 8617 2141 3661 5546 2971 1329 1401 3638 2979 8676 3489 7327 2742 1088 1677 4939 1775 1190 8021 2850 3454 3554 1103 1685 1807 1988 6432 3414 2829 1715 1615 1854 1172 9138 2795 1633 3459 3867 1419 2074 3426 2265 3184 2167 1386 3355 6271 816 1729 580 5484 1908 3012 4812 4238 2004 4163 4136 6855 3607 2603 2607 6861 3107 1420 3523 1885 7838 6073 2675 3518 1007 5376 2438 1747 1762 2187 4816 1580 3339 2854 6468 6102 1952 812 2087 8890 4348 6668 1817 4891 6632 1362 5795 1299 1541 3238 6103 3694 2119 2689 1760 1699 3822 1514 2569 3379 3505 1791 3467 4458 5308 1154 2600 1697 720 2701 1177 1692 1649 3270 3551 854 1526 4365 4922 1774 1384 2213 5751 8688 2867 1748 1990 4190 3114 920 7676 1449 3119 6499 1201 6751 2912 3682 4752 3150 1699 2163 2918 3341 1301 1350 1190 1696 1133 4147 3318 1332 2463 2413 6500 7554 6828 4389 6628 6320 2327 1825 2090 4188 1576 8794 5737 1568 3557 7287 2274 3194 1995 3734 5797 453 5275 4599 1334 3849 943 2348 1779 6470 4839 1841 6156 4995 4383 6259 2966 5590 1195 8454 3830 1394 1724 2319 3573 2876 2349 1412 5343 2636 913 3639 4027 3625 1070 8031 1030 4116 1363 1700 6876 3329 3014 3372 2576 2038 3960 7973 1143 1568 3253 3911 4869
5099 9037 7583 3610 1625 3189 7887 3467 4636 3780 1895 2322 2097 8667 2168 7505 4334 7437 2529 1883 5512 2675 6542 6245 1307 1730 2222 4109 3100 4089 4094 2409 4527 8148 2173 1918 8519 1638 3079 3725 1843 1887 1796 4465 6097 2592 5646 2957 3606 1160 2306 3806 3749 7766 1621 3168 7365 2030 3363 5789 1967 2048 5578 6659 1310 4850 973 8363 4208 2890 1806 8565 3703 1571 6573 2004 7535 2328 2085 8088 1889 6388 2181 2313 4064 3306 7397 1695 6240 8438 9220 4119 1623 3483 2230 3841 2851 2058 1853 1941 8975 2074 1484 1983 4888 982 1387 2172 7486 4380 7429 8636 7238 1878 1895 3566 4484 4004 5445 4716 2125 3234 3876 1492 2084 1143 7243 1962 3454 5977 9360 1167 4850 8817 2701 4526 1874 8583 4931 2662 6576 3436 3552 8764 7289 2277 6633 2228 4020 4491 3998 4695 4508 4363 2766 2124 2269 2064 1628 6184 3520 5495 1400 2166 2299 2514 7483 5681 5252 1639 4190 6745 1048 4084 4544 5339 4779 6289 4207 7027 8898 2091 7844 1499 2531 5261 3468 6686 3173 7182 4047 1728 7103 8358 1872 7537 7826 8168 2460 2857 2255 1669 1629 1758 1271 7766 5110 2090 3372 4314 2122 7944 1921 5359 4621 7480 6713 5174 2117 8940 4243 6132 1784 1914 7823 1572 1310 3666 1715 2217 3315 2945 1461 3568 7055 7036 1937 8368 6949 3279 8051 2676 3658 2304 4781 8691 9058 3722 3534 8424 3654 9321 4110 2066 1176 4107 4028 3724 6634 2126 2423 2930 4090 7776 2453 2214 8794 2607 4063 6368 3510 1410 1788 3738 3382 9078 4319 8369 2990 1211 2096 5223 1824 1299 8233 3791 3544 4208 1874 1801 1893 2186 6537 3705 4017 1804 1896 2228 1205 9289 3736 1828 3995 4328 1794 2089 3523 2358 4192 2185 1703 3828 7881 895 1907 1327 6730 2212 3332 5328 4659 2088 4673 4306 7750 3685 3385 3152 7206 4100 2198 3890 2058 7880 7488 2989 4255 1262 5676 3169 1863 1956 2228 6923 1735 3497 2895 8184 7051 3873 1729 2464 9250 4575 7268 1876 6981 7571 1963 6639 1497 1725 3959 6502 4247 2404 2880 1771 1707 3832 2003 3014 3685 5134 1825 4411 5025 6565 1808 3394 2007 768 2780 1527 1741 1918 3458 5546 895 2461 5796 5486 2090 2124 2252 8475 9340 3048 3243 2113 4235 3328 1029 8020 1942 3797 6880 1717 7107 3928 3923 8182 3951 1755 2208 3497 3354 1514 1469 1741 1767 2575 7954 3633 1571 2894 4186 7137 7830 7121 6531 7280 7065 3720 1903 2339 4543 2134 8901 6929 1655 4345 8313 2294 3744 2162 4149 6451 1517 5763 6058 1775 7168 1163 2495 1955 7830 5995 2380 6735 6976 8517 7794 3049 5894 1472 8859 4630 1717 1743 2528 8685 3407 2426 1619 6782 2793 1443 4753 4561 3867 1191 8208 1497 4231 2021 2845 7249 3511 3092 4184 2799 2042 3969 8102 1153 1586 4333 4097 4925
5898 9256 8752 3651 2056 3412 9564 3905 4726 4543 2172 2403 2428 8759 2186 8478 4698 8899 2809 1942 6869 3941 9087 8232 1757 2092 2321 4224 4076 4446 4532 2534 8772 9257 2366 1922 9285 1768 3810 4610 2112 2176 1916 4622 7179 2952 7261 3543 3864 2346 3615 3942 3763 8530 3273 4603 9048 2098 3388 6933 2439 2048 5723 9525 2139 5272 1511 9265 4297 4376 1865 9341 4036 2010 7813 2166 8307 3796 2429 8581 2162 6703 2390 2533 4715 3770 9686 2329 7422 9580 9828 4718 2289 4448 2386 4279 3502 2333 1870 2199 9141 3015 1743 2339 7078 1688 1693 2302 8241 4639 7761 8975 7417 2109 3725 3930 4569 4203 6383 4807 2500 3364 4729 2029 2093 2274 8261 2026 3869 7883 9824 1643 4858 9610 4059 4789 1908 9124 6359 3780 7952 3820 4420 9887 8218 2344 7215 2334 4649 4686 4660 4954 4649 4406 3708 2240 2287 2107 1672 7622 3842 5799 2085 2200 2444 2658 8752 7969 6240 1996 4423 7574 1239 4251 4908 5475 4925 6859 4560 7406 9701 2164 8101 1521 6620 6035 3945 7764 3610 7699 4150 2287 7164 9499 2463 7859 8719 8215 2708 4177 2309 2432 2386 1904 1761 8466 8742 2219 4523 4319 2291 9298 2473 6115 4800 8668 6996 5702 2376 9597 4262 7098 1985 2108 8169 1759 1617 3843 1988 2297 3512 4228 1719 4161 7449 7741 2120 9258 7951 4780 8176 3861 3981 2328 7281 8901 9576 4442 3753 9120 4053 9414 4826 2433 1728 4664 4339 4234 8822 2187 2455 3442 4247 7891 3329 2420 8923 4526 4797 9715 4695 2104 2078 3974 3531 9430 4364 9126 3640 1543 2345 6692 1914 2029 8737 3837 4487 7757 1897 2028 2076 2885 8808 4388 4119 1934 2096 2376 1518 9390 4499 2073 4631 4426 2019 3961 4914 2368 4340 2223 1745 3838 8041 1222 2003 2378 8288 2328 3360 5917 4718 2143 4895 4849 9443 3948 3489 4195 7332 4337 2252 4339 2091 8863 8266 3273 4409 2005 7128 4440 1911 2059 2253 7624 2002 4109 4283 8398 7203 3970 1917 3943 9356 4688 7665 1898 7291 8227 2364 6938 1599 2001 3981 7413 4409 2516 3366 2326 1855 3921 2016 3325 3822 5881 1910 4428 5424 7919 1993 3894 2394 888 3661 1714 1867 2149 4280 7965 1029 3219 7170 6048 2181 2448 2405 9129 9746 4006 3618 2298 6448 3423 1065 8625 2127 4617 8830 2127 7382 4310 4353 8801 4659 1818 2250 3704 4299 2164 1729 2062 3245 2952 8464 5832 1950 4378 4499 8416 8392 8153 6946 7793 7473 4542 2435 2376 4634 2143 9034 8222 1785 4643 8717 2326 6749 2196 4347 7691 1761 5920 7517 2084 7585 1748 3032 1979 9425 7769 2890 7975 7469 9055 7927 4864 8845 1492 9679 4811 2149 2133 2592 9201 4478 2908 1947 8987 3506 2090 4964 9260 4819 1248 8310 1721 4921 2106 3003 7863 3975 3238 4659 2889 2141 4042 9242 1614 1761 5961 4103 5733
7928 9707 9676 4163 2247 4686 9947 4163 4996 4857 2374 2514 2450 9082 2247 9323 4966 9847 4870 2272 8266 4532 9549 8307 1882 2175 2363 4285 4209 4794 4897 2540 9164 9450 2535 2075 9765 2269 3830 4995 2496 2291 1940 4835 7997 3498 7491 4763 4019 2368 5061 4789 4342 9762 4308 4937 9863 2513 4575 8941 2495 2470 9519 9538 2458 8293 1913 9903 4658 4964 1876 9484 4446 2444 8586 2525 8698 4571 2520 9141 2231 6825 2433 2544 5067 4126 9881 2436 9632 10047 10018 4929 2330 4898 2397 4356 4895 2499 2435 2434 9829 4433 1847 2352 8707 2341 1876 2441 8762 5046 8586 9538 7518 2203 4887 4457 4713 5042 9047 4862 2556 3643 4861 2281 2497 2357 9576 2125 4272 8678 9863 1686 5088 9650 4359 4815 2177 9570 8529 4281 9218 4557 4431 9919 9124 2414 8740 2492 5063 4716 4774 5006 4886 4538 4891 2320 2414 2385 2048 7673 4719 6410 2149 2510 2545 4723 9732 8246 6993 2116 4605 7619 2442 4486 4958 8296 4953 9888 5017 8389 9968 2249 8427 1664 7614 7937 4373 9217 5002 8426 4788 2312 8700 9711 2475 9175 9070 8777 2815 4297 2430 2500 2495 2219 2503 8906 9514 2481 4889 4834 2515 9484 2495 6866 5000 9355 7116 9815 2389 10055 4341 7678 2433 2439 8818 1883 1649 4296 2337 2300 3535 4285 2012 4728 8616 8028 2313 9422 8203 4906 9610 4220 3989 2438 7773 10044 9666 4947 4603 9992 4686 9947 4897 2488 2536 4898 4556 4379 8990 2255 2498 4156 4872 8013 3902 2539 9057 4744 4852 9852 4751 2174 2488 5033 4723 9635 4669 9769 4881 1767 2351 8127 2202 2145 9008 4169 4955 8153 2198 2354 2354 4563 9811 4783 4665 2799 2390 2450 1957 10025 6214 2118 4674 4906 2304 4664 4980 2444 4779 2462 2397 4044 10020 2110 2159 2486 9914 2516 4474 8806 4782 2155 4989 4941 9766 5024 4114 4371 9592 4463 3553 4357 2365 9442 9558 5001 4817 2528 7862 4858 2020 2457 2403 9071 2094 4642 4527 9467 8561 4240 2268 4721 10047 4809 9825 2296 9026 9752 2405 10022 2319 2228 4316 8523 4713 2523 3815 2361 2526 4095 2219 4631 5044 7827 2220 4601 8159 8079 2567 3997 2478 1527 4822 2247 2451 2409 4298 8959 1132 3232 8307 10011 2250 2502 2411 9224 10022 4977 4484 2470 6997 4467 1566 9104 2180 4753 9470 2327 10075 4941 4363 9057 4800 2205 2541 4251 4487 2191 2174 2538 4362 4994 8610 9029 2146 4723 4543 9668 8507 9203 8742 10012 8718 4701 2493 2554 4820 2184 9694 8994 1805 4745 9682 2345 8666 2213 4647 8833 2333 6076 9156 2228 9636 2144 3879 2187 9686 9997 4515 9548 9532 9527 9605 5030 9721 2366 10023 4871 2360 2480 2625 9285 4794 3229 2339 9662 4312 2524 8943 9458 4969 1579 8578 1851 4943 2206 4566 9831 4074 4223 5011 2901 2360 4482 9682 2092 2303 9111 4534 8742

165 450 136 440 78 652 907 101 1738 775 295 7 668 650 19 145 358 382 11 215 27 32 272 118 121 288 79 71 331 198 203 232 91 1044 246 69 111 66 206 40 322 3 156 520 398 227 2 21 87 175 329 123 40 182 428 633 441 14 568 252 83 51 486 115 91 474 70 2387 271 328 231 939 27 108 325 306 159 101 261 113 89 279 262 227 340 250 1770 86 185 86 544 137 105 107 96 403 91 95 87 151 778 9 30 40 789 2 115 518 241 28 1086 38 273 228 6 62 80 128 719 117 178 90 225 121 24 71 55 71 217 332 189 98 831 52 331 386 307 16 58 48 681 103 72 3508 72 90 17 121 13 61 128 84 166 158 81 311 318 1 158 353 70 222 28 263 115 710 441 144 7 325 89 934 60 124 197 60 97 1453 646 157 1138 29 459 1 22 541 791 32 244 99 85 332 504 950 10 443 77 944 163 929 29 54 58 314 50 1133 131 380 38 367 23 151 60 256 233 1242 941 422 51 149 11 123 30 26 191 330 11 235 76 39 246 126 101 36 440 729 114 1154 393 2 977 23 462 69 20 62 1446 451 499 73 188 525 4 37 211 195 126 236 1366 110 100 418 345 312 91 91 98 181 975 724 1065 1 172 84 85 393 137 2448 209 18 101 350 89 86 90 109 20 585 298 289 34 1006 19 838 167 64 13 43 50 1663 217 53 2 220 63 145 919 33 507 16 104 30 87 31 701 13 79 230 1 123 158 598 351 229 2141 24 1028 71 84 173 29 74 148 124 168 433 65 95 161 430 160 27 72 382 250 379 979 976 55 180 258 96 247 586 2683 85 723 1586 49 121 114 75 3 1379 302 256 24 40 104 276 117 201 637 227 171 1252 335 442 127 190 80 40 7 50 433 53 692 716 101 28 66 112 34 35 325 86 80 255 370 268 99 23 165 167 83 261 675 891 664 278 90 203 826 43 204 118 217 48 230 65 9 219 312 108 26 340 74 351 164 623 126 416 407 52 825 108 381 29 1039 1125 375 67 1099 247 48 136 56 205 80 52 425 3 883 157 19 88 625 963 81 89 176 207 584 413 91 28 337 293 132 116 152 321 450 135 144 557 568 182 121 259 433 56 443 69 86 88 480 370 19 520 695 735 380 687 185 108 311 692 44 2568
