500 9 1
54 34 51 40 91 50 26 49 46 40 82 94 51 9 90 17 81 96 85 63 2 68 71 3 84 89 47 41 28 8 78 35 81 32 24 36 56 76 26 34 37 67 41 63 75 90 52 22 11 17 72 24 30 92 52 96 66 28 39 87 59 75 19 54 31 51 3 97 73 78 37 16 96 90 83 51 56 4 21 68 91 55 99 64 46 97 60 42 27 28 80 74 45 48 89 2 64 90 61 33 34 80 74 32 99 32 42 11 83 28 15 26 37 18 18 91 49 44 10 42 100 17 15 1 90 71 97 77 98 93 81 80 28 83 67 54 42 67 46 67 84 16 95 7 82 37 78 20 8 19 15 96 62 88 68 31 55 74 15 76 67 30 48 7 5 29 34 28 3 87 41 26 24 1 12 96 62 15 70 82 32 92 51 98 8 1 78 6 19 9 72 13 54 75 1 21 92 32 33 27 37 1 31 94 44 54 46 81 91 10 83 51 98 29 88 45 14 99 38 78 51 92 22 60 52 82 83 65 80 19 18 87 15 19 84 36 40 62 82 53 47 41 30 7 47 97 47 42 96 81 68 37 79 8 78 52 1 53 39 69 3 79 35 3 17 39 1 52 76 13 77 28 43 48 90 27 98 96 71 23 67 56 96 46 30 13 2 82 12 34 64 35 23 4 95 50 24 50 55 8 5 7 26 37 71 79 1 33 53 83 49 64 59 17 17 89 79 73 81 6 64 68 32 88 46 28 98 61 33 45 78 56 90 91 99 67 75 22 57 20 10 89 14 33 65 95 53 36 90 68 61 8 84 15 94 89 3 33 39 68 94 91 13 78 59 77 30 2 63 98 92 5 71 53 32 14 19 70 45 9 25 21 21 63 18 36 61 47 83 10 84 39 17 37 55 78 49 48 42 23 50 13 18 12 12 67 52 44 24 59 89 51 94 76 100 27 88 22 10 93 70 39 81 49 57 68 57 3 42 70 51 28 97 17 29 8 96 54 28 81 83 60 88 51 71 24 100 93 3 92 16 32 45 29 29 63 60 98 96 51 77 14 29 89 13 84 61 48 11 47 8 83 4 58 78 9 59 4 88 9 25 5 93 10 5 99 33 18 92 17 84 78 5 77 31 2 57 78 49 42

4 16 4 35 5 7 8 6 4 20 2 6 1 11 34 4 36 2 2 3 7 6 6 5 22 9 3 1 12 2 1 1 7 2 17 8 4 28 2 21 3 9 2 9 18 7 7 4 1 22 9 3 18 4 13 24 14 7 1 4 34 14 14 20 22 6 3 26 9 29 5 9 3 22 31 5 5 28 25 8 1 3 4 2 22 9 59 1 11 24 6 32 8 14 1 6 9 27 3 24 14 1 17 2 25 15 30 19 34 10 11 25 2 8 12 24 22 4 2 21 6 5 7 15 7 5 1 7 13 2 5 23 6 1 6 5 10 7 11 31 44 11 10 15 10 3 5 13 2 5 4 1 6 25 7 12 18 16 11 8 11 15 11 11 36 18 32 3 8 11 20 16 1 18 2 4 14 2 7 2 11 9 29 1 25 27 1 7 4 2 16 32 1 9 2 1 2 15 5 6 1 4 26 11 15 11 4 18 14 38 7 16 2 1 3 24 23 26 6 1 8 32 4 4 5 16 5 10 20 1 6 6 9 19 7 9 5 10 4 5 8 2 6 6 10 11 12 4 5 3 30 16 8 30 18 8 5 4 30 9 15 9 6 23 13 2 6 5 1 10 31 41 5 20 5 3 4 3 3 5 1 14 2 1 8 3 6 22 6 4 20 2 13 3 14 24 8 5 3 14 3 20 15 3 11 8 5 12 22 10 3 7 2 1 2 5 10 23 8 20 5 3 2 7 25 18 1 4 20 4 8 9 31 19 2 14 6 6 3 19 6 37 6 8 21 2 1 16 3 13 9 12 18 1 8 6 17 23 30 4 12 4 29 28 7 5 10 32 6 5 27 1 3 7 1 2 31 3 10 1 35 4 6 1 3 20 6 2 3 6 2 45 4 11 10 9 9 4 4 21 11 5 5 10 5 14 24 4 2 26 2 29 8 2 4 10 37 1 21 10 12 18 5 1 2 8 15 4 11 6 14 7 16 6 26 8 3 4 11 4 2 1 14 13 19 14 16 21 15 7 2 8 4 10 9 11 6 15 18 1 1 7 20 2 3 1 16 7 4 2 18 21 8 23 12 12 3 8 5 12 4 4 13 5 3 28 3 6 13 18 5 1 13 14 3 10 19 19 6 4
9 16 5 35 10 9 16 24 28 25 17 7 5 40 45 13 46 7 6 16 9 15 6 5 27 11 9 6 12 23 65 11 11 35 22 27 10 58 20 27 17 18 36 11 19 18 25 11 14 29 10 5 26 9 25 47 24 14 12 12 39 32 32 26 30 22 20 44 14 34 9 29 5 22 52 11 11 32 28 8 2 4 4 14 41 27 62 3 39 27 25 33 31 49 25 20 11 28 31 28 30 8 21 7 46 20 41 26 37 34 36 28 23 15 25 28 24 13 6 36 16 9 15 18 9 29 9 8 15 9 19 23 9 27 22 19 19 22 30 44 62 11 27 29 18 11 14 36 37 19 20 19 9 29 9 35 21 17 22 34 12 27 16 22 38 18 35 11 12 29 21 28 18 29 3 5 17 13 14 2 15 12 39 33 27 29 13 32 30 8 19 37 18 17 15 1 11 16 9 40 14 6 36 14 17 38 12 35 27 40 8 19 3 10 5 29 59 27 9 9 20 35 7 8 6 19 8 25 23 20 8 7 9 25 21 21 14 19 4 8 10 10 15 11 18 15 36 7 17 5 38 26 16 35 21 18 13 5 32 18 20 29 38 38 25 3 11 9 8 10 38 51 6 37 10 8 9 15 6 20 2 31 19 7 16 11 9 29 21 7 22 18 15 10 38 27 19 23 12 22 8 23 29 16 18 10 6 14 34 13 15 7 17 9 23 20 19 34 41 34 11 11 13 12 30 34 2 6 39 12 15 9 49 22 5 34 10 7 15 20 11 56 13 14 24 2 14 18 25 21 33 13 23 1 11 9 25 38 49 6 31 6 30 28 20 10 17 33 12 18 29 4 25 21 19 6 39 15 19 3 36 8 16 19 27 40 7 11 7 18 8 51 14 32 25 17 12 19 11 36 26 6 8 11 16 15 27 8 15 26 13 30 39 23 26 20 37 30 21 11 29 21 14 20 7 21 34 7 38 9 19 26 19 18 37 11 23 10 12 22 5 12 23 27 35 27 31 31 17 13 17 10 5 11 25 28 20 47 34 7 31 26 28 10 34 2 38 21 12 16 25 26 12 37 21 15 25 32 14 15 19 12 38 6 14 33 7 7 16 42 21 35 15 33 4 30 21 22 9 7
17 36 15 63 17 10 36 42 48 25 17 15 15 41 47 15 55 11 9 34 36 28 16 6 30 15 20 11 16 31 71 18 18 38 42 35 14 72 32 34 30 19 41 13 25 38 31 11 19 42 14 8 38 26 26 49 26 49 28 17 46 45 50 28 33 66 42 49 16 43 24 33 10 52 66 13 14 59 43 12 4 6 15 16 49 27 68 5 45 28 41 48 37 64 36 23 26 45 32 40 44 13 28 8 52 24 44 32 51 37 42 55 26 31 38 31 26 15 7 39 22 10 21 44 10 35 9 14 19 12 41 37 26 30 24 19 22 24 32 45 68 43 46 44 19 16 57 45 52 32 27 46 22 45 50 63 25 28 25 48 12 35 17 28 50 36 47 28 24 37 25 34 22 34 19 39 22 48 32 42 26 25 41 35 31 31 23 53 30 18 27 37 21 21 21 9 14 19 14 48 19 11 41 24 27 46 32 36 30 44 29 30 3 22 18 37 65 35 39 27 29 48 40 15 9 22 20 40 27 26 16 18 13 40 29 28 17 31 21 9 17 50 19 38 24 17 38 10 18 16 42 44 21 47 44 38 18 18 37 26 36 39 40 39 29 26 16 14 11 20 45 58 9 56 16 12 11 42 10 24 36 69 21 8 36 23 13 64 33 7 32 34 21 13 53 28 34 24 42 34 8 25 35 19 33 37 7 15 47 20 20 14 22 12 34 23 37 60 50 38 16 13 35 37 49 39 5 21 45 15 20 10 55 35 9 36 25 11 18 22 18 59 18 16 43 28 27 19 53 22 45 28 32 33 22 20 33 55 54 8 38 14 42 32 20 26 18 44 19 27 41 19 27 58 23 57 44 23 41 4 42 26 60 28 27 48 13 24 25 26 21 55 20 50 27 33 13 39 11 38 33 21 17 34 77 16 40 42 18 30 16 43 41 25 27 34 55 50 25 20 38 45 24 28 10 23 48 34 46 11 34 33 25 35 45 18 25 12 25 36 8 19 45 49 37 36 38 38 20 16 18 27 13 12 33 39 28 50 38 12 32 41 51 13 64 7 45 21 40 19 29 66 19 40 29 16 38 48 23 25 21 53 56 7 30 35 8 14 32 59 33 42 36 42 15 31 24 51 59 12
19 68 18 63 21 13 64 46 50 41 38 17 16 47 51 22 67 21 20 42 41 30 22 37 44 28 21 44 21 37 77 22 21 39 74 39 24 76 33 45 31 43 52 18 30 45 34 12 21 61 30 9 40 35 29 53 42 52 56 29 64 95 60 63 49 68 43 58 27 45 30 51 34 52 71 35 16 60 55 69 15 18 21 19 57 34 73 7 59 31 45 60 38 67 42 57 29 47 35 43 54 16 49 29 53 51 50 59 59 42 46 60 34 48 40 36 27 20 12 39 29 13 23 53 27 48 13 17 25 37 43 39 31 32 32 38 39 44 55 48 76 45 52 48 20 45 63 59 56 39 37 64 24 72 53 66 38 37 51 50 24 44 30 31 55 40 54 56 36 43 38 56 47 45 32 53 35 53 40 66 30 29 50 39 32 40 25 53 33 51 34 45 26 30 26 23 25 20 24 59 29 15 49 31 40 47 43 47 31 50 48 52 11 26 23 48 70 40 55 32 51 59 50 24 16 49 27 61 56 29 47 20 14 68 32 34 40 51 26 15 19 66 28 57 31 30 50 18 19 20 55 45 27 58 66 40 33 32 40 27 36 48 47 53 57 35 27 17 11 27 54 64 19 58 19 33 29 42 25 55 42 71 24 15 43 29 30 77 49 40 58 44 24 42 59 41 37 25 43 49 20 40 43 26 38 41 11 32 51 30 25 48 32 35 57 39 41 61 60 45 47 44 37 43 59 46 23 25 46 33 32 47 57 40 13 40 31 20 27 43 20 59 29 24 53 39 47 47 56 31 48 34 58 37 28 24 39 58 60 16 43 23 47 39 25 48 26 49 30 28 45 38 32 68 34 68 50 33 57 12 58 31 65 36 33 55 13 36 30 49 26 76 21 52 35 33 23 40 12 40 42 31 20 39 78 36 60 42 63 32 17 49 46 36 28 35 56 67 25 32 39 57 29 52 33 35 60 34 59 41 37 40 31 63 45 35 30 20 49 48 9 28 63 53 39 47 48 69 25 19 28 64 38 25 49 40 40 56 41 13 47 57 54 18 73 25 54 47 45 20 67 69 21 43 30 20 39 57 40 27 23 73 58 14 42 36 20 20 42 67 39 43 48 62 33 34 26 59 62 12
26 70 35 71 21 36 65 51 51 58 45 39 18 67 69 46 74 21 26 54 46 32 24 59 53 36 23 50 28 49 77 39 36 40 74 45 43 80 53 51 50 45 54 44 34 51 34 28 39 73 42 23 43 62 63 72 73 58 65 51 69 95 64 66 53 73 54 62 31 45 31 58 36 54 72 41 21 70 56 81 38 23 28 21 70 39 74 16 66 31 65 83 41 74 49 61 37 47 47 60 55 17 50 39 54 52 51 64 79 44 56 68 38 59 45 54 28 24 57 50 41 51 28 77 35 56 16 27 49 40 56 54 47 55 49 39 62 47 63 51 79 56 61 48 46 63 70 62 56 42 47 71 30 79 61 68 59 52 57 71 27 46 44 38 64 40 55 69 61 81 45 60 57 59 45 54 46 55 41 74 37 43 58 55 70 56 40 65 36 61 68 47 42 31 34 26 30 63 31 60 36 17 50 47 57 51 43 60 60 61 71 62 23 26 29 48 79 61 63 44 55 61 60 25 30 49 33 71 68 37 52 20 33 71 46 39 45 61 37 39 23 68 47 75 32 37 61 30 32 34 60 58 50 60 68 47 40 41 42 47 50 73 51 65 71 41 50 38 36 49 56 67 27 71 27 38 43 56 31 66 47 80 27 29 52 44 33 78 60 52 64 45 41 47 59 52 44 41 44 67 20 44 63 44 63 42 11 66 59 50 35 53 32 46 73 56 54 69 65 47 73 53 49 49 65 56 51 32 69 47 41 61 58 70 30 57 35 33 34 43 21 66 35 25 58 40 85 57 65 52 49 42 58 42 41 61 47 71 61 60 55 29 53 42 50 65 31 54 53 33 51 50 40 79 51 68 51 43 59 29 60 47 73 38 40 77 14 58 33 50 27 80 46 57 37 46 59 43 15 41 60 38 20 42 80 56 61 56 79 37 23 65 49 48 52 35 57 68 27 51 58 63 45 53 33 36 70 43 61 44 66 45 33 69 45 40 42 41 74 51 35 50 66 62 43 60 70 76 27 39 32 82 49 40 56 40 55 62 47 19 60 66 60 32 75 27 57 49 50 26 77 73 36 44 54 38 41 64 50 57 34 80 61 59 51 43 20 29 46 69 69 46 48 67 38 38 42 79 72 43
29 79 54 78 33 52 75 74 65 59 80 48 33 68 70 55 74 23 55 72 76 39 28 78 82 39 50 56 68 68 77 60 68 49 81 56 44 81 58 58 63 66 58 52 40 65 49 36 64 75 56 38 60 63 69 77 76 86 66 61 76 97 65 67 66 79 66 71 58 74 38 61 41 57 83 65 54 86 59 85 54 45 54 45 79 55 80 43 68 33 68 86 45 79 60 64 65 51 66 78 73 32 52 54 59 53 52 83 91 60 86 73 41 67 46 66 63 42 68 56 64 64 28 85 52 70 26 60 73 54 65 59 61 59 73 43 70 50 86 55 83 56 72 58 50 67 71 63 66 46 81 84 30 84 67 73 59 63 79 71 33 82 52 53 77 67 78 72 68 86 55 65 66 68 53 72 63 60 50 82 37 48 69 55 72 58 66 86 63 70 72 53 46 31 48 37 68 64 48 84 51 21 55 47 64 62 59 62 62 69 73 83 43 35 30 49 82 80 65 85 68 74 87 26 47 52 53 78 69 44 53 23 64 75 65 39 47 64 40 41 25 70 51 81 81 54 64 31 73 40 66 84 62 88 72 51 70 54 43 55 60 76 59 69 78 59 51 47 67 65 64 76 36 72 27 52 55 58 57 69 60 82 37 34 63 53 42 83 74 61 65 57 48 49 67 54 65 65 56 68 31 46 64 53 72 45 43 78 61 54 43 58 35 77 79 64 65 79 67 50 81 56 70 54 73 62 61 43 74 73 55 64 84 74 37 58 44 51 51 50 33 71 62 38 76 77 89 63 66 52 56 44 90 45 41 65 50 80 81 70 62 29 60 49 61 66 32 55 77 57 53 58 49 85 81 85 51 56 75 43 79 70 83 51 42 86 31 60 58 85 45 84 54 58 54 49 72 60 39 65 71 52 53 58 93 72 66 62 79 40 70 80 54 60 64 40 71 76 45 63 60 68 65 74 70 50 75 55 61 46 72 83 47 79 64 55 44 53 77 56 36 60 92 73 48 62 71 81 49 43 34 91 64 46 62 77 64 66 57 28 72 83 66 52 78 36 63 59 56 36 78 74 37 45 58 46 54 69 71 59 38 84 63 64 52 43 34 46 50 81 71 65 53 68 44 41 57 87 87 70
53 82 72 79 37 92 84 77 87 74 88 58 36 73 79 57 81 28 65 83 81 44 62 86 84 40 53 73 74 69 86 78 88 64 84 74 45 86 69 71 69 79 71 56 83 76 80 48 66 78 57 84 65 67 77 80 83 91 74 63 81 97 69 95 68 88 70 71 64 88 53 81 61 67 88 66 84 88 61 89 56 52 64 58 90 68 83 65 83 38 85 93 65 81 65 72 74 58 75 85 87 60 85 58 62 54 64 85 93 64 90 74 71 74 64 67 69 45 74 62 76 92 46 87 57 93 30 67 84 57 76 71 62 64 82 44 72 58 94 70 86 61 90 68 50 74 81 70 81 68 87 91 34 95 67 76 76 81 85 89 62 88 64 57 84 68 83 89 84 88 73 69 78 93 54 72 63 77 55 83 38 75 80 83 73 65 86 90 66 74 76 61 49 33 65 39 68 65 70 85 54 45 57 63 77 80 65 65 63 75 75 86 50 60 49 50 85 85 71 91 73 84 88 33 66 57 86 89 70 55 59 70 75 78 68 43 61 68 47 47 73 78 71 82 89 60 74 48 74 56 74 97 78 91 83 79 70 83 49 56 65 77 63 75 82 64 56 68 69 66 75 94 61 73 37 56 68 85 59 88 65 85 39 52 71 60 62 92 86 65 65 73 55 51 71 61 71 79 58 89 93 47 69 55 87 49 65 83 61 66 70 58 66 88 84 72 82 80 74 75 82 63 72 80 74 76 68 60 75 78 60 76 85 81 41 59 62 55 59 58 59 85 94 72 83 86 93 75 71 63 68 45 92 70 42 75 60 83 88 74 69 61 61 50 63 69 49 64 82 69 88 70 67 96 84 90 59 86 77 62 82 75 86 54 66 93 75 75 71 86 55 85 81 65 83 65 95 86 50 74 81 53 72 83 94 76 71 80 95 49 84 80 59 77 70 59 74 85 77 69 61 83 74 79 89 73 95 56 62 53 92 85 63 86 68 58 49 56 83 67 73 82 93 73 57 72 83 87 67 69 84 92 65 54 73 78 76 85 79 61 77 89 68 75 93 65 75 62 59 56 80 75 70 68 61 51 54 70 74 73 77 88 72 68 59 83 72 51 69 89 83 85 77 68 58 62 69 98 89 80
72 84 87 79 80 95 89 81 91 99 89 60 66 77 87 75 81 60 69 90 82 80 66 88 88 69 66 81 80 87 92 87 98 76 86 83 64 94 73 95 98 80 88 73 84 81 85 58 70 93 87 92 67 86 84 97 92 97 77 71 83 99 74 96 88 97 72 76 71 89 54 87 81 82 91 84 87 100 93 91 74 79 89 60 95 69 87 91 84 43 88 100 73 88 81 72 79 64 76 85 90 69 89 89 74 91 70 90 96 70 95 80 82 82 75 89 79 57 83 80 95 97 82 88 61 98 31 83 89 67 100 80 74 91 83 68 82 88 99 97 91 84 96 79 79 77 85 84 91 85 93 95 47 97 70 82 95 85 85 95 86 91 72 79 90 70 87 92 86 89 85 81 79 96 66 74 73 81 93 84 61 82 86 94 92 74 91 92 72 86 91 83 73 67 80 47 91 66 74 88 58 60 61 86 91 93 88 74 80 89 82 87 65 74 68 52 89 86 75 92 81 86 99 49 82 85 87 93 74 58 70 72 86 78 89 50 90 74 49 67 83 81 74 88 95 78 79 59 84 93 75 98 88 93 93 80 71 84 82 59 72 81 67 93 97 95 70 75 73 88 88 97 82 75 39 78 71 86 83 89 82 94 76 67 86 62 63 93 89 78 84 76 74 95 72 78 87 85 70 100 95 60 80 83 87 76 69 95 68 80 78 68 80 90 89 88 83 89 78 79 82 78 78 85 90 97 87 61 75 94 69 80 94 83 43 66 75 75 60 93 64 89 98 74 87 87 95 82 78 69 90 66 92 70 67 82 94 84 89 77 84 62 66 80 65 70 67 67 86 77 98 73 80 97 93 93 65 92 85 79 93 81 90 62 83 97 77 78 71 90 71 90 87 71 92 72 96 87 62 76 89 83 72 87 99 91 90 92 96 50 87 90 70 82 90 72 78 87 77 92 87 86 77 80 89 81 97 65 64 66 96 94 70 96 76 61 53 82 83 72 80 87 99 79 62 87 87 96 72 96 84 93 80 69 90 91 96 88 81 64 86 97 75 85 97 86 85 72 75 65 88 92 73 85 66 67 57 74 81 80 78 91 73 78 67 85 85 96 70 91 83 87 78 85 83 76 94 100 98 82
93 95 93 85 83 97 97 97 94 99 93 97 81 88 92 89 82 70 100 99 87 86 99 89 88 70 71 96 95 94 94 100 100 97 96 89 99 95 95 98 100 100 94 77 85 84 86 95 81 99 92 99 69 91 89 98 95 99 80 87 89 100 79 97 95 98 92 79 94 92 62 89 97 85 96 97 92 100 93 97 95 84 92 65 98 71 89 97 92 85 100 100 85 92 100 89 95 81 77 94 93 88 98 90 80 94 82 92 100 93 97 89 96 86 94 93 92 66 94 83 99 100 97 91 82 99 61 95 95 93 100 86 94 98 89 72 89 90 99 98 92 88 98 83 95 100 96 88 95 95 95 98 68 99 76 89 99 90 99 95 90 92 82 97 100 76 97 98 87 90 87 100 84 99 92 94 95 91 94 88 63 95 97 97 100 87 96 97 94 97 97 90 77 92 86 99 95 99 77 91 71 99 71 93 100 96 94 75 80 94 86 97 100 88 100 96 98 99 83 94 99 87 100 96 96 95 96 100 78 75 73 73 91 83 91 51 100 98 80 87 91 88 88 97 99 93 83 82 98 95 91 100 96 98 98 89 84 84 91 66 81 88 67 96 98 100 87 79 100 93 100 100 95 97 98 95 89 94 89 94 91 100 78 84 88 91 70 95 91 100 87 81 90 97 74 99 93 86 83 100 96 64 89 86 97 91 71 100 81 81 87 78 99 93 90 88 95 94 92 85 100 83 85 89 98 99 96 63 95 99 82 100 98 98 93 80 90 84 100 100 93 95 100 76 100 89 100 87 99 98 92 84 95 97 72 98 95 86 97 93 93 75 91 90 71 97 91 86 96 85 99 85 81 100 97 96 87 94 95 96 98 97 98 69 97 98 88 90 76 94 100 100 89 85 94 85 98 98 79 93 91 87 74 99 100 97 95 96 100 77 96 95 71 92 98 84 92 88 78 99 93 100 99 87 94 85 98 76 97 86 96 97 89 97 98 66 63 88 84 95 81 88 100 89 77 99 90 97 95 99 92 93 94 72 97 92 100 97 85 82 91 99 92 89 99 86 97 88 92 97 94 93 76 89 94 95 70 100 86 87 95 98 85 99 99 91 89 100 94 95 98 98 95 87 93 84 97 100 100 96

25 21 25 5 42 38 62 63 16 46 51 35 11 4 69 68 65 70 42 57 58 69 98 19 5 67 64 61 27 70 1 44 6 37 74 45 84 47 22 87 60 14 68 56 16 100 49 87 78 56 63 94 56 2 69 30 63 28 23 44 48 77 44 86 53 89 34 79 39 97 8 47 61 65 12 58 37 25 95 15 2 36 50 68 12 54 40 53 44 56 90 54 86 28 78 46 100 92 84 3 63 27 97 41 20 43 50 11 50 26 16 36 66 89 66 1 60 86 49 76 84 13 81 38 42 68 66 96 46 10 42 42 74 63 92 74 74 11 65 66 1 28 48 1 65 64 26 94 100 9 54 33 3 1 87 29 42 19 13 91 51 4 95 93 6 69 52 91 7 80 12 69 39 72 48 100 42 9 65 24 10 38 9 68 40 33 58 84 94 90 38 39 10 40 20 27 81 5 85 57 90 33 66 58 32 22 68 2 53 5 54 68 58 30 63 64 2 92 70 3 37 9 22 43 99 86 36 83 64 83 73 3 93 15 45 76 49 68 61 48 68 9 84 73 74 43 10 85 4 82 75 9 1 95 47 17 79 74 76 97 66 6 13 76 26 70 37 40 83 53 69 91 79 49 97 60 78 55 47 35 66 41 67 4 94 66 3 81 50 97 39 85 52 81 16 67 66 94 19 40 58 99 13 35 20 62 20 26 64 61 1 28 76 53 28 22 99 47 61 74 2 65 97 12 48 25 84 82 65 22 28 45 73 11 98 37 14 70 47 72 46 65 46 95 2 61 77 82 57 75 26 70 2 35 32 73 84 9 46 71 62 14 6 4 4 96 3 47 40 15 50 57 7 2 59 14 95 76 31 96 51 71 55 76 76 54 82 85 79 1 14 84 22 8 28 53 72 70 50 25 65 19 52 84 28 61 25 48 80 16 85 45 2 22 14 63 6 44 25 81 15 45 14 85 64 72 6 70 67 53 43 5 70 41 9 72 76 3 59 1 95 81 45 89 17 55 55 60 77 1 87 86 3 42 92 86 25 62 88 46 2 18 93 77 72 89 36 72 69 84 76 45 77 75 81 97 36 29 24 17 16 40 15 48 81 58 18 57 80 9 45 53 86 66 53 53 100 85 36 58

667 118 609 484 1327 78 501 469 351 58 487 104 2360 1288 2524 495 571 601 767 547 58 2037 473 243 287 485 65 384 103 138 157 270 402 411 28 128 649 1301 1172 204 63 1482 997 647 1144 372 97 228 217 190 143 457 769 630 256 1030 95 268 393 784 797 327 143 372 155 291 2040 686 180 500 1690 58 1435 369 373 215 712 340 82 126 508 115 638 181 205 487 1331 198 1420 872 615 177 169 524 413 13 1289 425 3567 46 508 900 643 1221 976 57 522 228 1406 1286 51 3626 534 95 185 1189 956 106 214 393 305 46 617 157 172 773 1087 162 263 365 160 119 237 958 759 821 282 512 170 96 89 212 219 654 329 1121 614 175 109 647 154 907 612 601 205 646 244 209 324 1762 779 900 882 668 25 617 106 645 146 271 185 570 77 446 35 538 116 442 900 206 101 384 219 153 534 190 984 15 60 315 464 179 219 354 383 265 807 351 517 396 604 575 844 268 116 78 203 653 443 931 858 260 424 383 99 300 1183 2081 538 579 1119 1132 90 106 61 262 454 1245 444 1398 573 379 190 233 114 747 217 3880 450 91 87 139 483 937 649 1132 185 272 172 948 126 1317 1776 430 430 435 2258 85 144 411 234 258 623 461 390 186 1549 264 78 302 629 340 499 632 114 406 216 320 192 371 137 287 752 1263 1503 657 201 2742 91 131 217 428 663 81 289 358 1062 1887 1863 378 143 157 969 2000 809 1727 587 98 237 523 1816 396 515 261 147 229 824 510 1717 1669 2131 427 1216 1395 1363 173 270 435 1021 557 390 513 995 500 371 224 2128 329 1057 184 43 3297 412 311 248 187 152 36 223 82 291 333 1462 324 721 1148 135 315 413 267 1238 963 407 967 1833 626 268 315 535 330 103 327 1342 63 89 46 218 75 191 1251 842 3909 1562 967 115 206 242 509 95 77 971 99 1140 1700 142 448 131 908 212 1254 639 595 1652 155 1409 1385 794 1269 247 541 2260 439 594 1048 1266 2998 517 1205 89 688 1013 296 591 584 154 726 441 56 281 197 76 792 548 1019 73 51 540 464 297 299 118 930 631 1154 197 1108 708 1160 414 98 191 56 745 1000 366 501 77 139 194 155 128 1360 429 285 618 403 190 293 120 1014 975 513 555 256 589 139 2431 1217 690 925 1247 1983 157 256 1581 261 1450 263 150 102 256 676 1470 89 343 46 139 510 200 414
1106 155 872 693 2004 253 509 546 1668 363 759 567 2660 1412 3871 957 582 956 1121 596 794 2196 2760 626 592 1672 301 475 182 285 447 379 495 775 180 766 1042 1455 2373 416 85 1513 2286 2394 2819 1009 148 1968 1067 511 735 1244 823 915 497 1300 1078 587 453 1148 799 573 1326 605 1552 466 2609 1675 1044 2349 2353 348 3423 607 956 1069 1223 2097 2229 188 1331 308 775 283 306 601 1479 626 1632 1249 1105 586 175 550 446 573 2053 1021 4985 225 561 1030 1141 2476 1432 323 545 1190 1773 1746 116 3682 574 428 799 1718 2731 137 612 744 322 1579 737 1842 230 3492 1292 2895 826 1287 918 377 2633 1031 1685 932 827 732 525 151 233 540 568 765 839 2683 833 186 662 888 1250 915 1090 776 228 779 1700 235 444 3087 2375 2918 2637 754 424 702 248 880 593 525 207 857 91 481 2040 1185 365 599 1028 468 260 851 223 194 921 202 1688 607 94 466 658 224 245 639 1941 1399 2078 498 794 609 905 585 1006 988 205 287 293 1541 2627 1783 1280 414 468 639 947 377 3414 2815 1125 2097 2432 1548 284 600 480 283 622 1653 668 2859 751 1727 360 1189 281 2024 344 4312 753 231 268 612 499 1296 1203 1631 772 2058 1375 1037 340 2006 2733 1116 443 1629 3402 148 154 1951 1778 368 724 1054 1111 343 1737 382 930 696 1273 685 992 638 275 1216 226 1129 425 982 4959 1397 1695 4179 1647 2779 688 3285 559 252 1334 835 755 725 370 472 1261 4159 2058 827 735 377 1846 2352 1432 1767 1097 968 399 1251 2380 1464 597 1111 1378 1080 877 816 1764 1753 2613 457 1700 3746 1545 466 1388 970 1091 1014 1357 908 2767 545 490 1075 5767 574 1719 209 953 4975 1511 486 1032 658 528 871 757 485 359 475 2199 1313 779 1180 210 606 2818 601 1992 1065 938 988 2069 1271 401 470 772 1266 502 600 1655 643 699 1167 2160 1746 461 2220 1315 5344 1629 2399 1234 506 335 1081 191 114 2801 1728 1449 1723 208 1128 372 1510 1377 5402 833 1542 1974 301 1902 1480 1287 1464 316 1082 3056 677 669 1712 1965 3600 668 1285 240 701 1406 1088 687 934 291 1247 1242 206 283 298 2468 1822 3391 1067 713 535 2779 873 685 700 219 1703 650 1706 337 1745 834 1448 514 1102 518 144 1496 1998 725 1857 110 234 545 218 334 2956 673 955 1286 818 849 829 513 1052 1905 1105 1921 643 1035 623 2669 2359 2435 1008 1407 2873 158 3999 1667 492 1565 486 188 641 722 1411 3505 224 1064 117 610 998 934 1375
1144 1125 923 773 2039 664 1440 661 2024 916 1077 632 3444 1743 4727 1982 622 1203 1725 928 1405 2390 3396 740 977 3294 550 1019 218 534 461 541 507 809 517 1020 3471 4191 2390 889 286 1625 2612 2690 3695 1369 208 2420 2218 1085 862 1832 3969 997 709 2043 2001 935 632 3237 876 1408 1505 932 1879 794 2851 1675 1068 2358 2763 2279 3613 813 1615 1312 1232 3310 2366 438 2440 828 854 353 635 1400 2778 668 1665 2284 2379 818 566 946 879 1120 2173 1930 5291 418 760 4047 1702 3031 1754 1247 1215 3447 2705 4612 252 3834 744 993 962 2408 3564 664 1429 1547 556 1581 932 1869 245 5059 1472 3784 957 2225 1157 461 2853 1037 3238 1076 1120 944 560 190 277 1170 2080 1178 1000 2927 2486 953 1362 2600 1267 1072 2064 1276 750 809 1850 908 544 4036 3185 4085 4562 767 673 703 359 1413 721 1622 282 883 389 527 2992 1638 438 5273 1225 499 661 1131 1108 1139 956 608 1877 1025 234 755 853 482 843 973 2081 1521 2483 1128 886 1075 1482 721 1432 1352 748 347 299 1813 2659 2629 3324 421 827 1941 1685 660 4352 2815 1270 2398 3351 1990 667 1402 762 1173 879 2532 1043 2927 1088 1747 1576 1400 396 4861 401 4368 2822 1021 354 797 1211 1389 1827 2134 941 2584 1778 1441 631 2316 3168 1630 504 2281 3496 203 215 2265 5335 1142 2440 1290 1338 481 4667 762 1438 719 1359 1229 1700 1379 795 1218 250 1136 577 1026 7143 3865 2679 5240 1876 3174 1369 3492 1206 1090 1595 1229 823 1298 615 768 4484 4218 3132 1376 1350 623 2478 3905 3188 2417 1696 1823 951 2098 2886 3943 975 1240 3590 2507 1103 1775 2174 2380 3066 726 1780 5985 2834 583 2468 1342 1317 1247 1595 1066 3402 2139 1616 1315 6410 716 2446 478 1388 5040 2080 998 1106 983 921 1198 1323 556 402 1006 2457 2088 1213 1669 879 792 3590 956 2338 1130 970 1907 2524 1537 448 492 1090 1696 1278 992 1701 1133 732 1517 2409 2791 1550 3344 1829 6020 2161 4110 2111 1445 1748 1198 228 597 5418 1948 2289 2337 300 1174 493 1601 1689 7722 1468 1867 3875 370 2680 1489 1333 1775 829 1085 3615 693 1386 1773 2082 4243 913 1677 435 1003 1569 1279 955 1215 1076 1379 1460 703 570 1897 4544 1873 4777 1276 1088 572 2887 1577 1060 1187 1118 1876 1390 2269 465 2007 1355 1563 2029 1626 649 905 2904 2163 3472 3208 1076 686 901 452 368 3194 701 1313 1579 955 1324 2994 1399 1225 2993 1223 2603 850 1350 1054 3032 2717 3543 3301 2197 3782 956 5582 2952 496 1900 664 564 665 2414 1732 5206 657 1443 136 1673 1143 1355 1827
1899 1333 1288 776 2141 1176 3039 1119 2168 1125 3815 764 6067 3020 5363 2070 788 3524 1934 1118 1656 4154 4185 887 1179 4486 1133 1294 312 579 601 875 515 1011 831 1056 4012 6409 2480 963 1072 2096 2799 5203 4470 1533 316 3109 2678 1130 1540 2160 5123 1346 1053 3045 2698 1056 1633 6996 1385 1619 5303 2726 2629 1202 2932 1687 1221 2439 3874 5262 3726 1328 3809 1943 1242 4195 2794 1156 2696 920 884 383 776 2623 3502 896 4824 2886 3899 1160 676 1845 1146 1199 2394 1942 5299 2061 788 4416 2134 3535 3023 2012 1339 4034 3560 6222 682 4012 1078 1351 1356 4690 4781 679 1472 2168 1047 1620 1436 2654 340 5089 1987 5638 1372 3727 5099 1370 3430 1106 3973 1298 1811 1982 798 238 298 1615 3381 1546 1319 4385 2542 1451 1530 3700 1349 1154 2419 1336 1035 1049 1989 1454 1285 5891 3304 4109 4906 1308 917 762 1166 1494 1058 2762 444 917 1807 1066 3445 2618 1336 6118 1976 728 763 2231 1130 1500 994 1204 2280 1095 408 1653 1050 2761 854 1458 2927 4559 2502 1641 1308 1226 3506 743 3002 1521 1029 2401 354 1973 2906 3027 3344 1308 1137 2088 1757 670 4707 2869 2045 3532 5017 2138 2713 1547 1089 1439 1368 4379 1227 3426 1230 2084 1749 1689 836 5740 834 6478 4343 3135 438 1432 1242 1394 2645 2312 1221 4057 3182 1859 928 2358 5502 1783 637 2615 4275 1964 381 5309 6623 1180 2681 1344 1349 2415 7746 839 2312 2074 2053 1852 1820 1689 867 1562 298 1536 944 1270 7762 3930 3712 5898 2594 3366 2556 3622 2533 1962 1596 1558 1635 2342 623 790 6208 5729 5256 2315 1477 1068 4462 4223 3448 3288 2316 2275 985 3451 4662 4360 1250 1273 4271 4493 1243 1970 2297 2837 3164 841 1858 6236 3207 1575 2920 1392 1948 2150 1844 1067 4339 3782 1816 1407 6679 923 3085 1038 1728 5234 2578 1411 1183 1086 1301 1417 1625 646 1037 1436 3324 2700 1373 1938 1852 1373 3595 1001 2652 1830 989 2904 3241 2342 533 576 1239 2473 1567 2134 2390 1949 1179 1584 3304 2950 1778 3895 3346 6432 2197 4897 2481 1596 2033 1199 686 2756 6016 2393 2483 3718 306 1381 1018 1634 2569 8223 3235 2955 5635 783 4335 1879 2020 3165 1012 1204 3621 1491 1488 2009 2219 5052 1039 2286 827 1756 5128 1352 1200 1460 1685 1821 1530 1302 656 1900 4654 1983 5869 1288 1427 625 3155 2036 1814 1374 1605 4556 1489 2926 997 2980 1979 1749 5161 2243 747 981 3671 2618 4172 4276 1247 1252 1265 946 769 5896 711 1968 2339 1101 1949 4342 2028 1389 6111 1241 2857 1667 1424 1499 4186 3163 4045 4444 2627 5385 1626 6341 3136 531 2005 1169 1129 874 4743 2821 5631 764 1732 622 2190 1228 2062 2094
1902 1433 1624 951 2571 1332 3319 1134 2231 1417 4827 1453 6475 3042 6069 3479 982 3596 3075 1205 2295 4554 4285 1203 2676 4970 1412 1375 340 1130 1006 1048 719 1154 1353 1344 4225 6468 3392 1030 1143 2110 3643 6346 4556 1943 757 3209 2852 2340 1558 2195 5668 1519 1218 3372 2771 1374 1638 7073 1697 1763 5322 3088 3052 1447 5362 1954 2186 2690 3899 5774 3790 1607 4200 2713 1264 4195 2970 1587 3639 1322 1062 695 1300 2761 3582 1351 5103 2929 5142 1205 780 2224 1442 1341 3357 2023 5870 3217 844 7610 2860 4031 3490 2206 1881 5313 4574 7579 805 4094 1509 3091 1605 4750 5008 884 1634 2182 1266 2005 1465 4076 1067 7639 2021 5719 2171 3768 6455 1435 3951 1125 4302 1793 4118 3161 1340 749 737 2212 5285 2337 1717 4858 2883 1639 1549 4122 1752 1228 2724 1624 1427 2877 2266 1592 1441 6920 3522 4378 6068 1477 967 770 1495 1747 1084 3063 1272 1151 2090 1310 3874 3129 1740 6139 1994 1093 1252 2697 1457 2035 1305 2084 2715 1445 1379 1935 1776 3267 891 1829 3098 5361 3524 4783 3141 1752 4630 902 3424 1687 2018 2504 703 2825 3812 5901 3355 1533 1822 3401 2020 1304 5414 2955 2224 8504 5222 2741 3495 2388 1238 2158 1449 4569 1639 3855 1486 2177 1869 3344 1002 5982 1545 6974 4407 7428 934 1666 1711 1557 3268 2356 1363 4500 3379 2742 2434 2776 6987 3175 685 6170 5695 2266 573 6034 6652 1426 3257 1494 1824 2546 8019 1645 3255 2314 3210 1906 2446 1976 1054 3377 957 3344 1057 2028 8219 5775 7499 6110 3121 8284 2988 3783 3601 1976 1691 1678 2452 2846 706 875 6595 6537 5980 2561 2601 3315 7260 5069 4221 3488 4949 4494 1007 3753 5615 4408 1273 1340 5268 6793 1281 3364 2548 6099 3274 1023 2025 6372 3539 2977 3034 1536 3049 2312 1881 1251 4580 3996 1928 1568 6917 1043 3205 1091 1777 6219 3141 1480 1190 1101 1400 1544 2764 700 2119 2391 3465 2712 1825 3377 1983 1468 4346 1369 3095 1865 1187 3186 3896 2386 866 734 1577 3093 1618 4091 3411 3414 1460 3521 3339 3023 1979 4609 3955 7606 2963 5230 2592 2030 2330 1330 947 2887 6639 2693 2587 4132 1339 1399 1687 1654 3769 8291 7515 3505 5927 1644 6915 2269 3530 3294 1056 1852 4025 3135 1820 2413 3137 6255 1275 2565 1311 1839 5634 1594 1769 2103 1867 2209 2284 1797 1137 2472 5833 2648 7475 2823 2057 738 4589 2878 1960 2338 2024 5747 1507 3109 1349 3261 2874 2164 5509 2953 1096 1005 3671 2983 4523 7003 1836 1906 1703 1494 814 7016 1205 2233 2669 1606 2239 7205 2156 1529 7257 1285 3743 1760 1597 2711 6215 6113 5047 5093 3117 6407 2969 7095 3578 1643 2785 1518 1209 1469 4931 3503 5875 921 1876 1292 2521 2443 2737 2438
3080 3221 1699 993 2679 1591 3996 1346 2264 1706 6940 3659 6827 3508 6825 3850 1029 3696 3331 1353 3111 7797 7314 1472 5623 5730 1959 1513 371 1406 1242 1287 1555 1342 1924 1529 5067 6764 3404 1395 1943 2268 3772 6708 6788 2479 1542 3679 3678 3305 1672 8247 6394 2004 2018 3468 2846 1433 1807 8872 2349 1780 6326 3273 3864 1500 6040 3065 2253 3275 4336 6500 3919 2046 4969 3347 1767 4230 4237 1945 3715 1564 1067 907 1604 3715 3863 1606 5543 2999 7063 1406 1486 2325 1488 1565 5117 2277 6707 3935 1240 7860 3159 4061 3532 2281 1886 5765 4605 7872 1528 5504 2330 4296 1800 4868 5762 961 2053 2744 1521 2375 1633 5029 1619 8306 2089 6202 2297 3801 8459 2180 5093 1716 4682 1843 4154 3433 1592 1592 1299 2254 8101 2945 1745 6268 3106 1910 1562 4813 1776 1403 3324 1795 3458 3665 2650 3327 1718 7951 5602 5895 6157 1861 976 829 1639 1851 1635 4046 1663 1199 6637 1366 8041 4302 1902 7271 4142 1213 1445 4161 1582 2861 1507 2489 3500 1489 1860 1965 1949 3844 1405 2630 3372 6217 6009 5996 3375 3538 5042 1594 3666 2024 2906 6809 833 3327 5405 7165 5367 1542 2383 3515 2087 1963 5818 3161 2328 8560 6930 5416 3738 3583 1355 3528 3148 4706 2028 4001 1529 2757 2087 3540 1062 6520 1758 8001 4588 7490 1262 1979 1811 1562 5016 3688 2263 4943 3601 2997 3770 4086 6991 3473 990 7554 6748 2279 1228 6713 7841 1643 3545 1684 1913 3299 8088 2319 3550 2384 4196 2488 2478 2043 3536 7060 985 6265 2141 2339 8468 6587 8078 6601 4256 8397 3356 4252 3683 2108 1767 1853 3039 3276 1209 1246 6811 7041 7442 2903 3201 4460 7421 6112 4452 3725 6275 6737 1265 4378 7292 4695 1675 1653 5646 8633 1530 3918 3599 6511 4445 1384 2154 8677 5880 3469 4532 1569 3128 3123 2584 1414 5589 4446 1987 1605 7396 1089 3501 2295 2179 7221 3327 2682 1272 1258 1599 1546 2877 1057 2220 2867 3549 3066 2446 3988 2829 3370 4580 1497 5500 1883 1404 6060 5574 2836 1037 777 1582 3589 1874 4639 3527 3449 2247 4520 3740 3652 2059 4667 5999 7997 3030 5736 3102 2060 2364 1646 1438 3398 7051 3715 3051 5580 2451 1654 1702 2741 3834 8392 7727 5857 7165 1710 7326 3189 4253 7305 1161 3021 6532 3574 1936 2459 4596 7084 1596 3630 1475 2031 5887 1707 1888 2159 1988 3861 2861 2105 1364 2953 6177 2799 7624 2951 2397 1353 6288 3010 3267 2489 2071 8274 1821 3736 1519 3578 3695 2189 5970 3900 1102 1540 4271 3000 4543 8514 1991 1947 2183 2321 1172 7131 1234 3525 3232 1854 3016 7236 2684 1702 7270 1304 4091 1790 1869 3016 6689 6599 6170 6707 3904 8833 5810 7943 5739 1938 3467 2766 1333 1623 6679 5408 5999 1306 3213 1454 3652 2911 4488 3600
3812 3953 1761 1639 4293 1622 4037 1493 2390 1757 7853 4510 7592 4120 8263 4040 1684 4300 3677 1575 4324 7809 7649 2000 5732 6216 2028 1516 741 1548 1318 1962 1716 1807 3289 2234 5764 6791 3428 2244 2041 2445 4079 9640 7647 3719 2319 4109 5836 3636 4192 8501 6599 2252 2220 4549 4212 1562 1942 9237 2770 2194 7009 3806 4145 1750 6456 4448 2307 3568 4476 8688 4111 3126 5089 4257 1769 4260 5428 2076 5060 2047 2164 985 2484 4335 5620 2144 7866 3093 8381 1687 1671 2414 2064 1965 6356 2320 7431 4063 1347 8097 3518 4067 3932 2429 2196 7667 6463 9478 1611 6039 2347 4781 1821 6929 7048 1016 2072 3150 2231 6436 1709 6142 1796 9155 2120 6832 2599 3853 8797 3494 5816 1770 4998 1916 4306 3650 3187 3792 1913 2372 8682 3035 1745 8229 3312 2012 1859 5428 1891 1643 4108 2115 3737 4058 3088 3450 1758 8441 8318 6611 7117 2069 980 2063 1787 2149 2824 4439 1760 1398 7444 1617 8560 4323 1934 9159 4382 1390 2234 5282 1825 3061 1783 3312 3840 1581 1953 2875 2034 8738 1488 3633 5344 6392 6479 8748 3551 3902 5783 1949 3782 2153 3069 7080 1354 3514 6475 7808 5889 3297 2862 3597 2475 2514 6254 4414 3239 8619 7932 6912 5976 3801 1393 5244 3342 4763 2034 4389 1754 2940 2093 3641 1255 6789 1955 8805 5580 8781 1509 2014 1870 1801 5256 3955 2276 5393 5949 3423 4839 4251 8938 3666 1196 7653 8326 3190 1486 7451 8394 1855 3586 1820 1943 3347 8707 2879 4192 3530 4264 2773 2559 4573 3808 8095 1749 8116 2187 2778 9509 8800 8970 7617 4386 8835 4996 4282 3974 2111 2010 1897 3965 3536 1209 1344 7260 7516 8198 3516 4128 5843 9185 7392 4678 4145 7543 6887 1862 4708 8254 7284 1787 1738 7176 8644 1892 5712 3831 7501 5897 1730 2594 8706 5927 5644 5555 1651 3540 3791 3129 1610 5775 6917 2260 1735 7735 1233 3980 2809 2264 8254 3733 2699 1417 1260 3485 1593 2970 1323 2318 3108 4579 3850 2499 4124 3056 3425 8873 2362 5912 2063 1882 7980 7289 4207 1149 1293 1908 3799 3704 4671 3676 3701 2370 4888 3928 3982 2210 6127 6619 8055 3536 6071 3536 2244 3391 1678 1445 6748 8020 3837 3087 9561 4024 1757 2135 2904 4126 8662 8526 7702 7390 1888 8741 3570 4964 8377 1789 4021 6748 4341 2197 3180 6343 7124 1619 3915 1741 2147 6409 1919 1995 2257 2097 5021 2879 2227 1551 3266 6214 3832 8398 3002 3476 1499 6304 3870 3728 3371 2226 8729 2144 3988 1776 4499 3820 2231 6044 4166 1338 1573 6248 3962 4657 8889 2292 2058 2418 3402 1415 7784 1757 6546 3725 1928 3689 8627 3890 1997 8706 1711 4379 2021 1870 4869 7674 7939 9215 6809 3966 8986 7141 8116 6107 2088 3804 2912 1601 1681 8167 7151 9442 1477 3790 1498 3969 3090 4785 3786
4187 4354 2013 1773 4581 1937 4110 1806 2502 1908 8230 4760 8195 4720 8998 4064 2100 4753 3892 2096 4413 8154 8760 2192 6164 8014 2038 2012 1434 1838 1560 2217 1821 2187 3925 2456 7986 8056 4468 3917 2094 2500 4831 9777 9008 3786 2491 4374 6213 3873 4493 9287 7316 2364 2389 4738 4356 1785 2189 10029 3021 2390 7682 3937 4151 2085 7973 5074 2408 3884 4528 9217 4621 6656 7821 4306 2063 4514 9076 2105 6033 2222 2266 1132 3062 4676 5789 2157 8038 4810 9208 1926 1745 2481 2226 2018 7831 2341 8796 4593 1440 8254 3604 4069 4481 2463 2337 8239 7717 9577 2096 7189 2505 7230 1899 8200 7910 2093 2185 3193 2379 7060 1919 7447 1996 9505 2164 8599 3046 4978 9085 3751 9004 1789 8324 1977 4559 4536 3249 4016 2402 2473 8984 3194 2366 8552 4434 2246 1896 7090 2315 1700 4549 2217 4400 4156 3416 3903 2003 8625 9705 6689 7828 2095 993 2092 2388 2174 3144 4551 2295 2239 8449 1640 8569 4715 2044 9254 6997 1972 2439 5291 1891 3328 2056 4847 4332 1804 2223 3649 2244 9318 1621 3757 7053 6736 7583 8886 3871 4283 6390 2082 3939 2228 3632 9086 1604 3953 8124 9471 7889 3327 3566 4167 2527 3521 6415 4592 3360 8944 8121 7099 7536 4143 1799 5876 3742 4806 2195 4480 1839 3176 2263 3978 1351 7497 2168 9215 6725 9162 1713 2054 1896 1856 7239 4235 2316 8287 6909 3788 4871 6190 9254 4155 2185 8993 8852 4610 1600 7960 8587 2185 4364 1989 2228 4582 9090 4080 4248 3582 4435 3015 4627 4740 4436 8359 2090 8750 2237 3110 9933 9843 9360 8183 4649 9176 6147 4765 4504 2190 2011 2174 4428 4570 1336 2190 7932 8463 8597 3697 4828 6257 9564 7724 4841 4285 7730 8332 2011 4821 9024 7606 1787 1835 8432 9037 2071 6258 4172 8597 7732 2117 3748 8932 7199 7022 8426 2839 3988 3939 4800 2098 5957 9469 2495 1802 8334 1434 4346 4498 2370 9317 4144 3112 1637 1851 4027 1801 4160 1933 2440 3233 4629 3918 2516 4210 3188 3651 9363 2825 7409 2212 1891 8417 7821 4918 1386 1306 2003 4394 3943 4719 3877 3945 4293 7365 3993 4332 2318 8941 8709 8985 3704 7321 3699 2313 3792 1836 2084 6817 9213 4315 3171 9974 4852 1931 2260 4111 4681 9494 9805 9083 7480 2255 9223 4582 5925 9320 1803 4396 7159 4898 2203 3192 7700 9501 1674 4031 1764 2313 7306 2190 2195 2294 2529 5242 3540 2477 1582 3994 9575 4654 8530 3724 3784 1688 8563 3895 3920 3458 2348 8875 2264 4090 2184 4672 4418 2451 7930 4387 1759 1749 8845 4566 4813 9032 2347 2063 2438 4254 2103 7967 1988 8164 3731 2142 4318 9390 4088 2329 8942 1894 4669 2155 1901 5912 9210 8777 9233 7047 4040 9674 7902 8674 6483 2406 4240 3043 1925 1774 9337 8675 9663 1795 4229 2341 4029 4239 7249 7909
4983 4445 2245 2405 4678 2017 4206 2436 2512 2066 8312 4972 9911 4997 9776 4175 2570 4780 4062 2315 4522 9508 9176 2275 10045 10024 2386 2130 2503 1891 2554 2245 2392 2447 4518 2496 9088 8579 4971 4741 2437 2542 5029 9989 9920 4662 2509 5021 8365 4261 4776 9884 9932 2557 2536 4956 4737 1858 2253 10083 4637 2472 9190 4475 4563 2344 8090 5093 2568 4898 4637 9310 4850 7685 8922 4808 2271 4858 9841 2450 8041 2277 2504 1823 4549 4813 8103 2233 8828 5006 9485 2554 2298 2520 2437 2377 9167 2468 8844 4961 1692 9156 3651 4674 5078 2510 2344 9028 8924 9908 2168 9296 2533 8604 2228 9230 8685 2521 2206 4593 2564 7283 2441 7787 2450 9751 2197 9878 5065 4984 9805 4751 9828 2524 8347 2376 4930 4857 4848 4801 2484 2489 9618 3517 2441 9666 4520 2475 2311 8472 2507 2579 4678 2460 4501 4202 4729 4434 2502 9821 9738 7207 8659 2429 2434 2237 2416 2391 3220 4920 2389 2421 9019 2231 8938 4887 2109 9385 7722 2248 2478 5607 2028 3538 2193 5699 4541 2370 2322 4817 2381 9823 2026 4670 7740 9705 8845 9569 4235 4699 8543 2392 4437 2281 4983 9755 2018 5052 10065 9674 8940 4410 3909 4875 2580 4514 6907 4652 4993 9513 8157 9851 9547 4287 2339 7217 4294 4910 2392 4681 1931 3384 2303 4356 1521 9540 2412 9360 9015 9259 2413 2100 2106 1942 7345 4392 2477 8483 7881 4921 4993 6466 9654 4675 2373 9182 8972 4704 1607 7981 9253 2463 4930 2048 2450 5012 9431 4120 4537 4329 4947 3742 4740 4933 4711 8793 2319 9433 2384 3914 9984 10023 9720 8402 4770 9206 8759 4774 4505 2237 2419 2231 4629 4803 1345 2481 9739 8954 10044 3768 4972 9573 9831 9408 4970 4729 7967 9558 2411 5010 9546 9957 2038 1863 8535 9156 2218 7562 4659 8968 9021 2314 3838 9982 9262 9583 9148 3907 4701 3957 4943 2295 8903 9717 2517 1945 8972 1580 4385 4777 2390 9807 4158 4183 2135 2058 4128 2522 4323 2389 2529 3810 4874 4969 2569 4437 4483 4031 9608 3473 9824 2275 2510 8712 8896 5046 2128 1548 2506 4655 4794 4848 4708 5053 4407 7874 4540 7765 2370 9187 9463 9037 4206 8677 4578 2385 3960 1870 2312 7284 9215 4429 4882 10017 4927 2398 2344 4595 4682 9893 10045 9588 9066 2410 9584 4606 7212 9521 1963 4685 7944 4993 2325 4683 9579 9509 2512 4482 1877 2555 7915 2193 2260 2526 2543 5488 4871 2492 2288 4716 9912 4942 9835 4976 5024 2222 9440 4611 4433 3863 2452 8975 2403 4482 2248 4835 5023 4313 9275 4547 1975 1907 9524 4877 4879 9469 2421 2122 2454 4364 2422 8141 2200 10051 3933 2213 4432 9908 4515 2458 9021 2223 4693 2468 2282 8308 9869 9618 9907 9068 4676 9996 9958 9354 8814 2499 4319 3710 2121 1855 9650 8979 9966 2045 4606 2348 4598 4700 7557 9850

314 79 171 390 359 70 219 419 227 22 108 70 1677 1 624 474 57 554 753 409 18 121 31 142 152 282 51 35 99 18 62 12 167 169 23 46 53 265 358 111 50 1022 22 148 649 235 13 103 115 30 62 232 160 377 34 784 20 241 375 194 308 17 139 325 142 231 2022 111 19 307 964 37 625 201 26 160 305 166 60 106 163 70 304 179 125 17 393 50 1382 190 25 116 16 234 403 1 510 57 1311 45 318 221 572 561 305 21 37 138 848 252 23 3193 485 78 91 558 315 3 108 199 245 24 51 59 80 257 303 63 114 103 29 29 93 179 275 453 109 202 61 13 29 187 150 348 198 799 197 130 79 448 72 554 435 265 65 162 148 191 166 478 528 881 735 521 8 300 58 5 72 65 124 236 9 339 28 96 89 182 348 71 100 4 74 33 278 186 809 10 50 192 384 48 20 228 81 184 655 127 107 180 18 197 467 134 98 23 108 199 249 445 473 170 22 371 98 137 422 356 361 76 50 734 85 58 39 50 358 108 385 471 159 93 127 171 71 287 100 3461 177 1 40 121 345 572 212 711 80 78 117 123 50 1045 636 298 24 265 1992 42 136 65 34 27 511 372 333 130 570 143 31 124 529 246 25 276 35 224 97 228 91 224 7 233 114 845 1067 586 1 2178 31 81 211 198 521 63 45 322 768 1745 1286 125 61 134 490 1942 7 1555 341 3 49 20 1391 42 430 243 15 67 405 227 1508 1457 254 414 561 113 406 6 109 135 219 20 87 64 782 216 238 153 286 169 764 102 40 1246 153 286 40 67 75 7 37 43 241 92 107 3 295 882 30 79 245 101 926 558 396 788 794 320 110 251 135 212 34 178 928 21 69 45 178 69 16 229 382 3028 197 300 79 15 31 399 32 65 41 27 800 338 42 100 111 406 73 1113 344 78 1239 73 1404 1304 730 811 157 345 913 300 142 1043 818 1016 160 645 67 355 911 280 568 437 94 303 43 18 11 126 27 39 421 660 40 23 478 395 64 215 44 855 147 1085 57 947 645 884 85 53 134 19 430 841 35 406 25 132 15 58 50 1086 347 232 110 66 53 260 96 857 361 438 229 60 276 126 1794 749 530 631 17 1183 75 61 556 88 230 255 2 77 173 671 306 71 20 3 29 441 38 76
