150 3 1
164 120 60 118 246 51 116 1 162 164 116 112 180 133 65 144 101 250 196 79 165 83 170 191 164 69 63 154 56 137 5 33 161 1 207 1 83 105 67 198 133 1 255 186 190 1 13 78 126 198 67 99 227 267 276 199 114 240 298 1 76 115 174 199 80 27 92 14 149 269 78 94 91 133 212 259 173 190 98 212 300 191 209 167 214 171 272 84 178 171 131 179 104 17 61 38 120 101 113 157 106 50 121 36 97 67 196 18 117 105 61 1 47 210 121 91 97 40 77 184 5 117 126 136 97 41 181 2 1 163 162 235 177 7 59 166 42 83 91 62 195 122 20 146 74 69 127 74 222 70

31 1 17 1 45 11 33 7 1 31 54 10 27 40 20 29 40 22 3 21 1 18 27 1 30 34 1 37 22 23 3 21 15 9 11 28 39 26 38 30 11 3 26 24 16 11 29 30 22 9 2 30 60 23 12 18 1 50 12 15 29 30 21 21 1 2 1 29 33 10 1 33 14 32 36 14 34 24 26 28 31 11 39 58 24 30 24 8 20 36 30 45 1 1 1 55 27 22 15 14 19 10 27 22 10 18 33 14 35 24 1 13 21 16 18 8 23 7 17 42 1 32 25 14 18 7 8 1 39 13 11 20 1 31 13 1 1 53 44 1 2 28 45 21 1 4 39 53 36 30
32 6 22 9 52 20 46 8 13 41 55 17 33 41 24 33 45 37 14 38 15 27 34 18 45 38 13 46 30 34 16 28 19 29 24 34 49 27 55 47 15 12 33 25 34 17 56 31 30 24 5 32 61 46 13 30 13 71 27 25 35 37 35 25 23 18 4 46 53 21 16 43 23 40 55 29 38 37 27 45 35 14 42 59 54 46 41 15 21 47 56 53 33 21 21 73 38 35 35 19 29 19 36 32 12 38 48 16 45 33 5 24 25 41 32 14 45 8 30 52 8 39 26 29 21 8 17 9 43 14 26 27 13 50 16 6 2 72 48 8 14 38 49 32 5 21 44 66 52 42
43 22 40 19 54 48 49 17 20 56 73 20 42 53 35 46 55 47 26 41 20 47 37 42 64 46 16 68 52 52 23 44 29 30 36 43 66 34 78 58 20 43 51 39 45 21 68 34 48 34 24 43 70 57 27 34 14 75 49 26 42 40 48 35 34 25 18 61 56 25 21 44 29 50 69 42 50 56 39 69 54 16 54 68 59 56 45 29 37 52 66 54 35 27 36 80 49 49 39 25 46 34 55 34 13 62 60 23 65 34 16 26 31 54 40 19 61 21 39 60 9 54 27 36 34 16 23 28 57 30 31 28 21 51 23 27 11 88 52 23 17 48 59 39 30 34 69 78 63 59

6 7 10 30 17 9 2 12 25 8 8 12 1 1 8 11 12 22 28 12 23 16 9 14 19 1 1 2 7 9 14 6 1 13 3 17 16 15 16 21 13 7 9 7 1 17 3 6 18 2 23 19 2 19 1 1 17 11 16 21 24 16 38 8 30 15 20 10 6 6 12 9 5 21 1 6 16 14 11 17 5 14 1 9 1 12 15 6 14 1 9 21 5 18 17 1 12 3 11 1 14 15 9 13 18 3 1 28 2 25 26 21 10 10 16 6 1 2 16 16 4 18 8 3 5 17 10 6 2 14 10 19 23 14 1 17 1 8 6 4 26 9 7 10 15 7 6 20 17 12

9717 11401 7201 9667 11949 1587 8947 7238 12755 8223 9784 3806 4796 8218 4549 15878 11780 14991 12254 5262 7819 9165 10902 5660 12178 12407 390 11686 12703 5637 10199 4822 5019 5962 10269 15755 6389 10539 16741 10697 5039 10200 12205 7542 2042 3492 11231 4253 12322 5215 10525 5905 3968 4914 6469 11857 12119 3479 7249 13320 14900 15711 11541 11978 6727 4828 5520 5656 12603 5336 10200 7195 12474 4053 1398 4734 11388 12549 5429 7824 9450 10490 8129 11836 4728 10308 15710 5097 7083 10425 16570 8741 9371 11746 11536 8752 7496 6654 12474 5511 9194 4682 10788 4917 6854 7638 11000 12544 9762 8648 3927 5291 8069 10695 11730 8007 5110 7480 10307 11743 15713 9586 5322 9620 12107 12324 11152 4054 6991 5662 6628 13871 4819 10406 1099 13747 8322 12103 11408 7346 8506 5265 6872 10727 12428 7976 6064 12222 6155 5653
11323 13758 8096 12075 14809 1876 10801 8015 14522 9129 11007 4297 5434 10136 5333 19272 13516 17118 14423 6120 9748 10565 13057 6460 14437 14024 469 13250 14313 6425 12235 5521 5577 6744 11519 17474 7732 12994 18479 12447 5908 11414 15148 8944 2471 4283 13911 4862 14892 6002 11914 6852 4511 5765 7274 13912 14918 4182 8827 15418 17886 19123 13704 13911 7945 5705 6776 6843 14200 6093 11933 8064 15432 5036 1689 5636 12839 14078 6634 9121 10994 11691 10064 13899 5572 11699 19468 6202 8761 12120 18300 10361 11187 13754 13733 10737 8264 8021 15561 6203 10922 5241 12818 5938 8056 9093 12312 14157 11643 10252 4610 6507 9965 12442 13934 9549 6265 8402 12308 13987 17800 11573 6019 10806 13852 13941 12795 5015 8662 6426 8151 16581 5548 12092 1309 16234 10118 14288 13807 8698 10587 6131 8013 12869 14763 9515 7176 13975 7680 6376
12313 15765 9426 13339 17171 2256 11755 9717 17161 9993 13232 4860 5989 11764 5958 22664 16421 20271 16749 7425 10802 12604 14264 7843 15881 15449 520 15601 17386 7517 13407 6295 6593 7588 12714 20058 9078 14784 20633 13597 7090 12875 17820 9923 2884 4829 16120 5863 17667 6687 14368 7808 5058 6728 8299 16262 17358 5016 10527 17291 19873 22980 14996 16267 9547 6417 7645 7568 16978 6774 13628 9061 18525 5551 2028 6765 14401 16911 7293 10893 12510 14167 11684 16000 6287 13941 23204 7029 10222 14407 21297 11485 13120 15822 16110 12791 9770 9358 18661 7546 12957 5985 13936 7159 9470 10468 14963 16939 13565 12257 5413 7539 11239 15007 15381 10598 6983 10261 13517 15683 20315 13872 7105 13034 15469 16285 15009 5576 9554 7331 9430 19668 6350 13222 1538 18898 11225 16569 15263 9793 11675 6894 8822 15037 17791 10551 8475 15651 8499 7764

5321 7195 5294 8545 7935 1203 4964 4028 9671 4468 5703 2562 4065 5373 2580 9247 7389 11570 9609 3330 6947 4608 7383 3099 9732 7776 304 9347 10910 3260 5325 4068 4402 4619 6697 10451 4470 8711 14155 8864 4099 6991 6379 4570 1319 2164 10026 2996 7921 3047 6804 4011 2690 2617 5778 6333 7642 2024 4205 8468 10542 8333 7246 8109 3416 3982 4291 4997 7764 2799 5522 5889 9957 2713 1156 3002 8918 6921 4434 5808 5684 9341 5630 7019 2813 7163 11339 3055 5349 6410 11776 5654 4938 9118 8478 6417 4560 5968 7853 4951 5324 4161 6538 2775 5872 5229 7461 7699 8699 6144 2032 4356 6144 7842 8123 4147 4298 3866 5925 8102 12527 5861 3063 6274 6826 6483 8815 2442 6138 3915 3533 8374 3681 8167 945 6978 7029 7762 9852 4624 7061 4493 4291 6364 10371 5798 4611 7680 3939 5051
