150 3 1
92 41 123 388 35 185 112 1 70 204 82 155 122 1 224 120 173 37 190 65 111 40 12 141 38 117 332 206 135 128 1 141 49 1 160 21 157 162 1 21 143 49 45 160 31 131 48 242 104 53 208 140 37 44 1 38 148 86 127 53 194 1 82 253 71 1 187 185 56 103 38 243 109 1 289 169 95 256 124 14 39 1 94 1 59 113 132 277 283 280 56 79 74 1 192 105 48 125 63 53 91 150 116 148 251 202 33 197 116 147 131 233 101 54 110 27 281 58 147 228 47 114 80 106 89 131 13 1 1 1 164 145 87 43 183 227 186 35 125 1 124 179 131 171 338 22 113 80 139 67

44 31 31 9 13 43 21 19 41 2 43 23 1 18 13 4 62 38 36 2 1 6 1 4 15 2 33 29 34 28 46 46 13 59 17 42 39 13 15 13 42 29 1 27 25 10 10 17 18 10 24 19 1 34 24 18 12 13 13 15 16 26 32 26 8 48 18 32 20 25 29 31 22 27 29 1 27 1 6 1 4 3 16 29 16 1 25 14 48 49 25 2 34 30 14 27 10 7 43 17 20 27 3 30 38 23 31 27 17 6 15 1 38 6 37 24 44 22 16 1 55 25 1 2 33 38 31 16 22 48 18 30 20 40 25 23 16 12 13 15 41 1 35 6 21 14 10 13 5 21
63 51 39 20 31 58 35 36 54 3 60 34 7 22 21 16 84 47 45 3 21 19 13 14 31 22 39 38 40 40 62 47 27 62 20 55 46 22 25 17 43 44 3 41 36 14 13 23 30 16 25 30 6 37 31 28 17 26 16 32 22 39 55 32 9 52 28 47 29 41 44 47 28 29 34 2 35 21 9 2 17 11 19 41 21 10 26 21 53 66 41 11 37 48 27 44 29 33 60 18 31 29 11 34 43 38 40 28 18 7 30 6 50 14 51 28 62 26 40 23 61 41 12 18 43 52 47 26 44 57 26 37 25 47 31 41 38 18 18 24 55 10 43 20 24 24 11 27 20 39
74 52 53 30 42 60 37 37 55 20 81 43 16 28 32 17 85 70 54 21 46 25 16 15 34 24 40 52 47 57 67 60 31 86 43 66 53 23 42 43 65 51 14 46 46 32 34 30 41 27 39 43 16 58 44 29 29 42 22 40 29 40 58 38 27 68 43 68 44 50 72 48 36 31 37 31 39 28 10 20 34 12 38 49 32 24 40 31 54 81 49 27 57 55 29 58 41 50 68 35 44 43 18 38 55 63 52 54 22 15 37 22 55 18 64 57 83 41 49 31 71 63 23 26 51 70 54 39 50 68 39 53 34 67 48 54 41 22 26 34 61 27 56 22 35 25 14 31 30 40

21 10 12 5 22 3 3 10 1 1 13 14 6 11 12 12 16 23 1 15 10 8 10 1 2 10 12 7 5 20 18 7 7 10 10 23 6 8 7 12 2 14 1 10 12 5 19 20 16 20 9 17 1 1 4 8 21 6 16 20 13 9 12 4 4 1 14 4 18 6 12 21 17 21 11 12 5 1 1 1 19 1 1 3 14 7 13 12 14 16 1 9 10 14 13 13 2 8 9 9 6 13 12 1 8 2 19 10 12 9 10 21 1 12 15 6 18 15 1 11 1 1 22 22 7 6 15 19 30 6 10 1 21 6 10 3 8 4 10 2 24 16 25 10 4 16 1 15 2 7

7355 4273 5511 9431 5795 8204 11001 10341 10450 11439 9083 2140 5619 9025 7505 2303 4262 4412 5291 6171 4589 10501 10687 8754 10532 10708 7379 8448 7095 14813 6465 4352 4993 4813 6442 10763 5090 6926 5046 9063 5033 7202 10170 4532 5775 5526 15651 10018 6468 1349 4778 4694 975 7058 8484 1255 10520 11407 13654 5890 10360 4956 10894 6544 4060 7848 1747 9182 10213 13307 4795 4968 6489 4816 4924 9222 5510 10992 4540 15560 10862 2388 10941 4748 9558 10915 5923 9580 11657 4337 9320 13427 5404 9408 4717 5003 9013 10833 7500 11745 6897 8786 11481 11454 5398 3234 13195 5731 4255 4776 7319 6287 9038 12091 4596 4717 4643 8404 10140 1426 10747 9417 10201 4800 7225 14782 6546 5947 7360 11092 2993 13979 5925 7263 6073 10745 9540 9243 14118 6497 4281 14875 9092 6271 2290 9905 5251 4700 11392 4632
8668 4706 6437 11171 7173 10110 12752 12430 11691 12827 10802 2376 6582 11025 8956 2703 4938 5263 6144 6989 5398 12639 12154 9805 11660 12245 8255 10108 8371 16820 7252 5266 5946 5898 7481 13106 5763 8191 5772 10077 6148 8076 12521 5575 7092 6388 17929 11456 7909 1596 5303 5492 1103 7783 9454 1422 12260 12805 16433 6743 12580 5672 12406 7398 5047 9701 2024 11383 11398 15474 5411 6100 8065 5427 5823 10323 6776 12716 5573 18121 13159 2828 12730 5503 11600 13295 7342 11022 14260 5135 10288 15344 6129 11436 5800 6002 10029 11990 8627 13525 7744 10538 13560 14100 6616 3842 14681 7076 4815 5719 8707 7563 10787 13403 5494 5626 5284 9245 12621 1660 13060 10738 12215 5439 8876 16364 7981 7232 8206 13276 3469 16424 7012 8493 7082 12067 10956 11033 17469 8052 4958 18143 10207 7571 2736 11455 6061 5353 13213 5700
9521 5708 7030 12245 8161 11259 14604 14083 14123 15298 12698 2651 7325 12938 9722 3205 5483 5873 7449 8173 6433 14597 14299 11310 13230 13581 9834 11612 9237 18942 8635 6146 6855 6654 8186 14951 6941 9672 6605 11975 6670 8914 14265 6236 8354 7036 20536 12752 9182 1853 6088 6333 1292 9325 11474 1729 13589 14591 18215 7820 15078 6184 13739 8528 5708 11182 2260 13196 13105 17399 6191 6961 8904 6453 6628 12474 7888 15033 6439 20988 14681 3276 13830 6669 13616 15815 8402 12845 16038 5957 11306 17968 7096 13120 6919 7093 12099 13340 9628 15507 8878 12159 14770 15646 7280 4236 17694 7910 5385 6412 9841 9011 13001 15103 6361 6264 5778 10419 14715 1869 15144 12778 14163 6585 10247 19773 9514 8479 9099 15694 3989 18985 8043 9542 8380 14133 13250 13285 20262 9517 5742 19652 12476 8599 3128 13756 6649 6492 15072 6660

6610 2997 3594 5623 4374 5752 8425 5829 6992 9248 6687 1360 3226 8101 4779 1667 3825 3001 3672 4664 3505 8182 5390 4831 8697 8469 6393 7340 3808 8103 4974 2745 3379 3405 3829 9152 3933 3870 3444 8099 3758 5081 5363 2578 3035 4968 9689 7438 5384 919 3691 3613 506 4393 5391 945 7046 8808 11593 3033 8541 2583 7425 4931 2275 4986 1040 6995 6909 7112 3934 4369 3942 2905 3689 7906 4877 7873 2554 9494 6946 1468 9630 3862 7839 8967 4838 8453 8555 2388 7253 7304 2970 7977 4232 4205 7168 7097 6663 7214 5124 7616 8044 8782 4660 2307 8685 5067 3265 2797 5110 5580 5652 7079 3485 3579 2973 4888 7124 923 6753 8439 8067 2818 5118 7986 4343 3572 6019 8308 2187 7162 3206 3652 3815 7877 6806 7073 7561 4571 2346 9211 6713 3937 1466 8839 2925 3592 6937 3060
