150 3 1
75 244 1 53 214 119 57 1 71 1 81 8 54 125 238 1 126 1 93 119 77 27 169 57 81 1 130 134 71 52 1 196 128 46 283 93 81 82 54 93 175 249 142 241 92 72 74 101 136 93 65 258 91 94 1 139 127 212 131 87 48 18 28 1 21 120 18 177 246 208 1 150 103 2 113 59 70 226 4 24 155 71 199 229 216 175 112 157 101 117 126 271 115 1 63 288 235 1 159 95 90 28 53 66 144 97 162 79 1 56 71 98 145 17 177 148 68 59 196 53 132 129 83 1 1 140 150 44 115 63 115 97 101 195 1 53 61 171 110 99 134 1 68 83 31 43 121 79 178 104

16 7 33 2 26 17 38 25 3 18 14 48 38 14 20 1 14 13 30 33 39 1 8 15 16 1 27 21 32 25 18 27 17 5 8 33 31 23 31 1 9 25 31 58 1 14 37 13 21 52 29 33 45 20 18 35 11 1 40 2 47 32 19 41 10 15 6 21 39 25 20 19 11 39 14 1 24 25 4 19 22 30 35 18 7 18 32 24 4 13 49 27 1 26 30 13 26 25 5 1 3 32 3 11 9 14 23 1 28 33 35 18 17 29 20 1 1 1 1 18 12 30 9 40 38 1 29 25 60 43 28 17 25 45 5 13 1 29 8 20 39 1 6 19 18 16 19 25 20 9
37 22 41 13 34 23 58 26 10 22 26 63 45 27 24 18 17 29 31 36 50 30 25 22 30 22 53 36 48 26 37 33 28 14 20 53 52 33 46 3 16 33 38 59 3 24 67 19 24 56 40 59 62 26 31 48 24 5 41 24 59 33 23 55 29 16 10 45 73 33 38 29 29 57 42 20 32 28 14 33 42 47 49 33 33 22 41 29 19 22 53 40 12 30 40 40 37 33 21 11 27 46 19 15 11 25 30 10 30 44 47 19 25 36 22 4 6 13 21 39 32 47 23 69 39 8 35 38 72 45 32 38 26 55 8 34 2 32 11 49 44 4 7 34 38 22 29 28 37 20
44 38 45 21 50 37 64 34 32 33 30 70 55 56 28 34 22 43 45 54 57 46 29 23 44 43 54 39 63 38 44 53 51 15 41 69 55 40 67 6 31 36 46 83 4 27 93 33 28 65 57 73 79 35 32 52 29 8 42 50 60 51 41 59 41 19 29 56 89 38 41 31 39 72 43 21 45 46 20 52 59 64 53 59 58 29 52 37 26 31 60 61 24 40 42 46 60 44 49 14 42 49 27 28 19 27 51 17 31 47 61 22 43 39 23 10 34 35 26 53 40 51 43 72 51 9 44 53 79 54 34 40 34 64 17 44 12 33 34 69 48 5 14 37 42 23 45 51 46 37

17 1 4 5 2 2 8 7 4 12 1 12 16 4 20 3 17 10 12 10 11 19 14 2 8 6 5 10 1 1 8 3 14 1 29 10 1 1 1 6 2 15 5 17 26 19 4 21 30 15 18 2 13 9 16 9 15 27 14 13 15 8 6 1 8 12 7 11 1 12 1 11 13 19 9 1 7 16 7 14 18 9 15 1 18 18 9 17 14 4 10 23 12 15 1 17 1 8 9 19 18 9 11 24 4 2 18 5 13 13 11 14 1 6 17 19 17 23 2 11 7 25 7 15 18 19 16 19 13 12 5 10 18 14 6 13 4 3 16 17 1 2 11 17 13 20 1 20 8 6

4557 10166 6381 4902 4119 6059 4882 8509 13006 4239 5787 6753 4518 8805 2454 7754 10149 5245 12939 4571 4893 9482 7904 7463 8533 4476 4569 5509 8405 9805 8648 12295 9004 8788 9804 5034 4716 6344 10479 11768 7667 4253 5096 5258 9300 4988 7222 5964 10001 5198 5582 5946 3813 5924 12677 9547 5189 5779 5724 9974 4133 3841 4404 4062 6650 7607 2096 11883 8191 4995 5522 8835 4520 14088 5467 6682 9246 4349 7661 9360 8653 8869 8483 6469 7154 9847 5383 4931 4335 4875 4421 6891 4921 942 13701 7541 8648 9261 5144 13426 4748 5188 5950 6473 8177 5637 5796 6597 5199 5988 10680 5622 5143 4795 4411 6324 9490 4179 14043 8296 13383 6538 4135 5956 9714 12371 9994 4998 7174 6554 8822 9767 6066 3040 12208 2565 10062 11687 2172 7594 7788 5348 7943 4972 7850 4885 4665 8516 8375 8545
5382 12100 7897 5837 5098 7553 6070 10197 15200 5099 6604 7804 5375 10122 2721 8533 12186 6392 15345 5591 5912 11413 9449 8510 10383 5209 5477 6526 9755 11255 10760 13677 10095 10156 11149 5927 5412 7241 11601 13267 9545 5180 5728 5885 10893 6077 8377 6688 11647 6032 6364 6876 4573 7042 14994 11118 6101 7076 6323 12380 4960 4686 5123 4981 8289 8422 2601 14564 9831 5627 6308 10238 5368 16948 6372 7653 11504 4807 9519 11041 9803 10362 9419 8027 8825 11832 6364 5742 4864 6072 5453 8406 5534 1084 15881 9064 10064 10322 6161 15235 5663 5875 6681 7664 10093 6238 6428 7512 6403 6988 13147 6196 5934 5754 5064 7742 10969 4855 17540 9466 16115 7306 4800 7091 11228 14135 11752 6140 8540 7258 10114 11668 6864 3482 14393 3061 11961 14538 2567 9098 9605 6665 9809 5543 9564 5437 5228 9605 10176 10469
6393 13813 9253 6785 6115 8870 6884 11255 17993 5917 7188 8684 6067 11079 3327 10073 13435 7624 16736 6526 6845 13400 10299 9483 11312 5881 6283 7598 11418 13517 12897 16603 12160 12213 13551 7055 6029 8281 13827 15717 11032 5940 6754 6906 13118 7003 9453 8061 12880 6609 6930 7962 4981 8487 17846 12903 7208 8203 7747 14680 5821 5333 5747 5829 9883 9489 3011 16955 11396 6528 7232 11639 6107 20063 7321 9127 12608 5464 11275 12611 10737 12107 11200 9309 10431 14121 7005 6503 5697 6645 6019 9971 6532 1227 18313 9943 11180 12042 6807 18380 6767 6631 7323 9164 10998 7628 7053 8647 7076 7797 15787 7505 6543 6908 6012 9034 12305 5660 20265 11289 18293 8482 5301 8040 13347 15911 13887 6889 10047 8890 11622 12997 7525 3833 16777 3548 12988 16519 2836 10842 10560 7469 10839 6403 10626 5981 6166 11225 12140 12013

2460 5548 4204 3208 2780 3039 3067 4496 9535 2221 4520 5792 3702 6980 1491 4825 8228 4150 10957 3168 3581 7755 5783 5806 6272 2511 3416 3424 7234 5589 5833 9797 7115 5291 8771 4406 3563 3502 8557 8735 5973 3630 2976 3318 6454 2703 5875 5227 6502 3662 3176 3335 2728 3694 9282 6777 4296 4318 3384 7266 2741 3054 3945 2751 5300 4699 1229 10656 7239 3003 4259 6900 4035 7141 3686 4868 6086 2206 6268 7305 6627 7958 5277 4163 5915 8773 3685 3427 3496 2514 2993 5667 2778 679 7272 5910 4816 7628 4507 8948 3229 4199 3848 3413 5341 3610 4462 4148 4071 4275 5883 3730 4160 3621 2641 4805 8121 3571 11606 5746 10241 4553 3036 5336 5401 9788 8033 3400 4334 5564 7721 6275 4287 2542 9918 1567 5502 5860 1847 4601 6480 4236 4632 2903 5781 3523 3193 6771 6039 7282
