150 3 1
129 247 110 32 190 158 110 70 81 165 1 68 44 29 122 5 57 98 64 140 179 136 41 109 21 113 291 1 180 22 108 52 211 66 46 191 88 116 165 83 305 38 241 159 52 84 128 26 1 132 270 172 253 236 164 57 1 207 5 35 46 3 100 92 22 1 90 1 127 118 45 150 161 9 60 86 124 44 3 39 107 28 137 96 123 38 161 128 130 134 66 46 146 1 130 31 11 1 116 80 30 274 191 75 1 24 11 72 120 176 202 255 35 164 96 192 81 127 190 108 94 256 159 61 11 101 1 17 1 112 82 101 39 45 91 206 1 140 340 179 112 20 102 1 17 97 109 148 205 29

20 15 15 28 3 15 35 1 40 17 11 3 42 41 34 6 20 39 24 12 17 18 13 38 1 42 1 1 8 9 41 34 26 36 22 19 34 25 32 26 10 27 1 4 48 41 1 3 4 22 38 20 45 22 10 4 3 25 16 43 35 26 20 11 1 15 10 21 42 5 9 23 27 19 24 27 12 41 16 16 27 34 21 22 4 25 17 1 16 13 37 1 29 1 1 19 7 13 22 22 37 12 6 44 36 26 22 25 1 16 2 1 14 13 24 1 36 37 8 17 22 47 12 45 1 1 42 32 24 10 1 17 22 7 24 35 41 35 9 24 7 36 17 10 39 1 25 12 15 18
53 16 32 36 4 32 41 39 53 42 19 5 48 65 41 28 40 47 39 25 39 31 25 64 2 61 4 4 32 29 54 59 27 42 25 23 38 35 49 27 19 37 12 18 59 47 7 19 17 29 39 22 59 30 21 8 8 39 43 44 40 31 30 12 18 28 13 33 60 23 10 42 47 40 46 34 26 61 26 20 41 36 37 34 21 42 30 16 34 15 51 14 43 2 16 20 30 16 37 38 52 22 11 45 37 40 37 27 15 30 3 11 19 28 47 15 38 57 26 27 24 58 16 48 2 10 48 40 44 19 18 22 24 12 38 36 52 40 14 33 16 41 48 24 46 8 26 15 27 29
55 20 43 47 12 43 46 52 65 49 36 26 61 75 55 34 50 63 46 27 59 33 35 68 9 72 11 7 42 49 56 79 29 45 53 24 40 45 57 39 37 39 15 38 64 73 27 29 30 35 40 29 65 32 28 30 11 41 46 63 49 45 45 25 22 32 35 44 80 29 20 45 48 51 54 38 54 73 35 25 48 47 56 35 38 52 35 26 50 25 63 19 45 3 32 35 31 24 46 55 67 40 24 71 51 46 50 31 21 47 20 23 31 32 64 38 42 82 27 48 26 65 22 62 6 22 61 55 46 23 32 28 47 25 46 52 53 53 15 53 28 50 49 32 69 23 44 29 45 40

11 4 10 13 12 15 6 1 11 5 11 9 15 5 2 13 15 12 1 3 16 10 8 4 3 18 25 14 1 8 1 18 16 1 21 14 17 16 4 9 15 22 9 1 21 18 18 8 9 21 19 1 13 23 8 11 1 9 8 19 5 12 2 1 6 4 6 21 9 2 3 9 2 9 1 13 7 12 13 17 11 16 25 1 12 7 13 11 14 1 23 17 5 8 10 8 30 16 1 19 9 14 16 3 25 4 4 1 3 3 9 10 6 3 6 6 6 25 8 13 16 12 9 27 10 4 16 16 21 20 8 23 15 1 17 3 14 3 4 1 6 11 1 4 23 3 1 17 8 19

10300 6111 5263 8753 2025 4085 9988 5798 9554 7879 1035 8205 12569 5335 7592 5816 11720 10282 6874 4752 5801 9518 6452 6197 3142 12241 7976 13921 5849 7205 6731 13322 7928 5301 4662 4164 4414 8288 9842 6242 8676 5742 10252 8129 4341 8744 2309 8086 1177 6715 6306 5146 11875 11139 5933 9304 5500 13907 6825 6176 8303 4026 6570 3924 6056 7645 3930 373 11897 7001 5073 8997 7586 5485 8932 4565 6014 5937 9822 753 8536 6400 6624 4306 8203 7443 6295 6646 3996 8227 7754 11939 8178 4058 8228 1316 11438 10515 7858 6435 3801 8508 5944 6539 10415 3482 4403 4673 10385 2900 4081 8463 10130 5326 13428 7932 5843 6242 4835 4904 5270 8105 5995 6484 12674 8853 8750 9758 10141 10418 4394 4504 9710 8438 7698 10686 5340 3295 4338 9572 4583 9445 5410 4984 4224 6480 4606 10397 7866 7666
11688 7230 6282 10338 2408 5064 11755 6702 11530 9607 1255 10077 15498 5951 9076 7228 13390 12333 8374 5813 6717 10645 7375 7432 3851 13540 9167 17250 7071 8636 8302 15822 9749 6458 5647 4998 5346 10339 11100 7628 10047 6734 11876 9200 4917 10051 2660 9763 1412 8016 7717 6122 13719 12573 6955 11422 6455 17167 7887 7048 9663 4959 7963 4398 7404 9440 4661 456 14141 8040 5737 11109 8435 6413 10884 5070 7283 7163 11137 895 10292 7302 8176 5337 9974 9076 7707 7648 4640 9304 9476 13405 9409 4555 10128 1618 13557 12296 9470 7189 4596 9829 7032 7557 11993 4157 5047 5387 11586 3534 4928 10158 11544 6435 15672 9643 6731 7040 5978 5854 5799 9417 6709 8040 14138 9770 10619 11093 11792 11611 4906 5433 11600 10470 9469 13168 6054 3802 5217 11856 5505 11117 6553 5558 5140 7143 5502 11584 8662 9229
13891 7996 7493 12187 2876 5964 13577 7526 13682 10603 1444 11527 16859 6838 10800 8218 15628 13828 9542 6428 7462 11724 8553 8078 4518 16515 10725 18650 8248 9830 9314 18496 11700 7738 6320 5964 6187 11329 12432 8831 11838 7579 13412 10860 5384 11832 2940 10841 1538 9261 8469 7136 15255 13914 7619 12805 7624 19807 9530 8516 11563 5763 8972 5251 8179 10810 5258 537 15855 9455 6418 12059 9686 7403 12985 5834 8682 8494 12163 999 11577 8789 9523 5998 11603 10029 9250 8510 5170 11056 10422 14959 11069 5492 11392 1843 15667 14816 10838 8010 5006 11820 7969 8968 13546 4936 5647 6120 13223 4028 5871 12022 12655 7004 17587 10986 8085 8443 6531 6435 6582 10916 8178 9317 16019 11046 11578 12130 13653 14031 5889 6472 12975 11344 11043 15581 7016 4258 5830 14079 5990 12789 7768 6095 6115 8160 6484 14006 10594 11086

6787 4038 3519 6896 1158 3311 6223 3630 5780 7013 551 4436 11209 4518 6501 4189 8621 6098 6125 4232 4310 8527 4334 4624 1868 6884 4034 10309 4712 5088 5564 9372 4797 2704 4097 3267 2676 5263 8840 3991 5841 4898 6409 4513 3117 5797 2056 6476 773 4619 3936 3054 7688 5896 5105 5988 2864 9932 4867 5410 7211 3619 5372 3327 3823 4513 2755 311 6063 6286 4152 8044 6222 4067 6769 3108 3238 5115 4940 579 6813 3598 5310 2689 4317 6505 5022 5116 2216 7123 4109 9282 4131 2932 4215 1035 8794 9356 6515 3798 2289 7141 3585 3564 9180 1959 3439 2412 7570 2162 3321 6482 5404 4021 7637 4705 3152 4921 2514 3791 4584 4395 4826 5563 7250 5258 5674 5737 6695 7533 3194 2856 7430 6782 4082 6614 4017 2488 2429 7886 2638 5448 4564 3605 2279 4235 3870 6310 7009 4004
