150 3 1
100 141 243 96 1 1 160 141 122 231 191 1 57 182 10 21 88 87 194 197 25 49 243 1 124 171 84 53 50 89 142 85 146 90 131 73 13 56 10 289 243 104 211 35 20 133 85 119 211 235 64 199 97 27 64 82 222 53 19 223 228 242 55 60 124 84 12 13 1 38 79 232 184 136 187 156 1 108 1 172 68 132 59 32 139 61 32 58 87 144 162 1 1 151 1 1 47 215 166 1 147 36 58 93 177 67 142 66 86 82 37 175 94 118 104 114 162 1 105 277 81 160 212 60 92 149 146 1 55 29 181 246 1 1 278 182 18 110 199 52 31 150 1 1 24 55 132 207 233 43

20 28 1 12 22 39 41 15 19 1 30 11 26 1 15 21 22 32 34 17 1 1 35 18 6 8 2 7 25 18 32 25 31 1 1 22 20 8 8 5 8 31 15 13 41 14 40 37 42 1 38 54 44 6 18 37 39 23 32 2 30 31 12 3 26 8 18 13 26 24 1 32 39 36 16 24 33 17 28 13 30 25 1 39 28 33 26 30 10 22 44 8 51 19 10 14 34 31 1 9 11 26 1 28 7 18 15 26 27 28 30 26 37 30 56 52 25 39 11 23 3 7 17 8 18 27 16 1 33 44 6 43 11 1 28 19 1 34 26 40 30 46 15 9 41 19 1 27 25 1
29 43 16 24 25 41 52 28 25 19 38 36 29 8 20 30 31 36 59 29 22 12 41 33 15 26 10 13 26 31 45 35 51 13 10 32 33 22 16 24 21 59 41 27 58 15 54 39 64 23 39 56 57 7 31 40 54 37 40 9 41 53 16 11 40 34 26 36 42 47 15 33 41 37 18 25 53 25 45 26 40 45 16 56 42 34 31 44 20 47 57 13 72 27 21 19 35 34 24 16 12 27 16 41 21 19 32 42 35 37 48 47 44 32 61 60 27 45 26 36 11 28 22 12 33 31 23 9 40 54 9 50 18 14 52 23 11 37 52 43 38 53 21 24 53 22 21 38 26 7
41 61 27 26 48 57 62 36 37 20 44 47 35 24 25 41 51 43 70 50 40 23 60 47 33 38 17 18 34 37 49 44 63 26 19 33 53 39 23 40 26 67 43 36 74 34 55 64 77 32 46 68 73 15 42 42 58 42 54 17 44 58 17 22 44 38 39 42 56 65 28 48 55 51 25 31 59 47 49 29 57 52 17 77 49 49 32 48 31 66 71 22 85 43 25 31 40 49 43 27 36 29 20 53 28 33 57 57 43 53 51 63 48 56 67 68 40 62 28 47 13 36 37 26 43 36 35 30 63 60 29 58 21 25 57 44 35 51 55 52 39 57 32 39 56 26 26 46 29 22

12 1 16 2 1 8 11 6 9 17 3 8 11 11 8 8 13 1 3 10 13 3 12 23 4 7 1 1 8 20 5 1 1 8 20 2 1 24 13 2 9 17 6 6 8 13 15 14 3 7 12 4 3 18 10 1 31 13 1 6 11 19 7 7 7 15 1 17 8 7 20 1 18 5 1 2 14 8 17 21 10 9 6 1 21 1 5 11 4 18 1 2 19 16 1 18 8 3 2 17 7 1 13 11 7 16 15 1 4 1 1 9 15 11 14 16 17 14 13 11 14 21 20 6 9 9 11 12 3 8 1 13 1 14 9 19 1 1 1 12 28 9 1 16 23 9 1 23 17 7

10030 5702 9128 44 3732 5985 180 6189 7154 6341 10593 8994 9868 10565 11285 6737 9128 9441 10531 10453 9372 8858 6451 2234 6367 10709 8844 10980 4508 7466 8073 6924 7642 8257 5656 6098 2962 6409 4130 8480 10649 7876 12691 10137 9972 4931 5660 4853 14077 7665 9278 6609 5168 4716 11776 9079 6110 9305 8095 8269 4443 12488 8841 5223 10224 11856 1414 14255 9453 8875 5946 4829 5958 5625 4682 10470 13542 6136 6593 4802 9096 1587 4561 5502 4110 5209 3924 6791 5481 9232 5582 8076 9742 6254 6063 4854 1683 1916 10351 7003 9045 9292 6235 2400 8928 6861 6309 4399 13980 13553 11146 8652 2504 10660 8114 6935 6340 10835 8369 7160 10115 363 12795 4722 6976 9076 9682 4631 8545 5295 1738 9809 4268 5119 9381 10267 9340 12759 6827 8646 6858 11996 5313 11957 8256 5185 9729 2093 7029 5484
11395 6409 10459 54 4402 7170 213 6979 8911 7709 12797 10366 12053 12001 13987 8243 10692 11743 12586 11856 10667 10500 7908 2707 7133 12845 11032 12330 5050 8382 9892 7853 8615 9227 6499 7040 3620 7954 4939 9613 12182 9635 15409 11182 11135 6040 6707 5993 16877 8722 10415 7642 5916 5586 13436 10223 7190 10384 9307 9971 5092 15486 10171 6513 11353 14368 1752 15951 11530 10638 7053 6005 6849 6304 5234 13004 16544 6819 7312 5681 10441 1882 5498 6346 4864 5895 4667 8422 6430 11288 6328 9839 11704 7076 7159 6027 1976 2262 12282 8099 10602 11531 7733 2818 9928 8555 7099 5386 17359 15015 13106 9904 2848 12788 9681 8448 7902 13161 9424 8142 11266 431 14865 5543 8091 10835 11430 5706 10094 5995 2132 11347 5062 6062 11074 12601 11607 15425 8310 9969 8527 13256 5844 14437 9207 6401 11491 2504 8084 6226
12793 7361 12279 63 5202 8246 240 7984 10575 8782 15140 12329 13192 13255 15261 9672 12637 13054 13840 13375 12535 12315 9108 3025 8189 14437 12340 13518 5768 9577 10935 9169 10398 10679 7218 7915 4085 8923 5870 10947 14379 10529 18269 13107 12788 6732 7895 6497 19390 10240 12432 8787 6817 6617 15018 11732 7967 12497 10510 11360 5757 17024 11169 7291 13648 15852 1979 18581 12619 12291 8053 7161 8286 6947 5771 14372 19724 7479 8767 6458 12253 2183 6066 7301 5279 6498 5467 9945 7605 12852 7194 11510 13160 8048 8407 7157 2339 2600 14860 9303 11528 12471 8778 3130 11797 9347 8117 6035 19995 16447 14257 11895 3260 14180 10642 9901 8675 15013 10905 9333 12550 471 17818 6235 9330 12619 13309 6649 11322 7141 2405 12785 5611 6707 12598 14483 12902 17406 9884 11808 10128 16085 7103 16855 10441 7572 13405 2847 8857 6807

7843 3164 4997 33 2783 3208 114 4304 4367 3671 7389 5440 7807 9142 7740 5887 7690 6283 8817 6629 4859 5000 5694 1419 5166 9202 5570 8017 2811 4077 6587 4328 6868 4640 4553 4657 2567 3695 2150 6369 8250 6513 10372 7049 7189 3018 3077 3502 7796 4037 5786 5816 3793 3279 10433 5960 4494 5474 4164 5372 2256 7579 7311 3241 6524 9619 1012 10887 5828 6503 3993 3307 3044 4098 3402 8929 6842 3332 5227 3555 7091 1027 3236 3786 2491 3739 3355 3621 4909 6225 2840 5210 5325 3328 3066 2763 1339 1453 7483 5165 7085 6260 3807 1421 5034 5390 5114 2301 11523 11196 7038 7414 1722 5456 5833 4127 4580 6715 6408 3719 7702 239 10973 2533 3954 8010 8616 2327 6001 3296 875 6885 3571 2701 6335 8792 6842 10559 4445 6466 3769 9975 4228 9910 6642 3208 6647 1474 4600 4735
