150 3 1
65 162 148 56 84 91 386 69 34 182 1 23 82 273 164 142 207 49 132 148 113 67 149 68 223 149 76 86 178 60 135 74 158 178 71 101 138 128 170 144 110 116 127 66 136 51 314 112 125 42 128 71 118 104 106 47 235 1 92 340 142 205 166 1 47 80 135 1 28 128 152 5 156 100 1 102 167 90 79 1 38 132 11 79 1 73 240 142 149 168 29 228 145 45 71 19 144 158 90 87 1 31 159 153 178 101 130 289 155 64 196 51 230 1 283 41 28 128 122 136 226 59 193 7 142 1 1 27 109 11 142 123 111 35 75 38 47 118 171 163 44 33 1 160 30 96 1 114 92 136

16 17 16 12 43 24 9 27 30 13 14 11 42 14 14 32 42 16 14 26 14 34 41 32 27 17 20 28 1 23 45 37 19 33 23 44 31 23 2 49 16 6 43 20 14 3 48 15 30 8 12 34 1 37 1 1 5 29 1 18 34 32 26 1 24 22 48 23 13 1 1 29 19 1 16 13 36 45 7 9 28 21 27 11 56 7 1 27 21 28 12 36 3 35 45 17 19 19 7 1 34 9 11 4 25 7 19 29 35 28 27 41 55 20 21 40 21 37 24 29 16 34 17 8 25 40 31 2 13 33 51 27 15 41 17 1 8 13 24 29 1 32 40 20 5 9 1 34 38 18
22 29 28 19 58 48 26 31 37 27 20 13 49 22 25 45 50 26 35 40 34 39 47 43 53 21 37 45 4 36 51 39 20 45 29 45 32 34 27 55 20 28 49 37 32 12 64 17 41 19 14 41 7 48 8 24 22 42 8 28 45 55 39 20 39 45 49 36 24 8 2 38 26 11 35 37 49 50 12 33 29 28 29 32 61 12 2 36 22 29 16 42 7 52 52 29 34 23 33 2 51 17 18 15 26 15 27 30 43 43 45 45 78 32 28 52 29 54 39 37 23 59 25 35 44 44 39 24 24 37 60 28 38 50 32 22 15 20 38 38 13 43 55 38 8 19 13 40 54 29
33 44 41 35 64 55 34 53 49 43 37 33 60 27 43 64 61 38 47 61 37 51 56 57 57 22 42 46 8 46 60 47 29 57 32 48 45 43 47 59 25 36 60 46 41 19 70 26 42 26 25 53 24 69 23 29 38 62 14 31 54 56 42 37 47 59 78 59 31 11 9 51 36 12 56 48 51 61 30 52 39 32 42 42 75 35 16 47 29 34 29 49 19 56 53 41 53 38 36 8 60 24 42 26 28 37 43 40 65 55 52 51 79 44 43 54 37 59 58 45 37 77 27 39 45 61 67 39 41 48 78 29 43 67 54 39 30 23 41 39 22 56 56 43 22 27 15 56 57 45

11 12 3 7 19 18 1 12 24 1 6 16 9 18 6 9 1 8 2 11 12 9 11 22 9 1 4 13 14 5 1 10 13 10 14 10 14 1 14 16 8 2 15 19 15 1 7 5 4 8 29 1 17 13 1 12 5 5 3 13 3 19 7 5 3 4 15 10 9 5 8 17 1 4 7 2 1 17 8 4 8 1 15 18 15 18 2 5 14 24 17 27 20 26 34 4 1 13 13 5 25 1 1 22 10 11 12 1 9 27 29 6 7 1 1 10 17 1 16 11 7 16 11 14 4 4 6 22 8 14 16 1 20 12 15 14 2 1 1 11 15 4 13 17 19 32 2 22 11 7

8888 12832 3744 8995 10727 8512 6047 5240 6770 12530 3195 15212 8380 4423 7181 4685 4476 5867 10306 5516 1886 8120 5375 10179 8510 11134 4804 9164 10168 6983 6668 8631 5164 7830 10978 8883 5234 7079 6043 10651 10557 10019 5988 8131 8826 4502 8804 7263 10020 9615 9895 8346 1168 10408 11005 12862 10879 8688 8694 4249 1 10266 9506 12795 4806 9743 6589 7007 4618 10760 7253 5789 10626 4999 7211 9299 14293 8132 576 6661 4152 7112 9894 6903 11021 10330 9647 8076 11328 6270 405 4619 8571 10431 8533 4754 7089 5477 8566 11275 8814 14500 2576 4249 4996 7429 14895 8376 11092 5893 4987 866 11032 12191 13321 8314 8196 10519 15005 8373 8386 5862 5333 9990 9669 5653 8540 4322 2367 5496 5743 5861 8303 4377 3248 964 4951 9255 5678 6368 10277 5551 9703 9663 5959 8391 5905 9531 11026 6848
10932 14554 4351 10918 12230 9549 7142 6273 8409 15053 3943 17264 9426 5186 8700 5549 4965 7255 11505 6220 2095 9734 6136 12344 10171 13828 5991 10404 11913 8301 8162 10409 6075 9755 12834 10473 6042 8494 6786 12124 12707 12304 7112 10087 10850 5475 9822 8618 11235 10725 11775 9519 1326 12425 12111 15173 12942 10705 10794 5190 2 12517 10758 14782 5943 11803 7610 8381 5504 12200 8923 7171 13132 6096 8627 10702 16553 9101 702 7435 4923 8184 12006 7906 13076 12182 11526 9209 12802 7173 500 5334 9430 12045 10260 5851 8838 6539 10693 13863 10179 16787 2835 5228 5856 9156 18201 9481 13011 7017 5511 1046 13239 14215 15475 9576 9417 12700 17145 9317 9752 6469 6510 11710 11812 6890 10446 4896 2717 6383 6890 7315 9876 5271 3741 1163 5558 11196 6302 7383 11516 6227 11964 12023 7333 10414 6669 11084 13317 7991
13113 17557 4934 13054 14448 11194 8052 7513 10084 17138 4342 20932 10697 5975 10426 6442 6022 7973 12666 7058 2291 11461 7092 14084 11350 15189 7180 11340 13990 9294 9456 12077 6625 11166 14455 11905 6728 9852 8224 13580 15233 13750 8314 11247 11990 6535 10833 10052 13486 12713 14029 11391 1561 13540 13820 16951 15518 11713 11746 5737 3 14640 12673 16227 6814 13100 8879 9979 6643 13698 10130 8138 15554 7087 9683 12002 18726 10511 833 8464 5799 9566 13637 8835 14672 14186 13596 10097 15048 8117 555 5802 10720 14158 12376 6803 10292 7817 11754 15466 11578 19464 3187 6130 6532 10071 20066 11251 15781 7672 6124 1261 14436 16404 17573 10748 10286 14172 20727 10735 11315 7520 7064 13851 13792 8192 12531 5627 2972 7668 8319 8729 10895 6048 4180 1282 6291 13009 7118 8424 13362 7280 13067 13627 8242 11409 7321 12108 15311 9656

6890 6433 2312 7543 7898 5155 3056 3075 4933 10564 1808 8271 5438 3283 4697 3247 4015 4070 7394 3928 1187 4920 4013 8691 4596 9487 3306 6684 6096 6169 5334 4882 4081 6561 8005 5580 4648 4059 4402 9001 8093 5599 4749 5822 4540 3522 5228 4687 8438 5949 8624 5753 666 6544 7324 7817 6020 6681 7601 2733 1 7767 4965 10559 2506 7720 3642 3551 2342 7974 4805 3649 7385 3901 4673 5770 12503 5744 300 3774 3386 5094 8516 4252 5574 9131 6343 4492 5951 3574 354 3064 6936 8017 6698 3014 5209 3840 4531 6024 5252 8832 1604 2779 3783 4612 11368 6647 8252 3374 2587 528 9370 10726 9254 4832 5768 7674 8605 4270 5099 5115 4716 7566 5082 3298 5236 2418 1875 3976 3679 3913 4218 3475 1812 512 3629 6797 4588 5258 8417 4019 5368 6520 4126 6706 3172 8019 7167 3633
