150 3 1
199 9 172 213 137 211 188 220 243 301 3 5 54 173 87 153 149 28 42 151 1 223 137 93 36 178 96 176 123 175 154 1 111 135 62 184 95 71 85 27 156 75 1 193 1 144 131 64 75 37 33 236 148 48 32 89 185 1 132 169 145 105 70 62 1 126 102 374 190 223 139 1 82 227 21 29 70 147 104 187 34 56 115 54 87 191 255 125 176 126 92 91 65 157 48 43 131 1 130 49 1 56 1 130 142 126 240 169 119 91 251 73 74 110 86 185 75 36 1 56 147 162 23 1 104 1 64 36 128 72 35 1 245 25 29 161 190 65 1 103 164 105 96 22 1 1 200 182 80 105

1 15 13 6 30 24 50 6 1 33 27 35 8 45 1 21 47 26 16 16 19 1 30 26 18 35 9 45 12 17 48 20 6 17 45 12 35 3 47 22 58 9 55 32 21 23 8 1 49 9 42 36 2 26 24 13 1 18 21 33 32 45 6 1 5 18 60 1 26 25 37 62 27 16 19 42 12 17 20 7 23 18 25 8 10 1 43 20 34 1 31 24 42 39 4 23 45 2 33 17 23 39 19 9 13 7 21 13 21 40 28 25 39 1 36 27 25 1 39 21 1 5 36 23 26 7 24 5 32 8 33 16 23 33 39 35 20 14 38 1 5 15 28 24 25 26 17 16 20 21
17 29 24 15 45 40 58 10 23 43 43 36 32 49 13 22 48 34 38 26 34 9 55 31 24 49 16 53 25 23 55 31 9 18 51 13 37 4 60 28 80 13 62 44 28 33 23 2 67 10 59 44 9 43 26 15 6 42 37 34 47 51 10 5 10 31 70 13 29 54 40 70 36 23 31 43 30 35 38 22 32 41 27 9 26 8 47 25 50 8 42 29 56 40 20 30 64 7 43 21 29 52 21 14 24 16 40 22 29 51 46 55 40 25 52 31 33 13 50 22 9 18 66 37 41 14 35 19 52 11 49 18 26 47 45 45 36 23 49 5 12 31 45 31 31 36 28 36 21 47
32 32 52 41 50 47 75 20 27 53 62 41 47 61 24 38 49 42 59 32 35 21 63 51 34 75 25 76 27 24 65 40 11 22 73 18 53 6 66 32 83 31 68 56 47 35 28 4 74 12 73 56 31 53 44 22 18 50 49 44 64 57 31 9 21 53 78 18 50 56 59 80 44 31 50 58 39 42 43 44 46 51 28 13 39 14 48 33 56 15 48 34 72 50 29 43 88 11 44 22 48 53 25 27 38 36 41 23 40 74 54 67 49 34 68 37 56 28 58 29 17 30 81 51 49 24 55 42 64 27 64 21 32 59 58 53 41 29 61 17 22 35 51 32 36 38 33 45 32 57

14 9 8 5 13 14 17 1 3 3 13 13 1 33 24 7 1 14 18 10 6 6 4 7 20 16 12 16 9 14 1 7 13 12 2 8 18 4 23 15 20 3 1 32 19 2 8 7 1 20 10 5 12 2 29 11 12 22 13 7 11 6 10 11 6 11 14 6 16 11 1 6 11 7 9 6 5 16 3 26 4 14 24 22 12 1 5 1 12 14 6 10 12 16 32 15 1 7 1 19 6 2 13 9 15 5 5 14 9 13 5 11 1 21 1 1 10 21 4 13 8 9 15 12 8 6 1 1 10 2 3 11 18 16 12 11 10 10 2 8 13 4 1 2 4 14 7 26 8 18

9032 9021 9364 5054 9223 6575 10124 4237 2421 10706 5898 6709 4990 6249 13298 14796 6763 10169 8609 9632 3355 10772 5223 5927 7121 10943 9058 12165 6272 10713 6750 8276 2124 7053 4808 13751 9635 4998 4960 2006 6667 5742 5107 8557 7272 10831 405 10077 4699 9303 10923 8824 9381 6387 10811 9325 9209 8062 5419 4632 10583 9229 10979 10260 10501 8890 9166 4217 4200 10241 10110 8879 10570 9961 6348 2445 5486 10920 14430 9259 5674 7830 6524 10907 2965 9540 8323 4113 6299 9646 10544 6561 6643 5405 8243 7555 10796 8893 10456 4646 6018 10329 2095 13282 60 5291 10786 10039 9322 5846 11073 9359 4882 2631 4467 6410 10912 10922 8814 10028 7468 9985 9694 8693 9027 3378 5212 4413 5257 6817 10535 8389 6866 10169 5469 8038 4304 10428 10111 8072 9999 8808 4294 6140 8046 10494 8210 5124 7283 6530
10617 11107 11377 6139 10851 8077 11160 5004 2729 11981 6718 7815 5847 7391 14983 17765 7667 11418 10422 11727 4168 12527 5835 7140 8684 12178 10237 13417 7807 12668 7791 9551 2429 8795 5807 15300 11288 5998 5748 2276 8268 6947 6017 9560 9048 13518 488 11942 5869 11350 12241 10931 11582 7553 12585 11519 11234 9078 6024 5383 11718 10434 13519 11415 11814 10685 11132 4720 5231 12706 12105 10634 11756 11696 7012 2991 6848 12532 17926 10861 6778 9322 7731 13400 3504 10937 9937 5061 7551 11955 12774 7798 7371 6756 9405 9149 12913 10553 11805 5182 6854 11453 2543 16271 67 6114 11988 12126 10657 6510 12314 10888 5750 3216 5160 7337 13348 12269 9703 11239 9250 11089 11141 9722 10205 4171 6306 5098 5846 8285 12494 9672 8060 11798 6536 9026 4815 11999 11556 8949 11373 10687 5161 7297 9574 12940 9261 5859 8071 7959
12320 12116 13347 7361 12114 9565 13305 5983 3179 13243 7650 9138 6497 8681 17178 20097 8770 13442 11283 12819 4574 13860 6429 8447 9397 13770 11807 15839 8634 13940 8765 11162 2757 10358 6601 17610 12894 6771 6608 2502 9462 7591 6636 11074 10470 15416 531 13994 6448 12478 14524 12353 12934 8325 15024 12742 12167 10343 7309 6531 13491 11385 14679 13824 13458 11609 13402 5149 5770 14797 13653 12719 13071 14184 8133 3367 7613 13792 20426 12902 7701 10639 8420 15664 3817 13306 11789 5955 8456 13771 14230 9053 8583 7936 10866 10326 14700 12754 14269 5881 8292 13634 2755 18248 80 7021 13592 13926 12643 7546 14178 12818 6425 3802 5998 8206 14830 13372 11877 12552 10650 13025 13443 10976 12351 4663 7390 5756 6525 9925 13835 11627 8986 13799 7234 10355 5333 13137 12674 10175 12634 12569 6002 8781 10523 14556 10236 6448 9240 8776

4625 7026 5049 3020 6755 4819 6588 2371 1950 9302 4180 4659 4373 4291 9441 11961 3499 6944 6387 7362 1762 8117 3233 4225 4194 8305 6414 10596 4698 7757 3581 4878 1787 5865 3142 7892 7738 3377 4183 1045 3610 4610 3303 4576 5261 7882 309 7334 3730 7568 9221 5029 7034 4582 7552 6131 5790 5282 4154 2971 5652 6767 5933 5579 9424 5666 8237 3639 3052 6378 6670 6097 7989 8234 5400 1735 4693 5594 8640 8279 4018 5414 4875 8354 1727 7471 6213 3389 4406 5265 8671 5875 4774 3304 5543 6496 9326 7152 6254 3311 4947 5510 1597 10687 46 4096 6440 8534 7516 4904 5852 7748 4343 1987 2330 4487 7299 6298 7468 8819 6651 5943 6285 6962 5881 2272 3069 3574 3861 5094 8131 6880 4922 8755 4725 5965 2631 5682 6663 7080 7226 5723 2728 3311 7181 8092 4667 3090 4087 3995
