150 3 1
169 64 1 93 105 1 100 117 33 211 173 1 145 167 22 64 1 35 1 127 1 80 122 230 157 167 1 109 149 77 14 143 62 223 161 78 1 90 230 229 80 35 199 223 177 143 164 58 196 1 27 117 115 106 74 34 204 38 130 62 53 98 152 7 72 264 1 175 151 137 218 133 94 85 120 74 78 1 43 1 183 38 173 63 106 1 131 54 4 117 115 184 233 103 1 128 121 272 30 44 66 145 39 102 185 91 81 1 212 100 1 40 224 65 194 3 146 157 148 88 254 146 117 57 144 127 92 44 183 131 111 219 128 34 104 142 70 3 75 94 1 187 179 125 1 162 172 88 1 19

12 44 13 19 41 8 1 19 37 17 15 37 44 36 34 21 34 29 4 3 17 1 13 31 35 21 25 13 32 1 17 13 16 20 19 8 32 42 32 32 27 20 6 1 17 18 42 37 40 11 1 21 1 46 37 44 16 32 1 21 9 1 23 42 22 29 22 1 8 1 33 13 12 1 3 57 6 21 45 27 1 1 28 14 34 1 38 40 25 23 1 36 7 1 15 21 23 2 12 17 14 1 1 20 15 16 12 45 1 22 22 1 32 4 33 21 32 32 27 3 38 51 19 24 21 26 31 9 18 33 1 26 38 27 38 32 24 10 1 5 1 12 7 15 12 34 7 24 44 18
15 48 17 37 51 13 7 27 49 36 17 49 58 44 51 31 42 50 5 11 30 14 24 57 47 35 39 42 47 8 32 25 28 29 22 24 50 49 51 45 43 27 25 5 18 34 54 45 57 30 11 29 8 55 53 58 36 50 8 25 30 30 36 59 25 49 36 23 18 12 48 29 31 6 5 69 12 29 61 40 24 5 39 30 42 10 55 49 28 41 4 52 11 12 16 35 46 3 25 46 19 11 8 27 24 25 18 52 3 34 30 21 36 30 41 29 46 33 46 18 48 59 25 36 33 49 53 16 38 46 4 45 43 44 60 35 33 27 7 7 2 21 11 17 28 42 23 25 45 30
45 62 22 44 58 24 11 41 53 47 20 62 77 48 64 38 58 61 18 25 54 15 32 59 49 53 40 55 60 19 56 28 54 30 28 43 63 65 59 55 50 39 29 8 27 44 65 53 67 31 34 38 25 65 77 64 41 62 23 34 35 53 56 81 35 56 46 27 37 16 52 33 60 13 20 81 22 34 83 48 42 8 60 40 48 14 73 63 51 50 22 63 13 23 31 51 51 12 55 63 27 12 18 28 35 41 24 64 23 44 44 45 53 36 46 33 61 49 56 23 51 68 48 41 50 53 78 31 51 66 14 52 47 55 61 57 43 34 17 30 17 22 12 18 35 52 28 31 46 45

6 5 3 17 9 4 18 1 12 9 4 7 5 11 15 3 3 1 4 26 25 18 8 3 15 5 2 11 18 22 9 10 12 25 1 11 23 14 4 4 1 11 11 14 18 10 2 6 11 1 3 1 8 9 1 9 1 9 16 14 14 14 14 8 18 19 3 15 10 12 12 30 5 23 5 24 10 14 1 16 10 1 1 3 9 15 11 8 8 2 8 15 1 5 1 21 11 14 14 1 7 8 18 5 5 1 14 9 1 18 1 9 15 30 4 8 17 1 5 1 27 5 24 1 14 25 17 22 14 1 17 11 11 7 1 13 8 4 14 1 10 7 21 4 21 12 19 16 14 8

8349 10789 10372 5504 6647 6794 4502 10753 4818 6396 10221 9774 6306 8526 9627 11770 4915 10605 11832 8115 6731 9979 4146 6546 3992 6570 9530 14329 5395 8024 10495 8569 4596 6461 4436 4656 9412 12855 6202 8435 4448 8233 5467 4037 3018 14353 10508 4027 10555 7437 4485 6849 9921 4378 9480 7794 4368 10269 9538 6590 8751 4606 13978 4574 5152 5082 4055 9134 4350 5297 5454 13955 10205 8934 14271 818 4067 7379 5767 8196 9472 8807 9053 4618 9910 1410 9109 4583 6604 3098 5075 13841 5003 4138 3932 3753 10209 7393 8890 13093 13913 6643 4490 8045 2057 12768 595 10694 5400 5605 6332 8290 7997 6276 13410 595 2075 3892 6193 5110 5774 11113 4341 12591 4448 5548 8792 10550 8278 8296 6798 2964 1564 8316 5687 8669 3556 9321 5285 1091 11175 5948 5191 6746 9329 8492 8934 6309 7100 2526
9726 13455 12305 6784 7793 7665 5580 12358 5433 7094 12202 11031 7484 10432 10728 13857 5408 12134 13892 9783 8333 12235 4906 7220 4407 7794 10567 16088 6195 10015 12253 10139 5731 7279 5293 5340 10777 14925 7143 10093 5449 10290 6342 4868 3761 16955 12627 4890 12445 8547 5342 8159 11414 5215 10606 9453 5410 12757 11698 7501 9798 5623 17326 5095 5678 6287 4533 10831 4907 6116 6140 17179 12664 10153 15712 1016 5041 8915 7110 9250 10634 10410 10281 5085 11341 1579 11105 5716 7550 3476 6013 15821 5846 5140 4805 4512 11439 8141 9931 14716 16344 8115 5024 9515 2408 15549 701 12563 6452 6835 7460 10281 9242 7398 16647 701 2328 4752 7019 5975 6561 13226 5374 14252 5182 6673 10091 12958 9249 9254 8013 3405 1803 10264 6683 9861 4161 11133 6472 1335 12359 7016 5817 7646 10758 10146 10601 7600 8022 2830
11567 14855 14238 7985 9182 9346 6555 13693 6093 8440 13931 12738 8842 11678 11967 16510 6113 14125 15399 11262 9459 14298 5887 8468 5148 8894 12053 18184 7391 10837 14078 12080 6337 8789 5744 6300 12357 16497 7878 11825 6187 12218 7556 5297 4116 19655 13956 5592 14177 10102 6420 9863 13733 6058 12453 11047 5970 14932 13262 8474 11395 6712 18817 5566 6346 6959 5152 12946 5978 6934 7209 19604 14381 11160 19243 1145 5944 10682 8277 10358 12246 12467 12283 5570 12560 1731 12254 6196 9169 4058 7136 18711 6674 5708 5618 5408 13325 9168 11747 16724 19534 8791 5971 11111 2625 18362 803 14915 7126 7657 9020 12225 10744 8054 19363 775 2543 5161 7659 6874 7546 15787 6106 17148 5956 7703 11889 14204 10632 10364 9442 4040 2106 11740 7305 11140 4807 13016 7665 1493 14857 8412 6580 9113 12460 11378 12402 8293 9490 3357

7130 7052 6832 2838 4422 4814 2306 7144 3367 5007 7261 6907 4322 5518 5849 9711 3922 8860 9380 5499 3802 5431 3079 3789 2799 3877 7736 10857 3746 5844 9102 5684 3951 4168 2690 2466 5520 9482 3373 6705 3287 6338 4239 2996 1702 9981 6386 2541 8944 3744 2791 3599 7587 2201 4821 5186 3838 6644 6749 5267 4929 2479 11397 2622 3689 4264 2801 5915 3458 2937 2780 8127 8940 7776 9943 452 2185 6304 4283 4301 8167 6871 6679 2646 7519 806 4761 3373 4416 1646 4172 7370 3604 3433 2976 2729 7590 4997 7776 10849 9011 5330 2797 6308 1778 9705 514 9067 2957 3069 4399 6550 6929 3195 8358 449 1446 3425 3607 3433 4133 6812 3616 8606 3208 2859 7380 8785 5599 6987 4794 2120 1193 5534 4871 7771 2002 6898 4265 927 8714 4652 3064 4074 6581 5664 7667 4375 6044 1305
