100 4 2
49 12 12 14 15 86 26 34 35 71 95 46 95 45 80 91 85 47 61 53 64 77 91 26 91 64 6 77 45 19 14 40 32 51 49 87 5 11 43 22 91 81 6 85 25 26 75 68 44 48 41 96 26 43 24 29 46 6 73 37 67 70 18 50 25 2 60 76 33 9 45 64 36 23 21 91 55 39 35 88 14 4 62 39 72 90 64 27 32 94 39 86 34 48 71 60 28 85 97 37

20 15 8 17 6 39 22 21 17 48 10 5 58 3 11 6 8 4 6 16 44 40 69 24 10 37 14 16 25 12 40 30 20 21 17 21 2 6 10 44 30 10 40 8 10 14 12 34 4 23 39 7 44 4 16 43 14 31 18 5 40 66 2 24 60 2 4 11 11 12 25 43 31 5 44 9 22 37 12 28 27 2 26 17 9 21 37 19 24 51 28 24 11 49 18 13 3 2 11 9
27 73 37 23 14 53 27 39 32 51 52 42 61 3 18 30 13 31 63 29 60 66 76 45 62 62 20 33 25 19 53 41 45 66 39 32 19 19 43 48 44 15 84 65 59 28 44 47 11 31 57 29 44 32 17 59 31 57 50 65 72 68 50 65 82 3 17 34 63 18 48 44 81 9 69 13 41 41 62 31 42 77 57 43 29 46 51 53 47 60 46 64 12 79 55 58 12 70 18 43
52 77 86 54 65 55 77 41 60 53 66 43 92 12 28 34 17 54 79 75 67 73 83 64 81 72 62 62 39 79 63 61 54 78 60 57 39 63 86 96 44 75 86 76 66 53 68 59 42 44 73 32 57 59 77 86 56 74 58 82 84 71 75 88 94 6 27 48 69 44 65 88 81 62 83 39 54 45 88 81 44 84 76 67 63 54 58 55 82 72 82 73 56 80 61 82 51 94 45 55
74 96 88 91 69 82 84 93 77 96 82 61 93 67 56 69 42 77 84 82 74 88 98 76 88 98 87 87 45 84 100 76 73 89 62 85 47 71 98 96 77 91 92 94 100 86 74 93 52 91 99 52 97 90 84 97 74 92 64 97 84 88 83 88 98 99 58 54 97 46 72 97 97 89 96 98 71 94 97 95 86 97 83 79 96 79 69 79 91 81 89 81 97 84 74 89 92 97 76 86

37 18 61 59 36 1 31 32 44 71 34 37 2 38 20 22 6 49 61 46 6 52 16 33 27 1 26 46 63 34 13 26 24 67 12 22 14 26 52 9 20 25 28 6 32 49 36 20 42 18 2 5 16 5 51 49 19 14 15 48 48 35 50 58 17 48 4 44 19 8 6 74 50 24 69 13 62 87 17 77 53 33 50 64 68 26 2 79 27 5 46 11 12 14 5 58 53 7 35 17
52 37 94 82 71 50 69 100 52 74 41 72 47 67 56 100 87 69 100 82 40 96 81 49 74 27 45 84 86 42 34 35 92 95 99 70 72 32 98 20 85 90 60 46 81 100 72 35 55 60 88 51 84 25 62 97 53 34 36 96 60 61 60 70 52 98 11 86 97 92 93 74 81 70 84 61 79 96 22 87 96 36 88 78 81 44 81 80 82 16 86 25 55 91 20 91 79 31 65 63

287 104 212 313 55 533 276 312 123 982 113 374 160 403 333 234 128 51 163 59 350 745 227 225 1033 84 65 159 105 134 159 121 44 874 108 309 89 229 120 270 425 420 123 134 142 69 133 101 62 133 220 141 342 206 42 119 132 285 95 131 78 295 142 203 290 444 456 120 70 112 233 585 284 418 363 211 575 54 405 152 134 128 152 156 82 364 265 403 71 246 92 313 128 683 175 370 271 365 266 137
293 421 338 505 432 550 324 343 730 1369 144 1156 260 838 438 705 347 174 1157 141 500 1274 672 285 1226 154 98 300 155 307 205 230 76 1162 541 709 109 748 127 339 874 656 481 208 146 683 344 320 315 353 226 370 492 599 103 426 285 346 285 149 93 299 669 268 315 907 606 205 722 257 374 718 404 476 662 292 684 332 933 787 263 162 186 165 224 673 367 427 326 366 323 404 1240 773 194 504 424 484 287 198
430 1372 398 1557 1181 986 345 446 1351 1387 353 1303 410 912 553 781 517 259 1481 382 646 1436 821 550 1347 179 103 416 209 419 365 334 101 1775 864 952 337 904 407 374 919 961 833 356 691 804 375 388 323 790 453 433 707 1477 150 735 499 377 410 305 185 437 1607 277 329 951 948 273 768 265 419 1079 476 983 865 332 1612 360 955 908 773 416 332 380 278 1606 542 442 482 634 480 664 1425 884 340 1343 431 1046 323 204
460 1728 456 1911 1850 1933 397 493 1804 1922 508 1356 442 1865 559 833 523 426 1534 490 945 1510 826 684 1937 197 775 516 302 903 431 427 510 1999 983 977 389 1513 771 408 980 999 1003 380 1200 875 569 525 418 1559 511 1576 928 1784 954 787 512 485 722 375 423 482 1840 381 948 1327 2052 426 934 496 1032 1999 485 984 992 428 1703 371 1000 1705 784 421 540 497 399 2032 547 516 516 1057 503 1039 1577 943 376 1536 964 1074 496 243

281 93 51 276 3 493 228 261 27 501 57 185 120 339 157 75 81 38 135 47 278 671 170 222 607 50 62 112 68 91 35 109 27 650 74 145 74 139 108 241 253 412 101 131 131 28 91 56 25 80 90 73 314 98 39 84 72 234 66 101 48 60 136 185 228 327 394 109 49 81 102 417 195 288 258 85 251 22 200 125 74 86 131 84 63 145 239 311 49 133 85 175 108 335 106 285 134 183 146 38
181 66 43 263 2 61 130 6 23 251 36 76 87 229 140 51 67 8 83 31 101 13 5 89 201 7 15 71 55 18 7 6 21 377 19 38 15 87 39 140 200 309 5 86 36 11 26 18 9 73 73 23 111 81 23 4 55 97 36 98 1 26 3 43 204 2 358 53 30 58 49 244 145 170 138 13 122 8 92 111 3 78 45 31 2 60 125 140 17 117 7 27 36 113 88 114 28 41 69 29
