100 4 2
15 91 95 70 27 90 87 30 80 22 52 7 92 75 7 91 68 87 88 15 72 67 61 38 3 86 95 29 52 96 28 40 100 2 59 28 31 86 55 17 25 45 8 90 36 9 60 83 89 43 86 37 31 5 75 16 56 5 53 40 71 44 99 46 71 82 26 22 64 28 26 60 68 69 29 55 50 38 48 7 61 21 37 78 43 47 45 6 51 27 32 92 38 83 49 51 30 13 62 48

44 57 11 24 2 46 9 25 14 15 4 14 1 12 26 9 24 5 19 70 32 18 27 7 6 33 33 37 8 25 5 13 8 17 4 3 10 2 13 34 2 3 39 31 2 7 7 19 8 38 2 23 1 52 3 1 15 26 23 30 5 43 32 79 57 38 13 14 14 47 53 16 29 3 11 14 21 5 3 31 11 19 38 4 2 1 71 8 23 11 2 62 26 22 10 34 4 11 5 11
64 61 26 39 33 51 23 56 43 23 47 33 23 21 37 15 58 15 22 77 73 22 28 74 76 52 66 75 57 83 47 61 16 63 6 13 13 64 15 42 9 63 54 32 43 32 42 71 16 41 51 58 39 62 48 8 36 57 29 43 39 66 91 81 63 44 31 38 25 54 63 29 35 24 22 61 28 33 22 47 22 71 41 12 18 48 72 28 32 27 3 62 32 37 23 56 40 39 15 39
75 73 60 84 75 78 23 64 64 29 50 54 28 70 51 73 75 51 79 79 77 33 41 96 78 79 87 77 59 90 50 68 49 74 41 22 26 65 25 90 40 74 59 59 67 42 68 79 53 46 76 73 46 67 59 30 72 72 36 78 96 85 93 88 75 64 67 45 31 54 70 34 35 81 56 78 29 73 79 60 28 89 46 28 26 81 74 51 63 81 49 81 50 63 70 65 62 71 29 54
84 89 65 90 81 84 98 89 74 60 87 64 87 92 92 99 78 80 96 80 78 92 44 96 91 86 97 86 97 95 95 75 53 93 97 23 90 70 76 100 91 94 68 60 79 85 97 82 98 58 100 86 52 80 89 43 85 95 91 86 98 95 95 89 83 74 82 49 37 60 97 72 74 82 94 99 74 95 85 86 67 97 55 88 89 83 85 76 67 91 67 91 71 86 71 74 86 97 35 62

21 20 43 13 10 35 48 37 39 17 25 33 2 23 40 73 30 41 23 14 2 39 74 20 36 60 8 41 84 24 67 7 33 46 52 39 36 36 19 31 18 12 2 45 5 62 11 4 65 16 30 94 4 19 41 28 44 14 12 58 4 57 14 73 6 23 41 40 3 29 71 45 16 63 13 8 68 25 53 38 2 70 52 60 24 15 16 33 89 77 24 21 2 3 1 44 64 22 20 27
75 69 70 95 23 82 64 70 62 22 68 51 55 58 44 85 100 83 73 96 48 99 93 60 67 61 65 43 100 77 89 44 58 53 91 64 76 63 83 41 29 25 62 83 43 76 80 74 92 67 68 97 28 27 71 77 81 63 49 59 13 99 89 78 21 60 76 52 24 83 77 93 69 71 98 65 92 45 96 70 53 81 61 69 57 45 57 79 94 82 96 39 52 77 13 68 73 43 94 97

31 431 446 284 352 130 269 183 450 86 216 563 535 1161 154 108 239 221 145 376 227 118 141 112 21 124 167 95 99 210 119 228 384 551 1393 98 1482 122 90 430 247 194 124 452 153 26 91 134 98 474 144 68 107 110 106 89 303 1087 256 467 102 89 581 147 278 1043 88 27 74 55 225 110 123 76 590 122 187 287 674 246 237 173 121 132 472 128 74 31 205 394 970 109 881 89 150 253 108 393 263 228
332 545 536 287 1152 267 621 378 587 335 401 1262 995 1588 194 142 304 375 157 782 908 695 476 112 46 135 170 326 104 273 463 532 776 608 1565 527 1739 124 276 827 890 553 214 591 377 257 165 427 106 731 207 278 144 156 297 164 621 1531 366 718 121 558 963 608 279 1272 363 79 165 180 331 1422 225 338 1150 375 229 308 1010 761 510 257 166 236 495 296 165 49 269 400 987 207 1384 206 861 261 328 425 384 465
600 577 1649 330 1415 333 691 388 685 351 412 1700 1003 1781 305 845 423 1676 324 969 1267 885 1500 290 102 273 182 390 340 335 720 609 1018 745 1865 623 1942 295 302 837 1390 891 430 1001 1279 430 612 1425 299 1918 265 296 712 511 425 255 1832 1683 470 934 216 1362 1266 1347 607 1592 838 619 166 303 411 1533 319 721 1770 463 246 457 1094 876 577 426 240 389 545 359 365 89 342 856 1135 358 1502 261 1527 371 643 832 824 763
710 859 1787 344 1800 373 922 885 719 495 419 1853 1460 1852 929 953 480 2081 445 972 1706 1139 1798 442 420 357 227 399 994 436 976 856 2028 1998 1967 954 1960 505 552 952 1399 895 433 1696 1472 437 900 2046 345 1950 441 696 765 991 724 308 2008 1690 605 1047 725 1646 1948 1989 814 1712 994 777 402 407 516 1882 496 741 1833 887 398 487 1863 1000 736 509 453 418 733 480 482 194 651 930 1639 768 1576 497 1841 383 662 993 1978 906

9 375 380 82 208 92 265 63 300 82 182 332 407 544 128 52 198 203 127 304 176 99 133 89 14 110 66 70 52 202 48 150 252 245 933 92 1135 114 75 380 166 189 39 419 142 22 84 47 89 446 60 6 104 95 84 85 248 288 176 406 57 64 334 86 220 1027 55 25 53 40 119 83 54 74 588 71 23 226 82 219 178 163 87 101 328 88 25 18 96 380 476 83 854 83 94 134 91 293 247 221
8 325 271 80 98 59 186 25 75 45 166 102 269 223 36 9 61 9 118 266 45 31 22 4 13 57 49 28 14 131 17 118 157 194 86 9 1031 8 36 88 137 126 12 12 58 15 52 14 17 275 19 2 64 36 3 34 7 211 38 28 4 5 37 46 135 200 12 15 7 39 58 42 14 13 548 50 15 38 8 109 62 57 71 10 305 46 7 9 48 125 117 68 334 48 46 18 48 196 18 123
