100 4 2
45 26 94 52 41 41 77 68 62 92 60 21 27 88 76 10 56 23 55 73 57 50 46 41 20 11 89 75 4 58 94 88 15 31 18 51 4 37 17 33 2 20 94 78 35 36 47 87 87 98 48 49 5 17 71 62 65 78 26 29 63 70 100 42 88 65 34 84 4 58 78 34 97 5 35 66 83 50 31 70 85 9 9 61 46 64 51 8 72 41 3 89 88 54 54 41 26 83 68 90

39 8 20 31 33 28 13 59 14 4 8 19 2 3 2 1 34 8 60 50 4 17 5 22 27 34 6 53 41 3 5 23 6 32 27 52 24 29 31 34 6 30 13 16 3 1 16 6 15 27 10 11 46 8 13 24 34 9 43 64 31 16 38 4 49 18 2 12 13 2 11 4 45 8 13 3 18 5 2 33 9 4 37 21 38 36 32 43 10 10 28 10 15 8 6 41 40 77 6 18
46 53 70 41 49 46 22 61 43 74 46 36 16 51 7 3 39 13 86 56 16 27 11 32 42 42 14 86 70 68 11 66 16 43 60 69 56 49 74 39 61 62 46 51 12 6 44 17 17 55 16 36 47 21 76 27 63 21 46 69 32 19 44 60 52 39 7 34 26 11 33 15 80 8 44 33 41 78 55 57 68 40 63 40 43 50 74 44 14 40 36 18 54 26 32 63 53 82 18 45
68 74 88 46 91 70 23 81 45 92 47 40 48 61 38 36 64 26 99 58 51 63 25 70 45 48 17 86 71 68 78 77 20 48 90 74 67 63 85 60 77 63 65 61 63 11 55 26 74 72 51 45 82 96 82 41 67 26 65 79 44 29 58 74 85 91 24 82 44 46 65 75 85 79 66 56 93 78 58 63 68 41 75 66 49 51 91 59 26 80 46 70 97 75 73 75 62 84 49 52
88 81 91 85 100 71 82 98 76 93 58 55 62 84 49 55 91 100 100 67 55 67 100 72 48 67 34 96 85 97 99 86 46 64 96 92 80 87 98 64 93 93 86 82 67 58 64 90 79 86 84 83 91 99 94 88 78 92 67 88 49 43 96 90 90 91 92 88 92 72 67 87 89 82 72 68 98 89 74 98 85 43 84 89 77 89 96 66 70 84 90 89 99 92 97 77 64 96 81 68

15 91 41 4 2 48 64 13 35 34 43 1 1 91 33 38 39 8 5 16 4 14 23 20 66 17 1 9 35 36 29 4 5 52 46 43 74 9 6 62 30 2 32 1 15 37 77 47 49 66 44 6 13 51 90 20 77 18 59 98 61 3 51 11 64 43 68 8 28 39 56 38 10 24 58 13 7 51 44 30 53 38 45 38 16 46 35 15 77 64 81 80 2 18 85 56 17 39 33 31
98 100 45 7 91 86 87 97 68 89 89 16 13 99 88 97 59 97 68 29 25 53 57 64 73 19 60 76 58 54 51 81 7 77 90 58 91 63 86 96 51 85 35 23 37 100 91 82 72 88 87 27 95 84 90 89 92 57 68 100 63 92 77 98 93 56 86 38 39 86 63 73 64 33 79 55 60 55 97 82 70 72 67 41 87 84 50 36 100 85 83 90 85 29 100 64 26 47 49 100

62 306 358 327 82 132 97 236 145 490 160 125 609 100 78 120 77 338 172 235 564 73 379 118 399 1431 394 543 159 542 294 93 79 146 540 762 733 158 166 128 207 96 675 140 140 145 242 270 312 813 137 223 73 426 163 427 84 1177 88 131 623 116 197 569 345 99 441 210 454 395 288 289 372 51 1664 104 575 659 554 169 225 233 1104 692 329 203 373 14 130 84 149 152 219 526 82 131 352 86 202 511
108 306 453 382 261 221 262 356 400 565 548 149 1053 446 890 225 208 430 205 276 1161 305 433 386 624 1436 596 580 210 557 1000 180 96 361 711 856 883 499 264 223 368 176 1547 324 152 448 382 314 659 814 557 482 1356 584 291 1426 198 1274 116 261 796 134 467 666 520 261 1008 634 617 405 1108 315 375 331 1668 204 933 924 642 1045 239 341 1124 743 777 511 555 55 394 148 229 1159 324 711 136 142 669 88 275 520
180 476 674 944 371 512 372 1693 927 588 775 394 1164 615 922 291 509 863 288 325 1459 597 440 536 761 1864 874 683 342 978 1041 307 345 631 890 1665 1553 616 299 413 698 223 1560 326 307 583 767 433 718 1634 678 928 1437 829 357 1572 422 1791 250 276 830 162 544 867 728 270 1210 854 1172 503 1621 766 378 446 1773 367 961 1557 749 1058 404 375 1138 937 1680 731 870 184 486 1154 258 1294 389 788 139 409 751 305 304 600
312 881 679 1548 408 610 544 1979 1001 694 869 481 1356 814 986 365 964 880 537 556 1769 924 486 761 952 1928 1077 699 489 995 1845 321 455 709 918 2009 1900 1829 398 502 772 502 1780 463 372 896 1192 563 799 2006 682 947 1796 860 468 2022 481 1827 262 516 1001 470 745 964 913 548 1950 981 1793 828 2002 956 595 486 1995 416 967 1907 1024 1602 452 426 1985 1008 1942 1017 994 1001 571 1448 401 1947 1935 876 276 410 821 492 956 901

57 185 258 110 22 108 36 223 108 478 99 59 225 99 65 111 61 335 126 144 541 54 189 52 114 478 377 231 99 338 127 88 25 134 321 708 461 137 164 53 187 92 547 100 134 87 191 250 168 806 102 138 61 368 29 179 81 794 82 40 455 68 132 511 339 58 92 166 284 320 181 232 366 43 863 100 556 301 234 144 202 132 929 246 252 121 177 9 107 80 103 58 180 480 58 48 228 41 108 382
11 162 65 48 19 8 20 127 39 263 68 1 104 17 25 70 29 280 38 8 331 24 80 33 109 254 57 38 79 207 88 83 22 14 88 156 184 36 89 3 116 54 179 10 99 71 73 196 51 312 25 90 13 220 17 130 56 732 71 10 299 58 110 89 55 2 62 74 46 163 114 206 75 20 642 63 125 296 64 138 36 14 139 114 147 38 76 5 104 24 31 48 24 320 54 36 2 5 85 36
