100 4 2
7 77 91 36 98 79 5 46 22 87 64 73 97 60 22 4 49 38 85 56 40 94 27 31 8 33 29 72 77 33 6 52 67 7 80 13 34 98 68 74 72 6 83 26 30 7 61 21 28 2 84 2 48 98 37 36 2 71 85 33 82 87 41 94 49 69 82 3 5 27 51 94 71 7 27 80 7 87 10 14 22 82 97 39 85 100 24 29 64 47 84 82 21 71 75 26 39 14 96 60

12 66 15 17 14 2 4 40 16 13 17 3 29 5 61 5 6 1 8 29 54 18 7 19 48 14 27 1 22 35 4 27 6 46 39 16 13 20 1 11 21 17 8 33 24 38 10 30 4 59 11 5 4 1 1 13 7 1 6 2 7 7 8 4 72 19 45 9 18 17 11 10 10 32 48 8 11 56 19 30 16 48 5 18 32 8 32 28 28 5 2 28 31 20 27 27 3 13 12 21
20 70 41 23 30 9 17 43 41 83 79 48 32 22 75 38 60 67 55 41 78 52 33 50 69 16 27 25 22 37 14 48 32 52 51 33 59 38 72 34 26 29 11 70 26 59 38 40 17 80 18 19 30 4 65 21 15 5 31 29 10 26 29 47 76 31 52 45 37 43 18 44 53 33 50 8 28 63 45 62 43 65 17 18 57 31 50 56 76 37 18 61 36 30 29 50 49 69 22 71
61 74 47 33 36 54 33 54 65 96 84 56 47 77 80 54 75 88 63 68 88 55 52 51 78 34 48 37 50 43 31 61 42 55 87 95 60 67 77 56 75 79 42 71 29 82 86 83 25 90 73 26 59 49 87 29 30 73 44 59 28 63 44 52 86 32 76 70 68 73 45 75 83 43 54 14 29 63 51 76 47 74 42 41 65 35 59 65 77 43 46 86 37 83 34 62 69 79 82 83
69 83 89 45 53 55 62 92 66 97 96 90 86 82 91 70 90 93 63 77 96 79 70 78 81 43 100 90 97 99 69 84 88 88 87 97 93 85 80 98 96 83 63 76 46 98 93 100 61 95 94 51 90 80 98 41 31 84 54 81 28 81 88 66 91 97 92 70 98 95 65 84 95 67 81 18 37 67 62 85 83 84 85 44 99 83 91 67 88 69 88 91 39 96 38 67 87 86 98 93

43 9 42 8 3 14 17 21 59 36 2 67 38 56 27 22 80 1 39 2 2 13 41 18 37 1 40 94 54 64 7 69 52 63 5 18 43 31 23 3 75 70 41 71 47 14 11 43 40 6 66 6 26 24 3 67 60 70 2 9 32 23 33 63 52 35 25 14 66 9 32 12 7 36 4 57 9 18 5 33 53 16 42 75 50 26 70 9 15 20 25 60 24 37 53 49 4 60 11 57
48 48 94 79 13 41 29 69 77 63 22 98 58 60 92 28 81 89 78 92 33 59 68 57 41 59 52 95 94 97 75 91 58 98 66 63 86 34 39 97 97 91 44 82 57 71 52 61 41 43 83 86 94 36 77 68 82 81 18 32 87 38 34 67 69 45 60 28 83 71 100 88 33 84 20 93 43 22 72 78 94 28 56 88 51 73 73 57 57 93 74 89 95 75 65 59 90 90 58 94

16 178 396 53 257 124 69 92 294 283 182 184 137 351 48 52 73 541 414 683 255 510 172 173 297 231 33 129 82 384 419 101 326 143 689 75 73 418 88 531 262 638 807 296 181 114 422 132 520 103 249 68 751 174 113 284 142 252 410 60 94 104 230 1037 151 84 252 8 384 687 579 369 97 358 110 164 217 204 74 252 80 138 337 65 186 116 360 195 161 94 483 169 132 477 1150 72 337 52 497 1014
399 811 744 298 593 241 177 343 1192 341 186 303 664 451 920 148 268 598 417 1479 343 1075 960 914 350 248 559 297 346 1043 733 260 382 217 729 639 386 541 151 574 700 665 821 372 241 181 481 594 1027 852 575 716 857 307 465 336 227 327 605 121 334 313 477 1215 499 167 358 75 829 900 996 937 318 529 147 320 334 378 410 625 135 184 583 524 1081 309 577 243 873 591 651 365 177 649 1516 164 416 93 664 1696
729 1833 825 312 695 327 241 563 1287 438 361 874 770 575 1470 189 386 811 499 1540 407 1337 1774 1875 372 293 909 460 713 1092 1325 308 563 532 1130 647 510 831 339 953 717 754 1045 489 544 271 705 1009 1194 965 694 890 1622 488 490 677 466 386 1009 241 827 404 799 1371 671 234 398 207 1513 1382 1044 1761 342 622 366 328 489 801 792 770 345 191 947 597 1308 367 692 620 971 938 929 429 634 689 1744 261 581 158 1219 1790
887 1986 866 706 1402 546 408 866 1521 722 422 1973 1029 784 1535 433 522 817 513 2010 483 1888 1927 1914 414 505 1586 495 922 1850 1983 457 932 963 1472 917 627 1069 493 1235 1064 879 1720 741 824 467 874 1695 1847 1166 916 1252 1995 530 502 1007 473 559 1081 406 1780 583 857 1427 919 522 571 395 1572 1779 1486 1926 546 644 513 467 780 988 941 838 413 797 997 613 2070 487 905 682 1757 1021 1005 821 775 953 1921 656 872 411 1977 1973

13 156 248 20 243 60 66 74 287 271 149 72 120 126 12 45 20 365 276 514 76 310 98 78 115 216 23 111 77 214 218 34 157 101 243 46 63 170 17 303 179 445 588 264 52 104 297 126 192 75 213 54 602 44 76 139 113 98 264 40 84 102 183 799 98 17 90 5 377 673 75 32 93 340 73 71 177 164 69 208 75 67 308 63 105 108 354 94 104 22 275 112 80 393 493 39 287 40 220 475
10 135 26 16 96 5 50 54 265 269 134 66 40 3 6 22 1 295 67 391 11 8 34 74 99 104 20 74 2 45 13 18 93 73 157 13 6 107 6 297 79 2 424 13 12 32 111 30 27 54 129 11 84 11 74 19 54 58 257 37 3 96 36 639 73 3 68 4 316 540 61 29 54 178 34 62 126 134 24 88 43 5 98 34 63 84 187 49 87 13 116 107 39 127 89 12 51 13 9 350
