100 4 2
85 91 26 54 100 56 9 49 32 13 72 96 83 63 46 74 6 64 21 48 24 97 96 91 58 54 93 27 24 50 96 57 72 2 8 40 69 69 92 2 1 37 26 18 89 26 82 87 52 1 1 54 73 11 69 42 93 3 17 15 2 30 72 83 10 75 100 97 58 40 94 70 4 28 61 95 2 32 45 23 90 41 87 97 7 6 86 77 24 42 90 78 87 82 30 46 86 8 90 60

63 2 30 57 48 5 31 75 29 78 8 1 9 17 51 8 28 15 18 6 41 22 7 13 25 3 5 27 67 43 30 10 28 35 2 12 9 1 5 40 49 3 12 52 8 2 35 21 45 18 63 17 35 30 51 17 54 7 21 32 4 5 11 1 31 28 25 2 26 9 11 24 9 9 19 27 9 8 4 3 42 17 3 18 1 17 12 14 17 34 15 20 40 21 9 19 1 65 6 32
72 32 53 59 56 50 41 78 42 81 11 2 18 53 60 24 74 28 27 25 44 36 46 40 31 49 15 29 78 54 35 23 42 63 43 17 53 17 12 58 55 13 49 53 30 23 36 29 48 24 79 55 37 47 69 24 65 26 25 76 47 59 14 16 50 33 56 34 31 31 62 69 52 46 68 60 17 51 16 13 49 28 73 28 8 18 61 54 38 47 21 51 68 33 12 26 65 68 39 71
77 58 56 80 60 58 44 84 42 81 26 5 76 69 64 46 75 61 48 26 51 83 76 42 66 88 21 80 92 91 62 59 51 64 95 22 54 21 19 94 74 13 74 78 32 41 54 33 85 36 83 58 97 64 88 46 70 57 96 90 91 63 52 31 61 83 65 44 34 34 68 82 61 67 74 68 90 63 23 71 52 66 93 53 60 35 64 66 41 51 29 71 83 83 22 31 79 86 43 80
81 71 65 94 83 87 46 96 64 94 30 58 88 99 82 95 93 67 77 89 100 98 93 82 69 89 73 90 96 99 64 93 85 79 98 35 93 28 28 97 100 81 86 89 62 80 89 69 99 92 100 81 97 73 96 74 94 95 100 94 99 65 59 48 88 94 85 54 57 70 94 89 100 73 94 93 92 94 82 90 64 87 94 64 78 45 98 77 61 67 46 90 98 86 33 66 88 88 93 85

45 39 17 55 68 76 64 11 19 14 70 65 10 35 44 49 32 30 34 7 5 49 15 25 16 1 73 11 16 3 12 20 11 8 39 28 47 47 47 11 24 66 89 10 2 9 73 17 62 27 13 30 8 80 47 1 12 37 81 21 37 55 72 2 30 4 38 2 1 3 66 21 29 12 10 67 24 35 45 6 85 25 14 31 45 55 7 84 28 4 3 29 48 73 6 20 49 21 2 18
91 99 100 94 91 76 75 71 65 46 89 92 37 91 54 76 60 34 60 14 78 57 71 32 43 39 79 84 75 46 62 64 86 67 53 90 60 84 87 43 56 80 93 70 80 68 86 75 92 56 59 44 14 91 75 61 48 78 98 22 75 68 76 3 84 86 91 73 36 68 80 52 61 85 74 90 77 96 96 26 90 76 91 37 85 66 24 97 98 44 26 89 68 85 41 81 59 88 81 38

418 890 330 254 206 143 278 453 38 39 106 277 711 141 46 272 119 75 90 254 222 243 313 548 63 596 297 386 97 102 449 108 323 893 217 659 991 414 179 176 4 330 526 152 672 321 195 842 90 617 507 282 548 426 129 320 233 581 63 98 88 156 302 107 287 995 138 100 371 636 336 134 46 182 273 120 680 1471 55 458 232 249 361 303 197 23 161 97 164 1172 214 105 169 116 188 51 234 52 506 339
669 1036 440 350 295 332 499 497 274 591 275 279 711 468 151 605 511 620 189 596 556 281 386 677 91 1168 350 1458 313 375 1278 114 390 1418 299 712 1248 563 186 218 227 774 1047 379 702 643 337 1388 195 1251 1561 349 838 504 205 412 431 611 986 216 176 234 375 182 533 1295 183 214 1320 1139 623 230 814 247 382 211 1439 1721 163 573 505 408 998 756 615 183 263 366 292 1198 658 273 409 335 763 148 277 750 566 467
904 1319 1570 362 369 347 677 629 385 886 762 307 912 601 392 817 566 633 212 736 666 601 722 680 326 1379 360 1602 396 529 1701 514 914 1608 302 906 1323 579 235 237 254 1163 1155 404 871 661 408 1661 285 1561 1671 370 1269 1103 229 574 494 868 1461 301 381 357 760 315 784 1476 359 232 1446 1505 1536 344 1161 277 909 340 1454 1797 458 591 1015 847 1132 783 717 1030 356 442 419 1404 1057 287 890 358 1026 278 407 1627 839 713
1592 1665 1887 430 406 457 764 771 423 923 1058 344 952 1053 421 1915 892 740 413 754 844 812 1050 958 939 1545 365 1745 419 918 1851 541 1027 1653 354 941 1789 1061 534 458 274 1784 1393 497 921 802 534 2025 299 1775 1696 847 1900 1318 376 602 1033 915 1557 965 502 499 943 323 868 1636 895 431 1469 1990 1744 409 1338 297 956 485 1889 2028 494 592 1053 1618 1661 990 839 1410 464 451 511 1606 1828 364 1658 410 1154 398 484 1858 930 814

307 573 315 101 123 95 274 250 30 20 91 187 304 63 21 259 116 49 52 162 195 174 123 372 41 472 249 177 90 67 239 94 320 485 68 512 739 135 145 89 1 276 168 107 658 311 184 250 73 539 124 79 529 306 52 314 160 54 48 73 39 127 252 61 36 611 128 23 360 556 187 69 18 138 205 108 193 861 54 410 140 89 91 280 154 17 98 21 117 577 81 81 162 76 123 29 171 36 468 291
29 259 248 97 22 67 98 215 14 2 21 120 270 2 8 153 53 11 37 38 49 2 47 163 14 306 46 23 73 59 213 68 84 352 11 85 469 67 70 43 1 214 129 69 281 269 88 241 10 530 104 48 77 109 44 305 6 38 17 27 28 39 216 13 26 143 126 21 308 266 113 18 17 63 31 25 98 316 37 342 27 2 12 265 94 14 78 10 109 422 43 1 55 30 20 4 63 13 436 65
