100 4 2
46 16 21 39 57 47 14 49 95 33 73 71 95 39 40 78 6 78 68 33 77 61 26 29 67 12 1 5 25 84 26 29 35 19 66 77 15 57 30 43 78 86 52 82 100 14 27 26 69 34 51 45 8 71 30 58 65 87 58 22 1 89 39 67 98 78 72 29 36 35 77 84 29 100 8 32 71 89 32 14 93 43 25 97 82 37 95 23 90 72 2 92 56 11 76 44 68 21 85 79

5 38 24 85 8 2 14 7 11 37 19 2 36 13 16 6 4 16 26 41 14 23 36 4 18 52 16 2 27 26 36 16 9 1 7 17 3 46 35 43 30 50 3 23 31 40 5 8 31 10 33 51 32 7 1 51 18 34 13 46 33 4 47 38 27 16 3 3 11 51 67 6 3 31 7 2 5 49 17 40 33 9 18 9 60 82 1 7 43 26 19 13 17 3 11 21 16 34 9 6
16 64 31 86 22 10 34 20 22 61 47 19 49 44 24 37 82 59 54 51 19 28 74 42 37 62 23 26 29 41 43 31 9 49 35 24 30 67 48 73 43 74 18 41 42 44 14 18 51 12 42 77 33 42 31 59 59 37 21 61 47 11 50 42 33 36 16 5 28 58 69 11 49 58 25 12 54 65 40 47 43 23 29 11 67 83 39 63 68 62 95 20 53 39 20 22 45 57 68 8
83 67 55 88 35 35 47 47 43 84 60 34 73 91 69 37 85 70 79 56 92 36 80 69 50 91 49 47 70 94 88 90 15 53 54 73 39 90 50 82 48 94 39 47 73 56 39 52 52 13 47 96 53 69 76 76 77 45 70 76 48 41 84 68 74 67 44 86 33 65 74 93 81 59 39 18 78 81 70 60 64 93 86 37 78 87 50 70 80 85 95 75 60 69 28 32 74 71 85 12
93 77 71 94 93 88 48 57 87 93 89 40 95 94 99 78 97 84 97 67 98 67 85 76 62 100 91 93 73 98 100 98 83 78 76 85 83 98 70 87 55 95 65 73 77 81 61 94 57 92 61 100 79 87 96 91 79 88 92 87 65 77 99 79 99 68 61 92 71 94 86 94 99 88 52 81 87 93 92 79 67 95 87 82 95 93 98 76 89 97 99 88 77 92 43 35 77 100 85 60

36 49 42 44 49 27 14 61 7 56 21 85 22 63 16 30 19 75 7 91 19 6 26 72 59 10 46 28 41 39 6 66 49 12 17 35 51 3 1 19 60 33 54 11 11 57 11 28 21 50 80 1 66 23 15 84 34 53 45 24 10 15 21 36 78 20 93 37 3 62 15 50 60 37 11 25 35 66 2 25 29 1 43 74 20 1 88 24 94 72 33 28 61 78 13 14 50 51 60 21
71 82 73 55 81 35 38 97 50 65 95 97 54 73 75 64 51 89 89 91 70 17 27 81 81 11 85 50 82 96 80 98 75 48 30 89 95 81 4 74 90 51 70 14 29 60 78 52 71 68 88 41 94 84 56 98 63 92 88 97 85 68 28 40 83 36 99 41 24 86 47 77 67 50 20 36 66 97 43 72 86 82 55 76 31 86 93 66 96 94 78 87 100 100 72 35 52 86 74 69

1167 133 265 274 435 260 30 145 272 210 255 113 721 42 392 1024 546 237 433 128 302 345 61 40 588 43 239 231 352 317 378 592 252 139 402 795 35 189 221 171 283 267 316 154 112 197 209 279 241 340 295 146 218 263 566 377 320 215 167 93 254 548 421 92 461 80 316 61 77 436 110 620 159 298 120 94 1124 201 68 56 263 323 114 252 261 51 133 25 95 96 844 113 484 213 405 75 138 359 394 85
1169 343 652 310 468 388 236 199 326 271 307 154 774 136 567 1288 581 257 1232 1044 353 513 84 310 689 255 262 783 397 1436 851 722 328 379 511 905 291 244 228 271 485 347 755 454 136 1031 859 812 395 382 780 378 293 517 816 699 733 324 562 749 394 865 1508 278 564 415 375 140 606 586 222 712 226 391 172 375 1378 271 305 82 394 477 200 385 408 376 322 228 295 375 1069 353 1189 289 421 165 340 1176 486 540
1446 357 887 932 584 545 561 241 916 286 322 180 958 267 722 1692 1032 301 1696 1559 361 1292 902 370 715 457 311 1011 626 1889 946 861 646 405 538 1674 324 364 371 612 563 542 895 482 276 1758 1394 939 581 635 1186 380 1589 645 1553 779 822 451 832 857 418 872 1672 941 1184 445 530 332 635 1040 744 889 239 456 200 411 1792 318 337 166 735 1195 503 525 503 1096 383 278 653 478 1153 391 1586 357 822 182 1409 1487 590 1596
1534 496 927 1304 754 583 946 449 1623 989 547 974 1088 1002 1024 1949 1379 456 2022 1577 428 1835 920 705 821 776 647 1988 719 1977 1102 896 927 471 540 2035 345 691 411 841 1078 583 896 697 461 1980 1559 1096 1001 693 1935 393 1830 813 1793 937 1478 522 1715 923 429 973 1763 976 1434 564 545 792 938 1223 995 1033 458 499 238 495 2038 401 493 914 998 1585 508 616 563 1978 471 319 733 524 1925 626 1615 965 894 322 1680 1984 833 1619

1165 131 121 109 167 153 9 136 220 167 180 85 476 40 140 1019 430 105 300 109 296 189 40 29 186 27 142 214 305 267 294 366 225 114 160 362 30 66 216 82 175 247 61 128 76 118 163 107 220 301 241 141 207 249 477 324 314 150 148 55 87 172 203 54 366 72 73 55 67 360 100 602 121 289 14 73 630 171 54 55 163 308 63 101 222 26 115 21 80 57 298 52 67 208 362 58 91 282 244 55
717 12 41 96 79 73 6 105 2 28 46 3 27 36 5 326 139 101 19 42 123 106 4 19 62 22 69 188 272 98 251 35 4 27 112 345 24 62 126 20 124 89 44 6 51 64 159 3 63 167 230 107 160 236 330 218 85 40 118 11 39 108 155 26 11 43 37 27 54 49 41 210 115 66 1 6 257 116 22 18 91 138 17 27 166 13 96 20 10 40 291 4 65 95 101 39 84 222 229 18
