100 4 2
79 34 29 19 73 49 74 35 83 49 47 67 88 62 38 95 48 40 50 80 45 27 35 13 86 22 7 12 10 26 45 86 81 96 48 33 19 47 92 62 26 79 94 26 44 68 12 25 74 58 47 48 49 19 71 90 23 54 77 82 40 99 60 54 83 14 99 95 41 94 82 11 6 27 65 13 99 35 42 28 93 89 49 59 32 62 33 3 46 89 90 36 43 52 2 15 80 76 16 39

17 19 39 3 3 46 12 4 4 17 2 29 11 7 16 5 13 53 10 70 5 31 2 11 8 4 16 47 23 11 1 31 9 28 18 14 10 1 14 42 75 63 18 38 13 41 48 8 30 6 5 13 32 8 10 18 2 16 8 48 1 60 29 32 8 35 15 42 1 5 9 25 37 8 22 22 69 7 11 1 34 24 45 15 22 36 1 9 34 15 6 11 17 18 20 8 33 11 15 10
19 20 52 65 31 58 17 39 20 49 19 42 39 20 74 36 18 55 19 80 45 42 3 12 26 22 49 59 75 23 41 59 28 64 33 21 58 30 23 52 75 83 22 60 25 54 48 16 36 6 43 51 52 40 40 19 28 34 25 54 22 67 51 32 36 45 33 62 3 46 12 36 37 56 69 66 91 59 22 4 43 30 52 15 47 53 25 43 64 17 61 73 31 20 25 10 40 37 23 13
23 26 65 72 73 82 25 88 52 71 27 85 56 48 80 37 29 57 57 86 73 58 52 35 72 92 65 66 78 24 42 86 57 76 74 23 88 33 39 57 82 87 53 75 93 58 55 34 51 54 47 55 69 48 66 47 51 44 46 72 60 83 79 47 87 50 57 86 20 64 32 60 62 64 71 74 96 63 68 26 63 37 76 73 64 57 68 71 87 43 92 77 40 22 65 37 66 40 60 29
55 49 100 86 84 94 78 98 78 77 38 96 69 79 91 43 83 90 92 97 94 81 85 91 77 98 76 91 85 64 56 100 97 78 78 70 92 35 97 65 100 93 82 78 96 68 62 56 98 83 89 57 87 98 70 63 74 71 52 100 66 98 82 67 93 75 63 94 90 89 44 100 82 67 88 98 99 90 71 40 93 81 90 94 70 80 87 91 99 84 97 86 98 27 84 95 79 72 75 46

24 12 10 27 70 1 50 7 43 72 25 9 32 78 18 49 12 62 2 38 44 4 30 29 44 14 24 73 41 86 24 33 1 32 3 88 22 71 20 30 71 46 25 3 18 4 5 73 4 8 14 36 36 35 15 14 11 15 41 13 6 7 42 4 58 60 92 20 11 51 50 11 8 65 51 37 48 45 69 48 19 22 44 44 86 44 5 41 20 53 36 7 34 25 86 86 68 66 16 65
74 21 62 92 78 51 53 74 45 84 55 36 85 87 57 97 57 87 16 82 94 42 41 58 54 78 85 90 84 87 56 38 98 99 95 94 54 78 30 43 73 89 33 32 25 34 11 75 62 34 40 92 91 56 20 42 94 57 87 26 65 30 59 99 92 60 98 74 23 94 53 95 88 76 58 69 49 71 74 85 68 27 65 94 90 77 29 42 63 92 76 7 46 79 97 99 95 86 37 85

271 514 362 285 121 705 421 176 343 175 125 75 220 150 982 109 299 52 50 159 112 395 656 214 123 205 413 80 12 488 808 128 387 344 1513 600 666 232 261 205 365 1356 294 93 143 159 425 267 681 375 329 137 614 823 308 460 41 62 181 117 147 302 276 627 99 614 174 329 979 322 256 470 281 774 379 233 173 228 132 45 664 1028 338 92 69 145 207 190 344 179 109 106 373 200 1125 72 323 96 151 103
703 707 416 460 358 929 576 979 462 302 609 284 472 799 1328 341 452 249 65 249 271 676 1027 411 258 259 447 246 313 557 1156 241 480 379 1886 959 1060 305 333 250 593 1417 679 152 318 1143 500 940 1336 547 351 638 933 1026 354 1106 258 111 221 241 1009 639 449 634 320 995 838 367 1081 720 424 487 372 1606 468 253 208 268 157 234 884 1236 497 325 179 179 586 204 678 319 448 156 461 335 1501 299 463 1704 268 232
870 755 901 578 479 946 746 1730 492 390 868 448 622 1356 1649 535 1031 281 112 1974 374 783 1048 428 642 349 742 326 446 586 1471 942 498 707 1909 1512 1119 357 370 433 760 1594 789 205 408 1489 776 1287 1788 827 430 870 1154 1644 582 1536 444 292 293 252 1456 799 861 635 393 1132 1029 372 1716 776 462 1080 373 1781 541 354 342 402 370 297 917 1667 503 893 601 335 1011 326 710 795 499 475 744 342 1782 327 503 1973 355 268
1004 872 1498 937 534 1422 1643 1731 565 406 888 529 861 2017 1693 588 1899 421 254 2037 437 914 1136 885 936 374 964 342 927 785 2010 1017 513 792 2023 2027 1313 382 404 482 1002 1668 793 245 510 1732 918 1831 1837 832 497 872 1201 1960 686 1663 515 529 367 517 1951 1813 985 975 512 1347 1060 1042 1736 1076 565 1620 435 1854 559 432 537 445 477 465 948 1936 802 911 846 395 1155 819 837 2065 559 707 841 429 1812 428 551 2027 407 397

93 238 171 152 82 565 379 119 120 64 41 62 191 112 592 49 51 31 48 94 65 367 329 198 106 141 122 50 11 466 690 99 281 341 415 532 644 153 69 203 301 984 253 49 133 110 304 229 675 230 274 51 388 508 268 59 30 28 68 56 141 297 101 496 49 126 170 251 914 260 203 313 199 405 260 115 63 222 22 25 313 250 235 58 37 129 116 141 316 25 33 95 154 135 1063 59 136 80 118 6
30 212 167 6 41 19 95 12 9 5 36 40 128 83 364 13 13 24 30 37 4 291 328 100 64 66 36 15 3 143 157 61 31 191 94 100 214 66 45 101 128 490 232 12 45 35 265 188 123 35 243 20 383 308 267 34 5 20 61 22 43 190 25 405 2 64 125 232 508 37 62 261 78 54 190 36 48 188 7 22 257 125 104 13 32 83 12 118 82 4 1 16 49 122 195 57 118 34 9 1
