500 3 2
40 13 14 45 19 63 90 33 27 47 85 94 77 99 92 61 89 44 31 16 37 13 47 40 13 41 17 75 30 1 42 93 76 58 62 2 99 4 99 84 23 85 62 3 31 20 43 57 7 95 76 93 17 56 78 25 81 52 46 29 3 49 97 8 27 78 72 12 31 26 84 92 8 30 77 93 66 58 46 85 68 44 52 8 39 57 2 5 38 18 41 38 27 49 52 95 61 78 54 12 60 48 46 42 64 64 35 99 72 40 18 65 59 9 48 1 72 51 48 83 86 14 58 64 32 21 21 22 33 96 15 33 54 92 5 82 59 47 18 70 70 79 19 16 41 56 83 31 39 91 19 82 42 64 97 42 92 10 32 94 26 20 4 37 57 44 18 48 61 26 82 3 79 30 84 42 55 93 61 40 23 36 61 19 86 70 98 42 84 70 20 63 72 77 25 28 96 58 49 4 84 62 90 45 51 61 37 39 8 81 26 20 32 87 40 61 11 20 63 6 13 66 67 4 52 30 25 22 20 69 53 12 17 68 76 81 96 79 17 90 14 93 58 41 83 26 46 76 15 93 98 81 70 73 71 43 16 82 31 48 40 49 99 91 8 23 72 98 23 40 38 6 8 55 46 12 15 37 4 25 65 61 78 43 57 3 78 2 85 29 88 23 51 81 87 69 19 53 61 77 31 9 6 76 98 15 78 66 6 32 64 35 38 46 26 89 34 2 93 43 36 75 41 87 9 59 45 66 46 47 81 29 57 94 76 88 62 67 3 90 60 90 87 33 9 62 13 94 16 19 67 17 50 85 91 28 83 54 66 2 45 27 80 22 74 94 9 26 91 71 33 37 84 86 3 68 4 58 67 3 22 8 28 36 51 11 63 52 45 95 79 29 80 51 16 93 96 76 95 27 27 15 99 10 77 50 57 97 45 4 82 12 25 63 51 93 11 31 72 3 67 63 44 46 88 13 28 11 3 93 45 62 12 91 38 56 23 34 16 41 26 46 78 83 59 45 81 50 45 39 11 30 70 6 84 21 62 70 4 51 67 43 93 4 24 81 75 51 40 80 53 71 73 9 90 4 13 28 56 24 4 44 88 7 98 66 80 84 60 55 84 71 55 38 65 9 87 98 51 32

66 3 14 6 57 11 71 54 10 10 35 39 10 18 8 29 1 13 6 34 23 5 4 31 19 40 29 15 11 4 10 60 12 15 47 20 4 41 34 55 46 14 48 21 1 89 5 19 10 6 28 20 68 11 5 4 10 35 13 31 53 2 67 3 7 8 2 41 11 47 36 66 50 15 1 4 16 23 40 33 39 39 23 27 7 15 59 41 18 8 1 39 21 5 37 7 54 20 13 49 7 18 35 41 48 44 18 9 25 2 51 3 35 30 56 2 2 25 71 14 30 51 11 39 42 11 20 2 5 16 12 33 10 83 6 73 10 11 54 53 27 52 40 25 10 5 23 44 56 13 1 66 5 39 36 11 7 8 11 13 3 30 57 4 30 22 49 8 7 22 13 4 69 39 12 4 15 29 7 12 5 14 7 5 52 5 34 20 66 25 44 22 25 42 29 40 22 13 47 74 25 12 48 1 30 41 45 74 33 41 2 32 50 12 8 11 47 19 17 84 22 23 44 7 19 15 21 4 6 12 73 13 26 10 37 10 2 53 8 7 41 1 24 35 11 5 18 21 35 25 5 23 6 20 32 30 2 54 20 22 55 12 24 5 21 51 4 16 36 11 37 11 99 52 14 9 7 75 42 25 9 35 32 10 36 25 55 5 41 13 12 6 73 1 16 30 56 10 24 54 16 52 20 3 9 27 41 5 37 7 7 5 24 36 17 30 9 15 14 2 6 5 11 16 22 2 33 18 1 54 10 48 27 32 35 26 36 46 20 23 64 5 46 30 56 10 28 4 30 65 40 23 18 21 32 17 16 7 5 28 26 19 39 19 14 15 36 33 6 48 25 4 49 8 8 7 22 40 48 14 6 73 57 16 41 35 36 7 2 11 4 57 14 15 18 36 9 40 1 38 17 25 4 11 52 37 62 2 33 35 14 31 2 9 2 10 28 15 29 11 26 32 3 69 65 15 22 69 23 41 12 21 30 9 49 17 31 45 33 7 43 32 40 50 13 40 64 59 46 1 25 6 42 24 29 21 22 8 4 41 15 9 2 70 10 44 2 56 27 6 4 46 36 22 39 10 59 8 13 41 49 10 22 8 8 85 11 11 21 4 7 59 23 31 36 3 56 48 62 38
93 38 30 23 83 38 83 61 21 22 47 44 21 30 50 62 26 15 68 57 55 50 18 50 44 66 47 39 70 36 95 62 14 33 71 74 8 89 74 79 78 18 66 69 30 95 67 19 67 22 33 33 76 32 9 38 61 75 71 76 87 78 73 5 13 34 13 50 19 92 55 71 54 34 62 33 58 26 44 36 43 66 36 80 51 48 65 64 28 10 30 41 31 17 78 8 55 41 62 87 75 45 42 67 79 72 49 14 31 7 63 74 65 84 92 82 66 28 74 40 31 68 71 39 72 38 23 7 23 16 35 68 11 83 9 75 46 42 55 79 64 87 80 72 67 7 28 85 70 48 67 69 18 59 74 11 11 19 29 57 7 34 80 49 40 38 86 77 15 55 16 28 81 53 21 37 19 81 88 35 61 51 70 88 58 40 83 46 68 83 74 26 86 94 71 68 65 69 66 84 38 41 50 48 68 75 83 82 87 42 26 59 57 23 41 11 77 56 79 89 75 66 50 78 26 38 63 30 17 31 78 31 67 18 46 16 48 79 22 36 72 5 78 45 57 18 20 50 75 56 26 50 27 22 61 45 52 68 98 75 56 18 44 20 71 61 37 18 52 37 66 42 99 58 37 35 8 78 70 39 29 78 40 25 68 45 78 25 58 21 34 59 79 6 40 53 59 17 47 86 39 71 21 19 16 46 82 25 77 77 12 26 33 50 43 50 19 92 24 34 22 34 74 58 88 28 55 34 14 58 88 54 75 36 76 29 85 68 90 72 65 31 51 77 86 28 35 67 79 85 63 95 24 68 40 81 22 30 66 38 29 77 52 39 38 44 60 36 23 48 68 14 52 65 89 42 39 61 56 48 38 77 79 31 76 63 39 30 25 38 83 81 68 74 81 41 33 95 3 60 63 32 38 76 53 95 82 58 46 55 82 50 29 33 9 14 65 24 54 24 62 72 74 94 85 49 66 94 32 41 65 39 59 22 51 23 31 46 60 88 69 45 63 77 21 80 79 68 48 16 46 44 57 46 52 93 40 87 21 86 57 44 74 74 64 66 24 56 27 59 62 59 43 43 44 13 65 45 57 72 52 65 30 46 23 89 75 63 29 45 15 76 35 56 57 8 80 60 91 63
94 44 53 90 91 48 89 62 77 84 74 58 26 48 89 78 80 63 94 72 55 62 18 91 60 77 70 92 96 95 97 73 94 61 93 99 40 91 75 90 82 38 79 79 100 97 90 98 69 34 59 94 87 61 21 89 89 90 82 89 88 92 91 65 54 89 97 79 63 93 78 87 57 43 93 34 70 38 80 93 63 87 69 89 98 74 90 67 89 79 86 77 90 30 87 93 74 42 74 99 94 53 68 70 81 76 56 77 55 49 87 77 94 98 98 85 92 59 87 60 70 85 73 45 84 44 59 39 24 85 83 92 42 94 53 100 74 79 84 96 66 99 83 97 74 84 84 99 99 94 88 70 87 99 92 66 98 26 94 68 75 74 97 56 97 83 100 98 20 60 53 89 86 65 74 62 87 85 100 82 69 80 85 91 81 66 86 80 82 87 100 42 87 95 75 96 95 83 74 100 98 68 98 59 74 80 85 90 94 53 92 68 65 51 71 86 85 69 89 89 78 94 72 82 52 69 74 98 66 59 89 75 99 23 86 93 79 96 38 89 96 34 81 62 87 57 89 100 83 59 82 91 99 95 76 72 60 98 100 90 59 88 77 90 75 76 64 38 90 67 67 85 100 89 99 56 77 84 88 55 39 95 98 77 76 97 99 45 60 31 89 63 98 13 54 97 61 66 52 96 71 98 69 98 18 61 87 52 83 93 41 64 80 77 46 61 31 93 47 61 65 99 80 66 93 54 79 44 43 70 90 72 88 53 76 83 100 70 98 94 80 35 81 94 94 47 50 78 97 94 80 99 59 88 48 88 61 36 81 50 74 94 61 39 69 98 66 42 50 58 96 52 79 66 91 47 86 68 97 70 81 81 89 47 81 92 41 94 32 92 96 86 96 89 87 85 90 96 65 90 64 73 94 90 57 98 91 72 59 79 90 91 41 48 49 46 81 77 88 81 76 75 93 98 91 75 67 100 38 97 92 49 65 37 64 48 62 76 95 100 97 91 64 100 97 92 83 87 65 73 95 58 98 63 82 94 55 99 95 93 94 91 80 98 78 68 33 64 62 63 71 84 91 71 54 47 91 58 87 90 73 83 94 96 37 99 85 84 99 89 44 81 65 91 60 74 98 81 96 90

43 39 68 49 3 6 13 5 86 16 21 17 1 59 70 43 26 62 46 32 1 54 46 88 44 30 2 45 64 10 12 29 40 21 38 29 6 46 24 1 17 1 30 16 54 8 44 58 31 74 9 12 21 12 23 28 49 33 23 15 26 20 16 1 30 4 59 71 37 45 1 30 60 34 20 52 66 31 7 1 3 76 15 7 67 41 47 7 63 76 38 9 11 6 11 25 11 72 47 37 24 33 49 68 7 1 2 52 7 58 58 14 56 58 35 4 59 31 19 70 34 24 35 11 30 65 25 41 27 24 20 3 2 26 32 31 19 11 39 11 14 65 70 3 16 20 54 78 16 64 67 16 46 32 22 17 13 10 57 37 23 4 10 7 22 83 22 4 72 8 15 5 44 57 61 22 41 31 55 79 5 14 40 34 32 64 41 60 39 8 18 37 9 13 31 22 58 18 13 59 23 19 7 40 73 16 22 5 73 9 11 42 81 54 60 44 39 19 94 33 18 61 79 82 27 13 8 21 25 14 21 67 57 8 18 75 12 34 7 14 27 37 6 73 55 35 32 33 16 78 32 37 57 50 16 8 56 96 51 11 22 20 78 16 60 2 37 53 41 15 31 18 12 65 9 53 80 13 35 5 9 14 62 32 66 31 50 7 15 7 4 61 23 26 26 38 20 19 43 30 40 26 24 28 10 53 71 30 40 54 39 12 5 23 38 4 12 3 13 8 69 43 70 64 6 53 64 68 20 41 30 58 8 13 7 19 1 14 7 51 22 63 40 70 30 10 63 54 59 77 53 77 17 17 25 45 52 7 55 17 42 7 47 51 70 5 70 17 64 75 49 46 3 67 16 27 14 71 66 8 16 2 57 7 8 31 9 38 47 69 4 19 36 43 7 17 34 14 51 52 11 43 11 33 28 38 16 59 48 43 4 20 35 72 26 12 39 41 8 21 23 22 19 7 66 12 23 27 18 21 30 14 31 70 9 33 63 87 68 18 98 3 34 11 3 8 52 18 17 51 17 54 77 36 9 21 31 86 6 15 71 56 29 74 4 63 97 49 84 58 30 19 39 1 5 70 2 20 14 2 4 41 34 74 6 45 6 33 9 36 29 7 1 51 44 11 15 30 8 58
76 46 71 70 52 18 49 78 91 58 61 63 15 62 95 90 50 68 53 96 70 55 99 90 76 51 32 80 82 48 93 85 54 40 93 40 69 47 36 31 94 53 33 70 79 87 61 87 52 100 86 49 97 99 47 52 70 89 27 46 31 74 70 58 79 48 60 92 50 51 70 76 95 85 21 87 87 100 69 74 92 93 51 13 85 82 98 46 100 83 40 15 76 31 55 26 98 73 59 71 38 34 64 68 20 67 20 61 90 75 70 50 100 89 43 8 100 76 51 74 41 55 76 68 95 68 62 64 71 27 42 34 95 66 46 86 21 11 54 32 94 99 78 99 81 83 72 88 38 87 99 47 49 54 23 59 28 93 98 97 66 99 88 95 24 91 55 71 97 91 35 38 98 70 73 34 88 84 56 80 14 89 67 47 66 78 54 82 54 28 43 54 97 70 85 87 66 57 32 68 62 60 84 78 75 67 82 62 73 53 28 46 95 66 95 66 79 69 94 80 92 91 91 92 63 89 81 59 43 95 90 76 96 86 87 79 37 91 15 66 43 52 88 92 78 57 54 40 92 88 59 46 69 76 65 46 97 98 84 95 44 90 99 73 95 86 53 94 99 35 64 74 86 77 45 58 85 23 85 45 67 27 65 74 76 51 82 96 74 63 37 69 68 61 46 69 66 65 76 35 47 92 99 35 34 59 73 31 80 79 43 73 68 98 84 31 28 61 42 63 77 58 79 87 90 94 79 83 31 79 68 69 61 100 99 19 69 43 98 80 52 81 68 91 47 81 78 95 80 88 72 94 65 49 94 98 58 93 89 87 91 68 85 83 81 25 82 19 99 95 51 71 100 74 39 84 66 79 72 35 33 67 96 87 71 36 63 83 75 86 93 99 47 47 32 31 35 32 77 82 16 49 13 70 47 88 24 96 91 63 56 89 48 84 71 52 80 85 50 93 98 83 81 45 80 22 76 43 88 94 36 74 56 81 90 62 93 92 95 65 99 94 66 73 42 88 57 86 36 78 28 71 100 77 87 70 46 90 74 93 84 73 92 81 28 68 100 56 92 68 58 33 44 77 55 83 47 93 19 9 100 54 65 74 39 97 11 45 15 85 38 59 63 85 80 54 84 98 71 91

627 293 1786 2070 733 1159 2656 1012 1931 863 210 1034 188 1102 1063 1795 3772 673 1590 1336 2765 1217 811 1116 1984 2298 697 1085 920 719 291 1308 182 864 3495 3198 189 1104 2484 128 257 522 290 429 1694 2475 898 1288 2527 2691 1001 206 2156 846 535 202 487 3542 1049 3215 569 3483 1597 377 355 810 1596 345 250 1064 545 194 3791 2990 164 508 903 390 261 1399 5360 356 902 6183 246 1563 1762 271 3702 1794 2664 3344 1193 206 4393 377 3812 271 978 310 3374 2410 2581 357 452 1764 842 997 2557 2924 776 85 200 1344 434 1307 134 1059 918 83 2388 4143 681 109 1650 2945 1529 768 1149 845 180 809 4757 212 499 4999 4380 332 1269 291 500 740 1872 404 1074 495 160 2126 1434 820 1152 178 555 457 2614 665 1737 1906 491 1575 91 1759 1531 2445 1892 88 1558 3249 929 912 1534 5809 1504 276 622 489 845 2084 2261 378 794 2510 64 411 1042 222 4634 120 818 2799 1924 4105 3339 345 33 1648 2284 380 745 6245 757 957 473 4219 526 347 366 3454 3050 553 3041 5158 122 1487 1224 310 3083 2313 507 155 942 783 211 5342 977 1569 1481 1131 2973 116 445 2625 3026 4703 305 1120 2074 862 650 354 1618 378 6276 601 542 463 8183 5018 380 1735 925 85 3114 232 1202 521 806 945 312 3709 701 2571 5777 1003 1004 807 151 2788 450 1597 4018 604 674 2496 1690 2362 81 573 197 4053 361 843 2239 130 628 140 818 289 284 3905 1476 962 2029 1787 5714 1262 475 1618 83 1046 3635 711 1851 5616 278 1437 428 2048 8 1421 110 1849 1956 3033 789 780 1756 491 2210 1368 3478 2398 470 1132 1932 856 2061 614 1768 627 273 752 269 1390 1244 186 508 1593 1735 778 403 2145 903 780 1029 94 2547 551 361 1276 1364 366 590 544 1046 690 994 994 2117 1955 2815 165 2433 2163 1517 374 982 1205 5248 613 1452 382 2959 3997 593 177 560 2787 235 5200 1026 2307 1034 736 6468 974 2414 57 4518 248 108 1040 2249 1765 1769 402 593 204 1788 1346 493 1131 4094 4525 4775 258 1283 299 1357 284 427 248 1492 172 273 3617 3288 480 380 1663 1275 978 116 2640 3573 2155 65 800 1044 2308 46 689 4178 835 792 6406 1787 2124 720 2517 2095 1049 783 846 876 6150 1669 558 386 5932 1136 142 621 504 1870 962 2404 283 981 5347 1367 1884 995 1537 1944 613 2470 938 1340 150 1067 3792 1186 1278 436 2404 2383 2451 792 1770 2288 1548 1656 1778 7117 713 1628 1455 324 102 182 1756 2435 2977 582 1234 2679 822 526 181
3838 607 3854 2237 3591 1345 3280 2140 2773 5907 1215 1988 2039 1536 1805 2298 6448 1090 2152 1970 8185 5722 1081 1189 2188 3442 872 1300 1949 7291 520 3792 1849 1206 6150 3593 862 2462 2630 772 1849 622 852 2226 2783 2562 1482 2243 5787 4239 1503 917 3380 913 2070 1378 690 4144 1493 5697 878 3575 1626 2182 1968 1621 4890 438 838 1888 3046 920 5752 4042 2706 1498 2161 1270 981 1480 6501 385 2879 6772 634 7927 1872 4681 4618 2898 2972 5782 2116 2474 5244 1406 5559 1668 1564 562 7440 6164 2617 2571 1756 4965 2609 1620 4084 3328 2557 2221 2681 4599 2299 2033 1136 3422 1845 373 2454 5032 3600 1811 3870 3517 1856 987 4062 4149 2063 1670 7071 3036 9288 5245 9033 1718 1923 1197 928 1518 2408 1814 1883 1756 918 2637 2698 1234 1750 1390 940 1431 7748 848 2853 1987 1105 1847 7299 3241 2336 9277 8166 203 3455 3776 1786 1197 1657 6431 4142 2488 2051 1007 1933 4258 3964 2151 1620 5393 2784 441 2349 6794 8375 5004 7337 4192 4786 8780 4005 909 337 2701 5527 416 4069 8660 1531 1618 2235 4329 1413 1360 1140 3602 3401 1305 5287 7294 162 1520 2064 8293 3205 2814 1503 1753 2125 3473 656 5659 1907 3459 1638 1174 5909 886 1058 6704 3236 6598 2458 1648 2129 1163 725 427 3248 1155 7349 1386 1523 2165 9118 7403 4099 2573 2639 290 3958 672 1307 2089 2778 2363 510 3757 1084 6202 6166 1275 1573 942 530 6347 1398 1674 6469 1095 1827 3155 1989 2502 169 970 1414 4054 1625 1479 5457 2323 1625 1262 4690 5376 536 4815 2488 9204 4086 2860 5739 1925 532 2085 816 1672 4068 3095 4153 6195 2120 2024 5968 2773 7086 1861 2055 5876 3322 7015 5268 3532 2012 1438 6102 1459 4764 5161 1364 1680 2122 7646 4032 628 2119 2916 813 998 2908 2237 1971 1565 2984 5624 1928 1630 1122 3013 1483 1856 1391 857 6103 655 5962 1909 2171 4929 1683 1387 1268 1324 2836 2304 2190 7092 5424 1221 8196 7486 2874 1032 3799 7429 8353 1239 3095 4712 3333 9343 892 6112 1733 3071 627 5317 1711 3942 3783 3063 7173 1322 2431 387 5204 758 1071 3230 2308 4553 2457 1909 1168 440 3545 1449 2247 1388 8239 6309 6627 784 1496 2808 3802 1498 472 3705 2163 4810 366 3870 3366 2285 415 1866 3463 1194 147 2673 3708 4840 257 810 4801 7591 2165 1486 5590 4941 1054 6745 8361 6138 2934 4482 4529 1145 2394 2036 1337 7143 6126 1732 1484 7797 1834 1161 6886 1368 1877 1027 4270 1125 1221 7491 3603 3940 1068 1821 2933 1029 2971 2132 2774 380 6338 6959 1826 3598 861 3915 3244 3865 5878 1803 2459 3589 1684 1900 7539 1538 6983 1807 1577 691 406 2418 2613 8841 603 1629 3716 1271 2358 3155
5264 4969 4078 2462 4936 4512 4521 2525 8565 9429 7736 2176 9468 1753 7261 3988 7154 5282 2683 2266 9971 7161 1273 1535 2287 7020 3531 2097 2186 8166 1477 6876 2529 1901 6899 8054 4326 4856 2914 1974 2241 1629 1614 2241 3097 3239 1488 2397 8476 4630 6993 2267 4954 2318 2139 1839 2221 7741 2357 5824 1976 4883 1684 3549 4665 2025 4924 2090 3113 3176 3965 1863 9379 4546 9697 4673 4614 3317 1429 2518 6993 5604 3758 9262 648 9504 2935 8300 4677 4943 9892 6346 2120 3650 8086 2145 7854 1878 1710 1967 9625 9512 4908 2673 2974 5729 3806 2147 8461 4168 2725 2476 3509 5007 2357 2359 1381 3891 1861 3476 2580 8199 5070 2297 4884 3638 2530 2490 4767 4648 8357 2089 9840 4065 9369 8896 9664 2311 1929 1661 2163 2483 2444 2366 2104 2121 1433 7935 3848 1498 2008 3690 1663 2081 9021 940 8940 4332 2227 2584 8617 4335 4073 9840 9784 3921 4809 4848 4771 4240 2237 7495 5767 3968 2200 1637 1969 4968 4611 3070 2245 8675 4863 1879 2603 9091 9017 8741 8826 4221 4881 9702 4281 1952 1194 2704 9534 1892 4152 9674 5025 4369 4799 9912 2490 4633 1774 7015 3619 8328 8718 8568 677 1581 2108 8954 8936 4458 2022 1889 4594 4575 1723 7178 4362 3574 3587 1229 9782 1002 5020 8270 3240 7296 2480 2736 2558 2123 2197 1397 3898 2590 7718 1871 2110 4739 9921 7517 4968 3631 4751 536 4142 2462 2346 3720 2998 3160 1922 4803 2927 6664 8452 3758 2950 1224 2090 9196 2154 6626 8584 3729 1943 3875 2110 4406 2226 1566 3016 4484 3047 3321 8519 2566 1690 1467 7249 8540 1260 9713 6807 9810 4231 4939 6431 2136 2228 2536 1727 5970 4526 4215 4429 8961 2426 2513 8897 5896 8139 2960 2109 8364 7387 8583 7478 4372 2513 1796 8737 4949 8300 9605 2059 4926 2281 8594 4974 643 4623 4024 1608 1138 4586 2334 2106 1759 5005 5805 2490 2237 2108 4912 2373 2054 3203 4108 6567 1144 8299 3714 2500 7415 2357 1526 2355 4823 4527 2311 2454 7557 6413 1803 9464 8681 5079 1327 5499 7832 9788 1507 3329 7756 6400 9731 2223 7473 2483 3785 836 5745 1924 4135 4818 3217 7624 1508 2520 502 5902 1133 2155 5030 2932 6641 3940 2254 1791 733 3607 1530 2269 2496 8693 7633 6719 2324 2509 4792 8876 2675 546 4602 2475 9715 1953 9117 9502 2339 1306 2561 6811 1825 439 6085 4700 8269 471 2091 8587 9426 2540 1882 7156 5002 2244 7568 9048 8792 3420 6934 4565 1534 4697 2320 1869 7225 8768 1810 1792 9949 6518 1413 8894 1761 2091 1779 9897 1782 4060 8496 3875 5163 1545 4790 8812 1089 3084 2304 3951 4149 7686 9064 6920 4942 1521 4314 4443 4218 8823 2225 2512 4933 2098 2452 9025 4926 8754 1818 2663 1066 9489 4991 7945 9701 710 1726 5901 4009 2360 9797

465 285 1352 1194 408 276 2338 780 1762 857 159 730 107 785 1008 1086 515 658 1106 1196 1278 552 392 1000 1866 2175 519 1051 561 677 248 824 178 297 2700 3075 123 226 1512 111 104 402 236 367 1659 2027 558 816 592 2023 964 157 1927 533 514 23 195 2318 848 3000 449 1274 1547 322 342 457 1151 257 97 628 446 101 2703 1086 148 100 737 318 260 856 4887 174 454 5657 158 1050 590 138 3525 470 1007 2973 1144 102 4205 200 3042 177 966 219 1897 1079 2164 214 402 1359 690 985 1991 1520 469 61 183 728 181 237 125 987 654 49 1060 4005 298 95 1467 2262 1168 643 581 757 151 513 4084 102 45 3568 3094 330 691 161 283 712 970 401 476 355 107 1524 858 477 772 138 411 226 1060 391 1210 1499 290 827 86 1443 1521 1495 111 85 636 2095 441 759 762 3249 1284 200 453 290 602 1741 908 340 555 1364 59 322 909 183 2680 64 234 2365 1512 1269 2023 270 20 1028 1633 115 540 4131 174 412 167 3823 418 227 101 3238 1175 273 2803 2506 84 728 973 173 1899 2294 366 142 914 723 82 4348 838 198 1332 692 2870 98 270 733 1064 4644 140 326 1525 330 385 225 1120 278 6115 365 351 100 7132 3635 320 411 684 81 3085 85 484 351 751 906 91 3668 400 2381 3033 401 751 724 116 1920 270 1185 3577 547 379 991 1063 607 62 565 147 3185 341 465 1418 111 527 8 428 120 244 2569 1197 839 1035 1079 4625 1120 418 234 38 795 3297 550 1663 5492 274 321 321 1713 3 691 41 994 1161 2900 780 724 1612 341 1856 831 1376 1011 289 660 1379 502 1986 241 459 257 214 726 205 1144 1101 171 425 387 890 461 373 1733 587 522 585 65 1773 525 221 1275 1084 191 197 343 1026 680 444 931 1681 1418 2808 163 1409 1441 1001 280 970 647 3604 260 1440 321 2360 1594 322 152 404 2134 101 4726 724 1544 522 570 3687 560 1782 52 2484 118 97 947 2218 804 1032 342 499 159 1782 1090 213 796 3406 886 3203 254 1063 276 1113 238 189 241 1475 49 217 2574 2580 407 333 1243 1204 871 51 1919 1981 1059 50 580 1039 1644 29 209 3860 162 112 4238 916 824 179 1036 2093 964 683 731 747 3795 1619 199 252 4075 605 117 254 220 1763 920 2099 120 403 3481 644 1536 628 642 1563 518 1240 767 539 146 859 1774 406 847 284 2277 2123 1407 269 1338 1558 137 1242 1615 5200 407 1185 557 205 55 164 1402 80 2917 337 1075 2637 440 268 100
150 270 618 350 197 76 1401 80 1227 418 26 538 16 457 771 543 337 483 198 10 690 428 27 662 1800 1380 499 713 409 386 126 596 77 147 629 1027 77 206 1303 44 58 71 141 153 1256 1876 424 628 310 934 840 43 7 353 297 19 181 1308 569 1348 63 817 1065 58 183 346 167 195 8 219 213 51 1877 333 138 11 360 163 142 647 1029 137 157 3228 82 434 116 84 2260 305 41 111 315 37 1042 92 1320 46 472 96 237 731 1327 145 395 806 360 387 1981 947 398 37 123 343 1 76 23 294 95 6 502 3456 134 85 1448 1869 441 579 29 477 131 333 2274 72 20 270 1122 286 259 116 38 522 84 171 70 119 79 95 461 146 82 93 125 192 461 389 1196 1430 218 250 60 64 1269 1315 78 48 381 1764 244 243 651 1006 31 69 91 181 92 470 66 328 47 201 27 110 238 32 1259 44 140 2261 1164 36 1142 233 5 157 452 106 423 2561 30 7 47 1550 166 142 32 65 908 265 995 1194 79 689 1 119 1473 1602 292 112 80 64 33 615 92 94 1142 625 1694 87 238 347 243 1354 82 4 1154 184 216 148 239 263 4005 254 341 62 331 341 22 108 551 2 357 27 273 103 311 860 9 1486 255 2272 2399 47 7 185 30 151 111 915 1100 403 208 160 502 393 59 205 89 401 49 266 633 92 85 5 316 31 96 718 611 185 497 538 2439 382 337 2 15 68 2080 505 1232 3419 203 206 97 1371 1 116 2 223 901 1289 390 389 911 183 360 748 761 27 18 436 908 368 87 80 256 27 135 260 189 395 692 29 386 205 560 454 226 1117 262 121 351 60 695 177 219 930 875 116 112 227 192 270 25 656 1376 1287 347 23 1331 959 589 65 397 217 237 238 608 296 492 787 87 87 88 1374 76 943 423 472 441 5 2461 302 1232 13 133 90 61 936 602 682 890 208 99 78 1065 1079 146 534 507 61 776 36 34 27 421 210 103 215 1329 9 48 206 2548 154 109 605 78 170 12 107 1655 721 25 360 517 282 15 69 2378 99 15 775 903 530 74 1003 1365 542 260 573 200 937 1487 194 33 1407 418 70 120 172 685 67 1866 47 223 2832 14 1427 262 356 446 471 345 96 109 13 127 1656 69 822 169 689 765 822 250 167 1272 118 70 340 4793 102 73 316 87 32 55 400 65 2336 180 271 2235 77 93 9
