500 3 2
36 84 52 77 53 86 26 13 86 81 8 8 4 98 7 41 24 18 86 20 78 50 23 97 85 13 84 58 8 79 79 26 71 11 45 89 95 60 92 18 29 5 7 3 24 41 38 10 16 76 18 41 77 87 3 32 15 28 48 44 39 33 47 49 30 58 55 60 58 10 34 24 65 72 31 33 82 89 76 89 4 46 39 35 17 72 99 4 25 55 76 27 59 21 84 61 70 18 55 94 33 79 51 32 90 43 56 60 37 17 66 79 8 38 4 96 62 11 66 43 19 67 45 83 14 32 59 50 76 31 20 56 99 86 29 96 53 86 80 1 92 55 72 20 10 35 17 88 91 42 54 19 61 8 32 90 33 8 49 21 64 99 72 63 56 34 52 35 20 66 44 72 78 10 14 92 51 33 44 78 21 65 16 53 23 25 22 7 15 7 11 29 63 6 96 3 58 75 26 31 17 98 96 80 40 75 39 50 22 26 93 36 10 21 62 73 64 23 47 100 25 58 16 60 57 34 91 46 44 4 82 39 63 96 55 79 92 8 25 80 41 22 28 66 3 3 88 31 66 29 21 86 79 8 2 28 12 6 91 56 42 46 63 57 47 60 55 94 70 78 80 45 73 69 75 87 69 81 61 36 86 12 23 92 73 1 92 57 23 34 9 91 44 36 46 11 89 84 18 15 95 70 40 79 42 41 76 60 8 48 67 3 53 22 3 14 25 92 67 50 11 72 43 73 51 32 48 71 2 74 12 2 81 81 5 42 95 25 81 63 12 52 85 97 3 62 61 46 65 23 44 44 84 88 7 65 31 30 95 37 73 63 62 28 42 81 11 9 98 39 29 50 99 78 95 25 77 2 50 25 56 87 55 30 5 89 95 62 29 44 15 7 37 42 27 53 53 94 90 9 81 99 86 100 53 42 28 70 11 37 69 50 79 55 78 39 55 88 79 93 63 9 86 95 62 26 48 95 11 35 3 73 66 3 59 27 54 16 47 78 76 43 13 64 62 27 85 58 46 2 58 9 56 71 64 70 11 18 53 97 67 51 84 53 27 37 68 56 96 8 5 85 9 99 62 92 6 23 13 10 5 39 86 82 94 73 57 12 98 15 9 51 3 8 65 70 3 46 99 42

8 4 5 9 7 18 5 8 7 23 24 40 23 11 16 33 10 26 7 2 52 62 59 11 9 8 52 1 40 23 2 60 9 15 43 35 28 63 4 40 18 21 2 41 29 19 30 11 27 29 5 10 12 67 1 37 13 3 15 3 32 38 15 15 6 3 13 12 12 22 28 24 2 13 46 38 19 8 27 6 21 18 13 37 45 62 5 87 22 11 28 5 15 3 24 3 53 11 14 21 78 22 8 8 26 33 8 16 3 22 19 56 7 42 15 3 2 24 15 15 20 4 41 20 1 40 6 23 5 17 8 37 25 9 11 16 18 30 49 1 14 2 30 47 49 28 2 2 24 22 26 39 54 72 22 27 48 6 4 40 6 38 60 18 23 9 8 43 29 47 49 31 27 18 67 39 10 20 69 11 4 43 44 9 3 55 76 47 32 32 2 25 52 15 19 34 6 23 21 17 15 10 28 16 32 1 3 17 30 29 12 33 7 2 60 29 36 51 54 52 27 11 26 18 9 14 20 37 74 17 22 7 21 21 16 31 3 18 30 22 13 4 12 22 14 39 33 33 9 2 45 3 29 11 24 3 30 26 28 64 46 12 24 34 7 40 35 2 12 52 10 13 15 22 19 41 52 90 2 13 5 9 14 8 27 19 66 13 23 61 33 68 44 8 23 55 6 44 39 7 36 24 50 27 22 63 32 36 62 32 1 26 2 3 13 20 45 31 4 20 6 38 8 3 33 2 5 45 12 7 3 41 32 10 7 44 29 41 65 13 5 21 4 17 33 7 49 7 17 16 8 11 17 11 15 7 20 16 4 4 13 24 1 7 11 9 31 68 53 13 4 7 8 14 1 14 16 26 33 16 2 1 3 46 4 1 13 9 28 4 26 24 8 21 24 34 2 5 78 40 17 20 19 2 20 45 26 63 62 13 14 88 7 64 21 33 8 3 57 8 13 52 21 42 66 5 19 1 43 6 32 6 24 76 39 33 38 4 7 53 3 6 12 1 85 27 15 68 17 4 9 54 43 3 40 11 65 38 18 2 51 29 18 57 23 24 34 37 14 4 9 12 16 2 24 30 37 9 5 64 47 38 4 4 25 8 44 3 27 18 16 1 23 17 1 17 15 49 4 29
13 24 47 53 95 60 65 90 29 60 70 42 49 17 24 67 23 26 53 13 79 70 89 72 29 19 53 27 54 27 6 69 58 51 48 40 55 65 50 53 76 56 95 48 34 44 36 47 52 54 66 34 13 71 61 48 34 27 29 70 33 41 52 80 11 10 27 19 28 40 38 60 63 25 93 78 72 42 73 61 35 20 14 76 48 64 64 89 36 34 31 32 31 41 78 38 95 17 21 24 86 56 44 61 35 55 8 33 47 39 40 81 36 98 34 64 44 45 91 65 31 27 64 36 10 68 22 68 45 21 36 58 51 51 31 37 22 70 56 13 32 6 79 79 71 45 23 6 30 63 49 52 74 75 31 45 65 36 18 70 45 51 69 59 76 81 15 51 33 74 76 91 51 74 72 64 20 55 73 26 8 77 68 23 45 70 83 64 48 52 17 75 77 28 86 34 20 26 64 28 30 36 66 30 37 27 28 18 41 42 51 90 59 4 64 30 100 66 59 65 44 13 28 22 10 71 22 41 75 55 28 26 58 50 43 37 48 34 67 53 38 19 32 37 46 66 47 48 70 29 78 60 30 60 34 12 33 61 31 72 64 28 83 42 9 68 35 34 61 83 31 38 65 71 69 66 55 98 35 65 73 31 54 59 45 78 77 58 38 73 55 77 54 69 33 82 10 51 76 88 86 54 78 85 37 70 32 44 88 72 56 53 27 15 60 67 57 56 38 29 9 46 56 17 47 51 58 53 66 42 20 45 60 33 45 53 52 81 69 19 22 61 23 43 36 22 58 34 21 56 18 50 21 12 67 60 52 45 30 10 81 44 62 12 42 21 66 84 74 23 40 33 31 25 38 43 17 62 76 67 54 2 41 50 20 44 18 80 77 60 62 34 22 30 68 66 15 7 91 67 92 25 78 25 39 85 56 70 66 18 32 91 44 84 35 80 76 49 75 58 15 55 37 84 83 39 66 25 66 14 64 70 54 83 46 45 49 45 30 69 7 38 16 4 88 49 34 69 36 29 20 70 44 47 65 15 85 47 42 5 51 43 23 64 36 62 58 88 36 34 22 36 37 47 60 38 60 19 33 67 67 90 8 43 80 20 57 21 30 34 49 40 60 54 22 76 20 63 28 42
56 60 89 68 100 100 78 95 32 88 70 70 54 52 69 78 62 40 86 82 87 73 100 82 39 94 97 97 60 85 95 69 60 99 100 67 87 66 54 72 91 97 97 58 98 49 45 52 74 97 90 82 39 72 87 60 53 38 98 94 65 74 75 85 33 40 75 22 34 53 97 75 74 36 97 97 81 45 75 87 53 63 92 93 61 74 98 94 38 34 86 90 85 73 99 74 96 55 62 44 92 93 88 95 92 89 85 65 90 63 92 91 48 100 94 79 86 86 91 82 83 38 90 82 44 80 26 91 47 44 55 63 67 79 58 48 74 91 78 26 96 81 97 93 77 80 58 46 97 95 92 98 74 100 47 67 100 86 92 94 81 73 81 97 90 94 33 94 78 84 93 99 86 89 73 93 60 98 100 30 72 100 81 89 90 94 96 76 100 58 46 76 88 70 93 84 47 56 81 80 59 61 67 33 47 49 78 50 42 60 65 100 90 33 96 98 100 72 99 92 75 90 85 37 57 95 95 49 87 99 66 49 74 91 86 54 76 91 89 88 90 41 85 43 82 95 98 71 99 83 93 89 42 62 47 33 88 75 63 90 71 72 89 50 56 100 53 90 61 86 82 49 99 71 76 100 62 100 91 91 80 96 92 90 56 84 90 61 89 95 56 99 95 75 84 82 39 68 95 90 94 61 87 96 82 88 33 62 95 74 66 66 94 56 61 79 79 64 85 67 41 48 74 31 50 60 72 96 77 62 82 61 79 40 45 84 72 83 89 97 85 82 30 44 58 91 60 62 81 58 58 65 30 63 79 74 100 64 93 43 90 68 75 14 78 87 98 94 79 68 92 57 85 94 72 44 46 93 78 75 78 73 46 75 98 49 49 80 83 84 81 42 65 39 81 95 63 61 100 78 99 58 91 98 58 100 81 82 67 81 83 97 96 85 74 87 84 69 91 94 51 79 46 89 88 97 80 34 92 30 90 73 88 93 71 96 75 61 49 100 91 55 68 22 95 49 53 84 38 32 28 72 93 97 85 85 98 59 52 98 92 94 53 70 95 79 70 90 84 58 80 85 46 97 68 75 75 47 75 77 71 97 29 91 86 74 71 36 85 71 75 89 96 100 93 88 80 99 59 47

38 22 91 23 33 20 66 16 27 73 6 22 60 31 29 83 19 31 36 82 23 66 14 16 6 29 51 29 40 62 24 26 5 11 68 53 68 6 8 39 12 1 14 29 56 7 36 26 42 3 64 52 6 15 22 63 33 2 23 56 42 2 15 37 7 41 28 30 2 10 96 74 20 21 23 49 20 19 48 16 22 66 8 13 8 10 48 11 8 17 75 41 38 12 42 7 21 51 47 3 6 28 59 44 38 60 35 89 8 13 84 37 47 36 31 1 60 1 26 15 11 18 48 41 11 5 56 66 16 24 43 28 5 27 91 44 74 67 15 53 56 28 51 75 29 67 35 89 18 47 35 36 43 7 14 27 59 76 79 55 9 5 8 18 64 15 50 24 51 11 12 30 1 48 59 1 23 16 3 5 14 35 53 37 12 5 29 23 7 13 34 58 69 4 48 2 53 9 27 20 53 10 2 55 6 16 55 21 33 81 8 18 30 68 4 4 52 76 8 30 28 51 54 3 21 39 69 17 27 43 82 5 51 15 52 4 64 59 46 18 31 86 34 36 33 57 20 17 26 14 34 72 53 90 29 28 42 11 16 8 1 21 62 88 14 11 4 61 64 63 51 8 71 2 8 56 3 19 37 6 73 22 39 4 36 16 12 51 29 24 48 55 44 37 26 1 30 24 15 1 50 44 73 2 16 30 68 19 23 45 79 64 22 68 28 49 35 26 39 19 53 98 3 9 19 23 51 3 57 9 26 5 54 94 12 28 34 46 19 86 18 80 25 48 57 22 37 51 74 13 68 29 90 35 15 2 31 49 19 56 73 66 47 55 11 92 4 10 44 4 7 75 91 9 36 6 71 66 5 34 31 44 12 77 38 76 1 29 21 7 37 6 30 48 53 63 36 35 19 44 55 53 29 22 30 21 62 13 68 19 21 68 36 31 30 59 9 16 59 66 37 27 26 54 52 11 4 45 20 6 19 91 34 44 29 41 20 59 35 46 33 49 2 8 74 74 32 31 34 46 28 6 43 72 53 36 9 5 31 48 26 59 40 30 35 18 70 55 75 8 59 6 15 4 24 41 22 8 17 71 46 24 79 21 66 71 55 52 17 10 33 9 16 4 39 68 50 7 5 12
60 66 91 27 67 52 95 85 93 90 6 89 68 66 84 86 91 83 62 88 79 85 27 92 73 90 58 48 70 89 82 64 73 31 83 95 87 57 70 63 69 10 40 90 87 50 82 85 89 13 86 92 16 79 82 65 61 92 56 66 86 37 38 77 64 77 67 98 77 58 100 80 37 75 25 55 41 80 84 27 40 89 28 65 19 59 73 48 99 27 80 60 93 94 51 39 63 74 83 40 72 65 95 61 57 87 53 92 81 57 93 77 56 54 60 70 66 79 56 99 69 51 69 94 20 95 92 93 26 32 50 82 39 42 91 64 74 87 94 91 82 49 96 97 42 68 56 91 56 75 93 65 96 78 92 81 60 95 83 80 79 93 93 70 80 65 100 95 100 13 77 46 38 63 69 10 53 71 99 44 87 47 60 53 73 31 77 86 89 72 97 85 73 85 100 28 81 88 86 53 91 41 55 95 68 28 89 24 81 98 30 82 87 71 33 52 68 82 76 56 79 53 85 20 79 42 74 36 41 70 94 5 78 23 52 28 90 72 96 98 92 88 76 44 42 77 35 50 51 24 65 86 92 92 40 42 61 72 64 65 77 62 83 89 26 45 26 85 93 95 70 67 75 21 80 95 92 86 61 30 86 73 82 21 66 23 71 62 44 92 68 75 53 59 39 12 58 70 59 32 95 77 87 42 83 82 81 21 78 52 81 73 84 88 69 96 92 47 90 42 71 99 95 30 96 100 64 95 84 34 40 63 76 98 97 91 78 56 60 92 57 83 75 58 69 51 90 82 86 48 94 54 91 75 61 93 37 71 67 69 78 97 62 82 49 100 36 93 73 91 7 98 95 77 58 64 79 80 73 55 48 97 18 85 53 88 5 41 79 55 39 37 34 97 93 99 43 82 27 44 97 87 54 45 36 75 81 54 96 85 32 75 65 72 30 60 63 40 70 68 57 68 53 69 77 67 94 78 89 69 98 98 59 62 51 80 35 80 72 73 52 76 8 21 85 82 85 86 74 81 82 81 84 86 93 55 14 22 34 75 43 65 55 41 82 80 99 85 80 29 95 43 22 43 71 96 56 60 48 94 94 68 89 80 82 96 56 67 78 48 72 82 27 47 71 73 54 78 37 61

366 2520 1020 747 4681 1082 1973 498 345 921 128 79 880 1517 907 3343 1214 38 2194 265 620 599 1126 1220 640 4687 355 665 248 483 373 2396 328 1175 5857 3230 427 206 615 2149 2458 557 1890 282 289 637 5053 82 1223 790 2186 1622 1292 197 575 2690 721 1224 231 1925 71 1532 1368 7767 74 601 1564 1650 667 2941 1452 1405 6391 314 171 7559 588 2127 2497 940 1676 77 753 843 370 782 4547 967 1624 643 1122 1599 330 729 149 338 3763 2926 4222 474 425 637 1244 1345 2595 202 392 591 1728 4452 197 1258 1166 125 269 4062 1062 777 846 2263 325 5370 64 8413 934 973 241 1088 147 767 1036 3385 331 2375 1782 1125 2556 1642 346 1323 3051 56 1691 224 530 398 1072 2562 3615 7375 408 3892 1379 1244 1542 486 814 935 1255 903 1960 112 4072 784 112 2068 867 564 555 1283 532 126 1540 180 4683 2316 2372 362 265 215 434 7399 920 692 469 845 309 280 396 1450 3064 644 447 1672 783 55 684 566 2178 1458 850 1202 1056 3759 1474 404 2883 1553 756 130 746 5463 71 512 3807 2625 691 2220 2312 260 370 4326 134 2016 860 2745 392 1056 5562 266 1331 511 911 253 1421 418 2593 4199 315 1825 651 500 2690 92 50 1436 3696 319 915 625 253 151 376 999 28 1566 3428 539 471 1297 592 1294 210 227 1120 1285 3936 874 1568 1004 260 2776 788 532 1530 586 896 301 2058 4758 429 1041 1007 3607 2461 95 135 197 2739 332 3687 588 181 1768 2099 199 424 1650 107 792 367 1796 159 1537 5994 102 559 1021 906 69 1661 780 78 410 7998 1315 817 205 245 690 296 131 435 2359 2257 2072 4843 246 512 1803 1416 982 332 3711 1389 478 807 943 1042 1467 966 1374 751 914 811 621 1809 1463 4322 570 1034 1635 2221 273 843 2086 102 3571 544 4718 725 6782 4112 2419 609 507 2452 89 731 1362 295 242 2979 361 4892 1465 4267 1456 333 1962 1061 515 1210 1101 297 1265 882 252 200 1346 389 520 1601 1004 4113 850 1778 659 900 74 733 861 1082 1683 515 392 1229 306 3459 1176 494 1969 978 859 682 1927 1168 831 1016 4576 523 706 6221 3366 1115 4089 2898 454 7862 1074 498 273 635 6331 217 1443 214 4988 1621 3253 1411 1202 446 835 1392 662 7420 1516 665 1770 403 446 2714 119 1385 322 615 49 1797 756 1622 611 232 3052 3870 547 457 1167 2069 4395 93 1663 2544 1925 434 2831 137 350 99 3082 449 1684 365 375 1956 787 3135 225 3885 1814 2731 1557 8581 5993 4993 399 478 2100 552 548
3155 2762 3378 1489 5685 1309 2449 3018 704 1066 2542 235 1375 4290 1078 4522 1589 869 2311 3444 8997 1254 2551 2173 709 7579 1573 1597 3406 800 1535 3499 601 2714 6537 8628 769 2412 1281 3747 3637 5356 5165 591 308 1090 8199 893 1433 1485 2710 5446 2401 1357 1658 4077 2181 1286 1623 2163 262 2759 1956 8439 975 4188 4966 2196 4122 5872 2019 2287 7428 1295 1426 8376 1736 4568 5588 1467 2197 152 3822 2101 2171 982 6011 1388 2004 997 2442 1946 1902 1042 438 6712 3886 3378 6713 577 960 6924 1965 1999 3497 2931 650 1600 1749 4830 2887 2036 1452 670 1651 5697 1405 973 8311 2758 2132 8892 512 8785 5629 2156 387 1563 1547 1044 1485 8074 2545 4536 2744 4264 2842 4033 553 2922 3903 705 1978 756 703 616 3630 3883 4088 9162 534 3923 2249 1364 2998 1374 1013 1825 2073 1233 2445 1015 5902 1309 2065 2361 5484 1232 740 3717 1171 994 1948 710 9798 5419 3169 1136 6994 484 1004 7748 4090 1952 1253 4180 947 2759 3373 1745 7061 2445 1227 7257 1740 916 2028 1659 3403 1593 1793 2582 4128 3821 1602 1282 2936 1722 3323 1459 2966 5569 2830 855 7493 3983 1766 7870 3311 381 4644 4533 3204 2086 1548 3937 7229 3035 7147 1059 1753 2226 8118 316 3390 542 4605 4386 1024 2123 914 748 4111 993 763 3073 3737 1226 1266 1188 1604 3385 1107 1123 2131 1640 3568 637 7180 1630 1892 1332 1364 4105 1819 3445 5780 1110 4766 3209 272 8067 945 1202 2117 4195 1485 331 2815 5763 910 1293 1029 4536 3970 421 510 1099 4417 408 7241 1053 549 8586 7245 1236 3584 3310 2302 1103 1392 2055 768 1592 8321 835 589 1251 1871 1518 2441 1046 1013 1654 8552 2338 2801 508 749 977 2919 232 1138 7371 2623 5835 5929 7781 3261 3883 4013 1890 1659 4566 2680 2138 1596 2131 1221 3064 2095 4165 7047 1088 2760 1531 1836 3958 7532 2225 1361 2103 3912 3144 1545 3475 1631 4094 890 8329 1792 8210 4182 4536 1074 658 2912 1962 755 5946 1469 270 4264 370 5639 1786 5996 1804 2057 3420 1236 612 2754 1992 2910 1810 1129 371 683 4319 6961 2160 1755 1273 6510 1330 2225 4529 1443 2122 853 1110 1467 5242 1895 1383 2205 562 3896 1602 2969 2400 1702 6183 1379 7581 4971 1622 1371 4911 916 1745 8055 5639 2907 5197 3314 1200 8328 1629 846 374 1760 6459 1016 1739 618 8679 1893 4881 1874 2292 2090 1446 2968 1928 8928 1800 2352 6959 1800 2123 3431 2833 2314 1922 918 949 1993 1895 2321 1177 493 3465 7387 3808 1185 4919 4385 7516 331 3894 8624 3499 1463 3117 475 1682 1627 6245 1352 4258 7698 933 1970 1589 6572 3215 4873 1848 7014 2276 9059 6237 8746 1335 521 6937 590 655
3430 3349 3848 2490 7972 1365 2520 4294 2327 1299 4275 1370 1589 4948 1244 8785 2141 2463 3947 5182 9076 1410 4546 2391 821 9069 2105 3724 4279 1536 2448 4045 1417 3318 7609 9657 1955 2521 1838 4921 4936 8148 6042 988 361 4425 9428 2180 1757 2310 6698 9773 3103 2529 2169 4441 4116 4330 2415 4678 544 3294 2250 9085 8755 6347 7438 2203 8647 9442 2755 2321 8869 2000 1444 9833 2252 4795 7620 4773 2198 719 4115 2241 3768 3448 6154 3206 2030 1327 5260 2148 2431 1708 1060 7329 4065 4169 7907 680 2021 9182 3640 3570 4935 2948 4613 2294 2749 5504 4578 2311 1903 1429 2148 7476 2266 4557 9995 3244 2214 9034 1748 9652 7013 2383 2106 1706 1941 4939 4194 9698 4464 5045 4152 4319 4831 4278 2172 3219 7224 973 2383 4511 2369 3253 3950 4201 5646 9599 1820 3932 4226 1979 7643 1940 1286 1965 7931 1655 3740 1698 6421 2519 4276 4940 5729 4529 1449 4833 1493 2269 2212 2227 9822 7299 3411 1184 7047 1304 2476 10021 4917 2883 4615 4815 3162 6125 4584 2081 9315 5303 4448 9066 2045 2024 2060 1859 4910 4163 2763 4965 4991 7108 4216 2286 5750 2162 3740 2331 7983 5785 7125 1213 7870 7127 4446 9306 8731 495 5436 4887 4515 2233 2306 4356 9637 5031 8365 1794 2034 2298 8516 408 3443 1902 9315 9050 1613 2808 4380 2165 8650 1853 783 3428 3826 2450 1631 2109 2047 3948 1442 2480 4390 3402 4037 651 7849 1706 4844 2189 2862 9329 2308 4690 7965 4062 8994 8135 771 8103 1757 1917 3357 4925 2619 1018 3413 8042 1617 2178 1360 4665 3986 1605 4205 2186 4469 2371 9397 2406 1479 9126 8072 2352 7903 3809 8914 1387 2572 2406 1404 1711 8977 2462 606 6348 1943 2111 2522 1164 1021 2229 8896 4775 4560 8486 1889 1866 7236 670 2260 8844 9735 8445 6723 8494 3352 4281 4295 2086 3196 9731 4794 2262 2024 2147 2410 9066 4417 5777 7439 7690 3634 1998 2121 9817 8965 2520 2001 2120 8962 3206 4817 3496 1962 4109 1497 8582 2168 8736 4663 4600 2080 2807 4120 3770 1047 9495 2433 702 4360 519 6015 1869 6923 1949 2399 4947 3127 1492 4556 2441 4187 1833 2099 3228 1768 4550 9033 2234 2177 2170 8863 2212 2335 6233 2404 2719 1645 2008 2302 6247 2359 2026 4444 9865 4626 2077 4811 4615 3160 9492 1806 8596 9899 2022 3399 4983 3849 1781 9629 8219 7311 6752 6173 1571 9544 4113 1514 3298 2499 8670 1152 4952 672 9494 2089 5031 2402 3306 2441 2024 8571 1947 10041 1831 7037 8301 1916 3763 4122 3468 2665 4062 1059 1866 2930 4429 2364 1338 2335 3879 7615 4840 1716 4938 9261 7919 1843 6779 8753 4328 3457 4247 1784 1784 1951 8013 1512 8452 9058 1881 2582 2403 7441 4264 9773 1895 7926 8178 9384 8475 9551 2532 1923 8746 1915 2184

307 1860 534 301 4086 513 1498 316 234 482 117 78 359 1415 635 3039 920 8 2071 184 506 203 1059 1128 631 4588 163 351 244 80 221 1096 201 870 2880 1392 414 101 337 433 489 544 1560 171 232 126 4249 63 771 196 1934 1142 619 41 311 306 171 1002 196 1704 44 1318 1277 6897 43 401 721 938 551 2416 853 680 6259 132 139 4657 550 1208 2425 295 1475 75 556 130 368 634 3587 754 209 118 793 1460 108 633 87 289 2867 1918 2280 449 418 342 1130 1254 2125 80 382 156 1662 3471 63 1048 562 73 245 4013 242 687 531 1909 298 4133 46 7239 846 669 230 1071 116 498 160 2910 314 2211 1497 961 1329 430 272 523 2413 32 1400 223 207 375 610 2258 1233 4194 345 3715 1168 1009 822 251 675 787 901 801 1543 84 3832 376 95 1177 571 422 388 1060 377 71 1106 159 3142 960 2327 262 221 179 432 1891 423 621 111 444 258 264 386 1230 1374 551 270 748 529 15 227 559 1664 1329 510 830 728 2252 636 250 1307 1548 215 100 547 2035 43 424 3584 1773 459 761 2092 165 159 4163 67 1188 595 1278 135 726 5217 256 1274 294 510 235 1133 403 2290 3667 59 1570 583 428 2313 81 47 1399 3525 89 849 396 172 65 283 874 21 940 2630 467 379 317 145 1292 196 105 840 1007 681 127 1336 961 63 1123 558 401 1343 360 637 274 1860 2435 280 923 425 2614 1983 72 123 181 2154 273 997 400 118 1168 219 75 157 814 37 676 297 520 158 115 5322 94 216 914 783 46 1388 707 24 74 3794 1275 789 163 164 631 224 77 405 1479 1419 869 4812 234 392 896 1313 719 134 1117 1381 286 619 915 638 1196 501 999 482 805 781 319 907 472 613 469 738 443 549 188 716 1832 62 1704 165 3855 668 5161 1152 1469 159 457 1574 81 272 1348 289 225 2511 270 1178 685 2704 645 228 1730 402 431 1209 543 200 1088 384 63 107 405 306 425 1096 326 3561 688 1478 317 111 65 209 773 920 1408 501 359 613 163 881 1144 359 1822 616 523 328 1526 1159 480 908 4185 282 324 4706 1222 529 2385 936 370 5413 218 452 263 204 6121 94 641 182 3707 1429 2089 1316 1180 354 804 413 633 5745 1212 444 473 289 360 1059 112 1211 263 329 30 1681 533 1065 272 149 2807 2971 30 328 1112 1131 3837 58 1002 1309 1882 347 1068 94 339 45 1749 411 1073 290 82 1714 306 2050 189 2947 1152 1393 1305 2062 886 1252 168 391 1421 452 366
66 1382 420 191 3106 46 256 115 191 7 91 38 206 1365 604 110 199 4 1528 146 269 187 876 180 493 1672 107 37 9 62 79 25 173 33 496 1253 332 60 50 410 267 336 390 127 169 115 1399 55 362 195 510 912 334 26 33 55 170 4 186 857 43 9 24 3598 24 8 611 494 386 677 837 542 4474 75 28 134 30 1170 464 229 1431 64 49 33 214 544 2518 306 12 54 96 212 94 46 40 201 240 1490 1363 146 149 262 138 762 837 9 271 20 1320 39 44 985 185 64 133 2296 157 18 76 211 212 2675 11 1586 771 473 124 356 39 311 49 1758 59 69 1419 510 1192 16 159 276 1719 20 1163 186 168 114 511 54 956 1993 285 2739 347 934 422 54 429 517 771 488 1057 34 3416 187 37 54 248 307 351 626 320 11 962 146 1515 14 621 197 91 99 169 1233 305 579 79 193 232 226 127 446 997 131 77 625 64 8 24 360 1159 38 108 411 413 9 616 189 274 1126 185 61 71 1279 33 108 409 449 335 750 1749 14 19 3386 6 495 262 227 64 87 2021 151 599 110 464 120 360 351 1664 949 5 1384 88 270 600 76 46 1041 1564 56 706 234 46 50 129 361 9 256 2485 139 244 80 144 772 63 59 295 314 467 33 1131 420 33 536 312 308 990 34 51 101 1607 171 108 779 130 775 1973 1 49 77 958 31 149 268 99 710 46 51 14 16 21 327 214 507 37 84 3933 93 17 737 170 20 235 698 6 43 93 556 624 137 123 204 196 24 54 142 52 460 2245 105 179 186 1238 164 59 791 851 247 171 842 2 33 211 653 466 353 32 146 647 164 532 310 229 318 361 6 602 558 13 583 70 1472 302 2116 733 1363 68 349 1146 74 258 241 64 10 384 101 351 671 2562 321 219 71 40 316 156 389 88 673 113 1 1 301 270 46 711 59 227 149 964 177 64 35 87 367 253 312 454 303 513 79 447 183 110 1109 286 369 250 1460 353 103 171 960 219 133 2905 35 146 1843 384 250 2578 14 418 256 173 2625 41 544 91 412 106 675 847 533 327 355 199 332 2571 384 51 454 71 353 636 26 192 231 79 28 690 90 162 140 59 2537 2878 11 48 99 820 1736 41 293 145 205 164 1023 48 84 24 1049 149 242 220 63 22 181 653 161 2298 461 787 559 457 790 998 138 352 362 263 209
