500 3 2
37 54 76 65 8 40 65 2 41 37 90 78 3 60 42 73 80 100 36 35 17 90 87 27 61 74 97 19 13 11 96 52 10 20 37 18 66 6 34 31 56 90 84 94 97 39 47 68 25 65 86 43 49 54 82 61 43 76 49 97 65 30 30 57 59 100 39 80 82 40 36 49 56 3 50 8 55 20 89 45 98 78 7 7 94 4 52 7 75 38 55 99 32 75 17 45 23 5 100 3 86 14 33 98 73 27 57 9 21 36 39 81 30 50 79 98 81 84 16 87 25 61 1 76 96 88 96 1 81 91 19 85 35 100 61 67 81 12 48 94 77 88 68 72 55 9 79 33 2 41 15 56 56 99 60 70 100 10 64 67 40 94 39 18 62 61 52 31 58 24 60 68 66 98 100 42 34 82 98 54 17 38 74 47 73 88 100 41 37 41 77 63 4 74 49 51 29 82 51 94 91 66 93 86 19 91 8 36 26 43 95 50 65 48 43 30 55 31 72 24 45 79 22 2 58 56 77 88 3 70 35 29 22 16 74 78 24 7 40 63 98 3 14 35 9 74 46 2 24 95 7 67 43 60 59 68 80 65 25 42 84 32 96 86 63 63 54 4 39 99 41 83 25 50 30 67 13 35 47 57 74 80 82 6 47 12 47 82 63 18 94 24 56 34 19 83 43 27 66 68 17 92 45 51 93 56 82 66 10 84 63 54 25 42 50 19 40 27 51 29 55 48 90 57 73 55 45 31 44 23 58 40 50 95 17 8 54 75 54 32 9 3 13 65 54 100 28 18 87 97 61 7 5 25 2 53 54 36 8 86 84 51 41 8 57 90 67 89 99 25 18 46 43 17 35 85 30 97 83 69 87 37 48 99 33 94 80 81 86 91 25 84 42 26 92 84 45 67 96 77 80 87 38 18 22 5 17 48 51 62 9 43 87 85 14 89 35 98 89 44 7 45 69 93 83 69 52 5 45 87 66 78 83 65 38 4 4 39 65 95 92 23 14 8 77 86 65 32 83 87 55 83 70 97 37 47 16 25 35 9 55 20 15 79 41 32 37 23 20 14 60 54 80 85 31 85 89 96 60 31 56 67 37 92 5 82 98 67 17 96 69 90 76 46 24 79 62 53 64 70

34 48 64 56 23 2 27 54 17 6 25 32 3 21 4 29 15 57 13 37 22 25 73 50 46 11 47 60 34 11 15 46 7 47 8 35 6 5 10 27 29 4 49 21 3 34 34 17 61 4 32 36 40 37 5 20 18 63 31 10 9 13 11 10 25 21 78 28 8 19 31 61 18 2 59 35 25 6 19 34 9 42 5 7 27 22 24 2 11 20 25 33 86 53 9 10 44 14 60 24 16 18 12 5 31 17 15 39 28 18 18 19 75 56 2 11 47 64 31 5 6 17 23 15 7 6 14 22 64 5 10 45 13 45 29 3 25 19 23 46 11 11 51 31 15 2 27 3 11 4 2 16 11 1 38 11 57 9 17 23 41 36 4 25 15 27 14 41 51 5 47 11 42 23 23 64 29 37 55 8 3 31 51 57 31 19 20 3 42 13 9 30 11 17 9 5 21 4 7 1 6 13 2 46 10 21 5 68 58 8 24 60 14 2 3 2 52 23 80 54 42 45 14 41 5 51 18 4 9 20 4 25 37 18 3 69 2 15 31 25 14 8 38 39 48 27 14 23 28 39 1 56 43 28 36 8 36 2 35 33 13 2 7 1 22 52 22 14 12 17 39 22 17 47 73 62 22 5 25 88 44 19 31 11 30 1 28 44 2 42 46 60 23 22 19 10 57 4 27 36 50 47 2 21 5 11 35 44 4 1 14 16 16 31 11 5 26 10 10 6 33 72 55 35 34 30 38 5 50 32 38 14 17 34 1 1 32 7 9 1 17 22 28 37 15 27 1 14 21 2 25 59 72 22 14 34 14 26 12 77 25 58 4 4 1 13 5 31 22 15 19 44 2 18 45 78 19 43 16 17 21 28 83 4 68 16 45 15 17 36 7 55 18 18 2 21 54 41 53 23 13 40 35 19 11 49 2 9 16 2 38 25 15 15 28 73 28 20 29 41 34 3 42 83 72 20 6 70 18 63 23 32 52 12 21 53 37 27 1 8 14 33 8 58 23 65 27 27 23 32 44 14 35 26 35 8 12 37 17 10 45 38 31 52 31 7 85 13 62 2 8 12 2 12 5 25 5 55 5 25 35 2 9 77 47 27 15 47 14 37 34 63 19 82 4 16 48 26 24 19
62 63 66 70 26 45 63 83 72 20 82 49 49 42 18 42 38 85 22 43 74 52 86 73 90 14 67 75 42 54 47 53 24 59 78 52 7 43 16 32 79 14 82 34 35 47 65 21 72 83 49 49 64 64 72 28 35 91 41 57 54 18 32 43 41 48 91 50 21 27 67 81 21 14 71 39 78 94 26 78 11 85 31 57 54 22 81 32 24 49 89 69 90 62 13 34 51 43 69 45 16 52 15 64 56 41 79 50 77 42 76 39 82 82 51 65 64 82 58 33 23 27 60 50 62 24 48 23 96 68 63 57 47 51 72 54 86 66 62 50 21 53 65 54 15 26 34 57 19 4 5 26 39 9 49 48 62 23 55 40 50 51 27 47 23 47 45 52 54 60 52 41 58 38 36 91 79 58 70 42 9 40 57 66 41 75 57 26 59 62 17 71 53 38 65 15 38 12 72 58 49 64 34 67 39 94 20 87 60 18 56 73 47 46 17 51 79 29 82 58 58 50 19 61 12 70 60 31 30 48 71 40 55 77 38 86 50 23 73 38 21 59 42 42 63 41 80 66 56 48 43 61 69 48 54 45 60 41 51 81 54 66 35 11 39 82 33 68 25 45 43 39 44 86 77 65 26 7 32 93 67 21 56 38 86 33 35 66 8 90 46 79 42 62 38 56 63 37 60 39 52 58 22 26 36 47 57 76 47 31 43 16 55 40 54 23 61 42 53 44 36 74 62 52 74 41 78 84 94 64 42 31 31 78 54 39 52 51 43 31 32 64 34 76 57 27 14 50 42 75 45 81 74 71 47 68 65 49 33 78 79 71 35 52 24 68 38 54 22 33 57 54 13 63 75 81 51 70 41 84 38 46 92 33 80 37 53 34 20 71 54 57 88 78 73 39 61 74 59 50 17 58 93 49 17 52 8 42 23 69 61 28 58 69 37 88 65 32 55 70 82 7 49 91 74 73 43 71 49 82 36 56 59 36 64 78 89 60 61 68 18 67 32 63 95 72 45 41 75 71 66 22 46 27 84 74 60 92 67 37 48 47 89 59 36 54 89 58 71 15 60 54 14 37 19 45 61 56 38 68 62 63 14 81 50 75 35 60 51 87 48 68 56 83 12 34 82 87 54 44
68 76 98 89 69 54 85 89 87 70 93 79 80 43 22 58 78 99 78 96 83 66 92 78 99 62 75 89 84 58 84 83 60 98 89 81 40 67 62 40 89 26 83 36 45 66 85 85 96 87 92 56 92 80 79 62 77 95 66 99 90 36 35 50 92 70 95 70 27 35 75 94 86 92 89 42 88 97 92 93 63 94 94 74 86 65 83 80 95 91 94 74 91 96 99 43 89 53 89 90 23 90 79 71 96 46 91 61 77 57 95 74 94 87 77 71 96 99 88 67 93 55 90 78 67 46 63 43 98 84 64 95 56 93 88 86 88 79 93 98 29 57 67 61 82 98 90 71 77 44 45 50 77 16 51 48 65 42 60 58 53 100 65 48 77 74 77 73 87 97 80 61 88 80 37 98 80 63 95 100 25 66 93 81 91 86 71 41 78 65 32 72 88 97 76 63 57 62 96 81 66 77 84 85 77 95 89 94 75 81 59 80 68 71 42 58 91 59 98 98 92 76 28 87 82 71 74 98 77 85 98 76 64 88 48 94 78 51 95 68 94 62 47 60 94 80 83 92 61 97 100 74 99 99 82 57 64 92 65 88 64 99 85 79 58 93 51 78 63 54 57 79 57 93 89 72 34 39 79 96 71 75 97 41 95 85 66 90 12 98 93 87 77 78 86 89 72 40 71 59 59 85 53 88 82 79 86 79 52 96 80 82 65 98 68 62 70 95 85 78 82 100 84 97 81 61 89 94 99 100 73 94 68 93 85 45 90 76 84 41 81 85 69 77 90 83 19 91 50 96 91 83 78 94 76 95 100 86 60 84 92 88 44 77 64 94 41 85 71 57 83 57 96 65 88 89 95 91 76 86 96 60 97 86 98 64 94 41 52 83 88 97 97 97 85 41 79 91 61 58 96 68 96 70 23 99 96 84 28 83 63 70 84 83 86 93 72 73 76 83 86 89 50 100 93 83 92 97 66 88 99 77 78 41 72 93 94 66 82 72 77 79 52 83 97 78 88 71 83 84 82 65 69 78 92 87 71 97 79 55 61 75 94 87 72 76 96 73 90 74 87 75 80 83 29 93 85 72 91 71 82 97 29 92 91 94 87 93 85 94 51 84 65 83 85 83 90 90 71 98

67 13 40 4 4 29 61 79 14 25 39 51 53 23 13 4 21 22 32 40 82 51 58 20 3 18 85 22 16 74 32 69 61 43 52 29 14 9 6 50 55 51 12 64 35 74 16 12 19 72 12 75 11 5 12 6 13 34 52 40 8 37 76 28 90 83 34 75 49 19 71 12 30 18 13 17 56 10 45 69 12 9 3 12 67 15 29 12 36 16 4 6 68 6 16 58 7 60 13 7 15 62 27 54 36 25 25 31 52 25 33 33 87 77 70 82 10 40 57 80 47 21 12 68 16 23 76 38 40 55 49 97 6 30 13 20 43 34 76 65 31 40 32 5 57 61 23 3 64 79 43 74 13 12 34 47 46 20 18 2 1 15 83 16 25 93 19 60 2 57 75 47 66 64 10 39 73 55 18 7 10 61 62 48 16 20 61 71 9 50 15 8 69 84 6 8 25 30 56 15 56 25 60 47 37 71 53 83 3 3 10 20 47 50 1 55 74 35 16 8 7 3 33 13 26 19 67 13 94 34 46 17 56 2 8 1 47 25 53 54 36 2 20 16 17 7 58 61 1 44 42 18 2 11 41 29 11 19 48 29 8 37 17 42 22 29 47 8 47 17 50 15 36 70 76 2 63 36 85 31 32 41 16 86 61 43 43 86 9 53 4 58 10 17 11 8 29 14 54 9 53 46 32 4 55 26 81 76 67 36 7 16 66 13 37 52 15 6 34 9 41 47 55 62 2 35 6 59 43 74 39 2 12 4 27 15 85 14 29 28 24 10 74 25 42 87 17 34 4 69 68 48 43 15 10 23 6 35 9 35 20 46 1 15 64 55 61 80 71 84 8 53 3 10 9 27 35 7 57 86 9 51 17 7 29 7 52 5 74 45 2 82 7 49 27 86 72 52 25 13 11 12 1 52 70 6 72 80 31 6 60 62 40 45 23 12 96 3 55 11 4 15 36 14 79 18 14 58 48 31 32 64 47 51 65 77 32 12 50 41 53 35 5 14 53 16 7 26 10 39 14 20 30 16 61 25 41 12 38 63 15 81 29 22 99 18 18 26 58 4 14 18 77 15 8 10 48 2 66 27 42 77 79 20 17 16 60 4 23 37 68 32 26 18 89 58 13 22 72 35
78 36 93 22 5 38 81 92 88 28 72 58 64 53 51 82 69 47 50 97 96 65 68 53 65 28 91 36 51 75 91 93 66 99 78 94 25 65 71 65 77 82 77 85 85 91 98 88 49 82 86 88 59 73 67 83 29 86 96 91 22 40 97 56 92 100 75 99 55 98 85 80 50 51 66 50 79 89 69 71 13 57 59 22 72 79 35 39 79 65 97 70 68 50 68 62 70 74 51 40 80 99 35 75 83 83 67 50 73 99 90 98 93 86 84 95 100 46 75 93 86 62 25 69 39 89 81 78 73 79 63 97 24 32 27 59 87 41 82 85 92 50 63 100 85 80 71 58 73 86 97 88 93 100 53 49 57 51 86 82 71 62 92 40 30 100 62 65 22 94 83 65 96 92 93 54 85 72 100 49 62 70 78 93 92 85 95 85 15 80 71 93 92 84 99 63 72 43 94 43 93 50 98 90 100 73 58 85 100 35 88 56 68 82 40 87 98 97 49 98 28 89 55 71 72 40 97 92 95 51 73 20 80 99 45 47 58 79 64 93 68 3 45 20 94 84 95 92 58 90 57 37 7 19 75 37 38 78 91 80 18 72 94 50 79 81 97 58 93 73 74 34 79 77 100 67 98 74 92 84 42 68 20 88 85 77 45 94 91 68 70 77 37 63 63 51 73 97 97 26 94 60 53 15 94 33 88 100 80 61 74 23 95 86 75 88 79 91 83 63 51 55 69 86 33 53 22 99 98 84 50 83 53 13 40 78 93 29 64 97 52 23 88 61 49 92 51 98 5 93 91 85 67 78 54 29 14 75 66 52 89 89 78 26 97 73 99 86 76 92 39 93 88 34 23 96 75 60 96 98 40 63 87 93 81 9 60 15 97 84 32 86 79 99 100 98 80 92 73 76 18 36 61 55 93 76 77 89 96 12 93 72 49 51 75 71 97 92 57 96 96 29 78 22 91 82 37 59 51 67 33 92 75 51 73 80 99 51 51 82 89 98 52 83 57 57 78 79 78 54 75 25 57 35 76 82 90 73 54 69 62 97 83 61 100 18 49 72 80 73 37 52 93 18 49 13 72 59 92 85 65 95 90 57 37 85 69 20 89 94 97 81 60 71 96 99 42 94 96 62

1391 3226 597 413 22 1651 385 1142 625 1217 935 127 291 621 1824 731 2541 905 102 1020 2706 940 516 913 2471 1559 5315 949 723 205 432 5564 3691 325 667 6757 2646 55 529 563 1595 784 1462 801 5135 658 235 825 1202 137 352 855 3311 1560 1537 581 1454 2804 1817 2777 638 1146 1707 322 3209 1839 3199 519 537 1812 544 2379 1621 54 584 1843 785 300 934 312 266 124 3194 1090 4087 591 1039 2031 1179 829 134 317 1283 1052 1756 474 1056 510 1600 841 1429 2013 1453 142 2569 2879 337 1736 81 569 2840 1182 6005 226 168 226 87 2082 3709 1270 1054 1938 266 2508 1542 412 500 1224 195 447 1038 454 2822 1330 2831 139 208 6060 3872 2124 1757 1120 2431 758 82 1463 692 937 6 81 6098 804 257 280 1746 1382 2542 917 5475 4664 319 1012 821 2980 246 3028 802 419 720 3556 1568 1832 2425 113 2557 54 401 4339 865 785 1787 519 2759 138 670 474 745 163 205 3853 659 1766 1036 1197 3385 4236 3240 465 473 241 228 2007 3013 330 905 646 1964 358 4311 1402 1536 1166 548 1858 517 540 838 570 1904 2453 1453 3824 4070 814 2359 152 6458 366 2336 307 2434 107 1187 947 1346 169 4228 483 1651 254 2953 986 512 1968 853 663 377 879 379 5134 408 541 1167 497 286 342 1376 508 69 1119 2046 258 851 1045 123 859 941 1781 1347 270 2427 1141 1744 3616 269 108 39 3877 597 2613 109 719 746 958 1244 745 1093 118 1361 545 201 1059 1588 54 1087 2810 194 939 232 181 3230 2653 985 1713 1131 153 326 1354 1619 1426 767 1891 1245 1343 238 56 5297 1944 163 463 115 744 2280 462 1653 597 1085 1756 860 412 1467 485 100 1150 62 1645 1065 972 904 1480 317 82 882 139 576 729 2964 1534 2392 3068 5475 2062 1807 2607 1087 861 406 1822 7621 3544 1364 723 2888 1288 747 450 664 182 889 725 3585 490 760 1231 1158 1206 209 2759 158 4247 503 1664 4705 544 223 696 236 1339 2765 151 5489 174 215 1094 909 3840 1215 4660 1573 1619 1220 239 1058 1587 887 1015 300 495 783 1456 36 117 1067 3674 1036 4327 356 309 824 2736 96 218 2325 4544 2361 554 1106 2351 660 460 6021 325 277 2107 2870 1259 1175 2781 760 1746 979 1949 38 4342 249 94 2007 2403 1013 4692 358 1537 230 5128 2241 1549 656 282 96 2153 83 1002 1878 2227 142 2476 210 3358 428 2180 1697 1303 635 563 627 1054 403 461 662 43 424 284 1291 5941 1933 842 232 3225 143 957 186 319 595 1005 212 2142 3356 1585 1626 3561
1955 6717 2571 6347 388 3576 2073 6303 713 2863 1078 1159 1002 1868 1944 2764 3524 1403 935 5488 2789 2353 879 1879 6066 4636 8418 6445 1225 1535 1326 8703 3992 685 1124 7213 2660 373 6271 1301 1800 1925 1574 817 7191 4711 483 1751 2875 794 1546 2909 8929 2810 1674 1678 4548 4680 3022 3790 4472 1285 1959 4681 3793 1886 5983 1903 8352 3727 3446 2680 1943 3700 1195 2908 1603 2713 2651 777 516 669 3743 8472 4467 3072 2064 2945 1292 1917 634 1046 1625 5325 1758 5300 1232 678 3046 1059 2075 3264 8808 3077 4028 3172 3523 2079 104 2996 6845 1294 7506 1381 1159 2017 907 2675 7122 1360 4415 4915 861 2515 1681 8095 5048 1677 1453 7080 4658 737 3011 1828 3626 2413 5482 6316 5282 2380 2264 2243 2591 1494 426 1814 696 3595 3248 464 6631 8110 1745 1469 2493 1738 3469 2273 8553 7817 1570 1071 2816 3505 1009 3369 821 1885 888 6238 3201 3148 5096 1893 6532 1521 1383 6410 5986 5564 2540 1027 7359 1851 2205 2993 3501 3930 2735 6354 3442 2732 2616 1750 4056 4248 3344 1333 479 2762 2103 3792 3541 3099 1745 995 3017 444 6275 2187 5204 1288 943 1953 3556 623 2637 5250 4047 4901 2306 4445 5291 1223 4525 880 6960 836 6681 556 2582 572 7467 2264 1983 575 5272 1085 7813 989 3625 1672 1263 3384 5067 5714 1564 979 2237 5463 1555 2200 1260 1312 354 513 1493 2484 1131 2304 4111 1999 972 2450 564 2147 2245 2345 3436 1143 3240 1931 3900 5076 1013 554 871 6517 613 4512 208 4787 1600 1691 1777 2028 5664 801 2309 1686 2469 1296 2085 1771 1164 7807 803 1565 2232 290 4059 4370 1831 3062 1140 1850 775 2669 3824 1601 961 3671 1919 3481 283 1276 7941 2234 1536 680 1698 2662 5684 4404 1661 1039 1336 4831 2509 3224 2120 2446 1596 7182 904 2378 3635 1201 1736 2809 630 371 1574 547 921 1856 3023 1813 6463 3328 5752 4002 7312 3558 1656 7056 4892 7502 9498 6894 1717 929 8199 4122 1317 1903 1227 1537 1110 954 4434 1590 1891 3162 1917 1418 282 4027 1675 4449 957 1897 6387 1527 285 1351 1734 3951 4006 2011 6919 1698 2171 1418 2642 6588 2949 7542 1841 3127 1431 2721 2817 2591 1166 1019 2220 3597 1924 1820 1132 864 2330 4959 7783 10054 775 1310 1667 3681 2154 659 6807 5776 4588 1209 4675 2808 1589 511 7454 772 1447 2389 3765 1547 2085 3730 1869 3871 1017 2507 411 4440 3262 379 2046 4104 2401 6970 1361 3517 1281 5643 3178 4353 3655 333 1117 8176 436 1213 3273 4015 414 3618 1109 3704 5628 2475 2040 2345 708 1232 664 4309 2283 3661 1291 746 768 966 1681 6268 3087 1851 285 3599 170 1296 346 3111 767 2410 1951 2850 3665 2428 3662 6289
2443 7516 5197 8784 1807 8144 3362 6703 2169 9961 3635 2276 1960 3358 4131 3283 4504 1781 1852 7178 2842 4373 2857 1946 6593 5402 9960 7405 1564 4805 1867 9339 4415 780 9173 9301 3606 1237 8328 2412 9187 2418 1707 1121 7668 7562 1384 2069 4085 902 2370 3164 9884 5955 2124 2401 4956 4952 3164 3987 8574 4305 2091 7120 4880 4341 9802 1926 8757 4181 3709 3236 4733 4071 2473 9060 2166 3292 4654 1846 2271 2280 3992 8506 4852 8040 2629 4328 1435 4308 995 6483 6899 5619 8453 8060 2147 1911 5614 2060 2319 8343 9234 4557 6519 4095 9013 4185 1216 3302 8889 2395 8486 1592 1798 2356 1397 3301 9302 2595 4642 6991 1557 2530 4261 8579 9464 2104 3823 9498 4716 2247 3275 2525 9737 4404 8872 6816 6181 4530 2332 2458 3896 2140 1944 4923 2103 4235 4816 2092 8909 8285 4936 2295 3680 2083 4862 4027 9776 8606 2480 2181 6962 4737 1413 7132 4504 2028 1346 6639 4802 4224 6516 4887 7854 1753 1549 7210 6666 9578 3404 1862 8781 3590 2469 5321 4665 6442 4569 8736 3590 3476 9500 3579 5049 4716 4902 1503 1067 4549 2431 4237 6547 4944 3510 2447 4615 3234 8633 2596 6510 2145 2275 2110 4224 4873 4145 5365 4101 8509 3432 6477 9237 2246 9320 1621 8767 1971 7469 1989 3920 2374 8332 4586 2162 2111 9053 1314 8590 4775 3937 2025 1779 3828 5543 7025 1926 2480 3980 5538 1575 4680 1482 1681 1699 1184 2476 4402 1218 3473 5167 2162 2976 2569 1986 2308 9468 2440 4953 2182 3531 3700 4811 6486 1996 1604 1074 8653 1506 4983 421 4905 2152 1935 2099 2351 8627 1481 4214 2011 2593 1928 2263 2472 2383 8890 2276 1817 7370 1254 4518 5004 3480 3855 1576 4425 850 5624 8212 1757 3667 4260 2025 3940 936 8478 9698 2416 2388 2405 2307 3642 5725 4727 1964 1272 1345 4838 4390 4226 2930 8975 3309 9536 4829 3093 8258 2096 1841 3556 3571 985 2186 2557 3067 1959 5003 4423 7746 4879 9498 4021 8516 7626 1658 8949 4950 7579 9779 8099 7532 2356 9721 4662 2280 4824 5023 4838 1265 3427 5994 4568 2499 3832 2914 2537 1099 5589 4280 4454 1619 3271 7176 2569 2351 1609 9817 8315 4590 2110 9494 6636 2246 4335 2776 7996 4846 9530 2301 6440 3380 4513 4747 2991 3032 1160 8209 3621 4281 2259 2186 2450 5085 8075 8509 10055 2314 2248 1987 3806 2334 1093 9565 9712 9480 1869 4691 3362 3740 1797 7756 4587 1824 4252 4728 3726 2829 4125 2084 3938 1232 4357 3971 9319 5435 2275 2237 4852 3410 7719 1751 4391 1375 8921 3428 4780 3819 935 1379 9527 553 3903 4746 4337 986 7053 1914 4159 5890 4814 8968 2404 1818 2475 1225 9344 7819 4741 1315 1668 788 2496 2239 6808 5362 3678 1590 4113 2331 1314 1770 3384 1469 9328 3846 2997 4466 2525 3847 8627

1295 2679 462 326 21 1560 252 942 48 502 410 53 264 481 1191 476 965 901 67 350 1524 393 478 509 500 526 3158 523 485 153 429 4113 3063 174 609 5782 2323 6 256 325 1493 611 1023 356 365 555 183 632 1038 65 348 238 936 853 1048 308 600 430 1388 1161 419 222 1190 296 1772 1071 1988 506 358 1347 406 990 883 15 532 1714 641 30 589 144 191 35 1465 935 3827 544 822 1926 764 739 132 201 1107 264 586 473 779 419 1499 545 1146 788 1173 113 1802 2622 53 908 31 406 2152 461 5141 175 140 206 72 1325 2004 857 609 1433 188 2332 1324 122 104 1193 77 438 923 270 2571 841 2824 89 168 2866 1513 524 1329 1090 1356 525 68 588 446 627 5 75 4532 729 48 103 819 108 522 836 3420 1372 290 864 570 2881 100 1988 408 342 503 2071 547 1262 2052 63 2043 49 206 4287 632 576 861 324 2203 135 497 238 578 116 164 910 607 881 452 1125 2224 2258 1112 201 332 205 202 1211 2883 221 607 580 1812 237 2269 1036 804 809 238 508 404 424 414 465 1143 1413 1184 3615 993 752 669 98 4901 229 1306 93 1945 88 870 72 609 134 2325 299 1477 194 777 741 364 1094 429 478 241 576 187 5056 406 414 426 229 131 121 456 184 65 591 154 157 684 562 80 814 762 344 1221 265 876 624 1342 1845 92 102 30 2896 405 2365 96 657 737 873 1005 633 317 48 341 350 122 922 667 42 713 2219 192 13 95 81 1997 1973 267 333 1078 60 130 1230 604 56 698 614 385 1296 195 41 4370 1464 69 210 111 626 2217 457 638 101 987 1255 400 269 616 483 31 1059 55 1117 415 835 366 886 177 30 769 126 87 369 2721 838 1416 2400 3647 1714 1058 1059 856 352 175 593 5078 1963 1272 298 2623 999 282 187 472 107 757 554 2053 303 649 412 959 1149 191 2496 120 3879 336 1375 2833 289 201 673 225 850 2696 115 2143 168 97 906 637 2366 828 550 1562 1327 526 137 694 471 364 915 201 400 699 958 27 43 671 1600 940 4314 169 161 425 1715 65 199 1684 4256 617 330 772 717 525 396 4748 285 148 1852 178 1180 337 2599 684 805 976 1185 37 3891 244 88 1368 2167 695 4299 265 191 185 1149 2106 1202 604 168 74 1396 31 540 731 883 31 1413 158 918 179 2132 1576 559 187 539 280 1040 360 175 522 4 415 241 740 5839 1918 478 220 3012 36 947 120 220 555 971 129 1676 2876 1041 317 2817
583 2463 301 13 5 1472 89 859 46 287 257 32 147 395 968 14 104 314 47 298 368 231 180 288 30 278 1597 54 91 28 37 2157 2236 103 70 151 277 4 40 102 608 302 205 57 176 70 89 244 298 61 302 37 731 265 381 179 566 81 325 970 417 108 144 44 1724 801 1881 238 102 403 357 509 10 7 32 1246 326 9 404 99 48 25 859 176 2872 244 192 410 436 268 34 93 22 12 170 394 702 390 1407 198 59 527 937 83 413 320 45 594 27 32 329 141 574 42 74 83 39 373 1007 150 130 1110 39 853 133 15 77 774 53 261 522 93 44 710 793 32 129 2541 565 394 1165 577 172 353 33 359 234 158 1 60 349 360 41 72 175 33 136 742 1464 133 221 123 132 2709 39 1532 397 165 160 298 540 1022 1756 28 1658 11 32 1354 456 506 287 221 1708 124 141 88 38 85 133 157 357 456 248 15 70 2233 1083 8 60 7 15 652 2471 77 479 117 1565 37 1799 956 284 459 61 213 309 60 35 330 501 116 420 2548 596 731 480 25 3431 95 205 87 38 15 800 26 133 43 2287 74 501 165 63 661 293 81 390 316 177 171 52 2092 328 89 342 127 12 28 411 102 47 49 105 68 170 545 39 167 282 103 518 46 736 227 973 1652 51 46 16 893 280 2304 41 82 356 188 816 520 73 30 78 323 18 583 397 3 551 797 137 10 87 36 1109 1894 169 276 471 41 97 820 494 16 308 515 72 567 21 10 99 128 66 91 26 37 502 250 382 30 235 123 214 56 508 44 28 217 12 214 4 256 48 518 38 9 590 7 56 368 2078 710 807 1969 2190 1009 634 731 180 23 168 206 2262 1575 369 67 406 460 107 24 246 20 641 457 1289 173 321 94 159 416 146 281 31 2864 214 1144 735 158 138 43 64 370 180 20 1379 38 49 794 81 196 568 116 176 606 32 129 174 260 138 854 111 354 117 512 9 6 569 895 405 2297 107 149 197 969 33 165 692 2246 477 19 82 153 197 160 3333 57 26 113 134 251 259 2305 236 56 613 959 11 3327 88 8 257 1938 554 846 223 163 114 703 1934 202 240 83 59 425 1 102 565 789 5 170 38 395 97 1228 732 138 38 296 175 160 22 10 218 3 152 239 112 4251 9 32 65 624 21 439 41 113 316 799 87 462 2873 715 66 1458
