500 3 2
88 21 27 23 22 24 40 33 48 23 28 14 66 13 37 40 43 83 55 22 72 94 54 39 28 26 61 68 21 26 18 13 37 32 39 77 56 39 17 52 52 7 45 54 28 39 54 18 46 12 30 43 18 94 38 72 93 75 55 8 86 91 77 63 34 79 90 11 74 70 43 27 78 70 27 33 24 78 13 89 44 91 35 17 76 5 72 36 85 48 91 59 26 77 10 42 36 87 18 44 17 11 49 15 87 40 38 18 90 68 37 30 72 55 29 61 21 97 23 63 85 79 87 16 61 35 11 1 7 37 81 67 36 15 44 36 81 57 51 46 6 75 13 23 14 7 25 65 39 57 23 14 98 99 23 79 28 25 94 5 33 32 85 52 65 12 95 1 95 87 50 30 19 82 80 12 100 55 93 96 67 68 69 2 27 20 76 33 76 49 44 36 5 48 79 33 21 84 20 13 17 64 75 4 19 82 15 71 93 41 34 10 29 89 31 69 67 97 48 30 56 3 28 20 47 68 78 46 93 56 37 14 15 21 5 90 28 90 43 5 31 24 48 25 2 49 74 46 12 61 95 84 60 14 47 4 63 72 71 98 33 66 45 33 91 28 69 25 11 51 88 69 14 17 61 9 76 63 1 13 96 1 25 29 85 22 90 98 41 60 44 24 6 14 46 99 42 42 71 25 100 73 80 7 18 42 17 46 44 63 81 42 1 32 100 35 81 6 41 26 31 66 84 54 79 6 7 36 15 45 79 91 33 29 58 78 90 5 28 82 30 46 65 30 3 29 62 41 29 37 81 62 20 84 26 18 67 21 17 80 15 87 61 56 32 1 76 40 27 76 38 42 40 23 72 66 100 25 10 45 48 88 15 41 23 51 22 94 72 13 13 1 30 95 61 13 38 34 14 50 86 70 79 20 52 25 35 87 6 20 54 26 87 62 77 38 41 71 43 8 54 96 47 65 15 32 84 32 46 65 22 60 65 12 12 71 21 7 65 75 35 22 80 29 93 69 98 31 89 99 51 58 22 46 86 59 35 94 54 7 100 96 12 84 28 73 85 17 57 86 50 35 87 12 100 97 57 1 66 88 12 26 70 73 60 36 72 79 60 31 34 27 80 71 72 48 6 18 62 76

56 69 42 51 25 31 4 33 41 12 31 14 48 57 4 3 25 41 22 10 49 7 33 19 20 18 46 25 42 2 11 50 35 74 27 44 69 18 44 37 19 23 48 42 56 36 5 24 6 69 16 13 4 24 11 15 3 9 19 9 1 36 32 26 10 15 37 7 33 17 11 4 23 17 4 37 2 11 39 3 11 46 12 49 34 11 26 5 42 13 61 47 26 34 29 10 26 6 21 25 11 72 32 2 3 5 21 34 58 13 36 32 15 14 2 39 30 3 30 16 14 4 20 16 5 36 16 9 6 58 1 11 37 2 34 27 34 46 13 18 2 48 4 13 12 39 3 73 1 13 1 8 41 2 75 34 3 5 14 14 41 26 50 50 12 60 9 30 9 14 24 18 3 58 39 34 21 19 14 9 24 36 34 67 23 55 28 30 8 45 40 3 19 3 21 28 30 23 11 5 50 10 42 2 3 3 23 27 41 23 37 7 7 18 9 12 12 24 4 36 2 71 25 79 6 35 45 73 21 23 27 1 12 16 63 36 18 22 2 9 9 9 9 13 9 1 67 25 48 6 14 9 66 18 12 28 50 46 15 37 22 57 59 13 34 21 41 11 37 15 3 14 13 12 6 23 63 43 7 24 37 18 19 35 6 10 51 57 41 6 29 32 31 3 45 14 33 41 10 52 10 22 5 2 8 28 37 58 58 41 24 7 6 5 66 18 8 46 12 48 3 28 61 13 23 12 42 3 67 19 28 5 81 19 39 27 34 46 7 31 7 51 19 21 16 35 50 9 1 25 10 81 52 7 73 5 34 3 20 7 5 1 17 4 6 16 19 49 48 8 18 3 8 10 16 35 27 29 46 4 13 25 13 5 41 11 46 33 14 21 34 13 44 16 28 23 1 26 10 14 32 1 53 11 38 33 13 17 39 3 6 51 36 18 7 5 70 33 47 37 15 33 57 62 16 37 3 34 4 64 78 22 53 57 2 2 21 18 19 13 41 3 8 6 18 25 18 12 12 47 17 3 30 52 2 56 49 10 3 32 16 49 39 9 9 1 6 31 36 56 13 47 43 32 7 31 23 4 31 12 53 17 27 5 33 30 47 3 63 7 1 14 11 1 22 46 37 28 49 48
57 85 44 78 34 39 7 58 64 32 62 39 71 63 22 5 67 52 46 46 52 59 36 39 66 24 57 25 47 12 28 76 40 88 37 46 92 57 64 39 36 59 88 47 65 39 18 37 15 79 43 52 4 31 63 45 92 84 43 41 27 41 46 39 26 49 76 42 59 46 27 71 28 20 19 65 31 38 50 94 42 81 16 67 45 22 48 35 57 59 65 61 28 65 41 10 40 54 37 29 81 86 59 5 8 89 29 95 72 72 62 51 34 21 65 81 73 24 56 46 21 29 31 46 45 52 55 55 81 74 21 17 70 29 79 46 53 70 28 84 23 70 9 20 32 92 59 91 6 43 52 54 68 25 85 50 49 25 20 44 74 58 71 50 15 66 48 73 22 14 34 42 52 80 50 81 69 51 22 38 31 56 76 92 82 57 43 38 24 57 76 55 38 42 63 28 61 51 13 20 88 48 81 24 4 7 46 33 84 47 72 27 11 54 34 22 57 69 21 66 24 74 94 80 51 49 61 74 23 65 71 78 20 47 67 43 37 35 28 77 55 33 50 32 27 56 81 68 70 11 17 74 72 74 88 47 61 85 89 39 85 69 80 58 49 50 54 42 53 61 55 24 33 55 67 29 93 60 16 34 39 33 33 76 39 76 67 61 49 71 71 38 35 27 65 55 38 42 17 58 66 52 17 43 45 76 82 66 65 53 53 49 75 69 88 53 40 70 14 64 9 33 63 44 54 24 61 22 82 53 45 37 86 33 47 34 35 54 39 45 23 63 20 25 75 83 55 26 1 60 52 87 62 28 91 84 61 8 92 39 80 67 80 34 13 35 62 55 52 58 32 43 38 29 50 38 65 54 54 55 46 35 57 7 75 15 49 67 25 63 47 73 53 30 57 32 27 45 67 35 71 56 60 41 39 46 20 94 39 50 76 55 62 32 51 21 89 59 67 45 51 72 85 73 34 79 32 64 27 73 82 22 93 65 10 52 30 41 66 26 46 54 18 46 45 58 52 18 61 51 60 79 54 73 27 70 60 51 43 43 34 64 45 62 30 15 65 81 38 58 40 86 56 43 58 56 82 9 62 46 73 21 84 68 57 36 52 40 84 18 70 62 18 35 36 74 70 28 51 70
84 86 67 85 68 43 10 59 65 100 95 46 71 92 72 75 85 100 72 62 96 76 68 75 88 73 78 28 88 43 47 95 73 91 73 56 100 65 97 43 36 89 100 54 96 89 28 39 60 96 60 78 87 56 100 75 95 96 90 74 50 68 62 94 61 94 90 79 97 52 97 87 34 96 32 69 89 72 95 96 52 97 70 91 95 33 95 44 92 73 80 91 73 96 68 81 80 94 46 61 98 97 60 32 29 99 82 96 93 87 71 90 81 61 94 97 93 31 81 77 37 71 90 65 96 82 70 91 83 80 44 37 85 74 92 77 64 87 76 94 26 73 35 42 75 95 65 98 90 69 82 91 95 74 92 97 96 29 61 92 95 96 79 79 49 98 82 95 73 50 88 68 79 97 70 84 77 66 98 88 56 77 87 94 84 65 70 63 70 89 92 71 68 71 89 66 78 75 18 96 94 95 89 29 46 14 77 65 91 75 92 88 61 81 58 42 98 91 69 100 54 95 100 81 58 94 63 94 94 97 82 98 70 97 70 66 48 95 82 98 56 71 53 76 71 63 83 90 77 51 19 93 78 76 94 91 77 100 91 71 89 76 100 88 56 66 98 81 60 78 95 75 92 97 78 42 99 86 47 74 83 82 34 98 82 86 78 98 70 74 85 80 43 55 77 80 42 96 25 92 94 78 69 66 93 90 86 78 90 83 80 61 76 82 98 64 80 71 54 77 93 58 78 60 89 84 86 82 91 82 58 40 98 83 71 48 47 89 73 79 85 90 76 42 82 96 93 35 35 66 59 99 85 37 99 90 81 79 92 44 81 76 80 62 47 73 73 83 87 89 42 75 60 32 60 90 93 58 89 90 57 52 60 40 95 79 54 74 71 69 70 91 99 80 65 50 86 84 90 95 84 70 92 46 87 89 100 96 91 79 100 97 63 53 89 26 96 79 92 83 87 79 99 95 36 93 36 96 43 78 99 100 97 86 18 82 60 61 99 72 80 95 50 76 93 89 91 72 83 56 86 100 74 94 54 89 93 61 68 82 76 75 64 68 71 81 85 84 70 76 65 100 77 96 94 67 95 54 63 100 89 72 95 78 96 61 60 71 94 97 90 93 36 36 51 77 84 66 79 90

59 38 24 74 1 33 34 2 9 11 30 38 52 78 85 16 36 8 44 19 38 21 49 25 25 9 7 21 37 13 24 29 37 4 80 75 24 61 84 16 22 34 25 47 11 50 30 6 69 4 2 2 2 8 5 12 8 41 14 20 51 40 19 89 75 95 31 49 56 4 67 38 8 56 57 43 11 35 43 90 32 14 47 3 31 14 13 83 32 34 2 41 4 26 55 74 19 84 40 27 4 2 8 12 46 37 37 11 56 13 36 52 20 57 53 53 84 38 40 35 29 38 66 56 47 7 35 11 44 71 7 18 34 11 85 1 3 3 31 19 2 33 9 36 94 55 1 71 55 33 64 18 38 77 8 90 63 25 8 73 30 60 58 13 8 19 1 72 21 13 4 69 30 9 11 36 23 32 46 52 51 21 3 54 50 27 17 24 3 27 27 26 2 4 88 1 29 13 15 13 76 62 15 9 77 28 24 56 20 84 61 19 32 18 2 55 7 38 17 22 3 32 61 3 45 73 9 61 2 33 12 18 85 58 29 56 61 40 25 19 26 11 29 21 55 55 31 7 3 56 34 27 40 6 63 32 54 65 7 26 8 86 60 20 23 74 1 55 1 45 51 34 89 13 17 6 7 47 45 76 64 14 39 8 10 34 2 10 55 13 17 25 94 19 49 59 4 10 42 38 78 15 64 19 12 97 55 36 45 26 16 63 21 28 56 12 20 9 17 31 38 56 89 10 46 22 12 20 40 10 29 13 4 48 80 58 88 27 26 28 88 49 1 16 33 37 20 26 31 11 32 45 58 1 32 71 59 69 74 10 63 11 6 18 67 45 32 12 3 42 24 33 6 13 19 7 8 67 39 18 1 18 34 72 51 8 30 41 52 18 55 13 72 10 89 5 7 68 68 48 9 22 61 21 38 69 14 11 55 22 21 67 28 13 3 1 2 53 36 44 40 67 46 24 77 30 28 46 43 11 45 18 6 25 27 60 72 55 14 19 21 21 25 17 17 9 28 12 18 36 5 50 43 16 15 29 40 64 27 24 14 77 64 39 11 36 16 77 11 2 63 66 10 41 29 2 17 26 50 35 2 48 74 30 31 16 3 10 37 43 31 1 32 20 37 10 23 44 67 40
68 48 52 82 9 47 47 57 46 96 47 62 94 85 91 87 58 48 83 87 96 45 62 47 42 16 99 61 60 41 24 73 86 4 95 92 74 72 94 97 96 91 76 71 97 74 100 81 86 52 83 8 20 52 54 51 93 71 32 69 74 60 28 90 99 97 50 63 82 63 74 82 76 97 78 68 29 69 69 98 94 62 89 66 50 77 24 91 89 64 33 67 25 34 82 76 20 98 66 56 16 23 39 61 58 87 57 25 94 94 64 55 76 73 55 95 99 70 79 93 99 87 67 73 88 35 58 64 84 79 61 46 81 48 96 81 100 28 92 26 88 87 49 59 99 90 33 83 56 64 100 37 78 92 57 91 63 99 17 81 77 64 86 99 90 74 2 100 42 74 37 89 94 70 24 77 47 82 58 57 82 38 27 85 58 69 32 61 48 76 61 97 87 76 99 69 86 100 81 87 81 86 51 86 83 97 62 86 89 92 82 62 69 74 79 65 31 93 49 32 46 67 65 19 86 100 93 69 24 49 20 40 97 60 67 87 93 94 63 65 54 33 56 34 74 65 60 14 60 78 100 78 73 58 73 89 60 66 84 71 70 93 72 31 77 85 77 69 44 60 72 85 100 83 62 60 68 69 88 83 90 96 95 93 21 88 84 79 90 89 61 28 98 79 74 78 95 13 49 44 89 32 65 56 91 98 55 55 81 49 91 74 33 76 94 61 62 74 31 57 71 93 99 57 74 71 75 34 93 81 96 36 93 80 89 85 100 77 76 83 96 66 33 86 47 72 44 53 66 21 80 56 63 40 47 88 64 97 93 87 86 56 60 61 68 46 36 79 21 60 96 76 24 18 32 16 28 84 92 72 19 65 82 84 61 66 43 60 79 93 93 64 92 13 99 12 24 90 91 78 61 31 84 29 84 80 20 11 75 47 36 77 74 66 84 26 58 87 92 53 100 82 52 34 100 60 38 95 62 64 77 79 7 58 38 97 81 87 35 44 66 43 52 25 52 62 64 32 56 90 54 70 58 39 80 45 54 77 95 54 39 100 98 62 95 87 75 80 41 79 64 79 30 92 58 84 86 59 50 69 51 82 86 61 41 65 31 25 78 67 96 50 42 25 59 91 63 79 80 94

754 1348 1796 184 433 2392 933 471 1708 2636 805 1476 310 982 587 1251 57 3318 164 1387 1452 1495 195 1021 790 637 3570 2706 1927 247 535 480 1077 407 318 337 1742 2166 75 795 891 5640 484 8313 84 1650 2758 977 1061 528 191 7655 48 854 311 1725 2236 145 1167 141 211 5025 3133 510 4285 4971 367 2153 1109 2679 576 1073 580 891 1810 3522 183 3446 955 4942 859 557 100 142 485 124 8533 1144 329 1794 621 84 1286 1749 152 995 1059 3919 172 2133 351 1396 1059 1566 1298 626 651 5251 365 445 481 2569 277 364 62 2523 5192 2140 3629 90 787 1430 1300 997 903 1023 64 2037 696 727 452 1922 2903 471 114 1432 433 878 1031 272 228 2204 1937 394 441 1288 4447 132 3084 997 294 200 441 199 241 330 416 2303 184 843 355 218 5422 1367 3007 31 663 489 857 853 1727 313 914 656 2813 765 3355 436 1304 622 968 82 806 847 387 1134 2201 2748 1842 1089 449 800 151 1048 487 704 273 305 643 153 142 810 804 2776 2578 1291 1920 627 571 1075 908 2807 3329 206 1177 2505 1481 1736 2147 223 1108 4008 492 74 1427 2367 1027 57 509 991 2289 1014 1675 2748 346 385 64 1089 222 1351 3370 739 1596 1416 1616 149 199 126 1451 1105 336 110 2528 1377 86 1766 867 782 2927 1032 1743 2903 120 2260 501 1708 1545 805 3559 793 2227 659 3234 1662 335 1824 967 189 978 1115 313 518 829 4774 497 2549 4762 156 1763 2293 335 501 729 2673 305 599 1450 3164 647 1250 1894 539 1404 403 1041 1501 3687 262 647 594 2308 1511 675 298 691 1888 1439 3695 732 48 1588 158 616 184 901 4684 3049 307 863 1185 1036 1163 4925 6775 3563 2319 1282 3815 1399 681 1476 1284 266 1893 5705 1910 626 891 1927 422 757 389 2011 307 2290 287 199 715 429 654 2915 444 419 580 634 329 1280 164 336 1820 474 3691 1296 2007 2461 745 502 379 2562 420 1118 590 1356 210 1672 1573 1245 1016 1989 908 878 344 605 1871 1965 2477 1030 544 1416 54 134 539 948 1266 405 300 1520 2813 1307 237 3386 764 3511 360 133 1045 407 3342 954 367 1761 2183 1130 270 1049 480 1238 1647 126 384 1036 301 1133 907 1987 1873 6618 1484 610 92 880 117 2316 230 1066 389 3547 1243 734 4168 2810 180 129 656 846 106 1732 343 1822 966 1679 555 1268 175 1443 5292 1236 2944 319 352 2471 1618 974 192 2788 1024 214 826 725 1916 683 805 518 1247 169 5855 5235 3841 364 2477 890 1905 391 1547 843 108 2466 731 185 365
1234 2123 2073 716 794 5052 3522 817 2429 2970 1331 3087 1228 4876 1054 1602 4432 3858 2028 1693 1882 1543 931 1094 1673 8922 3920 4828 3299 649 2918 2966 2251 2098 354 363 6865 3838 522 918 1099 7875 4630 8343 1828 3210 6580 3768 3425 598 2149 9047 772 5224 1225 1926 4912 194 1183 484 1777 9311 3694 1241 5327 7553 4911 7201 3339 6783 774 1091 2372 1779 3320 3749 364 7598 1367 8970 3589 3296 1424 2103 802 359 9594 3913 1035 2072 5954 5215 6361 4211 1909 1744 1320 4970 1074 2709 1671 1916 2220 3478 1791 2086 763 6030 1353 1421 1354 3127 1254 969 7824 8364 6115 3202 5108 1663 1092 1494 1960 2025 4395 1241 1625 4531 1533 1794 614 2907 3351 2900 2319 2079 1396 4177 1537 586 1115 3098 1984 1877 1099 1852 6392 1067 5636 1206 3842 1029 1177 3645 1764 2371 1633 2499 495 906 711 726 6387 2160 4225 1262 1767 3150 1404 1101 3336 1336 3296 1589 3046 909 6425 1058 1565 2055 1260 542 4079 1571 4183 1945 5715 4915 7171 1380 5837 1377 968 1469 1102 1464 6968 6394 1099 203 454 1092 1222 3492 3916 2952 8129 702 1881 1834 2063 4251 3789 2595 5524 3069 2468 4408 4123 1152 1153 5667 2635 787 3284 5119 4204 282 1233 3962 2357 6124 7216 4264 1422 2156 868 2167 665 2173 4496 892 2558 2129 4414 425 1906 748 1505 1692 1088 685 4725 1698 1420 3786 1247 923 5482 1956 5662 5460 3440 8281 2150 3256 1598 2877 3745 1104 2325 1419 3622 1698 1241 3552 999 1928 1491 2162 2080 679 1121 5358 836 5116 7165 906 2250 3412 1714 604 1083 4448 1063 1058 4310 7149 2064 1608 2049 2287 2328 2810 1622 1814 8704 482 1817 5204 2622 1807 956 917 2037 4560 1516 3835 1714 1831 5700 4891 1564 366 1723 4702 3855 7743 4327 1756 1697 2134 7625 8484 4561 4648 1947 8821 1958 1876 1563 2145 518 2944 6001 2333 2359 1646 4881 2025 1097 815 2355 3063 3162 1478 288 1382 3793 750 4137 1883 1886 1867 1992 1365 7452 2891 1762 2564 520 4376 3463 2214 5126 1857 1694 928 5444 603 1494 6412 1464 842 3078 1845 1378 1149 2698 1416 1073 1120 1083 1897 3273 2832 4549 1959 2164 3134 6097 6039 1346 1579 1107 1082 2222 4336 2094 1652 5511 1192 4400 404 952 2137 1326 3703 1092 1260 2860 4521 3078 1728 1374 8522 4742 3678 1688 4208 1104 3903 1151 4321 3693 4661 7015 2669 888 4776 3721 1744 2944 2744 1235 1376 4660 3005 747 4548 3597 4701 978 970 1307 1747 4445 1079 7568 9317 1759 1057 1644 231 2760 8184 5040 3834 588 1491 3361 1706 1154 964 3113 3137 236 1158 1737 2613 1676 1133 2098 4637 872 8538 5538 6219 507 5074 2034 3907 844 2811 1625 1874 4528 965 5336 1310
2059 4233 3945 1331 7675 9809 9372 1543 3479 4699 1900 3666 2377 6067 2245 2313 7233 8935 2521 2339 3829 1996 2366 1798 1928 9832 4245 9262 3710 4219 4455 3596 4473 2387 700 770 9290 4645 1240 2397 3982 8036 9480 9846 2492 8208 9176 9485 4850 2183 4210 9607 1400 5713 2356 3169 8881 2336 2655 1212 2314 9664 9588 4001 5697 8767 6575 8126 4263 7949 2403 3606 2544 2119 4544 9934 5142 8504 1695 9868 6851 3761 1971 2171 2530 4935 10057 4055 1994 2459 10079 6542 6664 4473 2130 2356 1527 4986 1270 3382 2507 3171 2528 4977 2091 5271 2362 6053 3562 1539 2425 8259 4114 1953 9974 9741 8605 3409 6233 1762 3254 3591 1988 2183 4518 1887 2430 8575 1908 1879 1386 3311 3499 6368 3420 2530 1513 5043 1795 2144 1161 5028 2038 1911 2263 2102 7224 2012 6116 2033 4035 3599 1396 9913 2262 3139 1842 2577 1697 3307 1279 2264 8943 2253 4363 2110 2083 3959 1524 1554 4854 2241 6969 5835 4846 2841 9085 2120 2187 4327 2356 9027 4842 1846 4197 8555 7784 8128 7816 4750 8459 2064 1481 3643 5040 2221 8127 7047 4508 3887 1663 4834 1918 4132 4187 4613 8663 2197 2396 2964 4719 8983 9578 3739 9468 4682 4514 8573 4155 1409 2309 6675 2683 1397 4062 5496 4923 582 1824 4380 2389 9039 8018 9693 4018 3722 2868 3228 675 3509 4847 3597 4275 9748 4488 2327 1992 3152 1806 2365 4867 2362 6146 2217 1801 8010 1520 1473 6546 2439 5962 8747 4112 9588 2566 4520 1942 9665 7539 1935 4136 1590 4377 2166 2286 4850 2225 3723 2082 2294 2471 947 2216 9081 3339 6136 7821 1438 7503 4641 2162 922 2159 4701 3331 1619 5471 10001 4999 2166 2743 2312 4101 2871 1807 2001 9165 2001 3847 9519 8971 4312 2126 1190 2517 4565 4709 4538 3843 1990 8130 6280 3931 1556 2480 5421 7210 7879 4953 2101 1972 3429 7648 8490 5048 4777 2556 9226 4978 2392 2236 2239 1965 4982 7049 2590 2554 7202 7797 2369 2121 7687 7232 5245 3235 2167 645 1982 8806 2057 5049 4391 2203 1989 4685 2124 7488 3388 2306 4182 1875 5026 4297 2369 9813 1890 2215 2076 6956 2121 2419 7867 2152 1352 4855 3836 2148 1251 3339 3634 1929 2303 2223 2337 5611 3395 8416 3430 2253 4648 6879 6179 2076 2038 2520 1605 7866 6433 3857 5344 7920 7267 4612 1953 2052 2303 3254 4860 2404 3967 3872 4705 4202 1796 2312 9911 5622 4339 1975 9763 1143 6637 2282 4490 4111 4853 8090 2762 3185 4846 8137 2019 3100 6549 2268 1475 7805 9424 956 6771 3987 4723 1222 1076 4628 1792 7034 1111 8271 9922 9004 1135 2512 2419 4401 9366 9928 4759 1137 4443 4254 4791 1809 1226 3936 4155 1920 2368 2142 3012 3684 4356 5631 8222 1243 8695 9054 6664 2914 5333 6681 6036 2090 6226 2147 2396 4971 2294 7839 2984

483 893 1239 175 213 931 861 458 867 2393 671 1110 262 255 543 860 56 2998 90 1109 962 1334 79 1000 316 321 2404 190 543 129 294 454 393 368 171 273 786 1820 70 602 804 3740 292 6419 73 1411 2055 874 482 357 188 6126 35 437 266 1173 1216 109 476 35 158 2043 2617 366 3207 4004 301 831 1036 1702 234 550 238 550 1197 440 69 2707 376 3143 381 446 90 125 141 65 3011 580 279 774 386 66 1039 1419 105 558 776 3345 137 1478 139 1276 903 1426 1012 523 523 5039 119 381 248 2194 96 348 48 638 4506 1772 3198 42 568 1367 806 946 663 828 43 951 632 455 421 1910 1938 454 67 228 210 424 102 265 210 1942 731 225 315 1175 2323 121 3059 396 37 160 415 62 154 38 288 1606 102 383 326 136 1269 747 1856 27 180 453 593 601 1100 274 460 603 2774 609 2714 41 1270 519 854 55 603 664 236 764 1099 2643 1487 906 243 457 43 189 320 443 268 247 143 145 92 478 377 172 1755 861 1640 311 340 590 852 1991 2110 119 608 674 679 1337 2010 63 905 2558 339 71 567 843 851 24 374 241 1553 1000 791 1545 338 232 60 434 107 512 2860 354 899 352 1086 97 198 119 1060 914 128 48 2079 346 67 1035 864 269 1853 546 1080 2519 62 1477 305 1610 945 548 1829 746 1993 633 1274 1492 318 527 960 40 850 1045 147 449 642 4652 438 916 3345 127 1309 2289 247 261 488 1585 62 385 1259 2466 622 727 557 410 1111 388 778 1315 2623 70 526 263 1692 1510 438 249 565 1720 1128 2251 483 41 916 86 597 154 298 3772 1737 112 841 899 662 1024 780 6292 2851 1943 634 2931 983 590 677 822 52 1685 2667 938 525 390 1126 356 323 376 1493 274 1549 221 172 75 181 306 2355 274 282 401 617 261 878 114 72 1816 371 1605 412 490 2043 216 83 193 2216 63 829 189 720 209 967 1493 1174 963 1813 898 695 290 156 1387 944 996 853 462 1411 6 70 503 907 809 188 165 917 2381 1227 164 3015 359 2981 105 114 389 317 3313 691 244 1498 1340 367 253 271 361 899 1014 79 76 783 267 1091 605 1696 1860 4279 854 573 56 420 106 1513 181 380 125 2446 1209 427 2215 1145 63 89 15 766 99 1483 44 1088 801 1122 250 810 143 821 4767 809 1625 279 183 1450 1010 643 133 1814 557 181 588 586 1090 536 235 407 950 80 1474 4171 2784 287 580 620 1739 274 977 708 26 1909 225 140 231
146 577 1039 117 102 277 542 172 63 1207 164 639 236 229 235 353 11 2249 25 397 29 260 41 428 284 177 1035 97 200 29 58 370 297 266 140 24 613 490 69 38 522 383 269 5637 39 648 244 1 33 201 171 4256 30 78 194 1169 526 83 65 8 41 1914 1678 204 2769 1555 189 161 243 1662 219 399 53 480 104 370 46 684 130 381 323 364 69 112 36 45 2746 361 253 303 127 39 44 984 51 224 539 3221 35 1389 8 271 363 982 242 490 400 2053 48 195 114 1725 20 284 27 532 2717 433 2065 36 140 405 398 460 52 226 39 857 240 349 233 1032 1694 176 22 76 34 265 64 154 26 1475 117 14 139 73 1427 83 569 269 7 7 110 33 150 6 66 1201 58 227 155 77 33 574 550 21 74 12 537 224 381 89 428 435 1099 490 2233 40 1034 1 682 48 12 404 177 715 941 747 451 149 45 346 8 50 29 283 96 119 27 88 72 375 349 11 85 786 1457 300 233 319 817 614 1751 60 384 96 427 258 1097 46 854 2227 229 50 559 753 616 17 272 225 1319 942 471 1152 189 187 11 139 9 170 1903 84 629 178 212 9 16 36 889 832 27 21 278 282 11 139 547 136 1012 88 133 418 58 348 119 1195 875 399 269 526 1166 373 20 1214 277 170 844 30 110 361 54 256 68 3012 94 844 2828 54 709 1553 63 234 98 250 14 49 590 708 414 173 226 318 314 341 366 161 2588 9 379 29 1372 1314 213 142 249 1286 645 677 151 15 899 57 32 20 215 1795 1666 38 417 91 275 398 454 4557 1001 780 574 396 273 579 198 148 5 1041 1876 42 338 2 719 136 281 117 249 191 745 160 131 31 90 42 164 250 205 317 279 12 110 100 5 518 271 939 181 100 431 207 27 13 986 54 653 50 230 83 597 1077 370 182 1256 636 461 180 77 983 373 365 435 117 235 3 10 135 301 312 92 141 694 9 565 92 1671 129 2427 44 98 320 77 1344 495 80 87 688 126 20 57 226 299 74 76 16 39 98 880 45 1179 1154 3740 256 320 40 319 15 883 132 212 97 1928 1040 242 384 231 30 65 8 24 70 49 13 369 740 926 24 212 42 697 2257 796 1179 162 32 586 593 620 33 253 487 60 238 47 673 37 28 336 329 41 1298 3604 1325 123 526 299 1298 87 620 589 3 233 42 27 207
