500 3 2
23 47 8 58 24 17 5 43 27 96 45 32 85 38 54 95 80 4 18 54 45 73 71 22 8 86 26 35 93 17 83 6 96 4 76 63 22 14 72 70 75 92 58 18 100 52 47 74 33 68 59 8 77 71 64 16 34 18 67 37 88 20 54 14 23 12 47 32 10 24 78 38 54 82 90 59 63 79 21 33 21 43 94 76 55 39 95 34 42 90 96 71 47 12 33 92 39 87 97 46 17 39 67 11 9 100 3 73 59 56 57 20 16 22 33 79 15 60 33 63 30 66 9 16 55 42 55 67 75 95 62 34 57 76 84 43 11 21 76 85 76 19 5 3 83 52 50 16 94 20 19 28 8 39 92 8 11 42 89 59 1 79 87 94 54 45 83 53 38 69 16 7 68 30 40 15 31 58 28 2 43 30 12 4 24 47 51 22 11 69 61 12 60 9 17 95 61 2 40 96 48 12 50 29 8 50 81 14 94 91 19 37 7 54 78 33 59 39 67 69 99 69 50 3 86 30 31 85 85 27 47 18 2 60 32 78 89 9 97 40 55 24 9 78 43 65 4 49 59 38 84 28 86 73 82 32 3 20 44 47 54 43 30 11 73 9 99 36 94 92 97 41 36 73 50 74 49 89 14 94 97 69 55 47 71 94 98 59 59 63 90 18 19 28 68 88 78 6 33 40 4 51 93 56 100 96 7 12 89 42 68 43 32 32 94 9 57 79 77 71 95 37 43 74 76 57 13 84 15 15 78 34 76 67 14 2 97 20 85 24 30 39 23 45 31 7 21 68 30 69 44 59 7 11 94 20 41 87 74 46 49 15 41 39 35 26 55 13 39 74 42 53 34 86 64 83 92 96 86 75 58 98 46 8 24 12 26 74 43 60 19 12 41 61 26 13 51 98 25 14 36 65 80 98 87 23 84 90 38 28 17 17 6 69 27 65 72 54 94 45 15 41 38 65 76 87 40 98 62 30 56 91 70 54 16 17 26 71 77 81 52 67 46 78 86 41 56 98 59 85 54 71 11 69 25 11 42 15 64 40 24 23 46 43 25 36 89 41 34 5 10 6 56 58 92 85 37 87 94 14 65 21 97 2 57 5 67 76 8 68 24 78 72 1 67 5 71 58 87 27

10 29 1 11 17 1 41 1 6 17 9 4 47 36 63 75 16 17 30 43 16 60 15 26 44 14 17 26 24 8 1 47 3 30 12 14 36 18 36 13 20 16 18 32 7 30 11 16 12 9 8 10 18 38 4 34 19 3 13 23 24 6 25 32 22 4 17 24 41 8 45 21 9 24 50 33 22 14 44 18 13 19 3 17 50 41 59 75 21 50 3 18 19 31 38 21 23 7 6 38 42 59 2 30 10 61 20 2 50 12 1 9 3 57 38 8 2 4 14 28 45 2 29 18 40 9 15 16 49 3 27 12 14 8 40 58 18 21 25 72 1 11 6 2 23 52 23 2 22 48 40 6 21 5 23 18 41 21 37 32 23 12 52 4 15 12 51 50 24 46 14 8 22 11 22 4 6 27 13 31 12 2 43 7 21 15 30 14 2 32 45 5 73 19 78 19 35 3 6 40 10 28 21 39 5 29 20 8 12 2 4 16 14 74 47 21 37 24 26 9 18 15 91 5 27 9 51 21 16 3 5 35 20 41 39 8 12 44 4 5 18 10 28 2 18 42 2 15 67 17 33 10 17 5 28 6 40 69 23 41 20 53 60 15 6 11 6 21 1 53 1 53 13 28 6 34 39 11 6 15 50 71 40 2 36 32 27 7 38 58 36 12 26 3 46 16 12 19 58 49 18 8 9 5 17 12 49 26 17 28 42 17 1 13 20 7 2 7 16 94 2 2 28 3 20 15 12 5 18 29 38 11 60 52 5 41 20 12 5 4 69 16 57 6 40 7 2 9 26 3 8 4 48 6 14 29 7 5 12 31 33 13 31 12 29 3 1 13 10 59 10 25 2 1 31 24 52 9 48 8 28 14 33 10 52 5 44 50 89 30 52 34 5 39 44 27 46 3 15 21 2 36 18 38 34 42 58 41 3 19 12 65 21 45 10 43 17 36 24 9 48 72 5 6 8 28 49 6 3 9 6 29 6 18 4 19 11 38 5 29 13 5 41 22 53 14 28 4 26 2 11 28 17 17 33 21 2 23 42 39 49 16 10 55 85 54 7 30 23 17 31 6 27 13 70 8 27 18 28 75 8 34 69 7 38 62 55 40 67 1 4 43 2 66 42 2 52 14 25 6
52 38 10 44 34 86 50 50 53 69 49 22 94 67 65 84 35 88 37 69 54 73 25 69 72 21 45 52 78 21 84 54 11 33 61 62 38 27 38 30 58 16 55 65 59 43 95 18 24 78 9 37 50 56 26 90 70 12 13 25 32 39 76 40 48 61 42 30 50 24 60 75 9 63 74 40 61 80 50 27 34 87 14 36 56 76 70 80 58 68 27 63 21 55 45 39 37 29 15 40 66 63 48 31 41 84 51 6 67 42 6 70 25 67 56 80 52 45 90 64 60 57 63 30 62 20 17 24 78 6 51 20 15 33 61 59 22 33 66 82 37 84 17 55 53 57 31 37 55 53 43 41 25 14 34 23 47 40 60 64 41 46 58 42 23 34 69 75 44 71 93 33 29 40 36 5 7 35 74 67 30 14 48 14 53 75 35 65 18 83 48 10 84 21 83 89 53 30 39 78 24 42 29 69 41 83 32 24 67 27 58 46 18 92 67 30 40 32 74 36 22 16 97 63 73 26 78 48 34 74 18 37 61 47 61 19 64 67 26 20 23 46 84 50 55 59 24 34 94 25 47 24 62 31 71 13 68 81 36 47 34 55 69 39 10 21 9 31 18 91 6 88 34 32 24 41 59 69 76 32 73 74 76 6 72 52 47 36 61 79 65 61 63 9 69 30 26 26 83 77 69 78 21 52 38 22 52 51 36 35 54 21 6 64 63 32 49 33 78 100 29 3 96 49 36 35 23 30 51 64 79 78 72 56 33 50 73 26 64 34 79 44 80 35 41 61 72 49 69 33 30 88 68 72 17 45 26 10 84 63 45 54 86 67 32 31 36 63 65 78 78 63 62 81 51 53 59 85 65 37 34 27 43 32 58 29 45 68 95 30 64 37 34 69 73 71 46 48 42 29 72 66 29 55 45 50 68 45 25 51 15 93 58 64 17 47 65 57 26 62 66 82 40 9 87 30 54 61 76 18 76 55 13 92 40 32 36 54 11 98 69 69 55 24 74 16 49 7 28 45 28 45 71 42 56 44 87 67 42 45 64 33 17 60 86 57 33 33 34 25 44 29 35 18 78 29 77 21 43 75 73 78 87 15 46 87 59 48 72 76 39 55 24 79 56 10 93 65 68 39
54 91 55 76 93 86 52 64 71 100 82 29 95 99 99 93 67 97 46 75 85 86 60 98 72 31 84 83 82 87 93 77 46 34 67 74 58 37 59 45 81 20 81 80 88 96 100 45 35 89 92 86 97 100 69 99 98 18 68 38 100 81 87 54 82 95 54 86 70 31 92 92 93 64 75 90 66 94 57 82 84 91 71 58 60 92 76 99 95 74 61 77 88 79 90 83 88 87 20 54 92 90 67 64 59 98 85 73 84 94 29 81 52 69 57 98 88 54 94 79 87 93 71 39 72 94 54 78 93 63 87 99 83 76 94 75 84 89 87 94 43 87 32 98 68 96 94 97 61 73 72 82 59 23 53 58 82 72 64 71 74 88 85 75 80 52 75 95 65 87 96 65 68 58 93 86 61 90 86 70 86 63 63 50 83 84 70 97 85 87 87 59 97 30 93 98 75 48 97 85 34 76 66 91 52 100 78 60 89 42 93 89 84 96 84 48 45 45 91 45 37 38 97 83 85 37 81 75 51 81 97 39 61 68 91 82 69 93 50 27 60 59 86 91 87 97 66 64 96 82 82 99 70 67 78 55 91 96 73 82 45 78 83 62 58 50 50 85 19 92 91 98 62 88 82 98 80 70 76 87 96 86 92 94 87 56 93 91 78 87 81 72 83 32 86 83 54 51 98 96 82 94 71 53 83 56 67 53 79 45 72 59 13 77 65 83 80 84 79 100 94 60 98 88 44 83 54 66 73 66 87 79 96 93 43 96 85 33 68 82 86 67 97 53 55 69 97 60 74 77 51 100 100 89 54 93 94 52 94 72 63 89 89 79 65 53 51 87 65 78 86 95 68 94 52 87 97 99 69 62 97 99 88 52 72 35 99 78 96 84 98 58 99 91 84 96 55 94 98 37 78 71 68 60 96 61 82 84 57 66 36 97 85 68 19 48 76 94 63 100 75 84 48 27 98 89 80 64 91 29 76 78 62 93 75 32 38 89 64 100 84 94 95 45 76 90 74 92 48 45 34 78 78 69 63 81 88 78 75 78 69 78 49 95 97 95 95 61 93 67 94 68 68 98 93 36 83 24 89 83 77 79 94 32 51 92 91 50 74 79 81 57 79 98 74 65 98 91 82 44

46 35 2 5 59 2 78 43 20 27 50 29 22 60 42 1 41 31 70 9 62 68 39 69 4 1 4 8 30 57 67 53 46 24 41 39 41 70 55 5 41 15 31 9 47 13 28 13 4 67 20 17 23 31 20 20 16 4 28 4 8 21 55 14 30 1 5 63 66 37 27 13 10 38 24 40 44 61 6 22 4 22 21 13 42 9 62 9 2 17 50 66 34 38 34 53 4 4 6 15 55 70 10 48 42 22 10 38 29 17 20 55 92 28 7 76 44 5 40 46 26 2 5 39 55 41 19 56 38 44 15 2 49 61 82 53 2 43 24 37 12 91 21 26 32 14 29 33 19 1 30 31 16 70 2 48 21 56 9 24 21 67 27 3 41 25 64 13 75 46 30 49 62 6 45 6 26 67 34 8 81 15 29 4 50 15 40 29 49 21 43 87 48 21 14 36 6 15 69 17 24 44 17 71 7 16 1 24 48 74 19 15 27 26 62 14 52 3 31 81 24 82 73 1 78 25 25 11 67 77 20 43 17 21 58 36 10 54 7 46 20 26 42 52 51 9 67 37 46 25 50 26 16 90 36 30 30 16 18 7 28 9 17 64 11 82 31 10 66 8 10 18 47 54 73 11 13 7 45 69 69 28 90 34 88 27 29 78 36 26 9 4 81 18 28 32 2 78 37 83 25 66 48 21 26 27 16 17 65 91 20 23 47 8 8 13 37 21 12 3 8 55 49 2 80 35 10 36 15 19 24 49 6 20 16 47 20 66 49 71 36 57 75 11 17 95 34 32 52 3 12 68 20 50 20 9 26 44 40 19 25 74 53 17 49 90 7 23 1 25 82 63 53 41 57 92 57 15 11 3 13 4 62 80 55 50 24 75 42 37 22 42 37 16 10 20 37 15 14 7 23 24 67 27 22 24 22 4 23 41 17 26 65 9 16 47 40 43 4 5 31 30 5 30 6 26 32 53 93 40 49 30 40 8 62 13 44 4 27 63 33 74 20 24 11 32 30 12 8 6 22 56 29 13 69 20 11 6 16 1 28 7 86 21 6 34 60 18 12 13 1 75 4 88 43 12 9 1 21 22 10 11 23 27 5 59 14 44 7 27 59 47 32 42 23 46 50 17 56 45
71 59 30 66 87 41 94 50 25 69 70 51 37 78 52 95 48 86 96 48 82 95 99 87 39 14 70 69 55 58 68 61 77 98 87 96 89 79 84 50 70 89 39 56 67 64 34 42 23 77 64 56 67 67 69 66 28 20 78 45 36 55 83 32 74 10 93 86 73 55 85 15 15 76 73 56 56 72 36 58 10 44 89 48 62 29 97 16 55 75 65 76 42 86 56 80 75 82 60 68 63 70 72 94 61 70 66 47 46 81 37 80 95 96 98 77 62 92 85 81 97 9 53 78 74 73 85 80 98 75 41 67 77 92 99 97 14 80 28 100 44 97 31 27 46 79 84 55 67 87 71 83 100 100 89 86 32 81 46 70 70 77 94 94 90 33 95 76 76 69 74 62 74 78 90 54 100 80 59 87 100 71 67 43 54 68 53 84 67 97 69 94 84 99 26 61 31 58 81 83 47 69 87 80 96 35 91 78 63 95 31 80 99 83 71 80 93 60 88 100 86 83 99 92 89 94 100 86 90 81 28 100 63 64 72 74 53 60 83 100 43 78 86 90 76 84 86 54 63 59 96 32 68 100 62 31 86 98 60 49 76 56 18 99 66 94 45 21 82 41 18 61 57 68 89 38 21 97 49 70 73 44 92 81 96 88 56 97 57 80 99 55 99 85 41 39 18 98 57 88 43 80 63 28 51 98 81 81 67 98 66 48 81 45 84 19 88 31 88 36 81 78 99 46 94 40 40 89 22 93 59 82 29 90 83 71 93 94 72 82 96 66 79 78 22 100 44 81 84 78 75 88 86 87 38 69 78 70 55 80 37 94 100 26 95 100 100 35 18 91 92 74 61 51 86 95 96 46 19 14 39 7 95 86 57 98 37 97 99 47 80 81 68 98 81 70 69 96 82 47 40 78 71 58 82 78 85 31 92 100 81 44 82 89 77 100 90 80 19 19 68 38 70 53 85 83 63 78 94 89 84 34 100 87 93 47 95 50 56 87 60 77 66 46 32 62 34 91 82 42 95 91 84 38 77 51 38 13 43 26 68 24 98 42 80 69 65 29 77 27 81 80 19 95 63 79 81 84 76 32 79 34 39 56 28 92 74 57 19 27 91 85 63 70 56 76 55 28 97 90

87 461 4340 314 135 1646 8522 984 622 1152 1604 1800 1000 1003 2338 286 477 2305 2926 85 650 206 2141 127 856 377 3679 260 190 431 448 66 947 4433 172 1267 2748 264 4009 1540 890 774 2097 1526 130 854 661 1267 1063 263 979 2170 1708 742 240 478 823 311 2299 679 779 522 917 77 325 12 579 1455 675 637 3964 1278 1296 4296 2451 2600 1433 648 4567 367 687 1797 3201 227 695 1317 109 1465 2071 663 223 1192 7671 414 2365 174 3103 5649 114 4885 176 1168 1311 7512 6798 1184 2673 517 2166 427 945 2973 1326 2852 735 1723 3160 676 954 2588 598 6552 1408 5178 4857 1404 401 179 1775 1547 1635 1842 400 1053 479 2114 233 672 988 906 966 795 5262 698 5076 219 1113 98 2497 622 1333 70 320 711 1578 61 3829 983 1666 535 1760 2499 1026 139 909 1231 542 510 135 1336 412 1308 629 1089 190 2175 62 892 293 1675 913 127 4099 2628 276 836 105 794 1618 864 334 563 2527 347 1936 841 1844 318 2064 201 119 69 335 2304 1147 1172 2308 514 1183 286 3816 149 3084 112 331 308 1581 3118 2052 1998 1203 5546 1568 596 2340 258 2153 5323 2167 2427 2041 3731 5664 669 377 960 1275 5633 194 1403 338 570 636 1440 891 813 1762 564 1132 601 4050 5473 258 1468 133 787 1673 2997 706 1173 1979 263 481 957 87 168 303 556 2102 8088 654 651 3422 217 481 2696 57 4760 21 747 1597 279 1619 600 709 1293 811 418 2490 99 301 985 196 364 4120 786 2939 822 106 2433 1131 494 94 59 2700 545 743 64 2721 702 4600 555 1680 4561 1443 1444 2181 1675 617 3220 4919 3569 415 2753 1273 1243 3267 418 3062 586 1230 1336 233 2787 3788 36 897 722 738 510 1503 255 706 1513 3272 6577 1525 1647 452 274 4102 817 469 4729 275 2051 5610 5599 3952 1556 490 1102 141 610 1205 526 1213 1041 295 1639 824 1406 1015 1174 3005 1512 605 2198 3554 837 1534 756 2702 2543 644 3544 563 1954 251 1016 1258 2298 486 1446 1116 874 342 4129 562 236 171 1397 865 324 1518 1476 113 2052 642 183 266 955 1499 326 235 460 1026 989 1385 524 2246 127 1322 436 960 1620 1110 1766 365 3530 1132 540 1082 1046 1076 367 133 2486 1136 113 853 924 666 796 2716 1857 541 150 1201 735 3055 1646 5856 2844 272 1056 96 2172 3686 1236 6754 2008 173 1175 1618 376 1177 2887 2455 245 1463 851 1593 2868 724 705 731 2035 298 3579 3528 1131 728 1747 1931 2886 74 583 1679 466 1457 1063 1107 291 1174 2190 1116 1032 953 553
954 1862 5719 3208 6519 4183 8636 1753 8782 2346 2148 6000 2661 1313 3027 1363 662 2462 7561 1085 1766 1401 6325 1217 1302 960 4266 2370 778 1758 4531 1880 2054 5142 1224 1818 6644 738 4330 5723 1062 3142 3162 2232 5690 1731 759 1307 1765 524 1293 3212 2582 1391 1397 1847 1995 572 2940 1333 927 799 1173 517 790 1847 1848 1648 5408 1355 6124 2518 4083 4382 3892 4370 1865 714 6839 629 8726 2079 4561 2040 1271 3228 1918 1825 3423 1617 878 1295 8493 2003 3443 442 3369 6435 1061 5640 540 1184 1858 8319 7322 1875 3945 1160 2375 1028 1552 3274 1411 3233 3788 2110 3413 1422 1544 3188 1019 8073 3005 5813 6934 2739 535 1133 8546 2088 1725 2287 7230 5884 903 2151 424 2133 3234 1027 2336 805 5356 805 6493 942 1776 799 3064 3765 1394 1782 1670 1791 2880 4834 5925 6340 1971 1585 2950 4048 4054 369 2031 2522 1418 842 2235 3136 1051 3845 1218 1108 1173 2732 5269 1603 4739 1921 1556 2020 7866 3102 887 863 2116 1190 2898 1143 584 902 3773 2354 3660 3342 2478 1650 3655 875 3433 3014 527 3665 1637 1751 4736 3257 1647 1312 4889 2204 3864 818 1864 1515 1672 4726 5516 6106 1899 7197 2402 944 3223 360 5938 7661 3109 2788 7555 4542 7237 7730 589 1638 5453 8601 2065 3631 426 1262 3075 7822 1343 977 1983 1317 1399 7599 4156 6984 2043 1594 1499 1393 1877 3047 2088 2822 4235 3292 759 1009 1123 1582 849 1468 3436 8852 827 812 3945 1714 726 4378 1620 5891 2960 772 2644 525 7128 1174 4069 1371 1065 1473 7125 592 597 1271 9632 2501 6301 1228 5122 1359 1514 4016 1494 730 3062 732 3741 797 3161 1503 3277 765 5107 2155 5499 5215 1461 1641 6496 2502 1167 4297 6311 3986 628 4249 2302 1970 4108 441 3495 657 8005 6264 2009 4422 8718 530 970 772 959 1552 1597 3086 4504 1620 6364 8198 1834 2059 769 3323 8389 1286 1124 6169 653 2974 6348 6679 5481 7212 1571 4977 4348 903 2751 1387 1214 5527 2108 1688 2374 1581 1082 1919 7827 4024 3661 4655 6418 862 1906 3254 2728 3914 921 3747 946 2182 2244 1745 2810 4991 1699 1456 1122 1227 1617 4620 1191 1287 223 4293 1189 456 2958 1541 1528 2246 1296 550 2475 1965 2221 730 1411 4308 1247 1188 1569 1480 2587 1558 1770 835 1370 1650 1723 2406 3055 5508 1192 3133 1868 3317 1569 545 503 5867 1137 115 1959 1445 4551 813 3972 3170 643 281 7018 1641 8158 1852 5972 6853 3201 1215 2303 2622 4930 2410 7858 2192 996 5832 2142 1154 1856 7574 3860 766 2128 1190 2135 6701 5593 2395 1317 5041 1313 4333 4442 1921 1792 3175 7490 4237 1761 828 2835 3901 1670 1531 2810 4760 2605 2456 1746 1062 1021 745
2452 3143 6633 4850 7807 4877 9003 2489 9915 2523 4088 7244 4570 1328 3052 1587 1804 3818 9911 1522 2321 1874 6513 2448 1404 2422 4453 4532 2178 2864 9186 2940 2587 7806 1698 2751 9806 2339 4816 8400 2535 4925 4251 2507 9814 2321 786 2363 8368 1995 2217 3421 5080 1670 9055 2184 4444 1392 5294 2443 3770 1590 1384 1742 4279 2402 2795 2227 8306 1589 9790 5582 4661 5193 4741 5421 2254 2466 7616 2269 9177 4866 9662 2385 2539 3397 2485 2418 4371 1989 1470 1839 9512 2066 9165 2836 3385 6890 4264 5859 2465 1357 2306 9310 8455 2479 4629 2106 2535 1646 2096 9883 1933 9881 4876 2341 4705 1700 2255 4694 2473 9214 4163 7201 9310 4771 2115 1401 10016 2813 2005 2368 9832 8818 1357 4031 1204 2375 4978 1517 3418 3177 5921 1444 7672 2489 2322 2244 7249 4168 2980 2259 3346 1858 7146 7860 9650 7267 2137 2558 3889 5002 4265 2151 5035 2531 2941 1674 2398 4772 1265 9380 2487 1175 1837 4839 8133 1635 4865 4938 1898 2384 7957 4137 3861 1210 2799 1624 4569 2226 681 1849 10059 4756 9220 3904 7282 4058 4574 3943 4072 7566 3371 5153 5919 2123 6890 3327 9624 2169 6307 7322 4848 2452 3940 9562 2547 4780 7015 7444 2379 9544 2443 1297 4833 1490 8616 9935 3249 4312 7792 7560 9443 9012 9912 1723 6557 9939 8274 6594 686 1347 8749 9870 1508 1776 2085 2931 3119 9712 4430 7011 4862 2366 2058 1900 3990 3120 2329 4278 8811 6408 1261 1743 1450 2241 1076 2193 5046 9966 4845 1674 7409 2321 1190 5513 7410 6587 3157 2082 4445 8773 7367 2231 7854 3964 1904 1515 9940 2012 1194 4884 9709 3681 6535 2088 7102 1694 4121 4989 2324 1733 6088 883 8506 3150 3934 2205 6711 3230 6136 2391 8930 7720 3851 2428 8644 4082 6716 4601 7280 4037 2474 4302 2379 2410 4654 3373 3998 2313 9619 8074 2570 9941 9752 2858 2176 2676 1769 2139 2187 4896 4580 2348 6520 8678 2164 2142 2211 4306 9743 1985 1256 6535 1851 4557 8861 9279 9696 8555 4007 8837 6643 1722 4217 4620 3673 6287 2860 2119 4657 4810 1412 3926 8010 4797 4675 4678 10019 2104 2065 4124 7861 4296 995 4032 2517 2272 4972 2274 4051 5405 1781 2021 1435 3027 3963 5643 1227 2404 1935 7941 2230 1447 3834 1745 4691 2983 1717 2203 2639 1966 2280 845 1919 5335 2144 2262 9661 1546 2656 2059 2384 2522 2345 1911 3484 2590 3156 6788 2002 3707 2398 3433 7614 7945 1410 6239 1942 1970 3120 2466 4630 1648 6760 4403 2460 2485 7704 2194 9203 2167 9342 7291 3311 1533 4078 5790 5832 4046 9394 2431 1926 8839 6177 6142 2169 9016 4071 2338 2150 1691 2460 8885 9756 2480 3674 8354 1945 6933 8443 2000 2813 4156 9771 4247 4185 2894 4545 4161 1742 1626 4615 5592 6194 2841 2157 2089 4640 2458

78 434 1988 236 19 564 7094 915 78 216 923 1277 382 686 206 54 335 1390 2621 70 468 162 807 121 801 306 1744 234 86 386 338 41 617 1617 126 1258 1433 237 1534 337 689 637 1978 1052 62 501 635 1134 1010 19 490 786 1239 691 229 383 102 269 432 631 670 131 413 60 307 7 328 1311 179 566 3423 320 1280 3061 1781 2350 793 548 2485 266 426 250 1722 163 576 835 80 1166 711 274 168 627 7381 358 1454 133 1455 3897 106 2644 169 944 740 6816 5865 816 1564 469 2031 356 833 2053 1154 2002 425 1325 660 424 851 595 252 5559 835 4754 1588 1262 352 151 647 930 834 1301 273 958 85 1301 91 578 894 342 678 777 3650 489 3680 186 728 84 1459 413 669 51 317 207 870 22 1679 858 829 519 1263 2388 550 102 657 181 153 310 24 1136 245 964 312 867 148 186 44 695 184 819 869 82 3437 1845 184 529 69 355 1584 369 262 544 2205 227 1576 713 525 211 886 185 60 37 121 1671 353 892 1013 460 907 223 3491 115 1870 100 123 247 1405 623 1726 1578 448 5277 239 541 2240 249 835 3264 2049 1518 560 2736 1419 662 347 678 1186 447 168 1390 333 100 226 1141 558 787 514 545 453 509 2472 5043 210 875 88 326 1539 737 480 1165 1706 191 398 942 41 139 133 377 1717 3775 601 554 2691 111 185 1900 46 2851 16 567 1085 250 1548 323 676 895 492 377 1126 67 268 582 151 290 1135 715 1341 277 104 1925 719 387 79 52 2543 261 580 53 2500 435 3189 420 1537 2979 306 703 1012 1474 390 1892 868 183 413 2038 955 953 3193 416 2758 508 999 1270 177 1322 1560 34 280 590 722 419 1469 231 268 627 2262 2911 1267 1426 47 156 2070 581 178 1083 207 1511 3203 5281 938 1067 464 458 120 576 1068 137 977 993 253 1562 616 406 641 1042 1290 1302 579 2072 3115 604 1377 728 1049 2400 319 771 463 1236 162 818 846 1174 356 1362 826 631 180 3410 369 64 155 833 651 142 1018 1086 104 1615 484 176 237 484 1289 309 143 148 365 356 836 480 2129 78 1089 220 404 928 1062 1463 244 3382 439 230 881 885 1065 307 72 973 938 93 72 722 311 570 2308 1782 530 48 1089 554 2701 1165 2243 1722 172 756 88 1771 1291 863 4575 1985 159 390 732 33 1152 1605 1740 97 827 731 1266 1305 607 168 181 1779 126 1488 1590 933 546 949 996 2375 58 343 542 254 194 1012 297 222 130 1235 1071 608 567 415
51 78 1948 127 8 468 4860 387 26 187 132 663 259 39 18 48 268 1053 1686 42 33 157 275 80 520 78 185 175 43 286 42 8 537 746 55 341 27 48 1163 34 427 337 861 218 3 264 381 977 56 13 234 739 563 15 78 215 100 84 318 483 659 15 132 4 250 2 63 745 100 10 2103 111 1081 2847 152 2196 588 429 300 206 228 73 1488 11 509 594 39 482 81 61 64 292 5166 26 1435 31 95 393 48 520 80 96 33 5224 4058 69 694 167 1436 247 827 957 1152 1747 134 940 252 85 773 570 154 550 114 3732 649 696 49 98 596 905 314 970 92 47 37 1146 63 193 40 269 226 678 1660 325 40 106 445 54 561 139 387 41 209 6 674 20 97 295 588 314 1006 1488 186 2 230 81 21 301 16 2 218 597 161 105 35 2 9 508 26 95 557 21 2161 587 128 225 17 198 911 56 96 78 2095 14 101 349 154 83 328 132 30 19 41 410 306 817 390 459 62 127 1163 96 1035 11 100 5 347 427 730 1426 56 3356 52 466 349 138 621 1361 1515 1415 299 675 958 128 293 212 834 290 93 628 250 36 215 381 448 632 267 159 396 409 1451 1749 73 223 37 89 672 566 128 187 754 130 125 552 29 36 45 336 1060 2289 488 349 1470 17 49 1647 16 27 12 259 172 105 288 210 561 80 315 352 839 13 2 445 130 217 491 640 930 76 32 1071 499 368 66 40 1643 71 419 24 625 409 3063 98 255 187 31 565 675 485 302 1817 726 143 80 821 518 878 1517 119 1002 198 830 963 38 486 1169 33 142 352 10 161 1148 22 174 523 691 2698 974 944 46 27 621 16 64 35 199 1293 2919 3426 56 54 304 142 89 556 721 74 16 672 188 1137 488 83 97 771 1003 1274 23 505 2411 51 557 687 331 1122 80 224 11 825 9 382 698 682 34 68 338 303 170 367 299 63 68 556 457 92 110 745 74 522 336 175 86 296 159 260 121 112 303 192 500 128 935 23 12 151 78 831 301 874 131 1852 412 19 21 485 160 248 35 246 365 86 35 686 188 527 288 1155 417 19 442 432 2213 943 1060 1243 161 37 45 109 768 845 1256 851 71 116 481 7 1091 189 25 52 296 174 687 1236 264 23 96 1639 110 1203 502 761 325 515 552 359 11 290 521 155 81 676 74 189 62 379 931 105 49 175
