500 3 2
76 77 90 5 66 83 35 48 55 12 36 22 61 32 29 52 3 37 44 73 97 69 36 68 82 46 73 36 94 50 75 58 67 45 66 82 53 25 94 86 2 68 28 40 53 7 33 80 15 9 78 87 75 90 51 97 4 14 2 81 60 38 86 80 31 57 25 4 76 45 1 29 89 17 41 97 77 33 37 55 92 28 34 57 27 56 58 44 69 51 64 95 99 89 96 21 41 43 84 7 26 97 92 27 98 21 53 79 44 6 6 98 86 90 64 13 89 57 1 95 31 6 84 65 10 22 38 16 77 71 67 60 41 20 23 63 74 12 50 17 83 51 54 60 68 8 73 2 39 85 51 66 30 27 88 12 94 85 18 1 34 64 32 36 31 1 73 86 77 25 65 59 2 52 47 13 84 90 85 60 13 42 58 87 45 10 61 63 74 73 97 55 56 63 45 96 59 33 22 77 14 31 34 41 36 68 16 98 28 11 81 74 97 37 16 72 1 7 17 61 45 5 34 98 84 78 74 45 34 35 54 22 21 55 72 35 5 35 29 96 56 67 16 17 62 87 38 37 8 86 31 88 71 1 8 36 3 10 32 32 62 100 13 14 8 58 37 78 4 55 52 29 91 68 51 68 66 25 37 4 85 48 54 99 69 74 22 95 7 52 85 1 12 92 81 15 21 92 51 57 90 59 95 60 51 71 59 61 59 87 15 7 39 59 23 28 31 40 11 15 35 17 22 13 51 13 35 60 86 94 27 44 89 90 70 94 43 62 64 22 72 34 50 62 38 30 43 84 15 100 31 19 44 42 80 6 10 25 80 14 78 17 90 93 53 58 28 21 87 60 1 84 72 80 58 95 16 25 91 37 81 14 5 59 60 62 89 5 89 1 63 51 64 5 70 66 63 39 40 4 66 33 63 68 88 80 35 3 59 38 10 59 39 83 30 44 84 70 77 40 99 9 67 93 64 41 44 45 24 45 97 17 86 80 4 54 43 44 46 15 46 80 8 16 41 72 100 60 15 57 32 46 2 61 21 68 37 30 57 56 48 74 48 80 37 35 47 34 12 36 39 18 14 90 80 14 50 73 7 31 61 7 60 15 42 33 79 76 50 11 34 86 58 74 66 4 53 67 34 92

15 24 13 9 4 18 19 16 48 14 23 7 33 5 23 37 7 17 26 3 24 32 15 34 16 12 23 13 31 10 57 64 30 12 13 3 31 5 28 26 39 56 60 13 12 13 7 2 46 53 41 24 30 5 44 38 50 26 50 14 12 42 10 29 67 4 41 13 10 22 40 38 12 65 15 66 15 37 17 1 28 20 4 48 42 5 6 2 22 12 11 24 70 7 32 25 40 69 19 6 21 16 79 26 18 29 23 4 10 42 41 43 74 23 34 17 9 23 5 31 45 3 27 4 49 13 15 32 8 11 46 15 7 50 5 27 17 9 16 4 73 23 3 46 12 50 24 13 3 15 42 15 2 4 72 14 27 2 9 20 15 40 27 5 39 15 4 35 7 6 1 3 10 42 32 29 84 22 9 7 39 6 37 31 29 40 29 5 11 6 12 34 17 47 5 55 20 20 34 28 29 56 17 25 47 29 36 24 24 27 30 44 10 22 39 2 27 14 25 14 39 19 38 12 6 62 36 1 16 40 15 26 6 10 27 64 10 23 9 20 38 10 70 58 40 52 71 20 14 13 16 16 7 21 39 36 4 11 49 48 26 22 18 30 65 33 43 40 58 35 3 38 23 38 52 53 37 37 49 8 52 60 38 13 33 34 41 37 2 13 40 26 5 21 22 15 6 1 28 8 42 17 42 31 10 21 27 16 19 8 34 20 7 21 7 44 42 9 45 22 18 12 6 20 5 1 20 30 23 20 14 21 45 34 18 1 66 10 60 12 35 62 15 3 18 21 21 15 13 52 12 15 32 12 20 90 23 40 30 68 26 1 51 46 26 18 49 21 11 17 22 49 2 88 27 17 15 5 24 41 19 14 31 52 33 34 13 17 5 17 8 8 1 5 10 20 9 55 39 64 16 51 28 23 10 35 65 10 61 22 6 33 49 33 14 27 71 17 32 77 34 25 10 9 14 31 45 20 33 52 33 55 11 50 25 8 51 50 58 11 7 45 6 33 63 2 38 26 28 7 11 44 27 13 39 29 3 19 29 7 40 25 47 19 29 40 47 28 21 4 6 17 16 61 77 15 28 83 48 38 2 33 12 15 24 14 33 26 51 36 6 9 3 35 51 16 38 7 2 57
44 49 19 35 45 45 42 36 54 90 24 92 86 26 62 44 94 17 67 6 40 52 38 54 86 45 44 25 37 64 67 78 65 34 78 19 36 62 29 65 46 58 79 16 41 40 76 63 65 91 80 60 59 35 55 48 83 50 94 69 30 59 45 75 74 6 58 20 46 56 40 57 14 74 19 75 20 89 38 42 58 54 38 57 50 40 49 76 60 51 59 31 80 41 36 63 50 75 64 23 39 77 83 32 21 62 90 54 30 43 57 50 85 52 42 17 80 28 69 68 53 36 66 48 66 91 84 46 46 32 70 26 11 62 65 59 54 52 17 7 83 48 20 54 22 68 31 16 8 21 45 46 27 41 73 46 81 68 91 20 65 46 30 24 43 33 14 36 23 39 23 60 12 48 54 35 87 61 12 12 78 51 72 76 30 50 46 52 66 60 28 82 79 56 18 64 33 44 39 45 33 91 76 37 68 31 46 28 67 59 77 49 63 25 61 3 70 16 47 42 68 55 55 27 32 64 89 77 23 86 26 28 18 56 56 66 28 67 59 57 41 37 84 62 49 65 73 43 30 58 57 50 45 80 46 70 79 57 65 85 57 47 25 37 71 90 66 64 82 88 36 76 57 70 58 67 76 46 71 50 66 85 47 48 62 42 54 41 20 35 54 88 77 49 28 59 43 24 51 13 44 20 54 37 72 87 59 67 26 33 44 82 23 41 16 62 43 39 53 41 22 38 55 25 59 51 55 76 34 30 16 23 74 55 39 85 82 27 76 45 56 80 42 39 25 70 34 56 27 67 40 40 48 25 68 96 70 89 43 69 80 33 69 47 31 36 71 24 26 47 45 60 14 93 98 27 55 35 43 61 65 44 38 63 47 50 89 45 27 41 75 31 22 17 47 65 44 56 82 72 72 58 69 39 68 77 71 35 69 75 54 50 55 69 65 50 76 62 89 78 55 36 65 10 16 38 82 57 60 77 50 59 18 52 36 18 63 68 82 53 62 47 51 80 67 62 65 72 53 11 34 48 68 23 88 32 82 33 63 72 47 62 84 36 39 97 49 49 26 70 81 59 17 86 81 70 88 86 71 64 25 37 85 22 80 33 45 27 73 66 34 41 20 47 62 60 65 16 24 61
66 78 60 83 91 71 61 69 79 96 62 94 93 53 68 70 100 28 97 67 97 70 85 90 87 70 81 57 99 75 82 83 86 61 95 32 64 90 35 66 94 96 86 42 69 41 90 96 80 92 82 98 80 46 93 81 96 74 95 88 39 84 95 88 99 26 67 72 73 99 85 84 35 92 74 92 65 90 75 55 61 94 69 65 100 61 99 86 90 53 96 99 84 78 59 78 94 75 64 85 49 77 97 64 40 79 97 91 45 50 82 59 86 83 56 77 97 84 74 90 88 100 82 68 84 100 88 91 84 90 95 69 92 94 98 83 98 89 98 95 83 62 95 100 89 95 76 65 91 43 67 71 96 68 73 47 88 81 100 20 99 62 31 51 64 96 43 91 68 46 95 98 15 68 80 98 100 83 41 46 92 71 81 84 63 74 69 86 92 75 68 94 85 82 48 92 57 77 70 47 96 93 92 82 78 82 69 64 75 67 83 97 97 78 77 38 90 18 65 48 98 95 92 66 64 98 99 100 34 95 73 76 93 96 89 100 33 87 87 81 41 82 89 64 65 94 87 93 36 90 88 66 45 100 87 84 89 69 66 94 79 95 48 56 97 96 85 72 95 88 56 91 65 74 77 79 85 75 84 94 96 90 97 95 81 45 58 69 41 53 73 96 80 57 67 63 96 53 64 54 60 21 71 45 100 98 67 71 79 88 92 84 57 100 55 100 79 98 53 65 67 51 87 64 66 64 74 92 35 60 59 46 75 77 60 91 94 85 94 78 56 98 44 69 60 81 48 77 38 71 51 76 99 51 99 100 81 92 72 91 83 74 84 58 44 48 73 24 74 100 72 60 15 95 100 76 83 97 76 76 68 71 79 65 75 82 96 99 32 42 95 72 49 66 97 71 51 60 96 98 88 83 94 45 87 91 80 80 74 83 62 56 57 85 82 88 100 94 90 94 59 69 87 14 61 44 95 96 85 77 68 94 69 70 76 61 74 81 88 69 77 76 64 86 77 72 91 87 89 60 86 99 99 84 91 96 89 78 72 75 48 65 93 80 57 99 86 90 58 73 91 77 20 99 82 93 97 88 83 98 70 48 87 70 86 87 63 67 77 70 75 72 20 83 89 99 98 99 97 92

11 23 17 89 5 21 22 41 41 57 33 76 51 8 39 55 63 66 31 30 86 14 70 66 65 13 17 12 51 58 27 4 78 13 72 50 44 9 23 41 60 18 22 71 1 67 2 57 10 31 72 10 26 3 43 22 54 14 76 50 13 30 70 9 23 80 94 77 21 26 5 24 3 4 10 76 32 35 28 28 37 14 51 11 8 6 72 54 12 29 5 11 46 14 31 6 7 17 61 54 1 13 32 63 68 41 6 72 23 13 12 5 74 9 14 13 9 42 30 72 15 56 2 9 34 56 58 82 16 57 77 11 39 87 18 27 5 31 56 37 56 16 14 74 20 93 2 59 1 16 74 8 26 53 9 9 52 37 50 23 50 53 8 25 21 19 10 46 73 17 42 31 24 70 37 10 47 22 28 47 50 71 6 25 36 89 52 16 36 16 52 60 49 75 35 4 15 7 34 34 19 53 9 2 41 76 49 64 19 37 29 64 35 21 49 57 13 37 46 55 16 25 3 9 47 1 33 54 36 32 33 22 31 45 20 4 1 42 21 75 54 13 46 45 66 9 54 70 52 71 84 18 42 74 93 43 30 13 5 56 18 34 1 41 3 61 26 66 64 19 82 68 48 52 33 71 9 12 16 61 43 4 24 8 21 30 24 11 14 4 36 1 34 43 51 72 17 72 23 45 8 72 47 11 65 6 28 13 55 26 64 31 14 34 13 29 53 38 18 4 62 39 83 41 49 44 35 51 23 26 6 39 18 45 1 5 51 19 99 6 21 16 6 25 54 78 38 4 19 22 40 82 2 40 35 16 16 5 27 20 10 57 14 5 44 8 8 40 81 37 64 82 15 31 56 86 15 65 16 18 17 22 51 15 63 52 49 17 26 39 71 57 17 20 47 1 23 5 11 57 43 26 55 70 77 24 15 3 41 57 28 12 2 25 50 60 50 14 4 9 43 12 31 36 74 46 4 10 28 8 54 3 64 26 12 20 81 36 33 21 17 5 65 15 6 25 6 63 34 21 7 55 48 2 8 40 6 56 90 91 10 7 55 63 2 44 14 48 44 41 11 9 48 7 40 50 59 10 38 7 33 11 65 34 13 40 2 25 79 38 52 9 15 29 15 16 62 40 31 64
27 53 92 93 11 34 81 75 71 84 87 91 78 59 96 84 90 71 34 88 94 22 76 83 90 96 53 31 55 71 68 48 90 37 95 70 59 56 69 87 69 94 33 72 22 97 8 62 26 38 78 95 84 21 59 59 64 41 93 61 79 91 79 70 41 97 99 96 68 96 49 36 48 11 84 90 38 90 93 62 58 65 70 98 67 43 99 70 64 97 66 69 60 78 76 21 70 90 92 64 97 40 40 70 73 81 54 78 100 72 74 35 77 10 29 21 89 67 57 97 55 57 2 58 84 67 64 82 48 65 97 62 61 95 40 50 93 75 79 48 65 62 35 100 99 95 19 99 96 78 78 22 77 72 75 54 54 98 88 67 55 79 96 43 93 73 16 72 81 52 91 60 83 100 69 67 70 26 86 85 74 98 85 52 75 100 66 64 63 38 64 98 89 83 38 66 62 87 97 70 94 91 13 2 43 90 70 82 72 93 69 92 47 39 60 71 96 85 51 58 40 94 65 81 47 54 89 87 83 33 40 36 49 56 36 93 100 60 92 76 73 32 92 54 88 43 88 79 59 97 94 50 56 80 97 92 48 22 69 86 27 58 57 96 97 78 91 82 96 92 87 83 86 82 50 77 71 80 100 93 66 56 93 51 28 64 34 57 25 46 54 80 61 47 54 91 36 92 62 76 16 77 58 99 74 38 95 49 72 86 65 35 79 45 31 60 89 44 47 19 63 76 87 74 56 100 99 72 43 69 32 76 57 88 33 33 60 55 100 75 57 33 27 41 64 87 58 39 83 23 97 84 83 95 65 48 83 66 67 99 79 83 82 99 62 100 48 79 97 81 98 89 30 62 87 91 75 88 62 66 36 64 79 84 89 70 71 31 93 48 71 85 77 33 60 100 79 17 16 63 91 50 94 82 88 74 66 55 41 86 72 45 42 72 77 62 57 21 36 66 66 88 53 51 87 93 46 75 92 18 73 13 66 45 55 89 94 75 100 45 65 36 89 50 49 89 23 90 69 95 71 95 91 94 99 97 69 95 99 100 34 32 67 70 72 56 19 64 47 57 43 67 51 20 58 94 75 98 57 12 49 53 97 69 32 60 12 96 95 69 94 74 46 96 26 29 79 59 68 67

350 1688 1296 350 472 1008 574 81 1427 2416 2545 115 5005 198 673 1976 187 365 205 2143 1766 606 270 355 694 944 330 434 520 886 1395 3731 112 1511 586 2248 1549 176 1272 1149 190 209 1610 1307 1123 976 3034 2570 82 164 262 4504 471 1851 2556 1241 539 1305 3786 1286 983 1421 1610 641 1472 1089 609 87 2273 303 938 561 7492 83 1077 167 1292 929 1069 3804 626 7273 2429 7443 963 310 68 3282 1136 3124 819 3834 380 5333 1422 823 1722 130 258 1791 1408 372 686 52 116 537 1210 3205 445 411 3645 784 1123 171 710 115 4018 681 26 1172 1605 85 915 1863 438 3278 617 4873 500 5977 1441 3523 270 1619 1494 236 1277 2148 633 546 5964 275 808 541 1149 101 1050 177 714 381 2243 2540 3258 2388 1490 2050 1579 368 1222 3906 1113 2674 5483 1378 2919 1759 2488 356 1206 8791 202 5385 216 837 1245 868 414 1079 1874 3314 2748 2693 155 526 337 85 1220 463 2077 2697 472 1272 2819 603 1407 370 1334 801 1192 253 397 1999 634 492 1127 655 61 2150 4457 708 94 1949 1877 238 604 908 2287 868 428 1820 809 1045 653 1221 679 605 147 369 2127 750 1802 728 391 312 3489 352 226 532 810 1520 1591 2546 1614 1380 1349 1638 3732 984 3162 1094 2100 1342 265 764 786 1018 851 2031 184 290 438 1223 7349 3091 2655 803 269 2714 1516 69 850 1095 665 278 4399 314 4324 4177 1000 1540 753 299 573 1007 1985 259 1192 618 7231 3242 637 3291 2621 6401 1284 1090 437 1202 376 148 1214 331 703 265 1744 513 282 598 497 500 584 835 2948 579 1143 407 107 1781 236 280 1844 435 1010 4618 948 879 514 393 6795 589 3590 2982 282 304 1332 1902 607 1461 1579 48 462 85 194 450 1807 392 534 716 1255 2829 1766 249 3792 96 2983 984 1366 905 1419 868 2619 1381 687 3210 240 5357 280 1361 3263 800 1319 238 921 2070 415 356 1732 5019 136 1438 2007 2159 515 867 1267 1026 1565 283 1307 2 1706 455 758 527 2957 79 153 326 127 366 1996 490 923 668 491 1151 466 974 918 535 64 4353 1035 601 1356 3065 616 1074 852 729 891 3228 4135 366 3743 1698 964 267 469 1623 344 1105 3597 2001 1152 1679 737 5078 4502 3542 877 3008 2593 413 1006 3904 8679 1379 208 1617 605 931 2450 2233 217 381 2660 1926 1902 2246 727 696 1619 109 265 296 761 843 323 952 3215 8138 1365 2875 2424 506 1544 498 4757 3188 569 3253 1643 3752 533 977 173 1156 86 962 1002 1928 1894 453 4058 932 4253 1194 125 4978
2005 4632 1976 923 1740 1071 2185 257 2789 2680 2802 203 8702 699 1620 3331 218 477 962 4634 6792 791 440 1075 2011 1244 1303 1976 3597 2353 4724 4384 2328 2147 826 5346 7750 654 1690 1519 3373 525 1785 1675 1432 1850 5011 3405 307 1183 526 6726 1641 2390 6221 2171 772 1712 8985 1364 1941 1529 5053 5528 1495 1143 1739 6855 3316 1492 1297 3868 9299 434 1234 2128 1495 958 1080 7913 1128 7763 3382 9391 3771 569 1217 4394 2345 3819 1066 7471 1288 8656 6509 7542 2684 154 575 8911 4185 2537 1786 763 126 567 2439 6811 1691 549 3928 1525 1593 2087 1356 882 4436 741 257 1309 1623 1293 2646 6450 1258 7886 3809 8745 1160 7856 5199 4009 1960 1803 1956 916 1789 2283 1595 963 7853 4166 1267 1572 2690 1083 3631 412 1159 2223 2404 2797 5223 4825 4942 3121 1980 761 1666 4796 2380 3345 9029 1431 2925 2420 6353 739 1472 9281 9111 6740 577 3299 1489 1735 847 2814 2270 4965 5959 3772 979 1442 405 3225 3910 848 5820 3578 3693 2516 3438 775 1473 375 1456 1396 1394 1401 1248 3051 863 818 1914 1151 771 2195 4807 2994 1682 8053 2694 1492 3439 3521 3121 978 1261 2450 1212 1433 1884 1468 1447 6035 5396 509 3649 1768 2287 1685 550 2114 5654 1539 520 1470 2247 1765 3729 2822 1920 4725 1616 2623 4730 1819 4944 1205 5262 6554 2282 2243 2145 1825 2295 2766 1802 381 1442 3925 7351 3598 7855 2126 319 3108 3728 1272 1988 1854 1461 302 4500 779 8434 6473 1584 2202 1174 2347 3534 2450 2544 2909 2734 862 7485 3612 904 5479 4251 7001 2258 3635 460 1863 3173 590 7678 732 737 889 2673 3993 859 807 1123 3115 1672 1832 4497 1070 1403 1098 314 4552 304 601 2039 684 3306 5786 3420 4300 556 2282 7566 1944 6110 4895 1552 1630 1814 2446 6098 1601 1831 2201 977 114 582 1746 2668 1962 2463 2283 2458 4270 6768 492 4332 1878 5315 2335 2858 3005 1650 2358 3241 4036 984 4999 1877 8061 359 1634 5031 1214 4047 2953 1293 2303 567 1345 3063 5474 1435 1885 7307 3625 677 945 1984 1753 4436 847 1447 866 2396 546 9287 1752 5505 2059 242 2229 1884 1826 8952 505 4061 1988 1696 2175 3491 1254 1157 719 1053 7782 1256 1292 3233 3441 1234 3610 1640 2849 2862 3574 5203 665 6544 1740 1410 744 977 1733 2268 1574 6691 3468 2258 2806 1773 6903 6611 4897 2956 3328 3913 1009 3138 5272 9455 3522 874 3618 2486 3771 3873 2996 3109 1552 2881 6610 4309 2632 3188 2441 2025 7983 4336 2064 1759 1511 2213 1092 5462 8745 1600 3500 2872 4702 9381 913 7748 4233 1076 6460 2184 4055 1587 1072 606 1864 947 2112 1045 2517 3030 1301 4787 1184 8217 4901 312 7417
4149 4706 2341 2466 1990 1621 3572 493 4901 4297 3273 2173 9659 2494 2297 4457 521 9095 1495 8988 8084 7775 2084 1953 2081 2092 2773 4184 5924 2454 5007 8969 4606 2884 3615 5502 8049 4478 2015 4885 4818 3503 1984 2373 1500 8669 9156 5530 1856 2303 1361 8975 3054 2943 7760 5890 1346 2104 9724 1833 2383 1717 9207 9971 1818 2250 2304 9601 5053 2481 1450 4656 9904 949 1745 5099 2102 1479 1521 9009 1727 9399 3662 9563 4909 1925 1711 7976 3641 7209 1915 8875 1746 9464 9028 9510 3737 4471 716 9006 6407 2741 2298 2231 3631 1559 3068 10020 4156 1269 4341 1672 2127 2266 1565 1559 4790 1463 1991 3403 4637 1605 8976 8202 4632 8778 3943 8938 1782 8524 8072 5346 4948 2143 2271 1634 7336 8791 1914 1225 8958 6140 2340 1970 3356 1918 5152 2021 8732 2337 6725 3242 6620 9161 9248 4830 2150 1955 2613 5094 8220 4876 9107 1580 2986 3046 9377 2752 3799 9543 9882 7186 3828 4701 3840 3110 1220 4769 2428 9769 9405 4131 1838 2263 1210 3735 3960 1348 9495 4272 4400 2789 4356 826 1482 2160 1639 1635 1693 1617 1443 3970 1418 2373 7567 4691 2020 2527 8867 4574 8049 9372 4014 2185 3599 4031 4717 4238 2308 2860 1300 2476 2016 2042 1483 7706 7340 2069 7859 1812 2304 2439 1342 3667 6560 1579 4148 2092 2486 2339 4466 4155 4233 4945 3613 5927 9724 2043 6186 1242 6244 9807 2464 2248 2302 2644 2301 5087 2238 503 1468 4526 9848 4571 8188 2439 710 4704 8793 1756 2205 2003 1873 2539 4987 1719 9368 9955 1705 8069 1936 4420 4644 3403 2770 3769 9750 3058 8479 4106 2175 9434 4863 8220 2411 9014 1080 2966 8725 9024 7759 2433 1960 2462 2947 4680 9780 2515 1865 4065 2099 2422 5143 2101 2469 1235 1694 4607 1762 2825 2536 7544 3645 5982 3617 5913 3638 3192 8611 2495 6700 4955 9009 2310 1951 2530 9385 2155 2293 8658 990 1755 2200 1798 5033 3569 5509 6518 2483 4464 9127 1137 9995 2395 7069 2415 4790 3040 2532 2400 4674 8525 1981 5482 3109 8808 1164 4577 5383 2026 4321 4967 1910 2809 1447 2132 4613 5782 2328 3938 9789 4947 1830 2374 2242 2026 4507 2049 2177 2479 3255 1128 9820 1764 7725 3364 1950 6284 2474 6307 9506 1193 7800 2545 2066 2424 4633 2438 1432 1830 1786 8576 2470 1710 8684 4897 1507 4270 3591 4346 3056 9227 5297 928 7010 1764 4123 2471 1683 2438 2353 2278 9033 3495 2322 3539 2159 9836 8789 5014 4772 4283 4014 2424 3347 7432 9863 3742 1074 3713 4154 4224 4562 4291 4845 3560 4018 6622 8432 4325 3930 5171 2348 8956 6528 2241 2289 1927 4292 2425 9010 9381 2464 4915 4376 6200 9961 1873 8705 4803 4206 7821 2259 4895 4498 1089 1330 2127 2504 2438 3538 2585 5248 1350 8640 1494 8644 9149 1075 9186

129 202 1195 138 400 883 295 49 1165 781 2372 107 3287 177 533 867 64 318 143 1777 743 541 109 177 57 187 311 281 518 835 949 2918 92 848 535 2086 921 90 917 741 140 203 1406 1211 807 583 2925 1675 77 80 155 3452 447 1370 2049 299 206 1194 2769 650 523 831 1075 480 1083 1030 180 61 1918 119 774 406 6226 46 343 103 1280 515 819 2526 379 7179 964 5747 301 175 53 1818 747 640 479 3454 178 5123 1156 731 1555 110 199 1361 707 158 288 42 65 457 1182 2336 422 258 3168 769 789 92 557 112 3675 616 24 916 1396 52 567 702 202 2308 155 4044 137 5060 768 2772 230 396 878 163 937 1837 456 288 1580 199 765 183 1032 87 913 168 403 303 1742 2166 2354 2276 1211 1807 616 57 517 3735 516 2547 1395 1051 709 859 2281 337 444 4965 126 1565 76 266 795 41 149 637 1782 635 2419 1208 149 465 308 77 591 249 979 1533 163 1199 2076 497 1189 342 1176 645 520 240 385 1489 447 205 295 465 48 1714 3410 616 6 1788 1608 204 474 845 1215 451 290 1111 537 982 273 1154 672 141 106 316 1301 300 251 264 195 286 2981 253 55 366 799 1478 1455 1706 1565 1232 728 1441 611 788 2274 173 1200 1169 50 693 666 652 205 1337 103 203 418 1137 3804 3009 2434 363 238 797 1105 51 443 475 289 223 2850 271 2049 1147 520 636 736 31 531 172 1415 56 601 543 1359 3240 616 1224 1949 6027 1005 763 427 1168 15 45 651 270 268 167 1664 82 160 362 215 445 430 262 2320 102 815 311 64 194 181 28 89 386 705 2956 809 524 501 117 5909 454 2064 2277 87 40 925 1883 168 1295 1073 27 392 54 132 430 857 259 245 636 448 2714 1403 27 2234 83 2019 799 1034 802 1241 757 1457 1178 507 1537 163 5238 252 993 3049 459 1087 54 635 2022 336 42 598 2298 38 590 1311 887 323 522 764 997 522 220 1287 1 1510 132 637 473 1768 38 104 250 106 342 1742 481 895 421 483 605 278 625 896 334 5 2830 1016 399 1248 3000 131 1038 509 667 591 2866 3896 331 3637 1684 565 167 456 468 267 1066 1908 1951 679 1378 417 2573 3952 2830 477 1747 2287 384 352 2064 7432 1300 133 436 584 693 2344 155 66 71 621 376 1235 1296 688 649 1235 42 157 161 564 492 212 209 3078 7971 1020 1996 2151 320 1445 337 4731 2619 499 1509 1457 3304 437 572 159 505 62 399 909 672 998 400 1557 796 3179 890 109 2857
56 113 1011 40 13 448 188 2 936 369 384 2 1553 53 148 316 18 154 105 1768 93 197 95 150 50 119 59 45 4 249 450 1534 11 435 501 1888 397 61 852 362 89 113 1216 666 567 229 2168 1434 64 62 124 937 429 30 655 86 153 408 166 301 84 595 981 427 189 745 136 25 761 47 343 102 1135 15 44 2 1196 143 507 287 182 2887 790 62 230 154 6 1447 325 245 166 1017 144 314 636 21 487 72 169 859 443 135 3 26 31 205 197 416 339 186 1713 444 222 23 91 35 610 252 1 629 84 13 518 40 67 1554 4 1697 79 2593 617 781 9 250 664 25 468 1621 346 225 1268 85 591 126 1020 5 735 152 163 280 335 1199 389 1832 648 1060 607 30 318 969 252 2217 485 780 628 310 625 159 107 906 117 146 73 157 184 30 138 269 359 25 1937 448 30 17 34 64 59 196 100 908 49 231 2051 93 887 215 386 258 99 145 384 1396 64 107 40 128 27 781 535 559 2 537 704 194 16 484 114 333 66 602 413 749 33 235 519 9 26 251 416 30 97 102 140 260 2609 68 11 59 520 1277 343 1009 668 43 51 27 533 460 1614 62 749 308 11 349 34 97 7 706 66 25 178 257 3225 1218 81 153 160 347 710 42 44 408 139 41 2134 150 927 671 411 452 170 26 459 145 817 50 522 230 814 2390 309 61 713 5672 639 496 231 307 9 10 512 102 186 4 796 51 97 116 35 397 67 138 2123 82 188 81 33 59 69 23 58 205 264 463 284 95 234 93 1899 164 13 558 25 1 830 1564 94 155 615 7 271 29 113 61 849 7 112 294 423 742 1363 9 1910 10 724 274 587 329 1 289 466 86 296 406 71 2136 158 278 389 378 777 40 101 478 70 31 470 1278 21 9 631 770 212 188 298 517 225 141 443 1 878 93 459 2 1489 30 3 242 25 29 1266 280 384 41 453 30 49 272 126 233 2 1477 632 92 311 2300 100 584 479 116 448 250 1428 99 392 1667 535 81 201 385 101 223 113 998 157 711 338 876 2457 186 33 476 1799 258 306 1683 2019 836 77 87 213 504 1388 137 64 39 426 129 107 438 487 615 732 10 156 13 345 140 148 178 2411 312 837 129 605 21 301 82 2217 35 49 1392 992 192 317 56 142 465 39 199 447 619 710 154 403 737 972 641 13 392
