500 3 2
54 13 67 53 28 73 41 13 66 82 10 44 87 60 6 40 4 36 33 43 13 84 71 29 28 84 59 76 62 42 8 94 50 65 14 15 75 13 66 85 8 94 31 72 37 41 21 24 92 10 47 24 22 83 9 13 38 50 29 39 88 76 57 92 30 45 11 90 61 19 68 46 53 91 50 74 57 4 23 1 30 73 13 25 51 86 91 16 65 100 24 11 14 73 14 42 65 83 24 77 50 70 24 14 33 86 50 33 81 95 5 46 4 38 91 49 39 48 20 79 15 65 93 94 10 48 97 91 38 10 77 8 74 95 39 23 30 61 100 3 32 44 95 10 83 61 80 32 71 19 30 54 65 71 49 51 63 22 16 5 51 2 4 65 33 45 98 65 12 52 41 67 2 36 57 33 100 41 49 21 31 18 66 96 64 56 98 88 23 87 75 21 22 83 22 33 28 49 12 8 89 37 7 85 40 87 93 59 19 54 84 60 2 33 3 32 12 33 34 56 72 1 23 99 57 21 36 7 26 77 84 80 54 23 31 89 58 42 36 7 11 9 93 2 5 63 88 85 30 36 92 25 58 59 39 5 74 44 36 46 26 57 45 36 47 82 46 2 9 73 46 67 54 85 1 78 34 39 79 22 89 33 100 2 96 86 22 82 89 68 99 100 9 71 73 32 23 13 60 5 38 90 57 79 16 82 80 41 20 80 45 54 78 59 10 92 93 16 67 54 4 43 66 10 73 53 36 13 10 12 65 43 9 58 53 17 62 33 87 55 12 89 14 35 90 11 93 23 92 87 77 21 64 40 61 2 51 40 1 89 13 67 83 3 64 85 34 84 25 51 51 8 91 36 2 9 5 98 52 44 30 46 50 61 66 5 34 43 13 74 9 57 50 63 13 72 21 30 43 33 88 27 20 27 68 92 71 80 84 44 72 66 51 11 56 35 44 65 30 19 4 60 57 6 30 60 41 17 42 77 49 89 11 82 100 48 5 18 65 49 4 24 3 8 51 46 54 21 34 70 48 53 54 27 35 36 65 15 68 51 78 7 37 1 33 79 43 5 51 26 21 44 17 12 42 38 25 17 72 79 6 18 47 50 56 9 88 92 4 63 78 13 53 2 6 3 32 77 98 1

31 6 42 12 18 14 23 11 36 27 71 8 18 8 3 13 26 3 4 47 3 6 24 66 3 16 48 42 11 62 29 48 6 73 22 29 13 34 62 29 24 25 27 9 73 4 6 45 23 28 39 7 4 29 1 13 29 30 36 52 24 6 8 13 16 56 25 9 15 31 49 15 5 25 25 7 26 10 1 51 7 12 6 50 41 11 5 11 41 36 1 50 5 11 25 20 30 7 26 33 49 15 20 56 24 41 43 32 32 23 45 3 37 5 18 35 44 16 33 22 17 39 52 27 22 25 3 1 2 12 10 20 18 17 2 15 20 12 7 51 39 13 8 23 15 79 49 14 4 26 41 44 2 15 15 56 18 55 67 20 26 8 38 39 65 17 7 2 22 46 41 52 71 22 68 89 29 49 10 23 41 2 22 41 75 71 38 22 25 18 17 5 38 36 19 11 22 38 20 48 65 55 5 36 50 9 38 11 42 22 26 24 8 5 11 7 40 2 17 13 46 4 8 16 18 24 27 6 62 59 48 35 13 13 2 5 49 8 48 47 5 23 56 34 12 60 47 60 15 63 15 54 21 46 6 13 11 17 2 2 32 63 42 65 51 31 2 44 25 9 5 41 11 2 17 22 1 6 58 4 33 30 1 44 15 40 5 18 20 4 1 37 8 2 54 25 44 2 61 6 22 4 3 25 22 18 25 40 7 15 15 49 8 20 51 6 19 23 19 2 11 26 4 22 28 44 17 8 12 36 7 13 26 56 19 55 57 75 61 14 4 68 25 56 33 49 49 27 9 4 15 46 2 25 23 32 43 43 17 14 10 5 5 1 15 22 42 23 24 42 31 3 30 30 2 20 21 29 27 12 31 18 28 5 56 27 43 41 53 19 52 27 32 1 7 30 2 30 46 29 64 17 7 15 31 1 42 22 40 25 25 25 52 26 29 7 49 28 27 9 16 44 61 15 8 44 37 4 59 77 2 38 12 22 41 78 48 12 31 3 2 3 2 25 3 43 28 11 26 9 18 49 39 78 42 53 34 5 58 10 2 26 45 3 26 9 7 40 4 27 3 47 22 6 77 44 55 18 4 43 19 1 19 62 47 18 1 6 9 4 71 3 29 55 8 7 11 47 19 4
62 80 69 46 24 28 47 58 59 61 83 17 25 32 53 27 96 10 33 85 24 21 90 71 84 47 73 56 50 93 47 60 57 94 58 56 22 46 87 85 64 47 28 52 84 9 10 55 54 37 58 8 44 54 35 55 65 82 53 60 95 79 29 83 47 62 27 90 41 57 65 29 35 39 41 69 43 14 36 85 10 54 31 71 64 36 48 28 58 74 65 94 55 45 29 52 79 15 40 68 56 36 40 59 27 56 52 43 66 78 47 32 79 43 60 53 79 56 44 90 24 39 76 62 85 74 66 13 4 78 83 32 35 70 13 36 89 14 50 53 57 18 29 64 49 86 53 18 42 32 56 78 63 52 21 56 27 94 68 66 47 30 50 49 73 27 80 32 53 54 44 72 79 29 90 90 60 69 76 40 68 32 33 60 80 72 68 76 73 34 45 13 38 36 71 36 76 47 44 58 66 57 8 39 70 42 44 60 94 58 45 46 40 45 32 34 47 2 45 65 51 7 53 56 85 27 46 68 73 70 64 54 31 23 50 6 79 16 70 83 57 33 75 56 32 72 79 76 40 79 59 66 44 74 42 63 51 59 36 23 47 82 43 78 57 71 53 85 56 51 11 50 77 9 41 91 17 45 91 77 49 97 46 63 61 61 12 26 51 60 5 61 53 22 62 84 62 20 61 72 23 47 10 27 47 44 59 52 16 57 17 93 16 45 68 18 41 46 32 14 94 64 73 56 38 46 27 26 34 43 16 45 30 96 89 73 68 92 84 15 59 82 73 98 56 62 86 77 10 28 43 69 9 31 58 46 88 49 44 69 47 28 9 2 27 39 73 90 36 87 65 45 35 55 42 60 44 29 89 29 40 34 49 62 85 54 59 94 72 58 71 76 55 43 21 42 7 43 54 68 85 25 35 32 76 52 56 78 62 36 30 35 56 47 40 48 76 61 63 16 19 81 68 45 9 71 69 63 74 80 53 57 50 23 54 85 81 37 51 17 65 53 7 50 38 64 58 17 47 15 71 68 63 80 68 55 47 27 76 37 11 76 48 49 93 63 9 56 4 80 8 52 32 34 79 72 62 20 15 63 79 71 29 71 64 52 21 34 35 41 72 33 90 59 61 28 15 56 33 23
63 91 98 47 90 32 50 71 84 84 93 76 89 56 88 67 97 64 89 89 37 63 96 76 86 49 99 71 97 94 91 83 78 99 62 70 92 88 95 99 76 86 39 88 92 78 36 77 72 98 83 80 61 94 91 90 86 92 98 61 97 91 91 93 62 86 81 96 51 94 99 73 44 71 57 73 94 72 38 86 95 89 49 99 74 95 48 37 98 90 73 94 71 52 62 71 100 84 100 94 88 72 79 64 43 68 97 59 81 83 94 32 90 100 89 75 87 89 44 92 53 57 95 75 91 89 74 89 67 88 88 33 39 70 74 47 89 38 59 95 93 50 96 72 86 92 95 68 89 69 100 95 93 92 39 92 88 96 77 75 53 100 60 62 77 42 90 98 73 67 82 80 98 93 93 99 62 98 89 45 73 92 90 72 98 97 79 86 79 42 45 49 70 46 95 78 87 70 79 78 74 60 100 85 88 95 64 67 98 80 48 72 57 67 96 48 72 32 75 66 93 16 99 95 87 75 98 82 76 73 100 94 53 41 78 70 97 40 92 96 86 48 98 99 73 95 81 98 87 90 96 98 91 96 74 65 97 85 95 70 97 89 59 81 63 82 91 92 71 90 49 71 80 44 60 99 99 61 99 89 85 98 57 67 63 98 58 50 74 62 16 70 91 44 97 92 69 23 66 73 96 54 95 31 48 70 62 89 63 85 19 96 19 46 92 83 78 91 83 86 96 95 80 71 77 51 65 76 72 57 33 98 92 100 92 83 85 98 88 87 89 95 88 98 59 78 90 92 58 79 100 90 10 76 91 69 89 69 87 72 80 92 53 37 77 95 84 99 55 100 83 81 74 96 42 62 75 85 92 59 76 50 57 70 96 90 73 98 84 92 97 91 78 98 81 99 27 98 81 93 93 71 82 65 97 100 86 83 78 71 59 62 75 78 57 85 100 63 86 47 24 95 96 93 59 80 89 66 97 82 65 70 71 91 74 94 95 79 89 38 91 67 59 98 47 91 93 42 99 66 94 92 95 85 79 91 87 52 97 80 52 89 89 80 94 68 86 98 51 82 46 88 70 73 81 100 78 79 61 95 81 96 73 95 87 81 70 36 65 93 83 46 98 81 70 54 71 71 99 94

4 24 4 52 16 3 11 16 6 32 52 30 71 43 5 27 15 27 59 52 43 4 8 18 34 4 20 67 1 23 34 31 28 14 24 24 51 43 35 57 39 55 98 56 21 13 18 23 42 86 42 8 47 64 47 46 59 22 22 50 31 52 37 8 12 62 7 55 60 3 69 50 9 6 26 25 4 25 16 50 37 39 1 17 30 13 38 42 5 29 92 25 10 29 52 24 22 43 8 83 16 6 63 32 29 3 10 76 29 50 84 51 5 1 28 93 17 44 38 9 22 28 25 22 58 16 29 8 48 21 12 8 5 59 60 32 51 77 9 41 41 54 30 44 39 27 81 31 1 48 27 1 8 73 59 20 70 11 86 44 1 4 60 24 31 6 4 15 16 75 24 17 77 19 14 11 31 45 20 33 66 8 17 18 67 44 15 14 19 6 25 19 87 59 4 92 6 20 20 33 3 42 18 42 60 2 58 52 19 26 13 60 4 11 70 49 15 20 44 39 32 21 1 61 19 18 12 44 3 32 49 79 87 2 25 19 3 77 3 24 52 15 14 45 33 1 60 57 1 3 8 35 3 43 3 27 68 18 22 14 50 6 32 33 45 29 64 8 80 46 90 20 98 18 63 24 27 50 29 53 16 62 14 25 22 26 3 4 12 52 39 62 27 56 14 2 33 24 24 8 31 66 3 47 6 62 38 13 27 42 23 32 70 1 10 64 62 34 56 1 16 7 67 75 29 87 36 42 47 5 11 72 39 8 85 20 40 65 74 18 47 35 40 49 3 9 8 51 59 37 11 31 31 41 29 65 91 69 34 24 72 19 31 72 64 21 41 52 6 8 65 9 11 49 20 82 21 38 15 20 13 18 25 51 44 14 37 58 9 15 40 31 40 2 57 29 49 23 6 52 34 21 6 17 33 82 26 77 58 7 4 56 2 79 62 36 94 38 76 24 12 62 65 61 30 25 43 32 28 16 3 11 68 13 79 6 44 14 5 88 19 14 29 9 58 51 23 60 26 16 54 3 17 17 16 56 61 23 16 63 35 95 26 6 14 75 47 77 23 34 40 23 3 57 59 8 4 15 37 29 7 47 3 36 45 61 5 43 5 71 72 38 34 63 2 2 29 71 72 48
47 94 9 95 55 30 52 62 21 54 58 52 87 90 79 86 47 95 99 81 88 6 15 23 92 11 30 70 28 38 35 53 77 82 67 67 91 79 91 95 84 100 100 72 88 76 96 78 73 88 55 75 99 65 73 77 75 87 89 81 52 86 54 22 59 65 97 90 70 8 69 97 82 82 98 85 96 28 61 87 49 48 78 47 71 45 62 91 88 76 95 38 19 77 84 39 28 51 65 96 96 94 64 70 70 16 100 93 65 73 95 57 76 58 63 94 69 59 95 50 95 91 73 97 70 52 57 70 96 75 25 87 7 62 86 58 91 79 15 61 57 83 77 89 88 41 88 44 79 90 41 91 9 79 67 29 85 82 94 97 39 82 65 31 63 8 34 95 84 94 82 83 86 99 56 67 48 63 27 92 78 36 55 59 91 91 86 15 25 13 72 20 94 95 39 98 39 44 35 65 72 78 69 88 96 82 99 76 50 59 23 83 52 79 92 94 24 73 83 56 92 69 45 86 41 29 42 66 84 61 83 85 90 95 57 46 69 79 100 46 68 23 74 85 45 69 80 80 58 67 52 90 58 78 34 62 86 60 40 59 58 93 36 76 93 47 65 17 84 76 99 74 99 36 76 26 57 93 100 99 71 81 95 85 44 73 71 51 69 68 47 84 100 88 83 14 65 64 35 21 60 88 22 61 97 78 88 85 45 79 34 40 94 48 67 82 63 43 66 49 53 45 87 89 36 89 95 91 51 26 83 78 40 50 86 55 43 83 87 85 89 51 95 56 83 18 62 66 72 72 43 36 81 95 69 69 92 85 58 66 91 75 64 79 68 98 61 96 56 34 95 11 84 63 25 98 34 52 79 84 42 95 95 61 75 72 76 72 74 19 54 63 79 93 77 85 53 66 51 53 85 41 69 87 78 92 33 84 68 15 68 58 13 87 98 80 99 69 82 26 17 79 72 89 30 38 91 90 69 44 29 35 71 86 91 23 69 61 76 91 89 24 39 30 64 82 57 95 95 93 60 22 70 42 91 79 81 31 94 81 79 99 35 57 80 75 57 95 70 87 100 52 71 85 92 91 33 91 57 87 33 54 81 61 81 70 36 67 44 99 80 69 49 87 84 26 92 75 93 60

1482 899 1864 1990 1879 172 1718 213 155 1809 85 643 1635 265 2118 4634 208 5965 5699 1020 613 299 6937 2458 739 323 943 429 1809 1494 462 621 780 750 183 1140 2901 407 1453 141 980 901 881 968 2858 1233 5389 222 1275 15 1792 2507 263 1173 260 1672 1169 707 205 66 1090 277 910 808 46 1130 1671 2158 3008 506 2608 986 165 600 533 1434 468 1163 575 845 889 1933 672 73 1541 1589 3342 392 135 2700 1984 89 635 2376 2316 274 1040 715 1342 572 3265 757 675 1006 107 1131 3024 1113 2512 829 6381 308 2033 1722 174 344 3325 61 2966 523 18 585 2012 2195 801 62 1694 1787 418 1034 1017 199 164 1295 4157 374 267 719 303 126 570 2489 2667 912 5819 2564 783 662 672 2483 675 3055 522 519 469 1368 698 1079 2198 1411 57 138 6543 1316 2558 602 1635 3535 2071 725 1697 593 241 673 4047 2151 1481 2362 1377 352 397 552 2361 1968 5695 659 195 1460 1822 1019 636 1001 2611 334 780 659 1019 1194 1518 476 3258 124 72 2069 1532 407 1493 156 766 926 1817 1249 1131 1659 150 2160 395 3139 415 182 205 2798 2217 148 1371 4127 714 269 666 6043 151 7720 1599 3621 980 116 1663 1945 594 237 2420 864 811 1304 2060 1308 2276 139 1754 805 873 718 2141 8753 333 859 469 3206 478 4544 4970 7200 4638 519 504 648 9046 2454 1740 3270 1133 3935 116 2120 1958 172 1259 563 2214 1114 323 6008 644 2562 1130 1350 571 6563 219 5239 4116 5172 562 1086 706 1014 1558 205 4670 1203 2746 3185 1446 3057 1990 1948 3120 4316 273 327 351 316 1211 213 441 385 5175 272 3484 477 729 152 3545 323 308 2098 1330 5159 401 376 618 312 380 1048 94 1423 245 1653 984 354 948 940 2012 2067 351 30 2226 89 2903 1434 1606 561 939 2210 2578 42 3235 51 584 1244 244 2825 6311 188 1179 1525 576 673 638 102 144 64 867 1504 5030 1808 64 152 1049 1151 585 1641 518 1637 650 264 1190 222 4225 1924 1442 709 1158 1150 1010 581 3096 608 174 6635 803 325 1144 1072 160 525 5097 210 591 7615 8669 467 659 1304 1272 756 870 503 1140 4001 6507 2735 806 565 2811 73 3169 4259 784 1175 144 1331 751 413 1342 274 632 1020 1135 292 473 1390 1005 1121 859 508 495 850 779 1498 1940 1594 619 3502 1038 4471 374 1093 7133 84 104 1027 1350 686 2241 431 493 244 1207 70 757 404 2744 1811 1155 2479 1334 860 3062 908 4852 215 1007 666 173 3289 395 2246 974 5597 3610 1310 2176 519 477 639 333 553 269 2517
2083 2176 3174 2123 1913 863 2715 833 5259 2048 322 1010 5329 879 5597 5247 1438 6848 8066 3027 1981 479 8233 2857 1173 413 1567 1797 5374 2203 1036 1553 1238 1119 1141 2054 3062 4138 4563 4803 1917 7573 2118 1721 3386 1799 6135 4239 3422 33 6613 2534 1226 1919 614 5540 1603 851 3351 3103 1831 1171 4998 814 878 1970 5204 2443 3496 5185 4802 1926 1148 732 2374 3069 1180 1375 6909 2983 1455 2016 1017 1401 1670 2220 4557 1037 1242 5830 5934 1266 1691 5962 6142 354 1064 2001 3226 3894 7379 1407 770 3074 1053 2164 3678 1959 3441 2050 7099 581 2745 1906 1784 1138 6576 792 3669 1826 772 3180 2373 2619 1361 3709 2443 3965 551 1359 4150 1347 2058 1674 5635 1231 422 942 1623 522 1841 4245 3873 1301 6363 2651 2018 5008 7270 3620 2962 3274 678 684 912 2428 4983 1375 3732 2565 950 1306 7974 2547 3124 663 1980 4698 3622 1279 3782 1564 949 2399 5995 3641 7644 3345 4548 1998 4721 4184 4033 4132 7267 1570 794 1558 2784 1064 782 2011 4445 1899 906 7136 4064 2226 2869 1555 3537 1898 825 2780 1562 1325 1590 1188 1656 3528 3735 1990 1700 1944 2260 4779 971 4371 3941 319 1447 5814 3181 1014 1584 4169 1803 1295 1975 7183 2591 7890 3351 4246 1191 1459 4316 4158 1552 1000 3503 1111 1995 1665 4608 2949 2371 389 3207 2664 1763 2216 3560 9285 361 1464 3430 6045 2481 7304 6190 7827 4642 3625 5603 9233 9189 2726 2334 8059 2569 4906 838 5468 2719 360 1437 921 2293 4908 3306 7537 792 3487 3390 5950 2977 8104 3311 5399 4451 5843 954 3438 2096 1825 1840 268 5387 1769 4709 5087 1475 3390 2121 3440 3375 4881 567 811 968 1422 1582 2796 4087 1777 6664 1306 7505 1469 1448 5156 8388 637 7240 2582 3637 7284 1763 1779 1548 1286 1837 1310 1317 1839 1165 2506 3375 395 1590 3931 4209 2383 1043 1025 3851 3227 4537 1953 3757 2912 3390 7778 6241 335 6231 3145 1042 1576 1061 5668 6832 545 1216 1745 1261 1494 1377 2315 8767 603 1237 2771 5845 4292 559 243 1495 1231 984 1821 1080 3952 2500 343 2198 1480 6913 9358 4390 1913 8529 2293 4401 4086 5484 3654 1028 8746 2204 1898 4906 2391 1221 2516 6144 1243 1220 8388 8853 4811 2708 1493 3898 1911 1161 1005 1424 7269 7849 2990 1617 1080 8876 259 3463 6427 1955 4759 476 4615 2996 1659 2031 9715 1253 1749 1248 794 4349 1728 6912 4655 4136 686 2778 1521 3943 6150 4328 3076 1593 4169 8802 5303 561 2612 9295 832 423 1193 2051 1464 2312 905 3926 699 2565 284 3862 3274 2951 2511 2431 2558 7078 1946 6355 1513 6505 2135 1595 1451 174 5054 2648 3803 1731 8639 4654 2529 2982 1282 1107 746 3042 1501 721 3564
2345 2580 7920 2526 2018 2249 4513 1904 6228 2208 1201 2421 6614 1333 7591 5805 2178 9440 9576 3617 3090 2533 10013 6786 1582 1800 3266 1887 6447 2429 4252 2285 2013 3764 3909 3651 4243 9553 7272 6233 3133 9888 2623 2007 9506 2488 8490 4742 5451 1289 7315 7185 2232 4816 927 7575 1959 4897 6539 5217 2224 3905 8387 2235 940 4276 9889 2892 3564 7675 7626 2016 2277 2591 4532 3499 1700 2335 9189 3117 2287 4082 1465 3703 2067 7661 4596 1970 1493 9887 8955 2230 2458 6523 8458 390 4086 2501 6262 5658 8802 1953 2017 3856 1896 3961 3750 3254 3966 2593 7481 1383 3557 3274 2616 1179 8170 2180 3967 2107 1942 9752 8539 4272 1983 6274 4157 4231 1270 2218 5757 2026 2385 1763 9503 3923 1506 1109 1897 1918 4761 4437 4920 3155 8955 3643 6533 7352 9712 4912 3702 4814 2525 2122 980 3689 4985 1738 7310 2792 1488 2443 9397 2560 4053 1934 2112 5534 4515 4338 7853 1935 3922 2791 9000 6989 8333 4448 4708 2056 8651 4804 4621 4682 8533 1850 1154 2097 3329 2195 2098 2195 9349 2698 1371 9723 4375 2887 4268 2243 6701 4122 2386 4808 3725 2387 2158 1542 3725 4944 7826 4807 3620 2393 2431 6465 3946 5211 3979 528 4023 9807 3739 3132 2506 4442 4125 1393 5785 7853 2861 9859 5887 6989 3883 2866 4839 4385 4781 1570 7344 2303 3559 1902 4715 3421 3274 1986 4941 3002 4234 2445 7506 9873 635 1529 5569 7486 2486 9855 9413 8879 4977 3799 9544 9503 9555 3641 2384 9987 6245 5058 995 8679 3877 1631 1948 1062 3698 7782 4429 9729 2197 3508 5121 7090 3507 9006 6648 8654 4526 5971 1316 4984 2259 3486 2181 649 6849 2310 4783 8177 3750 4900 3023 3809 8390 9183 1977 1219 2270 2153 1665 10047 4105 7046 7779 1536 7537 2023 2827 7623 9913 5496 7649 3980 4701 8903 4837 4275 2454 5939 2130 1750 2092 2054 2479 4075 7649 597 2251 4800 8223 4302 2470 2824 3915 4128 8648 1977 4109 4853 4745 9835 9564 3999 7621 9489 3026 2036 1092 6489 9132 2549 2504 2658 1619 5071 2130 3375 9121 4627 2067 3316 9206 4336 611 1627 3800 2345 4724 5153 2270 4036 4793 729 3215 1860 8642 9394 4993 2376 9591 4877 4492 4347 8743 3838 2474 9490 6301 3615 7267 2497 2695 3346 8762 1394 2327 9753 10050 9008 3207 6550 4964 2668 4494 2061 4149 8415 9229 3991 1718 1689 9043 4028 9854 9746 4041 5995 4986 4781 7320 2745 2353 9972 3256 1936 1419 981 7721 2435 9376 6864 4763 1931 9523 3439 4029 7697 4745 4554 2064 4571 9831 6410 1006 3635 10017 1441 2974 1609 2181 1963 2515 1067 4435 2079 2820 1184 4452 4692 8116 4437 4685 4238 7558 1950 7091 1983 8183 2407 2541 8894 1379 8268 2746 4801 2281 9011 4929 4479 3181 4885 3997 864 8630 2560 4118 4210

1186 438 1308 1149 1069 161 1636 135 120 618 57 25 1095 231 1683 4172 191 2387 5382 476 545 263 2365 1852 659 265 657 244 1401 1350 213 163 385 663 39 426 1864 132 1060 109 969 84 619 700 1582 1037 4134 96 1228 9 1760 2281 235 712 191 1241 1074 401 182 59 811 122 897 731 25 416 1558 1852 1863 422 2157 911 107 108 427 1209 112 275 391 742 516 107 342 60 498 1236 1554 391 115 2121 1905 82 534 2155 1530 35 956 633 1015 467 3215 518 555 972 61 739 2502 715 2276 493 3794 303 1796 254 68 320 1710 35 2634 174 8 443 1967 1037 539 52 381 647 83 411 715 170 46 684 2337 332 217 588 90 20 433 2335 1962 637 1419 2475 677 532 373 2481 664 1063 481 286 93 584 296 756 1226 563 31 61 5942 687 500 413 614 2111 2031 247 741 495 176 333 3663 1034 770 1761 727 279 105 278 1790 1593 3695 269 90 1354 423 846 201 324 2415 134 635 219 284 916 1405 413 2690 123 66 438 1449 211 303 88 236 222 1718 1222 388 1110 91 1693 144 1243 287 93 178 1703 2184 140 1297 3802 566 183 451 2778 49 7350 1290 2725 566 49 1425 1045 185 211 2045 761 90 933 1747 210 829 38 1706 711 594 631 1998 8532 258 762 384 2081 191 2347 3442 1261 3685 234 502 376 4753 197 1269 495 103 1456 74 1012 1239 109 1079 354 2133 677 194 4544 553 2313 1097 868 335 3140 217 2789 3999 2638 363 1043 432 820 1458 34 2028 241 2425 3063 1379 2500 1727 1903 2468 3503 180 111 317 204 728 30 184 291 3308 167 2833 400 278 129 2681 153 284 1110 689 2890 370 354 213 219 182 690 81 813 69 1334 978 323 533 714 1006 1285 155 25 1670 44 697 1390 1105 388 845 662 974 36 3089 34 570 1188 49 1711 3205 161 810 1288 409 666 621 90 39 48 721 1317 4939 1380 56 133 1043 1059 567 498 340 1465 595 167 955 145 1846 1335 913 595 1110 463 905 332 2586 322 154 4985 595 153 1018 713 74 200 4314 170 30 5271 3400 267 493 526 755 307 779 117 1008 3889 2374 2431 428 466 752 53 1477 4022 137 324 52 1180 384 273 99 273 165 642 918 259 471 1079 778 582 441 475 487 661 339 904 1486 1311 485 1488 582 4324 141 715 6513 54 61 1023 1124 416 1699 201 373 140 1088 30 199 401 2201 826 377 2371 1215 351 400 548 4180 203 840 554 41 3149 142 1080 765 4760 2537 390 1821 216 464 355 166 453 213 1582
390 71 885 131 232 78 483 74 102 18 34 19 1065 49 1208 1047 43 707 3786 243 424 67 1623 116 613 221 50 227 239 1339 136 157 219 35 6 148 497 37 564 45 407 17 339 113 1507 915 472 12 314 2 674 1954 23 480 85 740 697 85 46 24 143 23 466 468 19 322 921 61 1251 84 472 26 44 34 356 375 107 208 303 71 216 72 179 58 179 607 658 203 66 1471 685 75 29 270 400 20 372 623 510 222 1747 291 232 481 33 218 1195 679 1938 193 2749 48 226 150 30 237 1182 14 950 171 1 321 544 581 331 38 167 240 73 318 88 93 17 422 2307 225 111 428 47 6 178 500 1450 433 290 1627 596 350 146 265 30 763 116 60 30 223 184 155 444 465 9 18 644 76 487 50 440 866 290 93 646 348 117 284 834 577 45 1664 185 184 73 62 1175 956 2568 169 73 1256 136 794 128 292 324 30 436 154 2 911 977 16 1335 11 55 351 1316 106 73 80 111 22 1281 1166 147 947 54 1155 76 501 130 68 118 376 1082 118 11 2301 94 138 343 1965 26 7004 72 2563 488 45 943 385 31 141 1043 373 15 405 657 70 521 3 1557 142 294 606 1616 5663 66 386 343 1091 86 556 1232 997 2328 118 322 298 3008 76 286 181 26 912 20 670 491 73 190 139 1013 11 115 551 459 233 906 122 76 645 70 1863 3449 1822 351 950 153 533 62 22 1802 211 149 2999 135 1574 188 19 2284 1273 46 109 287 140 111 9 113 185 1258 41 1426 133 230 32 774 148 36 885 234 683 183 192 51 22 89 283 57 45 20 635 624 101 43 152 272 173 114 1 478 28 336 371 1052 303 831 424 831 14 2766 14 268 571 26 143 1818 112 329 659 378 512 439 75 35 25 645 717 3481 295 6 9 959 280 168 473 210 1047 60 79 596 118 1016 115 8 61 719 408 328 285 1699 83 93 2941 385 11 111 406 26 57 681 76 9 5043 1234 163 117 93 700 189 148 25 100 2979 694 362 87 258 565 28 859 2981 90 243 36 727 141 233 18 36 74 8 903 233 238 625 670 490 401 198 303 550 331 897 940 155 362 764 203 3425 138 539 3049 43 36 477 106 412 1304 149 70 100 865 5 166 176 1513 371 185 720 270 143 240 141 1303 33 463 524 28 717 68 938 309 4149 799 28 1134 122 428 204 30 61 42 1220
