50 4 2
23 86 20 11 39 34 36 70 91 20 12 19 29 20 61 20 24 81 17 81 72 54 5 7 34 48 95 33 91 1 1 52 92 29 79 54 8 75 30 44 80 52 37 85 64 6 5 8 79 54

49 49 7 38 1 1 2 1 26 29 10 15 6 29 44 8 28 25 17 18 5 22 21 22 34 11 40 8 2 6 40 1 22 26 34 7 19 3 4 13 48 1 7 10 1 2 5 9 15 11
61 51 18 43 37 43 68 8 42 51 29 50 45 54 63 57 57 34 36 57 50 51 52 29 39 16 47 16 65 13 42 11 28 33 57 24 52 40 5 26 74 18 34 11 30 16 21 19 20 33
68 53 31 50 68 56 78 21 79 65 78 55 59 59 65 88 59 72 74 79 57 66 74 60 42 75 87 42 70 88 65 50 33 52 69 29 76 41 8 51 86 20 62 55 36 47 74 45 34 86
79 94 100 56 85 88 90 100 97 88 90 60 73 69 76 96 72 87 97 94 77 79 97 70 93 97 98 100 96 91 65 69 62 87 97 41 89 87 19 86 97 21 70 81 49 50 84 87 62 89

39 5 3 43 40 79 3 14 22 37 15 12 12 43 41 44 59 58 1 47 30 20 33 65 18 49 62 41 44 5 57 10 2 1 9 49 3 68 33 69 32 25 29 31 55 61 8 63 54 51
95 26 73 75 75 89 55 35 43 57 81 94 97 87 98 84 62 91 5 48 71 24 72 89 85 82 67 75 70 30 59 85 82 28 68 89 46 87 60 79 77 29 86 89 66 67 68 100 78 89

57 183 25 12 187 176 55 248 116 60 28 86 155 29 82 129 63 151 144 96 145 86 25 136 128 273 105 55 95 123 55 193 204 50 100 121 8 78 63 179 331 62 182 131 227 17 115 366 98 93
471 464 50 208 267 330 168 263 199 400 35 159 266 123 153 139 166 195 157 172 167 380 165 139 284 293 149 88 108 141 83 200 300 89 147 135 25 99 313 194 416 260 587 495 230 41 176 436 201 288
681 587 175 357 884 410 172 396 250 431 482 222 418 132 196 501 227 289 642 177 219 455 210 207 458 489 416 114 192 150 279 205 364 144 420 205 77 205 479 222 682 267 629 1035 393 72 228 618 237 307
797 1044 216 368 989 569 207 482 258 509 579 248 477 235 220 989 277 315 659 255 273 548 394 220 525 522 516 430 272 456 355 267 500 171 559 267 185 252 512 379 931 428 771 1058 484 196 504 782 245 551

55 117 11 8 165 116 32 69 66 44 25 49 88 26 36 87 61 43 60 91 75 25 24 122 85 150 56 40 79 122 34 131 200 46 43 14 6 73 52 168 172 35 128 83 137 9 25 186 44 75
44 98 2 5 138 86 17 31 7 4 20 6 10 25 32 22 53 27 13 3 34 21 2 81 49 120 1 29 11 50 26 68 199 41 21 7 5 71 12 124 99 27 85 19 29 4 21 101 32 19
