50 4 2
32 31 25 9 57 14 64 53 20 80 32 97 40 71 13 84 50 20 23 97 98 39 76 75 27 60 72 88 12 40 98 31 69 24 42 80 74 75 13 4 53 44 3 69 17 43 34 59 33 54

11 26 9 5 28 37 1 5 24 11 13 7 6 33 26 28 12 38 18 1 16 18 1 27 28 9 47 51 29 17 8 35 19 4 2 1 29 5 18 16 19 5 24 36 44 16 2 25 5 1
13 35 55 52 49 57 57 12 29 43 15 20 28 36 54 32 18 59 74 30 22 19 27 31 49 15 75 60 50 22 80 44 22 40 25 30 58 10 39 25 32 59 37 77 52 20 11 26 49 12
48 53 58 70 53 81 70 47 29 44 80 51 34 93 77 77 63 88 77 66 95 44 54 34 84 68 80 61 94 46 81 82 45 71 54 33 64 20 39 87 41 65 45 83 64 52 44 41 49 30
58 57 91 97 61 98 87 63 33 69 82 82 83 97 90 96 79 98 89 70 97 83 65 58 85 95 99 69 100 77 90 87 70 72 93 83 85 50 100 93 93 84 47 86 64 97 71 87 97 41

19 27 2 65 45 4 4 3 48 43 30 59 3 11 76 38 17 27 32 10 1 42 72 56 11 86 28 2 56 2 5 41 37 22 1 37 62 24 40 66 69 2 45 48 6 12 41 5 16 20
94 49 70 75 69 19 100 61 62 69 51 65 5 58 95 62 22 46 99 63 26 95 90 70 54 88 33 89 67 27 84 44 43 58 55 53 96 43 70 83 95 37 95 87 53 71 91 35 31 56

33 109 274 263 327 57 92 62 135 389 110 112 69 339 46 170 79 256 106 213 375 385 220 321 158 85 238 92 102 65 125 43 94 454 83 128 136 267 81 266 174 83 5 128 103 46 229 382 228 187
81 145 709 312 392 62 209 225 174 493 348 138 82 425 104 706 116 643 137 280 500 416 273 566 315 356 321 149 116 86 198 318 172 686 83 146 537 439 228 319 186 200 34 173 146 203 241 454 319 378
223 148 776 437 899 72 463 261 325 592 474 294 84 485 188 759 793 813 243 499 978 472 281 920 319 434 458 225 442 173 263 514 216 794 131 856 1044 440 289 407 219 595 53 250 198 981 308 561 325 522
690 337 997 503 976 95 552 298 325 843 523 774 117 545 227 833 875 1009 375 598 1034 523 309 1046 386 451 541 248 471 208 340 630 316 1008 223 952 1066 486 377 427 264 638 78 316 249 991 517 670 524 544

32 85 157 208 310 30 58 37 133 282 88 55 33 226 32 159 63 229 91 160 315 192 133 252 104 33 196 79 97 60 92 24 85 413 80 109 127 239 52 196 93 46 4 127 66 25 136 337 197 158
21 77 89 149 19 12 26 18 94 147 83 27 24 119 2 14 25 94 46 100 258 6 132 191 55 27 101 33 13 58 67 7 17 310 1 31 120 136 31 96 71 39 2 19 50 4 20 291 3 124
