50 4 2
27 48 60 19 98 44 98 59 59 92 25 63 3 87 21 11 12 70 37 59 57 40 20 70 76 97 22 92 84 53 70 4 93 87 19 78 93 51 87 99 36 94 35 50 17 66 14 85 65 62

8 9 7 28 46 25 31 6 7 4 37 12 10 42 17 7 10 91 11 6 18 4 74 21 9 22 7 69 13 4 40 33 19 14 28 10 19 3 27 23 8 39 50 24 12 33 4 6 54 43
14 63 31 55 51 26 33 69 54 27 65 37 33 65 34 50 59 95 19 20 27 20 85 56 18 26 7 75 37 67 45 39 31 82 38 13 25 19 28 25 8 43 56 39 30 36 14 19 58 60
76 77 49 71 67 28 57 72 61 42 80 75 50 75 42 68 68 96 45 80 29 75 88 68 79 35 17 78 64 79 64 68 59 91 71 75 36 39 31 48 35 70 58 52 67 56 18 25 68 63
86 96 81 94 73 98 70 86 74 79 98 75 67 96 72 99 95 99 77 83 35 91 98 99 81 92 91 79 74 95 94 86 80 96 80 88 95 92 83 70 70 76 77 63 97 87 18 96 85 66

3 14 8 10 20 8 34 24 47 18 30 86 3 34 1 11 11 15 11 42 60 27 2 12 7 7 84 4 56 14 3 3 11 12 28 82 23 27 23 25 25 9 75 21 1 18 59 19 11 22
28 79 26 97 42 57 45 82 59 30 77 97 96 82 17 98 54 70 13 69 93 63 85 76 60 15 88 57 79 43 52 60 73 22 95 87 54 84 94 86 35 76 91 75 85 31 66 49 13 35

86 131 203 236 134 116 425 109 138 208 258 176 170 252 23 38 353 156 98 213 59 99 108 300 97 249 72 121 146 99 127 92 203 91 204 98 130 104 169 186 187 151 97 60 406 66 151 92 213 124
162 175 224 262 328 161 525 230 239 310 284 252 178 265 218 487 485 387 464 226 238 136 651 326 201 285 97 454 300 116 517 139 259 241 222 119 232 119 282 703 409 254 98 128 432 182 217 120 221 181
218 222 243 311 410 400 596 237 242 314 327 464 429 294 239 715 526 426 537 274 248 276 913 597 218 434 212 729 320 182 546 169 336 297 292 461 245 289 296 1026 616 348 99 132 846 247 506 247 403 327
231 890 250 463 584 535 948 291 272 336 446 520 492 298 266 962 925 449 785 307 287 299 995 860 315 542 216 1012 729 259 559 387 339 804 973 467 325 330 307 1093 828 511 103 289 963 304 719 258 543 329

42 104 186 164 128 13 378 97 81 132 252 74 158 227 22 37 337 129 59 109 58 52 65 223 85 245 60 96 88 96 93 75 173 73 182 33 106 84 103 102 176 116 94 38 165 26 87 66 189 119
38 12 85 77 27 11 79 29 61 116 225 67 136 123 11 22 242 51 32 106 39 15 59 69 5 197 8 63 49 38 80 62 127 71 55 18 91 6 74 99 64 94 5 24 9 14 37 3 140 18
