200 2 1
67 50 99 98 99 70 48 21 86 46 71 96 29 50 52 58 87 69 1 91 84 19 47 62 10 18 34 56 31 62 42 31 24 68 20 23 98 7 61 65 78 89 74 64 48 4 62 73 52 63 17 74 89 75 75 4 99 89 48 43 50 20 76 60 94 14 71 98 88 100 93 12 71 62 56 70 45 86 80 74 97 27 40 76 33 73 84 100 98 83 72 27 56 89 100 22 35 85 95 77 20 19 92 34 73 36 20 1 63 23 33 44 61 9 74 52 57 43 34 21 55 13 45 90 27 27 34 80 15 89 50 3 29 58 76 61 97 87 71 23 3 25 70 11 78 90 88 26 18 3 18 1 70 69 40 34 1 11 52 31 40 58 96 98 74 87 99 78 83 80 86 55 76 33 48 11 27 44 44 9 75 78 5 17 32 20 68 15 77 31 5 31 89 33 25 42 36 38 84 66

19 81 15 10 45 77 64 67 13 6 36 7 9 17 11 26 21 27 6 58 77 62 3 51 18 57 3 18 71 3 13 26 1 49 51 18 36 54 36 76 13 20 40 48 31 49 36 68 9 1 42 46 1 51 20 13 10 17 3 49 5 22 41 19 3 60 24 19 44 35 20 46 12 86 10 28 10 63 43 38 37 44 29 7 31 84 30 17 66 14 14 21 71 10 25 70 30 64 7 16 41 14 9 17 40 91 30 24 45 26 45 15 5 58 9 21 26 14 24 14 1 2 54 43 77 16 12 26 61 17 31 91 53 30 43 70 65 70 6 29 13 22 84 36 19 46 28 13 95 1 2 6 14 52 50 12 42 28 35 96 16 90 6 53 16 28 16 1 43 12 25 73 30 22 19 5 41 9 62 25 14 28 10 12 2 10 45 88 47 47 29 49 56 9 8 61 16 28 4 71
97 91 25 61 53 86 74 71 42 23 82 50 16 42 11 47 89 97 48 86 85 69 29 75 27 99 33 34 85 61 43 62 24 52 56 61 94 74 52 97 15 33 48 84 92 65 63 98 25 58 88 94 83 59 56 65 22 40 55 92 74 32 80 32 18 73 40 38 61 39 30 83 71 91 59 69 56 85 67 75 64 99 94 24 94 98 81 91 100 67 88 99 77 52 40 83 75 71 35 50 52 33 95 21 53 96 31 57 79 99 80 59 50 73 49 54 54 15 44 45 32 3 65 76 98 80 88 98 76 84 64 96 64 59 74 88 77 75 78 90 94 50 98 77 78 85 54 38 96 98 37 56 18 66 77 78 52 96 61 96 30 90 63 80 70 54 92 32 63 35 50 76 39 24 47 35 98 11 83 78 56 47 26 52 39 52 85 94 51 97 30 95 71 92 98 74 64 54 85 86

11 100 24 1 17 10 41 64 79 40 82 76 93 77 81 48 81 15 35 36 92 47 50 55 78 75 15 6 46 58 42 91 85 82 58 4 93 29 54 91 23 67 65 42 63 27 33 32 66 20 14 32 72 31 68 30 99 67 21 16 7 73 2 61 87 34 67 11 79 8 35 29 89 63 12 60 13 38 88 59 32 73 69 95 31 96 58 36 18 59 19 64 59 81 42 100 89 27 36 88 22 79 37 29 73 2 83 26 86 7 83 61 39 76 10 42 36 100 3 28 40 82 95 38 31 23 58 87 97 47 65 25 18 90 52 52 61 49 81 19 100 77 5 28 6 51 2 18 50 22 73 85 63 59 36 13 28 62 35 37 28 11 75 69 47 90 39 87 64 18 82 63 45 28 61 48 45 12 67 11 69 86 83 19 51 43 94 7 63 24 72 80 11 92 73 77 95 28 17 12

142 177 245 453 914 374 892 1482 3164 676 888 914 699 228 938 62 1263 578 1194 951 797 176 2640 158 164 69 614 617 3012 86 114 148 765 381 1423 665 1408 33 938 756 964 1015 245 462 1572 702 860 165 330 338 1504 128 174 227 942 2966 164 312 374 176 2669 167 533 1998 418 218 276 3662 571 326 873 361 226 1689 1543 1795 203 1536 1659 636 673 1828 1347 1186 855 95 532 740 1922 523 211 832 594 591 836 186 106 3057 851 1511 314 415 570 1873 614 384 530 1011 159 200 120 242 528 178 1926 1020 2740 193 398 1093 996 1821 763 1107 956 299 361 148 682 163 3322 339 644 866 437 88 627 1414 584 1067 854 259 440 2718 151 1151 400 2273 175 234 224 397 504 1591 943 411 36 1044 159 1429 744 2617 357 384 660 2916 1306 254 2015 685 159 216 270 1783 642 521 1169 457 175 623 450 680 272 234 769 798 737 92 416 90 600 338 128 173 656 269 413 1614 1125 209
144 1249 330 984 1915 573 1882 2841 3378 2189 1684 933 761 901 1804 899 1503 912 1254 995 810 536 3464 902 3696 697 1844 744 3221 211 2747 770 3506 443 1524 937 1457 183 1934 831 1008 1483 861 882 1941 3576 1340 1380 1124 811 1634 376 207 747 1721 3071 1520 1009 1754 833 3817 966 898 2020 872 271 1025 3932 2394 1006 913 1010 719 2379 1623 3613 1793 1756 1866 1229 899 2001 3333 1539 2322 798 1304 982 3954 770 1940 1406 1434 687 1685 299 1773 3997 1865 2557 1121 1566 897 3564 1014 998 899 3464 186 225 186 643 800 398 1980 2029 3254 422 941 1955 2150 3244 2177 1196 1571 3304 611 298 1768 1112 3782 551 3246 1360 704 831 1853 1809 2789 1205 1587 294 1376 2761 543 1228 790 2501 510 474 874 934 950 1684 1235 434 1446 1281 177 1519 1095 3276 630 926 3493 3506 2017 1166 2463 2062 2050 946 4063 2251 1204 726 3208 1941 1891 727 588 762 1865 312 961 890 1530 1519 2011 652 797 930 1742 451 961 4023 678 3552 1879 822

98 20 26 168 64 266 70 590 1555 562 658 341 654 2 933 31 988 212 446 319 270 150 65 47 50 50 345 221 1735 5 1 8 74 151 486 586 1059 13 583 294 816 628 110 32 557 326 746 49 54 150 1168 118 108 187 237 28 37 196 63 46 278 3 15 706 355 61 245 45 401 77 65 98 98 1668 493 986 107 84 584 109 336 1487 425 498 694 76 309 26 211 133 82 707 439 377 703 15 51 739 815 1060 245 29 541 1251 127 369 408 284 124 55 99 196 295 173 198 791 981 182 378 220 630 809 687 19 53 96 179 76 400 60 3213 35 192 286 97 48 333 83 91 937 642 83 254 1678 50 239 244 1734 125 26 160 67 440 935 136 96 1 523 141 841 213 688 185 261 350 2363 689 144 1763 92 128 49 168 694 170 374 256 247 132 501 269 314 271 111 105 200 623 5 345 71 32 171 62 51 194 161 213 1240 1055 95
