200 2 1
99 4 50 87 7 84 36 3 20 92 34 19 7 37 25 65 28 86 70 53 44 34 73 65 5 15 68 29 59 6 63 84 25 38 10 4 45 17 95 25 41 69 40 35 56 43 45 91 34 72 80 16 34 37 99 84 47 35 1 81 39 15 52 93 90 17 91 37 18 64 18 68 36 39 5 10 90 69 98 32 71 30 74 13 14 5 61 47 6 78 98 25 29 95 91 4 96 93 95 9 66 26 68 73 31 45 84 30 91 57 80 44 57 69 65 28 5 16 63 20 42 59 69 98 1 85 27 41 93 10 57 36 31 80 94 21 75 4 35 74 37 45 81 21 97 83 39 34 82 73 17 76 81 87 100 76 32 2 3 12 59 60 94 40 22 31 88 60 16 39 70 18 45 67 5 16 81 26 63 69 1 81 68 18 13 34 85 54 42 38 47 51 64 46 32 62 52 68 81 15

3 23 33 27 42 50 25 22 19 14 14 31 28 11 72 56 16 57 43 18 28 53 12 11 16 58 53 45 39 16 4 51 13 76 56 22 5 62 1 12 29 15 10 9 21 8 94 11 22 12 13 45 8 50 29 14 8 81 59 51 36 29 31 45 58 15 26 16 43 12 18 54 6 67 62 51 40 34 9 44 41 45 76 1 8 60 73 85 38 42 45 87 40 28 7 32 1 28 7 40 33 2 6 3 19 14 11 48 9 16 64 1 42 11 8 66 4 26 26 3 49 6 9 46 2 27 13 35 14 28 26 24 24 37 15 37 40 28 63 6 18 57 17 39 47 87 57 1 3 2 93 2 41 53 8 58 69 74 32 90 49 12 16 18 46 27 19 21 2 34 71 56 43 52 61 28 63 85 30 1 59 10 82 58 52 32 5 29 52 63 41 24 8 49 24 38 52 19 14 15
92 44 70 82 62 71 55 84 76 22 52 57 49 96 80 58 68 79 86 57 77 59 24 73 87 59 79 56 94 21 45 59 56 94 67 79 49 71 78 65 75 90 55 85 46 35 95 48 65 80 52 93 21 60 70 84 18 86 78 84 53 100 34 57 76 16 58 82 60 48 62 80 83 69 79 89 76 44 39 81 85 80 83 39 84 69 84 95 54 54 48 88 63 62 83 44 30 39 89 71 63 31 30 54 26 71 78 55 96 68 79 77 44 84 74 88 57 45 49 10 61 40 76 84 56 36 88 99 23 77 72 76 39 44 68 68 94 43 84 48 41 71 73 60 97 92 100 34 96 29 95 18 94 87 80 70 70 88 66 93 74 37 94 99 82 40 75 98 64 55 88 100 72 55 92 63 69 97 66 12 98 39 83 99 89 72 35 70 56 84 50 67 19 87 69 69 71 32 34 73

2 94 78 58 45 23 60 85 83 1 66 99 28 7 59 92 60 29 10 86 94 62 16 31 9 40 5 1 46 29 77 78 8 64 99 19 56 34 39 60 88 99 88 23 1 67 9 98 91 3 65 30 31 50 62 70 69 51 57 31 48 84 9 27 21 91 27 23 91 84 88 90 48 97 74 42 34 53 57 9 99 26 13 52 45 12 38 13 18 52 65 20 22 28 53 24 20 36 20 67 56 93 3 55 29 6 19 19 52 88 39 24 98 58 55 4 68 20 74 87 47 76 21 70 5 81 51 26 14 34 80 6 69 62 8 93 96 99 63 27 33 47 49 94 17 88 69 31 7 89 24 17 39 18 39 23 58 8 100 98 80 24 68 52 16 87 39 4 19 11 50 34 29 82 76 97 17 60 22 16 78 63 39 72 74 89 12 86 45 31 20 77 11 59 13 91 90 37 93 79

679 644 1306 1006 1000 1979 269 1385 669 912 530 126 1468 823 260 167 242 1336 1159 214 1198 228 84 389 233 514 1684 130 544 751 647 380 412 1368 2260 590 754 3679 239 475 519 2464 120 302 400 726 1006 1369 3252 582 1700 2195 1254 38 976 1031 1064 359 149 660 629 494 692 602 391 1459 1550 197 513 2837 1796 814 384 1183 881 230 1520 890 109 3048 121 231 495 946 319 52 3503 709 972 3328 829 368 1106 1546 1485 841 991 818 700 375 1504 1477 1308 230 1585 1797 1542 466 1586 893 893 506 948 774 533 420 868 213 487 85 1248 851 271 3397 1317 1385 254 679 631 183 271 707 309 496 297 300 2951 1618 296 555 240 460 115 3206 3003 119 1121 1722 270 534 567 506 247 334 339 441 587 20 919 729 1664 579 883 742 280 1238 1747 619 373 779 1620 1553 100 1974 1358 578 431 578 915 79 164 1150 1054 281 429 2835 596 256 905 599 777 1700 1180 530 1325 2162 201 3467 1783 870
726 763 3463 1306 2632 3434 2917 1772 675 1062 3398 968 3549 841 678 796 469 1589 2791 559 2419 367 3262 1453 528 527 2056 1431 646 772 868 3498 749 1617 3657 1288 1361 3776 375 1878 1018 3492 291 2879 780 1419 1589 1890 3822 831 3036 3352 1870 3512 1502 1378 1503 1880 325 1778 756 937 768 1385 1534 2496 1704 407 652 3733 1832 1199 460 2469 885 1394 1536 2202 829 3802 2329 1075 627 1188 587 2744 3995 788 3007 3333 1009 915 1237 2038 2443 1513 1175 886 735 582 1876 2789 2016 836 2023 1857 2018 624 1751 1056 989 596 1053 1570 885 1399 3768 863 753 278 2935 1386 578 3942 1624 1868 3864 731 918 941 297 1228 733 743 333 1212 3810 1912 617 1701 963 624 612 3511 3735 539 3376 2862 810 950 684 580 598 3216 511 1037 754 851 1897 997 3496 581 895 989 1020 2030 2728 1107 3017 1007 3495 1704 1147 3244 1701 858 1014 961 1638 667 2026 2972 3037 2497 668 3515 1043 505 995 907 1126 3413 2277 2165 1729 3245 2828 3606 1869 2142

656 281 997 620 962 1913 108 446 122 843 8 84 424 478 62 89 108 1228 722 98 317 91 3 84 209 242 172 70 206 42 521 173 240 657 2023 374 447 1594 160 8 344 2110 4 14 115 724 456 1195 756 383 537 419 781 18 528 232 543 205 92 548 405 300 605 550 235 546 931 38 334 1902 1412 148 238 703 418 81 864 505 79 1199 99 38 316 652 175 2 686 124 933 2166 187 285 992 1306 284 556 619 268 207 120 682 12 838 190 898 1672 713 443 280 90 329 85 219 191 271 243 777 152 357 79 953 338 169 2325 1246 941 161 652 96 6 243 430 7 486 43 258 1067 929 284 145 89 217 106 782 241 90 438 600 99 513 554 176 190 101 267 319 211 7 152 652 1306 381 627 504 232 221 1416 492 236 210 1608 1360 85 805 398 109 319 274 458 36 27 655 323 129 398 1307 526 140 505 322 577 360 1061 234 1101 2039 10 895 1149 71
