200 2 1
98 83 77 6 61 72 11 26 46 24 90 23 64 69 10 24 24 40 19 32 21 10 70 16 9 74 65 68 99 42 85 74 1 84 32 53 93 56 31 57 12 46 98 6 55 19 7 99 40 75 53 96 38 44 94 74 77 16 82 78 95 44 40 9 18 85 75 79 32 42 9 25 80 7 90 41 76 7 87 69 36 97 46 9 42 61 5 12 68 73 47 63 67 35 52 13 93 32 49 50 19 33 85 92 51 50 47 28 76 82 51 38 6 20 12 35 58 30 3 83 67 41 31 92 85 77 30 4 50 50 68 2 17 52 65 55 54 27 19 83 5 83 47 68 5 39 19 4 26 46 3 80 9 95 32 51 98 39 62 34 25 48 86 15 36 55 23 17 21 92 22 85 11 55 47 22 47 83 54 66 9 62 18 53 5 79 42 52 46 56 83 13 75 59 59 27 81 69 68 16

31 18 65 21 50 65 33 22 42 67 12 39 13 28 24 18 19 74 43 32 82 24 1 33 7 20 46 2 4 40 49 75 55 7 61 7 20 17 17 24 19 11 3 79 39 90 35 9 6 18 27 43 40 2 42 16 24 57 12 46 23 6 2 39 23 26 27 77 42 24 39 15 68 69 24 69 47 2 3 49 11 44 43 69 34 29 19 24 42 41 33 5 71 8 67 76 19 57 39 31 14 56 49 59 38 5 80 39 12 17 34 19 12 49 1 39 59 88 73 14 32 3 23 27 48 3 14 22 10 34 18 63 43 40 50 20 1 70 47 32 48 75 9 56 24 29 39 4 24 11 92 29 24 65 34 51 66 57 48 21 76 52 29 18 1 7 51 56 27 37 18 45 47 7 93 85 57 6 29 44 85 41 21 11 28 40 22 62 13 27 7 33 42 61 90 77 57 4 37 12
71 77 73 58 95 85 36 73 70 99 89 39 72 30 72 24 50 95 79 60 96 86 81 62 62 78 83 41 16 57 58 75 89 65 72 71 86 70 51 71 33 72 91 85 43 92 48 74 67 30 44 64 66 43 100 82 94 60 32 74 24 87 76 70 79 80 91 81 89 30 63 48 96 69 92 80 69 78 93 50 75 73 46 93 46 99 95 91 54 64 81 15 98 36 100 77 66 82 58 35 73 73 76 59 82 100 85 70 60 88 83 20 25 85 67 40 62 100 80 37 62 13 41 80 66 44 73 50 63 56 90 70 81 43 64 94 60 96 71 75 68 90 11 74 82 39 87 82 67 81 99 44 57 99 85 96 78 65 74 38 77 65 87 20 60 45 68 89 44 55 97 48 83 49 99 100 61 35 71 45 86 41 22 40 92 82 88 70 46 68 72 100 63 98 93 82 74 87 69 84

34 79 37 44 13 87 1 88 67 41 47 74 45 2 75 91 16 11 87 56 54 88 95 39 95 26 60 68 98 84 12 24 96 9 54 47 39 50 86 86 82 54 94 49 18 62 42 41 6 96 25 78 24 77 45 14 70 93 56 89 5 7 27 33 97 10 73 6 89 66 47 15 65 8 65 5 30 77 46 9 95 51 49 32 95 49 72 53 38 50 3 37 29 74 1 46 40 63 15 19 32 78 54 30 5 13 42 46 33 68 7 55 60 3 36 64 66 91 56 48 36 41 23 49 6 100 77 26 43 56 15 5 55 77 98 24 94 44 88 80 48 81 5 29 63 72 53 58 60 17 12 43 44 78 54 67 56 83 65 16 69 43 23 100 89 37 83 4 90 16 76 70 84 83 94 8 47 89 53 5 69 38 41 13 74 61 57 72 11 78 23 53 28 74 42 89 74 23 14 24

421 2114 379 1747 63 1193 420 36 224 257 1224 2205 176 113 61 738 554 170 747 1255 3871 425 460 317 886 1496 477 574 1851 2491 242 2344 1359 86 447 3398 683 1834 1506 578 333 344 768 1590 361 2233 79 502 109 1807 684 2374 99 79 1452 3009 756 343 343 134 1834 172 164 164 56 364 1334 674 130 406 95 328 2153 761 200 3304 378 66 794 775 196 1625 395 127 778 398 743 774 1520 1142 644 155 787 584 453 56 591 321 746 855 2309 779 340 665 158 804 2913 591 3288 84 506 2996 2824 1569 1566 368 228 1308 371 1368 254 120 67 1936 407 157 690 187 560 328 2617 1448 459 273 261 238 294 507 107 832 337 816 199 252 2079 726 52 357 365 2622 271 893 924 248 208 268 845 1065 618 2774 706 774 2014 1317 86 933 123 3894 1362 938 405 411 223 210 92 1410 1696 984 283 590 1644 896 149 75 2155 650 375 358 767 271 1399 151 680 166 183 33 892 91 463 449
3927 3144 818 1809 389 1412 750 3364 3464 568 1845 2607 1316 1205 1756 946 3594 1034 760 1614 4008 711 751 450 889 1744 903 1407 2876 3973 1044 2815 1360 2003 652 3783 3544 2020 1538 3748 1966 355 991 1820 534 2350 1625 958 1012 3360 1215 3214 487 1178 1554 3646 1925 643 763 685 3533 449 1455 301 328 686 1983 1556 1470 3464 689 582 2656 872 425 3906 935 837 851 910 1429 2034 765 1320 2019 685 1720 1891 1882 1916 3822 605 1442 814 626 1187 1055 578 814 1173 2570 1071 3581 699 1370 931 3954 2859 3621 1421 1991 3182 3208 1949 1917 702 2680 1732 3701 2727 1115 343 993 2013 1207 632 943 202 848 1993 4017 1936 2095 3349 920 592 1622 1297 233 873 983 1735 1797 1019 2687 1011 1713 961 852 3432 580 1267 1644 706 2515 978 954 1217 671 2998 931 1045 2066 2064 177 1409 999 3983 1822 1485 1097 1856 293 1176 1021 1678 1704 1897 1256 841 2732 1041 1126 670 2470 1079 1482 2308 849 1434 2028 467 4010 351 525 2747 948 300 916 860

160 18 298 905 54 627 80 27 105 184 969 443 3 73 24 88 524 107 568 1089 1660 370 260 180 883 938 5 279 491 84 4 690 552 69 27 61 166 532 1201 249 277 169 681 523 126 601 34 330 40 1282 279 2226 96 29 2 1150 629 266 159 17 1042 149 142 103 29 36 695 234 121 39 9 74 1862 247 99 1057 134 2 350 186 120 1258 85 78 113 87 694 208 1076 299 550 53 188 412 106 24 116 57 122 260 188 320 71 429 10 457 45 545 1367 52 479 2320 1609 914 20 135 177 68 26 444 38 6 1 1208 128 150 48 44 155 318 2105 929 110 139 219 42 215 485 91 570 168 93 153 181 439 103 15 209 210 899 151 566 104 182 121 28 479 933 588 790 235 287 1742 415 13 565 92 3009 755 682 399 344 157 169 15 947 353 40 151 162 441 260 89 63 243 52 345 339 242 2 821 35 406 142 151 16 221 26 59 297
