200 2 1
30 41 88 98 15 55 91 38 27 50 35 80 91 59 46 84 34 27 29 59 31 75 79 34 85 87 43 69 29 26 87 30 33 87 4 63 42 18 75 41 16 97 68 36 100 49 61 49 78 67 88 62 53 74 18 34 95 57 56 22 18 56 80 18 21 94 87 89 61 51 62 10 50 95 93 69 26 20 75 64 56 38 5 59 15 50 95 74 73 70 92 89 4 37 76 43 82 81 47 78 72 23 72 21 31 31 52 79 13 43 49 79 91 61 12 10 62 7 13 31 58 55 77 29 64 13 84 86 58 77 96 76 39 70 11 20 14 26 80 30 41 51 63 54 23 44 65 68 98 40 69 18 96 64 4 17 38 25 64 95 66 87 48 90 72 1 6 63 95 79 73 98 44 45 15 96 58 31 10 5 41 19 81 82 50 50 15 46 66 51 22 3 31 34 80 50 42 70 83 92

62 33 97 10 34 65 36 28 60 6 78 8 21 16 19 37 25 1 16 6 4 18 40 2 23 21 21 2 6 33 75 36 51 45 1 49 27 10 54 6 26 67 63 75 48 3 7 16 36 27 36 74 70 58 39 39 2 94 25 69 63 15 42 28 23 43 58 45 31 17 48 28 41 51 70 62 41 80 59 23 1 35 45 16 43 71 78 9 85 41 23 50 3 21 79 31 30 70 71 46 57 28 24 49 23 7 71 19 23 37 48 50 84 27 61 7 25 56 51 98 36 46 49 27 51 60 6 8 2 70 66 20 72 10 10 70 47 21 3 66 75 17 10 63 42 11 61 34 55 54 43 70 51 66 20 21 30 29 28 11 53 17 76 86 73 63 62 32 12 26 28 22 15 88 37 3 1 35 21 57 18 11 57 63 24 9 27 7 10 82 17 3 56 47 70 23 52 17 40 47
99 69 99 72 62 78 49 99 84 53 82 12 40 79 99 68 32 74 21 35 13 54 69 11 33 70 69 97 9 97 88 75 61 57 32 82 48 63 78 37 61 72 68 77 64 98 96 49 96 67 100 95 80 58 76 52 62 98 37 80 94 31 96 79 91 76 71 88 94 60 87 77 75 77 93 98 81 84 60 42 26 61 100 99 76 71 99 43 94 79 32 78 84 100 83 73 61 72 96 64 99 46 56 100 59 23 71 29 35 62 64 57 93 68 100 76 47 72 58 100 88 60 65 28 63 93 71 96 31 95 100 97 91 36 70 79 87 36 43 77 83 68 77 96 54 40 98 97 57 80 83 77 53 91 69 58 83 42 93 72 67 68 99 93 75 92 99 69 82 41 84 81 86 99 83 85 66 56 36 88 92 56 91 92 62 77 100 19 90 95 47 72 89 59 99 79 76 41 91 99

37 87 92 85 74 62 92 94 34 100 52 10 44 99 86 99 72 51 46 15 67 30 85 85 33 42 65 60 6 57 32 34 90 64 78 56 30 97 38 37 10 8 100 58 52 1 92 91 72 100 4 42 15 81 84 70 72 56 25 57 78 94 35 53 89 72 49 59 62 13 7 70 71 65 41 53 28 11 68 14 25 22 29 48 82 13 24 19 41 46 80 28 30 71 32 1 94 68 82 59 92 92 48 38 11 38 32 46 88 2 53 30 23 59 66 73 6 82 42 94 54 74 19 86 87 63 83 25 21 13 8 91 79 19 76 63 11 63 68 60 44 23 51 32 36 7 10 12 47 98 10 45 31 51 4 61 5 63 31 59 35 45 14 8 86 2 55 16 1 75 14 33 44 25 95 70 7 53 49 81 12 19 35 96 54 70 41 72 45 8 96 1 73 39 51 77 25 78 25 93

586 1626 98 557 894 299 1220 1248 1745 2329 193 855 3424 716 722 675 1210 2984 434 1798 109 1603 769 2413 316 2049 278 183 1374 526 360 1517 1164 588 383 1899 144 259 225 524 610 198 448 3276 370 923 583 627 206 1197 2079 125 991 397 226 529 1478 918 598 1948 1208 463 799 1468 3440 2019 514 421 353 3427 729 219 1061 242 191 3034 499 2975 1550 602 1196 405 325 1076 1520 784 1888 247 1550 142 364 751 74 878 398 688 85 686 123 761 313 1410 697 334 3092 485 789 147 664 247 108 646 199 491 815 466 653 729 685 647 1033 495 319 478 654 698 1477 643 552 260 396 239 2893 529 1382 49 501 399 84 110 2431 262 166 947 293 669 1150 896 484 1235 782 303 321 158 1007 515 667 3150 1724 102 655 316 1220 284 384 550 737 84 686 745 449 473 518 1401 782 122 805 440 787 39 1777 1139 672 94 189 857 107 486 475 1486 78 102 465 194 727 668 588 1393 954 285
830 1729 335 1992 3570 480 2452 1565 3858 3982 196 4011 3871 1676 1456 954 2128 3711 627 4026 850 2831 2877 2564 978 2067 922 1804 1722 945 961 2476 3321 1059 2224 3887 934 379 495 600 1086 530 844 3366 969 1422 940 954 1063 2533 3230 761 1333 750 896 752 2925 1748 745 2273 1960 1008 879 1640 3600 2243 1463 692 537 3986 1870 614 2610 1289 1083 3724 977 3318 1626 976 1380 1428 1873 1312 1528 1492 2317 913 2390 760 1727 1832 623 995 884 775 605 992 507 3208 943 1771 767 1816 3319 1010 885 715 995 615 320 1039 409 741 1053 1371 802 1401 778 922 1381 1119 863 1011 2027 1713 3885 970 764 2020 677 724 3649 1838 2421 902 780 786 1032 707 3549 680 969 1747 764 906 3837 1609 1198 2810 1860 572 762 603 1921 983 837 3658 2814 2071 1965 471 1283 424 434 3897 899 196 1734 1776 687 891 735 2266 913 222 944 448 1242 487 2488 1878 809 595 672 988 205 648 933 1532 3154 1365 1642 421 1166 2262 725 2028 3931 774

360 213 54 340 571 29 632 672 431 773 70 273 247 507 637 54 929 136 101 35 79 1303 502 1565 133 694 163 56 573 360 340 740 1033 452 133 1182 127 240 145 512 195 43 21 2814 270 159 190 380 199 1031 587 74 32 114 175 140 1018 398 58 1123 223 60 494 312 786 1303 457 241 303 1390 503 65 1039 120 176 3013 112 2807 1457 102 997 205 250 425 165 654 1724 187 704 80 122 600 71 284 329 649 18 505 84 302 309 1397 646 11 1742 375 491 61 638 48 15 519 142 409 618 108 80 135 72 157 476 204 63 14 42 216 835 580 440 186 372 76 237 428 1110 22 296 186 24 45 1776 247 148 171 97 626 121 338 171 1102 555 280 116 1 709 230 456 1160 67 5 16 232 87 116 181 348 465 71 345 57 411 367 410 314 101 104 404 140 250 38 1436 268 78 35 136 167 86 324 182 993 77 35 173 57 228 235 207 760 647 100
