200 2 1
66 18 67 23 29 96 93 73 99 36 77 60 75 80 2 2 27 10 94 33 50 28 6 94 39 16 72 95 27 4 64 86 31 55 65 29 94 6 30 19 69 32 37 72 6 1 92 72 42 64 74 2 57 29 88 86 44 85 48 97 94 56 48 72 88 49 83 44 72 34 14 1 11 70 65 72 60 31 66 66 48 73 68 98 11 91 93 53 4 42 12 62 16 66 41 38 84 26 67 87 41 30 33 69 95 38 74 6 34 85 34 26 44 15 76 37 73 75 78 76 36 18 13 91 82 2 25 84 97 77 35 28 96 41 13 72 100 9 11 93 83 70 100 68 24 42 86 76 82 29 78 86 9 43 100 48 77 54 47 92 49 59 35 28 38 13 85 12 7 82 21 100 15 76 3 78 1 100 26 54 83 16 9 21 84 3 16 79 41 51 89 93 89 29 19 69 41 73 14 64

14 40 66 20 25 47 4 6 49 22 38 42 23 7 43 22 25 16 6 26 73 5 29 11 9 14 34 11 13 5 30 42 40 15 10 27 15 22 58 35 32 46 59 34 45 35 2 48 42 16 34 60 11 46 60 3 17 19 38 27 7 61 2 72 13 77 43 37 16 42 58 47 1 74 63 54 29 33 11 30 22 72 24 22 28 27 1 49 27 50 56 12 3 30 17 85 55 24 87 50 62 43 2 23 12 16 59 20 24 28 67 5 5 56 48 13 16 78 23 22 22 22 45 25 9 10 4 19 1 2 27 20 11 36 74 71 75 86 39 60 10 22 60 27 16 13 5 5 66 32 8 3 40 14 69 1 44 37 35 58 32 2 34 92 46 34 47 44 24 60 59 56 53 52 13 53 32 12 23 80 26 34 46 28 48 1 37 63 30 32 1 66 52 9 83 51 4 6 3 79
92 48 93 40 53 88 88 69 56 59 88 63 86 59 91 62 76 47 42 97 91 21 50 99 67 73 54 36 90 68 58 65 53 44 99 36 52 54 88 92 96 72 93 52 90 91 65 87 66 99 41 83 85 53 92 86 66 66 83 92 68 100 85 74 36 80 58 84 37 77 78 61 16 91 74 75 32 94 51 99 26 97 61 92 93 79 76 81 30 80 59 66 50 90 76 96 89 52 96 99 66 57 57 52 69 94 94 71 60 92 75 27 100 78 65 25 37 83 39 65 96 66 100 74 100 88 89 49 30 65 71 46 23 53 84 92 88 99 82 71 70 67 85 51 43 28 98 10 99 33 12 90 88 93 98 82 46 37 86 84 60 55 34 95 67 46 74 84 31 89 64 98 95 68 90 94 62 55 72 80 62 79 62 38 51 45 67 80 36 37 55 88 68 38 93 52 97 97 60 85

42 54 66 52 66 2 10 33 14 60 3 67 47 70 23 27 22 29 22 96 93 43 54 16 33 62 26 69 20 61 21 26 56 92 8 37 44 37 89 6 75 88 27 8 44 76 33 95 43 10 33 61 93 76 29 24 64 45 41 41 1 10 89 79 96 84 39 51 43 31 14 95 1 66 80 11 45 91 47 52 82 92 97 75 60 58 83 3 96 59 54 25 100 72 14 84 45 40 16 20 69 97 52 30 7 99 28 81 17 23 87 14 49 8 35 58 67 75 35 8 44 63 34 23 21 17 99 32 5 77 69 60 96 18 38 25 21 48 93 52 50 76 65 70 92 53 2 31 61 70 3 32 58 85 21 91 93 38 22 64 87 73 33 25 66 3 78 93 59 95 66 7 15 61 97 37 73 98 2 14 49 36 64 99 35 66 93 67 44 21 43 58 94 18 25 9 51 90 19 45

177 2393 757 1128 1261 506 99 452 760 448 1053 154 3343 109 2236 113 217 1796 255 469 749 502 936 668 3195 308 656 142 283 774 439 976 3085 1778 126 790 950 1538 361 661 2340 667 38 2328 249 954 1914 552 423 1402 471 3700 89 1145 2562 167 1168 239 343 1349 3443 1106 220 757 1489 123 339 1530 371 140 418 228 621 418 237 1880 1374 398 2579 1027 601 3086 1220 233 738 350 271 706 913 223 403 419 92 108 1233 756 291 1848 504 1395 423 938 359 859 1405 449 664 44 2555 506 755 445 157 478 339 684 2748 254 1263 1410 1812 1296 261 92 3596 443 1727 1284 1610 807 942 1031 473 708 86 78 622 106 343 1053 2766 1601 162 1573 254 1544 270 1309 1469 2432 1463 600 1384 965 1138 1666 161 847 1661 98 352 169 347 467 61 575 269 678 177 155 303 184 462 1284 485 152 2455 393 119 584 1738 121 2562 1042 218 709 1565 533 483 545 783 534 1367 305 230 1446 499 923 290 893
477 3057 1285 3594 3205 816 286 745 969 600 2067 2466 3614 536 2549 424 699 1820 891 1180 1900 1152 1817 701 3224 853 1259 2055 422 1900 870 1885 3683 2051 1368 1596 1856 1730 785 1787 3869 674 1831 2936 444 1352 3079 1040 664 2027 747 3801 185 1595 4054 284 1853 1556 762 1975 3565 1127 3969 900 3216 452 450 1636 377 567 3834 828 1279 805 781 1997 1706 827 2741 1712 742 3227 1509 4059 889 1277 824 1186 939 239 821 740 415 1295 3506 1501 3716 2380 646 2086 1401 1664 1081 950 3794 1212 853 1751 3683 1083 1030 791 915 971 3796 903 3835 677 1650 2014 2132 1390 1835 488 3823 1310 2195 2052 2003 982 3435 2541 1021 1633 479 2137 713 2231 488 1375 2954 2869 4091 1972 885 3755 703 2694 2402 2600 3063 789 1446 988 1165 2645 433 981 1904 874 655 639 1966 820 2866 1182 1236 736 976 175 531 2396 717 2494 647 314 3172 899 527 731 1791 1043 2603 1304 3974 820 1576 1005 896 1185 900 2690 2881 3981 3626 3804 850 3191 1759 3178

116 120 419 659 1167 406 4 61 625 215 116 74 556 75 1292 77 42 1541 117 419 461 496 882 118 62 129 160 109 203 382 35 605 1977 1022 102 343 827 115 72 255 2318 494 9 137 25 840 1201 505 4 789 439 2427 35 742 525 164 647 213 339 964 636 758 193 341 893 40 322 1444 27 21 14 206 409 364 81 693 929 373 2503 860 339 2341 263 165 351 92 6 249 149 35 296 101 19 101 690 308 261 933 112 817 73 514 245 561 1350 162 416 42 432 242 427 408 72 177 107 371 1181 167 196 831 532 568 184 90 1358 363 1203 634 785 149 440 924 346 101 34 18 424 53 108 400 1876 834 76 678 23 112 122 446 1240 842 562 489 1018 857 542 62 95 487 989 67 26 61 17 263 25 558 8 321 172 34 131 103 431 98 183 144 1641 150 104 22 1056 118 1274 92 145 219 1348 504 417 142 617 506 745 280 35 655 239 30 260 521
