200 2 1
23 29 67 80 41 7 64 10 40 7 46 22 62 15 2 46 87 82 73 40 98 24 45 8 1 25 49 100 55 67 39 68 87 67 64 64 37 93 61 45 60 2 62 70 17 62 38 20 58 32 96 29 74 15 78 84 61 40 32 1 82 68 33 46 12 16 34 94 69 2 15 96 55 17 32 14 89 97 33 56 45 98 65 66 43 64 72 32 73 40 1 23 7 81 89 11 66 63 23 67 44 31 93 70 76 22 57 47 21 9 99 50 52 73 5 16 85 68 15 91 39 65 40 87 86 40 51 100 28 53 66 96 26 73 66 65 28 71 68 58 28 9 60 96 4 31 19 4 2 8 49 83 55 2 31 29 44 58 48 80 54 72 41 29 9 44 70 17 53 22 84 94 57 16 83 20 88 74 49 7 7 25 88 48 99 12 9 34 5 6 13 57 56 60 1 100 61 73 15 3

49 86 44 15 4 52 78 47 10 9 33 11 5 3 16 51 64 4 42 11 32 15 36 55 2 45 26 40 43 36 15 21 26 3 64 4 21 29 16 31 26 80 2 45 25 31 36 32 36 36 70 5 21 53 34 8 12 14 20 30 25 40 72 34 7 4 20 12 59 84 29 14 5 39 13 4 30 2 13 34 69 12 2 37 54 6 29 54 42 37 45 35 6 59 15 47 60 19 23 61 41 18 20 9 26 49 33 36 22 17 14 15 55 56 59 47 11 16 1 4 25 41 22 71 3 27 51 68 66 15 55 46 13 56 26 85 28 71 68 1 10 23 32 15 7 54 43 46 18 6 57 41 34 8 14 51 7 23 74 48 39 51 69 42 29 16 1 4 71 1 9 60 53 44 23 44 92 9 21 29 79 20 33 44 64 19 26 36 2 57 51 47 47 29 69 38 41 63 27 19
53 88 56 76 37 59 97 49 11 83 57 75 47 77 16 72 82 79 46 34 89 84 49 98 65 82 27 98 65 74 49 34 77 87 92 19 97 34 76 98 27 82 43 82 44 58 74 49 70 69 71 50 39 92 94 46 48 48 82 82 66 43 91 42 29 6 42 83 75 91 39 92 94 61 14 37 87 91 90 90 77 30 14 90 56 53 87 62 98 80 71 39 25 71 51 73 69 66 82 85 61 55 27 24 80 80 37 77 86 73 65 94 58 99 68 96 99 38 29 41 55 46 55 73 50 52 77 99 88 75 86 88 94 76 69 95 78 72 86 57 95 97 84 53 52 56 57 47 21 11 72 84 68 60 49 55 16 42 80 95 62 79 95 88 62 100 81 18 79 16 62 97 82 87 45 82 96 10 40 45 79 65 87 83 93 77 41 83 35 80 77 88 65 88 85 83 55 80 28 30

61 26 78 85 29 56 52 74 54 66 42 97 2 59 64 79 2 30 2 25 78 26 55 69 17 19 95 60 71 19 71 1 18 96 85 94 98 93 22 37 78 71 89 34 74 97 87 2 24 48 76 50 82 10 81 49 52 83 81 61 35 85 61 58 24 27 34 91 38 52 76 12 85 43 100 59 58 61 97 20 84 42 22 92 71 25 57 78 26 37 19 29 53 1 91 89 31 60 96 59 38 46 90 20 22 64 5 63 71 24 3 58 49 89 27 93 96 78 15 3 61 42 53 100 100 85 64 41 98 93 94 57 57 21 27 70 35 29 73 56 63 98 18 76 12 18 17 31 78 64 25 69 11 6 26 36 91 9 40 1 79 22 81 46 47 86 66 77 7 99 92 63 88 40 64 72 55 36 84 87 56 96 86 18 26 6 93 97 39 77 81 80 24 71 8 63 99 45 31 49

454 1190 254 162 457 764 383 3424 171 907 111 532 1619 2610 81 422 631 592 871 549 226 260 308 281 143 1144 266 947 176 475 448 719 882 1320 968 2216 599 157 1585 164 685 107 1337 512 1533 2791 2246 609 511 738 690 587 241 706 910 842 454 142 85 78 336 1729 108 1353 2374 1809 524 735 516 141 971 572 555 769 831 292 242 556 2635 433 2128 524 120 502 946 1028 463 1153 918 1311 697 1388 860 102 584 1298 607 779 370 450 307 2022 200 726 322 2469 1480 217 218 565 2847 114 131 901 214 666 273 537 771 394 391 1474 396 339 289 815 512 2599 952 161 126 467 361 3481 684 1418 1098 2484 155 3260 3014 264 271 542 1156 69 1334 86 2192 621 330 828 420 1066 1775 69 181 1107 1158 977 3121 477 818 2735 139 289 745 533 210 865 2183 446 460 919 221 246 255 527 971 214 838 500 3614 898 536 957 112 442 925 265 1193 187 257 261 617 972 705 1611 884 230
641 1369 3202 416 1668 3223 387 3743 502 908 274 1951 3617 3987 653 896 667 1213 968 929 1102 1954 924 905 192 2959 765 1945 888 521 944 1426 1014 1600 1331 2653 1280 194 2691 3361 866 278 1564 662 1901 3938 2596 865 665 1787 722 1664 252 998 1076 1063 934 1631 2354 2684 1074 3334 932 2659 3359 1910 1842 1053 1172 522 2560 1984 570 791 2882 560 914 796 3967 3447 2927 528 1102 1655 1261 3120 463 3652 3614 3223 956 1688 1840 869 1319 1720 610 1717 1493 943 806 2975 205 4005 3628 3318 1501 890 762 1508 3075 1001 342 2649 3298 841 556 2067 1351 1637 602 3263 3614 584 1339 1261 1529 3402 3905 622 984 799 1614 3520 818 2046 1976 3398 923 3768 3922 1930 1049 1285 2226 883 1406 3290 2831 1628 678 909 851 1974 2126 728 787 3680 2832 1118 3862 3354 1041 3710 813 584 1787 1453 778 869 2996 2612 472 1936 2768 290 991 1050 1787 910 995 730 3797 1646 616 1038 221 936 1267 1488 1382 974 400 697 728 1930 733 1878 911 1981

182 28 190 124 64 20 276 2499 67 479 3 297 79 1568 28 50 168 483 326 212 28 57 222 21 6 1002 121 821 18 250 249 485 560 1239 82 1852 402 101 973 77 11 18 12 383 1261 430 604 555 253 395 503 129 50 535 302 200 438 92 14 76 47 238 34 535 356 948 161 331 252 82 876 66 13 378 176 40 66 395 1600 195 1086 128 59 364 650 1009 294 992 691 822 351 709 20 76 163 1081 269 486 42 165 240 1202 147 249 94 2139 1318 40 61 273 783 33 29 603 178 26 144 346 230 159 185 1354 195 260 263 455 368 44 527 100 8 349 322 537 628 566 855 2435 57 2931 1802 243 233 522 444 45 9 6 1347 608 184 496 157 1001 1097 10 56 837 455 452 2840 230 451 688 81 275 466 381 102 755 1470 233 239 635 147 213 172 247 235 158 365 53 2610 682 167 307 29 93 850 97 82 150 108 52 413 917 648 71 184 150
