200 2 1
97 19 44 35 40 47 25 6 49 30 92 52 2 95 2 4 20 67 62 24 5 30 68 68 66 67 51 4 65 91 46 53 3 37 20 36 86 69 23 17 33 48 20 76 45 79 14 29 59 11 85 93 57 58 76 68 66 4 42 36 35 74 18 16 15 75 38 88 77 38 90 83 81 45 51 89 73 69 64 88 19 5 68 40 21 15 100 61 3 12 71 5 26 40 47 8 54 7 17 19 52 4 98 13 93 47 54 20 61 13 66 80 67 73 49 38 1 41 5 66 2 93 84 96 57 7 60 60 80 42 73 29 82 3 34 26 16 72 97 61 19 95 9 64 96 86 70 38 39 60 15 65 26 53 76 73 88 43 90 11 74 32 59 34 60 32 87 61 65 2 82 60 70 40 89 20 59 33 93 27 73 99 8 57 77 100 97 56 70 18 79 92 15 88 66 55 7 34 59 95

22 28 36 44 29 3 53 40 12 88 12 30 21 58 4 6 11 19 80 31 42 55 7 61 85 23 11 53 14 41 2 60 52 46 63 12 32 2 17 6 28 65 20 60 31 46 22 95 43 37 53 31 4 71 14 71 67 26 21 32 39 56 31 30 26 45 5 40 30 19 5 71 37 37 34 48 71 54 75 17 69 24 59 17 57 38 67 72 49 48 82 15 26 12 22 12 57 6 34 1 16 53 43 24 4 74 6 62 22 39 56 61 20 1 53 50 77 19 80 19 73 22 74 59 55 49 17 14 52 29 32 31 22 38 76 44 77 26 56 9 18 85 38 19 5 61 27 10 21 53 5 59 26 61 24 33 43 11 15 28 29 17 38 41 15 50 4 56 21 38 43 8 41 19 19 64 49 55 20 35 10 84 1 12 84 67 80 26 44 45 59 17 83 90 13 7 24 21 13 81
41 69 87 45 46 58 88 97 39 98 32 60 82 63 27 81 59 81 95 63 98 84 13 73 91 43 25 65 94 68 87 70 100 88 88 24 62 9 39 26 53 68 71 81 78 100 37 100 71 87 69 43 87 87 71 90 82 56 58 98 100 85 34 89 87 75 80 66 76 94 91 72 79 99 95 73 71 87 95 98 100 41 80 31 81 73 82 86 61 71 83 91 90 91 65 88 80 37 58 78 19 92 72 31 87 75 11 94 31 88 100 67 35 8 70 60 83 76 90 70 90 82 76 82 78 51 95 80 78 92 47 65 82 80 81 94 97 30 58 87 18 92 69 54 56 74 86 18 39 84 28 60 97 99 52 87 45 34 23 39 34 53 75 95 56 56 14 65 95 62 97 92 54 96 83 68 68 78 43 91 49 99 28 98 88 79 86 88 62 92 90 49 87 99 78 68 26 87 35 86

73 67 32 18 8 39 68 75 41 9 53 46 83 34 72 40 78 15 72 87 82 8 46 69 66 88 76 9 77 61 72 6 79 72 33 91 17 100 17 41 39 16 14 7 52 76 90 22 22 81 24 96 81 49 85 9 14 96 98 20 9 59 75 52 70 56 96 100 82 23 9 17 54 95 64 88 59 50 87 12 65 90 60 12 11 85 70 76 30 79 86 11 51 71 18 10 89 7 68 40 51 85 98 11 67 56 88 8 12 32 18 77 31 17 37 38 38 20 73 9 59 18 81 78 19 10 73 36 43 89 78 97 13 66 14 88 84 58 37 15 45 86 41 50 28 63 58 65 15 22 55 89 88 1 32 81 65 9 31 51 44 29 70 62 65 10 14 61 52 93 78 86 31 70 44 66 58 95 7 33 3 87 66 15 37 100 31 94 84 13 51 68 81 36 16 13 51 9 67 30

229 278 182 1018 1050 203 1722 883 2896 1458 1012 223 631 1097 614 2665 126 1146 889 1037 607 556 1959 209 194 209 1753 13 666 321 216 292 458 430 982 855 205 545 820 157 3264 2055 1097 1283 111 447 299 938 422 815 488 718 653 652 720 76 268 1751 498 535 414 405 411 2861 302 477 856 345 1702 295 812 1251 234 847 3306 199 353 539 342 900 2290 171 511 132 490 380 1611 295 2005 1175 401 244 929 2343 1033 1781 981 1849 627 301 521 489 3041 1847 205 593 418 225 304 291 650 734 868 3361 546 916 692 3157 1189 237 352 549 1041 315 414 75 156 1337 752 643 116 791 1829 516 1369 1961 403 689 336 398 63 579 2001 1403 468 653 873 503 193 1158 233 141 548 286 2438 697 644 1914 1383 368 259 101 435 560 479 209 1194 560 80 1212 705 606 278 163 411 1471 877 517 268 174 124 651 585 1937 1004 481 702 452 306 147 376 365 1618 412 873 817 30 1836 696 336
1016 2087 777 2251 1341 1126 3371 3675 3544 1550 1083 299 761 1196 3621 2743 903 1875 1524 1567 1527 599 2064 708 418 577 1926 365 1823 558 1425 1510 789 478 1445 1241 4067 2058 1314 758 3697 3036 1283 3051 328 1733 1700 1237 454 819 2078 1326 1029 1241 1305 921 1411 1896 3653 1100 778 2024 1519 3603 968 1372 1483 501 1956 477 937 1851 1896 910 3598 733 1593 1388 1122 1070 3884 690 577 1096 691 1076 2067 1853 2855 1865 1382 826 3725 3871 1206 1812 2305 2208 844 648 1888 1360 3728 2359 467 710 1512 1010 697 544 1275 812 3887 4045 2484 1363 1585 3587 1341 508 889 856 1596 1998 421 606 869 2772 1039 1575 189 1558 1932 1421 3544 4009 722 1283 728 1141 297 654 3061 2060 930 907 1381 582 3664 2532 3381 2905 3751 1382 3311 1074 757 2266 1793 1412 871 507 559 1697 757 542 1730 842 816 1554 1587 664 403 789 1994 1951 2025 930 445 1190 3021 1251 608 2131 3355 3749 974 650 392 1350 837 1394 3472 654 1846 1742 2670 3961 1033 563

4 98 20 834 949 112 756 446 245 371 156 146 173 238 307 2310 29 1089 539 635 186 511 820 165 141 133 1149 6 655 129 186 112 10 323 526 114 94 467 605 115 3082 1334 246 988 41 26 115 596 182 47 78 516 67 601 392 20 166 330 492 462 323 108 366 2626 293 110 735 292 1517 68 203 843 173 627 1534 88 14 348 4 417 2258 158 504 73 133 272 342 156 366 857 203 12 135 906 998 774 383 1345 32 281 461 157 2089 84 136 289 415 98 295 143 626 57 2 1176 403 95 311 553 405 192 228 23 187 100 220 72 57 1269 609 83 96 180 1449 77 326 1705 149 153 52 274 53 529 567 1377 449 213 736 132 185 931 123 127 121 236 678 139 331 1310 202 107 122 53 262 470 107 31 904 398 52 320 4 1 46 85 12 373 520 4 264 56 123 95 388 1287 346 167 637 225 254 143 364 252 44 233 447 772 29 70 294 61
