200 2 1
4 8 55 45 18 63 18 9 6 47 55 28 53 19 16 96 20 45 49 94 37 73 13 30 2 73 71 100 22 44 61 100 77 27 26 53 87 49 71 53 27 34 68 97 1 40 46 45 44 8 69 98 69 7 21 71 38 74 87 74 49 17 41 87 58 72 14 95 74 27 58 46 88 65 75 35 20 43 83 23 86 57 76 79 21 85 95 58 51 1 57 52 54 27 74 94 16 65 90 81 98 85 40 34 61 9 37 21 5 23 23 51 8 51 91 38 73 97 2 84 62 13 73 68 38 24 25 60 97 36 64 76 11 97 17 19 81 100 29 92 90 43 1 41 25 69 79 10 8 53 4 46 63 48 23 100 16 47 84 7 28 43 17 45 15 9 56 98 54 37 47 59 6 4 5 79 49 77 41 41 86 61 87 26 22 12 33 3 25 69 78 38 18 98 2 58 25 23 38 57

44 45 12 33 28 71 17 9 8 10 5 60 6 25 24 27 40 58 16 33 45 26 71 32 61 85 44 72 52 39 14 61 55 43 58 14 4 37 13 84 63 4 69 43 10 55 73 20 53 13 32 40 35 39 96 44 4 9 72 21 20 49 56 41 44 2 17 5 42 35 1 64 45 29 11 38 30 42 15 43 4 17 27 5 64 25 43 60 30 53 17 33 5 68 5 11 51 43 47 34 71 13 15 11 12 4 4 13 27 27 4 8 31 29 56 44 62 13 10 42 81 46 17 17 4 62 67 31 3 53 5 36 16 30 18 29 91 13 33 31 3 2 73 6 18 28 12 2 3 34 10 72 6 8 60 13 9 17 83 55 16 8 49 17 16 68 3 13 41 44 5 7 3 90 89 46 36 10 15 11 20 43 31 34 20 92 75 24 55 76 15 9 19 90 60 20 18 21 12 73
100 54 23 52 42 80 95 77 9 19 66 100 14 64 28 29 50 93 56 37 55 33 74 40 63 93 51 88 65 88 49 81 89 82 63 84 11 40 72 87 72 27 84 79 19 69 95 72 57 52 51 68 71 74 99 73 86 78 83 68 78 90 80 46 74 47 78 55 87 89 87 67 71 87 24 59 64 55 87 56 50 38 60 21 72 30 56 85 78 61 89 88 55 89 73 16 78 74 95 45 78 27 36 77 21 65 6 53 88 35 18 76 39 83 59 54 84 38 56 64 85 50 36 65 36 83 99 67 25 72 22 77 48 45 79 53 96 23 37 90 26 53 93 98 31 45 35 41 41 61 75 73 86 35 64 82 71 60 99 60 62 51 54 62 61 73 82 95 76 56 59 79 17 97 93 86 56 35 99 97 26 93 57 51 34 100 79 70 73 76 28 48 48 94 92 73 21 27 83 78

3 45 44 80 13 78 92 49 61 20 61 10 6 19 43 1 10 13 9 64 17 66 62 66 29 70 73 98 10 59 41 74 35 45 11 67 58 30 13 56 25 68 68 89 42 33 33 40 47 67 68 2 95 5 43 79 40 42 33 5 24 57 97 23 30 9 43 57 64 89 52 35 75 56 15 99 65 80 81 13 42 30 36 76 93 99 50 57 44 87 14 54 14 41 89 31 21 82 24 25 97 96 26 8 98 27 83 53 31 84 84 17 41 56 59 14 3 18 4 75 30 9 10 43 63 8 33 4 24 98 72 96 15 80 52 16 89 32 29 95 27 4 2 66 2 66 68 40 20 52 19 49 25 98 60 68 93 19 40 15 78 84 67 39 87 92 94 69 4 2 92 96 28 14 3 32 22 24 55 89 9 76 73 55 33 22 6 13 7 39 35 78 88 45 88 16 4 6 81 44

627 2479 612 2167 1321 2236 339 756 254 108 96 1677 586 927 2231 267 447 320 672 753 547 1300 278 926 530 720 346 1303 173 767 186 1657 3154 274 2281 383 795 805 1799 1192 110 1354 1358 648 590 894 1108 945 183 428 400 317 156 111 728 931 1521 221 2378 2509 804 484 621 353 2218 2900 1387 213 1352 105 911 816 853 475 2466 728 393 317 121 460 1908 825 158 1131 282 805 825 1436 131 380 754 1020 203 2547 1337 384 90 113 398 893 410 255 234 807 789 261 72 1263 1286 790 210 244 924 445 585 1526 1200 2693 375 521 753 1117 481 726 190 400 85 501 271 881 310 235 1490 130 435 27 749 276 618 1094 237 105 632 195 3863 1702 83 40 691 400 2846 191 1359 1620 294 649 1254 138 494 657 1064 1935 1137 125 104 119 1428 1563 907 542 83 134 3210 2443 2681 1184 2862 213 1010 154 2335 237 359 1518 1190 2051 145 672 2157 1761 1704 70 72 156 2871 60 977 363 438 980
1627 3571 3027 2707 1382 3583 3453 971 399 547 1196 3426 1111 1598 2891 1519 610 634 1073 915 727 1563 1237 2004 754 893 933 1312 514 1041 405 3891 3158 371 3370 546 845 917 3004 1766 837 3800 1514 1519 691 895 2448 979 1517 3846 1018 599 3915 274 1014 1918 1847 906 2415 2827 1043 738 1350 485 2825 2951 2233 453 1847 236 2291 1253 868 775 3236 754 954 664 1946 1196 1956 1985 946 2228 708 1117 962 1880 834 1380 1147 2555 881 3538 1446 1015 969 134 1555 985 505 1220 369 3883 867 884 526 2426 1964 986 892 395 2831 639 1043 1737 1663 3903 1363 931 3938 1380 838 756 354 918 397 765 793 889 2214 328 1516 269 3990 535 1605 930 900 2085 1037 593 743 723 4011 1752 596 595 1242 2022 3269 635 1945 1711 884 779 3741 688 808 1215 2080 2545 1753 203 574 733 2018 2973 1824 3977 132 627 3430 3661 3491 1784 3060 3820 3462 3594 2541 597 1763 1629 1778 2597 908 990 2172 1887 1754 450 153 1045 3359 505 1890 1389 1456 1063

409 1915 519 1307 264 511 31 261 191 103 72 620 330 414 362 8 352 3 361 381 165 703 137 101 91 466 196 151 153 610 1 499 244 172 2111 49 782 663 1684 111 83 903 971 130 21 640 155 790 83 309 110 40 62 50 263 555 940 86 525 1538 59 48 534 168 1336 1898 611 120 813 62 892 57 3 64 123 615 361 103 92 94 1313 283 56 1123 210 757 684 1199 101 149 257 79 88 2387 389 87 23 39 205 613 353 184 65 30 22 55 15 697 84 459 190 156 282 114 183 82 284 2631 303 364 443 463 262 263 50 229 77 339 199 573 190 220 644 55 325 18 415 212 336 93 123 91 377 79 2747 1416 43 21 74 323 2449 92 1180 1090 114 262 493 98 341 572 272 1142 11 83 11 42 749 851 591 33 4 87 962 1566 1706 669 2409 40 133 25 110 43 263 1151 671 1102 106 555 900 188 495 31 4 65 1852 47 116 117 350 530
