200 2 1
54 41 35 20 75 21 26 24 95 32 76 15 10 86 6 62 34 40 76 44 83 28 76 40 99 30 18 1 35 47 5 51 51 32 56 53 66 3 17 99 89 61 31 15 9 76 72 64 95 64 3 48 76 57 76 70 82 52 35 91 23 21 31 45 48 72 55 69 78 62 81 77 26 29 93 8 51 10 11 48 96 20 92 43 90 38 17 85 31 97 61 65 5 6 67 48 2 94 32 93 5 52 11 88 75 75 41 53 20 32 6 72 86 37 75 67 97 47 43 42 27 58 41 89 13 84 73 74 27 44 63 8 76 64 30 20 66 12 54 74 2 70 56 61 56 95 77 19 86 69 16 94 32 73 99 71 11 11 95 28 67 89 93 76 22 54 39 15 94 22 6 51 34 44 40 80 7 71 18 60 35 44 57 99 81 38 22 24 34 17 11 18 57 61 35 90 33 85 21 32

12 11 59 9 79 24 66 1 10 1 19 68 54 17 7 25 36 1 71 8 13 74 12 19 16 38 38 7 23 12 3 11 83 44 30 6 64 32 44 39 20 5 32 4 65 18 45 9 24 36 32 16 35 41 7 5 3 32 68 4 12 3 47 3 50 30 5 29 9 49 73 48 86 88 42 51 33 39 24 59 67 56 45 4 38 71 70 85 38 28 79 83 49 15 4 40 25 21 34 49 8 1 31 22 15 16 18 8 19 53 54 8 53 12 72 9 41 27 70 12 36 74 65 23 12 51 22 24 38 75 16 15 51 81 5 48 31 47 27 29 64 37 8 27 75 16 6 15 27 42 16 31 2 41 6 40 16 30 22 12 56 10 32 64 30 75 12 37 28 17 13 12 67 44 37 52 23 25 47 31 57 50 60 2 86 17 6 6 74 70 22 66 22 9 17 5 31 16 14 6
13 99 91 21 92 27 73 19 28 82 67 89 93 94 81 51 83 31 97 75 13 100 31 30 77 82 94 20 75 77 44 41 86 53 57 45 91 66 72 90 70 80 51 9 100 30 75 76 86 67 37 32 66 88 16 37 13 73 81 59 53 88 96 32 60 55 21 36 85 82 76 71 96 95 90 63 40 53 47 84 97 58 58 78 59 93 90 86 39 54 93 90 71 68 64 69 61 31 48 76 58 25 38 50 58 78 60 68 88 79 74 98 79 56 83 51 45 66 92 20 97 83 69 76 95 78 33 64 62 75 51 77 57 98 56 92 87 49 67 99 68 41 38 61 77 67 94 81 40 80 23 32 68 91 37 76 62 37 36 45 96 69 34 85 69 91 25 52 51 55 33 33 92 50 45 88 98 84 82 52 65 89 94 3 96 21 83 46 92 93 88 67 34 17 45 36 100 42 18 91

46 56 28 25 56 28 91 19 70 99 39 94 93 56 31 13 98 31 40 50 87 25 25 2 2 58 19 26 45 44 71 49 34 35 24 16 92 26 82 1 62 4 63 53 12 79 29 75 27 98 69 85 93 69 72 28 74 43 92 61 92 1 72 86 39 13 25 61 51 30 61 33 48 54 49 59 48 42 95 73 16 53 90 59 6 84 85 52 34 87 78 83 91 23 55 40 57 81 3 100 47 33 24 58 69 93 49 8 71 24 44 24 41 1 2 49 1 12 53 62 30 49 42 75 86 12 39 35 54 83 66 99 61 58 97 43 20 28 72 77 57 16 100 1 41 45 9 83 29 52 24 82 81 87 77 79 36 8 45 6 97 82 33 84 100 77 83 87 49 72 49 17 20 10 16 91 63 35 100 30 68 96 60 76 58 4 41 11 19 48 89 10 95 89 55 47 13 39 47 37

658 83 591 100 322 104 362 1007 567 363 546 1310 77 534 1259 448 63 281 121 1495 464 403 270 869 1400 1268 100 1595 219 579 2563 1176 227 378 74 465 526 1216 2969 744 2304 197 1188 37 202 412 1616 74 852 1169 447 131 515 3087 127 693 745 1635 277 2670 544 535 1419 2312 607 342 419 588 1434 929 1601 1508 36 247 329 60 235 356 60 3261 1505 502 1017 946 1813 851 846 312 463 2603 75 2000 1681 40 357 308 1304 412 872 565 261 139 945 1075 455 659 2556 435 190 338 246 686 1259 1674 1242 1077 353 726 1025 361 743 1159 425 241 503 471 277 336 830 150 2614 748 1412 737 210 1742 2850 550 1565 1040 203 1478 64 2092 1465 846 419 2316 263 2178 512 420 290 78 224 1001 140 1281 634 90 69 255 813 979 170 272 603 885 1494 440 466 742 747 214 194 217 120 212 647 851 70 598 497 978 872 1474 544 1598 204 423 334 849 225 322 127 387 490 479 2293 991
667 402 959 128 936 130 812 1489 783 3674 686 2027 3661 1752 1535 579 872 935 2053 1528 778 417 1909 921 1861 1864 462 2236 297 620 3008 1871 1044 1798 408 872 2267 3530 3701 884 3095 257 1271 79 1389 1795 1747 167 1020 2345 713 366 668 3598 772 1675 1515 1676 3069 2820 879 557 2563 2371 1029 489 1739 1142 1565 1459 1846 3643 583 856 697 814 524 898 2664 4029 1690 897 4024 997 3471 956 945 680 1581 3928 2250 3669 1827 541 741 1883 3225 957 1518 589 884 433 1151 1142 1234 791 3046 891 795 1774 995 1534 2085 1767 2018 1610 3954 2536 3994 954 771 1759 676 820 698 3238 359 807 1369 3795 3259 905 3535 800 1322 1821 2917 758 3898 2220 1295 3098 674 2795 1938 4056 1000 2884 452 2450 708 1420 409 976 577 1047 226 2619 1863 1326 348 3221 1096 3386 820 1503 957 1018 1531 3535 649 2854 3919 839 3749 872 167 1023 680 2033 1209 629 2043 1158 2059 2043 553 2680 979 2288 1904 1141 1265 2001 861 1753 3522 1197 3182 3988

577 25 7 86 67 59 95 467 40 200 353 86 55 127 942 272 6 272 23 975 144 233 223 618 472 746 73 962 184 100 1105 788 159 242 72 78 236 1157 1198 128 105 100 1103 18 157 312 389 38 548 947 327 24 344 5 101 149 342 1534 61 464 472 12 977 1507 399 234 253 308 718 779 946 1183 19 96 23 58 24 82 38 2623 1019 390 62 161 593 657 188 208 412 2482 29 399 617 1 253 50 742 320 342 477 109 77 511 705 74 203 821 133 2 115 198 148 293 991 1069 33 271 418 263 331 624 49 68 144 350 452 94 39 673 95 445 198 659 103 10 1503 2025 232 1123 1021 43 531 17 1291 286 663 135 456 147 875 399 80 209 62 96 657 22 1125 557 22 35 17 424 213 102 94 586 431 1386 26 214 689 667 10 18 89 75 154 409 716 44 372 486 873 71 446 83 1340 185 302 59 187 88 40 4 263 332 171 922 413
