150 4 1
266 129 121 1 30 149 45 116 1 93 228 22 148 191 67 1 194 64 91 137 125 191 1 1 241 130 103 69 69 164 1 91 151 130 1 85 135 1 126 192 22 107 27 51 152 68 192 91 1 153 150 78 27 71 106 19 132 130 110 27 118 194 48 88 3 194 203 76 128 118 85 1 169 197 1 68 199 26 154 66 164 76 48 55 68 1 177 131 65 117 228 131 240 120 48 90 69 45 115 157 171 59 78 78 85 74 27 104 1 88 87 129 169 129 48 1 128 1 43 45 105 102 91 1 38 1 194 200 124 137 243 60 1 164 141 139 61 189 61 37 165 1 112 41 12 82 38 97 205 47

27 37 8 19 6 16 35 38 1 14 1 1 1 16 10 23 13 27 19 16 9 34 32 17 25 30 10 26 1 1 9 23 9 34 25 20 23 10 25 19 20 12 61 10 11 1 8 37 13 49 34 36 1 16 23 46 29 45 37 12 33 38 9 26 20 32 53 1 43 23 22 1 9 2 3 16 19 18 21 1 1 45 24 19 18 27 15 34 4 43 24 7 19 43 46 27 21 7 44 20 8 10 19 33 27 43 26 28 16 22 15 19 37 57 57 25 3 30 1 3 26 1 32 11 12 1 48 10 22 47 1 25 8 11 1 17 18 28 42 29 22 32 13 19 18 41 16 25 37 4
37 58 24 28 15 31 49 40 11 33 21 13 10 17 11 45 23 37 24 19 22 42 46 25 28 31 18 32 8 5 24 40 10 48 45 24 30 14 51 20 33 23 77 37 29 2 9 47 18 56 36 50 7 27 44 53 30 50 46 19 36 46 20 48 21 33 69 2 45 28 38 20 14 14 7 21 30 21 25 13 15 48 25 20 31 37 18 47 17 44 29 16 34 44 51 43 43 16 61 27 14 24 47 47 37 49 36 58 18 26 23 34 41 63 64 30 16 40 11 5 46 18 57 34 23 17 52 23 28 52 23 36 21 26 7 31 35 49 62 33 37 39 22 24 28 42 34 42 64 9
43 71 42 41 25 37 54 46 36 50 24 25 15 29 38 48 32 49 36 37 23 51 59 32 30 38 31 53 11 20 41 61 22 59 53 35 38 20 75 36 34 37 100 53 50 10 24 53 44 67 42 53 10 31 59 68 37 55 58 20 50 60 32 60 30 39 71 24 47 44 54 39 22 19 14 38 37 30 26 14 21 59 29 32 44 41 28 58 19 51 30 31 46 49 58 44 50 35 77 48 31 31 65 57 56 50 45 76 32 40 34 41 58 64 70 35 22 65 17 8 64 22 69 61 44 24 53 34 34 67 37 39 30 31 13 36 43 50 77 42 38 40 32 42 36 70 37 55 76 14
53 87 43 66 41 38 62 49 53 64 26 36 18 38 54 52 39 51 59 51 28 61 68 55 46 42 41 59 22 21 43 64 31 60 54 41 56 35 76 50 46 39 124 64 55 12 41 69 45 104 49 58 33 34 71 76 45 66 80 35 66 67 45 82 55 62 91 28 58 45 68 59 45 20 26 45 45 42 38 19 33 73 32 39 49 46 37 67 22 62 38 44 62 61 76 57 69 49 100 73 34 50 85 70 71 51 50 106 35 61 58 57 61 73 96 39 29 68 36 29 71 39 75 85 46 43 57 54 38 80 43 47 43 39 15 58 51 62 105 56 39 43 37 45 56 85 46 60 78 15

19 2 7 8 2 16 15 11 1 6 12 6 18 20 33 1 15 8 12 21 1 5 24 13 11 10 1 14 16 13 1 16 10 5 8 7 8 28 22 3 11 10 9 9 4 1 11 4 1 11 18 19 4 13 7 5 4 13 17 12 18 24 3 5 1 9 1 1 24 15 11 9 8 1 8 6 13 20 10 8 4 11 3 5 7 7 5 10 2 1 7 27 1 1 5 13 12 16 16 21 15 1 22 1 9 1 1 10 1 1 17 25 12 19 17 1 7 13 1 20 14 11 11 4 1 28 8 34 14 22 1 18 16 18 6 1 2 17 13 10 1 7 3 22 1 3 19 21 1 16

7458 5287 10125 6370 6193 8566 5847 8368 8620 4145 3931 7167 5000 10020 10381 8308 6171 9657 2692 6476 8980 9258 2242 9926 4880 8881 6404 9675 6982 8361 4788 7648 4495 3957 7548 4752 6402 10044 6536 8606 9504 10161 7610 5856 7914 8917 5591 11437 8091 5197 8959 7082 4264 10141 6293 7602 9773 7815 6275 5810 6498 7693 3712 405 9966 8654 12627 5605 4473 8207 7167 4157 7617 4665 8932 9655 9035 8119 1518 3909 7082 7260 9519 9106 10965 8533 519 5726 7503 13438 7714 5279 5540 9595 9563 6496 8971 5064 3694 12927 5669 3953 8133 9860 4644 4702 12909 5379 6658 11188 5995 7449 9716 4534 10293 6020 9975 9879 11279 8604 8042 365 3733 3758 7354 11865 2512 8316 4724 8123 504 7279 13250 9745 1085 9613 4103 4573 8149 5123 9841 5348 10112 8158 7714 8933 8847 7805 8133 6367
8518 6054 11367 7193 7138 10204 7014 10458 9878 4597 4680 8495 5889 11225 11585 9416 7392 11815 3161 7360 11113 10233 2701 10923 5493 10125 7844 10872 8308 9425 5647 9488 5329 4594 9160 5928 7891 12195 7627 9810 10974 12533 8564 6651 8807 9830 6802 12588 9555 6407 10461 8417 4876 11418 7193 8495 11903 9752 7308 6519 7454 8903 4083 467 10971 9588 15123 6893 5268 9269 8197 5062 9491 5560 10334 10717 10639 9625 1773 4530 7991 8681 11583 10261 12451 10395 615 6759 8760 15333 8987 6073 6871 11264 11117 7292 10009 5918 4465 14295 6530 4782 9564 11404 5395 5663 15057 6124 7441 13919 6912 8955 11877 5293 12013 6761 12148 11709 12709 9515 9282 432 4326 4229 8718 14698 3044 9942 5478 9213 585 8546 15584 11075 1315 11107 5078 5364 9116 6181 10880 6603 11609 9484 9079 11068 11027 9365 9181 7056
9504 7342 13892 8605 8594 11111 8398 12007 11644 5579 5480 9623 6684 12824 13000 10846 8363 13033 3599 8206 13275 11440 2994 12550 6069 11254 9399 13273 9718 10835 6608 10672 6239 5561 10848 6732 9036 14411 8769 10926 12952 14793 9737 7646 9883 11402 8131 13875 10553 7210 11663 9971 5479 13272 7843 9786 13546 11347 8475 7948 9050 10063 4698 509 12136 11295 17058 7695 6269 10595 9690 5678 11358 6299 11476 12209 12284 11349 1928 5029 9256 9921 13461 11977 14298 12363 674 7720 9763 17728 10126 7001 7461 12849 12162 8669 12032 6685 4989 16913 7315 5626 10699 13275 6117 6814 16608 6959 8308 15096 8035 10063 13484 6086 13350 7649 14151 13619 14424 11067 10733 510 5255 4771 10522 16423 3406 11176 6333 11222 679 9289 17108 12164 1432 13361 5888 6183 10676 7199 13019 7718 13047 10828 10459 13233 11987 10749 10603 7715
10598 8653 15040 9888 9247 12126 9139 13414 12548 6400 6030 10661 7773 15246 14350 11868 9069 14651 4139 9198 15392 13195 3443 14695 6994 12193 10926 14895 11168 12795 7396 12408 6874 6081 12708 7783 10513 15974 10118 12835 15066 17176 10778 8871 11092 13601 8827 15446 11439 8454 12807 10953 6239 14676 8907 10640 15780 12354 9575 8968 10533 11018 5573 549 14207 13233 19516 8792 7254 12160 10675 6169 12383 7077 12863 13968 14392 12793 2183 5451 10666 11255 15791 13241 15616 13503 758 8362 11161 20862 11970 7632 8806 14320 13996 9799 13366 7365 5558 20083 8016 6307 12033 15537 6829 7285 18220 7644 9926 16975 9315 10984 14716 6670 14722 8871 16289 14987 16145 12993 12191 558 6043 5306 12172 19154 3874 12050 7010 12223 754 10842 19985 14557 1682 15166 6341 6812 12035 7903 15375 8604 14747 12042 11311 14854 12995 12431 12376 8607

3993 4180 8802 4992 4159 6763 4504 4657 7005 3541 3124 5545 3903 5506 7799 5245 3650 7029 1452 4739 7805 5057 1555 6209 4231 5384 4696 8389 5240 6545 4278 6415 2986 3324 3814 3328 5488 5748 3598 4372 7287 8586 6502 5213 5122 5978 4924 6633 5221 4491 7398 4880 3153 8426 4575 3876 6204 4838 4561 4351 3724 4675 3089 326 7286 6565 7049 4814 3137 6359 5922 2980 5324 3818 7186 6782 5949 5979 760 2740 4668 5439 5632 8088 8852 5655 367 4024 6390 9944 5124 4006 4725 6570 4899 4633 6341 2694 2811 10621 4295 3108 6255 5949 3060 2673 8454 3216 5716 5925 4910 4350 8603 2340 7030 4536 8960 6011 6075 4889 6141 259 3083 1970 6289 8781 2043 4453 4197 6636 333 4928 11599 8029 674 6690 3105 2467 6335 2768 8306 2710 8466 6473 6219 6748 7642 6391 6838 5579
