150 4 1
49 135 151 115 64 121 129 222 23 1 95 43 165 207 133 167 74 70 292 34 99 24 179 124 151 2 1 1 1 80 1 116 156 1 137 31 158 34 60 35 221 1 231 283 118 88 244 1 1 341 31 1 147 227 93 52 113 158 132 94 137 231 45 127 73 133 125 160 57 57 62 157 91 112 173 75 193 233 172 17 1 125 189 107 78 46 1 1 130 111 116 1 141 178 16 62 10 25 188 260 162 174 1 1 294 98 72 18 220 53 49 259 252 77 251 38 52 59 149 77 1 67 112 49 131 157 198 78 1 109 106 34 226 94 96 94 255 32 111 190 134 10 46 138 89 154 233 147 86 90

58 11 27 1 29 12 7 16 25 5 52 2 27 50 17 40 28 3 28 1 7 25 9 60 21 1 1 13 31 18 10 9 24 4 21 40 30 23 38 29 23 15 14 5 14 26 41 1 7 1 1 1 25 16 18 9 21 28 29 28 21 17 14 10 17 29 17 6 49 28 1 43 13 1 1 42 14 10 16 42 27 1 10 2 9 4 18 51 35 1 16 18 16 9 18 8 12 27 3 27 11 1 54 32 1 24 1 8 30 1 24 29 12 19 14 6 40 37 39 32 34 31 11 5 11 36 15 1 21 36 32 47 48 35 7 1 41 4 8 21 24 31 14 11 11 1 21 43 24 36
80 25 37 18 52 30 26 27 40 13 70 15 40 61 25 49 29 15 31 18 27 46 19 67 35 2 7 27 44 24 23 27 28 22 29 55 36 45 39 42 28 33 29 22 28 27 54 3 14 15 13 8 30 32 28 30 27 43 45 45 47 38 33 26 29 30 27 7 56 37 20 59 22 13 7 58 19 30 23 46 31 16 11 5 21 5 26 67 48 22 31 33 25 19 26 13 22 33 7 34 12 13 59 35 18 32 16 26 31 19 30 30 16 40 29 19 41 54 49 41 43 42 32 11 33 61 37 13 30 49 52 53 51 43 24 6 50 14 22 41 33 36 28 19 14 10 48 58 25 48
86 35 49 19 53 46 49 38 68 21 71 19 46 69 29 75 37 23 48 19 28 56 23 78 36 7 29 28 45 31 41 37 44 29 32 65 42 50 42 43 36 49 47 26 44 35 60 16 17 22 17 17 41 42 35 31 40 46 56 60 50 64 55 37 32 44 28 9 77 43 28 62 24 23 24 61 40 44 25 64 39 25 28 17 38 7 45 76 52 33 41 52 26 29 32 18 23 42 24 47 29 22 68 57 25 38 30 27 42 22 31 35 36 56 35 28 54 61 60 45 62 54 40 12 44 62 51 14 35 54 61 62 65 54 30 8 51 18 23 42 51 62 40 21 31 19 52 69 26 55
106 47 71 20 67 47 79 43 77 23 90 27 68 89 35 95 71 33 67 25 41 76 30 79 53 12 45 31 55 46 52 43 64 43 41 74 51 51 54 55 37 55 56 37 51 42 74 18 21 41 23 28 51 45 44 38 59 64 79 64 67 65 70 54 36 66 52 32 81 75 47 74 28 24 26 83 66 45 44 90 55 36 29 28 45 22 66 94 61 44 42 57 31 60 39 35 34 43 48 56 46 34 69 60 42 55 31 35 61 30 44 45 46 67 55 39 68 74 79 57 69 71 47 24 55 80 59 34 46 71 68 81 68 67 38 9 64 23 38 44 59 75 46 26 51 27 58 75 37 78

13 13 10 14 9 11 3 16 15 18 25 17 20 6 3 12 12 34 1 1 4 11 8 4 1 11 4 9 8 11 10 1 5 9 16 1 1 9 21 6 1 1 23 1 1 20 1 2 17 16 3 3 13 14 19 19 4 6 16 11 1 10 13 3 2 1 1 11 9 4 1 10 3 10 5 7 12 3 17 14 19 10 10 9 27 20 6 7 10 19 6 5 1 1 16 12 29 1 11 22 3 1 8 22 16 10 8 21 25 18 1 9 10 8 19 6 1 11 8 1 10 17 2 8 6 10 23 1 13 14 9 9 8 10 20 6 1 4 8 11 10 8 1 2 1 1 14 12 16 1

5427 5173 10685 5283 6408 7075 10425 2077 4599 5969 4225 11210 4261 5708 10168 5277 5562 2760 8399 8180 8317 6079 10284 4846 8198 5768 13069 2413 5627 9192 5002 5021 5535 13720 4148 10670 11084 9943 6752 10452 2293 6972 4491 7241 4966 4130 4507 5974 8870 6664 9022 2820 10489 5431 9739 8588 9723 5053 10961 5558 13225 7007 7213 5930 7047 12598 6022 3669 8111 5051 10194 8566 10689 6701 7875 11173 6420 8076 3093 11188 7612 10672 6253 10914 6239 9874 6462 6241 5321 6106 11909 4722 9769 9763 10515 11069 8766 5371 1493 385 1556 5080 11283 9989 1804 5826 4562 9556 6471 441 1830 4815 6707 10152 4107 11092 4086 10072 5301 4110 2074 5407 6046 11132 5170 9449 5042 5418 6857 5435 4031 10918 8237 5054 12613 11174 12337 6333 8975 3895 6368 2999 4975 8525 5169 11302 9330 5332 9730 3934
5985 6218 13311 5870 7317 7813 12290 2368 5198 6730 5036 12347 5056 6770 12560 6099 6582 3040 9579 9472 10384 7201 12634 5431 9581 6394 16200 2805 6222 11150 6250 5526 6243 16577 4870 11800 13034 11559 7995 12217 2699 8659 5294 8022 6042 4866 5071 7035 9998 7765 11263 3493 13094 6301 11805 9468 12149 6107 13629 6914 14655 8635 8432 7406 8117 14211 6684 4177 9755 5994 12231 10100 12288 7471 9082 12885 7203 9567 3476 12969 9059 12022 7515 12320 7436 10945 7340 7127 5939 6834 13895 5469 11008 11248 12162 13545 9974 6455 1864 471 1819 5719 12420 11188 2126 7097 5343 11161 7517 498 2111 5586 7754 11570 4607 13643 4932 12349 6314 4706 2541 6081 7297 12897 6428 11202 5811 6350 7835 6580 4846 12376 9824 5591 14275 13611 13623 7598 10779 4316 7600 3461 6112 10538 6416 13292 11654 5976 10726 4515
6806 6801 14512 6523 8169 9014 14520 2661 5897 7419 6083 14962 5871 8057 13614 6823 7261 3711 11585 10915 11421 7904 14729 6604 11309 7329 19444 3088 7481 13235 6859 6105 7621 18746 5743 13076 14281 13356 9228 13425 3167 9505 6179 9723 6568 5660 6179 8192 11064 8602 12477 3804 14572 7315 14104 11200 13326 7242 15060 8143 17184 9924 9752 8105 9228 15842 8096 4833 11464 6576 14303 11816 14121 8506 10840 15029 8227 11196 4102 14918 10499 14233 8803 14970 8146 13237 8226 7789 7146 7793 15721 6282 12925 12685 13386 14680 12121 7660 2127 526 2068 6543 14481 12240 2357 8511 6279 12388 8411 568 2471 6081 9077 13250 5554 15704 5893 14781 7477 5350 2905 7106 8585 15277 7658 13474 6804 7215 9425 7474 5335 13866 11327 6522 17386 15047 15871 8293 11864 5289 8384 4056 7004 12484 7418 14651 13343 7140 12976 5390
7584 7395 15890 7191 9549 10000 16298 3055 6820 8775 6678 17275 6307 9096 15556 7943 8008 4148 13664 12074 13266 8552 17130 7652 12768 8279 21096 3450 8466 15027 7515 7360 8278 21458 6728 14694 16249 15383 10230 14675 3635 10437 7248 10640 7410 6573 6766 8803 12087 9613 14412 4485 15753 7896 16166 13062 14915 8502 17488 9118 19055 10679 11392 9306 10783 18278 9095 5624 13259 7748 16639 13256 16540 9642 12346 16883 9180 12869 4596 17592 12125 15449 9893 17467 9139 14338 9318 9008 8074 8594 17937 7337 14048 14574 14870 16625 13340 9001 2385 569 2303 7584 17203 13917 2547 9649 7159 14317 9578 623 2877 6910 10003 14680 6332 17491 6666 16799 8511 6180 3218 8453 9664 16443 8532 14852 7995 8110 10729 8253 6103 16190 13329 7658 19901 17310 17554 9584 13039 5936 9096 4736 7602 14370 8258 16409 15376 7712 14449 5844

2878 4228 7084 4138 4132 5184 7777 1786 3166 3028 2968 9359 3344 3770 6191 3357 4283 1578 7163 6386 4494 4754 6481 4105 4984 3040 8250 1977 3368 6655 3799 4340 4963 9862 2588 8232 6951 7744 4529 7664 1252 6200 3683 6141 3260 2960 3288 4025 7587 4188 5603 1616 9071 4016 7447 6530 8046 3071 8217 3112 8370 5723 5145 3730 5650 9307 4713 2993 4234 3947 7353 7678 6887 3765 5647 9907 5391 5439 2193 5634 4083 8581 3249 5787 3732 5856 5247 3671 2877 4692 8790 2910 7733 8089 8614 9391 6164 3120 1183 307 1254 3428 9794 5519 942 3728 4051 7129 5568 240 999 3576 4195 5201 2763 6366 2164 8451 3039 3408 1806 4011 3338 6156 3227 8332 3214 2860 4658 4778 3330 5512 5531 2813 9211 5718 6504 3857 5536 3104 3202 2309 2848 7130 4471 8789 7041 3054 6152 2674
