150 4 1
66 126 1 1 47 107 51 1 81 208 57 177 1 110 261 33 89 173 193 65 1 136 105 47 72 243 99 186 42 218 117 66 11 9 9 1 118 25 122 39 109 45 177 193 44 69 89 189 91 37 184 203 103 35 177 48 62 195 67 42 17 37 103 166 167 144 167 27 54 85 37 73 126 30 94 1 91 11 98 158 131 22 117 172 286 206 26 16 43 217 110 133 182 77 90 14 80 22 202 168 109 232 40 105 1 165 105 1 76 103 13 115 1 166 178 31 71 166 160 134 175 220 124 44 207 1 87 137 90 100 1 134 158 8 93 106 76 270 142 205 104 147 163 63 19 135 272 48 56 1

1 1 11 22 21 46 1 26 19 34 6 42 36 3 4 27 30 11 5 44 19 6 1 28 44 27 13 1 28 37 30 31 14 24 7 15 45 12 19 1 17 47 48 14 38 19 12 8 1 42 7 15 26 13 8 20 17 37 1 4 36 31 3 44 32 34 46 26 11 21 39 1 1 72 10 3 30 52 1 14 1 1 29 1 30 14 13 8 4 1 13 13 1 38 41 18 9 40 27 17 8 27 22 12 4 25 2 19 23 10 7 24 3 14 36 1 5 14 32 15 1 14 25 25 31 4 13 39 44 26 20 26 2 24 1 24 1 1 19 11 16 1 26 10 19 1 11 13 19 24
4 4 12 25 23 58 4 27 32 51 20 59 43 5 5 35 36 28 6 64 32 13 12 31 56 28 14 10 29 38 35 35 33 50 21 33 66 22 26 17 21 48 61 16 42 31 46 24 17 43 21 18 28 25 18 25 20 56 24 8 40 34 14 53 51 41 51 41 23 43 40 10 2 78 14 5 54 67 5 16 17 2 36 6 43 19 22 10 9 11 18 27 4 39 45 28 15 57 39 19 11 28 36 19 12 36 10 26 32 18 18 29 22 23 37 13 17 29 51 17 5 27 31 29 53 5 25 54 46 38 30 33 7 36 2 38 4 15 24 22 27 3 37 15 38 7 18 14 25 43
20 19 40 37 30 59 21 47 50 59 29 65 57 22 18 59 52 35 11 84 33 27 25 42 58 32 33 17 35 42 40 36 37 72 36 42 77 48 34 22 29 49 72 23 45 41 49 27 29 54 36 39 44 27 25 48 23 74 33 19 51 35 20 71 62 46 55 64 30 49 57 28 9 88 31 9 64 79 16 22 30 12 49 15 45 23 25 14 23 23 37 36 17 60 72 33 26 61 59 31 19 31 43 29 16 49 15 45 38 19 21 40 27 40 52 24 30 39 69 26 18 42 41 47 60 9 35 55 49 45 41 41 11 61 19 49 37 25 41 36 35 13 52 16 49 9 40 21 36 64
35 45 41 50 39 74 26 48 52 61 34 87 61 35 28 68 64 40 31 109 65 31 35 64 66 63 44 39 51 43 59 45 54 95 44 55 83 50 53 28 34 58 86 29 58 62 57 46 45 55 47 44 60 44 39 62 34 79 38 40 60 57 23 72 79 47 56 75 43 55 63 43 25 92 47 24 79 97 23 31 43 29 56 31 57 37 45 19 38 45 39 55 25 87 82 40 30 67 64 37 32 34 63 36 31 65 23 61 41 30 36 53 28 60 70 25 34 48 85 41 46 58 55 62 71 32 56 66 58 46 52 42 20 64 20 63 47 42 44 64 44 28 56 29 64 23 49 35 53 70

17 11 14 5 18 11 1 19 18 35 19 6 3 6 8 9 1 17 1 1 20 10 2 14 16 1 17 10 1 5 22 1 1 8 22 1 13 8 12 15 20 13 19 21 8 7 16 12 1 1 10 1 8 26 28 12 26 15 18 10 11 7 13 9 20 18 15 13 7 13 20 12 8 11 1 3 1 23 19 16 10 4 13 1 6 1 1 22 4 9 8 7 11 15 1 15 2 7 18 6 29 4 18 22 12 17 6 19 12 11 6 15 12 14 10 1 1 1 6 4 1 20 14 10 1 18 9 18 17 6 5 6 17 1 19 15 18 3 14 4 6 9 1 9 12 15 1 22 16 22

5113 4290 6728 3903 8216 5168 6547 7630 3862 6192 3312 4748 5106 5200 5467 9322 13271 5843 7830 10970 8011 8682 3309 11916 4444 9517 4496 8650 6944 5857 8064 5180 9178 9147 4198 10492 9020 10058 1928 5669 8437 13235 7919 10563 12763 5343 5725 9781 10982 8557 10775 9028 9123 9229 5482 8397 3452 8644 13425 9352 5332 4953 10865 7665 5335 5197 4066 3048 8794 9874 4089 10681 3190 9957 8383 7791 4586 4332 7849 9988 6529 8005 1142 9975 3807 138 5303 9419 14102 309 10071 8063 90 4360 8683 5602 9297 3631 4836 4432 5247 6685 10876 6532 10427 4696 930 10142 8726 10382 4495 10456 9553 9134 4032 11650 8227 7065 10325 6289 8331 5490 3935 7890 4671 9643 11419 8351 4913 5580 10417 2087 11001 6925 10009 7002 10379 7937 4162 8064 4733 4826 9575 5487 7549 4941 8436 3002 9793 10020
6238 4967 8150 4375 10062 5848 7781 9454 4471 7422 4060 5800 6045 6118 6094 10629 15863 6790 9353 12231 9589 10455 4012 13704 5358 11184 5317 9946 7973 7074 9213 5775 10701 11181 4894 13088 11131 11730 2129 6578 9710 15986 8942 11997 14563 5981 6338 12214 13095 10166 12457 10910 10945 10605 6752 10057 4272 9963 15647 10536 6261 5899 11990 9367 6552 6100 4795 3721 10010 11116 4519 12704 3743 11609 10135 9551 5570 4835 9232 11084 7795 9205 1362 11338 4708 166 6341 11214 17270 357 11625 8938 105 5356 10758 6687 10749 4324 5925 5525 5897 8082 13115 7774 11551 5788 1052 11729 10533 11541 5050 12913 10665 10947 4954 14392 9845 8740 12388 7568 9805 6581 4449 8812 5583 11949 13364 9776 5501 6325 11936 2467 13632 8630 11966 8172 11906 8990 5178 10011 5384 5517 11239 6856 9360 5747 9512 3519 11039 11870
7184 5463 9646 5116 11180 6949 9249 10288 5044 8452 4704 6924 6807 6897 7180 11818 18889 7526 11127 13638 10821 11466 4745 16450 6042 12645 5829 10965 9596 7933 10629 6557 12782 13334 5681 14362 13121 13253 2524 7513 11648 18233 10553 14249 16699 6585 7680 14178 15162 11257 13853 12346 12459 12681 8070 11915 5033 10880 18220 12014 7133 6948 14368 10886 7169 6803 5414 4333 12176 13521 4951 14237 4110 13960 11212 10776 6579 5660 10553 12814 8553 10358 1516 13706 5498 189 7580 13103 20373 395 14053 10162 115 5829 12210 7777 12732 5024 6588 6605 6486 8772 15710 8724 12983 6693 1232 13582 11736 13976 5862 14304 12509 12588 5847 16343 11157 10307 14235 8601 10829 7845 4843 10100 6196 13084 15636 11190 6726 7273 13368 2975 15120 10217 13968 9424 13541 10731 6054 11592 6459 6662 12471 8096 11037 6486 10514 4221 12048 14076
8294 6486 11200 6059 12450 7635 10556 11364 5628 9725 5307 7820 7355 7633 7943 12802 20340 8393 12706 15399 12368 13506 5249 18775 6863 14567 6296 11981 11124 8984 12377 7139 15013 15316 6102 16537 14690 15577 2920 8146 12943 21093 12306 16600 19509 7355 8356 16138 16406 12353 15400 13260 13927 14572 9173 13334 5884 12238 21499 14143 8111 7871 16787 12379 8277 7994 5832 4797 13226 15736 5548 15427 4498 15637 12159 11712 7101 6408 11890 15191 10122 12290 1705 15724 6218 218 8628 14287 23535 464 16484 11414 133 6419 13088 8349 14720 5631 7406 7611 7227 9963 17255 10221 14411 7739 1448 15028 12927 16152 6509 15739 13557 13765 6356 18814 13009 11228 15398 10106 12336 8716 5539 11778 6961 14562 18477 12822 7257 8664 14774 3301 17311 11907 15444 10501 16118 12434 6793 12908 6963 7579 14348 8887 12795 7343 11937 4687 14158 16202

3868 2433 4606 3158 5643 4093 3585 6287 2735 4988 2800 3438 3771 2991 4550 7318 9758 4127 6770 7501 6792 4797 1774 9364 2874 6076 3473 5018 3894 3282 6758 2828 8246 4754 2825 9106 6850 6221 1562 3003 4709 7054 6579 8242 8834 2878 2929 8574 9525 5980 6975 5782 5849 5708 2959 5158 2542 5887 7001 5854 4121 2646 8041 6576 4075 3389 2263 2085 6205 7821 3354 7449 2706 7738 5150 4807 3403 3703 6820 6036 4745 6745 703 8707 2028 87 4025 7429 12482 262 5131 5382 54 3174 7437 3668 6355 3046 3909 2596 3476 4865 7057 5654 6873 3163 574 8173 7848 6253 3425 5810 6947 5807 2629 10267 5879 4869 5634 3554 5219 3906 2287 4008 2750 6521 6720 5548 2794 4923 7039 1293 9202 4126 5963 4233 8853 6743 2836 5477 3208 4050 5120 3529 5097 3884 4932 2604 5413 8857
