150 4 1
84 1 4 35 205 60 58 134 108 54 145 117 129 54 85 1 22 67 135 101 66 106 254 59 95 1 83 13 45 127 151 1 187 157 69 98 169 100 205 58 168 42 106 22 1 280 93 141 147 78 63 75 96 18 44 104 195 69 162 79 107 245 17 303 56 75 1 150 117 1 39 1 1 140 110 142 100 155 84 78 91 25 37 4 241 8 187 92 190 215 44 68 231 191 119 55 74 1 244 167 149 234 1 135 1 114 147 21 85 85 158 68 1 207 92 81 174 133 104 89 95 117 1 207 194 160 112 111 61 84 48 130 75 127 199 229 195 73 251 90 188 116 42 90 35 99 125 123 1 44

4 4 10 43 1 37 37 30 1 17 38 35 4 43 16 1 1 3 36 16 4 50 35 21 20 32 14 28 1 21 46 14 9 1 1 20 8 33 1 20 25 37 15 15 27 6 23 27 14 18 35 53 37 22 25 26 27 2 10 18 46 13 7 32 1 23 26 55 20 9 22 28 28 11 22 57 38 5 41 16 30 17 44 14 46 29 1 23 8 1 13 19 1 13 8 14 1 42 2 2 32 26 13 34 2 1 6 14 7 16 15 34 21 11 27 30 16 15 1 15 10 43 10 1 19 28 38 28 21 41 11 33 38 42 12 1 37 22 2 17 18 20 32 37 47 11 32 46 39 7
30 8 23 52 10 55 51 35 10 34 44 38 17 45 20 10 15 6 48 23 17 51 45 35 22 53 31 32 17 32 50 36 11 8 7 21 14 48 9 24 36 45 16 19 42 26 33 32 20 38 56 60 56 31 45 32 38 28 13 36 62 15 23 44 11 41 36 61 39 18 26 32 50 22 27 59 41 6 49 23 37 28 49 18 47 40 16 31 19 15 40 20 11 22 18 46 10 64 22 3 56 36 36 58 12 3 16 17 20 35 24 43 24 19 41 41 22 25 5 20 30 61 27 3 26 34 46 47 43 50 25 48 56 50 14 18 49 40 13 46 19 30 36 48 62 31 41 69 55 14
57 9 33 57 19 72 52 36 20 35 60 48 22 46 22 25 17 13 51 30 33 61 62 51 34 59 45 44 26 39 69 46 19 26 27 32 42 50 31 38 51 53 19 31 58 32 49 33 38 53 63 75 83 46 63 35 52 29 18 46 72 28 24 51 15 47 51 63 47 23 33 46 64 25 41 67 49 16 58 35 50 29 59 23 61 53 52 44 39 24 53 31 17 23 31 84 24 73 26 7 59 37 49 74 24 4 17 41 31 47 29 57 28 32 50 44 24 47 6 23 48 68 30 16 33 35 55 53 45 51 38 52 72 64 22 22 52 59 23 55 25 36 37 56 65 46 59 86 64 30
74 14 37 77 39 78 67 46 28 36 69 50 23 51 36 46 24 31 66 34 49 77 102 66 41 62 53 50 34 43 80 56 21 44 29 54 43 61 33 42 61 63 34 42 72 42 66 41 49 74 73 86 85 55 64 47 57 35 21 57 88 53 38 52 35 61 55 67 50 25 53 51 69 42 59 69 56 17 64 54 77 33 60 35 68 59 56 46 45 27 61 35 24 33 44 94 47 78 27 20 67 54 63 76 29 28 30 67 48 54 38 67 40 45 66 54 36 55 8 40 53 80 38 29 43 37 81 61 68 54 45 59 89 81 34 39 66 60 26 60 28 43 45 58 78 61 80 99 72 44

16 6 1 8 8 4 23 11 12 14 5 12 4 13 13 10 12 22 13 14 13 19 16 6 12 9 26 17 4 16 16 11 10 4 8 8 8 11 14 16 21 15 11 7 17 1 5 4 9 9 14 1 19 11 4 10 12 7 9 21 13 20 10 5 8 25 11 6 18 3 11 1 9 4 21 9 6 14 22 14 21 1 17 1 22 3 6 25 1 4 29 1 9 3 26 6 17 7 1 9 7 10 17 22 4 6 9 8 21 6 18 17 9 7 7 8 23 11 1 8 13 9 10 5 4 11 4 12 1 19 11 9 1 3 7 3 1 7 1 17 16 15 7 26 6 18 1 1 10 17

4245 9191 10374 9209 5508 9264 9841 10061 6345 7362 6022 5770 4915 5280 5481 11678 9345 4899 8332 4782 4589 9705 4711 8277 4311 7337 5523 6209 4645 6124 9422 1248 13120 6079 6391 1856 4910 8489 5193 9135 5879 10292 10077 14426 5709 8491 6341 5917 10282 10411 10034 5453 10211 9811 7179 8042 5083 4175 5122 9167 4431 6364 10322 8883 6892 6159 4493 5522 9296 8571 4638 5016 10498 6747 8160 10713 4638 9593 7975 5245 9828 8397 13933 13340 10187 8338 3632 6212 10333 9651 3683 7858 8744 9702 4784 6306 5944 12360 9102 5685 11224 8342 8377 6963 7867 5146 6608 3133 4905 4919 4947 9951 6654 9263 4186 9240 6455 6888 10240 6203 11326 894 5245 9037 4034 4309 11933 5870 8183 10035 916 6406 6293 5445 10088 12435 9301 8205 7814 8358 9441 8441 9852 8590 10254 2993 9770 8077 10809 4604
4903 11307 12124 10572 6626 11246 11250 11747 7340 8864 7353 6589 5456 5859 6068 14400 11081 5825 10305 5769 5094 10709 5461 10175 4947 8342 6761 7718 5265 6792 11768 1380 14681 7117 7349 2198 5887 9626 6399 10405 7130 12765 11577 16105 6782 9766 7420 6868 12007 11958 12497 6788 12432 11039 8570 8970 5614 5213 6349 11458 5238 7279 12536 10918 8318 7357 5582 6148 10868 10699 5608 6096 11954 7663 9518 12663 5408 10882 9235 6069 12137 9624 16685 14749 11648 9642 4428 7665 12204 11877 4060 8930 10167 11364 5296 7840 7274 15112 10476 6813 13860 9973 10269 8429 9540 6115 7734 3897 6128 5635 6159 12421 8261 10308 4661 11236 7867 7930 12127 7515 13322 1112 6193 11294 4769 5292 13546 6498 9958 12453 1024 7365 7478 6506 12298 13748 11605 9091 9749 10367 11465 9388 11236 9505 11496 3620 11616 9884 12500 5459
5567 12953 14172 12289 7858 12990 12916 13739 8447 9619 8515 7340 6652 6897 6752 16006 12274 6626 11150 6783 5951 12841 6540 11811 5746 9098 8136 8569 5870 8209 12754 1669 17583 7934 8201 2467 6952 11577 7365 11730 8580 14170 12860 18443 7749 11138 8812 8036 14194 13162 13562 7766 14106 13401 9982 10014 6152 6081 7427 12891 6072 8233 14692 12181 9065 8378 6276 6878 12330 12805 6199 6646 13165 9335 11297 14034 6510 11906 10862 6864 14407 11551 19325 16510 13274 10914 5332 8721 13652 13218 4813 9914 11864 13426 6061 8987 8125 17950 12551 7674 16087 11450 11301 10137 10334 7122 9215 4267 7051 6616 6812 14221 9421 11794 5564 12513 8753 9384 13722 8220 14917 1318 7077 12215 5238 5823 15529 7312 10920 13980 1220 8533 8540 7173 14706 15129 13252 9987 11176 12153 12619 11467 13596 11457 12709 4100 13321 11037 14800 6081
6467 14659 16348 13231 9025 14887 15348 15181 9613 11442 9942 8598 7501 8160 7465 18878 14280 7397 12437 7539 6678 14959 7596 13567 6686 10143 8716 9743 6446 8952 13797 1872 19406 9327 9698 2653 7695 13684 8438 13612 9456 15462 15062 21045 8418 13075 9925 9127 15706 15029 14720 8662 16163 14535 11708 11593 7265 7048 8550 14637 6596 9779 15985 13749 10404 9475 7359 7959 14202 13940 6770 7866 15771 10854 13108 15242 6988 13637 12357 7784 16847 12416 21427 19580 15588 12846 6218 9897 15423 14271 5266 11841 13734 15243 6889 10379 9306 19585 13881 8661 18142 12784 13164 11361 12061 8080 10119 4593 7567 7728 7462 16626 10284 13774 6334 14388 10177 10124 15304 9297 17593 1490 7924 14208 6153 6793 16894 8641 12520 15095 1412 9402 9539 8093 17037 16940 14624 11675 12814 13430 13775 13342 15129 13212 14515 4788 14493 12507 17055 6595

2815 4728 8980 5357 2908 7110 6894 6050 3667 4208 3324 3008 3920 4032 4816 7894 7713 3835 6625 2906 2621 6761 2915 6025 3370 4268 2839 5409 2944 3407 8269 769 8975 4118 3950 936 4297 5287 3085 5458 3900 5630 7022 11601 4949 5677 3307 4050 7214 7480 6149 3307 5374 8077 5883 6682 4575 3194 4337 7488 2773 4201 5708 5011 4769 5164 2612 2901 7874 6535 2714 3843 6646 5141 6663 8174 2507 6672 4205 3712 6695 5200 11158 7188 7968 5183 3121 4930 7805 5484 1890 4855 5139 7412 3485 4598 5271 8017 5390 3241 9864 6249 4384 4126 6420 3193 4233 2368 3756 3965 4159 6096 4520 5713 3676 6728 4613 3707 8174 5413 7992 702 3273 7092 2692 2407 7802 2986 6747 7384 792 3936 4702 2976 9011 8121 6028 5371 5785 5894 8167 6714 5417 5780 5269 2463 5316 5915 8531 2999
