50 2 2
86 23 32 90 98 49 30 100 4 10 9 14 75 22 80 45 56 89 47 100 63 36 9 95 37 57 5 68 67 53 20 30 18 28 58 30 51 96 63 53 57 95 50 49 86 28 30 55 95 56

9 57 30 43 6 25 11 19 6 5 7 43 40 10 32 94 11 57 30 29 55 5 54 60 36 80 75 55 9 17 57 2 53 37 32 31 12 6 46 14 10 19 31 8 27 17 34 12 47 58
58 71 39 80 55 30 29 22 61 67 37 90 67 83 69 97 15 87 31 60 64 100 100 94 71 85 84 56 51 30 67 57 100 78 89 47 97 42 93 66 28 96 63 75 96 55 47 67 49 85

31 81 29 34 28 61 43 42 3 53 76 6 17 22 96 7 24 9 13 10 11 6 3 74 52 31 23 31 8 13 73 21 13 55 16 37 50 2 17 2 15 44 20 27 12 58 19 16 20 46
57 98 55 56 40 66 95 51 60 71 97 84 27 85 98 46 54 87 29 25 67 69 50 98 94 85 56 53 53 36 97 57 78 72 34 40 55 98 47 6 45 84 56 28 46 86 68 56 65 53

464 34 76 375 658 251 201 264 134 465 59 193 143 298 215 154 236 751 730 102 86 42 30 196 60 507 500 281 169 210 96 324 175 90 73 222 388 226 79 499 478 623 262 167 440 83 86 340 158 421
500 207 169 454 845 358 387 475 863 952 240 350 486 1005 598 704 251 977 993 581 116 140 157 231 244 822 672 341 199 621 556 678 335 135 308 447 525 391 296 504 1012 1020 353 251 489 159 311 507 534 512

351 16 53 359 635 172 65 210 106 370 23 38 4 235 117 117 128 219 709 46 84 18 11 167 2 338 386 40 141 204 86 219 124 74 70 124 235 189 77 420 192 495 244 147 430 48 44 126 101 142
41 7 34 187 72 51 64 173 1 288 19 22 3 134 82 105 13 153 333 22 67 11 8 123 1 101 56 38 136 177 38 99 1 22 19 82 97 35 30 367 61 184 99 102 298 3 43 46 54 72
