50 2 2
17 34 37 36 81 69 92 24 81 50 35 87 15 86 17 82 77 27 1 78 10 2 6 37 39 51 41 87 72 84 48 83 74 63 99 21 44 92 100 18 3 94 75 33 47 88 11 57 6 94

61 85 83 11 39 10 4 69 16 66 49 54 71 26 12 36 46 9 26 17 59 12 70 27 54 74 71 40 43 3 58 42 42 7 48 58 4 5 44 25 10 42 50 15 77 26 5 7 18 7
93 94 94 23 92 14 19 87 30 85 85 95 83 93 66 64 54 89 74 49 71 56 81 35 65 88 96 58 46 80 80 68 48 83 54 62 14 33 54 66 91 69 53 61 94 99 29 71 30 100

35 30 8 20 46 52 46 29 55 2 15 60 36 38 21 40 6 17 16 18 38 63 8 33 3 1 16 64 14 46 12 8 38 76 46 58 50 35 17 22 17 34 85 24 32 10 19 64 47 37
50 66 90 49 67 97 74 58 75 83 16 62 54 44 44 45 99 42 83 56 83 88 95 38 55 87 54 91 19 68 75 47 92 81 74 73 80 58 39 39 34 39 94 48 56 41 73 92 99 95

219 59 253 135 96 611 432 39 117 71 319 314 110 235 111 129 79 257 593 658 170 172 77 149 58 71 160 161 218 178 296 115 320 72 153 160 191 317 148 221 4 129 241 338 97 157 107 115 116 284
222 160 302 592 174 1069 963 114 330 85 514 418 244 488 263 276 147 521 712 961 302 243 375 226 178 130 338 390 303 365 716 353 1041 157 406 386 289 359 216 978 97 150 443 825 252 259 457 554 132 306

192 37 182 129 67 442 115 34 81 24 284 244 28 190 73 108 18 43 502 581 164 132 69 83 57 68 146 91 151 64 277 112 62 29 134 121 145 161 67 144 3 109 93 307 42 133 53 78 115 260
11 31 167 80 49 54 100 18 7 23 203 4 10 28 42 18 8 11 360 406 75 94 46 46 24 65 35 16 107 11 145 5 3 9 66 96 53 140 38 32 2 55 34 263 13 13 20 10 55 130
