50 2 2
81 95 90 38 52 44 81 16 46 3 65 83 33 56 34 41 65 61 69 45 17 38 93 92 90 4 77 97 73 77 55 64 38 34 3 78 68 70 45 46 1 93 89 55 48 20 72 98 62 67

25 3 50 36 24 62 34 1 80 26 45 66 20 49 12 1 6 12 3 43 17 84 3 22 7 36 94 13 52 30 11 27 7 76 26 47 42 11 8 21 23 26 35 14 57 84 9 21 59 46
58 35 95 81 94 68 74 13 87 90 76 77 93 66 35 79 40 88 31 47 23 97 24 44 68 48 96 67 62 38 53 66 70 83 32 59 50 90 81 46 41 60 70 67 60 96 41 29 81 90

64 13 1 19 10 23 15 14 44 71 4 4 62 9 14 39 53 4 25 41 73 41 38 8 94 13 51 6 5 26 51 53 42 44 8 5 11 65 9 33 28 26 47 38 90 54 85 34 47 17
80 65 86 25 19 98 56 64 53 84 36 26 77 31 59 40 59 52 44 57 88 94 76 55 96 34 75 34 60 59 96 73 68 99 22 80 93 82 62 82 44 58 77 91 90 58 92 75 100 44

136 191 186 40 233 363 241 117 131 726 77 122 60 94 752 200 809 88 272 436 24 98 232 263 401 126 88 524 252 260 132 73 142 90 268 143 233 88 63 197 50 727 92 123 320 845 184 198 421 195
267 438 187 189 509 482 327 295 160 793 302 223 212 357 913 256 1011 241 300 478 52 107 361 303 579 203 188 532 452 305 271 110 280 121 293 956 310 207 121 294 227 949 496 241 352 956 255 331 471 308

131 42 143 27 154 301 224 83 94 641 49 103 54 71 210 188 302 49 256 430 12 31 129 194 321 77 87 122 213 143 105 72 54 10 228 45 140 73 51 181 42 578 61 61 225 725 164 136 227 141
40 13 129 25 45 145 33 62 11 627 5 88 42 9 13 29 203 2 153 189 4 13 126 36 145 26 18 90 56 24 39 71 2 3 82 20 1 32 23 16 26 409 8 5 128 688 29 90 95 121
