50 2 2
51 9 9 93 66 81 93 4 86 21 33 77 92 100 64 72 82 38 29 35 13 41 38 26 4 43 35 89 35 15 81 33 60 59 15 84 35 22 15 7 44 27 94 61 9 80 78 76 64 18

43 83 36 31 32 25 33 49 44 25 56 10 82 10 89 8 43 16 1 69 25 47 85 34 53 6 45 69 31 6 18 36 18 59 17 44 28 16 53 18 63 58 9 38 26 12 33 43 9 42
69 96 52 89 43 51 39 99 86 32 92 10 92 22 89 59 76 33 97 69 93 75 88 39 67 59 45 92 39 39 26 58 97 96 53 97 32 96 72 28 81 64 92 68 36 83 89 69 62 95

5 87 25 76 19 21 41 28 35 85 11 78 19 19 33 37 16 17 56 56 31 34 16 14 5 6 10 20 3 53 6 43 21 22 6 68 7 26 12 14 10 11 7 1 93 29 23 1 8 71
12 94 60 83 31 67 92 76 54 99 66 87 26 43 36 80 60 85 78 89 80 39 96 25 20 64 71 57 11 100 84 89 93 31 36 71 48 55 97 64 13 80 20 4 100 94 97 77 81 73

108 50 28 161 76 197 254 113 767 64 160 565 597 102 420 127 427 181 456 390 270 595 103 321 57 188 643 229 63 22 143 103 388 88 633 205 354 797 173 40 127 50 229 467 17 207 519 309 222 135
500 214 439 205 210 331 404 251 821 952 408 1029 685 219 544 547 487 231 677 445 490 708 222 1026 134 287 833 308 433 24 419 192 525 449 892 453 516 912 406 63 134 570 317 927 138 259 636 942 507 748

68 20 4 37 11 187 220 47 90 19 106 555 264 48 84 111 335 46 315 218 152 490 61 133 48 178 489 199 62 8 83 59 361 19 159 178 289 508 164 30 49 14 160 430 16 106 444 171 104 123
30 18 3 32 7 36 72 10 41 15 19 386 201 38 83 110 131 12 55 17 147 400 60 107 14 69 326 63 47 6 17 57 221 13 2 11 8 170 41 12 42 10 124 255 6 69 79 35 70 16
