50 2 2
12 22 64 97 56 12 1 64 36 89 19 27 55 64 81 60 30 79 15 2 19 86 78 88 19 85 24 67 17 16 46 20 55 65 33 74 56 62 75 36 44 77 19 55 32 40 36 79 30 97

37 30 50 81 25 9 12 23 54 47 63 35 3 21 6 73 14 48 73 79 25 12 24 10 22 39 9 12 1 34 67 7 55 25 43 25 39 24 23 45 42 42 27 36 25 73 38 44 40 13
77 38 51 90 83 9 66 50 86 72 78 56 95 55 99 98 75 99 99 96 33 97 60 54 40 61 93 85 47 42 69 52 93 78 99 99 50 32 43 51 70 46 88 98 98 80 55 93 86 39

5 9 30 82 25 26 27 19 34 3 63 7 51 37 69 14 1 39 12 22 10 39 37 55 55 78 15 7 4 24 15 12 2 23 79 41 26 3 70 25 11 29 3 15 63 5 42 5 8 39
77 15 94 86 94 78 53 85 62 70 95 54 97 67 95 63 68 70 26 84 47 75 57 84 90 92 78 63 36 31 24 67 47 75 80 85 96 52 99 66 58 31 68 32 85 82 67 5 30 70

685 858 100 145 252 226 200 194 184 207 45 897 62 101 128 176 77 271 117 180 44 131 148 307 235 229 426 219 90 449 118 315 235 103 193 520 155 124 111 51 62 254 134 211 258 126 213 520 90 158
994 982 279 277 391 424 482 355 524 380 52 1022 298 208 143 285 271 472 304 455 157 332 263 390 511 418 486 241 260 509 266 348 476 200 310 1023 288 237 729 110 717 545 212 371 904 186 306 603 207 464

372 840 90 51 242 129 159 179 78 47 44 257 37 96 124 153 39 119 111 157 24 71 46 188 151 222 304 187 85 343 44 312 182 83 123 465 117 70 110 46 31 199 93 188 182 121 147 277 86 50
215 505 75 25 97 74 37 49 33 45 27 147 11 19 121 98 3 40 46 149 19 8 21 130 44 8 200 107 56 5 35 106 68 13 88 65 88 5 108 34 27 89 50 88 165 54 96 120 82 5
