50 2 2
63 37 4 23 94 78 38 94 8 24 14 80 79 12 90 21 60 4 81 11 55 100 87 70 56 38 78 82 95 57 84 38 93 96 59 36 83 16 32 52 64 50 54 65 11 55 27 100 35 24

86 29 19 63 13 59 25 46 35 13 57 24 54 35 16 14 34 35 21 30 13 11 30 46 43 85 4 1 19 3 6 34 69 47 9 3 7 4 6 58 32 8 48 23 23 39 1 37 20 3
88 96 99 83 85 92 100 70 83 56 95 44 58 65 81 50 79 90 24 32 18 35 79 82 54 93 64 89 28 31 70 57 97 62 39 86 23 59 89 82 85 22 96 50 80 42 24 71 46 21

39 13 17 70 45 37 1 57 48 31 46 58 54 80 44 23 33 14 3 6 40 22 7 29 29 12 16 2 3 48 23 32 33 82 16 32 54 30 12 23 2 19 28 32 4 12 52 46 4 11
89 32 78 98 81 58 46 97 70 67 73 89 72 83 97 96 38 73 52 27 70 96 21 54 81 82 45 25 27 61 39 89 84 82 22 66 100 78 90 96 76 58 41 86 67 50 100 86 80 50

301 76 245 26 626 161 44 160 12 32 105 143 113 16 519 226 125 682 504 148 211 154 283 840 123 52 124 120 543 123 130 412 207 165 117 130 88 237 187 60 197 55 84 176 75 193 390 124 1005 100
474 274 381 188 892 175 223 192 25 151 365 147 129 184 683 500 203 983 811 152 281 188 1030 950 234 267 277 256 1024 271 187 719 472 188 307 285 532 244 524 154 541 115 129 215 115 219 906 242 1018 486

261 14 193 16 599 37 40 125 9 5 9 49 88 9 322 139 109 572 484 146 206 129 108 304 65 25 102 52 401 102 64 304 140 154 19 65 68 110 110 27 98 47 80 123 29 132 175 49 655 90
71 1 137 4 164 23 32 47 1 1 3 43 7 1 80 27 60 228 441 52 156 39 55 160 5 23 99 48 338 93 6 278 48 36 16 42 39 46 29 15 17 41 34 99 25 22 151 19 364 51
