100 4 1
74 136 89 1 138 1 27 243 126 93 251 131 250 1 21 122 165 6 131 172 67 156 1 125 14 197 34 79 1 7 123 8 226 151 116 82 261 92 75 99 132 85 166 21 127 1 32 1 133 38 71 312 96 199 59 177 65 1 1 82 140 62 61 169 50 174 102 106 211 62 1 136 113 175 118 217 187 44 73 182 277 58 75 153 110 205 97 138 169 77 52 1 92 167 188 83 31 93 15 16

20 1 29 11 8 26 21 27 8 34 20 1 1 47 21 21 33 14 28 11 33 30 1 1 42 33 18 24 4 17 23 33 8 6 1 32 1 41 11 1 33 28 18 21 11 26 11 11 28 8 1 37 14 20 14 24 15 17 20 29 24 15 40 40 1 40 1 15 4 15 35 17 28 28 31 26 16 34 29 8 22 12 11 38 2 24 13 46 47 10 12 21 1 34 11 4 15 15 31 11
21 7 40 13 10 29 31 33 17 38 33 4 2 63 34 22 44 24 29 12 37 51 12 8 49 45 35 36 23 27 39 47 13 23 3 37 25 42 14 12 38 43 42 30 13 36 26 14 41 9 7 38 25 32 29 35 30 25 30 47 40 18 60 56 10 45 27 30 5 26 49 47 35 31 42 63 27 48 46 21 29 23 19 55 15 37 19 62 60 11 30 36 6 55 13 29 28 23 36 29
22 20 53 29 25 45 40 45 18 39 47 15 5 74 41 24 63 37 31 21 46 58 24 14 68 65 49 37 27 38 48 51 15 32 14 38 28 43 27 26 43 54 45 31 26 45 27 31 53 13 31 46 29 43 45 40 39 38 51 70 44 23 67 70 19 59 32 44 27 28 59 48 36 44 49 76 36 49 80 32 39 33 34 58 18 51 29 85 76 12 36 47 9 57 27 37 34 35 43 33
40 51 57 32 31 60 56 62 41 50 51 29 21 81 42 28 69 40 59 28 52 82 49 28 78 69 70 39 42 49 63 64 36 33 26 46 31 63 35 40 58 65 47 44 43 57 43 40 66 22 32 67 35 50 46 53 52 49 52 72 49 35 82 80 37 73 36 63 38 34 65 56 52 63 50 91 46 57 88 47 41 48 47 59 20 74 40 90 90 19 51 65 29 58 46 50 49 41 55 49

2 1 14 5 8 17 19 15 11 19 5 1 17 22 1 21 1 13 5 9 13 11 9 9 8 5 1 13 6 5 18 20 11 12 11 11 3 1 19 7 5 17 15 12 8 6 13 25 1 6 10 7 10 16 12 28 1 17 19 11 15 11 9 15 28 10 4 11 15 22 11 23 16 16 17 3 5 9 13 1 7 26 7 11 15 10 10 5 9 15 12 20 12 13 1 17 11 12 15 16

8295 3505 6823 5327 4877 2677 873 6293 6313 6991 3174 5526 5836 3727 2781 4907 4110 525 7125 6842 7194 5252 5327 894 6102 2147 3564 6909 4039 6882 5572 9635 2610 2845 6983 7101 3638 3468 4343 7570 3129 6274 4227 5244 6078 3651 8472 6217 3847 7050 3940 1603 3627 2976 7442 6579 6912 6002 6523 5666 2890 6219 5104 5618 4477 2821 5508 1854 9117 6141 3190 2606 5201 5251 74 5498 4590 2791 3140 2665 5881 4579 3234 6683 7575 7054 6309 5124 8782 3446 4329 4661 1658 5203 6691 6108 5181 728 1479 5205
9130 4227 8298 5991 5733 3026 1064 7864 7783 8482 3607 6348 7229 4374 3148 6084 4762 586 8173 7835 8691 6413 6093 1022 6770 2449 3979 8338 4520 8187 6695 11206 3016 3501 7770 7939 4365 4183 5362 8828 3740 7840 4951 6488 7394 4541 9994 7700 4404 8330 4489 1903 4445 3425 9248 7641 8325 6932 7804 6589 3546 7630 5896 6859 5396 3287 6513 2316 10763 7031 3814 3140 5832 6354 88 6260 5359 3178 3706 3081 6608 5366 3625 8214 8951 8191 6987 5686 10748 4025 4852 5347 1848 5869 7604 6878 5766 816 1738 6341
10872 4740 9512 6886 6555 3413 1177 9232 9011 10018 3931 7173 8281 5144 3618 6785 5493 643 8913 8731 10177 7702 7100 1122 7885 2809 4766 10058 5075 9064 7663 13302 3647 3830 9124 9173 5077 4694 6432 9912 4281 8986 5659 7212 8857 5245 11393 8773 5299 9477 5031 2176 4935 3751 10283 8387 9917 8014 9356 7989 4027 8687 6447 7900 6157 3839 7501 2571 12167 8342 4321 3749 6460 7414 98 7023 6445 3867 4068 3700 7263 6344 4285 9132 9948 9001 7906 6224 12072 4748 5857 5901 2164 6971 9210 8320 6397 909 1972 7281
12707 5117 11026 7655 7135 3823 1286 10530 10384 10993 4638 7762 8956 6014 4074 7558 6253 767 10687 9713 11243 8638 7776 1243 9337 3280 5219 11185 5798 10607 8452 14555 4151 4144 10472 10805 5690 5333 6971 10916 5040 10549 6705 7928 10238 6130 12511 9879 5822 11052 5861 2535 5763 4301 11038 9984 10785 8816 10440 9108 4441 9795 7490 8546 7218 4290 8511 2889 13461 9730 4894 4249 7745 8187 109 7762 7572 4311 4452 4086 8092 6947 4710 9834 11445 9982 9365 6751 14173 5524 6354 6541 2456 8266 10861 9364 6935 1031 2162 8119

4358 2473 4617 4091 3127 1986 536 4926 4916 5488 1708 3704 2975 2975 1974 4218 2765 314 3609 4381 3877 3840 4563 576 3912 1465 2147 3782 2749 4235 4565 5592 1554 2445 4198 5649 2099 2082 3896 4732 1779 5047 3250 3101 3907 2350 5693 4949 2653 4370 2177 1281 3240 2140 3784 4356 4808 4358 5049 4507 2237 5560 4435 2958 2519 1702 3265 1603 7415 4067 1863 2014 4214 3117 54 4368 3534 2501 1919 1699 5101 2877 2085 3844 3864 4039 3831 2764 6895 2744 2979 2791 1074 2931 3886 3952 2978 619 814 2938
