100 4 1
18 84 50 45 1 1 6 77 108 209 155 124 138 116 29 202 22 130 216 101 189 98 184 150 2 1 80 19 1 45 1 64 1 138 1 157 1 122 89 222 77 167 1 151 1 186 115 1 233 127 122 244 104 29 24 169 78 143 126 154 229 146 167 144 96 144 48 63 48 102 122 69 124 51 1 113 22 91 1 1 86 131 186 87 79 64 161 170 167 101 202 122 131 7 13 95 179 48 184 1

11 46 11 28 4 41 45 18 17 29 1 17 1 42 21 20 1 3 19 38 10 46 1 51 30 25 15 44 1 9 25 20 7 18 35 40 5 13 16 31 8 1 44 19 21 11 15 37 21 21 5 17 22 1 28 1 17 16 21 1 19 1 17 1 30 19 4 18 2 51 19 1 19 14 1 3 15 54 30 7 26 1 19 33 28 18 12 12 26 4 1 12 11 6 19 25 1 12 19 16
15 64 21 47 5 43 55 35 27 43 4 25 13 59 30 30 2 10 20 47 15 62 4 57 33 27 38 45 8 10 32 39 15 21 48 41 14 14 31 35 34 12 55 36 23 12 22 38 39 34 9 24 23 2 29 7 33 20 32 22 33 16 19 13 47 39 8 31 8 52 51 7 34 25 12 24 41 71 45 11 38 2 36 34 29 21 22 18 45 22 18 18 12 19 20 49 7 22 21 22
29 88 29 68 8 65 56 38 31 55 15 26 15 66 33 34 12 34 35 51 29 64 12 72 41 32 51 54 18 15 39 52 21 40 62 52 29 26 36 38 36 16 66 48 27 23 38 43 56 43 10 32 40 7 34 27 42 28 33 35 43 31 31 30 57 48 18 45 9 60 62 12 52 44 29 36 59 73 57 30 58 21 53 46 30 26 26 28 59 28 21 26 26 27 39 63 11 29 32 25
35 90 30 77 10 84 62 48 44 79 33 38 17 93 37 41 20 35 53 64 30 66 19 73 45 35 53 67 33 20 59 60 31 59 74 59 54 52 40 50 54 31 83 62 35 39 41 52 70 53 25 40 54 18 47 31 51 30 50 48 65 32 48 31 60 50 30 67 21 66 65 32 61 49 34 52 62 84 63 33 59 22 68 53 38 43 36 45 60 36 34 33 41 41 47 81 35 42 43 27

14 11 5 8 11 10 23 11 13 4 14 23 10 14 1 1 2 13 13 5 11 15 7 2 5 4 17 5 15 7 16 13 5 1 18 20 6 1 1 25 5 20 24 8 1 11 7 20 18 2 6 23 14 28 12 15 6 9 22 5 19 6 1 16 9 1 11 24 3 5 11 5 2 8 13 11 16 7 1 10 2 6 12 13 19 24 8 7 37 15 17 1 12 3 12 12 1 19 5 17

2998 6457 4201 2760 1505 5723 5729 6616 8512 6440 6154 5197 5972 3617 4890 3417 3721 4479 4700 2254 5358 5088 5433 4935 4905 5252 5365 9003 7605 5577 6714 2705 4663 6336 4237 2893 8129 2513 2814 3065 1768 3549 5155 6429 2839 7390 8182 3684 3233 5676 7458 4240 4000 3143 5120 4234 6062 4109 3369 4015 2716 3812 7675 5499 6247 274 8619 5836 6530 5032 5807 6542 2552 6406 2790 6314 8748 7837 6647 5499 974 6285 4326 7693 6700 3994 2456 5073 4275 5921 5625 5690 5368 6690 2459 6512 5719 3645 2400 5869
3746 7254 4845 3115 1827 6731 6819 7670 10600 7337 7288 6014 6636 4173 5605 4247 4310 5456 5837 2636 6424 6150 6459 5785 6052 6367 5954 10260 9499 6135 8011 3117 5296 7327 4691 3190 9675 2824 3168 3794 2204 4264 6163 7760 3242 9049 9534 4089 3831 6929 8242 5143 4594 3511 6010 4982 7510 5083 4166 4712 3074 4754 8776 6429 7102 331 10475 7148 7770 5787 6992 8040 2840 7291 3221 6976 10355 9568 7871 6460 1139 7804 4878 9586 7896 4888 2793 6167 4729 7313 6380 6930 6065 7782 2975 7852 6365 4024 2823 7033
4251 8474 5793 3612 2134 7873 7700 8682 11732 8916 8773 7205 7987 4552 6458 4860 5107 5940 6982 2904 7658 6881 7480 6294 7052 7098 6682 11266 11326 6734 9008 3791 6203 8624 5673 3875 10837 3387 3620 4291 2424 4756 6710 8441 3825 10466 11244 4484 4537 8077 9317 5992 5032 3855 7201 5591 8616 5607 4867 5277 3593 5210 9852 7483 7991 358 11993 8231 9374 6682 8332 9230 3474 8014 3780 8209 12166 11247 9165 7688 1361 8498 5449 10710 8835 5325 3306 6870 5346 8402 7009 7970 6617 8819 3270 9479 7072 4714 3099 7963
4715 10054 6493 3988 2448 9161 9084 10180 13771 10436 10223 8219 9454 5395 6998 5381 6005 7003 7926 3455 8643 8040 8162 6978 8187 7857 7973 12670 12227 8126 9747 4322 6771 9798 6469 4314 11807 3651 4011 4713 2844 5446 7583 9561 4261 12180 13156 5133 4959 8701 10852 6765 5840 4212 8346 6270 9724 6183 5380 5758 3873 5830 11198 8715 9432 387 13600 9047 10366 7873 9595 10428 3884 9207 4393 9014 13646 12396 10148 8495 1481 9245 6288 11496 9572 6054 3811 7732 6167 9280 8309 9383 7278 9620 3639 10531 8336 5580 3533 8687

2595 5713 2858 2336 1345 4884 4796 4767 7287 3798 4845 4084 3179 2075 2668 2965 3252 3389 3428 1207 4181 3681 4053 3372 3963 2853 3428 8020 6180 4064 5093 1403 3173 4784 3592 2565 5715 1988 2343 2613 1227 2867 3731 4085 2552 5051 4937 3224 2541 3451 6251 2846 3481 1904 4215 3105 3527 2510 2093 3042 1630 3249 5504 3035 5242 243 7104 4133 5461 3778 3976 5262 1849 4548 2224 4491 6322 5601 4261 3090 847 3209 2420 5943 3657 2413 1589 2715 2606 3895 3100 4907 4330 4883 1414 4725 2956 2214 1455 4705
