100 4 1
238 199 266 122 10 10 191 147 98 76 84 63 1 39 1 63 62 137 187 29 70 122 187 194 133 198 1 178 117 175 192 1 205 61 16 87 117 179 150 105 187 223 115 87 38 256 256 83 4 27 105 147 139 52 180 161 46 68 118 85 154 192 11 42 220 323 179 233 151 83 69 42 166 200 183 120 162 46 209 103 194 44 120 17 183 1 40 10 169 136 21 108 103 25 27 35 178 21 163 60

20 50 14 27 3 43 16 19 4 35 14 29 23 65 19 1 30 6 10 18 27 22 22 23 12 24 23 16 29 3 29 17 5 55 1 16 27 13 31 33 33 42 26 32 35 31 15 14 46 28 21 45 32 33 1 10 2 37 5 8 37 24 5 40 5 21 20 13 25 57 15 12 1 3 14 24 44 42 19 25 1 19 13 39 13 43 26 1 20 1 17 34 13 24 1 27 51 13 28 33
34 65 21 33 12 58 33 23 19 49 39 45 32 70 36 6 40 14 19 36 38 23 26 30 19 32 30 33 50 12 45 20 14 78 12 33 40 25 50 46 40 54 46 41 50 35 28 30 58 44 23 58 35 50 2 22 8 49 6 27 39 39 28 47 17 34 36 20 47 60 32 13 13 6 17 25 52 48 20 42 4 20 17 40 33 45 48 9 26 2 30 55 16 40 20 49 69 20 29 37
37 83 36 45 20 69 38 27 39 58 40 46 47 72 37 12 57 30 25 43 53 36 39 33 20 43 31 36 73 31 55 28 26 89 16 41 54 31 66 59 42 65 47 44 60 38 36 36 64 45 26 63 36 53 3 25 14 59 20 47 53 43 47 54 19 56 62 26 57 65 40 14 31 19 23 33 69 61 33 68 5 31 24 51 50 62 58 11 35 7 48 75 28 54 36 60 83 26 33 42
38 100 56 47 44 71 48 40 53 59 48 52 56 80 49 20 76 48 31 44 57 44 42 43 34 58 44 70 74 39 57 44 50 103 24 49 58 47 79 67 58 78 56 45 70 46 54 39 72 80 28 68 50 57 9 30 16 76 29 56 73 53 53 64 22 75 79 27 58 74 60 25 37 29 36 34 80 70 52 79 6 43 37 65 75 65 69 34 43 20 64 86 40 55 40 65 86 35 35 56

1 14 1 1 10 8 1 19 1 1 1 13 6 10 6 17 20 11 21 1 5 12 11 16 1 1 4 1 19 1 15 14 32 5 26 9 19 14 25 2 1 3 14 16 7 6 15 1 9 8 11 9 4 15 17 3 3 4 13 7 18 1 12 3 5 19 1 10 13 20 8 1 21 1 7 1 12 9 3 2 1 4 24 1 5 21 11 1 25 20 7 17 1 10 11 11 4 12 1 18

7536 7526 6613 5531 8213 3584 5605 4948 7191 6705 4962 7887 7536 5028 32 6933 8008 7009 7135 3436 4199 5741 375 3080 5790 7377 3903 943 10853 7226 4022 4934 7004 4393 7379 6901 5938 4258 3203 6926 3260 7134 6025 5121 6012 4660 3650 4724 7838 4386 6736 7003 3942 6241 6777 7419 3146 3932 7826 2073 4832 8378 6294 7396 7395 7063 5249 9695 3021 3055 7118 5013 10306 4476 4168 5355 5090 5494 3464 6785 4848 2126 5217 4248 7992 2950 3675 6754 5967 6275 4445 3283 5015 3134 7046 3326 7588 4667 7408 7190
9006 8533 8258 6219 9457 4421 6300 5918 8227 7492 5717 8921 8942 5570 35 8015 9793 8358 8269 3991 4873 6731 416 3445 6741 8810 4654 1118 12226 8643 4652 5809 7969 5155 9095 8533 6976 4969 3772 8078 3851 8313 7368 5751 7372 5445 4352 5887 9189 4841 8293 8541 4785 7689 7846 8769 3840 4460 9273 2440 5840 10366 7512 8183 8615 8650 6117 11537 3548 3608 7925 5630 12589 5441 4849 6114 6277 6858 3811 8467 5371 2602 6236 5289 8985 3325 4425 7580 6937 7661 5052 4048 5858 3841 7907 3659 8542 5247 9228 8343
9894 9960 9255 7251 10954 5225 7159 6511 9077 8724 6700 10466 9695 6405 39 9661 11392 9098 9058 4633 5569 7543 508 4157 8177 9999 5262 1259 13562 9501 5241 6470 9582 5598 10542 9427 8152 5946 4229 9019 4562 9663 8665 7008 8131 5998 4879 6679 10760 5489 9664 9546 5224 9205 9273 10318 4618 5068 10523 2807 6409 11823 8766 10007 10205 9490 6733 13263 4245 4167 9010 6245 15156 5943 5647 7209 6977 8168 4632 9473 6254 2936 7264 5869 10409 3882 5278 8499 7825 8907 6036 4585 6581 4347 9520 4044 10385 5988 10149 9758
11320 11739 10125 7987 12496 5773 8252 7586 10516 9423 7903 12019 11546 7544 44 11329 12597 10580 10339 5433 6295 8350 546 4784 8901 10930 6047 1376 14924 10508 5824 7561 11075 6210 11324 10541 9035 6964 4861 10563 4902 10433 9451 7664 8817 6538 5289 7836 12197 6465 11189 10761 5948 10227 10296 11651 5157 5728 12034 3122 7370 13045 10025 11758 11682 11221 7730 14753 4839 4560 10748 6881 16730 6872 6352 7824 7732 9494 5210 10897 7023 3292 8109 6445 11626 4529 5869 9586 9234 9865 6727 5193 7223 4986 10883 4547 11431 6878 11766 10793

6690 4559 5072 4279 6311 2716 3044 3120 5305 4695 4033 4511 5307 4029 26 5559 6651 5286 6013 2893 3493 4366 254 1725 3424 4835 2469 797 7852 4598 2374 3784 4925 2580 5812 3928 3526 2249 2430 4295 2835 4101 4517 3294 3081 3551 2785 4247 7037 2905 3594 3529 2552 4156 3653 6408 2800 3431 4761 1070 3939 6922 3585 4934 4670 6278 3630 6742 1839 1804 4634 2711 8675 2486 3303 3459 2984 3283 2118 4268 3504 1638 3373 2148 6550 1476 3220 3813 3171 4364 2959 2115 4138 2511 4413 1899 4012 2934 5330 5501
