100 4 1
3 50 132 118 28 58 139 119 1 164 190 132 148 1 7 75 118 96 95 1 66 41 141 140 167 80 1 131 1 122 182 152 10 109 246 13 1 21 1 117 87 23 314 51 140 115 13 81 65 92 70 155 193 68 105 208 12 260 92 76 167 229 260 7 113 71 1 1 54 219 163 1 105 80 49 244 69 162 65 110 126 44 183 170 102 170 116 162 180 154 189 10 51 218 167 158 242 1 49 111

36 39 14 29 12 6 25 17 20 10 22 10 15 37 20 7 19 20 1 13 1 30 24 18 10 15 15 4 33 34 45 1 31 30 19 12 24 38 21 27 10 26 1 23 39 44 1 37 38 31 10 1 13 32 1 31 36 44 31 16 24 15 26 35 34 22 10 20 8 15 24 22 8 21 1 30 21 15 1 28 1 33 11 10 1 46 11 33 6 19 8 16 29 7 20 54 9 16 6 11
46 41 28 38 28 17 50 27 28 20 37 26 20 45 21 16 23 27 4 30 2 32 31 31 25 24 22 17 50 37 75 4 47 46 25 20 31 47 22 42 27 33 10 46 45 47 11 50 44 41 17 5 28 53 8 50 44 46 32 20 29 22 28 59 41 27 20 32 14 27 31 32 9 27 5 37 34 16 17 49 29 42 21 18 32 59 22 42 15 35 18 28 41 14 31 55 34 40 25 20
62 45 38 42 35 39 51 47 43 34 56 36 21 50 31 29 31 37 9 31 9 33 35 40 30 46 39 19 55 48 87 28 48 52 35 21 50 52 47 57 31 45 20 62 46 64 22 64 53 51 18 6 46 62 23 54 55 57 37 36 34 24 39 65 51 38 42 35 17 38 48 52 25 42 6 42 47 19 21 72 39 58 25 39 41 72 24 43 20 39 27 39 57 18 33 59 54 45 33 25
64 47 54 62 41 41 52 52 53 53 70 51 36 72 45 30 36 54 15 36 21 50 47 56 31 77 42 24 71 59 94 35 59 70 43 38 71 68 48 69 44 49 31 77 53 68 41 73 59 63 24 42 65 73 36 63 56 63 51 49 50 47 53 71 59 43 47 39 26 42 54 56 35 61 16 43 48 43 42 73 57 74 34 42 49 90 35 46 24 54 39 56 66 40 40 79 56 47 44 31

15 17 5 3 22 22 3 19 13 22 16 14 11 21 1 15 1 14 19 19 23 13 1 13 19 2 5 9 1 8 16 14 8 15 3 1 23 12 3 9 14 3 7 11 1 2 11 24 8 7 8 23 7 15 3 8 4 2 12 4 7 6 17 13 1 15 1 18 6 10 15 3 1 13 8 17 19 14 24 13 11 1 1 1 2 1 4 1 22 27 16 4 26 15 19 5 16 7 9 13

4873 6631 6751 3508 4383 7286 4144 5112 6532 7084 9249 2512 4544 2031 4348 2662 6724 5853 6091 5655 2916 5000 5483 35 6205 6143 9415 6158 2722 5290 5858 5691 4162 3486 3126 3379 2291 3278 4568 3103 1751 3998 3565 3231 3002 6546 6702 5295 7242 7925 4312 4604 1047 5540 2978 3330 5721 7013 6019 7998 7793 5393 4449 4546 5432 6428 3023 4503 3305 1320 6112 6092 6369 5377 4986 4382 8373 9210 4081 3001 4668 4948 3399 5574 1072 1088 4220 7249 5989 1053 5488 6666 6401 8190 4520 7111 1409 5034 2764 5721
5537 8188 8419 4113 5351 8967 4870 5853 7247 8164 10358 2989 5226 2313 5290 3066 7602 7296 6716 6467 3387 5958 6336 43 7209 6884 11010 7694 3383 5945 6568 6402 5097 3904 3524 3850 2784 3903 5555 3786 2058 4905 4416 3970 3326 8102 8265 6437 8281 8936 5339 5270 1159 6812 3546 3965 6782 8749 7018 9967 8935 6334 5246 5026 6176 7424 3347 5343 3775 1541 7619 6927 7589 5975 5682 5052 9977 10903 4823 3606 5774 6138 3986 6743 1190 1301 5218 8431 7415 1173 6760 7670 7759 9640 5393 8333 1755 5953 3364 6429
6109 8950 9986 4591 6192 9704 5374 6947 8458 9340 11845 3307 6107 2574 5963 3423 8454 7984 7459 7096 3920 7157 7443 51 8688 7763 12411 8993 3962 6624 7485 7515 6041 4645 4189 4275 3092 4468 6445 4492 2412 5384 5139 4474 3677 9669 9637 7098 9217 9898 5983 5901 1409 8098 3863 4401 7692 10323 8474 11067 10679 7486 6285 5602 7493 8842 3777 5861 4505 1710 8518 7721 8545 7142 6324 5766 11333 13067 5626 4071 6899 7086 4804 7769 1406 1490 5727 9515 8522 1392 7482 8895 9304 11029 6341 9390 1920 6941 3797 7810
7109 9905 11614 5085 6976 10881 6351 8191 9445 10895 13569 3684 7055 2836 6695 3986 9468 8798 8752 7786 4291 7997 8602 56 9987 9193 13899 9891 4638 7613 8162 8134 6885 5366 4838 4920 3638 4947 7576 4857 2607 5995 5850 4860 4279 10741 11260 7844 10718 11414 6806 6361 1579 8864 4281 5161 8626 11522 9398 12877 11697 8288 6981 6338 8115 9782 4397 6489 5050 1899 9157 9098 10090 8055 7131 6267 12957 14284 6385 4440 7820 7661 5213 8818 1564 1702 6205 10254 9836 1586 8825 10531 10479 11985 7325 10325 2188 8105 4388 8561

3236 4399 4300 2728 2328 5699 3163 3516 5108 5490 5488 1812 2382 1316 3304 2087 3892 4267 3415 3159 2575 2935 4298 22 5052 4967 7620 3542 1918 3615 4724 3668 2645 3117 2203 1711 1796 2120 4048 1556 1186 2271 3040 1789 1786 5252 5793 4254 4888 6164 2359 2563 593 2927 2160 2027 3466 6129 3961 4506 7007 4467 3215 3123 4641 3559 1535 3538 2970 794 5391 3522 3272 3214 3820 2516 6273 4953 3280 1590 2692 3039 1971 3007 702 961 3451 5286 3157 661 3283 4878 4391 7292 3418 4730 1084 2693 2113 3103
