100 4 1
186 162 121 178 153 95 36 37 315 79 150 249 72 73 207 113 150 1 112 137 150 142 143 52 228 132 135 44 1 1 28 101 29 8 101 157 17 142 179 295 209 29 48 144 63 93 180 35 49 118 192 124 1 304 104 139 75 106 14 105 1 56 73 184 134 106 20 102 36 144 100 177 58 101 131 18 54 78 23 73 57 105 75 164 96 77 41 222 87 245 152 110 1 49 151 138 77 294 171 154

1 5 58 1 16 18 44 24 14 1 29 9 19 3 50 11 35 15 34 1 6 3 43 16 18 35 7 9 25 35 29 22 55 38 9 2 1 32 20 21 7 24 16 42 1 12 27 38 5 26 38 45 28 32 39 4 1 23 21 9 37 21 53 21 38 49 39 46 26 47 22 41 30 39 29 29 16 13 11 18 4 7 22 22 1 19 16 32 9 44 12 25 13 17 52 15 1 36 26 29
5 9 63 3 33 28 45 34 16 14 40 16 31 8 76 12 51 17 45 11 28 30 51 26 22 53 10 24 38 50 32 28 62 48 25 22 11 38 27 24 20 51 29 43 20 14 44 45 9 31 47 63 33 43 51 15 11 43 29 10 41 31 61 34 47 58 48 73 45 61 34 42 31 52 30 40 36 20 13 20 19 22 31 30 7 30 35 45 31 53 16 43 25 19 56 24 20 54 57 35
7 16 79 24 52 32 54 36 40 18 54 33 46 10 84 42 58 23 67 25 43 40 63 38 23 68 11 47 46 58 48 40 75 61 38 32 12 46 28 47 22 57 39 50 35 39 57 55 22 45 56 82 35 71 52 24 13 52 34 19 52 44 77 49 48 63 72 76 56 78 53 50 44 69 33 48 41 23 23 29 27 25 34 32 14 53 54 68 32 75 21 62 37 43 60 26 22 77 76 55
12 26 102 32 53 34 68 44 50 26 65 54 56 14 90 56 66 44 71 29 64 48 64 47 35 91 29 48 54 68 62 52 82 77 56 40 15 64 29 48 29 63 40 53 46 45 66 75 42 53 61 103 51 76 62 25 16 68 51 25 80 50 93 58 52 82 82 87 67 79 62 52 63 70 49 50 52 34 30 35 46 46 49 33 15 64 64 93 36 91 37 67 64 47 73 32 32 88 78 70

3 2 6 25 7 5 26 24 1 5 20 11 3 3 9 7 20 15 16 4 13 3 6 22 7 5 8 3 8 13 7 23 13 7 15 1 5 7 20 1 10 14 11 22 9 11 10 1 12 1 21 20 18 6 1 18 3 1 8 15 1 7 7 8 18 15 3 14 5 6 1 21 9 14 11 15 4 20 3 21 6 35 17 14 2 10 18 9 10 16 1 15 14 10 11 12 15 5 7 19

6717 6182 1196 4443 7299 6650 3988 6827 7658 5981 3786 6364 6288 3596 4749 2992 5257 2758 353 1403 3424 6422 6470 7244 3284 5727 3529 4163 7016 7058 2953 6604 7186 2003 9232 3854 3517 3470 6505 5586 3985 3042 7643 1170 2801 4706 3499 4459 5955 3848 7230 4023 3590 3788 7588 4213 4278 6430 6724 3428 4075 4927 7381 8473 4853 6879 8801 7025 7462 5954 6681 4572 7542 6188 3508 4004 2075 6813 2473 6497 3853 5967 2696 7021 6808 6119 5247 8007 3927 544 9085 6189 6629 3940 1226 3634 5201 1097 4824 4665
8093 6848 1357 5489 8847 8054 4652 7557 9336 7404 4332 7211 7148 4431 5403 3564 6318 3260 428 1641 4118 7981 8032 9054 3753 6677 3973 4950 8026 8704 3466 7533 8087 2399 10899 4375 4359 4336 7755 6843 4636 3521 8735 1398 3283 5290 3985 4984 6739 4440 8476 5008 4021 4390 8922 5023 5291 7643 8240 4086 4771 5611 9065 9548 5461 8438 10240 8333 8501 7387 7709 5561 9081 6826 4255 4822 2590 7997 2851 7970 4776 6633 3326 8712 8263 7198 6259 9802 4458 651 10811 7428 7964 4804 1496 4262 5964 1310 5570 5752
9204 7490 1510 6339 9623 9363 5134 8363 11132 8512 4900 8733 8003 5030 6548 4301 7085 3679 478 1952 4583 9554 8999 10455 4212 7397 4506 5608 9488 9542 3824 8629 8994 2744 12196 4785 5170 4770 8855 7812 5040 3876 9606 1614 3751 6355 4340 5590 8188 4878 9516 5411 4852 5117 10125 6025 6269 8848 9292 4771 5553 6397 10750 11626 6465 9468 11849 9213 9577 8241 8557 6408 10338 8220 4608 5819 2952 9173 3435 9329 5591 7958 3683 9899 9499 8047 7128 11744 5386 742 12513 8892 9177 5571 1742 4665 6961 1509 6712 6312
10669 8552 1742 6932 11434 10641 5897 9693 12383 9942 5319 10095 8840 5635 7479 4828 8353 3968 534 2183 5081 10877 10235 11602 4763 8451 5043 6494 11195 11088 4314 9606 10451 3039 14317 5235 5675 5494 9531 8550 5617 4454 10427 1856 4320 6995 4875 6615 9560 5516 10548 6378 5349 5667 10919 6804 6822 9751 10629 5210 6553 7388 11701 12774 7509 10675 13072 10099 11418 9356 9805 7030 11648 9447 5205 6742 3337 10283 3900 10515 6121 8601 4127 11444 10583 9426 8333 13238 6178 798 14512 10063 10660 6222 1880 5509 7556 1728 7816 7119

5542 4157 861 3459 5389 4970 3518 4819 5239 5125 3203 5376 3781 2460 2706 2152 4570 2086 185 974 2023 5009 3601 4442 2306 3600 2948 3279 5060 4759 1554 4358 5992 1479 6814 2258 1850 2509 3880 3094 2948 2178 5525 962 2122 2449 2089 2386 4333 2626 5454 3197 2490 3059 4610 3524 2752 4612 5584 2829 2876 3643 5052 6139 3665 3992 5160 4650 6543 4703 3961 3065 4532 3828 2601 2615 1123 4329 1972 4731 2066 4218 1627 3918 3772 3400 4553 4805 2180 278 5254 3878 5470 2155 957 2434 3116 944 3698 3409
