100 4 1
172 85 233 207 58 117 166 216 153 171 203 124 29 65 79 11 1 125 85 190 130 72 149 93 1 78 217 56 26 63 214 13 11 178 145 142 107 128 185 53 26 119 13 55 122 199 73 3 128 1 1 178 1 156 99 98 275 20 201 1 233 120 3 71 94 87 1 121 220 149 97 159 239 30 78 134 188 59 1 151 80 108 181 121 162 202 46 164 79 112 118 113 154 364 1 209 143 11 1 78

25 9 27 1 28 33 34 17 35 32 1 21 1 21 8 24 43 4 21 30 50 18 11 1 1 23 12 20 39 44 27 20 12 35 31 37 8 42 9 11 14 1 13 46 1 45 30 1 14 10 19 7 26 19 33 9 34 1 19 25 11 28 24 15 37 38 13 11 19 21 17 27 33 20 8 41 1 7 2 13 14 16 24 14 17 14 48 28 11 25 17 21 21 23 23 1 6 23 18 1
37 18 37 21 41 36 50 20 37 48 16 30 15 30 26 40 55 14 27 53 53 19 17 14 17 30 17 36 70 45 28 32 22 46 32 46 19 43 24 33 23 2 37 47 3 48 42 2 15 28 25 16 29 33 35 20 54 25 29 40 13 29 25 26 45 39 26 12 37 27 25 36 35 41 11 66 10 16 18 38 28 18 31 26 30 24 60 32 22 36 38 28 37 34 43 3 14 24 32 11
39 30 41 32 53 57 63 43 54 63 31 48 27 33 49 42 60 23 35 67 65 21 22 37 22 49 26 37 73 47 29 49 31 60 47 68 39 51 38 34 28 16 38 65 27 68 45 15 35 36 49 21 48 39 43 36 65 28 48 48 24 54 35 27 47 40 35 26 38 33 48 46 43 57 23 75 12 24 27 45 41 39 35 36 44 33 87 49 33 39 41 38 46 38 47 16 26 25 35 19
45 47 43 52 60 67 81 55 74 67 34 65 42 36 63 55 84 28 50 71 70 45 33 38 36 61 48 40 82 63 34 50 52 69 59 79 57 52 60 45 38 18 42 85 37 74 55 32 44 47 51 22 51 57 44 54 72 42 51 50 36 67 46 51 61 57 48 43 44 34 52 50 55 58 43 91 29 43 38 46 47 48 59 51 54 50 98 66 48 48 67 56 56 41 51 18 29 30 39 32

13 1 5 1 7 14 3 21 7 19 8 1 1 18 1 21 1 11 1 10 3 9 9 4 17 18 5 19 7 28 12 11 8 11 12 21 11 19 3 5 5 14 9 13 13 3 12 7 7 6 21 24 1 13 19 19 18 1 2 8 20 15 11 14 3 5 1 1 14 4 7 18 15 1 20 12 12 21 10 1 16 2 1 8 3 10 22 6 1 3 16 4 4 24 11 5 17 12 4 25

3246 6642 3692 6110 9181 1177 3708 4314 4713 2327 4446 7404 3320 6500 4049 4653 4729 5983 678 4290 9320 7645 3165 6544 6372 7336 7343 3299 6598 4527 6061 4893 7202 7057 3066 6231 2997 243 7765 3547 3838 8616 948 3175 4897 4188 5167 9031 3002 9986 3655 4149 6609 4391 3633 6209 6686 5207 7581 7439 5630 4159 8080 6865 4828 6381 5656 10253 6810 8888 5864 6177 4049 7114 6091 8593 151 6211 2078 4726 5237 6483 7037 4188 6386 4225 2844 6650 4244 1027 3531 9113 4241 6965 6907 5625 6030 3671 4555 4359
3948 7632 4361 7383 10983 1320 4314 4930 5870 2632 5496 8785 4002 8100 4637 5423 5825 7064 841 4871 11374 9166 3670 7724 7128 8452 8730 3836 7806 5311 6954 5429 8315 8302 3489 7739 3695 296 9469 4371 4264 10708 1139 3637 5521 4989 6080 10470 3547 11668 4163 4708 7964 4862 4269 7466 8152 6180 9271 8939 6699 4922 9137 7983 5618 7560 6401 11732 7738 10250 7117 7375 5030 8471 7352 10291 178 7494 2545 5352 6379 7849 7946 4667 7399 4794 3163 7467 4797 1144 4244 10357 4943 7878 8247 6688 7201 4402 5341 5262
4279 8989 5201 8501 13003 1451 5172 5591 6823 3003 6392 10008 4427 9101 5294 6295 6345 8419 924 5931 13012 10321 4453 8761 8258 9956 9782 4303 9157 5766 8060 6605 9491 9366 4193 9013 3996 339 11119 5238 4852 12784 1345 4242 6372 5761 6797 11608 3941 13287 4837 5450 9455 5378 4797 8578 9595 7365 11001 9868 7315 5839 10847 8754 6516 9128 7805 14121 8943 11189 8572 8601 5616 10201 8089 12250 202 8238 3013 6212 7126 9466 9351 5508 8497 5745 3822 8601 5611 1378 4691 11630 5902 9584 9808 7288 8605 5178 6117 5859
4778 10511 5687 9244 14166 1655 5753 6202 7731 3450 7002 11584 4815 9771 5740 7164 6945 9487 1033 6609 14478 11727 4861 10080 9434 11655 11377 4749 10623 6617 9359 7785 10318 10130 4940 10187 4448 393 11909 5899 5242 14389 1449 4588 6968 6626 7397 12814 4463 15250 5404 6215 10276 5870 5670 9275 11150 8334 11874 10797 8161 6597 12777 10239 7001 10082 8527 16025 10102 12920 9725 9783 6622 10987 9209 14322 225 8938 3414 7312 8186 10492 10425 6196 9397 6750 4116 9518 6639 1618 5045 12671 6491 11064 11289 7903 9363 5822 7191 6393

1929 4438 3085 3903 5071 1050 2032 2608 3089 1211 2499 6193 2490 4440 3508 2542 3405 4562 479 2464 6908 6074 2189 4905 3400 6225 4124 2689 4702 3205 4173 2570 4014 4345 2564 4389 1933 174 5427 2597 3169 7553 791 2358 3437 3622 2955 6381 1773 6915 3272 2978 4466 2679 1984 3412 5641 3936 5632 4435 3242 2681 4845 4650 3242 3879 4603 8759 4705 7485 5070 5268 3604 5076 4766 4964 87 5354 1387 2974 4481 4988 6134 3701 4908 2271 1925 3412 2718 872 2525 4889 3643 3652 6194 3686 5395 1997 3856 2727
