100 4 1
25 94 141 65 152 164 94 259 1 225 1 35 1 103 112 52 166 45 8 39 29 38 24 152 1 27 90 159 65 40 172 202 141 112 78 181 64 2 161 1 131 76 124 1 118 281 118 156 140 208 233 26 175 128 97 6 67 289 35 66 198 87 1 29 83 106 174 218 76 207 256 21 188 104 134 133 142 59 1 20 194 107 32 126 16 192 116 238 5 1 84 22 126 63 72 25 1 179 239 4

20 1 5 11 33 23 24 65 35 1 32 17 24 5 1 36 24 11 21 2 29 2 1 5 38 49 59 16 22 8 1 10 29 14 22 20 19 16 26 28 6 24 24 21 31 32 31 52 8 4 21 25 34 9 37 10 18 5 5 1 17 37 21 1 75 18 1 1 20 30 19 7 1 45 40 65 18 54 1 51 19 3 13 29 6 42 30 16 19 9 25 4 54 43 16 23 35 23 24 12
21 18 13 38 54 31 40 88 40 3 35 25 27 6 16 47 39 24 28 18 31 28 4 8 40 68 62 27 23 13 6 27 38 15 27 21 24 23 29 32 13 32 40 24 38 38 40 63 19 17 31 26 38 11 43 23 29 24 17 4 19 51 41 26 84 37 17 11 27 56 33 23 6 64 51 84 29 74 15 56 20 13 14 35 15 56 36 34 30 15 34 23 64 50 28 36 43 29 38 17
49 28 14 42 58 36 52 97 46 21 42 35 36 15 25 64 53 27 29 36 45 33 12 32 44 74 74 58 32 27 12 40 39 32 48 24 40 26 46 37 30 34 49 33 55 42 45 84 23 20 47 30 51 23 48 30 39 31 19 18 30 59 52 33 107 47 18 24 28 58 49 32 16 70 70 107 43 75 39 63 46 16 22 48 19 69 42 51 41 17 50 36 79 63 37 39 44 45 51 26
50 33 23 58 70 39 59 98 60 23 56 45 50 28 32 75 59 28 33 37 63 36 21 33 63 77 88 70 40 31 22 46 41 45 63 25 44 31 54 46 31 44 67 34 64 60 52 95 24 28 56 56 52 38 56 33 61 41 21 20 39 73 53 41 129 51 27 29 39 66 51 50 22 87 78 119 50 82 40 67 53 22 44 50 35 79 58 66 53 32 51 40 80 79 61 47 73 59 62 27

11 8 2 17 7 12 4 21 7 27 10 3 14 18 14 14 5 7 17 5 1 15 3 18 24 11 5 19 7 15 4 4 14 22 5 8 6 8 14 6 8 6 6 14 17 22 8 15 4 11 12 7 15 19 7 13 4 4 17 17 20 3 24 8 7 17 16 11 4 14 11 7 27 1 10 27 1 3 16 2 6 20 5 12 8 12 12 17 8 14 20 2 5 1 16 11 20 1 10 4

4153 4731 7998 2911 1722 8229 7031 4422 9314 4067 4482 3541 5457 2643 3210 6143 5747 3828 942 3740 8097 6074 2697 6557 2338 7198 5120 4196 2915 846 6350 3195 3602 3684 5608 5884 7836 3625 5489 7115 724 5565 2838 3050 5240 2754 3802 3571 3324 6251 7046 4252 2860 4180 6656 8195 5312 1351 2535 6411 3288 8003 5687 6487 7521 7574 4533 3524 6474 5884 4365 3486 5159 9192 6415 2936 6696 5216 3460 4889 3707 3992 2932 6977 6504 6149 4926 4809 3212 3330 4121 7323 6076 1883 3805 3949 8426 6871 8544 2637
4866 5311 9113 3604 2007 9989 8346 5471 10498 4684 5355 4154 6474 3174 3690 7146 6490 4319 1157 4289 8918 7246 2981 7720 2667 7995 5956 4739 3315 992 7258 3586 4247 4085 6434 7152 9444 4521 6253 8041 882 6181 3197 3706 5854 3331 4464 4059 4026 7070 7888 4738 3170 4689 7604 9951 5864 1561 3067 7061 4008 8880 7099 7807 9041 9290 5379 3949 7758 7037 5007 4119 6085 11394 7392 3284 8083 6313 4115 5567 4373 4665 3602 7940 8038 6789 6109 5292 3914 3829 4569 8876 7565 2330 4328 4798 9297 8520 9767 3006
5674 6343 10323 3913 2352 11327 9928 6211 12822 5642 6210 4801 7641 3543 4319 8561 7335 5038 1286 4741 10669 7893 3569 8581 2961 8899 6550 5341 3933 1091 8209 4074 4608 4733 7073 7775 11134 5318 7062 9762 1033 7046 3751 4162 6392 3823 4907 4839 4550 8619 9594 5434 3874 5726 9187 11546 6861 1869 3349 7850 4384 10749 8354 9415 9969 10682 6105 4348 8522 7952 6061 4649 7300 12364 8140 3596 9671 6989 4947 6658 5033 5289 4064 9462 9531 7745 6751 6088 4499 4268 5342 10205 8211 2545 5050 5727 10509 9858 11042 3371
6213 7328 11764 4547 2759 13191 11247 7139 14696 6390 7288 5406 8471 3860 4752 10057 7921 5878 1467 5672 11612 8932 3921 9745 3226 9840 7236 6321 4526 1215 9420 4704 4996 5461 7710 8473 12774 5946 7731 11070 1113 7839 4344 4824 7305 4224 5534 5311 5264 9664 11197 6091 4570 6477 9938 13352 7869 2201 3727 9193 5112 12120 9660 10085 11485 12135 7057 4924 9459 9068 6968 5409 8151 13610 9723 4253 10965 7787 5795 7742 5508 5742 4767 10974 10313 8446 7369 7244 4923 4990 6204 11406 9451 2829 5816 6583 12489 11248 12039 3824

3237 3297 4711 2507 1457 5416 5456 2956 4910 2251 3849 2066 4059 1976 1783 4291 4270 3361 796 3020 4990 3892 1422 4506 1262 5288 4356 3498 1735 723 3521 2239 2822 3122 4534 5048 4632 2645 3296 5143 484 3138 2175 2203 4678 1871 3024 2509 2815 5237 4071 3082 1733 3565 3736 6397 3172 963 1696 4390 2782 6163 3392 5212 6725 5597 2494 1902 5433 3008 2394 2604 3589 5678 4230 1670 4104 3465 1789 4048 1864 2657 1783 6195 4534 4086 3954 3413 2324 2931 3178 4189 3795 1358 2191 3055 5644 5198 4299 1357
