100 4 1
117 119 82 114 164 110 140 120 79 160 89 131 148 88 65 23 235 170 140 30 1 40 35 70 36 26 57 144 74 122 228 133 129 49 104 41 1 100 33 85 67 1 67 179 144 196 198 95 61 42 81 179 46 105 89 245 98 117 1 121 98 1 83 99 12 53 89 37 1 1 128 150 167 129 149 92 1 100 89 208 1 1 88 194 218 126 89 110 24 133 259 169 8 1 132 107 246 63 51 159

36 42 29 36 10 13 15 1 14 28 21 11 34 7 1 22 1 6 49 23 18 35 30 53 10 31 26 1 13 21 4 8 19 15 10 32 7 14 43 5 37 12 52 15 26 4 5 45 1 12 7 27 18 17 37 1 1 35 1 15 34 1 18 21 7 1 1 38 15 28 21 37 26 44 46 30 34 1 38 41 14 1 40 6 9 25 38 44 2 44 28 27 16 22 12 35 44 23 21 19
39 44 37 51 12 16 27 9 15 33 22 25 42 14 8 35 2 22 50 49 30 57 41 71 32 39 45 4 14 34 8 21 23 32 14 44 13 15 63 18 50 30 57 22 52 13 19 52 2 34 17 37 35 18 51 13 8 43 7 17 48 4 28 29 35 3 21 49 16 35 43 58 43 56 49 31 39 9 39 52 18 2 52 12 21 30 54 57 19 48 35 55 20 29 22 49 48 35 25 30
44 45 53 63 22 19 41 11 25 45 24 40 46 23 11 37 28 23 55 61 46 58 47 77 38 42 58 19 28 48 13 22 32 42 28 55 23 26 70 30 73 44 69 25 66 34 30 62 9 59 23 46 65 19 57 15 10 44 25 38 50 22 32 32 37 6 22 65 22 47 60 69 57 59 61 37 53 23 55 68 24 6 66 33 25 37 55 69 30 57 44 67 34 34 29 59 65 50 50 43
54 47 70 66 23 24 57 15 28 46 36 41 63 41 31 44 47 36 69 71 63 84 53 79 45 49 61 43 46 68 14 26 38 58 46 62 34 36 75 45 89 53 70 26 77 49 50 73 10 65 24 62 77 31 60 43 21 60 28 42 72 38 51 38 41 22 27 75 31 50 68 70 78 76 67 39 71 39 61 79 30 8 82 51 33 44 69 89 32 62 46 77 36 35 32 72 82 56 59 46

21 3 13 6 28 20 4 1 7 14 1 17 16 14 13 6 5 8 10 19 9 6 12 5 7 9 7 5 8 1 13 8 2 8 10 1 8 11 5 13 1 10 13 1 16 15 13 20 14 20 16 22 1 21 19 13 8 26 1 5 13 1 11 8 6 11 16 6 7 8 12 17 7 25 11 1 14 10 31 16 2 5 19 10 14 1 10 1 7 17 13 12 8 5 6 15 13 29 17 9

4406 6656 347 6339 3357 3380 1565 6278 8858 5932 6862 6072 5812 3234 3779 6791 4931 899 8409 5790 6016 6750 1244 3972 8163 2573 3488 2099 3523 3866 5354 5892 3628 6176 3845 953 7145 5109 5287 6741 3868 5236 2942 4377 4607 2113 3473 5231 5891 5221 5918 6637 4463 4323 6912 6226 4225 8552 5888 6752 6318 2567 377 4950 3397 5659 4158 8520 2318 2726 6013 2065 2650 2520 5908 6065 3382 2660 3512 3219 3810 6600 6402 5834 3095 5638 3883 5023 4480 3288 3677 6206 2715 3031 6597 8687 6456 5068 4129 2322
5085 7915 431 7525 3886 3946 1843 7011 10208 6927 7872 6788 6496 3705 4630 7779 5590 1086 10031 6838 6898 7692 1519 4551 10166 3106 4154 2311 3897 4690 6477 6519 4187 7680 4709 1105 8895 6360 6513 8173 4322 6505 3634 5447 5264 2452 3954 6106 6765 6009 6619 7557 5256 5215 8435 7120 4961 10289 6921 7466 7252 2888 461 5792 4140 6278 5104 9660 2666 3302 7238 2426 3137 2954 6822 6700 3992 3183 4042 3642 4520 8228 7906 6628 3661 6861 4502 5971 5334 3740 4409 7699 3125 3462 7676 10375 8067 5666 4957 2702
5879 8972 484 8376 4694 4541 2093 8134 12076 8243 9502 8273 7243 4112 5391 9069 6285 1191 11208 7791 7590 8967 1677 5174 11916 3672 4684 2815 4358 5346 7584 7531 5027 8451 5189 1241 10150 7591 7642 9592 4725 7689 4296 6072 6032 2686 4533 6937 7456 6718 7345 8887 6196 5845 9643 8587 5703 12193 7997 8749 8065 3194 543 6506 4817 6937 5897 11385 3243 3918 8480 2711 3782 3465 8032 7358 4511 3533 4696 4168 5076 9830 8559 7995 4121 7716 5335 6854 6025 4451 5283 8691 3498 4087 8855 11671 9121 6302 5832 3026
6910 9808 519 9088 5350 5127 2345 8979 14008 8878 11011 9719 8198 4770 5870 9811 7471 1294 12572 8741 8767 10339 1903 6023 13414 4028 5361 3081 5128 6007 8435 8206 5881 9897 5784 1357 11392 8109 8403 10538 5414 8639 4680 6966 7013 3073 5279 7902 8534 8016 7960 10381 7230 6565 10802 9948 6543 14261 9334 9702 9304 3582 622 7143 5273 7813 6401 13187 3728 4230 9227 3045 4168 3894 9386 8427 5307 4138 5548 4602 6016 11095 9287 8975 4811 8867 6234 7680 6546 4990 5835 9589 3869 4679 9586 12761 10114 6950 6314 3509

3355 4666 234 4622 2443 1760 800 3573 7755 4134 3819 4249 2952 1889 3100 4652 3767 549 6634 3124 3600 4798 705 3062 5671 1798 2011 1251 2566 2323 3840 3108 1936 4861 2185 771 4644 2780 4018 4226 3281 4670 1593 3912 3339 1583 1778 3280 4238 3867 4372 4154 3389 2957 5904 5536 2837 5096 3658 3642 3175 1715 331 3768 1922 4615 2565 7263 1337 1376 5078 1683 1796 1286 4925 3540 2982 2184 2390 2506 2391 3677 4957 2997 1914 2927 3441 2832 3256 2039 2749 4259 2054 2698 4966 6382 4573 2884 2475 1838
