100 4 1
43 131 117 142 99 105 161 238 60 1 1 43 55 287 1 124 1 26 131 305 144 1 179 47 144 123 131 1 158 117 135 52 162 192 23 87 153 118 189 95 78 151 174 152 205 175 86 157 39 131 158 23 1 23 17 126 58 130 55 79 195 268 237 46 11 149 111 90 253 1 1 7 169 103 1 125 63 1 129 15 107 22 178 1 228 170 185 135 144 1 94 42 131 146 120 88 25 53 165 110

20 34 35 28 10 31 30 22 32 59 41 22 27 3 22 22 53 10 16 33 35 52 40 15 2 6 20 17 28 1 19 7 1 28 35 1 20 8 21 27 26 10 31 22 13 33 1 22 16 1 23 41 17 1 27 40 17 32 41 13 36 12 16 14 45 41 39 16 26 27 8 1 24 3 1 26 18 12 15 36 43 1 46 13 1 13 17 23 26 4 29 2 28 4 45 35 17 3 19 34
32 44 57 38 17 41 32 29 48 75 62 29 37 11 38 23 59 11 31 48 53 65 45 27 11 9 26 22 32 18 37 12 14 38 51 17 28 23 26 39 44 14 37 31 28 48 18 27 30 12 44 44 20 7 31 54 24 36 64 25 46 22 23 20 62 42 45 23 27 31 15 2 51 14 19 34 20 26 20 53 47 10 69 22 16 39 32 24 27 19 37 16 29 16 62 46 30 9 26 45
41 66 77 43 23 64 40 35 50 80 71 50 46 20 46 37 64 24 44 49 62 81 46 28 31 12 36 46 36 33 41 24 30 48 53 19 42 42 48 55 49 17 45 37 36 49 41 42 36 21 54 48 41 19 54 73 44 43 88 32 64 27 40 21 72 54 47 36 47 43 20 12 56 29 20 59 21 40 36 69 48 17 73 24 19 61 35 29 47 32 60 17 30 38 65 66 41 17 36 46
42 87 97 45 46 68 42 38 56 92 75 72 73 21 52 41 70 43 50 58 78 89 61 44 53 18 46 48 40 40 53 35 46 51 56 20 44 44 73 76 53 23 67 44 42 50 47 43 40 22 55 49 54 27 72 87 56 68 101 41 86 31 45 25 74 64 71 38 59 61 25 15 65 34 21 72 42 55 42 76 70 32 82 39 23 74 48 32 64 51 77 31 44 39 77 79 53 26 51 71

15 11 7 12 7 4 27 3 1 5 1 19 7 11 11 8 21 10 15 1 4 4 7 10 6 18 6 5 5 2 1 5 1 6 7 19 11 10 12 4 16 17 21 1 10 6 1 1 1 8 10 1 13 5 14 5 1 1 8 7 12 34 2 9 15 9 11 16 20 12 14 10 11 28 15 9 6 2 6 12 1 16 6 17 15 14 5 18 11 11 5 13 20 1 1 7 15 4 1 11

4745 3343 3480 5892 3937 3440 3430 4158 3695 6681 5813 3646 5181 7288 3240 4355 5388 6544 5254 2416 6728 4231 6926 4878 3610 7285 2730 7020 2940 4581 3452 5341 5576 7134 5707 5870 4173 7054 6059 594 5437 2735 7091 3503 802 4674 3446 6879 6042 3023 3368 3499 3355 6061 3213 6714 3836 5658 5830 5771 4557 5633 6580 5303 5910 7104 3029 7537 6657 4337 6710 5677 5437 7125 6392 3213 4413 6557 4980 3450 7452 7083 6326 2798 6621 7128 6563 3873 6349 6198 6971 2655 3425 6364 4691 771 781 5883 3010 3342
5784 3717 4068 6761 4822 4227 3910 4713 4389 7858 6766 4530 6180 8955 3830 4854 6251 7725 5967 2982 8063 4740 8172 5386 3985 8352 3151 8033 3427 5386 4163 6083 6849 7873 6798 6984 4813 7814 7302 706 6672 3376 8576 4058 954 5521 3988 7975 7541 3774 3787 4081 4070 7235 3893 7958 4410 6569 6771 7067 5067 6625 7557 6279 7068 8160 3743 9276 7803 4830 7724 6620 6003 8368 7592 3908 5164 8129 6037 4307 9045 8696 7011 3191 7767 8712 7817 4372 7320 7453 8698 3120 3813 7401 5525 882 878 7022 3451 3748
6774 4518 4734 7657 5681 4937 4394 5137 5274 8558 7825 4999 6838 10488 4416 5883 7117 9163 6771 3545 8832 5584 8911 6163 4634 10011 3833 9263 3942 6482 4616 6668 8156 9247 7954 7920 5532 8792 8676 778 7299 3654 9853 4477 1068 6129 4561 9400 8694 4192 4296 4746 4650 8696 4592 8883 5363 7767 7360 8033 5634 7249 9018 7402 7721 9932 4487 10966 9024 5761 9069 7772 6835 9435 8863 4613 6011 8892 7180 4904 10692 9893 7877 3549 8587 9571 9077 4852 8277 8332 10011 3608 4633 8073 6070 974 1058 8137 3945 4552
7253 4961 5156 8451 6376 5546 5249 6025 5925 9880 9122 5523 7623 11988 5156 6723 8164 10035 7998 4051 9591 6021 10122 7335 5241 11293 4428 10501 4515 6942 5193 7471 8853 10081 8907 8871 6130 9927 9360 892 8533 3987 11167 5074 1164 6952 4978 10847 9508 4692 5014 5328 5370 9439 5203 10321 5930 8506 8638 8908 6382 8588 9962 8352 9183 10681 4994 12421 9786 6556 10024 8421 8076 10526 9938 5090 6612 10078 8181 5574 11813 11508 8945 3952 10110 10446 10395 5460 9734 9813 11250 4121 5442 9516 7026 1103 1247 9478 4458 4895

3963 1905 2865 4325 2041 2909 2610 3498 2274 5061 3969 2275 3355 4352 1883 2312 4606 3554 3926 1667 3472 3575 5795 3295 2356 5958 2030 5859 1491 2761 2031 4158 4742 6155 3571 3153 3608 4834 4663 362 2948 1971 4020 2477 655 3677 1901 5906 4391 2240 1919 2684 2015 4620 1816 5009 3337 2857 4460 4703 2525 3252 5131 3078 4773 3664 2524 5855 5065 2846 3769 4659 3805 5205 4781 2393 2597 4161 4005 2190 5905 5519 4677 2480 4724 4301 5481 2262 3804 3944 4838 2064 1915 4698 3357 457 550 5183 2472 2187
