200 2 2
11 36 38 93 62 94 37 31 68 77 72 78 12 87 52 19 48 40 86 57 67 60 29 1 48 50 27 79 64 66 4 13 50 70 12 25 28 28 53 3 4 63 34 17 59 73 35 98 98 90 76 69 41 8 3 47 19 46 59 72 4 2 13 100 85 29 12 41 10 41 89 4 63 66 39 49 81 33 89 37 31 90 61 96 81 3 40 15 87 95 58 16 57 40 36 4 28 33 51 84 39 100 23 98 32 100 54 46 59 99 38 62 70 50 95 72 76 80 37 42 19 5 46 67 11 23 99 8 57 93 22 57 31 78 27 90 12 4 57 61 71 76 23 74 57 55 60 50 66 55 57 18 60 5 51 58 38 87 66 89 88 29 73 97 53 6 11 52 99 35 63 56 82 4 97 75 87 8 44 84 30 98 34 94 35 18 11 51 83 45 36 86 29 30 70 87 59 7 83 89

13 31 42 79 6 36 4 32 10 63 25 53 23 28 44 5 45 14 1 45 12 6 7 7 44 29 10 64 21 27 4 64 37 25 48 46 1 79 41 75 27 29 8 35 12 16 47 9 66 72 25 45 24 48 1 59 56 51 60 58 53 21 11 32 41 41 7 28 39 13 64 13 28 47 58 72 26 8 10 44 32 37 4 34 23 23 22 54 9 44 16 22 39 31 62 32 14 11 31 67 50 81 5 46 49 46 41 1 51 40 14 42 12 10 56 42 66 28 59 13 3 85 40 5 53 4 47 86 47 40 50 43 42 2 37 64 5 67 84 89 5 75 15 9 2 23 28 58 69 4 10 37 8 66 27 45 80 40 28 57 8 24 30 15 72 16 44 38 45 72 44 32 9 61 30 23 9 21 19 43 21 8 39 5 30 28 21 57 47 16 15 33 61 19 35 22 8 1 11 2
20 50 96 81 29 43 12 52 96 65 53 66 29 56 61 54 83 20 23 69 54 90 25 34 100 69 20 81 54 75 26 94 80 52 52 92 49 89 86 88 60 55 42 47 71 60 81 24 91 92 100 61 75 80 70 60 67 55 66 84 69 40 13 63 58 41 52 96 49 87 97 58 79 53 80 91 47 37 13 44 85 63 84 63 50 38 65 83 37 68 100 36 76 79 66 50 65 18 88 83 64 83 41 49 63 59 93 65 94 75 65 44 96 83 94 85 100 48 92 66 67 87 64 65 64 75 82 96 78 56 50 79 97 12 80 88 12 85 95 91 69 87 40 71 81 67 85 60 92 68 72 58 100 81 72 87 84 87 100 87 37 91 38 62 98 41 54 73 63 97 45 46 67 75 71 39 73 55 43 72 91 69 95 72 92 95 89 59 100 64 39 91 93 82 96 85 80 62 90 40

5 60 8 38 57 17 54 30 22 85 57 33 27 64 70 3 73 13 59 48 15 95 9 25 17 23 79 7 42 58 15 35 8 14 11 43 69 28 88 5 20 28 50 34 9 8 66 17 28 35 21 61 16 54 11 6 36 31 7 20 5 77 3 86 51 67 37 60 51 36 2 40 17 3 49 76 43 13 37 24 13 18 53 4 29 28 9 24 51 65 11 49 60 9 56 63 12 32 88 26 55 41 37 1 10 76 37 46 9 91 43 29 34 43 77 15 41 1 2 16 27 52 10 67 18 55 20 45 8 2 67 57 52 45 17 50 44 19 8 1 32 49 68 14 51 20 6 29 22 29 6 30 8 33 44 31 13 19 29 67 1 25 10 21 76 47 23 70 74 45 34 30 9 35 20 12 4 1 3 25 60 2 73 18 28 32 11 93 25 19 51 72 19 59 14 5 50 85 51 57
40 83 90 65 91 36 55 44 38 99 93 64 64 94 77 43 73 99 79 95 70 100 9 81 57 89 90 57 78 80 16 66 40 66 24 76 76 39 94 15 78 90 51 82 45 82 80 70 37 95 45 82 66 76 71 90 53 58 92 32 16 98 34 87 91 100 42 83 71 59 91 58 92 13 66 78 75 49 73 54 61 77 67 62 61 94 10 32 96 96 23 96 96 96 71 67 41 43 90 91 63 70 46 30 61 87 52 69 93 95 64 64 90 99 96 70 99 23 95 33 51 100 72 77 27 75 81 74 45 6 74 67 75 54 60 71 64 95 45 23 69 92 94 16 70 38 62 91 68 30 74 92 39 68 88 100 84 66 61 97 34 28 57 92 98 64 43 71 91 94 75 80 79 74 36 64 60 96 73 77 90 42 75 66 47 82 49 95 66 47 98 78 89 82 49 11 76 96 88 67

467 49 293 390 134 584 140 519 164 542 297 2160 985 317 75 283 893 386 1844 269 323 1105 956 1303 238 55 598 345 921 582 747 305 850 305 1488 516 692 2272 775 200 2036 101 726 334 89 653 36 1017 349 856 493 821 877 496 878 2394 1464 769 2110 1408 1978 322 1296 1186 86 854 472 911 720 1494 389 523 199 218 82 244 2429 291 482 632 95 961 656 183 3070 296 1569 659 225 606 381 149 2339 515 522 342 387 601 325 794 381 1840 271 151 1266 138 1297 68 2403 272 360 2856 90 51 1650 266 471 1856 503 2587 882 501 2046 423 237 429 625 410 103 100 31 175 1044 958 407 366 97 234 92 178 162 625 288 1498 526 1795 464 237 256 252 293 550 2904 96 187 738 3774 1315 353 643 488 1328 184 950 425 1123 331 301 2709 124 1779 373 713 1135 2460 209 440 665 889 1978 1657 878 1360 527 805 2002 264 478 556 321 388 2800 1340 175 492 546 746 364 1200 271
694 132 925 1732 499 617 1835 699 242 955 625 3839 1722 986 894 868 3872 3280 1859 946 2657 1652 1028 1450 365 798 827 385 1452 3043 2662 963 2867 516 2045 586 1341 4026 1265 651 2731 191 857 482 1032 1403 727 1565 1057 1725 731 1663 910 1111 888 3794 1675 877 3578 2360 3165 608 1696 1444 793 1467 1624 1220 786 1591 1453 790 371 353 182 2899 3932 409 918 895 2802 2627 1577 1793 3699 1847 1932 1708 755 1289 2036 475 3488 966 1035 349 1528 846 1576 1123 1035 2713 625 1979 1971 1083 2756 415 3655 1268 3720 3987 1248 710 1744 968 978 1905 833 3225 1206 868 2581 3078 645 913 750 807 3881 501 991 673 1347 2956 584 2911 1891 1698 416 580 266 820 3036 1994 1229 2247 1842 1737 3610 327 1636 732 3073 839 1417 876 4027 2959 636 743 1970 1373 725 1871 551 3308 843 1930 3642 137 3866 1721 2032 1973 3406 3626 2378 760 1534 3798 2141 1822 2235 709 2398 2903 829 1340 1070 1990 914 3572 1730 254 1467 742 849 695 1609 1025

242 34 58 187 123 517 31 397 142 152 260 787 932 197 74 142 860 64 1333 210 284 768 859 1229 117 18 429 189 826 246 406 258 729 276 677 302 411 865 440 194 1817 89 297 282 56 436 22 403 211 634 415 570 793 443 702 473 752 577 1607 1218 831 188 931 1041 62 575 291 793 86 1254 386 269 188 136 50 93 2153 190 311 209 77 520 503 149 2070 122 442 317 126 330 250 9 1547 454 330 310 223 175 116 597 235 1795 50 71 942 94 179 29 880 76 131 1542 70 45 1360 86 411 1568 394 483 792 171 2012 399 40 261 616 357 62 92 30 58 195 540 371 361 75 184 60 107 48 487 281 1271 443 935 444 183 213 152 164 347 2689 93 185 685 2739 1275 63 316 359 823 155 733 70 896 216 126 2182 72 1765 370 567 1003 1629 109 119 262 633 1766 1391 853 295 218 482 1290 159 38 386 287 283 2642 922 149 159 358 599 205 772 104
32 17 5 3 5 228 9 28 128 89 210 168 692 95 47 80 322 29 1171 74 230 364 761 334 58 8 249 93 223 95 221 94 513 204 397 209 271 156 41 176 54 25 149 203 47 217 12 221 130 432 105 362 618 225 128 298 339 427 1524 47 215 33 123 77 59 489 7 525 31 985 121 36 112 105 14 4 1563 124 44 118 20 1 315 114 1854 103 2 199 120 37 108 4 859 114 215 64 39 132 90 222 94 860 40 1 13 19 93 21 391 55 109 1283 29 11 935 9 249 32 261 432 459 154 151 43 5 17 481 189 42 82 4 2 100 24 154 54 21 27 11 49 13 326 115 372 245 305 265 160 37 82 133 241 1084 70 78 479 492 995 48 102 89 194 35 337 30 305 184 74 53 67 1313 69 519 266 1553 2 5 199 55 1557 747 193 255 56 277 683 96 36 5 192 81 357 647 75 152 318 563 21 366 67
