200 2 2
59 87 80 20 12 42 69 91 11 83 76 27 92 77 46 10 17 45 11 96 53 86 1 96 91 52 55 99 37 54 66 88 20 98 51 70 17 51 88 23 29 53 81 16 70 6 27 10 54 89 93 48 31 27 24 96 38 18 45 95 79 24 24 27 1 96 26 84 8 79 29 49 38 75 67 70 100 97 78 7 72 25 34 10 74 24 9 92 54 60 76 95 69 98 6 10 97 80 89 6 59 29 8 84 10 48 2 24 20 37 26 38 5 55 41 13 22 36 70 84 9 6 78 87 36 8 19 45 86 41 37 28 39 32 47 91 71 4 77 22 9 25 51 33 28 82 8 5 82 95 51 55 98 72 72 32 58 62 21 96 87 38 2 62 29 48 13 79 63 25 25 11 90 31 31 82 90 65 38 82 72 90 66 94 3 59 53 97 92 36 37 71 46 9 82 37 20 88 94 87

15 25 39 38 62 21 40 33 24 38 35 2 18 50 46 14 34 15 69 65 29 66 21 39 91 53 17 8 24 7 65 14 36 55 5 50 36 1 45 21 1 5 38 48 14 56 35 73 35 30 43 17 11 24 41 37 73 35 16 24 24 45 39 13 76 20 83 25 1 80 43 45 65 17 23 96 81 15 38 23 17 79 61 13 23 35 54 10 17 13 13 30 43 18 15 13 15 31 6 6 12 31 34 38 17 84 3 73 3 78 1 46 43 4 27 24 5 16 23 18 12 9 83 31 34 32 66 61 5 24 92 81 14 9 25 56 52 70 55 29 15 78 65 44 26 14 61 23 13 48 76 12 49 40 22 17 56 61 39 28 40 24 28 18 6 13 10 21 16 31 11 39 35 8 1 81 29 25 66 43 28 68 49 4 8 45 43 60 43 87 13 39 63 51 19 19 8 6 13 22
25 78 86 53 85 68 63 89 42 73 80 89 30 77 46 90 79 98 76 98 56 100 28 97 91 55 27 41 59 64 86 32 95 84 9 76 83 44 47 64 63 29 61 57 65 62 81 90 59 88 78 33 41 28 71 49 84 92 48 65 38 96 76 60 80 26 90 84 48 93 82 64 95 21 51 100 95 92 47 77 40 82 63 29 78 92 78 98 89 16 68 92 78 19 84 80 57 52 66 53 52 88 73 56 96 94 27 88 57 92 57 48 50 14 87 25 27 60 55 80 68 26 89 67 81 84 84 87 7 69 99 83 44 79 88 59 79 93 65 93 85 80 79 68 97 82 99 27 57 76 96 62 96 85 82 85 63 95 78 28 46 86 94 99 85 25 37 57 55 36 68 84 97 83 46 85 34 69 88 62 50 75 51 59 88 97 75 98 81 88 91 94 68 59 37 60 22 91 20 59

63 8 42 42 6 10 14 70 8 9 77 8 14 16 3 18 26 46 43 38 48 28 8 27 33 1 62 8 22 30 10 7 88 9 51 13 6 61 91 11 37 42 21 71 34 5 31 33 39 57 6 21 22 15 1 25 12 12 3 44 8 19 20 18 12 84 52 53 72 1 30 87 19 49 40 56 83 31 71 49 88 6 71 15 61 6 16 30 7 70 92 11 39 42 20 11 62 46 2 3 9 40 37 27 36 12 62 63 1 24 16 49 79 51 82 42 18 1 40 80 71 16 80 11 18 2 10 42 28 12 50 32 11 80 20 10 44 34 28 7 8 41 10 37 2 4 8 45 52 51 7 18 53 65 41 82 37 29 37 33 20 1 6 11 86 90 15 35 24 42 52 36 27 12 1 3 94 3 17 43 18 64 14 46 56 17 56 23 19 7 39 66 10 2 6 21 19 70 67 37
96 24 71 96 72 47 67 90 45 19 79 17 47 76 45 85 45 97 47 83 82 52 50 71 39 59 74 85 100 100 11 17 99 67 71 64 44 100 100 48 67 57 28 94 88 82 80 95 89 96 85 89 98 95 59 46 98 98 7 94 89 79 60 54 53 97 87 94 76 78 66 92 97 80 61 95 94 92 86 52 90 97 88 30 98 91 35 68 70 87 97 27 61 50 26 56 80 68 8 6 55 46 92 65 62 30 92 80 81 56 94 77 85 70 98 91 95 73 69 95 94 65 90 93 95 59 20 100 92 90 95 96 57 90 67 97 46 91 77 63 51 93 39 44 49 71 33 65 57 67 85 72 62 69 84 96 68 44 80 84 84 41 80 28 100 97 48 92 68 49 68 99 55 61 32 30 97 87 95 59 50 75 58 84 86 53 87 54 73 44 66 92 37 4 50 21 54 80 90 77

479 254 938 679 457 1209 450 3205 913 857 3226 111 2871 703 129 1217 64 1316 360 708 752 163 154 747 169 609 997 648 517 196 557 3043 787 341 256 1536 453 669 413 56 727 226 1041 291 1019 638 682 2916 1343 125 124 772 642 28 80 2430 1502 429 1174 1487 614 392 351 2824 742 780 512 613 1895 3263 108 213 1099 176 574 259 266 384 2889 1699 1086 75 292 905 230 2153 2625 461 751 340 1839 214 224 291 401 547 585 3085 272 621 1867 78 780 998 1229 612 843 752 189 170 490 844 6 1924 1944 894 303 712 1240 761 239 358 168 307 49 2061 1442 867 352 1090 44 2574 447 122 471 388 2375 120 638 932 96 643 107 2720 1185 2063 417 356 181 460 391 369 1418 409 218 1288 340 162 2664 1362 733 1989 333 77 1395 591 1575 817 2687 1738 220 2366 335 1243 940 1324 780 1003 492 1483 442 570 337 1009 1155 2700 1799 1429 1177 474 254 440 332 1407 417 60 65 105 268 115
1107 1035 1076 972 919 1422 1061 3660 914 1416 3706 2420 3257 3784 1131 1309 826 1674 689 1733 1800 966 1527 2859 487 2885 1286 1715 1813 835 616 3176 951 957 570 3548 1349 2548 3582 630 2697 904 1059 818 2043 1621 921 2962 1722 1276 472 3052 761 1980 677 3948 2700 1072 1663 1974 1035 932 409 3283 1841 1009 1594 727 2479 3860 812 609 2018 763 617 315 2026 1902 3011 2412 1696 3852 511 1955 800 2513 3437 765 1520 876 1878 299 672 541 1031 681 823 3975 1255 938 1965 347 1724 1088 2295 1478 890 1450 462 258 985 2548 235 2832 3334 3658 1987 1642 1310 1627 690 807 1100 842 651 2306 1735 3500 972 1915 173 3184 1151 262 1607 1074 3702 2732 1090 963 2705 999 447 3596 1278 4020 1621 384 3131 3415 808 611 1658 2149 705 2035 563 2059 3375 3285 777 3408 2749 1637 1643 1249 1658 1068 3479 1876 347 3303 616 3265 2945 1460 851 1016 645 1847 874 1199 3362 2040 1834 3369 2332 3566 1674 639 775 2483 341 3113 3617 1735 505 680 740 170

91 177 452 572 244 915 202 1107 800 215 3085 43 1097 636 116 701 54 1300 269 699 635 135 151 491 42 243 604 302 110 91 476 1562 311 225 180 1395 341 548 264 19 444 143 850 267 848 295 560 1819 1128 97 48 492 491 22 51 2054 1498 330 1003 612 523 292 331 1773 692 361 323 541 1542 1863 36 119 920 146 522 92 194 377 2875 1508 341 32 239 850 162 1505 960 404 96 338 960 142 197 269 387 110 368 2938 190 508 1747 63 104 761 944 541 673 515 87 135 216 662 2 1323 1140 716 132 383 365 718 185 93 130 256 36 1538 1342 772 165 853 37 1702 422 121 427 170 965 83 381 579 24 514 95 1428 73 1190 153 236 84 341 31 139 616 82 134 829 180 132 621 1280 436 1388 88 59 1210 457 927 726 1632 1657 170 1719 302 915 879 944 515 764 443 1434 431 507 222 815 693 1322 1487 1252 979 404 201 137 230 1346 393 52 11 56 126 97
55 61 261 86 18 497 157 288 132 118 103 17 633 109 28 268 4 204 23 312 382 87 85 389 7 27 198 214 96 90 175 549 217 88 100 55 45 36 179 18 381 105 799 261 560 217 338 1550 558 84 3 273 334 11 1 139 1347 109 726 182 449 277 125 530 15 292 233 95 1073 1766 10 93 524 112 89 72 59 87 1621 1157 307 19 6 535 86 19 582 178 60 18 380 121 139 1 2 78 365 1634 156 130 112 36 45 138 233 244 285 123 30 67 12 551 1 4 1046 473 131 240 257 164 106 19 122 203 6 1097 548 416 93 353 25 788 329 79 414 136 834 60 365 211 16 391 3 615 41 240 140 211 40 87 19 94 16 56 64 528 111 101 456 71 91 516 18 13 245 50 673 127 396 775 154 583 48 650 159 225 510 166 120 118 380 435 178 247 231 65 854 950 420 70 172 92 52 978 58 22 7 19 62 18
