200 2 2
62 1 5 94 100 63 35 18 1 68 50 78 50 89 26 12 91 58 63 36 85 85 74 3 78 6 45 33 52 42 85 57 35 75 66 54 73 24 46 39 76 84 70 99 50 53 47 26 30 9 13 39 26 29 90 74 19 24 97 26 25 49 87 16 87 74 63 19 79 81 88 50 68 98 98 36 24 34 99 96 10 83 93 6 71 66 94 71 65 5 75 39 95 16 21 100 79 40 7 28 81 65 17 61 19 75 99 16 35 18 60 34 12 25 93 91 52 85 34 51 78 28 15 25 61 27 22 67 6 65 9 48 17 46 15 45 15 41 11 27 71 18 10 36 4 90 46 64 55 91 33 3 48 45 1 12 4 97 81 49 78 19 72 31 15 16 37 10 70 47 26 96 82 1 43 35 37 16 70 75 49 83 99 28 94 80 95 19 100 15 90 46 87 67 20 99 34 8 64 71

61 26 39 10 60 7 28 11 36 44 8 70 90 17 46 37 8 25 30 60 13 7 25 60 27 42 30 51 71 3 16 22 73 51 53 8 73 21 33 32 85 61 37 8 8 26 41 95 65 17 27 37 48 23 60 25 22 77 82 26 26 5 25 38 5 55 64 85 13 25 17 17 18 5 16 54 43 16 1 92 66 8 82 6 14 61 33 31 39 31 72 23 35 65 18 14 12 35 6 10 15 62 23 51 28 51 31 20 20 75 49 16 14 2 19 15 36 29 15 58 26 30 4 20 65 3 7 52 21 83 48 1 46 47 40 30 12 4 27 14 41 71 37 32 50 20 30 21 10 11 42 30 49 10 79 60 77 8 32 22 39 81 3 33 74 11 11 57 52 17 49 35 55 62 24 39 15 20 16 44 11 35 17 22 26 28 59 47 7 14 36 18 1 18 41 12 35 65 60 44
76 26 86 90 89 46 36 96 44 46 45 79 96 24 68 59 48 99 86 79 38 45 36 68 78 59 96 55 95 47 59 33 97 98 63 14 99 49 46 36 92 82 75 14 70 35 79 98 69 38 79 94 82 97 94 87 79 93 98 54 31 86 43 46 53 57 94 90 44 57 25 72 56 73 38 86 63 46 19 99 79 44 84 33 65 90 92 49 99 91 80 45 39 77 83 40 36 77 37 92 27 95 31 95 68 68 100 67 23 95 62 39 82 17 61 85 56 80 92 96 40 58 59 95 89 68 34 83 39 99 54 13 57 61 99 65 19 53 45 65 77 82 71 75 80 92 94 61 95 32 46 81 49 93 85 85 100 27 57 34 76 87 35 45 78 80 31 62 55 79 71 63 95 81 38 50 66 51 92 100 46 52 23 61 82 47 87 66 50 27 44 56 14 72 96 98 60 80 99 61

43 9 19 43 23 21 31 5 7 44 34 39 29 21 40 5 69 68 67 50 6 37 19 42 38 11 17 3 40 24 75 12 63 25 51 19 38 55 44 2 15 30 43 26 33 80 13 7 18 40 16 32 13 58 82 59 54 30 32 12 6 22 34 7 11 13 22 28 11 26 19 53 55 3 72 12 64 4 36 59 28 36 57 72 50 58 5 65 73 6 53 4 31 35 70 88 22 47 65 36 7 74 10 44 40 68 80 48 95 22 1 63 24 46 41 45 31 15 5 50 20 12 13 83 52 22 19 3 30 1 20 55 60 46 8 51 59 3 8 63 15 11 30 79 37 15 50 36 35 29 15 21 30 53 70 73 67 53 19 51 66 26 4 38 20 25 64 5 60 15 7 7 8 48 33 5 25 22 3 14 25 14 15 12 1 51 35 33 2 62 15 4 8 49 49 24 5 68 6 82
97 94 54 78 26 82 69 89 55 67 64 39 69 83 47 27 100 91 72 72 77 75 86 75 82 61 78 20 42 40 83 56 91 71 67 89 82 81 84 88 18 58 66 86 99 100 82 10 33 62 30 53 46 84 83 84 97 40 73 62 84 97 51 68 76 18 32 40 14 31 53 61 79 18 99 51 96 57 83 68 92 61 67 79 53 67 61 80 81 87 55 42 49 53 92 97 33 87 80 99 99 89 94 76 85 90 96 96 99 22 55 93 41 59 62 75 64 67 98 91 28 94 87 84 62 73 26 100 61 57 55 64 75 77 83 94 81 74 20 85 34 70 34 93 73 59 59 70 99 62 83 86 52 95 100 83 93 92 83 100 92 86 100 93 34 32 65 21 98 16 98 19 91 89 63 84 56 75 35 24 61 74 95 25 99 59 96 100 24 74 48 71 22 100 58 88 82 84 21 95

954 1976 305 654 719 212 1096 572 1179 816 3358 292 82 1481 208 295 184 1161 1471 413 118 173 690 380 659 624 1592 143 1086 1736 2228 460 709 1313 468 621 664 285 324 1941 1811 288 160 1686 306 1672 147 1230 379 829 103 421 891 1708 878 235 154 1265 373 369 1025 103 1701 248 252 1711 347 1362 317 488 327 1356 1577 2489 423 2679 300 1897 1001 2111 894 568 1559 842 1045 204 1182 217 680 450 231 3559 690 419 1583 2731 223 928 603 260 1185 2146 508 728 140 382 416 1546 1235 374 771 164 1239 637 1003 1345 489 153 365 1965 796 257 561 367 570 1478 168 871 1020 1476 1626 1168 829 464 748 711 142 1538 43 492 112 1405 1844 220 1360 371 417 1097 431 287 51 99 144 524 3712 2392 811 1415 533 3737 238 323 602 504 86 2299 224 155 152 1050 631 546 124 163 454 1003 1044 839 88 886 750 686 278 622 808 552 913 362 1425 89 1085 717 250 483 505 239 428 217 432 641
3891 3392 613 1085 1938 821 3042 661 1428 2989 3828 1037 421 1717 603 1935 840 1443 2637 775 992 793 812 752 1776 886 3137 793 1700 2566 2379 589 825 3580 1557 923 843 438 592 3919 4039 954 429 1916 442 2896 2071 1832 1333 1007 222 960 3935 3542 1109 2163 1585 1556 1281 3922 2011 3645 2141 672 4074 2321 365 1635 438 1741 697 3642 3855 3290 1723 2732 1635 2448 1090 3530 2008 3549 1768 1775 1985 1804 1985 301 892 541 1892 3662 804 1190 1738 2935 678 971 1364 2270 2223 2961 2253 1026 980 796 1104 2531 1547 1733 3906 528 1810 893 2025 1534 642 353 1944 3338 902 1518 1714 948 959 2010 553 3180 1192 3623 1909 2662 877 976 3125 1231 839 1774 266 644 1606 1535 2642 885 2544 1089 1301 1233 457 909 952 221 599 813 3727 2966 1155 1798 963 3834 1907 1782 934 753 279 3405 875 393 425 1941 1242 2792 3273 832 1874 2033 1250 3214 389 1854 1057 1071 299 714 1050 799 1313 969 2310 860 1930 3099 548 2936 988 1019 826 1244 1221 1031

250 1392 260 412 620 149 805 547 1033 614 3211 107 45 655 171 52 158 516 1290 322 105 46 425 201 382 562 1462 133 842 820 669 142 280 773 215 527 328 85 293 1442 1766 247 63 1637 126 1548 96 1021 376 235 88 320 310 1209 314 215 93 925 347 299 476 42 1164 151 216 783 119 789 210 320 157 447 1245 2027 340 2661 203 1286 482 1890 563 343 1091 771 1019 128 379 89 336 376 146 2415 681 287 445 2411 212 875 323 248 553 1875 466 377 14 272 234 1431 1149 268 424 160 862 319 687 1280 426 36 349 253 719 156 293 256 369 854 95 707 550 666 243 854 718 438 722 445 117 1189 23 115 65 1320 1780 166 1179 193 114 391 337 178 48 82 45 441 2728 801 540 601 279 3539 232 242 338 228 84 1152 44 96 117 410 565 190 68 70 388 606 693 689 85 174 671 532 173 468 777 306 671 155 732 45 819 156 229 477 401 202 302 84 337 253
215 1279 28 301 466 90 465 370 770 368 391 45 41 341 21 27 104 236 221 265 41 9 353 21 143 251 1124 96 22 353 415 115 58 568 7 195 194 75 55 1326 832 191 11 1169 15 157 14 939 210 181 35 285 84 148 13 184 53 527 105 104 206 23 712 57 110 288 18 749 183 23 101 201 294 1021 262 629 124 95 239 861 353 314 823 530 681 47 209 80 281 198 29 1031 281 252 16 1498 105 668 251 129 247 892 78 199 6 68 177 584 65 262 408 141 442 87 339 672 43 9 348 219 315 21 203 186 138 848 57 224 467 193 136 734 257 389 27 375 18 1109 19 38 32 82 1327 44 244 31 41 28 222 75 46 52 26 215 2108 599 153 249 163 1614 75 204 269 207 70 774 29 63 15 346 251 37 27 22 289 544 463 129 80 14 349 14 67 59 352 56 226 117 568 4 414 91 108 198 13 80 64 5 307 225
