200 2 2
4 83 69 20 50 50 16 69 27 81 93 42 94 56 74 79 55 11 24 24 57 81 69 52 36 23 20 79 44 8 84 85 100 46 96 68 72 79 44 77 95 36 82 67 58 73 5 14 37 34 30 78 62 26 49 90 65 64 4 66 4 39 15 48 67 91 63 49 69 94 61 49 66 64 23 27 2 30 36 36 90 6 36 50 57 79 1 57 53 50 27 69 4 16 10 29 92 61 64 97 46 6 22 49 99 82 45 74 93 84 6 96 40 67 99 93 14 46 18 23 39 9 71 63 50 24 94 60 72 9 96 40 26 36 62 25 84 36 8 24 19 77 45 22 77 56 4 30 94 48 28 44 42 85 71 34 10 75 94 54 70 51 56 4 6 74 94 82 69 45 90 20 46 64 58 54 77 55 92 37 52 20 21 81 67 87 72 74 14 35 55 69 78 16 59 6 81 85 13 16

6 9 1 36 58 21 15 2 96 52 11 19 16 9 46 45 34 59 29 26 58 8 13 48 29 28 23 29 74 5 5 7 83 5 89 71 19 4 25 40 14 3 14 35 9 67 52 5 90 22 78 15 44 15 29 63 38 27 5 2 27 38 16 65 12 13 37 3 23 55 68 65 21 47 9 49 28 76 47 12 49 21 16 21 2 22 7 28 8 33 33 78 23 49 14 10 67 12 26 7 22 75 23 44 73 55 13 17 63 2 23 48 8 10 61 62 5 3 25 42 20 72 31 50 13 59 80 95 55 21 35 21 10 55 44 74 14 37 8 51 28 1 67 29 21 48 28 47 13 77 32 69 31 41 33 17 38 6 69 72 14 36 95 21 17 4 33 39 17 35 12 51 8 11 67 21 50 32 13 40 25 66 8 25 9 17 56 28 19 21 59 8 52 57 37 25 19 11 94 43
83 87 5 93 83 29 39 24 98 53 61 87 92 75 56 53 53 60 84 79 63 36 94 70 85 33 97 74 98 20 56 39 95 90 96 73 56 30 88 63 98 61 23 38 96 78 87 33 100 71 83 99 84 38 87 98 68 61 94 48 96 79 19 90 43 18 88 69 29 73 79 86 92 90 45 72 35 99 83 58 63 97 81 25 60 42 36 92 47 77 57 99 75 73 69 20 85 34 68 50 25 91 87 93 98 97 26 44 95 79 74 90 21 49 62 95 90 58 76 82 89 89 56 92 97 68 96 98 91 62 55 91 57 75 58 86 18 63 55 91 73 75 78 46 79 53 43 52 53 84 98 78 57 99 48 32 50 82 74 89 71 39 99 24 58 95 48 70 17 43 46 76 60 91 75 36 50 85 44 78 90 86 54 87 29 72 79 29 19 31 98 11 81 93 91 80 74 62 98 81

2 3 18 28 7 12 48 53 53 6 2 21 40 31 31 8 13 21 77 17 12 83 40 42 23 78 69 7 45 30 25 54 45 23 69 32 4 17 6 64 72 47 60 18 45 40 56 32 14 82 55 56 36 31 37 68 10 20 3 22 79 19 52 26 49 10 14 29 54 12 13 10 2 13 16 16 72 5 28 66 18 4 46 49 67 5 56 50 3 41 8 31 84 27 40 23 22 33 49 38 10 6 14 67 33 58 73 47 7 18 43 33 54 38 50 74 97 8 15 76 39 28 15 6 41 69 28 28 15 88 53 54 34 49 1 3 78 71 62 14 8 51 10 21 14 17 11 3 75 49 6 64 66 9 80 50 38 93 58 5 70 54 34 84 9 17 40 9 15 46 12 19 27 10 6 29 31 28 57 54 51 43 79 30 18 3 6 22 31 48 86 64 8 45 35 95 1 7 27 20
76 77 49 67 34 34 86 82 60 89 97 26 72 98 78 90 71 86 81 24 31 92 68 49 76 81 74 82 80 41 44 56 76 28 77 77 47 56 72 78 93 52 82 72 81 95 60 34 20 87 76 98 97 73 54 92 51 82 7 72 98 62 98 37 93 72 63 46 62 26 37 22 37 84 58 65 85 55 36 92 41 57 49 92 82 90 82 56 100 75 81 58 89 74 83 48 28 79 85 92 80 58 86 100 60 80 77 100 80 44 64 34 70 80 50 78 100 20 23 95 57 48 70 13 96 96 86 36 35 88 92 63 85 66 12 91 84 95 95 36 48 62 75 63 31 53 79 8 90 83 39 64 89 16 94 85 53 94 82 54 96 64 96 85 46 62 57 49 40 60 63 66 30 72 74 46 87 40 79 66 52 90 80 67 73 16 77 30 97 76 97 72 91 72 87 97 70 70 97 60

510 2771 2414 188 186 316 301 124 2280 814 152 127 413 593 816 377 175 554 889 312 472 274 627 168 674 635 746 1343 443 3357 2756 1199 2210 162 1559 501 289 297 1369 970 2683 1270 751 220 258 766 1866 126 64 725 936 612 522 1808 494 679 399 572 304 3521 257 2424 2666 140 555 1446 899 657 968 1151 477 61 1394 1690 450 1520 331 89 1204 448 587 703 313 987 1650 767 168 359 1010 126 542 359 255 56 299 139 965 2464 242 382 239 3680 1415 994 872 220 442 113 1048 928 40 96 258 167 150 140 567 2224 1533 240 1377 1859 365 197 161 1059 1296 1530 670 1041 311 643 112 46 2481 614 395 49 63 2442 893 464 88 344 1880 352 52 414 875 706 1233 841 260 570 776 1246 1258 1942 448 447 131 85 807 128 392 124 191 1854 432 128 1964 92 273 315 936 952 601 845 936 54 532 212 1447 574 976 410 849 4041 128 1338 247 3334 446 122 953 1205 919 328 680 3053
823 3372 3496 1476 503 3182 1003 872 2443 2542 517 1696 440 625 3407 537 3886 1767 1759 580 1952 609 688 587 2365 855 929 1562 599 3428 3204 1296 2491 866 1964 952 1505 345 1465 2080 3413 1793 1873 1161 431 784 2366 811 466 3171 1307 950 906 1858 985 1928 2564 950 383 3583 271 2758 3804 543 751 1715 982 1964 1035 1645 736 355 1921 2216 935 1877 413 957 1886 594 877 3877 466 1031 2001 2072 584 478 2541 301 680 1819 387 859 979 169 1170 3196 434 589 448 3902 1898 1709 948 797 1876 905 2017 2888 402 2706 508 727 535 584 799 2665 2061 1729 3652 2138 1308 291 1257 1779 1732 1962 1495 2246 358 1822 343 164 2565 1922 3451 420 795 3883 2157 990 690 1438 3336 390 1174 1163 1059 751 2668 1212 1059 620 1021 2089 3817 3060 1073 973 1895 1981 3877 165 634 1594 606 2502 561 545 3581 110 3862 882 1828 1041 1170 951 974 816 630 3904 2001 922 3482 559 4065 4043 289 2833 1367 3657 703 251 1943 1703 1066 439 2661 3714

486 2346 423 181 129 51 272 77 487 477 113 48 337 589 714 372 149 224 300 84 328 266 364 147 313 460 514 979 391 483 1602 880 944 132 916 258 219 220 863 644 483 570 613 112 41 127 888 54 34 705 728 581 370 604 446 660 316 401 232 1301 237 313 2345 112 216 207 834 567 576 1026 403 5 983 1001 325 1436 273 60 553 152 134 222 107 594 1266 724 114 282 897 77 466 297 178 34 38 95 630 967 49 376 99 2022 853 568 828 62 36 59 709 443 39 59 167 126 142 58 463 669 1419 155 598 1229 133 103 20 662 159 1140 656 946 142 556 72 25 1758 605 199 38 61 548 632 254 61 238 1871 269 28 317 564 326 415 324 197 475 97 947 843 1737 311 302 130 74 623 123 101 118 147 1708 217 26 1098 34 156 255 676 472 339 469 796 51 123 95 936 359 956 264 797 3913 87 1321 206 3186 325 105 842 643 498 137 346 1153
146 2049 8 86 26 32 153 20 458 289 63 10 201 282 307 99 112 127 194 43 90 48 260 138 220 441 50 325 118 166 1570 64 216 25 98 220 52 144 13 143 51 112 465 93 20 121 646 5 12 39 362 299 301 476 101 387 314 90 159 238 218 124 1257 67 13 1 133 30 167 802 313 4 533 190 233 416 178 59 49 86 62 197 14 292 1207 102 73 138 794 74 296 203 20 20 8 30 345 9 22 307 43 352 258 496 634 26 14 51 627 289 14 23 81 67 68 41 449 436 1288 143 576 1225 21 19 6 218 75 882 34 370 40 289 16 19 1224 513 44 20 18 525 317 212 25 173 403 131 27 157 226 40 263 240 119 60 81 708 48 1682 186 52 79 66 288 1 7 15 14 833 47 13 738 9 31 155 242 321 51 438 72 7 121 60 882 162 56 200 240 2696 24 973 125 690 235 53 24 287 128 22 256 100
