200 2 2
49 51 7 83 40 97 30 39 79 82 15 94 70 13 62 96 64 10 78 49 5 66 67 80 50 95 76 95 34 28 81 26 5 62 85 37 28 69 73 34 1 49 12 58 52 78 41 12 28 15 4 83 96 76 56 52 43 2 9 44 43 98 24 18 57 10 72 57 48 65 32 82 21 6 55 22 85 96 78 87 98 57 81 6 4 72 46 80 76 16 67 88 44 26 81 86 8 54 7 30 55 96 9 77 64 35 17 91 82 23 68 55 1 59 17 53 68 14 63 9 5 86 88 74 70 27 26 76 45 45 72 20 13 82 37 100 83 43 35 80 6 15 9 90 28 20 61 76 26 54 79 75 83 64 1 20 13 72 46 51 6 41 30 66 19 5 1 81 15 5 55 55 85 66 9 61 71 10 8 10 77 85 80 25 82 86 96 35 70 17 19 7 30 21 88 43 71 36 6 74

14 5 43 50 52 18 77 1 93 7 31 26 71 54 19 86 6 84 16 90 26 12 64 48 64 18 24 57 5 85 5 30 33 27 12 54 42 58 4 35 37 26 58 18 2 1 3 23 61 69 44 56 10 73 28 52 24 1 37 49 48 24 5 27 77 26 14 76 86 57 36 3 7 38 14 12 61 3 19 19 21 68 68 35 17 8 28 13 22 35 27 55 44 18 27 38 1 3 13 32 88 39 65 58 12 14 9 25 56 20 42 1 44 20 22 75 31 68 30 1 22 24 73 51 54 62 4 46 34 56 73 32 8 2 28 64 43 2 14 2 13 17 1 40 75 23 85 98 24 14 54 60 19 57 11 7 3 33 9 12 84 2 26 82 29 37 24 72 68 6 3 61 19 4 44 8 13 20 18 43 6 38 5 18 51 38 46 28 25 41 3 14 5 27 8 8 6 69 77 91
85 34 99 92 54 44 84 24 100 40 45 87 97 64 99 96 89 97 63 96 60 16 96 95 75 97 57 91 88 99 50 91 75 89 80 92 89 86 41 60 92 31 89 18 31 53 18 100 98 85 61 68 34 99 29 53 39 53 40 71 86 38 56 35 98 71 94 87 90 65 47 8 25 70 48 87 79 64 50 57 53 100 90 92 46 57 94 29 82 89 29 86 98 67 40 70 51 44 78 49 88 86 83 69 20 32 89 54 73 47 92 83 100 89 95 79 70 69 65 10 83 71 91 76 87 89 75 68 75 69 98 33 64 86 69 93 79 79 63 28 97 100 7 45 75 23 85 99 64 96 77 80 63 68 35 15 25 54 89 100 89 34 46 84 47 95 98 100 69 99 3 96 88 58 80 90 47 62 24 55 65 55 75 23 78 81 89 51 54 49 40 32 17 78 71 66 43 99 98 95

38 30 28 55 26 23 40 77 20 14 55 28 60 30 23 9 54 24 36 16 1 68 25 50 15 14 37 5 8 3 34 39 33 9 56 8 6 38 79 50 12 7 40 94 43 36 64 13 55 80 39 60 15 48 34 16 37 81 39 2 67 62 33 82 17 52 41 66 36 20 55 6 24 5 2 38 75 25 10 14 32 83 16 68 53 15 50 6 42 12 23 59 66 28 38 9 41 34 58 44 52 61 44 23 67 56 9 18 62 17 51 28 34 83 2 45 54 44 7 12 30 13 57 37 10 6 51 62 45 62 5 25 5 18 22 39 27 51 30 8 72 75 32 10 55 92 7 41 20 2 96 58 69 18 32 14 54 37 16 5 51 1 14 55 39 27 17 12 82 14 9 60 18 9 8 69 40 8 16 72 31 7 25 25 58 42 37 56 13 14 29 9 10 35 46 21 65 6 1 13
73 79 85 90 94 87 53 82 59 65 88 71 97 49 50 98 88 100 76 30 17 100 63 85 47 29 66 69 43 19 84 68 86 24 76 50 82 78 86 87 38 46 61 97 83 65 77 82 56 93 48 83 42 81 94 76 89 83 53 30 74 64 51 86 30 64 92 91 39 38 94 30 97 73 99 72 99 65 54 20 42 85 21 84 100 36 86 75 84 99 72 70 96 95 51 79 53 47 70 60 53 95 57 93 94 95 61 38 70 69 52 70 81 97 81 64 57 56 20 26 62 36 77 68 24 55 91 68 81 68 30 67 30 55 78 59 94 59 52 55 92 82 45 30 66 100 82 56 99 36 96 89 70 68 96 98 61 62 71 81 81 44 28 64 45 74 94 40 97 64 36 98 88 51 74 70 81 100 57 85 32 68 34 29 67 74 40 87 51 64 46 24 98 65 61 51 90 90 54 33

215 573 1047 987 107 796 508 1055 1005 140 3649 529 121 38 263 427 224 863 253 922 1246 933 1484 871 558 789 1487 293 1966 438 100 129 66 390 342 45 141 401 629 762 209 635 504 104 356 3293 1695 153 1097 187 114 626 1102 1453 1495 162 696 746 166 452 387 1363 2604 2826 1554 903 217 96 697 904 1912 854 388 909 113 790 684 144 104 2239 555 1345 1254 112 1447 115 72 2773 1281 67 2257 456 363 470 884 373 3540 264 188 898 1068 663 872 544 586 38 2081 880 734 1570 512 93 105 764 881 1161 570 175 68 181 1439 2159 171 1529 1321 607 79 673 708 546 281 93 726 2518 1057 258 176 63 216 270 3501 2460 478 264 868 183 167 1561 1275 110 2114 380 1884 409 488 260 107 1187 2222 244 248 1097 120 1004 65 2907 1889 854 171 1663 1593 422 217 306 1662 248 1315 38 477 55 499 329 792 585 259 591 309 559 1784 237 130 473 251 383 1770 1739 311 199 1361 1493
260 645 1226 1488 869 1230 2644 1122 2012 2230 3804 549 936 1832 973 1848 507 872 1005 1291 1591 4057 1509 3891 601 792 2106 1707 2023 1043 385 328 3232 402 1206 498 672 582 1371 3768 3777 872 3007 709 3955 3689 1947 870 1568 319 569 695 1954 3797 2659 504 1961 919 1740 1032 978 3044 3559 3328 1702 1902 943 265 1918 1589 2116 910 928 3161 1044 1831 713 220 500 2789 1012 2512 1536 289 1829 973 239 4080 1496 869 3857 2522 628 2694 1550 657 3978 905 318 3314 1179 2063 941 844 3135 856 2261 1623 1295 2830 677 821 2038 1045 3171 2263 944 902 266 1114 3394 3455 306 1815 1680 620 1576 803 1648 1863 921 2034 1006 3242 2643 649 724 1514 975 411 3911 2590 830 680 1453 1897 2582 1574 1847 760 2993 574 2281 870 573 2703 683 1823 3768 416 1877 1757 1666 1018 778 2915 3577 1406 598 1874 2016 547 742 1026 1805 543 3242 99 782 1090 625 665 1479 1179 321 2043 1954 898 2448 853 1045 1158 1688 1494 3332 2673 810 593 1822 1975

207 538 543 425 68 738 330 364 770 80 1128 356 103 14 88 338 219 731 224 504 1180 657 642 672 170 679 1420 178 1432 76 85 66 52 381 299 43 112 346 323 710 177 554 344 81 314 2558 468 149 928 185 22 140 907 809 1401 160 655 675 158 325 250 1337 1387 2774 780 376 174 77 626 776 1045 534 384 484 28 745 656 93 100 1107 262 1079 969 74 577 83 50 1571 829 61 844 447 159 100 265 294 3271 217 163 610 938 405 547 527 463 32 647 461 644 1400 361 88 30 730 703 355 427 133 35 125 774 1765 110 928 743 471 49 589 187 531 93 73 493 2159 607 191 103 32 77 153 897 2206 154 216 492 54 149 1021 273 68 541 177 1815 374 131 230 94 732 2059 122 243 286 101 618 16 806 1579 349 142 1382 1213 247 205 109 1216 215 1313 34 403 18 448 48 780 462 235 346 250 343 1616 215 82 397 165 276 1166 1455 228 120 1219 502
90 185 411 198 6 66 133 130 535 20 1119 18 61 9 84 175 206 522 164 5 247 306 429 146 115 289 434 69 295 61 32 44 8 139 172 20 39 73 229 99 170 326 178 80 21 1164 270 106 389 5 8 101 462 326 552 115 525 577 63 240 76 406 1357 882 244 16 110 58 545 72 744 435 105 110 16 293 36 20 49 596 10 940 130 44 378 54 25 1041 277 58 615 158 158 99 72 263 1257 54 13 262 418 391 134 139 359 25 9 49 540 596 38 29 1 526 489 19 374 83 8 96 214 432 23 907 21 465 47 328 112 435 92 71 340 791 67 135 9 30 55 131 133 1309 23 174 344 36 120 193 153 55 181 33 452 135 7 182 7 699 208 56 20 160 56 133 12 789 328 302 79 1129 1001 68 72 27 430 166 153 30 137 10 339 11 363 293 48 345 94 204 117 6 43 132 73 176 536 1449 169 43 795 464
