200 2 2
45 17 37 88 38 23 72 10 31 48 20 95 21 51 87 12 5 53 40 79 39 50 91 79 51 37 31 65 93 83 50 5 83 21 10 74 12 75 86 38 29 30 85 82 10 30 89 36 35 50 32 81 94 82 64 89 18 77 54 88 71 34 58 33 38 22 32 13 4 94 46 87 91 98 29 68 8 46 3 43 37 38 26 87 88 26 16 68 59 17 81 58 19 87 55 24 49 100 67 41 60 6 9 96 83 75 45 1 56 86 91 4 70 37 18 29 46 30 73 87 93 30 40 83 6 32 21 69 19 79 41 35 96 44 86 30 75 3 49 3 23 8 6 77 24 16 80 15 74 22 25 52 10 29 34 61 2 98 44 77 71 14 79 77 53 20 78 79 45 82 49 69 44 87 97 1 16 3 49 52 52 63 24 49 36 21 73 3 74 84 71 69 87 9 84 78 69 27 27 37

52 8 72 39 18 50 72 10 47 17 39 4 94 37 45 18 7 23 27 32 49 73 21 3 14 37 42 24 64 14 5 81 18 2 30 59 30 34 30 34 43 95 21 69 9 1 3 83 6 40 16 58 4 41 86 85 11 1 22 45 3 22 27 1 84 49 45 91 7 6 7 29 80 54 14 14 48 24 23 2 20 71 22 3 38 15 24 83 23 16 8 34 3 2 81 45 21 10 4 8 48 14 18 26 30 25 30 38 13 1 9 44 59 35 11 26 57 26 18 20 6 50 32 35 68 78 27 19 7 18 6 4 27 35 60 9 66 16 34 15 52 44 32 31 2 49 16 21 20 37 27 1 5 94 39 40 40 23 26 17 18 18 53 28 29 17 36 44 13 14 27 22 19 29 32 7 20 24 46 59 6 22 9 22 2 57 5 2 38 26 47 62 8 35 47 21 15 37 11 25
100 54 81 82 20 67 76 54 69 37 40 60 94 74 70 20 13 87 30 64 64 87 71 80 77 61 100 29 96 86 34 89 65 4 33 64 76 42 32 73 71 97 85 93 97 13 78 98 14 60 23 66 88 73 92 100 91 49 35 71 9 85 92 77 86 54 82 98 46 89 29 79 93 98 57 42 98 91 92 9 47 75 76 68 73 89 92 93 39 28 29 69 92 80 95 61 57 64 12 50 73 100 54 31 93 65 68 98 52 56 12 95 66 74 15 31 59 28 78 89 34 67 36 72 89 95 73 75 73 80 76 56 43 45 78 32 77 26 97 61 71 53 61 46 88 91 90 76 51 87 55 26 83 100 46 49 43 45 55 84 52 69 89 38 73 76 40 90 47 15 70 97 79 96 67 36 94 78 70 80 55 75 37 94 53 79 75 87 76 77 49 89 13 83 53 70 71 75 39 63

73 13 12 90 32 32 58 97 35 57 18 64 41 61 65 41 4 99 39 1 52 27 84 5 5 33 25 42 2 62 26 36 40 27 27 59 44 28 43 37 69 10 21 22 66 8 22 23 49 13 53 62 83 64 60 34 31 43 50 34 57 97 4 21 23 40 34 65 36 61 5 9 22 47 21 6 58 20 37 80 30 58 57 16 19 27 42 86 8 37 32 7 19 9 95 29 30 19 33 61 4 17 12 21 14 8 54 86 3 23 13 38 9 77 8 17 5 50 20 61 62 34 14 84 2 39 52 50 19 5 33 6 32 48 46 13 34 48 68 47 80 35 56 7 41 8 8 40 17 11 40 56 25 54 69 37 19 20 40 27 80 4 77 44 19 56 70 64 25 39 3 12 60 63 38 18 34 74 23 16 8 45 55 55 64 62 27 52 29 2 49 15 53 35 24 18 34 13 14 8
75 65 31 94 66 94 82 98 79 62 78 95 91 69 88 64 93 100 84 86 88 91 95 76 99 62 96 46 50 63 66 90 77 58 66 99 79 91 70 65 93 54 61 70 69 75 58 52 69 94 70 98 90 86 84 53 73 51 98 74 80 99 14 85 79 91 88 96 99 71 18 30 60 56 60 58 99 65 73 84 96 72 68 64 53 44 83 94 69 39 40 43 47 86 99 69 94 36 98 81 49 58 51 49 86 43 99 97 10 79 21 77 41 78 38 44 28 88 74 82 83 57 99 95 24 51 70 85 56 16 54 76 87 89 99 21 84 91 78 87 86 71 82 65 90 9 90 85 63 38 98 100 67 71 76 54 46 76 49 49 96 38 84 89 96 90 91 81 39 63 61 85 87 65 88 78 53 90 55 20 89 71 77 70 84 86 28 57 80 36 85 54 63 52 32 83 93 33 64 26

244 1587 70 286 1039 679 355 336 403 423 633 277 90 200 869 2341 658 1052 628 103 2716 439 728 425 567 457 259 1768 199 2896 56 2993 256 793 57 315 153 375 98 82 274 2551 249 2512 12 968 1866 3085 397 847 105 580 289 107 2468 1059 323 393 1761 991 792 54 377 545 323 1639 804 133 438 1148 105 633 1079 1397 151 399 2968 470 292 713 125 596 892 2031 1048 538 446 1185 1205 1582 1383 364 915 627 2887 1367 512 2599 423 470 1822 232 119 449 1463 229 1034 920 1397 112 252 1324 653 2307 579 577 789 485 117 941 287 291 305 525 3056 954 2028 171 810 109 740 243 602 1034 340 1420 233 948 2086 648 530 35 1368 791 252 1030 358 980 458 1667 359 280 2218 244 214 91 72 220 959 288 1640 619 819 331 2353 221 1376 2638 523 98 687 718 309 397 593 259 462 462 225 374 782 2150 162 222 244 1001 506 824 2518 1761 788 2096 249 192 129 520 830 3664 205 2495
1137 2129 766 2117 1606 848 1971 780 647 1356 997 919 285 560 2588 2461 1807 1792 819 429 3765 1168 2007 451 997 997 486 3588 893 3477 358 3507 730 3361 695 677 1390 679 949 867 532 2885 853 3133 405 1857 3130 3957 1501 901 545 643 710 220 2683 3717 850 1002 1841 2948 2027 114 622 679 789 3400 917 595 1777 2089 1314 865 2752 1573 290 633 3937 1003 448 798 403 919 996 3720 1990 979 802 3329 3103 1739 2303 646 1411 936 3351 3423 1565 3796 435 1673 3868 251 3078 2240 2080 648 1153 921 3238 499 701 1442 1166 2332 940 2650 1001 1672 186 1041 790 781 864 1729 3247 968 3335 599 2815 369 969 836 2058 2933 1035 1586 1042 2204 3269 661 896 668 2537 854 3471 1312 1027 1995 921 3853 374 535 2477 1303 633 224 152 645 964 484 2425 1746 992 427 3676 419 1701 3894 2138 256 1114 721 344 1009 996 588 842 740 1076 687 1997 2480 647 1043 659 3598 565 1875 3997 3683 2152 2417 2073 381 616 886 1759 3948 1780 2507

28 865 31 76 785 495 176 312 348 323 603 203 36 130 434 2289 509 831 384 47 759 412 662 329 317 128 87 1265 144 507 43 2289 197 645 37 211 150 364 88 81 113 1293 141 1364 7 895 1078 2263 207 235 70 366 107 90 936 1041 237 358 1452 857 629 48 263 279 295 1141 735 128 337 485 71 610 534 978 148 282 2332 308 67 377 99 463 205 862 147 466 277 222 1135 826 1339 247 820 541 2165 617 463 2473 254 348 1536 85 118 355 999 6 575 649 1173 16 182 1015 586 1465 474 213 331 434 61 68 77 274 136 370 2860 143 1382 87 416 102 699 204 223 188 106 615 125 898 638 516 367 26 961 521 224 385 248 786 292 1060 193 233 1716 109 88 72 36 33 587 101 1234 603 601 288 1052 138 618 1484 225 29 678 541 221 278 186 230 272 407 223 210 636 787 59 151 150 241 247 589 1460 372 606 1988 239 167 52 484 718 2769 179 2035
25 774 5 7 212 364 72 218 328 67 441 201 28 70 301 649 409 641 38 25 84 290 627 63 307 106 15 484 44 346 35 599 143 644 21 156 57 207 33 77 44 316 128 1076 4 255 654 104 24 77 40 15 96 81 710 895 35 261 396 357 60 9 211 221 210 959 130 4 50 376 64 43 229 369 95 94 933 235 10 65 64 321 172 90 116 115 265 8 933 580 58 224 455 211 1216 143 349 1289 196 239 631 7 95 316 155 3 278 139 699 11 61 768 418 212 105 71 193 344 24 2 27 133 7 287 2830 61 849 28 369 100 245 120 218 98 35 205 5 260 486 107 280 19 263 367 168 118 201 38 137 897 175 120 320 58 81 6 31 2 81 16 386 314 417 49 805 90 263 112 140 5 424 189 85 249 64 104 86 161 10 195 380 57 16 42 106 141 136 155 499 148 384 1216 24 64 23 428 275 1292 26 48
