200 2 2
76 68 62 82 86 28 76 44 83 55 56 46 72 30 78 21 74 19 41 1 45 51 88 3 43 48 82 24 57 73 30 43 83 13 36 42 13 68 34 57 75 62 96 65 18 98 11 40 17 12 73 71 15 31 51 82 79 13 39 82 23 70 82 22 61 9 21 54 93 46 18 15 71 80 27 71 64 94 45 32 32 32 75 100 66 90 23 97 1 45 88 93 51 76 3 75 43 96 37 24 20 6 85 71 62 69 47 62 60 92 24 90 40 89 63 29 16 100 65 3 87 83 6 82 5 12 42 6 50 46 61 88 49 83 88 91 50 16 28 60 69 10 81 54 55 75 19 44 21 55 1 76 44 59 63 35 13 65 99 74 95 79 17 42 86 35 75 77 19 89 57 75 85 35 26 12 20 68 11 32 14 1 28 12 3 66 13 75 52 66 77 84 35 37 22 51 99 83 70 23

19 9 55 79 63 4 12 64 57 45 10 22 65 3 76 50 12 19 85 49 32 21 12 43 25 54 2 49 17 57 33 64 17 8 37 5 43 50 30 1 46 34 38 74 4 41 23 5 8 31 53 46 55 7 25 20 33 9 14 46 11 1 27 31 27 22 60 25 80 41 27 13 25 18 24 76 17 11 23 43 2 7 6 24 26 28 63 9 2 48 19 27 2 14 6 33 6 49 39 9 31 7 24 6 71 18 74 66 52 8 80 13 75 86 6 9 76 31 82 23 28 30 18 49 4 82 20 57 90 76 28 29 3 2 79 2 9 3 47 63 2 15 53 14 35 14 20 56 17 97 30 62 69 72 66 12 20 76 68 33 41 62 6 4 17 44 13 3 49 91 18 50 68 12 29 16 79 27 44 44 56 2 12 14 14 18 49 5 37 50 19 46 5 9 8 49 3 24 8 40
68 33 65 84 73 97 55 67 69 52 42 73 66 94 94 96 15 99 98 95 88 47 32 61 86 90 87 95 34 94 63 92 44 47 49 50 59 91 47 82 54 63 68 86 32 61 69 99 30 64 84 50 64 87 97 100 100 17 48 62 17 4 58 40 59 31 82 38 95 100 93 100 73 66 73 98 53 41 25 85 89 54 34 78 67 75 93 84 59 83 62 43 71 86 55 81 94 57 99 53 50 89 26 65 84 68 98 85 80 96 88 65 92 100 72 21 92 40 85 75 58 31 84 60 68 83 86 86 97 99 47 49 3 24 93 58 45 43 54 96 17 59 95 89 84 47 46 65 90 99 81 81 71 77 78 77 27 86 99 42 58 66 7 51 19 91 56 18 73 96 22 65 94 63 45 31 86 77 95 88 70 48 92 73 92 92 78 6 63 56 76 48 57 53 77 58 8 93 69 79

65 55 7 7 38 14 58 17 18 55 72 10 20 7 16 39 48 27 7 31 19 23 44 9 81 77 5 34 55 81 14 61 37 41 75 38 5 83 1 11 22 1 8 49 6 7 59 31 25 33 45 34 27 57 21 48 66 38 42 31 13 37 79 51 34 65 28 74 63 22 17 11 58 49 22 29 5 22 42 77 28 3 79 41 3 75 1 10 30 40 53 20 6 33 45 51 14 11 79 33 41 12 44 65 65 19 32 77 9 41 8 13 15 5 9 9 37 31 14 74 7 59 42 85 62 54 20 11 39 13 10 46 79 3 27 41 29 14 50 2 1 36 2 15 15 10 26 39 2 48 65 9 80 3 59 28 45 22 8 72 8 24 10 3 3 34 26 20 1 38 38 19 30 34 47 13 49 43 12 10 39 25 56 11 3 8 4 70 14 87 57 52 70 24 7 18 57 45 35 38
87 82 41 68 48 93 80 69 69 81 98 86 68 20 54 91 76 50 73 97 32 86 93 49 97 83 30 90 85 87 18 70 66 55 98 85 44 89 20 58 63 57 74 81 79 60 65 48 71 89 89 70 73 94 64 63 67 50 79 41 56 77 99 100 89 73 82 78 88 39 72 24 71 62 62 81 83 96 92 78 37 46 92 74 87 76 85 12 95 58 79 21 98 92 89 92 36 43 85 43 90 32 88 92 76 37 73 90 85 88 28 82 44 75 23 29 84 97 64 89 17 82 46 85 91 81 50 29 85 25 31 59 95 87 37 45 77 77 83 87 32 73 65 32 41 72 48 44 9 68 92 25 96 25 90 68 63 66 19 72 28 27 83 7 61 75 79 56 22 72 56 24 35 86 56 92 94 63 32 40 58 79 73 67 8 23 84 74 86 100 77 72 92 75 84 71 70 71 59 48

108 1814 1553 481 824 151 883 1359 192 656 470 650 218 796 181 907 82 1563 522 441 557 488 1227 500 1509 854 169 562 444 275 440 1863 2884 377 97 1460 541 913 2468 330 335 1229 1897 253 2449 474 441 604 34 223 914 735 23 913 1050 144 348 2521 588 93 1087 483 2102 416 821 426 1816 645 1305 99 88 2120 1335 187 247 611 1664 196 126 1658 364 1171 512 268 818 1813 558 1938 611 1619 2671 320 2152 150 352 352 1010 308 431 261 1211 616 2878 467 892 1306 272 89 397 415 196 493 123 2678 697 76 96 400 407 143 907 289 800 1491 81 630 1285 1807 51 781 124 1105 1108 561 908 961 596 113 327 298 109 502 658 691 291 2072 265 753 1518 402 612 176 1558 75 997 1087 611 818 369 101 236 396 500 498 1608 1196 259 573 1176 331 342 566 1061 95 61 284 900 421 407 556 659 285 629 3433 911 305 173 393 235 1571 263 728 189 239 2916 1243 1156 1853 3987 2930
568 2461 1894 912 1006 624 1393 1889 735 751 1333 3515 1518 868 2167 1012 1387 1751 1535 3496 777 1615 1338 690 4011 1364 2587 1677 1003 375 910 3919 3518 675 1783 2010 3537 1797 2890 1052 1118 2581 1976 978 2522 1864 1131 888 3695 740 1095 1011 39 1055 3621 785 891 2973 1006 341 1142 1466 3807 821 2009 2984 1981 1521 1540 955 314 3416 2544 1012 925 991 3772 1407 1968 1814 394 1716 1870 647 906 2023 986 2011 750 1839 2740 766 3502 1083 1468 774 1995 3724 834 1008 1387 911 3791 1022 1053 2649 1800 219 447 840 665 932 1569 2861 1059 524 2328 776 424 744 1865 3015 1438 3365 2112 3751 3170 3451 134 962 452 1645 1939 813 1009 1386 624 1836 1018 558 1556 731 942 1295 857 3715 744 3150 3440 614 857 373 2002 2007 1056 1487 664 1032 775 349 1854 2364 1657 1945 2169 2928 1041 1494 1748 414 696 1057 3616 3940 780 623 917 948 540 823 1006 854 1588 3847 3123 816 405 1075 939 3028 389 1415 611 395 3950 1561 1557 3456 4060 3211

95 1645 364 193 370 67 425 1351 169 652 451 213 114 740 90 595 20 508 428 393 413 156 859 421 1484 781 40 556 431 100 213 547 1177 274 95 1200 463 863 1614 296 265 273 515 193 662 428 382 348 32 79 598 596 20 886 279 44 287 1753 348 7 656 368 1715 321 418 182 1457 355 932 65 46 1802 1038 21 98 405 1035 168 113 604 107 796 347 230 82 1615 493 1787 99 800 913 180 184 85 178 206 935 258 418 211 414 387 1619 324 316 564 245 51 284 167 192 320 25 1429 430 60 94 370 175 130 824 176 728 1363 55 528 554 1129 44 550 89 507 774 210 547 692 573 60 323 264 78 323 575 641 143 2059 263 375 455 387 466 120 1441 69 918 709 225 783 247 71 126 221 328 329 272 829 179 247 496 184 266 310 663 23 50 161 863 208 286 300 444 120 499 1226 522 261 133 208 220 1524 254 335 34 151 1085 874 570 1234 2435 577
14 498 93 66 56 30 27 79 158 6 21 157 44 261 2 254 9 225 266 232 6 102 687 377 483 248 14 314 212 96 212 235 28 271 82 448 450 119 960 252 98 133 321 90 522 364 370 224 19 12 553 502 4 84 172 15 215 1189 339 6 330 295 53 177 104 105 562 114 715 60 18 840 100 11 62 253 413 82 103 494 7 371 92 88 7 352 129 18 36 179 60 146 123 42 166 142 813 98 77 27 59 328 973 121 188 168 88 18 160 139 118 282 18 759 343 55 47 135 69 83 241 38 558 548 46 308 54 319 9 106 42 59 310 122 112 260 474 58 196 65 65 20 334 608 5 212 186 372 85 66 232 10 1194 55 630 302 123 460 53 7 124 194 216 231 198 215 77 201 49 23 50 282 256 14 39 2 262 197 250 98 414 5 383 1105 263 111 63 183 25 283 223 282 3 60 378 496 213 362 2132 73
