200 3 1
8 75 96 32 24 90 58 13 6 25 12 47 71 77 25 67 77 78 76 81 78 93 18 48 43 43 50 92 24 98 63 3 21 73 71 98 91 82 87 43 41 26 41 39 11 83 66 26 39 58 50 35 9 25 7 89 72 25 51 94 59 66 29 97 100 78 7 75 61 50 74 76 44 3 83 11 92 38 95 27 54 83 4 24 62 86 47 41 36 20 80 58 36 67 24 26 32 15 20 56 77 23 5 27 41 99 18 89 65 71 24 79 18 99 12 37 57 33 6 31 36 44 70 69 33 4 65 98 57 55 78 47 19 55 82 60 89 10 66 60 83 94 70 66 30 9 85 46 46 74 31 79 32 45 69 13 94 34 57 65 96 100 46 4 87 99 48 27 31 50 49 72 49 70 40 79 41 2 21 6 9 1 44 33 58 84 25 58 62 56 74 50 87 73 3 26 75 23 26 13

66 18 5 6 2 30 28 55 8 5 3 8 19 50 11 19 29 54 43 43 16 24 21 3 71 13 9 12 7 17 22 22 9 47 8 69 44 14 13 10 12 44 28 10 60 30 32 2 32 7 33 18 7 26 16 3 50 31 53 41 10 5 8 57 14 29 25 1 3 21 6 23 2 14 56 18 55 49 42 8 58 56 56 28 9 25 15 49 18 14 16 14 5 20 51 64 11 27 17 14 22 25 26 28 11 11 14 1 7 30 70 41 10 8 22 39 53 17 53 18 21 71 3 44 18 11 40 15 14 38 25 25 3 21 22 22 2 12 43 45 27 45 10 13 16 5 23 48 48 31 21 74 1 21 43 7 27 78 35 67 12 47 6 4 16 42 54 4 33 7 50 21 8 5 18 83 21 29 44 10 42 21 40 36 9 8 23 6 18 20 50 38 23 11 41 34 19 6 9 14
86 20 22 49 31 42 65 68 74 12 34 12 85 61 13 35 32 65 58 76 40 62 33 50 83 51 35 32 48 48 49 47 57 56 10 81 57 32 18 63 57 71 52 83 70 32 49 14 44 56 94 53 35 33 23 33 53 68 71 48 39 35 19 63 27 70 59 58 24 54 63 54 32 47 58 88 66 71 58 65 96 72 67 45 15 27 74 63 79 27 44 21 79 77 98 78 84 31 36 35 40 30 42 82 47 45 38 28 16 35 93 46 13 15 46 87 69 87 76 48 39 72 38 53 51 18 48 55 15 43 76 63 9 43 33 66 11 83 62 50 40 80 77 73 89 11 53 50 67 67 29 95 39 31 48 17 37 88 55 94 47 51 76 59 51 44 65 15 46 31 68 43 60 61 81 83 34 34 79 27 72 42 62 85 40 13 44 9 44 21 66 39 81 21 45 46 26 14 19 30
87 36 87 86 86 43 74 83 89 69 92 38 95 66 17 47 94 77 93 78 95 93 35 66 84 59 46 42 56 94 58 59 75 85 77 84 80 64 73 82 99 99 85 89 72 45 53 79 64 74 100 67 62 82 42 58 56 94 72 51 50 55 77 91 71 79 75 59 77 82 94 74 45 79 69 100 95 81 93 83 97 87 74 73 69 33 81 75 83 58 68 59 82 96 99 84 85 76 69 89 51 30 91 83 56 87 44 95 90 44 99 47 31 27 61 99 82 96 83 82 95 88 48 92 71 43 83 99 62 71 95 86 44 95 54 70 38 96 98 58 81 87 93 78 94 14 59 57 85 68 39 96 71 84 59 78 98 94 56 97 68 74 92 94 93 60 88 74 51 42 80 58 72 100 88 96 45 41 87 33 94 87 95 87 88 62 96 54 80 68 82 57 82 29 87 81 90 50 23 57

19 25 92 28 79 97 89 25 30 41 56 68 86 28 87 89 68 80 60 76 100 72 6 70 15 61 13 25 43 97 71 3 4 44 33 23 21 44 98 19 22 68 17 98 47 85 14 76 4 37 61 43 21 85 52 87 21 9 73 56 8 76 4 15 47 16 61 50 13 78 2 3 57 2 1 27 25 91 62 26 57 39 65 32 89 33 75 60 56 32 77 22 50 66 33 58 56 62 100 30 53 45 24 76 42 35 16 51 15 85 53 29 67 28 17 11 25 33 49 56 75 87 65 86 81 93 39 37 53 15 38 83 58 26 54 35 64 49 65 93 16 84 90 92 8 3 37 22 59 26 83 8 52 72 42 25 75 81 70 27 11 63 92 94 99 76 67 86 73 57 69 56 20 10 63 72 66 39 51 90 41 3 89 41 57 25 35 68 96 45 51 23 84 47 47 24 85 94 22 28

418 363 1254 943 394 1825 510 533 264 298 92 907 884 558 509 258 1168 443 900 185 2794 711 2716 837 458 540 332 991 790 415 66 27 849 80 398 662 249 291 2499 2931 87 809 216 815 394 1613 411 288 229 1173 61 593 217 101 424 723 186 438 663 207 605 356 626 138 349 248 1343 304 85 351 563 290 212 106 2820 343 241 1630 179 120 272 233 1601 1054 122 1508 334 299 152 130 152 667 52 257 156 769 145 311 1180 1483 3098 304 184 462 71 881 68 940 364 142 1211 160 1368 1542 504 1337 195 1315 1276 207 496 1583 508 1454 411 489 326 126 830 329 1759 139 214 1073 1047 62 125 805 447 1352 298 2172 1479 74 272 917 368 531 490 458 779 445 373 1165 172 121 472 983 1744 538 194 1064 237 397 373 178 219 453 495 329 437 233 1213 664 96 1387 141 880 68 481 50 470 810 1364 1801 324 1449 555 868 718 149 2114 368 384 198 1993 494 439 110 472
717 411 1618 2213 1024 2970 1246 807 1186 754 356 1676 1381 574 1219 342 2046 1989 1032 457 3403 1340 2940 2319 751 587 1879 1013 1570 920 532 368 1785 276 638 3211 642 368 2835 3317 410 1779 663 1081 1013 2584 2916 355 237 1384 70 824 409 388 1182 1064 1258 3532 3305 434 711 703 1286 300 355 1009 2078 2945 1115 816 801 1641 430 801 3222 373 256 2032 415 320 1415 274 1928 1493 311 2284 361 904 348 668 1781 875 144 338 189 821 335 1139 1471 3215 3812 1328 830 1336 1065 1216 283 1246 677 702 1355 279 1776 1764 885 1345 3229 1561 1425 2489 1077 2046 684 3642 570 1169 1489 553 2829 704 2860 974 287 1241 1579 2061 950 960 544 3049 395 2482 2685 272 585 1933 476 1184 623 537 824 667 443 1781 515 546 1355 1401 2949 1518 678 1180 436 758 452 1401 2068 648 637 840 1070 265 1341 917 1663 2197 930 1642 190 1065 394 1970 2365 1667 1908 472 2908 1098 1771 1041 502 2702 1892 781 1172 2353 1223 479 266 917
940 856 1620 2974 2009 3384 2012 1388 3271 2400 403 3489 3220 1293 1604 706 2602 2037 1545 556 4035 1574 3638 3320 928 797 3665 1436 1724 1089 1002 579 2001 804 1157 3585 777 542 3565 3561 3836 3368 994 1108 1217 3913 3004 913 1356 2845 261 1823 669 615 1415 2768 3991 3605 3833 1726 747 718 1892 811 887 1440 3492 3891 1381 1041 1028 3058 824 819 3368 643 950 3913 993 454 1956 982 2565 3711 850 2994 893 1651 688 1358 1857 922 3008 448 524 994 584 1953 1835 3763 3881 3107 893 1895 1204 1765 602 1538 1394 2972 1914 283 3903 2070 1668 1473 3737 3285 1927 3784 1621 4042 1899 3643 812 1940 1495 1274 3786 2728 3303 1192 515 1816 2074 2544 1807 1145 1024 3426 693 4066 3257 1084 723 2296 870 2799 1957 931 887 3518 503 3666 900 872 1469 3065 3145 1925 740 1532 542 1253 1021 2088 3548 2008 975 859 3564 709 3216 1003 2005 2361 1492 2007 1017 1435 727 2777 3308 3652 2669 804 3488 1132 2997 1049 962 2937 3782 899 1429 3554 1690 992 472 1506

156 88 918 704 280 618 368 447 82 164 60 161 376 554 168 249 961 41 531 1 452 424 275 50 176 257 238 302 740 294 8 18 726 28 228 471 234 127 351 770 49 222 207 739 9 1302 230 2 24 871 55 97 191 37 266 660 149 77 508 43 116 261 245 88 153 63 812 90 48 305 295 257 152 53 949 303 173 930 166 61 19 105 587 369 62 1237 58 99 64 107 150 156 18 239 48 280 109 166 707 761 3035 103 83 331 26 400 35 208 41 132 466 109 713 1253 177 1317 71 156 882 184 232 1574 306 1329 408 418 309 89 148 96 794 55 121 112 1011 9 21 665 216 1247 170 1096 210 15 135 559 79 54 113 432 32 267 179 906 171 78 180 142 1665 335 72 396 81 246 151 147 148 198 118 176 129 114 660 628 1 842 125 131 20 231 34 69 116 705 253 13 1443 406 78 399 49 60 30 36 87 109 75 253 1 311
