200 3 1
45 52 90 29 25 56 91 68 12 26 27 84 3 30 69 54 26 17 50 8 47 23 42 100 63 22 73 37 2 25 11 26 100 73 12 28 72 45 23 10 58 2 54 85 41 62 43 40 61 74 69 72 22 51 12 22 50 99 36 56 4 49 84 3 71 44 41 85 78 91 68 10 7 70 19 66 77 78 62 51 11 100 21 7 61 43 64 32 50 25 62 69 92 95 75 16 21 83 50 86 20 18 25 37 85 76 79 76 41 57 50 23 55 78 86 44 76 77 72 64 83 88 31 79 39 36 31 71 76 9 41 58 80 92 84 46 19 10 66 81 60 9 59 9 58 26 5 14 18 67 29 72 71 98 24 10 18 94 13 85 34 36 6 75 70 66 17 34 6 59 37 90 65 95 49 94 89 18 49 86 54 68 80 25 72 66 71 6 19 42 50 90 23 99 95 10 20 80 87 78

6 12 28 19 13 4 4 33 54 1 4 15 14 30 16 19 16 11 59 43 11 10 15 21 14 38 4 4 9 16 10 21 9 35 23 5 88 5 28 17 20 22 52 42 16 50 53 39 16 51 14 45 37 4 11 29 31 38 43 63 34 6 9 3 1 36 8 45 5 41 68 7 4 20 36 25 35 2 2 26 51 23 9 15 33 22 62 22 63 21 58 22 6 58 43 3 95 71 42 8 37 9 47 46 28 25 83 17 5 35 7 13 33 18 8 26 46 6 21 18 13 43 49 59 16 3 13 46 16 61 15 4 18 27 19 25 36 46 8 3 42 3 14 18 23 34 7 43 9 35 1 60 41 38 11 6 29 11 2 48 11 28 21 26 6 28 6 8 54 36 47 6 33 35 60 17 22 9 8 53 20 39 35 60 21 10 27 56 50 9 11 2 21 15 2 12 2 8 9 19
62 49 35 40 35 15 44 47 57 60 43 23 56 78 41 28 37 23 61 86 41 23 70 23 88 62 46 85 42 49 39 34 31 39 31 73 97 22 54 55 65 60 72 60 71 80 63 83 19 59 28 74 37 4 20 31 38 63 50 76 86 51 28 19 55 38 56 76 69 63 77 50 22 65 92 80 55 21 52 44 60 32 53 40 41 34 80 64 86 24 72 25 29 86 82 17 96 83 53 81 89 38 68 61 44 34 88 30 67 84 60 58 63 48 84 44 51 8 62 84 36 54 58 75 28 20 79 51 32 82 53 38 80 31 36 52 38 59 14 10 61 19 21 47 30 82 23 62 84 40 17 68 48 70 26 78 35 40 14 74 55 34 51 34 42 37 53 27 89 68 59 44 45 50 74 24 36 32 21 84 20 55 48 66 49 88 59 60 50 30 17 3 46 28 84 73 18 46 25 32
85 85 37 87 60 38 100 91 69 76 65 52 67 99 96 65 87 26 82 100 54 83 80 31 100 66 74 90 94 80 100 95 40 65 95 79 99 72 85 55 66 84 83 78 100 81 83 93 87 77 62 75 62 54 77 48 88 73 76 92 100 86 74 54 58 50 96 99 84 99 95 100 48 86 95 89 75 81 61 68 98 89 79 65 47 90 93 88 87 50 88 30 96 100 99 79 100 95 90 84 98 98 90 86 71 59 96 90 97 91 60 74 91 65 92 82 58 76 63 84 62 68 80 82 91 51 96 54 98 89 81 88 91 55 79 66 52 93 25 28 94 36 91 71 51 99 25 81 85 57 51 72 98 81 89 94 59 54 64 75 75 60 88 66 62 95 88 70 97 89 85 85 73 52 89 27 75 74 29 93 31 83 58 94 63 92 93 84 98 59 93 21 75 61 89 81 86 70 54 46

55 100 68 23 27 26 65 51 2 2 68 47 71 44 12 83 55 57 14 7 73 89 67 5 44 44 66 12 16 23 2 50 50 86 6 74 85 96 88 68 44 40 24 39 72 89 8 59 64 78 4 52 90 57 84 90 61 70 17 82 27 78 27 68 54 55 94 97 14 62 15 76 68 5 96 75 83 12 82 2 68 15 36 70 28 75 6 100 83 99 87 90 74 61 76 71 69 21 28 85 95 4 59 17 9 91 9 8 24 59 16 61 28 60 4 71 65 98 5 52 67 36 68 2 37 60 53 83 83 22 99 61 36 46 76 41 79 7 33 24 16 36 37 30 72 99 41 82 45 45 69 8 41 46 29 29 79 40 68 23 96 53 43 89 81 8 61 20 36 20 48 69 1 60 44 38 70 69 69 17 35 86 27 46 82 60 95 1 6 58 3 56 71 69 20 79 8 92 11 74

610 264 990 701 39 939 944 2695 241 366 182 634 1292 362 1226 65 1730 502 1012 94 252 60 148 436 811 1136 154 661 106 893 1204 69 1312 1132 336 270 292 1732 360 423 247 1668 895 1730 695 420 60 543 78 1107 1252 1083 551 747 69 200 925 1479 2859 241 28 1240 1505 80 2117 1662 216 165 900 390 345 635 121 277 411 91 382 620 404 385 841 658 689 472 355 1976 489 836 1219 91 1249 1069 175 563 678 266 337 305 100 103 116 18 434 1007 309 1014 927 352 146 1345 2152 1398 163 281 232 866 227 449 445 990 200 742 131 1521 97 1058 810 73 81 81 1526 830 1557 932 502 1612 22 579 1519 840 2039 374 319 782 1470 1028 271 1071 256 710 418 517 855 398 1266 778 165 481 704 786 240 303 1048 426 1682 498 435 283 248 724 140 400 143 147 305 164 179 258 200 98 225 1098 1259 650 315 213 173 48 1056 636 1215 1342 143 228 155 331 321 703 533 134
886 686 1682 1995 1131 1253 1089 3167 796 3107 227 1350 1478 746 1509 104 1731 903 1633 296 1288 1805 918 1803 876 1147 355 777 238 2256 1515 354 1350 2110 687 623 898 1904 1884 706 252 2821 1778 1773 1094 502 274 3521 512 1361 1281 1195 1005 1464 1166 247 3414 2561 3128 587 567 1339 1901 93 3351 1748 635 488 921 1532 952 2981 553 586 422 1699 702 729 433 537 1461 889 2761 1144 1125 2204 2772 923 1370 99 2042 3609 204 1605 1015 589 542 453 861 2178 338 713 910 2914 1260 3170 1158 509 520 1674 2165 1442 622 863 856 1062 540 638 655 1790 680 1234 678 1539 179 1463 1953 599 146 438 1624 1417 1889 966 1332 2176 2830 807 2057 1568 2178 876 816 1430 1899 1101 553 2142 471 1950 783 1108 1931 3043 1355 994 1585 812 2554 869 266 481 3519 467 1915 1680 551 506 334 809 1099 727 261 636 492 2344 666 796 328 141 1629 1504 3552 653 1426 437 1307 381 1304 1222 1273 2670 288 1252 384 645 1225 787 533 144
959 1735 2402 2515 1759 1312 1926 3535 863 3471 446 1458 2105 1769 2039 1050 1748 1421 2036 1032 1956 1867 1082 3484 890 2866 874 861 731 3243 2111 942 2809 3647 1497 837 1026 1944 3770 779 1299 3045 1868 2104 1870 1632 715 3528 698 2882 2492 3831 1123 1687 1431 935 3444 2570 3948 982 701 1790 2047 1294 4041 1818 987 1039 1047 1864 1921 3262 967 900 864 2038 969 1842 985 916 3580 919 2922 1461 1205 2298 3461 3930 1892 219 3910 3931 739 1816 1018 960 757 791 893 2496 504 895 1712 3086 1937 3561 1263 595 702 1921 2283 1451 658 1005 878 1419 1993 678 1017 1904 1429 3846 816 2022 252 3329 4009 1392 584 2039 1768 1672 2017 1147 2647 3107 3729 1730 2812 1859 2971 954 1668 1675 2873 1639 689 2361 873 2878 2746 1405 2016 3588 1540 1616 1872 1906 3190 1082 430 2005 3569 901 3617 1845 897 633 2545 942 1612 954 921 2714 499 3593 814 909 918 801 2918 1865 3969 739 1746 2255 1605 1859 1489 1740 1919 3202 327 1873 813 1312 1439 892 952 976

421 137 733 450 27 15 219 1933 93 310 179 294 721 82 1223 29 1428 98 677 90 43 27 57 374 498 566 30 162 38 623 1022 14 1080 663 131 215 179 974 195 132 84 124 463 258 5 28 3 460 75 739 474 407 290 543 11 57 82 265 1094 56 10 913 585 61 1914 891 199 49 67 11 41 236 62 272 178 74 370 480 361 290 577 102 69 389 63 1082 358 271 1214 82 532 396 60 81 303 83 108 294 71 102 48 2 355 671 259 680 66 94 123 161 1306 695 35 1 24 273 157 433 421 570 116 182 66 29 16 191 38 30 58 68 508 736 1361 122 192 477 12 378 652 552 1986 327 261 206 24 737 28 54 187 163 5 136 139 313 1138 18 27 389 433 168 168 90 716 151 697 439 30 276 48 95 4 193 123 101 89 127 16 162 121 39 120 195 1000 636 105 116 156 35 93 512 428 1334 74 134 54 117 36 395 308 34
