200 3 1
38 71 100 30 100 57 30 55 40 39 84 32 53 54 63 24 7 82 32 11 58 66 85 10 5 31 25 95 46 70 35 32 59 25 39 56 54 82 51 71 86 23 23 93 57 64 35 1 81 68 81 68 67 77 74 40 84 80 81 78 34 70 48 37 8 12 39 19 86 29 97 88 95 17 57 12 40 47 61 2 51 46 6 98 63 64 47 84 39 69 58 48 93 11 34 87 25 32 10 87 39 71 50 42 46 68 29 34 88 49 81 32 81 52 58 43 68 30 39 61 26 47 31 86 89 49 95 69 76 100 61 9 11 97 12 67 65 6 25 9 90 23 14 60 19 46 69 98 7 56 100 83 28 86 14 64 21 9 34 12 41 65 10 75 55 46 33 59 91 31 100 8 49 86 67 31 93 29 35 90 47 13 12 15 85 67 75 88 10 77 80 58 99 9 51 57 29 5 40 53

11 7 36 26 4 23 20 40 62 3 49 29 1 71 69 1 12 25 50 59 30 27 32 25 13 14 16 52 9 52 39 8 21 14 28 24 25 24 35 14 6 7 16 1 28 28 13 5 21 9 77 46 47 14 41 77 4 1 18 5 34 4 18 9 50 4 8 16 54 17 67 40 29 10 1 40 8 14 16 52 35 30 67 10 26 15 32 27 1 22 69 46 11 32 16 19 25 39 27 29 23 28 9 5 3 62 1 3 57 22 9 6 13 70 2 54 19 44 20 15 3 70 10 26 33 9 20 41 21 2 47 50 6 66 10 24 5 46 29 30 15 32 8 49 20 49 33 28 22 28 63 14 38 27 6 3 22 7 53 8 1 51 11 52 29 14 10 1 9 28 59 4 25 66 34 77 4 5 38 1 17 75 34 32 3 11 6 44 26 34 60 10 30 64 13 18 7 16 18 18
37 21 96 65 23 26 70 88 75 46 96 63 61 89 74 55 46 44 50 80 64 44 39 47 77 79 80 64 23 68 50 29 38 47 40 48 52 59 62 34 34 71 33 24 39 35 78 7 25 43 82 72 82 23 84 83 8 38 19 15 34 36 22 9 67 58 60 76 57 33 69 50 41 38 24 68 13 63 31 70 39 77 79 59 92 38 70 51 46 55 78 92 53 84 34 76 67 63 74 51 71 39 38 94 29 69 66 20 77 37 19 78 13 80 39 61 24 60 26 30 28 89 56 27 35 26 21 85 52 27 58 58 48 66 71 93 19 66 67 36 19 58 24 56 36 85 37 48 33 34 65 68 45 60 11 12 44 27 76 26 52 89 42 58 68 74 16 16 30 57 83 18 60 71 65 81 57 74 47 39 29 77 45 42 37 13 78 64 51 77 84 21 67 94 27 29 46 41 44 55
82 88 99 98 57 100 91 91 76 81 100 89 83 90 84 96 52 89 57 95 100 49 57 82 100 84 82 81 56 80 94 49 51 47 99 98 83 71 87 72 47 97 89 95 96 78 90 30 68 75 84 91 96 100 100 87 29 76 65 88 35 47 29 27 78 70 70 84 97 53 87 77 53 61 38 75 49 94 54 72 82 84 96 89 99 67 76 69 47 66 96 94 90 96 79 79 89 96 90 95 91 65 41 97 85 97 93 46 97 96 64 93 32 95 58 94 97 82 50 53 41 98 99 80 87 50 22 91 84 28 82 66 90 80 89 94 40 85 90 42 96 72 76 84 67 88 75 80 69 34 75 87 56 80 72 23 83 81 90 97 61 98 77 84 99 79 68 66 65 82 95 51 85 73 94 83 75 94 68 82 67 77 61 70 50 71 97 84 84 91 90 40 83 96 42 49 51 44 84 90

63 72 24 48 54 39 57 63 10 25 84 54 65 94 15 22 74 34 46 10 58 13 2 72 26 8 99 75 44 7 39 67 65 84 1 3 94 83 91 15 15 78 94 17 25 79 93 80 5 77 5 57 37 97 44 69 75 9 39 97 9 99 63 13 39 91 61 29 43 3 85 23 26 38 92 96 68 42 20 94 3 85 75 58 26 28 96 78 38 74 44 62 36 34 88 50 41 46 45 13 20 83 50 3 96 78 89 67 9 82 36 19 69 90 47 79 82 66 72 10 99 19 60 34 96 51 22 48 1 28 17 47 92 35 10 17 22 65 54 72 26 32 73 17 98 18 70 12 95 45 92 84 28 33 79 81 94 6 89 27 12 1 32 8 29 75 42 93 12 13 79 9 30 23 45 61 17 95 27 36 80 41 15 51 93 62 94 25 36 47 91 11 11 46 35 49 48 6 69 42

46 482 358 229 167 538 1093 353 1086 698 149 66 899 734 566 1962 12 358 305 741 59 335 301 63 918 152 280 2406 1870 230 279 288 1522 426 393 967 807 159 722 292 90 261 1932 314 1225 798 301 93 134 169 222 1743 2556 173 273 193 214 111 156 176 76 1710 134 1383 607 2001 1094 665 449 228 1553 2257 541 141 98 106 2558 121 386 827 1559 572 23 1015 1750 575 54 569 52 1041 1723 654 1141 37 715 463 282 447 1517 2460 500 282 617 525 78 273 224 950 259 213 209 795 371 742 1162 2557 588 555 362 2690 1199 768 1318 322 354 658 1307 415 543 469 387 378 98 1365 786 74 607 1026 796 1090 207 1702 1468 1783 471 629 477 374 172 102 1168 277 564 480 499 82 1043 1561 394 28 176 138 710 131 462 144 228 257 1612 707 281 519 320 1267 1253 210 293 147 645 581 2625 153 47 37 1708 175 195 168 16 425 242 661 551 763 1004 153 562 563 1841 1383
399 644 375 691 237 593 1181 799 1411 3086 837 243 1010 1700 901 1991 628 397 652 971 114 335 469 390 965 429 295 2580 3192 629 460 462 2317 1099 1029 988 1796 668 1151 2883 561 927 2723 323 1296 1078 869 2555 562 184 251 1867 2954 540 418 349 667 753 716 208 142 1988 201 1768 1091 2037 1521 1401 828 257 3109 2316 898 337 1317 773 2675 537 558 1064 2757 2299 24 1330 2016 1635 485 951 1755 3580 1928 705 1952 324 2675 564 387 789 2211 3395 537 994 1131 664 375 540 874 1875 275 1025 773 873 839 1207 2214 2924 1319 792 1380 2970 1498 2314 1493 598 609 1439 1359 1295 810 738 2926 600 344 1370 1264 1398 879 2927 1543 3769 1926 2193 1736 2286 2071 929 589 982 230 250 1276 409 2280 1863 2881 241 1372 1645 500 490 758 524 1480 715 842 200 477 1004 1691 1955 812 806 534 1810 1744 1428 1186 349 831 1785 3333 229 483 815 1771 906 534 422 480 656 340 886 2506 1740 1386 726 1229 3505 2009 1414
714 1510 1069 892 783 656 1406 1212 1810 3434 1937 492 1219 2862 3157 2321 849 572 901 983 158 694 871 511 1183 2939 352 2738 3431 1041 674 684 3366 2058 1443 1122 3944 741 3575 3972 835 1351 2801 563 1503 3429 939 2628 767 647 335 1877 3558 720 964 781 879 956 988 686 772 2629 973 2305 1147 3226 1773 1791 1012 917 3571 3024 1497 932 1804 997 3592 894 761 1775 3154 3470 663 1398 3410 2256 921 1934 2164 4020 2708 928 3730 395 3202 965 1689 868 2796 3922 1443 2683 3173 818 480 1014 1002 1975 847 2030 871 1011 975 1441 3562 3519 1871 991 1812 2978 3100 3886 3069 1022 614 1440 1831 1884 856 1655 3322 756 353 3337 1457 2054 2892 3056 1734 3942 1943 2846 2456 3844 2448 1080 1807 1838 747 342 1417 749 3624 3213 2945 1187 1838 1956 572 1156 999 715 1992 748 1508 453 519 2978 3192 2679 866 842 1590 2072 2010 1931 1871 543 1627 3989 3681 484 587 1483 1926 1014 727 885 739 865 502 903 3940 3730 1832 868 1964 3824 3525 1835

18 410 122 200 14 336 169 107 312 255 79 48 48 189 157 1388 11 100 126 324 29 189 221 31 681 4 125 2286 940 209 157 57 635 80 112 470 169 132 40 24 39 129 1036 140 1079 172 169 13 75 11 46 48 1224 32 259 153 42 6 119 75 33 1547 124 54 106 84 712 624 319 25 1485 1513 66 38 55 3 1787 102 248 405 1410 209 10 581 742 98 44 222 18 298 1055 21 563 23 443 94 152 91 546 469 260 76 194 146 63 102 28 153 128 50 143 760 72 408 299 1297 509 485 1 2348 239 210 238 106 272 294 859 162 478 356 221 137 43 836 620 34 500 658 750 189 139 983 1253 220 238 249 221 322 105 98 811 16 83 415 38 72 118 257 6 3 159 38 526 11 194 50 227 23 689 124 241 143 220 538 692 174 292 95 407 367 2468 78 13 13 1412 99 165 158 5 167 13 540 144 753 999 89 511 157 794 1240
