200 3 1
54 35 4 23 50 23 54 88 5 87 91 43 20 3 67 37 20 61 93 74 58 43 94 37 42 51 56 10 21 85 42 81 33 33 78 31 17 25 64 36 30 39 58 100 89 88 64 51 8 21 97 5 71 84 54 12 41 29 71 36 26 30 22 54 38 67 75 49 36 33 40 41 78 52 66 77 8 68 85 8 71 61 64 6 20 79 48 10 73 71 87 86 35 35 61 34 96 22 64 47 100 22 6 19 7 92 4 70 90 99 19 34 95 83 44 6 33 88 91 46 27 72 71 87 78 37 36 15 96 99 12 60 95 36 48 94 4 28 28 79 48 24 98 67 64 50 48 7 22 41 99 19 43 44 10 40 15 46 63 26 32 5 6 80 91 98 13 27 24 18 82 3 39 36 31 7 86 92 56 25 53 55 34 50 83 64 25 4 63 75 94 69 16 50 80 31 35 36 14 55

18 9 6 2 41 56 19 14 11 36 21 41 12 39 8 7 20 8 18 59 9 42 26 13 13 28 2 40 2 63 2 48 25 3 51 8 47 9 2 15 9 7 6 28 25 27 42 36 5 19 33 85 6 22 2 28 41 2 7 15 6 37 38 21 42 71 13 9 12 28 16 25 53 5 56 22 21 3 22 14 31 84 36 6 25 20 44 32 62 12 9 4 5 28 66 31 22 24 3 8 4 6 11 16 1 14 34 40 24 19 20 42 42 21 1 25 3 25 9 58 2 3 2 31 19 21 52 50 1 2 34 4 14 34 63 2 29 47 58 16 12 3 3 34 8 6 2 8 65 13 29 40 44 1 30 2 19 44 21 2 2 21 28 49 9 21 24 56 28 18 29 7 11 33 29 35 7 9 17 27 1 7 19 44 8 40 12 33 18 24 64 33 46 7 17 44 42 8 23 16
48 28 68 62 43 58 36 16 42 47 45 50 36 39 35 53 82 29 22 76 27 70 32 30 53 63 64 43 42 87 6 59 31 52 82 23 64 23 22 46 13 21 63 62 44 27 52 41 22 84 36 85 16 54 19 79 43 51 49 67 23 67 45 51 54 78 40 27 16 66 43 63 54 69 78 31 32 30 67 26 48 84 66 58 55 48 60 48 63 17 21 32 10 71 73 39 36 27 30 41 14 15 28 16 20 26 54 44 45 26 64 44 89 50 39 78 64 34 33 61 12 53 36 39 32 65 53 88 4 10 55 16 65 81 80 49 79 85 92 42 31 54 6 64 73 68 6 25 76 52 34 48 57 79 46 25 36 52 46 13 21 34 38 59 36 55 40 66 46 62 49 11 41 57 72 36 17 11 57 36 37 13 23 48 51 60 57 60 54 34 72 43 69 21 83 55 43 9 30 61
90 71 95 93 83 58 65 34 85 53 77 77 72 46 40 87 94 65 49 100 84 91 55 100 64 82 85 69 93 100 38 71 34 55 96 57 78 72 67 83 94 95 74 94 88 49 71 70 47 87 54 93 78 62 35 96 99 70 80 67 46 91 100 59 94 96 46 61 79 75 89 83 94 94 90 71 85 46 75 85 71 100 79 59 86 54 70 98 97 31 28 67 88 93 94 59 40 69 74 45 44 30 99 21 79 35 90 83 62 80 84 65 93 74 95 89 90 61 91 97 94 92 51 96 73 70 90 98 23 53 66 52 74 86 83 92 84 87 97 48 57 85 75 75 99 96 15 81 93 68 39 83 70 88 74 31 47 61 50 24 85 55 45 82 74 94 59 81 94 91 71 56 47 77 81 80 80 20 91 70 43 97 82 55 53 91 90 97 64 93 88 92 76 45 93 90 64 78 46 79

44 18 2 91 27 64 81 87 66 39 21 80 12 18 61 25 24 34 60 79 20 54 91 100 1 30 12 94 81 57 13 90 39 11 42 96 55 7 31 76 37 54 71 4 9 88 23 67 29 40 38 32 50 30 52 10 64 43 61 48 2 10 66 11 94 27 94 85 85 30 75 16 49 41 84 24 53 9 7 95 77 95 13 58 21 66 8 36 15 6 91 30 50 14 59 14 75 70 82 6 78 20 31 44 23 67 46 34 97 86 37 85 36 19 14 8 89 86 37 75 99 79 57 32 9 94 51 31 62 13 34 20 79 29 78 98 9 50 92 26 31 44 20 82 15 16 58 96 62 75 30 71 48 1 2 56 89 45 92 59 54 67 6 91 49 27 98 53 48 89 86 44 82 29 14 12 48 59 82 14 90 71 42 92 7 73 86 67 51 74 40 24 18 98 81 40 62 47 66 73

655 2237 1144 390 372 156 277 733 1288 624 502 450 316 654 2269 501 457 345 225 164 938 159 217 963 224 218 168 256 831 300 2692 2651 730 240 431 741 323 406 156 152 60 554 509 1048 307 1353 436 1611 519 2616 529 598 148 644 542 24 1906 1093 174 104 579 125 1787 1308 1176 454 205 303 485 294 48 416 326 888 151 1038 137 2800 851 309 80 651 250 517 86 126 210 1464 466 759 398 1887 2886 121 97 500 204 39 905 1339 262 305 1234 161 775 565 3082 318 1661 862 278 313 381 448 759 40 213 435 364 697 30 229 427 170 430 914 1334 306 283 473 1080 436 397 498 71 645 264 612 111 696 441 1196 1348 604 1354 51 140 298 238 469 287 284 154 64 135 696 524 122 427 3247 150 910 1476 92 113 1020 983 498 337 304 977 2252 878 650 299 1566 300 211 545 737 316 284 275 1094 176 121 702 324 703 747 973 645 88 163 484 868 78 1788 856 544
792 3427 1182 1051 382 174 316 1568 1419 1500 526 461 419 791 2623 687 634 590 834 424 3567 1101 422 1735 541 513 1002 799 865 329 2977 3530 730 1100 737 1185 948 3505 560 307 361 717 639 2493 536 1781 1204 1718 1160 3102 793 1042 215 656 1940 74 2272 2440 420 457 2292 1465 1958 3593 1364 977 282 879 818 2596 539 559 338 2331 1455 1450 425 3427 1048 464 205 742 1468 636 420 239 509 3877 659 1054 481 2490 3052 500 870 551 428 1120 1217 2062 612 840 1370 818 861 692 3539 540 2447 2859 399 2018 1824 1349 828 2362 266 451 423 2201 173 548 972 1167 654 1590 1712 658 577 1282 1513 493 688 934 216 769 282 757 1294 1051 464 2314 2896 1008 1633 528 1124 1677 576 1461 1017 328 747 70 311 2341 1423 1325 1077 3661 222 970 2427 656 1879 3019 3580 809 488 481 1008 2417 1471 1772 797 2235 1738 524 606 943 534 355 278 1246 867 1346 927 1324 889 1781 2576 1533 396 388 757 1165 233 2212 1753 803
839 4030 1523 1069 737 921 553 1603 1437 1900 1082 838 1018 929 3929 988 882 1525 1788 1113 3798 2002 869 1956 1193 638 1378 1152 881 833 3033 4006 858 1621 780 1809 964 3611 599 720 925 2014 850 3364 1989 1993 1910 1847 1359 3373 894 2154 942 1786 2004 768 2728 2458 1026 828 3229 3509 3760 4036 2025 1000 460 911 1329 3819 736 1003 634 3013 1615 1975 517 3523 1079 935 529 870 1800 908 1957 778 539 3902 1049 1058 704 4069 3152 683 1531 595 1030 1244 1897 2537 652 1952 1874 993 1006 885 3651 2058 3039 3504 1030 2026 1987 1599 988 3889 831 1867 494 2958 994 874 2438 2040 765 1844 1753 834 747 1687 1942 1033 1199 971 924 997 654 802 3395 1253 1211 3802 3705 1208 1935 1899 2719 2382 1562 1582 1067 509 2002 910 632 2474 3622 1786 3620 3921 562 1246 2924 1525 2043 3679 3803 946 725 759 1469 3635 1516 3780 2629 2486 1894 604 823 3379 707 372 1987 1426 964 1353 1004 1420 919 3564 4083 1938 557 860 1002 1454 644 3358 1969 2792

259 1730 1141 305 85 134 145 469 158 387 436 249 250 540 1260 335 110 167 214 75 461 116 183 828 78 199 81 159 138 38 532 2105 719 212 111 468 296 224 133 151 28 393 432 848 56 618 68 156 223 565 76 385 50 399 27 17 797 589 169 9 72 27 637 38 274 258 186 13 471 228 7 122 221 874 75 894 63 2327 15 265 6 266 144 190 71 17 162 586 239 478 19 8 17 12 76 142 5 26 61 114 172 77 126 107 423 71 1667 15 1302 744 41 62 90 403 435 14 157 48 104 443 11 33 230 115 376 585 895 257 125 321 411 420 19 185 6 501 174 414 92 656 57 593 1239 67 424 49 65 59 106 349 82 196 84 52 68 158 7 47 59 1836 78 371 480 11 95 926 249 249 270 145 162 1962 568 83 234 917 112 143 191 723 303 232 122 441 132 84 505 165 283 114 367 108 32 112 244 190 42 1044 212 224
