200 3 1
67 33 87 51 91 68 50 77 91 48 15 9 91 4 33 71 35 50 24 96 47 63 24 100 55 67 22 25 18 39 63 69 59 41 2 2 91 79 64 92 57 20 10 19 10 38 41 97 10 46 37 48 49 9 79 40 14 50 47 100 77 77 60 31 50 16 79 53 63 95 61 89 18 10 77 25 16 31 80 100 69 96 70 75 76 84 87 84 81 49 81 13 1 19 99 56 39 6 40 98 51 62 66 38 15 67 40 38 43 60 20 48 3 15 43 46 21 88 21 31 62 28 93 78 11 55 95 20 75 27 80 17 96 55 30 96 13 7 54 56 99 21 76 50 86 27 39 19 15 83 66 36 55 16 9 5 9 72 40 1 73 10 60 59 91 23 34 77 42 81 84 72 29 38 43 19 14 59 7 7 49 64 3 57 1 14 70 39 17 77 42 56 57 10 98 99 46 32 43 40

32 5 15 56 11 50 2 40 24 3 9 8 46 39 2 16 1 5 2 7 38 14 43 11 39 41 8 43 18 12 18 19 41 13 27 32 36 40 4 61 15 19 11 61 36 17 30 8 7 13 4 2 21 2 62 11 19 31 41 41 6 18 34 17 61 10 65 7 16 66 43 13 7 44 9 46 32 74 21 24 57 5 44 20 25 39 43 16 43 30 30 22 12 69 14 30 11 1 3 3 10 14 19 71 30 20 20 37 25 2 27 52 43 9 7 27 13 24 2 12 29 15 20 9 13 46 48 28 53 1 4 39 7 1 37 11 14 54 36 13 31 61 3 47 10 67 39 42 23 32 3 20 50 17 17 10 57 36 32 8 27 6 68 36 9 11 34 13 37 16 5 67 48 47 17 5 43 42 28 47 6 3 11 4 36 42 62 1 81 75 17 20 5 22 23 42 1 9 8 9
60 32 24 74 32 67 30 42 55 33 16 70 77 75 81 18 55 42 7 21 64 35 80 12 57 46 89 56 87 19 50 31 80 21 59 67 42 41 26 75 48 21 44 67 45 51 30 9 78 49 59 46 34 18 83 16 61 32 87 70 26 76 49 25 83 38 70 55 47 73 75 40 91 53 37 48 41 81 78 88 63 29 58 23 36 72 80 22 53 33 31 54 31 95 70 45 70 11 23 37 27 30 60 74 74 27 74 58 62 4 47 60 64 33 9 55 25 46 34 21 42 19 77 46 20 66 48 28 56 19 43 40 37 78 49 14 21 58 38 40 43 83 15 85 16 71 52 81 34 50 89 53 72 52 22 38 81 43 42 22 79 44 72 74 52 61 64 34 62 46 5 82 48 48 25 6 68 45 50 88 27 20 80 44 68 63 77 17 82 86 65 58 5 23 31 55 4 65 54 74
91 49 56 94 36 68 57 59 97 47 34 84 87 92 88 69 88 78 62 35 73 42 94 93 79 76 96 87 99 99 83 79 89 66 86 70 96 74 55 91 76 21 62 99 95 54 93 14 98 63 91 99 47 59 100 72 87 41 91 73 79 83 82 91 99 98 88 100 100 99 88 67 93 66 94 58 93 85 93 93 80 65 63 94 96 87 81 52 65 48 42 70 82 100 89 83 96 71 36 79 39 43 84 75 84 32 79 76 65 93 53 61 85 36 51 69 92 87 73 39 78 63 85 90 22 66 62 55 87 38 43 53 81 92 91 25 35 95 69 91 84 92 92 97 58 92 99 83 77 82 95 98 85 58 56 51 85 65 62 27 80 96 87 81 67 79 64 45 71 62 31 91 66 58 47 12 74 92 73 91 67 47 87 48 83 91 98 25 85 91 78 83 46 47 73 91 24 94 80 84

37 71 31 35 60 30 20 27 85 20 87 57 47 33 87 96 60 93 10 90 20 55 44 28 25 90 59 96 45 12 12 61 49 49 61 83 34 6 88 56 42 37 8 38 50 48 6 9 3 59 21 66 69 25 35 25 61 19 87 18 6 75 95 31 95 6 50 37 6 4 67 39 77 21 59 12 48 56 57 88 50 83 81 53 98 26 40 55 31 46 80 53 39 75 63 45 3 77 80 76 24 81 61 35 62 53 62 28 41 51 25 1 39 13 15 42 55 80 19 3 51 3 100 46 51 50 70 24 74 47 81 84 28 49 35 72 3 58 34 9 50 13 1 32 75 53 2 99 49 61 14 90 79 85 18 91 41 64 77 71 32 46 13 34 13 93 90 15 7 3 15 56 70 96 16 25 56 28 10 60 90 97 30 43 39 22 100 14 6 83 80 11 20 32 13 47 9 26 47 37

426 996 821 1734 1878 574 1880 242 337 381 920 704 671 86 846 1347 1096 611 1596 917 418 1212 60 442 269 74 285 184 363 123 195 117 1148 673 1557 1239 629 160 145 472 314 2025 1933 750 217 142 497 598 1124 1551 201 276 71 2562 738 726 2134 1658 677 495 412 313 163 271 331 277 364 419 2718 223 278 2045 90 214 113 29 220 1970 430 459 144 2009 465 443 277 1419 105 1364 192 552 252 707 829 347 99 100 841 464 593 928 836 295 230 928 1330 398 1626 666 701 290 330 736 2499 584 406 50 130 149 1391 1403 248 287 200 112 1292 883 277 172 1716 1974 424 413 2893 560 1408 536 2748 1439 178 183 811 788 608 331 768 563 208 888 115 391 83 572 2408 665 58 13 113 596 58 126 1849 1220 3113 93 2177 776 184 394 397 401 398 729 44 115 964 328 64 234 475 705 58 318 248 84 323 724 491 1322 101 423 192 605 82 439 390 386 433 458 839 459
639 1316 1023 1909 2108 1010 1956 475 348 997 3382 2943 932 194 1776 1413 1503 1971 1972 1026 2186 1339 420 818 637 2225 300 756 515 131 419 419 2204 822 1806 1519 996 261 296 972 925 2345 2222 853 1329 730 795 2205 1354 1889 933 499 128 3142 950 809 2324 1755 879 976 683 710 701 1319 845 464 1974 576 3620 468 933 2176 153 1458 886 338 507 2734 964 1820 346 3256 530 1560 282 1532 268 1748 337 1667 1173 842 1100 1769 911 1277 879 672 3471 1460 1292 1009 1047 1097 2720 2229 2191 878 1088 299 1226 1078 2637 662 778 479 855 164 1455 1593 321 2150 911 355 1296 2857 317 975 2818 3308 3187 588 3173 650 1437 868 3453 2726 369 1086 1517 819 627 601 1578 1020 715 1930 274 796 748 876 2444 1224 675 630 458 644 794 824 1881 1709 3400 1145 3699 2770 388 539 1585 735 1684 1022 232 1775 1607 356 113 532 1546 2410 759 725 368 391 674 949 543 2410 262 718 760 963 325 818 449 788 1344 905 3369 1071
2058 1346 1025 1972 2955 1403 3074 762 992 1915 3950 3321 957 306 2806 1562 1531 3440 2022 1232 2226 3756 976 2128 997 2404 973 881 699 633 769 968 3645 1631 1943 1873 1004 314 914 1918 1862 3218 2348 3767 1605 3593 961 3740 1812 2984 1603 1066 527 3570 1854 1040 3161 2728 913 1078 872 870 794 1406 1819 1357 2060 694 3627 1319 1331 2877 1099 1532 1458 1333 1069 3172 2962 3562 1043 3337 887 1855 418 1610 723 1953 465 2029 1452 1602 1367 3108 1041 1540 1012 3555 3690 1935 1753 1318 1766 1385 3039 3669 2940 904 1532 822 1731 1675 2791 1909 2034 931 982 509 3010 1645 731 4023 913 992 1906 4048 328 2542 3211 3852 3826 774 4060 1002 3095 1075 3595 3228 1289 1755 1664 1222 678 1039 1941 1824 737 2390 777 1383 1008 1197 3506 1709 1630 841 913 742 1519 885 1965 3101 3688 1847 3961 3278 1569 1951 1888 1032 1913 1367 441 2451 1711 982 229 985 1839 2503 1408 841 1280 628 1813 1005 599 3007 598 772 999 1337 966 831 840 1010 1480 1663 3646 1926

105 247 9 767 1233 68 1053 92 107 121 373 110 423 63 293 105 971 526 214 816 39 948 53 329 6 39 28 97 262 104 84 73 347 354 330 135 141 4 102 21 300 1503 26 728 129 17 418 143 14 910 143 80 49 773 572 509 429 1207 645 116 75 9 154 125 315 37 288 7 1080 34 22 1991 77 159 50 23 39 1623 233 98 121 551 117 385 143 915 70 467 145 456 135 411 367 182 60 87 304 106 265 491 535 215 163 39 1089 202 1456 277 350 103 302 115 2021 203 323 24 58 126 241 400 92 12 34 60 742 702 68 80 1121 1059 88 128 1139 487 1043 411 715 1168 78 79 510 239 221 5 10 457 59 664 67 88 17 91 1628 290 13 11 50 338 16 68 551 945 1764 46 715 639 180 104 233 355 383 273 39 35 97 283 14 7 141 662 57 221 119 9 15 575 69 1281 90 325 130 243 31 274 355 349 307 233 225 341
