200 3 1
71 67 21 13 60 45 80 46 11 17 56 2 84 61 82 74 66 1 56 96 16 1 59 70 68 20 91 49 82 3 28 53 47 6 32 86 83 30 90 15 11 88 72 62 56 83 41 33 33 13 77 14 73 76 81 70 66 77 10 79 89 61 87 37 42 86 46 49 25 84 26 16 91 35 35 85 53 8 51 28 13 14 15 67 86 6 76 73 83 45 23 30 15 68 4 23 73 27 7 52 28 59 59 23 87 39 58 36 81 52 84 51 65 63 8 44 26 58 11 57 92 14 5 4 50 66 34 46 79 62 75 26 22 16 5 63 90 86 22 46 65 2 51 61 88 93 5 78 38 59 58 82 5 2 38 52 56 27 31 11 98 76 24 21 74 75 27 72 67 79 5 76 65 53 4 78 91 50 49 85 35 61 26 6 57 37 26 39 37 81 89 8 91 12 34 23 6 40 6 53

1 55 15 35 4 7 2 4 1 5 20 17 24 12 8 30 7 31 7 35 7 17 2 3 7 46 14 27 28 29 13 16 36 16 7 42 26 45 70 34 10 1 25 58 35 16 15 21 30 3 25 20 3 5 34 24 16 20 30 3 16 2 11 3 7 23 4 7 69 25 41 37 37 38 3 11 30 12 1 51 12 9 38 22 17 26 65 43 18 23 5 1 12 44 20 53 32 5 41 48 19 9 7 53 25 43 5 44 6 10 5 6 7 18 25 20 26 45 15 35 11 9 8 37 32 4 1 78 39 8 17 15 12 11 2 1 40 27 11 1 5 50 1 42 50 8 5 36 34 3 10 53 42 31 8 77 55 7 27 18 12 17 10 17 53 7 24 68 8 39 13 16 49 30 10 4 56 3 28 70 51 24 1 13 6 1 10 10 5 39 50 47 5 15 14 24 12 15 4 23
42 60 35 73 23 34 9 12 5 39 31 56 42 20 21 55 17 65 51 41 27 53 23 40 13 48 45 75 82 40 17 24 40 68 76 89 39 77 83 79 13 23 31 65 36 70 19 26 47 25 33 70 6 29 57 26 84 52 79 60 39 67 57 17 72 27 68 69 97 72 53 37 46 94 52 23 39 30 87 57 61 86 43 46 57 44 79 51 27 35 31 76 67 47 61 57 73 65 53 56 79 58 15 64 27 64 5 53 22 22 15 23 51 29 37 23 28 61 40 36 46 45 16 78 76 6 4 91 43 31 36 19 39 72 12 19 46 41 63 43 45 94 50 46 81 10 83 41 66 70 50 93 54 66 55 87 67 76 60 23 23 50 32 58 67 11 92 78 29 43 69 38 62 33 34 56 86 16 38 76 66 28 8 39 27 20 42 46 27 92 80 76 27 21 40 31 18 35 46 44
68 95 43 94 91 92 37 83 82 95 39 92 67 81 93 99 34 89 78 62 35 74 43 97 58 85 57 78 95 57 31 46 76 74 84 95 99 87 97 87 56 74 58 92 65 74 88 72 55 40 90 71 7 42 76 84 85 82 98 87 41 85 80 50 72 34 76 83 98 79 94 92 100 97 93 32 56 41 93 60 97 98 86 65 76 92 91 69 77 67 38 94 83 78 99 63 75 71 100 81 95 87 72 85 67 96 26 99 71 49 41 29 87 51 61 56 85 83 62 98 60 64 22 91 97 18 27 92 92 55 43 70 99 87 83 90 66 88 78 100 52 94 100 97 97 56 84 63 94 79 100 93 63 71 100 99 88 79 87 72 63 61 88 100 79 63 92 83 70 77 69 96 72 49 71 57 99 56 55 94 84 40 87 66 48 66 91 81 75 100 92 98 50 97 40 34 58 95 60 91

1 92 74 8 10 75 7 91 73 19 18 72 29 58 89 69 51 12 73 19 9 95 5 76 85 24 79 98 37 83 51 89 42 49 9 69 80 9 39 53 12 61 14 70 92 44 30 15 85 98 48 83 35 90 33 99 74 79 79 54 96 39 19 11 56 78 21 84 84 83 25 98 75 52 94 100 27 30 68 46 83 44 67 86 32 22 11 25 4 24 17 5 31 42 4 45 41 42 15 93 5 64 34 82 63 12 56 80 21 22 1 6 28 32 8 26 37 45 96 18 18 79 15 18 41 98 26 14 29 40 50 75 33 53 76 8 22 100 33 45 9 86 9 96 76 25 47 21 17 51 72 80 14 96 90 77 38 4 93 95 44 46 54 72 59 83 8 25 93 3 27 95 78 29 75 88 17 52 41 3 98 24 70 25 48 35 59 9 42 92 17 32 35 19 56 73 57 79 66 54

178 405 461 175 202 425 2307 222 381 627 180 714 2846 507 205 248 340 1576 1631 560 1545 1199 86 1618 233 54 1181 585 143 924 921 169 688 1813 973 176 555 425 862 178 488 278 330 246 486 529 1149 1359 190 724 698 657 1630 251 1124 121 232 1074 1805 181 314 1741 2147 120 64 1540 378 207 618 338 1152 863 535 909 404 1016 322 11 59 245 300 270 299 783 578 627 700 262 464 365 856 268 131 1586 301 192 1169 997 2503 1580 278 553 226 945 387 197 161 300 710 1391 151 919 115 2310 97 1028 265 2840 19 492 1055 1004 92 1610 226 237 417 242 155 2086 227 387 115 102 232 647 620 1199 265 261 172 46 487 229 1665 1137 933 1533 1422 1210 94 611 31 113 259 161 308 311 501 167 813 270 69 177 452 94 763 79 435 139 1862 842 1238 2185 236 315 543 869 370 923 1414 973 215 100 84 99 286 601 205 277 1152 227 1728 1262 109 615 1140 615 1738 528
231 1429 874 184 398 562 2351 587 396 1991 242 796 3099 1492 1311 351 506 2036 2515 741 1729 1632 179 1778 3204 58 2918 1273 3630 1547 1289 369 1817 3131 1877 1134 925 487 1286 313 1469 578 404 278 772 546 1315 1733 329 1442 1360 963 1739 1217 1827 425 535 1341 1878 209 717 2611 2611 555 171 2542 909 721 3281 543 2474 1181 557 2465 1026 2313 734 461 1122 396 1129 702 318 1478 620 1071 1038 2394 492 1875 1194 463 383 1595 319 200 1836 1171 2629 1707 350 732 465 1092 929 1123 1690 315 1477 1680 236 1799 321 3190 1397 1646 479 2902 655 917 1063 2258 3385 2416 237 549 1250 861 841 2344 458 1274 736 177 1136 1411 2395 2184 2098 620 1006 287 1952 271 1743 2824 1113 2248 1441 3091 330 1208 115 384 324 722 2895 453 653 521 1041 409 557 203 1560 543 2714 415 1621 397 3291 975 1565 2886 580 746 587 918 1365 949 1862 2354 340 115 3292 237 553 694 1050 727 1211 255 2000 1301 255 2830 1438 716 1947 913
1047 1726 895 1282 676 868 3648 637 1649 3761 493 912 3408 3572 1447 648 730 3378 3496 824 1949 2868 299 1871 3893 1004 3813 1398 3913 1777 1928 722 1903 3888 1917 1149 1682 732 2003 566 1837 1776 1931 948 973 963 1505 2017 680 1720 1625 1992 3464 2064 1857 901 738 2825 1961 903 932 3589 2842 854 364 2974 954 1238 3644 651 2551 2450 1185 3551 1684 2848 861 496 1997 1667 1642 1405 396 1984 672 1430 2733 3458 550 2994 1365 1460 394 1604 356 1321 1999 1943 3452 1896 396 1020 682 1954 1004 1542 1973 1122 3662 1685 2888 3181 467 3277 1852 2502 1019 3931 939 1005 1089 3613 3934 2775 822 847 1353 938 2907 3812 1156 1789 863 402 1491 1898 3226 3965 3951 1555 1006 682 2046 953 2966 3883 2491 3083 1833 3497 605 1218 938 597 692 861 3502 717 2287 746 1845 3068 923 1014 1886 1423 3012 1018 1966 677 3960 2068 1947 2975 706 1048 1036 3976 1831 1534 1913 2946 647 914 3881 825 937 2074 1995 1034 1800 579 3940 1367 919 2986 2938 1029 1963 2665

26 244 97 135 25 287 1115 58 202 454 7 178 1153 208 159 114 77 136 44 273 815 70 24 194 158 23 302 569 114 870 839 128 161 215 533 96 441 42 394 107 126 195 129 43 265 21 821 1132 78 129 519 233 1580 15 740 10 198 245 762 24 140 1600 822 3 59 309 314 136 249 152 943 846 164 658 296 777 317 8 58 105 69 28 184 80 377 22 247 10 304 85 143 262 3 42 284 103 1148 140 477 1054 55 230 169 813 77 122 74 189 505 420 54 309 2 432 18 114 163 88 9 278 345 604 64 646 106 122 167 145 152 100 38 383 77 90 142 30 528 258 53 234 66 34 416 171 683 858 901 112 1026 319 78 79 25 74 167 153 73 194 148 62 76 215 36 175 79 90 442 40 186 86 102 614 722 357 154 200 83 779 154 258 892 642 190 59 77 13 63 282 134 193 291 192 1120 534 58 326 498 489 1143 10
