200 3 1
18 62 70 95 7 70 97 50 75 44 6 34 100 24 78 67 25 77 61 88 54 38 8 30 2 79 75 4 2 18 5 36 3 69 78 13 28 34 67 90 6 84 92 9 39 47 59 11 11 88 59 20 2 37 59 11 56 79 22 96 46 60 29 45 48 94 32 35 89 80 1 32 40 18 93 12 75 42 13 42 16 32 31 38 44 52 38 4 25 34 14 87 28 9 42 43 22 21 64 49 84 98 98 70 19 17 82 17 17 39 78 85 10 73 27 34 37 43 98 71 21 4 48 79 43 23 39 78 9 71 58 76 51 38 20 42 82 20 2 20 91 69 5 66 96 98 93 14 4 86 36 80 74 32 95 41 6 38 74 37 81 5 53 52 92 50 97 36 81 32 100 25 31 48 15 83 58 82 62 10 27 59 30 35 45 93 53 18 8 84 96 39 38 42 21 13 51 55 42 99

91 13 45 25 43 33 23 69 11 31 20 20 2 16 52 5 15 31 13 24 8 11 1 55 42 45 19 26 18 13 4 60 22 22 25 56 37 56 16 4 38 7 5 11 14 28 4 1 18 14 6 32 22 18 7 5 15 28 75 11 3 20 73 77 17 21 9 21 22 1 24 43 16 8 41 19 2 31 10 11 16 42 26 18 29 10 18 1 16 20 1 20 30 20 10 6 38 42 8 53 49 2 31 25 13 6 55 5 86 17 24 38 4 52 2 10 8 12 25 25 18 3 6 36 17 15 22 27 6 27 4 79 12 33 8 26 40 35 29 38 14 21 59 7 66 31 15 26 36 11 4 16 20 18 61 36 54 40 38 55 48 53 16 8 86 2 50 45 80 3 20 24 12 59 24 21 13 24 61 5 23 39 23 9 66 11 58 8 17 16 42 40 26 10 10 5 76 60 15 33
93 49 73 86 60 45 65 79 57 41 29 77 22 19 80 28 20 78 64 75 80 44 42 78 78 78 40 72 59 53 13 77 52 29 94 80 62 56 20 10 61 12 51 27 17 52 76 44 80 49 11 70 31 29 29 79 52 46 78 43 70 27 78 85 27 31 25 33 34 31 41 54 60 75 49 20 23 33 53 55 19 60 57 29 59 77 55 65 39 32 6 41 93 36 16 43 53 68 50 85 51 11 52 92 33 14 71 34 90 28 36 38 70 76 70 29 61 22 78 30 66 48 37 40 19 40 43 88 53 44 72 94 57 68 12 34 84 56 34 54 69 29 76 53 76 36 33 65 62 60 62 88 20 27 73 84 75 46 70 64 62 92 58 20 89 59 66 58 82 44 83 39 34 82 26 47 24 50 89 35 79 54 26 18 82 48 81 32 38 96 58 92 35 65 31 28 89 78 74 55
95 78 73 99 86 69 83 84 89 63 75 94 86 86 86 30 86 92 93 93 94 96 99 83 91 86 88 84 65 56 24 78 76 54 95 96 69 72 71 96 62 81 89 70 42 73 88 98 99 94 26 73 95 40 75 90 57 71 87 98 89 47 92 90 59 77 80 98 35 78 88 58 100 79 59 65 80 55 81 84 35 90 82 42 79 91 77 82 48 58 55 61 97 91 59 45 98 73 79 99 76 44 74 92 40 37 91 75 91 43 45 42 81 84 90 30 67 37 98 30 79 55 98 93 78 89 90 100 87 60 96 97 68 75 84 42 96 80 49 86 79 36 82 95 98 73 72 71 83 79 84 94 84 68 81 85 98 66 75 70 86 94 86 44 96 64 89 88 84 62 92 76 49 83 80 82 69 65 89 50 81 74 94 31 97 91 95 75 70 98 75 100 64 96 83 48 90 84 77 85

20 65 25 63 18 78 59 80 82 80 36 69 14 73 49 36 83 71 16 93 57 71 62 49 6 5 88 13 19 28 72 84 46 7 81 79 3 35 10 3 23 64 91 35 71 74 89 67 88 57 67 58 60 28 45 53 45 99 10 27 3 48 25 9 50 8 99 80 11 63 7 25 65 5 28 64 27 20 70 58 62 24 98 99 78 4 9 28 36 16 75 28 88 24 83 24 33 53 98 53 99 52 21 34 22 53 68 80 97 11 5 31 50 60 75 51 89 58 8 27 98 15 75 78 93 7 26 99 29 62 32 96 24 14 5 88 30 71 92 100 7 11 12 35 55 91 21 73 53 83 7 90 71 48 78 15 96 4 1 51 33 31 89 63 96 87 13 51 66 53 85 20 59 95 30 85 14 11 63 64 41 30 76 25 11 33 54 86 23 16 19 74 44 51 15 23 44 41 11 44

1090 869 663 2304 343 608 159 614 1432 2146 1685 208 251 3084 79 1660 1252 870 339 1113 92 73 449 283 899 115 626 255 411 453 303 125 20 794 1541 53 160 302 359 396 1031 233 111 357 1319 196 185 534 306 214 1553 722 137 1183 451 305 64 227 333 725 422 472 993 703 316 541 2846 663 325 145 318 358 166 517 583 875 1758 159 75 685 125 39 155 609 227 505 326 70 400 1120 215 565 525 860 355 877 340 565 710 1169 552 280 846 1017 178 337 835 573 85 3593 294 360 1203 155 1132 1203 1817 118 806 647 74 1080 653 1203 658 230 232 1096 139 1522 406 156 847 511 180 148 162 973 715 260 232 305 16 898 502 191 260 129 969 1623 740 278 257 2399 164 349 620 639 221 545 2259 17 1416 146 512 220 551 688 370 425 750 723 451 230 465 409 1496 129 647 353 59 638 45 514 178 244 785 493 164 161 257 354 820 303 281 48 545 302 218 271
1352 1011 845 2776 688 1050 2679 650 3126 2918 1708 329 326 3089 82 2545 1619 3068 568 1155 330 208 664 1430 2426 218 772 1359 1905 1776 1372 126 69 2462 1595 857 328 680 877 3373 1883 1220 857 604 2967 330 2317 837 2025 1317 3165 829 1284 1849 734 637 214 2591 1043 797 683 573 2610 899 1847 2622 3519 1157 401 248 421 415 214 1586 764 1228 2166 504 103 794 342 827 222 1090 292 685 1695 398 410 1144 2948 1105 1103 1253 438 1064 894 820 1034 1542 777 1554 1027 1350 1162 1837 1793 772 2127 3771 704 1049 3022 267 1209 1307 2471 164 1173 744 177 1161 666 1583 886 478 281 2315 890 1685 851 375 1903 885 275 471 541 1153 1306 2154 472 444 2376 1476 1111 1157 703 144 2334 1832 2194 2646 562 2824 956 1267 942 840 244 1023 2349 284 2555 281 535 562 643 3118 1075 2352 1723 1981 621 963 1351 1217 1724 2908 760 687 452 1436 224 805 1854 448 1335 617 762 411 264 1239 856 723 393 1274 775 315 912 403
2411 1032 1215 3329 1450 1761 3830 858 3389 3321 1897 387 789 3342 515 2896 3555 3188 807 1771 737 877 790 1706 3812 1069 966 1455 1975 3848 2065 784 599 3134 3912 973 657 819 990 3652 3570 1809 956 760 3565 534 3666 1791 2316 1852 3696 1010 1563 4027 866 763 969 2896 1708 970 968 904 2791 1503 1873 2921 3563 1627 880 321 1468 892 769 1729 1075 1991 3052 737 876 886 591 1892 392 1253 1296 1014 2362 649 783 1840 3715 2045 2724 2725 537 1864 1478 1523 1853 2011 1021 1595 1878 1445 1280 2105 1838 774 2543 3956 728 1083 3691 998 1307 1473 3269 389 1945 901 846 1336 1094 1933 1380 764 828 2925 2216 3909 1585 997 2035 1407 584 756 975 1463 1414 2356 621 1043 3809 2383 1985 1702 762 665 3570 1835 3209 3312 562 3765 2993 1858 1465 909 903 3634 3686 415 3368 876 606 603 2009 3794 1910 2364 2497 3496 959 1027 1640 1441 1786 3724 875 3335 576 1605 970 1362 1942 2330 1930 1698 774 1738 453 1474 1031 2015 1124 1888 1889 716 924 1147

322 28 334 163 325 578 141 313 697 1824 225 115 75 3066 56 20 1038 68 100 164 41 10 368 183 499 14 46 214 122 118 104 62 6 631 1501 12 21 112 201 329 600 160 98 7 210 16 52 271 275 180 282 514 106 853 432 28 28 77 233 44 47 132 294 530 277 168 2319 647 216 29 89 226 159 305 124 827 1422 59 54 317 111 35 150 360 154 454 239 58 318 587 15 33 478 303 99 93 318 129 174 405 166 72 639 942 167 254 695 529 39 1397 221 103 43 115 656 105 678 42 313 195 5 878 103 417 504 180 2 451 106 282 173 138 309 282 38 38 84 614 78 188 59 209 4 478 108 127 122 93 257 738 425 85 192 1704 18 2 23 204 192 464 444 4 64 134 180 153 26 326 177 196 621 363 18 119 159 261 172 110 464 186 21 100 43 189 56 64 65 172 41 109 103 223 606 253 179 46 158 102 44 8
