30 9 2
95 83 22 36 19 34 68 13 42 83 14 94 29 6 26 82 22 59 83 46 36 32 53 11 95 81 29 4 100 5

4 3 13 22 15 4 2 16 25 24 12 6 3 13 6 19 11 2 21 4 4 9 3 1 11 25 12 2 10 16
7 21 33 23 32 19 14 33 33 33 28 16 6 16 6 45 12 11 37 8 12 28 7 13 15 31 23 12 12 34
8 32 36 33 45 19 34 37 33 45 41 19 38 37 48 45 12 16 43 34 26 40 11 14 21 31 34 15 21 46
9 39 40 36 47 27 46 37 38 46 44 38 48 40 68 50 39 21 54 39 28 47 19 25 29 37 37 20 37 46
20 48 45 61 56 38 59 38 71 52 48 39 49 54 68 56 46 28 55 67 35 58 35 35 42 42 39 25 58 58
21 52 46 69 60 39 65 38 84 64 55 46 72 58 74 62 71 41 57 77 54 69 39 41 82 60 61 46 86 59
41 81 61 70 66 49 71 39 89 66 56 59 79 63 81 63 74 48 60 79 62 71 44 50 83 74 68 58 90 78
79 92 69 85 81 68 71 55 94 80 75 65 82 73 92 84 77 55 84 87 74 93 81 52 91 79 71 62 91 90
81 92 80 88 91 97 77 69 98 96 83 72 98 86 93 96 78 70 91 95 77 96 84 95 98 86 74 84 93 91

5 59 13 65 71 29 6 45 14 85 13 7 39 3 61 16 18 35 40 12 58 2 17 5 14 24 62 8 42 20
56 85 46 86 76 35 34 83 39 87 19 37 100 18 90 100 23 72 77 38 80 75 34 23 83 35 81 75 100 75

101 100 43 91 73 36 119 27 43 253 42 142 43 98 56 92 52 129 88 53 55 150 77 28 104 122 46 11 147 11
113 140 45 100 101 39 125 36 47 264 54 226 72 250 98 100 88 152 110 67 86 155 84 32 115 145 62 19 276 67
141 249 54 136 217 78 164 43 70 353 57 229 104 409 156 123 135 173 118 117 91 265 144 65 152 162 65 24 341 187
142 362 72 143 232 147 179 86 90 488 104 249 156 415 162 139 149 194 119 209 124 420 176 68 161 194 71 34 344 189
145 378 83 155 305 223 253 93 106 550 126 312 192 433 172 141 233 221 121 253 134 438 184 86 296 214 77 56 356 273
191 379 87 174 389 228 308 94 121 573 204 503 205 482 275 247 251 310 178 262 202 492 214 106 344 253 136 61 364 333
197 412 127 177 435 274 389 107 134 584 280 543 220 483 283 262 253 312 200 326 202 530 218 107 352 274 144 99 368 395
198 426 138 179 611 299 400 124 136 615 295 686 271 503 392 314 355 317 218 329 220 548 230 122 390 312 157 110 383 430
220 657 167 181 613 324 565 147 170 667 311 691 325 594 442 337 415 345 226 338 312 595 314 130 393 341 194 123 385 440

60 30 37 65 4 8 102 26 13 47 33 125 37 23 9 89 46 128 58 45 26 66 70 15 62 109 25 7 137 10
52 29 22 23 3 5 63 12 7 16 29 39 3 6 2 8 37 36 43 35 5 55 51 10 16 79 23 6 80 9
