30 9 2
81 25 79 10 92 64 25 95 45 15 14 78 67 93 86 55 22 88 71 49 67 58 82 13 16 38 50 47 98 35

1 6 4 22 2 1 3 19 1 12 6 13 11 4 2 3 8 1 2 3 9 3 21 24 4 7 3 24 2 6
11 15 8 28 29 16 33 20 16 16 22 16 42 5 3 18 18 4 4 3 11 12 24 34 11 9 9 30 12 8
19 22 24 38 30 25 35 30 23 34 41 41 61 17 25 26 20 18 13 16 34 14 55 40 18 22 10 36 17 8
37 25 33 39 59 43 60 46 25 59 48 50 65 30 30 38 31 28 20 30 35 16 62 42 27 23 26 56 22 11
37 64 44 61 68 60 60 72 73 72 68 56 66 34 53 43 33 49 25 36 50 33 70 65 32 26 31 58 30 19
53 79 46 90 87 62 84 75 74 77 76 71 82 53 76 47 57 57 28 38 69 73 78 73 43 34 32 69 45 22
53 90 54 91 87 69 86 76 78 82 83 77 82 58 82 52 66 90 65 41 71 82 85 75 90 73 56 71 61 78
68 90 65 94 88 85 86 80 94 90 92 96 85 58 82 76 86 92 77 68 89 87 87 80 92 87 56 91 63 84
85 95 67 96 94 86 86 85 99 93 92 100 89 59 96 79 96 96 85 88 91 95 99 88 92 97 68 99 82 89

24 55 13 7 8 20 61 47 4 37 74 58 69 7 34 29 45 14 26 4 30 73 16 36 52 13 26 34 30 64
64 72 54 98 33 37 67 100 59 84 81 66 75 77 57 100 72 56 37 92 38 89 64 63 85 34 77 95 72 98

101 51 110 33 174 111 52 105 155 114 152 79 143 116 121 109 31 91 96 51 80 59 85 18 20 100 81 73 104 73
112 57 111 124 205 112 85 128 217 155 213 91 401 122 131 173 53 94 190 70 189 73 99 44 21 119 139 107 142 93
114 84 172 181 218 163 145 132 306 172 306 100 407 135 150 192 58 132 199 78 222 86 155 46 41 169 233 133 154 95
115 92 367 210 221 167 159 139 312 216 358 120 462 140 158 199 60 146 201 82 296 119 157 88 75 201 410 229 183 96
123 94 433 235 257 209 244 160 327 359 473 146 466 152 179 215 79 157 263 96 443 140 169 106 117 223 457 387 189 121
129 129 497 258 277 242 253 173 410 499 498 148 507 167 195 231 97 186 456 107 477 184 170 144 119 254 471 461 232 122
151 130 627 259 281 250 261 197 486 507 526 173 533 217 208 282 109 191 514 112 623 197 198 308 123 293 630 548 325 135
172 165 629 264 306 269 262 199 504 540 535 201 609 229 224 293 120 206 549 173 632 201 220 393 144 300 650 583 637 153
214 168 640 295 306 277 287 207 519 550 595 215 618 237 230 318 170 230 648 191 655 205 226 603 147 312 650 590 696 156

59 40 34 21 148 55 45 101 110 97 132 76 117 86 63 73 28 75 57 48 70 44 45 10 4 55 66 72 92 48
1 17 32 20 5 41 29 74 5 85 84 31 14 25 8 37 24 50 44 3 51 16 28 4 2 4 50 29 33 3
