30 9 2
8 60 39 22 17 97 33 7 39 93 18 56 31 64 87 74 12 7 98 63 53 55 68 22 37 68 16 62 4 46

9 16 10 9 8 6 6 1 3 6 3 2 2 9 7 11 12 2 15 1 6 3 16 5 28 12 12 9 3 7
21 22 27 11 9 35 21 24 4 18 4 14 4 12 11 15 21 8 16 2 8 4 20 10 32 16 23 22 5 57
26 36 34 13 12 47 39 27 8 20 4 48 17 21 12 33 37 16 19 8 14 41 20 13 65 20 33 27 32 59
31 57 45 15 43 47 49 41 23 56 12 50 52 29 37 39 45 22 29 18 28 46 30 21 68 40 40 47 46 68
39 64 61 29 49 60 55 57 27 67 32 59 59 38 39 40 47 39 43 26 29 48 33 40 69 55 54 53 63 77
48 73 68 40 65 61 56 77 50 68 34 65 59 42 73 72 65 59 45 38 47 51 49 58 74 68 77 55 66 87
78 84 78 49 74 62 72 89 61 76 50 65 73 52 82 73 75 70 82 41 49 65 59 60 74 71 79 71 75 92
83 92 79 62 79 69 73 96 87 95 82 77 82 88 86 84 88 92 90 43 61 82 86 71 77 77 79 74 86 97
85 92 80 94 96 78 85 99 95 96 87 78 85 89 92 88 90 99 97 91 70 99 93 97 80 89 88 77 90 97

19 9 49 12 59 20 41 66 7 46 39 7 11 41 9 21 5 78 23 44 28 79 8 11 23 32 65 4 25 20
66 14 99 24 89 93 76 87 54 66 72 87 35 75 43 72 64 79 82 88 63 87 25 74 68 53 73 97 99 33

69 104 46 41 32 105 110 69 40 137 32 102 82 76 139 76 23 24 107 74 55 66 106 37 39 90 24 63 137 226
468 115 56 160 37 108 178 101 48 143 34 156 156 90 144 91 40 29 115 91 209 79 146 58 82 94 28 68 157 375
481 119 95 176 67 193 189 156 64 150 62 174 163 105 152 111 55 30 115 100 322 92 155 71 121 254 109 136 278 400
486 139 121 239 82 292 217 217 88 186 70 255 248 106 188 173 94 44 119 123 360 197 233 114 137 307 125 147 303 408
494 147 147 298 101 346 239 325 101 280 90 273 256 115 195 247 136 57 137 197 433 199 344 126 171 318 136 148 335 410
551 163 192 360 106 379 242 328 110 324 95 273 279 120 207 256 158 64 148 210 557 275 347 128 176 322 137 151 390 483
559 185 220 465 158 411 297 418 169 348 115 285 304 128 296 274 171 66 173 215 562 308 364 143 241 325 153 188 417 567
583 205 245 494 162 438 306 519 178 366 157 308 324 188 340 301 207 100 188 228 597 320 517 162 295 326 156 190 461 596
587 210 269 515 166 491 324 551 185 370 158 346 329 199 343 368 223 113 231 350 652 320 608 170 322 328 162 305 476 619

50 98 14 38 7 81 92 15 25 36 7 59 81 48 18 21 5 8 43 41 9 56 97 29 27 50 14 13 88 176
28 87 7 9 2 32 18 13 15 22 5 49 68 39 7 8 3 1 34 7 2 49 56 15 16 25 12 8 19 157
