30 9 2
79 90 57 82 85 20 86 40 31 48 92 77 72 93 19 91 52 39 98 36 8 29 100 13 10 1 38 98 94 88

2 34 12 20 9 23 2 8 15 8 3 3 3 3 3 1 11 12 7 15 5 24 2 1 2 13 9 6 2 1
3 34 28 21 15 31 29 16 16 8 7 7 4 8 20 12 15 15 8 24 16 30 24 6 15 16 11 8 7 4
17 44 37 28 39 33 40 31 38 9 44 22 12 16 43 12 26 18 18 29 20 39 27 8 16 22 41 17 21 11
22 47 52 43 40 45 56 32 47 17 46 27 20 36 46 15 40 49 42 30 20 43 28 18 21 37 47 29 29 49
36 56 57 44 51 49 60 50 50 32 63 44 36 42 49 25 52 58 53 33 27 54 37 37 36 39 55 48 64 55
37 57 77 61 55 52 62 74 52 36 63 73 37 54 63 27 56 78 65 35 37 56 41 40 48 42 63 73 79 73
56 62 78 69 63 61 71 74 54 63 82 89 41 60 80 42 73 82 90 43 43 78 65 63 74 43 69 79 87 80
61 82 84 84 67 66 88 76 62 96 83 96 49 65 83 55 93 85 95 47 44 86 76 63 81 57 74 86 94 87
91 98 86 86 92 71 89 91 71 97 100 100 97 97 93 84 99 86 96 57 62 90 89 65 85 93 84 92 99 94

49 28 34 55 50 17 17 70 32 65 13 16 81 99 31 5 19 24 42 58 44 14 40 10 34 10 25 45 53 15
63 35 72 61 70 74 18 75 53 66 16 47 91 100 56 65 22 79 56 91 59 88 68 96 39 90 56 99 92 95

99 100 59 91 207 34 134 114 65 50 145 114 92 104 56 107 52 69 99 51 31 36 107 27 11 158 55 234 102 98
102 109 70 99 219 45 155 124 70 84 155 133 98 230 72 114 68 125 121 52 37 38 115 34 25 324 89 244 171 200
110 116 71 157 234 80 211 195 106 277 199 143 119 268 80 169 129 178 126 59 37 57 121 39 40 358 105 260 235 218
119 118 102 190 247 118 366 233 138 305 270 147 132 292 107 203 152 185 148 62 55 66 146 60 82 366 111 371 303 262
199 128 118 199 265 131 367 235 146 321 278 179 160 322 319 241 154 185 171 77 63 66 151 110 174 376 118 441 356 290
243 217 126 200 317 148 447 508 197 345 422 207 177 326 340 295 160 202 175 107 94 76 186 115 192 420 126 532 372 298
247 307 176 211 333 201 550 541 410 353 559 215 181 442 351 356 196 227 209 131 102 132 187 136 234 480 149 575 457 307
254 323 184 214 371 309 586 551 464 452 584 216 245 588 425 382 201 241 227 155 124 172 209 142 269 487 166 648 557 332
339 353 201 229 384 317 602 631 624 456 648 226 248 681 521 386 202 249 234 179 157 173 218 152 305 579 177 690 683 341

93 19 33 74 204 5 117 73 36 24 97 62 52 60 54 45 32 40 69 27 18 32 71 25 7 106 49 200 58 90
42 1 23 24 111 2 68 35 26 14 9 43 22 33 3 20 3 15 15 26 9 30 47 3 4 71 20 167 55 17
