30 9 2
21 85 29 28 82 66 92 58 12 9 97 70 46 3 39 24 77 53 59 65 52 47 42 95 10 3 75 81 3 85

1 1 25 5 2 1 19 14 28 1 22 7 10 2 20 2 9 13 7 14 5 11 6 2 5 3 45 24 5 7
26 12 34 7 12 25 21 15 29 28 28 7 30 8 27 5 12 14 11 25 23 12 17 2 11 5 45 30 18 8
26 16 37 24 47 49 22 18 34 37 31 27 36 17 29 7 16 18 14 30 23 17 28 26 41 8 46 30 23 31
34 20 41 28 61 50 29 22 36 43 33 28 43 20 40 29 43 22 24 44 37 24 50 39 67 17 55 49 63 32
76 45 55 37 73 58 33 28 38 47 59 31 52 46 65 31 87 29 44 47 37 42 67 46 72 17 67 88 75 32
77 56 69 46 84 62 61 56 61 66 63 51 56 67 65 35 88 40 52 48 43 54 67 52 73 45 78 91 77 48
84 86 73 55 93 79 67 59 66 69 65 70 59 76 70 90 92 47 55 59 63 62 75 69 74 57 81 94 80 56
93 93 75 64 94 80 76 67 80 78 79 76 60 77 80 94 92 58 68 81 84 83 79 98 78 66 85 97 92 56
99 95 90 85 99 87 82 93 92 91 93 87 61 90 95 95 98 99 70 88 98 84 92 100 91 75 90 100 94 99

21 11 59 41 82 24 33 25 53 32 50 62 42 47 8 6 89 46 38 5 41 56 2 38 78 28 6 49 47 58
67 91 95 45 94 52 37 79 78 87 97 75 63 82 30 32 92 93 48 78 69 92 77 46 81 95 50 95 51 84

23 111 48 38 89 68 135 69 15 50 132 83 52 18 44 34 87 65 69 91 70 63 110 95 24 118 96 133 59 87
63 124 54 46 106 88 227 130 18 189 146 126 61 20 80 39 93 93 312 182 101 71 222 109 41 167 134 148 126 127
73 140 77 71 204 141 279 140 21 280 174 162 64 33 98 55 100 124 438 199 111 80 232 132 71 257 184 210 180 159
83 172 101 86 218 144 309 175 38 325 192 188 90 46 102 88 113 126 450 211 132 103 274 137 88 347 225 290 279 163
106 266 114 107 240 147 325 186 49 333 205 205 91 71 143 95 117 151 483 251 152 112 281 140 92 400 232 298 301 163
144 287 117 108 404 155 330 193 107 432 233 239 109 72 151 120 127 271 507 296 165 135 290 150 109 450 254 326 357 175
150 293 153 113 440 163 347 196 114 492 273 258 113 74 154 126 132 320 523 301 181 168 298 170 124 453 325 345 424 180
155 300 157 156 593 172 358 237 127 531 327 298 133 126 167 155 173 326 616 329 193 174 302 205 128 525 340 350 430 188
167 342 161 163 645 207 374 242 147 556 363 316 175 135 176 156 180 348 618 343 196 324 322 214 155 582 356 367 432 231

12 71 25 23 35 46 106 64 10 31 90 10 37 9 25 20 66 64 45 82 21 35 33 38 19 111 72 123 54 78
8 59 17 6 34 11 37 52 2 3 60 1 22 7 17 13 42 59 28 55 1 27 21 20 6 97 38 96 39 21
