30 9 2
67 33 69 86 37 42 3 3 57 50 61 68 27 84 97 92 81 1 71 36 44 6 86 99 73 76 40 56 18 26

9 1 39 5 20 4 3 16 9 29 2 15 4 25 27 16 3 27 6 1 6 2 11 6 2 4 7 1 21 16
21 10 45 5 20 13 8 25 17 49 28 22 10 25 41 24 18 46 18 17 11 11 13 6 21 16 23 3 31 33
32 29 51 7 23 26 9 25 27 50 41 36 28 31 43 29 42 54 46 24 34 23 39 27 21 43 42 23 44 36
33 47 59 7 34 56 19 34 51 56 45 41 31 35 47 30 58 57 52 34 46 24 45 42 29 43 54 27 45 41
52 48 61 14 51 65 33 42 55 70 47 84 31 36 48 31 64 58 57 43 52 26 62 48 50 60 59 36 51 43
79 50 73 30 62 68 39 44 74 77 50 90 44 58 53 35 69 74 78 47 54 29 77 52 54 71 61 47 59 46
93 50 83 38 66 73 55 69 95 93 55 93 66 67 82 48 77 77 80 50 82 79 80 58 81 79 68 55 76 62
98 61 95 39 73 75 59 87 99 93 60 94 69 72 89 71 78 77 96 67 82 89 84 79 82 89 70 66 88 75
99 69 97 93 76 91 64 94 100 97 88 100 82 93 92 85 93 89 100 92 83 96 96 92 96 97 80 82 99 79

82 72 22 33 77 19 48 44 29 73 10 6 71 9 38 28 77 1 15 29 6 33 63 67 41 87 10 19 44 5
90 77 37 58 90 20 83 98 97 81 23 25 98 33 63 61 90 9 73 63 49 61 91 92 49 89 23 59 96 56

67 81 178 98 40 57 119 44 116 116 61 273 35 85 136 107 84 43 108 45 104 6 117 111 75 109 43 172 84 56
159 89 257 102 42 65 149 83 259 263 79 295 99 91 383 144 129 109 120 118 170 23 390 137 93 117 56 195 97 80
181 92 280 179 70 72 314 115 304 276 90 313 102 117 403 157 146 113 136 135 186 33 418 261 171 168 75 215 129 82
188 98 422 192 71 73 314 126 333 308 94 371 104 134 423 238 158 188 140 144 211 38 434 262 192 202 83 283 155 93
231 99 465 212 116 79 336 165 355 376 109 378 124 158 543 260 163 310 185 165 246 39 459 358 198 227 113 318 216 172
270 153 556 214 144 83 364 229 426 527 141 434 128 159 560 403 169 367 243 205 342 59 549 368 206 347 155 333 396 188
315 167 577 219 178 103 382 242 477 564 152 555 132 180 576 491 171 434 267 220 343 75 586 446 206 549 155 419 411 207
321 169 581 220 179 161 384 270 616 586 185 631 133 180 601 535 179 460 304 226 455 134 617 584 211 559 162 527 443 222
362 179 634 236 187 171 546 271 642 610 189 639 170 219 622 587 222 559 335 260 577 142 642 588 235 596 187 628 512 256

62 12 97 85 25 52 90 43 98 106 42 39 28 84 72 11 49 8 69 21 43 5 107 49 20 94 32 77 77 10
47 8 44 27 5 16 87 37 45 95 34 12 14 40 27 3 25 4 62 17 20 1 58 37 16 55 25 20 26 8
