30 9 2
83 47 11 17 9 25 81 15 58 87 4 16 87 76 10 61 62 7 4 92 20 66 7 52 83 2 71 31 68 71

6 10 14 9 17 3 9 29 6 11 4 6 12 18 30 15 7 2 2 7 3 3 13 11 10 16 27 2 13 1
31 13 14 26 29 17 11 37 12 15 16 13 21 21 43 24 40 4 6 16 9 8 37 12 19 18 36 26 15 21
39 22 37 28 30 20 14 38 25 18 17 16 26 37 44 31 49 12 10 18 12 28 43 21 20 30 68 30 20 41
47 26 39 36 44 27 30 49 41 29 40 42 34 47 74 38 52 29 23 38 15 29 50 31 34 35 70 43 22 56
51 58 42 40 52 27 50 58 43 34 65 49 35 56 75 49 58 36 24 61 16 41 80 71 45 44 71 55 32 72
55 64 52 49 53 29 51 72 64 51 68 54 66 59 77 67 63 41 30 69 66 42 87 89 66 52 75 59 42 80
81 81 72 55 75 40 52 90 64 57 69 60 88 76 84 75 63 48 41 72 91 50 93 90 77 55 80 63 57 81
82 93 93 65 93 61 79 96 87 89 82 87 92 81 92 83 72 81 82 72 94 68 98 93 93 59 98 71 65 88
84 99 94 92 93 75 99 97 93 94 100 90 97 82 98 91 93 100 86 100 97 85 99 93 93 71 100 81 85 95

1 36 5 28 4 17 34 1 2 12 11 2 73 10 20 71 63 64 5 50 45 7 5 19 71 6 30 6 21 5
11 57 20 80 24 32 93 95 59 45 86 26 96 30 76 93 95 100 45 83 86 56 92 70 87 78 64 83 39 10

109 87 13 20 101 28 101 72 62 98 12 46 88 83 20 104 69 7 16 93 21 106 22 106 178 47 86 70 76 75
115 89 79 31 122 32 110 235 234 99 14 49 98 96 24 140 73 26 21 215 102 220 64 130 209 59 106 123 173 90
127 356 246 155 144 52 116 262 237 120 33 117 100 116 26 194 104 64 32 279 120 270 248 335 270 89 120 132 211 93
135 379 268 289 146 89 135 278 252 135 39 174 103 185 34 198 136 87 39 299 120 278 305 354 316 121 155 150 222 100
152 411 322 316 157 109 141 312 299 144 52 180 136 194 35 204 170 106 64 448 131 401 445 491 381 267 169 252 256 124
168 429 356 355 222 135 168 477 328 160 156 217 171 194 71 211 176 108 66 556 209 492 467 501 393 288 215 263 299 130
171 522 404 369 223 148 188 502 332 185 175 219 180 223 96 219 179 109 91 592 468 495 489 556 452 453 310 289 323 151
177 611 470 446 231 161 209 570 619 187 178 244 212 240 108 339 189 127 124 679 519 502 517 607 460 544 321 294 329 169
203 636 489 539 283 172 220 574 621 210 262 255 228 262 143 350 201 155 135 680 535 583 600 648 591 592 345 324 359 210

77 27 7 17 83 25 25 53 44 46 10 5 62 16 14 83 56 5 8 55 12 29 19 104 133 26 65 68 47 53
66 9 6 3 57 12 12 10 41 33 3 3 46 12 2 47 16 3 7 10 8 5 3 23 64 1 45 28 5 44
