30 9 2
95 21 87 94 40 26 88 62 88 79 67 83 9 99 67 12 47 89 4 99 54 10 24 8 85 34 48 43 70 86

3 36 11 13 24 22 11 2 14 25 16 7 23 1 4 15 12 18 10 3 7 3 14 23 7 4 10 2 3 8
8 41 14 22 37 60 13 4 26 29 29 36 29 5 22 22 33 27 12 4 23 5 20 28 8 25 20 16 19 9
21 42 17 27 42 63 16 14 46 44 36 47 53 27 37 33 36 30 30 26 57 16 52 42 38 27 35 41 20 13
24 59 20 37 45 65 54 27 52 44 38 54 58 37 65 42 36 39 39 35 64 17 53 84 47 32 43 51 28 35
40 60 32 76 51 69 79 42 63 51 49 57 58 51 69 65 41 44 49 60 71 25 54 85 67 38 52 71 40 39
48 65 83 82 55 70 79 42 81 64 54 79 66 67 78 79 43 51 73 68 73 30 64 88 76 51 55 74 58 62
55 71 90 90 71 81 79 45 90 83 88 91 68 85 78 79 49 58 76 80 85 47 76 88 81 56 86 75 76 69
77 80 91 93 82 86 90 46 91 90 92 99 73 90 79 93 55 82 93 92 94 65 92 92 81 60 96 92 85 70
90 94 92 99 90 94 96 54 95 100 100 99 91 95 93 95 81 82 95 98 96 75 94 96 84 73 97 95 88 91

9 9 46 71 43 68 18 73 66 47 36 5 12 35 60 27 27 16 56 75 1 39 16 16 8 96 40 89 77 27
51 66 94 71 49 72 95 80 95 89 83 25 52 67 98 99 35 23 78 100 61 61 91 68 18 99 95 95 83 67

123 30 118 167 40 69 177 191 129 91 122 118 50 106 101 96 48 94 10 259 110 20 40 46 105 154 84 76 76 102
139 40 208 187 41 165 195 207 135 120 160 166 53 163 236 126 58 110 66 290 119 82 99 48 105 248 98 80 90 121
231 64 213 213 57 296 245 209 184 133 160 206 76 194 238 149 62 111 146 350 231 136 107 65 117 412 151 105 128 134
243 70 344 285 68 327 284 222 237 138 163 297 82 303 242 385 64 125 167 368 252 157 153 199 186 479 186 147 145 136
281 76 412 308 69 344 284 232 388 259 179 298 111 393 250 421 70 168 254 453 389 158 230 202 212 522 197 148 147 275
284 107 457 366 70 356 286 254 472 279 202 373 187 460 257 446 98 177 516 494 396 158 249 207 332 546 213 162 243 281
342 124 486 384 110 454 289 293 545 318 260 394 230 481 271 462 126 198 533 503 546 171 253 218 364 559 217 180 290 311
366 164 583 386 187 517 353 325 610 325 270 460 254 515 293 494 153 223 535 573 550 207 290 255 373 576 230 180 317 344
371 164 585 387 187 584 386 339 641 367 315 621 257 661 355 525 188 232 561 689 630 244 320 296 378 623 333 185 350 362

110 23 98 128 16 6 133 53 77 64 95 90 47 64 74 61 44 38 8 57 25 7 26 43 72 144 46 29 38 48
67 4 97 84 10 1 46 28 65 35 41 10 12 50 19 21 36 15 7 31 19 4 17 27 44 72 14 12 23 30
