30 9 2
65 42 25 12 31 48 5 19 89 9 95 90 47 64 50 60 6 61 6 49 39 48 2 44 55 30 87 19 3 87

17 11 8 13 4 38 6 6 23 9 15 25 23 27 6 18 18 1 7 4 15 6 29 5 13 6 1 3 7 3
20 23 10 23 18 43 18 11 52 26 15 34 29 41 20 24 28 3 25 10 20 24 33 20 16 16 9 4 17 18
29 25 13 44 39 63 46 19 63 31 33 56 39 45 27 26 33 23 35 15 20 34 34 24 26 28 9 15 26 26
31 30 18 56 44 64 46 29 75 55 36 66 40 48 45 73 50 31 62 31 40 44 43 31 32 29 25 24 66 30
37 30 32 63 45 66 57 43 77 73 41 67 67 53 45 76 59 46 73 46 64 47 49 31 48 35 62 28 71 75
80 36 34 65 68 88 64 49 89 79 43 85 68 73 51 83 87 68 77 68 69 60 69 39 62 82 64 35 83 76
88 72 41 72 72 90 73 77 95 82 72 86 73 79 67 89 88 83 89 77 75 68 73 64 79 84 72 73 87 84
90 77 45 79 74 90 89 83 95 83 75 91 87 90 69 94 92 92 91 84 81 94 80 92 83 84 74 77 94 84
93 96 87 99 84 91 99 91 99 99 99 93 87 99 74 95 95 98 92 92 86 95 83 99 86 99 90 100 99 96

12 13 27 52 12 21 30 35 57 6 17 5 14 1 1 3 71 83 13 98 50 78 7 1 67 36 32 1 32 27
78 61 51 83 12 49 93 90 87 51 93 52 81 34 6 52 88 89 82 100 58 88 93 56 88 74 52 1 68 48

99 54 94 124 74 58 45 71 115 16 104 113 67 64 60 76 12 75 68 77 99 92 164 52 56 168 116 32 32 111
118 69 124 171 158 73 103 160 142 18 105 154 75 109 112 115 25 142 89 78 163 115 215 56 95 203 133 54 44 129
134 90 125 295 166 77 239 160 181 56 119 177 77 129 132 140 37 322 99 93 211 163 275 90 135 249 197 63 45 159
313 97 159 380 177 160 370 163 289 125 136 322 84 150 147 150 39 338 114 128 215 217 359 101 135 265 212 69 86 164
324 98 160 383 330 220 389 211 346 177 234 426 103 171 153 232 59 403 118 187 279 238 392 109 245 385 223 80 113 165
340 111 255 414 355 236 415 297 476 215 342 475 170 190 161 259 61 496 119 203 337 265 393 123 254 462 258 94 164 184
460 179 257 464 388 238 445 377 479 265 366 527 173 288 171 269 76 557 137 252 430 306 539 169 260 495 281 107 252 205
579 188 269 553 518 282 552 501 502 272 370 545 185 340 192 272 105 643 149 303 440 317 541 177 272 539 331 112 264 213
640 190 308 611 534 346 567 577 643 279 389 605 195 349 200 301 155 644 152 307 511 338 586 191 303 553 340 139 290 221

87 25 58 40 54 5 17 52 19 13 70 88 27 11 39 39 5 59 48 66 92 46 100 24 51 151 103 13 11 74
31 5 13 15 33 4 4 41 11 8 9 60 7 5 38 19 2 9 32 24 27 33 10 9 17 96 37 9 4 30
