30 9 2
12 66 90 29 87 9 49 86 6 82 12 16 46 55 66 55 51 85 2 60 75 37 1 66 67 27 55 56 74 66

5 2 13 23 4 8 2 17 4 32 5 2 13 3 24 1 1 16 3 12 5 9 2 17 13 21 6 3 4 12
6 2 31 28 8 22 7 26 9 50 14 17 15 5 31 11 14 16 26 18 7 13 11 25 26 31 23 14 19 12
8 3 72 38 11 25 26 27 45 55 20 19 27 14 40 14 29 22 26 24 10 14 16 31 32 46 29 19 23 22
10 42 80 40 11 38 30 65 72 56 38 50 28 16 50 34 33 35 33 25 62 35 18 37 34 49 36 24 23 26
14 58 86 57 13 62 50 72 75 63 56 62 33 19 56 49 52 48 44 64 76 40 32 51 37 50 43 33 60 29
38 60 89 90 25 68 58 78 80 63 68 63 34 24 64 53 65 64 46 70 81 82 47 65 58 62 43 50 65 44
40 60 93 91 76 73 62 79 93 68 81 76 41 59 83 54 76 65 56 75 83 82 63 77 73 67 46 60 69 51
54 61 96 96 79 82 62 88 93 69 89 77 64 80 89 87 94 66 56 78 87 88 80 81 78 93 65 81 83 64
82 75 100 100 85 94 99 99 97 79 91 82 69 87 96 97 98 96 89 91 89 93 82 95 88 97 88 90 98 88

46 17 2 30 30 31 73 65 7 8 29 49 53 29 34 18 64 1 2 8 8 35 1 44 90 20 51 20 30 3
78 88 50 48 83 78 88 94 22 37 48 83 64 81 41 82 100 69 70 16 93 41 79 92 91 96 56 35 84 39

28 70 109 58 91 20 67 91 33 86 37 51 53 56 81 86 99 108 37 73 83 82 11 70 83 33 101 76 91 67
40 97 249 71 126 39 107 136 43 114 74 302 117 173 138 324 107 125 42 79 88 100 93 71 117 51 139 115 97 70
43 118 251 73 147 56 169 178 78 117 79 303 120 382 165 338 141 128 71 100 89 113 147 86 137 52 167 149 99 83
63 239 340 75 225 71 256 201 121 117 87 344 126 386 249 406 208 214 104 129 95 117 222 95 151 109 203 151 139 86
68 242 428 88 243 78 304 226 122 126 124 348 131 400 264 422 216 228 124 136 102 127 235 99 171 110 268 182 145 114
71 251 440 115 284 97 304 275 123 131 125 350 134 425 280 453 241 250 230 152 118 136 384 112 174 123 268 184 178 169
94 259 472 131 308 107 326 326 142 145 133 410 160 501 300 480 250 252 258 160 178 139 461 126 174 136 272 190 243 214
105 269 520 146 311 114 340 333 148 200 135 442 180 541 307 575 298 336 271 190 201 140 463 161 179 160 299 191 278 215
151 302 559 176 339 121 348 358 151 227 144 536 191 563 335 609 330 372 282 202 224 171 470 210 199 326 311 198 298 215

25 66 81 33 65 16 63 16 25 32 22 32 35 49 76 55 88 101 28 47 14 16 5 64 55 18 80 19 50 56
12 2 52 23 46 14 27 3 24 1 7 30 14 21 23 52 2 57 3 10 8 6 2 18 28 8 16 16 49 3
