30 9 2
60 73 31 11 5 40 61 92 46 78 71 55 82 30 51 70 68 21 94 23 96 46 29 44 9 44 15 88 55 86

13 12 4 3 15 10 7 6 3 15 13 14 3 14 2 12 16 4 15 16 15 5 20 7 33 27 3 23 22 5
17 28 14 29 33 17 10 18 9 18 32 23 20 15 6 17 29 8 18 28 23 10 46 10 35 30 4 23 26 13
27 34 20 48 44 18 27 36 13 35 51 25 24 34 8 17 29 36 26 36 38 14 65 15 41 33 23 35 32 15
34 42 37 53 52 34 32 58 42 41 68 30 28 40 9 24 36 48 32 49 44 19 75 34 53 35 32 39 36 20
47 49 47 78 53 34 60 63 55 79 69 32 29 54 16 75 73 56 33 68 54 23 77 67 55 42 51 39 44 39
56 59 55 83 75 34 66 79 56 82 81 55 35 66 33 79 73 63 43 77 67 40 88 93 76 56 69 48 51 64
72 65 60 87 78 68 80 82 58 92 82 62 36 71 38 79 75 73 88 81 92 67 91 95 77 61 72 77 57 84
74 65 61 90 88 80 92 92 70 95 85 66 59 71 82 87 84 85 99 92 99 73 92 96 94 73 82 82 89 89
81 97 68 95 90 96 95 100 92 99 99 94 67 84 86 90 87 87 99 93 100 99 100 99 99 73 97 89 95 97

39 45 23 15 61 69 39 58 57 7 18 88 49 21 84 4 46 44 39 4 13 56 18 4 53 48 7 38 72 8
47 96 87 36 97 79 76 85 62 17 38 99 55 53 94 83 99 79 97 64 29 56 79 84 85 79 38 47 78 89

145 78 81 50 5 41 109 97 47 236 101 63 114 32 57 83 71 33 134 123 126 90 39 46 25 109 25 164 67 233
175 144 120 141 17 56 257 118 75 266 104 77 135 84 77 91 82 39 141 125 162 320 45 66 76 190 30 203 71 248
192 228 121 292 37 74 276 121 83 288 138 80 142 115 249 108 120 40 152 149 177 335 56 67 116 205 54 206 104 317
199 251 144 307 82 107 431 125 86 324 248 93 152 124 277 129 163 41 256 309 282 352 73 71 126 230 81 246 112 329
245 255 179 309 90 110 479 132 91 392 255 94 155 126 313 225 178 82 270 379 330 406 76 84 150 232 180 268 119 340
256 485 211 426 109 123 480 139 101 468 261 127 170 131 433 266 196 83 335 399 376 528 105 100 220 260 268 283 134 446
290 533 221 530 133 140 586 157 108 494 266 157 211 155 534 288 253 94 339 422 411 581 131 116 236 267 300 284 138 517
308 599 223 583 148 178 592 175 114 567 290 171 212 169 621 381 259 112 355 439 587 605 132 159 240 294 368 326 166 558
310 628 282 588 149 182 627 226 136 624 330 202 213 175 632 643 348 165 359 441 623 625 156 185 268 305 576 328 194 656

77 47 36 34 2 40 92 40 44 51 87 51 81 16 39 39 17 13 130 117 67 8 34 43 16 59 21 53 28 99
71 41 10 1 1 22 2 39 6 45 9 5 2 9 2 21 16 12 102 109 13 3 2 21 10 38 10 6 23 91
