30 2 1
42 85 47 2 84 14 96 70 58 68 75 2 8 84 42 24 76 78 99 34 19 29 17 46 45 85 34 26 83 26

11 19 3 18 84 30 4 54 26 87 6 26 28 8 31 46 31 1 52 4 76 24 46 36 9 38 38 32 22 4
83 43 28 63 87 84 95 63 27 100 100 26 62 41 51 88 45 56 79 60 92 100 54 49 27 72 70 99 94 97

23 66 52 55 90 2 57 49 38 59 9 95 91 29 94 58 2 22 78 17 63 73 60 95 5 39 95 30 80 17

129 288 254 76 99 148 200 83 214 263 299 77 50 96 66 514 316 110 194 68 22 64 19 412 91 122 61 58 95 26
149 394 299 246 677 166 621 639 328 316 379 521 112 299 137 593 498 146 219 149 96 70 84 627 313 126 76 81 98 218

45 4 178 18 33 128 31 72 87 180 234 6 26 3 15 295 87 104 33 67 1 1 14 324 57 101 14 6 38 7
