30 2 1
95 79 67 89 53 95 44 9 34 82 28 53 33 56 24 73 49 92 90 74 8 45 40 92 44 24 10 76 6 75

24 8 32 59 45 77 30 40 2 47 44 17 31 44 46 25 17 65 20 42 23 66 43 79 8 44 24 10 58 24
41 54 43 75 67 97 32 41 23 50 79 28 89 60 62 80 62 80 99 62 40 78 45 81 91 99 27 15 76 32

69 65 36 91 98 89 33 53 86 26 73 30 37 24 30 34 51 36 100 40 56 14 35 78 63 1 66 31 54 8

196 84 94 96 83 227 124 399 39 514 123 121 95 61 237 139 167 137 196 104 129 98 45 100 299 288 60 84 226 190
216 230 320 113 294 233 130 524 95 535 155 295 111 176 286 464 331 284 213 160 365 431 576 192 448 610 259 192 292 645

32 64 57 63 56 215 74 291 9 282 89 34 70 16 96 27 61 56 118 23 54 30 34 1 28 110 30 45 87 4
