30 2 1
6 39 66 68 26 43 51 26 37 63 13 56 71 83 68 8 14 61 59 12 8 70 95 56 77 51 47 34 6 51

26 5 11 43 30 20 58 77 87 8 56 51 3 94 9 3 17 37 34 70 2 8 16 4 41 14 1 10 11 8
48 98 19 96 91 79 70 81 87 55 68 93 53 97 13 58 65 49 59 95 10 57 42 89 81 99 24 45 78 16

52 61 91 11 34 14 48 11 20 30 20 16 44 80 90 30 51 20 56 95 51 9 14 25 52 7 57 36 1 8

19 124 122 146 51 545 61 357 215 174 254 196 97 143 195 19 24 137 70 35 89 330 226 95 168 108 145 127 99 102
32 349 195 149 139 638 190 545 563 181 280 272 105 166 204 245 251 184 147 156 154 648 465 185 351 154 166 169 137 127

5 39 110 63 33 153 29 313 151 151 126 22 69 9 104 14 2 105 58 16 30 227 124 38 117 94 99 54 52 72
