30 2 1
41 98 72 66 8 40 74 84 51 89 21 46 22 46 93 42 72 4 32 91 15 42 29 78 96 43 28 9 94 25

9 10 17 39 24 16 16 39 52 15 2 8 32 75 6 2 68 55 84 35 4 81 22 4 21 69 12 53 85 19
39 58 53 47 42 73 55 86 70 42 52 12 81 98 8 56 72 95 92 97 14 88 49 40 97 96 38 64 100 49

93 35 11 58 66 88 1 44 16 12 88 41 60 40 26 27 9 8 76 24 49 51 29 87 26 66 76 70 20 19

95 439 88 318 102 442 343 102 128 131 25 121 260 74 229 239 192 143 205 201 45 148 142 84 118 44 263 110 229 42
132 593 119 524 117 474 484 201 141 426 158 134 297 98 559 262 214 303 324 429 175 386 171 141 183 236 589 269 234 148

17 174 81 54 39 2 53 63 82 93 7 62 32 12 20 235 159 87 83 46 39 51 17 1 68 33 35 53 17 4
