30 2 1
24 88 43 76 71 46 49 70 35 23 13 92 22 17 66 78 68 41 27 99 42 33 14 34 32 5 13 82 74 33

30 12 4 5 38 14 36 39 77 70 30 80 17 57 4 45 76 29 56 18 50 18 44 23 53 2 12 67 12 6
52 31 70 99 48 29 65 66 79 78 31 85 44 80 5 100 84 91 74 48 95 27 79 88 86 43 25 89 68 100

25 6 38 22 90 45 53 61 20 91 28 58 91 56 12 93 35 90 71 87 4 78 2 64 22 45 17 34 35 35

125 115 272 121 94 90 118 175 71 110 115 185 57 18 182 89 102 601 50 176 172 382 26 104 33 50 113 162 89 174
142 171 312 189 222 269 378 554 150 178 288 200 145 56 191 214 299 604 171 191 245 438 144 376 252 142 143 225 220 253

117 46 12 5 58 60 83 39 15 11 105 89 23 5 171 71 24 254 33 9 6 158 18 64 16 11 41 69 34 41
