30 2 1
86 85 43 52 90 54 2 24 86 4 64 55 83 19 36 94 41 11 31 94 8 75 53 15 97 19 59 94 29 38

62 72 42 6 43 2 70 49 1 8 48 65 2 19 31 58 9 24 76 5 30 65 44 47 26 68 36 11 7 50
77 99 87 48 66 86 95 66 90 68 60 94 85 66 100 65 65 82 77 27 54 74 59 61 95 99 45 75 67 70

99 37 36 61 60 23 95 11 67 57 36 86 92 21 40 38 48 39 41 13 96 40 53 77 80 81 65 90 47 18

427 390 212 280 229 116 42 248 166 119 124 85 105 115 43 162 128 50 270 129 37 264 238 19 466 40 168 277 228 89
620 401 348 379 241 192 86 311 183 321 352 116 378 146 329 221 205 172 532 232 155 320 318 109 579 164 319 305 628 240

423 39 112 226 22 44 5 241 91 77 104 39 68 94 39 155 22 26 72 70 9 94 131 11 365 35 11 89 93 57
