30 2 1
74 29 47 16 31 1 30 78 78 40 73 18 94 6 90 9 25 99 25 84 7 27 40 20 22 70 74 74 43 90

29 74 86 76 36 32 38 20 23 16 61 25 58 21 15 84 41 40 12 57 34 11 56 37 20 53 40 35 75 12
38 91 90 92 41 39 82 75 31 20 74 26 84 62 88 93 88 66 72 72 62 50 96 44 56 53 80 48 100 20

17 37 38 1 32 60 32 79 8 59 54 99 40 53 85 96 10 17 56 10 86 19 49 8 20 52 53 10 48 45

115 202 348 200 80 88 409 130 134 160 82 31 161 50 191 83 140 570 47 341 107 201 518 379 60 240 82 147 130 311
215 225 609 231 133 123 521 199 466 473 350 303 222 457 647 156 154 585 85 363 153 259 531 398 163 302 240 167 167 676

106 4 210 152 45 40 215 51 72 24 28 10 28 36 124 7 120 503 45 248 105 56 44 44 40 62 72 82 82 271
