30 2 1
5 50 82 99 49 52 84 44 84 44 64 44 13 71 34 91 17 26 68 99 82 11 40 79 3 2 52 52 53 31

15 62 8 17 60 47 61 76 61 24 16 3 41 31 15 30 28 37 7 47 74 15 8 19 79 59 56 23 44 4
70 91 47 33 80 88 100 86 73 100 70 100 82 99 81 41 72 37 99 63 90 23 12 68 87 85 63 73 70 67

56 64 33 81 84 65 45 31 22 86 37 51 37 85 16 55 24 45 13 99 36 62 13 96 22 43 64 25 97 95

138 82 352 269 613 124 170 45 319 134 175 170 448 194 47 133 101 95 234 142 290 19 99 208 145 73 140 62 127 51
146 88 677 460 636 133 373 103 580 350 193 208 452 221 205 204 183 414 234 149 561 55 294 278 553 202 179 104 194 53

94 27 181 79 398 2 126 42 78 16 9 85 321 30 31 43 59 68 40 1 55 16 80 11 29 46 46 11 121 26
