30 2 1
55 78 16 17 33 67 80 87 59 13 86 32 98 64 28 72 70 96 63 89 20 33 81 6 97 89 5 18 39 31

5 32 11 20 17 44 9 6 87 25 31 58 21 23 36 96 29 30 57 48 5 47 71 58 35 12 26 51 93 22
89 69 72 83 24 69 97 58 98 73 88 100 32 39 40 96 47 63 89 53 62 97 82 98 43 25 72 74 97 69

100 7 30 36 86 15 84 65 51 34 42 81 31 74 12 77 53 96 76 62 24 41 100 78 86 58 50 55 17 42

56 122 89 255 103 196 80 138 104 57 414 383 693 500 107 430 504 97 95 127 25 100 101 58 222 421 114 26 505 278
120 372 571 309 492 229 107 143 126 138 571 539 696 511 161 526 564 126 345 164 500 156 150 76 326 540 131 235 627 422

22 13 83 175 33 144 17 69 55 21 187 277 447 440 20 107 239 19 8 63 22 34 95 43 137 145 102 22 316 27
