200 4 1
27 58 84 24 3 91 70 89 97 10 13 96 16 55 42 43 5 82 65 7 10 45 5 83 1 96 35 43 78 3 66 16 24 35 88 47 60 58 82 34 49 19 14 88 71 93 12 63 76 80 21 28 37 71 99 5 94 84 60 40 86 14 31 80 41 90 33 91 90 67 37 39 34 37 51 98 77 24 42 54 18 22 10 6 62 89 55 36 18 55 87 14 9 16 65 44 36 17 2 46 26 45 53 70 12 100 72 90 6 71 10 91 42 77 56 26 16 15 38 88 10 51 20 8 50 38 100 82 50 3 97 19 27 93 6 25 56 4 80 37 68 62 58 86 92 88 24 7 34 98 7 10 5 7 5 88 44 94 37 7 14 81 85 33 14 33 34 86 99 31 100 35 71 25 4 2 66 73 66 45 52 90 91 67 72 58 28 57 37 41 3 59 65 36 49 73 68 81 65 35

24 3 18 20 28 22 42 42 48 20 23 25 10 4 61 15 1 26 4 46 6 43 54 14 13 8 20 16 27 28 8 4 30 16 49 30 8 4 52 8 46 4 14 9 17 22 8 29 23 9 64 26 4 8 9 22 33 7 12 2 12 21 9 18 13 22 48 10 7 8 11 5 32 33 55 34 10 11 6 41 11 4 13 22 19 23 9 25 2 5 67 34 16 2 1 14 3 40 22 11 34 28 4 10 27 39 10 8 17 60 30 5 42 14 16 41 48 2 6 21 27 44 24 29 38 36 25 17 1 18 68 31 7 31 9 13 34 6 40 6 46 10 2 42 14 26 14 2 14 17 23 11 47 27 28 15 34 31 3 31 43 46 10 7 11 21 3 17 44 27 3 53 1 14 8 4 18 35 5 16 13 24 42 20 2 7 10 6 23 26 36 29 4 18 2 25 68 14 27 47
26 20 22 56 50 31 60 55 53 56 38 30 10 5 63 46 5 50 33 58 30 50 59 40 26 58 31 32 41 32 87 47 33 27 52 48 36 16 71 32 66 48 39 11 45 32 9 52 56 10 68 62 23 93 25 53 43 20 18 26 39 27 48 52 44 38 85 15 32 61 42 49 44 45 75 67 39 23 20 43 17 37 54 24 26 45 16 47 50 8 74 46 64 11 23 54 32 51 36 26 55 55 21 36 63 50 28 40 24 82 38 57 70 35 29 41 79 35 35 68 37 66 44 53 53 58 82 33 20 31 74 63 82 49 15 19 47 14 42 49 70 26 14 54 32 30 37 52 28 28 25 18 65 35 64 24 45 37 36 37 50 49 59 51 47 30 39 17 45 81 14 53 51 19 37 31 57 53 32 19 33 75 47 40 22 26 30 56 33 39 43 78 64 44 7 43 77 74 60 47
78 70 47 70 61 68 66 86 80 58 73 49 34 62 76 50 26 72 33 83 55 73 62 45 42 92 61 64 83 44 89 78 60 68 70 65 61 26 71 61 76 76 52 52 75 35 45 65 60 63 74 64 25 96 46 62 56 25 36 47 71 52 60 55 48 54 92 30 66 93 64 66 86 81 86 95 46 29 38 74 56 78 67 33 39 75 59 91 57 12 90 62 65 23 35 63 51 52 59 82 61 68 79 43 84 90 33 53 31 86 65 58 83 42 60 80 87 49 50 70 60 69 67 67 71 62 84 51 34 54 82 77 92 56 80 43 64 85 60 58 78 73 61 99 67 43 55 69 56 90 49 41 75 71 89 32 47 70 37 48 54 75 73 55 69 68 56 29 60 84 45 56 91 26 52 37 64 60 63 75 55 81 48 49 70 51 81 61 58 45 57 86 74 49 67 49 84 85 78 57
100 79 60 94 85 68 73 94 82 70 88 55 98 85 97 100 72 75 83 97 93 79 72 76 55 97 83 77 89 50 95 87 72 70 75 74 91 76 77 82 87 78 78 64 100 58 81 83 87 95 75 98 46 97 55 63 64 58 63 86 83 92 97 94 62 82 93 52 84 100 86 97 96 96 97 95 84 93 85 81 92 92 93 77 76 88 90 92 98 30 91 95 80 67 59 86 70 82 80 99 88 72 82 44 96 95 39 72 78 92 76 97 99 49 84 92 88 95 96 81 71 84 97 75 73 87 91 64 49 60 85 83 99 71 82 60 84 94 74 75 90 73 79 100 68 83 57 91 83 98 95 50 100 85 90 67 55 74 50 70 59 78 96 83 100 98 56 68 96 93 73 100 99 58 57 93 78 78 80 95 66 94 89 78 73 59 88 92 58 75 92 96 90 79 81 100 95 91 99 97

85 35 54 71 21 82 100 80 61 69 6 64 55 29 19 9 22 20 81 39 58 47 49 84 8 85 3 8 35 88 23 24 68 39 17 75 35 78 100 91 87 7 38 21 51 51 73 47 75 22 99 26 91 49 89 54 38 26 35 97 53 66 23 7 60 25 90 89 9 10 64 19 45 93 100 70 27 7 11 34 14 68 89 7 79 67 55 2 67 54 90 10 62 17 62 35 93 80 63 62 79 8 56 81 26 4 76 62 94 55 37 46 74 60 41 20 11 73 84 33 53 35 16 13 22 63 35 100 48 46 53 98 66 48 30 41 93 59 90 4 61 67 10 40 54 49 2 70 92 94 3 10 50 28 36 59 78 92 54 50 43 18 53 67 65 57 99 46 72 20 86 85 94 20 50 33 53 31 47 92 3 77 60 84 6 32 60 11 19 41 22 27 30 38 51 22 95 14 92 26

2360 845 302 632 538 1132 196 384 1749 95 748 316 377 324 75 572 204 1012 326 1549 1098 529 229 569 408 1204 397 310 195 445 1695 680 29 1060 407 675 486 198 689 270 803 111 63 623 127 173 229 423 767 305 480 1040 392 215 785 108 185 1003 1471 425 406 1110 102 300 588 652 114 181 325 287 551 208 589 128 331 798 209 188 315 155 707 284 867 1054 2186 625 351 227 392 495 427 1248 119 49 1260 55 126 562 241 424 373 173 233 147 45 348 811 728 314 1471 89 600 782 108 572 60 514 166 245 309 1777 315 470 613 154 408 119 93 211 675 444 221 119 98 150 1478 241 31 180 106 156 1263 846 340 207 182 415 32 112 220 748 198 79 906 1224 704 1135 2375 1714 1369 570 1037 87 279 1430 811 1365 1229 164 484 183 579 747 1987 415 352 747 536 219 1510 68 627 336 117 244 1182 147 438 1126 828 170 470 446 1147 248 1008 772 252 1022 74
3539 1061 391 849 1380 1939 389 596 2831 806 1461 351 1315 531 390 780 210 1436 1341 1879 1749 1305 377 854 593 1382 874 420 1472 830 2569 706 313 1115 1422 694 519 235 767 382 2499 133 540 1200 137 802 397 1202 1579 974 497 1221 1463 614 1850 325 1694 1452 2526 471 1619 1756 146 349 946 2180 232 634 854 400 1996 430 807 172 731 2654 950 578 476 356 1376 368 1363 2115 3003 2375 1599 287 1133 584 511 1522 430 86 1334 189 227 1175 529 1126 505 343 385 272 105 467 908 1251 370 2873 1332 628 1275 516 576 242 774 1821 1042 390 2707 440 2881 905 300 621 269 151 2039 863 1343 697 1151 295 220 2211 412 134 828 225 205 1784 1716 1029 422 313 542 466 2456 304 858 723 487 1466 1766 3172 2162 2761 1791 1589 1508 1806 551 904 3137 1231 2073 1335 278 1061 1984 883 1699 2046 691 470 1362 980 1118 1599 105 987 1313 242 423 1238 393 1604 1409 995 332 705 712 2066 300 1564 3507 295 1828 1608
3726 1212 744 868 1418 2283 722 637 3236 1449 2053 784 1734 761 1306 818 720 3619 2530 1954 1802 1772 1203 953 1487 1547 1267 644 1656 1140 2816 1059 818 1310 1568 906 536 642 1536 1363 3150 774 863 1639 247 1011 899 2547 1836 1081 813 2139 1635 895 3889 384 1738 1864 3622 785 2097 3047 879 665 1335 3502 592 910 1276 813 2469 494 1527 546 1758 3185 1515 1081 739 1563 1544 545 1920 3518 3167 3140 2161 553 2662 775 703 1792 509 403 1401 961 277 2544 640 1547 699 450 727 442 2250 1053 948 1469 819 3381 2000 708 1831 936 743 261 1100 1827 1731 595 2745 584 3058 1095 545 626 638 1097 2271 2743 1874 775 1207 621 1701 3200 709 503 934 273 205 2882 2433 1695 1048 384 3040 664 3294 1929 1250 887 525 3225 2783 3431 2788 2888 1793 2366 1571 1815 1176 1919 3320 1485 2406 1690 736 1579 2645 990 1903 3818 710 1218 1431 1930 1547 1910 704 1241 1365 589 663 1861 642 2726 1882 1444 563 767 741 2303 2318 3004 3775 698 2153 1725
4006 1815 1002 981 2556 3820 771 778 3760 1739 2160 861 3148 843 1791 1959 1089 3654 2678 2175 1963 1874 1432 1174 1529 1674 2014 697 1684 2723 3125 1548 832 3214 1625 937 958 786 1764 3467 3781 890 912 1793 578 1081 1006 4031 2796 1352 1002 3959 1945 912 4083 1732 3953 3724 3679 1348 2897 3483 940 1573 1376 4013 777 1508 1503 913 2548 515 1554 904 1969 3430 1849 1363 1524 1688 1857 549 1987 3649 3822 3688 3358 584 3424 2038 925 2338 934 648 1828 1668 935 3783 828 1729 755 684 858 1109 2260 1072 1071 1633 1955 3427 3949 1063 1954 972 1879 703 1416 2013 1804 1042 3594 1300 3862 1556 1641 1011 771 1823 2449 3618 2008 950 1951 3524 1746 3727 957 717 943 969 513 3346 3983 1854 1191 653 3181 1313 3299 3172 1870 905 846 3341 3440 3607 2997 3635 1947 3767 1967 3138 1299 2012 3427 1827 3455 3121 866 2009 3244 1757 2052 4000 715 1404 2872 3583 3528 1971 1185 1547 1698 629 712 1890 895 4013 1986 1744 574 1768 1730 2957 2717 3616 3953 867 3903 1889

939 23 148 573 73 785 88 170 137 87 527 280 348 271 22 522 182 802 229 258 40 334 119 433 59 175 364 294 137 120 1114 426 19 577 371 455 97 27 204 171 667 102 48 69 114 59 94 400 270 119 459 341 270 190 728 103 128 127 870 270 277 729 87 4 553 590 82 126 233 200 108 76 326 105 210 558 52 59 16 30 695 53 382 801 776 453 173 12 139 478 79 935 85 4 1188 30 87 466 126 373 125 53 34 97 20 23 422 605 68 463 48 270 732 107 153 33 39 50 144 61 104 183 266 200 113 188 99 22 157 671 149 185 52 35 42 317 74 7 104 64 47 705 128 292 180 22 338 16 48 66 516 159 74 146 154 333 195 2015 63 375 9 581 82 129 776 765 1104 782 132 133 79 17 460 301 349 288 490 214 96 1197 44 389 127 113 138 1136 84 88 429 762 30 463 329 916 193 805 683 199 369 26
