200 4 1
52 83 95 92 89 91 7 90 69 2 17 35 63 38 6 87 65 49 69 35 22 95 3 32 29 75 77 37 55 1 7 65 8 74 69 22 4 24 40 8 63 30 23 95 70 69 57 52 32 97 84 44 20 97 11 78 47 50 100 25 65 72 36 44 1 76 25 63 4 74 46 29 25 37 97 54 65 28 78 60 97 58 21 52 100 20 21 88 69 41 57 56 67 41 3 88 66 26 36 71 94 80 77 14 58 30 28 100 4 21 42 62 92 94 60 55 77 57 25 1 79 100 81 87 79 73 42 95 4 88 6 84 41 21 71 27 7 95 41 14 55 49 92 7 36 38 11 81 78 53 11 95 99 82 99 81 72 2 26 41 73 45 81 9 63 78 9 72 70 31 16 44 94 77 4 12 83 100 90 12 97 14 45 81 64 82 45 47 56 65 93 37 38 63 16 43 50 75 68 62

48 55 4 53 16 15 5 5 4 32 49 32 4 34 11 3 19 48 27 5 28 34 4 3 32 1 2 2 20 47 52 29 4 19 13 11 16 20 13 22 29 6 19 38 24 15 47 55 16 16 3 3 29 12 8 10 7 24 28 3 37 40 51 20 1 1 4 8 2 10 44 33 2 36 44 20 48 29 24 14 30 18 7 18 43 13 70 14 27 11 18 24 4 3 53 32 2 4 65 6 13 23 14 27 22 18 21 19 21 45 25 3 1 3 20 25 19 15 16 49 3 13 16 18 48 8 53 43 28 13 4 8 4 64 11 3 32 4 24 48 23 20 29 10 29 6 35 3 52 3 29 24 4 8 12 49 51 34 21 22 6 1 3 8 57 4 13 4 68 5 30 19 1 12 1 25 11 25 70 13 25 9 26 38 27 35 12 1 5 16 1 28 69 43 1 15 12 16 35 58
56 69 5 64 33 58 8 35 23 37 80 48 60 93 35 32 20 65 30 15 44 39 20 3 42 2 48 5 38 51 57 36 38 24 27 33 24 37 25 25 30 22 64 47 33 39 56 70 52 24 33 4 41 27 25 62 11 25 41 6 62 44 59 61 30 35 9 50 19 12 57 33 20 61 56 45 49 31 36 16 31 26 11 22 58 47 80 31 54 16 59 42 9 10 58 64 43 19 75 16 21 51 41 76 23 23 66 62 23 51 41 11 50 11 46 64 59 22 24 63 30 26 59 31 71 10 58 60 33 21 43 23 26 74 14 56 42 12 31 49 39 25 53 16 37 17 47 6 56 21 31 32 20 9 15 49 51 49 47 43 22 31 9 18 59 13 43 8 79 28 42 42 23 40 16 66 39 70 88 13 31 55 57 42 74 39 34 23 8 37 51 51 78 58 35 74 40 34 76 78
76 75 21 78 62 75 61 61 30 44 86 68 65 97 35 33 21 73 53 40 98 46 33 46 93 15 63 54 79 73 72 60 46 40 42 57 75 67 26 46 51 30 79 78 67 54 71 88 58 46 46 9 46 44 87 72 12 70 56 23 74 60 61 63 37 53 30 52 45 88 70 63 28 63 88 52 56 72 70 72 42 39 84 40 76 64 85 68 82 69 61 94 79 32 85 80 51 24 79 17 26 79 67 92 53 74 82 83 35 51 59 25 54 47 47 77 65 25 47 67 34 48 67 43 77 35 81 79 62 48 45 24 38 74 31 73 43 26 33 56 77 26 93 63 62 21 71 65 77 39 61 67 36 34 47 51 82 51 47 72 36 34 51 46 81 29 71 27 86 72 58 44 72 63 62 67 52 82 90 16 49 59 69 59 92 77 51 72 63 60 65 60 91 72 62 76 52 61 93 83
79 90 29 79 67 82 68 83 44 62 96 89 91 99 63 69 37 93 73 88 98 94 73 100 95 82 93 76 86 89 87 88 87 55 87 95 100 92 48 69 74 38 79 83 83 56 86 90 63 83 80 13 93 98 93 93 77 78 97 78 93 80 83 88 38 99 96 89 67 94 72 100 43 79 99 84 57 78 87 81 94 74 87 99 84 79 96 80 85 92 77 97 92 83 100 83 52 92 88 99 58 85 98 92 65 83 88 99 65 95 88 57 92 69 92 87 79 44 67 91 42 71 89 52 81 66 85 91 91 73 100 53 41 96 45 92 81 93 98 90 94 34 93 65 66 68 76 69 98 47 84 68 86 40 52 89 93 60 94 75 67 79 64 56 94 59 90 91 97 85 98 99 85 98 93 85 96 93 97 82 94 78 90 84 99 85 89 77 100 81 94 70 96 88 80 79 76 83 94 96

98 65 24 71 90 82 60 75 57 29 27 60 23 60 49 63 62 3 86 20 48 94 61 68 37 44 71 58 48 29 47 4 94 65 77 44 70 78 4 27 12 10 70 88 18 84 68 8 93 87 68 73 64 45 42 55 61 43 58 57 39 30 82 10 67 68 22 95 46 67 53 97 8 7 86 57 47 69 87 18 43 48 44 38 38 53 85 96 94 37 63 72 9 2 84 20 78 43 54 52 31 92 46 68 27 88 67 49 77 20 79 21 71 4 62 82 93 50 90 3 44 47 95 52 43 41 95 79 88 100 93 75 21 60 88 66 31 17 88 84 15 39 11 51 71 54 8 66 75 32 43 45 23 33 65 78 63 16 60 35 70 83 17 76 5 14 7 34 72 8 76 34 60 69 62 71 6 73 52 78 34 36 69 18 44 52 80 47 96 5 21 79 41 46 14 98 96 73 27 2

198 722 269 259 343 1773 338 321 148 1892 112 36 210 712 170 315 1229 50 274 752 558 462 1599 53 157 144 300 348 667 330 1444 265 594 80 151 1729 182 434 697 104 200 46 347 532 223 195 400 345 332 516 482 103 329 1182 172 529 101 568 161 225 171 115 332 162 16 1142 353 400 122 726 461 153 76 526 174 253 673 2469 284 1459 298 206 294 2348 118 201 323 1718 477 287 229 404 854 244 11 453 510 53 324 1165 496 141 252 90 1062 121 324 172 413 149 188 1017 365 400 332 406 145 327 309 279 440 160 1512 164 171 278 435 1695 1047 1384 667 208 84 497 215 187 154 95 188 459 69 367 274 698 50 387 478 459 1247 352 112 373 1164 129 606 459 285 167 26 1016 1038 53 809 1010 563 126 632 929 291 889 453 139 320 1386 439 129 419 1730 115 539 134 962 181 289 415 913 53 980 179 234 102 1011 1145 1537 676 172 1048 478 287 323
328 1382 1058 415 549 1814 590 465 171 2402 278 107 318 831 210 900 1539 1372 484 1054 1123 1392 1985 587 802 370 488 1079 824 386 2261 287 1497 336 173 2920 603 1346 957 408 816 262 461 545 227 488 534 364 955 546 862 502 659 1276 297 861 126 766 289 1656 190 401 437 197 823 1973 822 707 249 1129 534 250 89 936 248 735 1048 2565 459 1781 581 654 370 2600 297 538 404 3149 493 312 463 745 984 269 1243 615 1435 474 498 2322 639 1192 561 437 1694 140 361 194 621 1031 573 2384 907 605 521 722 320 424 2418 372 1256 645 1817 614 713 354 531 2080 1168 1450 1183 231 147 1074 592 602 1848 681 1335 572 99 472 549 831 62 1371 1395 983 1653 1151 409 589 1351 450 859 1913 601 322 413 1337 1543 270 1367 1987 571 284 970 1962 314 1237 712 1464 1203 2357 707 911 491 1839 654 978 376 1307 336 334 566 2194 224 1336 593 614 780 1094 1284 2390 686 613 2119 1112 2934 411
733 1766 2084 1769 683 1901 652 626 278 2870 747 416 457 1282 614 1487 2682 3863 976 1224 1352 2765 2999 588 2140 390 497 1242 886 498 3101 703 1545 602 200 2941 741 3577 1087 758 1389 452 835 747 628 1014 733 508 1127 653 1487 516 3896 1721 1780 1345 145 1025 385 1673 408 635 549 584 980 2338 2283 1835 406 3343 585 330 449 1884 358 1149 1732 3194 511 1927 730 763 770 2776 425 988 533 3782 934 597 898 1030 1021 386 1491 841 1573 534 597 3620 1757 1764 859 1233 2170 322 587 921 715 2924 786 3226 914 1196 624 725 694 976 3058 515 1786 752 2821 725 743 2583 1351 4025 1747 1499 1493 345 803 1591 610 610 2314 1510 1448 601 465 1574 586 1224 214 2503 1611 2058 3306 1945 972 1173 1438 652 860 1927 1840 373 1106 1585 1751 775 1817 2638 860 877 975 3617 423 3697 724 2168 1361 3143 1895 1052 1067 2813 1046 989 385 1487 364 416 1246 3129 247 1823 758 641 884 1265 2670 3003 1070 643 3155 2088 2983 953
978 1772 3171 1860 1057 2071 754 633 1038 3374 919 828 622 1704 802 1934 3300 3988 1049 2974 3648 3551 3551 1028 2524 786 610 1998 916 789 3868 902 2556 1610 1788 3765 772 3847 1471 799 3535 895 906 813 729 3966 760 639 1741 727 1980 548 3922 1822 2611 1378 613 1812 786 1767 1252 731 836 1333 1700 2552 3008 2014 844 3993 701 450 533 1943 729 1497 3794 3692 683 1933 1049 1700 939 3098 636 2515 582 3806 1001 704 899 3386 1139 699 1559 896 1921 1013 938 3700 1808 2460 1192 1671 4031 682 1765 2071 1172 3005 963 3998 1064 1619 929 976 709 980 3329 721 2046 986 3569 738 850 4068 1554 4089 1898 1934 1998 552 920 2319 887 774 2503 1948 2813 951 683 3283 778 1928 963 3260 1995 3267 3747 2042 1342 1904 1465 923 951 2072 3861 1383 1682 1831 1821 940 1909 3093 1044 954 1425 3951 618 3943 738 2483 1639 3311 1925 1647 1582 3865 1078 1148 752 1857 601 724 1782 3335 272 1827 1048 791 1023 1650 2710 3918 1211 705 3905 2871 3974 1379

92 615 26 36 23 1656 99 219 134 1771 42 20 102 479 92 100 208 20 147 515 205 316 901 50 144 24 201 15 577 297 1220 56 570 28 19 1010 120 159 613 91 187 11 257 299 204 43 6 72 223 62 17 78 68 404 142 223 94 47 100 17 88 15 104 13 1 933 266 395 56 687 350 21 45 499 84 224 340 273 92 789 99 181 102 842 33 142 142 728 5 211 195 58 536 75 3 28 348 43 67 747 170 115 29 31 104 13 241 148 370 2 164 919 205 293 305 187 113 44 240 60 153 34 797 147 103 34 229 1614 786 488 613 119 37 467 37 35 152 22 115 389 29 167 42 114 20 263 400 40 252 46 5 99 599 127 471 395 163 109 18 19 472 21 683 943 43 11 541 308 256 708 130 105 94 431 284 72 78 1060 102 316 25 288 5 44 135 258 24 604 21 226 60 158 440 674 668 81 43 413 204 77
