200 4 1
7 13 70 25 91 65 10 33 71 11 49 18 50 36 84 74 96 7 75 49 81 85 91 50 86 5 87 4 25 63 63 19 14 39 10 79 44 48 62 2 26 83 70 70 100 66 86 74 25 89 35 19 82 98 69 58 49 60 24 68 1 9 41 16 64 77 55 20 67 43 49 65 39 39 51 57 96 91 28 56 28 27 28 56 41 7 15 78 74 19 92 42 100 33 70 22 82 32 30 100 8 9 26 4 29 18 14 8 51 52 7 76 81 24 58 29 14 88 12 59 53 40 65 5 71 90 59 24 68 37 63 64 68 92 64 6 5 63 36 98 80 79 85 78 50 29 27 92 29 95 91 27 74 70 92 68 93 64 35 48 68 60 94 61 13 18 3 6 3 30 32 91 65 42 46 41 84 30 40 76 48 50 88 87 82 81 83 31 81 1 1 60 46 57 17 88 55 17 77 29

12 27 15 28 46 58 5 22 8 17 20 16 20 2 23 20 8 6 7 31 57 20 10 10 11 2 30 1 19 16 21 26 17 1 16 15 7 1 9 24 31 7 24 2 28 54 6 3 23 18 5 28 2 37 27 14 28 3 24 33 11 18 4 35 41 18 5 51 7 20 22 4 8 27 3 27 20 4 26 45 12 13 9 9 21 7 7 14 15 16 12 45 12 60 9 65 16 24 3 2 7 10 35 9 13 28 15 17 32 50 6 8 20 8 29 20 14 10 1 8 21 34 7 19 3 45 10 4 6 2 48 4 2 42 11 81 2 2 5 15 17 7 64 7 7 34 48 3 11 34 40 47 58 19 9 79 22 12 7 15 58 2 5 16 18 36 2 37 12 1 16 24 19 10 41 78 11 50 9 22 10 4 25 2 27 46 54 12 11 15 57 25 25 24 25 11 10 2 12 44
30 28 24 47 58 59 48 35 12 41 50 41 86 10 56 23 48 49 32 40 63 26 45 13 26 37 41 41 38 19 37 55 26 4 42 23 24 3 40 29 35 25 42 26 31 65 47 5 55 19 26 40 49 65 60 29 40 27 53 48 42 30 44 76 42 61 11 63 52 23 73 23 16 28 19 38 56 9 28 52 49 14 32 40 44 17 32 33 44 27 23 50 12 74 31 66 18 43 29 21 10 11 64 41 22 81 35 18 43 53 77 17 56 24 41 51 14 28 8 16 48 46 41 57 8 62 20 16 77 6 72 18 11 62 40 90 44 43 63 77 30 28 72 82 21 55 49 36 64 64 50 61 68 30 48 88 36 27 35 70 81 5 20 64 68 41 21 39 38 6 38 35 43 56 46 84 32 61 39 30 17 18 57 23 48 65 56 19 44 27 68 33 25 25 38 19 49 9 47 45
90 53 37 65 60 63 86 37 34 49 78 42 92 28 60 25 57 68 48 90 83 61 53 27 34 52 83 55 47 54 55 74 55 29 71 33 34 21 63 43 66 74 61 45 32 80 94 63 58 33 27 51 67 79 61 35 80 35 56 55 43 33 49 90 59 80 36 65 76 29 92 44 92 61 39 62 70 58 39 58 51 27 40 43 61 26 36 64 70 51 27 81 31 77 35 69 59 60 59 85 55 26 73 45 22 91 44 26 60 71 82 75 67 49 63 55 45 47 41 22 50 59 43 88 29 91 24 45 98 85 90 33 55 68 44 94 79 71 64 77 51 29 79 85 37 61 51 40 66 88 53 66 92 66 48 96 81 62 44 74 84 46 33 93 91 79 25 65 48 22 62 96 57 66 47 93 70 64 43 42 89 34 64 72 54 77 68 66 63 99 93 45 27 69 66 38 72 16 58 68
92 76 100 81 65 66 90 61 81 63 83 83 96 68 70 85 98 85 85 91 89 98 77 95 90 58 88 64 71 71 94 93 96 58 98 100 54 76 74 94 87 95 94 49 74 97 95 84 80 53 92 52 86 92 63 74 81 53 100 67 77 44 82 95 77 99 89 99 77 60 99 91 95 68 46 98 90 71 42 87 73 48 70 96 91 35 36 68 92 63 58 88 52 90 49 77 92 73 79 93 75 29 76 90 53 99 99 67 89 78 93 84 72 70 69 72 89 89 85 45 97 75 88 99 70 97 71 51 99 89 98 53 63 100 67 96 100 100 77 99 75 53 90 95 93 63 85 44 97 90 97 70 98 67 79 97 87 88 70 96 95 55 71 99 93 95 65 98 86 22 67 99 100 98 81 98 100 69 71 69 98 49 64 86 91 94 73 91 81 100 95 72 64 90 85 61 87 86 98 74

28 14 79 41 10 5 88 26 94 27 95 89 1 73 58 30 75 22 84 12 47 88 27 65 3 96 92 54 3 67 64 41 87 52 39 18 66 62 73 8 23 53 26 44 66 60 96 49 56 89 98 28 44 81 57 62 77 72 61 36 82 62 67 34 20 98 79 61 16 97 23 70 42 11 16 70 94 98 19 51 7 7 38 73 77 39 32 82 14 79 51 90 84 93 78 10 54 31 76 55 56 19 2 54 74 72 17 53 66 91 49 59 87 35 66 85 23 4 1 33 61 73 89 35 72 10 95 14 91 99 33 33 98 58 61 5 14 59 61 65 51 73 30 18 50 18 64 70 28 96 47 71 96 45 17 77 95 39 44 91 53 19 33 49 50 9 99 48 15 19 21 14 93 57 85 34 11 59 93 58 28 18 42 92 3 100 44 92 14 49 37 12 81 100 42 57 17 61 97 69

31 192 444 183 95 296 295 142 527 1119 334 445 1483 1262 973 552 135 450 449 705 644 396 137 680 227 288 734 63 66 754 288 469 258 164 32 547 2769 624 1188 190 107 122 326 1806 107 549 1364 245 327 796 820 421 2178 1397 178 855 145 130 256 81 86 219 144 1158 430 366 73 28 397 205 300 182 516 241 237 1390 350 1408 171 129 488 278 695 216 538 632 1058 179 101 236 705 151 682 2424 1274 69 146 398 237 139 150 314 472 788 665 255 365 104 324 308 639 99 173 904 1171 35 60 1702 124 93 1032 380 1074 1067 99 626 138 1085 960 415 829 278 70 288 854 543 344 267 643 98 1516 872 174 182 293 277 461 879 52 365 317 792 241 452 203 184 1198 244 57 240 1402 206 836 650 68 184 917 110 572 86 349 510 451 77 90 116 1451 76 83 260 785 200 283 882 404 107 217 89 360 758 943 165 62 95 595 960 79 344 111 167
476 776 706 695 1344 762 662 495 859 1126 1327 447 1565 3228 991 1465 144 460 622 870 688 459 390 1234 1067 686 1111 152 1510 1053 856 739 433 745 42 1443 2812 645 1269 199 151 791 512 2517 1492 768 1634 1030 853 1377 1584 750 3058 1612 238 1039 363 454 395 222 482 497 576 1684 431 549 242 1595 433 1169 530 705 557 798 320 1648 592 1677 284 346 690 1277 853 487 1047 1322 1171 414 327 664 1528 220 1249 2634 1610 1091 223 889 904 323 653 413 498 2804 792 751 1081 1025 394 323 2107 109 720 1093 1187 226 523 1872 745 501 2042 992 1093 1143 626 1453 1809 1363 1398 639 938 676 1193 917 2151 1260 486 1038 851 291 2205 1121 637 577 596 280 704 1333 1369 693 395 1112 891 464 558 258 1698 700 256 300 1426 369 1369 996 138 240 1585 2751 1247 123 1136 523 496 279 413 208 2004 349 149 1038 1896 1777 1176 1622 877 268 1302 474 540 1364 1172 347 1553 239 791 2158 918 459 2648 229
548 831 853 1270 1496 961 1406 546 979 1177 1541 459 2200 3348 1776 1530 562 750 909 1939 2458 1817 611 1257 1320 1024 1466 275 1568 1192 937 1080 469 782 86 2880 2938 1422 1742 604 248 850 3263 3162 2553 971 3121 1906 971 1484 1608 756 3439 3850 594 1579 1082 574 803 329 979 557 786 1897 539 971 560 2161 723 1339 1710 738 1090 891 1488 3171 1100 1911 710 887 818 1281 943 717 1615 1685 2923 1379 473 900 3272 1004 1576 2673 2040 1485 1344 2051 1665 614 941 611 1051 2939 936 1645 1123 2158 565 417 2749 570 1363 1434 1710 297 630 2267 890 568 2291 1688 1870 1669 707 2828 1950 1372 3836 966 1644 736 2204 1697 2291 1616 667 1233 953 397 2389 1236 752 579 637 468 1528 2212 1534 934 495 1548 2210 885 805 309 1893 1266 639 625 1468 859 1373 1309 732 885 1771 3643 1777 421 1177 704 560 1256 1026 1434 2815 1402 317 1412 1910 1849 2032 2513 1611 435 2029 564 585 1582 1368 481 1917 581 806 2452 1016 508 2833 283
811 852 1637 2861 1715 1642 1741 661 1062 1435 1793 498 2834 3576 2095 2055 748 911 987 2036 2636 4081 1077 2038 1453 1477 3687 1441 1925 1277 1003 1678 1731 1037 889 2985 3324 1431 1808 882 483 1042 3463 3215 3286 1036 4046 1997 1271 1703 1620 835 3532 3921 996 1740 1533 908 1821 664 1012 647 961 3008 932 1312 681 2902 746 2696 3463 918 1483 1381 1806 3633 3224 3533 758 926 911 1839 976 916 3538 1989 3964 2533 880 1014 3287 1067 1814 3916 3381 1709 1927 2706 3315 931 1952 713 1469 3635 1004 1700 1374 3536 1005 493 3195 955 1950 1845 1991 953 1639 3772 895 833 2774 1968 1911 1692 1907 3449 4053 1862 4027 1005 1898 1246 3875 2014 4052 1771 911 1448 1784 951 3787 1889 868 1038 1655 567 3939 3524 1653 1000 753 2951 3837 918 1044 315 2456 1732 833 664 2055 1039 1936 1518 969 1759 1958 3980 1850 448 1419 915 837 1261 1036 1558 3487 1631 1247 1602 2248 1983 2577 3541 1886 547 2354 1389 903 1731 1579 712 1935 948 888 2886 1047 682 3345 414

29 175 34 8 61 155 213 88 66 576 12 155 104 1155 283 493 47 83 252 671 72 74 13 74 1 71 656 40 3 162 230 468 145 6 4 406 2751 92 18 5 102 74 25 1735 10 217 293 205 137 155 172 113 1180 1320 2 350 56 25 123 57 78 168 14 730 296 258 8 11 90 21 131 67 19 89 48 400 175 1216 96 44 367 150 240 129 323 447 439 38 35 30 198 12 400 148 57 65 78 355 95 131 6 169 100 96 569 12 81 100 13 31 273 64 109 366 579 32 22 1006 11 63 283 178 462 455 76 425 30 200 219 52 692 77 54 89 672 436 273 140 505 93 94 106 15 129 223 24 309 873 9 89 235 424 22 418 93 182 528 124 16 135 514 48 734 597 5 101 64 79 502 82 169 189 372 28 7 110 34 20 21 219 110 66 56 255 293 61 57 85 71 112 730 29 24 66 480 155 23 80 67 34
