200 4 1
32 54 13 85 4 2 61 54 97 17 72 59 46 86 23 100 60 29 81 34 90 66 91 57 33 48 48 11 61 87 82 98 45 13 86 63 96 100 68 18 1 87 52 62 36 60 94 29 62 10 59 13 7 57 86 18 79 82 43 4 8 19 12 68 34 51 80 63 9 73 72 91 96 27 85 8 89 26 4 97 18 45 94 59 37 86 73 38 75 9 1 42 14 35 86 16 67 46 44 84 99 50 41 61 87 91 74 85 59 52 56 71 71 81 56 89 36 3 97 97 50 57 60 78 18 66 48 88 93 22 78 35 3 19 66 52 92 99 5 45 11 4 3 95 64 9 51 1 19 89 32 8 37 66 67 57 49 48 41 37 27 84 8 83 34 75 18 95 53 53 21 88 31 7 71 55 8 98 13 95 75 46 12 33 70 46 20 100 73 67 96 41 79 17 15 3 46 91 86 100

33 71 12 39 7 4 51 11 51 32 6 20 2 3 6 20 11 63 21 33 62 13 8 60 46 32 29 29 20 11 8 4 21 34 13 34 4 11 4 8 16 66 31 46 20 11 19 77 24 1 2 24 29 17 13 14 7 61 27 2 13 29 50 3 33 34 8 28 3 11 10 69 18 25 10 2 12 25 8 13 21 2 10 20 17 12 22 17 24 8 13 31 6 5 7 11 35 32 62 34 38 44 19 9 5 25 4 27 5 4 20 40 1 9 21 7 14 14 6 4 1 40 20 14 2 9 10 36 25 6 34 15 15 43 52 13 18 26 16 18 6 1 39 28 17 13 39 3 6 25 18 7 44 24 26 13 64 4 11 14 2 24 39 43 4 48 9 36 51 19 58 10 30 15 54 1 35 15 39 16 5 10 47 60 21 9 42 19 30 2 28 4 17 2 1 14 2 2 30 32
51 87 40 51 47 31 53 41 58 37 24 33 10 21 42 28 12 81 24 39 84 68 51 69 51 79 55 31 31 30 23 49 64 59 29 84 17 39 10 53 19 66 35 53 38 28 32 82 52 20 11 27 30 24 33 44 11 67 40 9 14 36 78 18 84 48 37 56 74 25 31 78 41 67 19 44 49 35 33 59 55 28 35 81 21 33 26 37 61 31 21 46 34 8 32 43 40 39 84 48 57 45 32 24 32 29 14 41 10 33 41 81 49 29 68 39 14 31 21 15 3 55 21 49 5 76 33 41 76 21 54 41 29 47 52 29 46 34 17 28 72 34 44 38 49 29 39 13 19 45 25 18 88 26 28 14 69 20 27 28 27 38 56 53 11 64 10 61 66 20 75 14 38 16 71 49 37 46 43 34 40 27 54 67 50 22 81 49 38 22 43 14 63 7 46 39 46 37 36 41
64 94 70 70 80 62 89 51 59 52 32 41 34 41 57 40 31 88 80 89 95 69 81 94 57 79 83 48 44 68 24 73 65 61 40 91 51 45 27 72 60 81 47 70 71 49 39 84 69 49 25 50 33 30 87 86 19 71 45 48 61 45 95 64 90 48 46 79 90 34 44 80 61 67 19 66 97 76 56 72 91 62 71 96 68 50 55 54 63 77 25 68 35 14 42 82 66 46 86 64 64 63 49 64 48 41 41 49 98 40 54 87 77 69 87 42 25 33 38 39 6 73 71 76 51 92 58 46 94 46 92 47 38 79 69 63 58 40 25 38 83 89 60 58 58 42 48 15 21 77 87 57 96 71 29 64 73 36 40 54 61 43 58 70 36 81 66 72 67 64 79 26 71 19 74 66 39 81 44 65 58 29 55 91 71 24 83 77 44 30 81 38 73 27 71 81 63 55 39 50
83 100 97 86 96 72 100 59 98 96 63 45 55 75 100 96 99 97 93 90 97 92 97 96 72 98 87 68 94 92 43 86 75 80 72 97 79 97 71 87 81 95 82 93 99 79 78 96 71 86 94 100 77 52 99 100 23 76 54 62 86 85 96 79 92 65 80 79 100 53 57 91 71 99 49 74 98 93 88 83 92 94 75 97 68 68 55 74 98 82 77 77 37 85 59 95 95 49 97 79 70 67 50 88 78 100 78 87 99 92 98 94 95 87 99 98 90 38 83 41 19 77 99 98 59 97 67 86 98 49 98 91 44 100 94 88 78 85 93 99 90 97 68 78 67 45 54 57 97 97 97 79 97 77 53 73 73 53 77 56 69 57 78 85 76 100 89 77 77 82 89 51 83 48 84 84 46 87 95 76 98 52 72 94 85 38 90 99 58 75 92 45 81 71 100 93 84 66 68 78

55 27 54 27 70 62 2 49 77 6 12 76 62 15 91 82 79 55 17 21 11 81 39 60 86 81 47 79 86 14 44 18 89 92 98 98 16 77 57 4 34 39 32 63 88 18 94 30 40 53 67 76 94 56 35 48 5 52 29 16 80 86 75 55 38 10 38 44 7 49 25 96 79 7 22 46 70 41 86 58 97 53 79 63 12 50 99 15 99 30 66 10 85 66 63 65 51 77 46 75 49 67 89 93 34 25 46 81 18 96 47 44 8 52 47 22 21 73 87 16 70 72 30 8 41 35 3 53 94 97 45 2 1 78 6 37 16 5 18 67 11 81 60 54 8 24 28 38 26 43 88 97 51 76 97 71 13 71 87 60 4 65 9 52 2 13 27 35 35 91 28 43 62 2 74 22 46 40 86 88 40 92 73 95 6 1 65 22 16 67 41 92 24 82 45 60 13 69 94 53

291 1042 48 338 203 1335 689 797 151 571 374 117 1499 516 581 608 86 276 1322 228 1113 196 456 76 422 387 137 1006 815 1216 610 1180 351 59 877 166 441 705 123 182 1348 544 383 401 84 221 842 2078 203 372 238 281 740 91 266 1454 403 244 506 1494 217 83 147 177 1281 189 286 999 67 270 590 1796 1083 723 503 179 354 60 116 1694 548 675 363 141 153 1978 371 1591 1827 2962 625 769 310 43 1913 739 1275 133 1917 180 284 651 108 188 729 917 507 683 128 412 373 782 1927 1405 1891 309 2068 560 482 591 319 1133 187 89 40 389 444 588 142 139 556 153 508 335 787 794 634 1035 529 1756 574 731 1080 201 633 161 744 1234 1115 145 254 483 320 882 780 176 143 635 1489 167 333 214 211 108 617 143 235 131 188 1041 1509 143 46 313 312 1033 354 544 130 412 254 434 40 442 415 112 21 539 159 181 442 553 96 167 244 65 373 667 834 230
396 1395 74 818 247 1575 1016 1033 236 787 553 135 3043 964 711 613 1017 1275 1880 744 1421 1048 513 1968 695 638 1280 1737 852 1227 637 1350 642 178 1648 506 534 963 141 831 2031 808 394 2544 836 264 1408 2201 289 450 637 989 1015 170 311 1603 500 282 619 3230 879 162 676 196 1614 2476 635 1701 362 776 1038 2029 1979 1427 1485 380 971 249 318 1700 1765 683 1997 758 1278 2389 2090 1609 1860 3003 828 771 338 215 2141 989 1303 470 2459 2478 321 732 369 629 951 2314 739 911 626 437 561 1219 3047 1719 2424 604 2104 632 553 818 403 1261 252 382 158 645 680 1078 217 392 708 314 703 1001 793 1277 1258 1252 557 1841 1121 881 1250 215 695 317 1301 1573 1314 664 419 606 745 2090 982 294 176 1222 1763 698 827 1289 391 432 699 230 720 188 402 1308 1572 406 557 324 380 1040 490 569 446 456 758 436 104 1305 1502 534 1856 608 329 191 1489 1963 539 306 428 162 406 822 893 3089
415 2032 324 876 1591 1642 1926 3493 409 1205 793 423 3428 2677 868 838 1974 1672 2518 1379 1848 1419 783 2381 2398 746 1651 1781 938 1980 790 2390 655 753 1723 515 873 1006 607 1742 2357 1465 832 2797 1296 546 1462 2347 1773 1042 933 2817 1019 301 330 2910 568 820 695 3234 2966 919 1395 394 2475 2817 1078 1962 1072 1187 1693 2346 3409 1470 1914 618 1016 1160 687 3251 3652 689 2371 799 2904 2483 3556 1794 1933 3207 840 1022 734 572 2985 1969 2542 684 2753 3183 1620 857 427 933 1689 3986 772 956 690 566 821 3639 3485 2099 2787 698 2574 691 599 1031 458 1379 414 558 1304 745 2876 1564 813 506 868 318 755 1315 1455 1476 1554 1653 593 2412 1184 931 2685 404 811 588 1729 2661 1332 752 761 779 763 3214 1050 1293 233 1915 2206 829 1299 1786 582 1168 717 370 1763 534 823 2733 1892 1023 1140 597 460 1351 828 859 475 493 771 2102 328 1559 3302 550 3134 749 365 630 1741 2052 832 545 900 194 733 1692 1382 3419
922 2054 666 921 1770 3882 1958 3505 1031 1749 1851 960 3908 2970 1018 3342 2021 3187 2638 1631 2069 1478 834 2874 2803 985 2608 2006 1023 2073 918 3635 930 860 1777 957 1035 1044 871 1852 3672 1910 978 3486 1829 922 1874 3526 1916 1838 1158 3696 1614 639 379 3466 953 1012 988 3618 3893 1382 1904 629 4030 3321 1380 2203 1310 1393 1844 3777 3723 1806 1917 652 1480 1415 984 3920 3701 824 3232 902 3766 3097 3994 1805 3211 3502 1579 1366 747 655 3088 1993 3379 1045 3621 4054 2911 959 1773 934 1820 4035 781 1007 925 861 1016 3757 3728 3961 3150 1055 3496 910 633 2624 637 1517 441 829 1644 1636 3150 2083 1013 521 1612 597 959 1955 1689 1894 1857 1975 597 3445 1548 1238 3327 621 990 1774 1773 3503 3529 962 851 920 989 3585 1480 1661 685 1925 3916 867 1751 1831 730 1691 947 1304 2153 818 895 2976 3284 3950 1288 1341 725 1520 917 1871 854 1346 1052 2624 842 1804 3770 867 3873 873 1026 978 1772 2143 1006 586 1011 965 888 1748 1817 3837

24 544 16 193 122 975 296 191 143 124 319 21 774 436 483 20 60 161 730 176 1080 109 17 16 114 311 31 181 695 58 604 16 51 37 600 52 324 18 73 152 959 166 346 249 19 23 190 1402 140 336 33 220 245 3 81 108 128 111 365 1117 144 19 35 3 561 185 48 977 40 214 185 77 281 289 383 111 77 33 32 1496 163 142 255 94 151 969 119 1169 897 932 340 37 194 32 296 373 392 8 648 107 166 336 53 98 501 797 45 182 25 189 337 154 1665 264 419 43 1493 344 457 527 304 612 14 8 38 374 187 565 141 118 92 109 398 279 574 101 223 256 371 520 473 149 70 80 533 44 50 22 464 115 30 71 190 42 381 43 133 37 31 5 20 138 170 103 53 31 58 38 59 517 286 128 35 58 137 252 260 283 39 170 215 39 22 256 132 92 2 159 17 53 126 309 78 135 61 25 139 193 300 85
