50 4 1
72 81 66 11 3 7 96 47 74 74 74 74 55 10 55 57 2 30 95 90 14 87 85 29 37 50 98 36 30 7 68 6 95 89 47 61 21 16 50 56 90 71 64 68 63 86 91 17 82 81

46 28 8 8 11 12 63 32 52 20 45 1 2 43 7 3 37 24 21 7 17 28 46 15 31 32 46 6 25 29 25 4 21 18 17 31 38 22 13 15 41 39 6 8 6 6 18 18 17 59
55 33 34 27 27 12 80 45 61 47 85 32 37 60 21 21 43 34 57 77 65 38 59 27 45 45 51 31 72 34 79 31 30 20 44 71 48 42 26 21 50 49 23 47 29 68 24 44 21 69
75 76 59 73 67 69 87 90 73 76 89 40 59 65 55 22 54 74 79 80 79 82 64 77 79 70 68 54 76 63 100 56 45 46 69 77 83 72 60 27 57 59 31 50 44 89 42 67 23 79
88 82 69 99 82 93 90 95 87 88 94 89 63 66 69 48 97 82 82 99 84 89 100 78 85 75 71 64 79 99 100 99 76 57 93 84 97 85 62 89 92 76 42 87 98 94 48 99 47 95

70 90 20 60 37 84 30 100 66 10 47 27 66 32 81 96 86 65 96 78 23 12 92 35 70 60 74 1 92 51 31 49 41 61 87 24 54 71 85 21 67 67 24 77 94 94 55 13 26 85

107 94 126 37 383 19 143 74 283 110 91 250 160 125 128 458 289 36 194 214 197 97 154 147 163 133 135 170 64 190 113 168 308 240 266 129 25 357 131 183 288 72 398 71 80 161 145 272 207 299
361 191 178 38 572 225 177 86 325 137 356 554 250 137 136 484 379 54 811 255 219 120 787 175 235 233 302 196 355 203 222 377 579 330 791 151 191 451 183 468 341 77 485 198 126 191 278 275 208 325
502 199 181 60 822 445 318 160 425 141 464 570 315 170 192 848 415 85 1015 312 235 216 819 451 236 373 356 231 374 389 296 384 601 455 849 188 251 635 214 839 566 193 510 304 245 218 348 387 257 682
557 206 242 253 882 496 327 228 510 189 511 883 440 171 199 862 434 179 1058 329 274 247 982 516 259 463 519 370 502 422 477 488 654 560 910 280 443 804 265 846 586 296 521 532 351 293 566 434 531 1006

94 5 19 3 260 16 108 45 234 2 34 33 70 110 126 386 1 23 158 79 170 93 73 93 21 66 31 129 23 113 112 75 214 90 247 15 18 135 79 88 6 61 281 22 39 76 34 265 30 228
