50 4 1
64 67 45 8 83 6 29 14 98 52 54 14 1 84 48 69 80 80 77 69 39 78 58 39 7 10 45 100 33 38 93 72 63 53 45 17 16 58 42 18 94 47 99 19 20 56 84 80 93 37

51 28 13 7 10 5 1 37 17 8 26 34 10 10 2 3 17 8 8 66 69 29 15 13 10 44 24 33 14 16 3 5 7 28 9 20 15 12 11 11 3 19 11 32 23 11 13 43 25 8
63 74 75 10 28 67 22 51 47 9 56 79 21 42 33 51 66 29 39 78 86 35 47 59 26 81 28 35 14 35 42 6 12 29 10 38 19 30 30 47 16 29 12 35 28 12 27 55 50 20
64 86 82 76 50 69 32 59 50 11 62 97 46 55 64 78 78 68 80 83 90 62 60 92 61 90 42 74 46 36 57 15 15 74 78 38 62 55 54 51 41 57 75 70 75 22 82 61 66 49
80 93 94 77 87 77 70 80 66 26 85 98 84 98 75 82 85 75 97 88 91 64 61 94 75 95 62 83 88 96 62 31 23 75 98 77 94 88 84 84 95 69 94 94 76 78 86 99 80 100

35 64 93 68 98 43 29 51 79 82 75 87 18 71 44 64 62 6 28 20 37 64 48 82 1 48 51 91 93 96 4 85 87 79 2 52 37 79 87 76 86 88 1 3 52 54 35 32 77 55

167 97 67 25 89 34 64 460 240 67 213 131 86 511 249 167 259 138 180 750 64 104 325 151 464 125 51 225 35 79 458 112 124 92 104 140 103 160 293 205 462 84 153 540 36 84 115 209 442 154
406 414 194 50 298 432 88 563 355 186 256 172 221 551 575 201 282 201 296 914 67 161 480 176 945 211 183 357 309 262 585 252 751 133 130 187 226 669 469 211 947 189 308 724 58 126 185 271 479 154
487 534 243 73 521 511 142 891 397 196 263 184 233 870 799 222 425 206 297 974 129 209 587 198 973 213 254 477 467 274 775 262 796 323 202 430 229 813 648 236 956 222 517 946 169 190 250 279 710 191
575 785 281 185 527 735 236 970 411 281 269 256 235 1077 958 258 439 264 309 1030 177 308 615 213 981 370 417 546 744 398 953 285 982 422 258 433 241 920 889 264 982 226 528 974 232 343 253 333 795 285

143 36 56 17 58 26 3 266 212 61 39 124 51 74 214 94 252 35 88 662 56 62 195 7 313 73 7 62 5 61 425 86 17 29 87 9 40 3 190 11 51 29 151 474 16 58 21 75 143 74
