50 4 1
9 18 9 74 98 61 83 69 28 99 47 37 36 69 25 29 30 13 24 56 57 86 72 20 90 67 30 5 99 45 67 3 48 27 97 55 50 21 18 77 72 66 94 31 38 79 97 86 37 62

16 19 1 27 30 9 47 20 35 53 37 21 6 4 11 37 7 15 48 13 10 15 5 37 3 19 12 6 7 4 44 3 3 22 2 35 35 3 9 4 27 1 30 65 20 25 1 20 17 22
24 60 42 75 41 37 62 45 36 83 75 23 75 25 17 54 11 22 52 71 61 58 22 38 63 23 76 44 15 19 61 35 35 49 3 52 62 8 13 9 75 8 46 75 69 54 55 30 53 22
29 87 74 79 46 41 73 78 47 88 89 85 80 40 48 65 73 54 66 95 80 88 62 43 91 39 88 49 43 39 63 61 49 75 11 73 95 93 26 39 79 13 51 81 84 56 83 74 80 47
51 88 85 79 79 68 93 87 89 93 98 97 100 45 90 86 87 64 77 98 83 90 85 75 98 93 100 52 79 82 63 77 75 78 30 98 97 100 31 49 99 59 71 88 85 64 92 80 97 91

7 47 76 64 64 38 61 22 89 86 54 23 39 4 60 44 87 42 11 42 6 46 32 53 48 51 78 66 7 57 89 23 2 4 71 83 89 90 15 20 6 17 90 78 57 60 79 98 81 33

48 405 51 92 141 75 158 89 474 102 72 526 38 119 94 239 59 54 42 323 192 95 128 216 422 88 237 132 101 207 85 91 95 113 147 71 174 119 78 93 147 81 254 172 169 158 694 379 300 435
89 421 83 101 176 161 164 195 613 166 149 575 185 173 126 449 89 71 452 446 350 154 154 244 436 109 524 143 146 211 155 101 201 228 262 135 269 198 120 227 224 122 278 240 185 175 907 429 558 764
423 440 124 185 243 166 219 227 707 311 512 757 209 233 655 483 145 383 570 605 583 285 162 249 446 193 723 172 239 268 211 175 558 383 448 135 291 261 156 260 295 188 542 241 191 198 995 454 596 871
450 441 167 298 331 507 286 263 996 349 573 947 324 299 735 528 202 456 686 907 747 309 315 571 538 265 934 222 298 268 239 189 796 456 595 254 402 890 526 302 567 239 577 242 210 552 1084 527 703 978

32 151 36 25 91 45 66 73 216 3 41 154 8 15 18 142 28 19 33 97 61 91 48 97 205 42 230 28 63 149 50 85 46 106 132 59 89 80 31 77 137 24 212 47 15 12 186 211 29 277
