50 4 1
14 35 19 83 10 60 35 84 61 10 92 40 66 91 10 54 23 89 11 44 72 57 38 13 95 42 50 81 48 56 90 11 99 19 30 53 92 90 86 53 46 70 24 56 83 13 31 62 1 9

5 14 21 5 15 31 6 42 39 10 57 9 1 25 25 39 32 9 16 18 36 8 9 11 15 14 28 10 4 51 14 11 21 72 23 35 36 8 1 1 11 49 10 8 29 35 23 12 63 78
31 24 26 27 18 39 27 43 40 25 68 23 52 71 78 59 52 64 26 75 55 27 61 12 15 19 34 44 53 55 30 28 52 83 39 63 71 32 12 16 19 57 32 27 29 38 31 81 64 85
39 61 36 50 63 64 51 91 82 39 74 72 78 96 80 87 87 65 55 75 60 56 92 17 38 39 51 80 53 87 73 60 68 85 73 71 86 52 25 23 47 59 66 39 64 45 44 82 78 94
53 92 97 65 95 70 97 93 85 95 85 92 79 97 96 90 91 89 56 83 72 100 98 22 97 68 73 89 86 98 84 80 72 100 97 84 91 100 74 69 90 63 84 64 97 62 52 84 95 95

94 2 59 13 18 68 79 51 52 18 43 88 90 13 23 19 26 73 78 52 57 11 54 95 79 9 76 94 2 64 25 10 8 20 23 56 51 10 11 95 46 39 87 62 55 96 18 82 58 35

271 75 144 172 369 63 95 178 82 77 791 88 81 325 71 181 100 241 119 241 499 182 38 321 98 139 117 152 128 179 90 262 506 121 177 159 208 171 529 57 481 144 293 99 117 258 114 173 49 59
643 87 474 188 693 303 167 379 113 216 901 92 266 904 74 205 119 269 158 367 560 184 128 414 640 369 140 376 286 307 202 302 661 516 198 204 221 177 549 60 494 182 341 174 261 382 215 265 142 77
646 254 747 210 803 362 266 808 218 255 918 158 335 927 129 236 179 415 260 411 616 215 311 751 961 495 176 483 489 484 327 357 695 723 222 948 282 225 737 64 868 206 934 237 399 495 314 427 322 105
865 308 822 212 990 559 272 838 246 385 1021 176 341 961 206 243 212 1027 516 475 1054 305 323 864 1009 534 220 537 519 549 492 367 917 772 245 956 300 276 917 126 914 290 956 244 574 791 420 447 771 414

119 8 10 96 203 4 94 117 79 23 540 84 8 59 4 7 75 168 36 18 90 118 29 30 45 25 28 13 36 43 56 14 21 25 65 122 63 55 127 12 1 8 281 51 67 10 63 171 6 30
