50 4 1
18 19 9 60 5 30 83 50 68 32 99 91 5 8 1 4 78 48 14 64 78 31 37 76 56 49 64 21 60 76 17 11 17 79 17 81 33 78 5 93 89 72 88 86 41 70 23 56 88 97

21 7 36 72 16 17 68 9 11 35 5 9 66 5 21 30 46 43 13 17 13 12 5 36 25 33 6 8 41 4 7 55 8 39 1 10 55 3 7 23 1 20 54 5 8 15 7 8 7 14
32 32 52 73 78 47 72 35 53 37 17 17 84 15 45 80 54 52 17 70 19 56 30 41 37 49 12 37 57 37 51 66 27 45 55 34 64 8 53 41 61 41 56 36 20 54 45 45 43 28
55 75 90 82 83 61 90 95 68 40 51 30 86 51 62 90 85 58 58 84 30 67 43 90 52 78 32 75 69 55 67 69 93 75 61 37 67 53 62 70 75 63 64 45 68 59 72 76 91 82
94 85 98 91 86 79 93 96 92 49 91 77 94 85 70 97 97 66 91 92 54 78 63 98 92 100 76 83 71 99 93 91 94 100 93 45 71 57 94 97 96 95 90 86 93 84 94 86 100 90

87 82 40 68 81 15 64 78 56 77 98 58 47 47 91 67 64 88 47 24 89 61 47 66 5 65 90 44 3 46 57 54 86 30 80 23 98 9 31 38 99 63 71 8 45 85 30 80 7 27

231 165 20 300 42 377 181 513 89 53 142 172 8 26 50 69 297 79 156 336 114 82 278 77 78 67 90 55 186 168 22 133 117 159 30 117 331 109 63 94 117 115 200 147 97 90 92 228 108 187
431 217 30 330 260 411 364 794 140 84 309 185 428 77 98 133 307 567 176 459 118 91 642 106 484 160 264 207 413 200 207 140 133 579 61 489 471 220 85 205 186 123 221 288 156 146 148 277 204 305
436 420 220 802 874 460 402 840 286 190 383 211 437 85 105 216 611 580 311 481 136 222 830 133 501 200 510 553 460 441 252 182 159 768 131 803 772 273 156 281 253 427 309 568 226 210 182 342 319 449
495 770 434 1027 903 515 734 1049 309 238 585 295 445 230 106 232 755 858 509 510 363 222 920 260 512 218 884 1002 487 533 255 366 311 890 368 910 823 312 180 381 309 554 575 909 257 234 329 534 327 1002

21 63 18 40 17 262 155 455 2 38 16 92 1 20 12 59 288 11 65 154 30 20 19 75 14 42 47 4 173 61 7 37 3 104 26 89 101 61 26 37 19 79 144 54 66 38 24 34 6 149
