50 4 1
89 71 95 44 27 91 48 92 97 10 88 31 50 90 4 87 37 2 88 65 82 85 98 83 62 26 73 49 11 74 7 34 42 24 68 47 71 71 92 59 25 6 80 69 84 62 95 88 3 36

23 25 20 2 49 6 38 11 11 16 3 26 32 46 3 13 4 61 24 26 47 3 24 8 5 45 30 24 15 15 4 27 3 21 28 28 2 24 10 43 3 17 50 21 28 12 36 15 59 23
85 40 40 10 55 13 40 72 35 31 46 34 45 63 4 25 52 68 62 64 55 15 70 20 20 47 55 37 15 39 5 71 41 60 28 71 27 63 29 60 15 51 81 35 41 47 72 53 60 29
87 63 55 55 59 54 51 75 64 63 87 58 59 65 16 56 55 72 62 83 91 69 70 42 60 84 60 45 41 50 89 80 68 68 59 74 59 75 54 79 26 72 87 53 63 84 75 63 63 57
99 91 75 98 75 94 93 95 75 90 92 59 96 74 90 78 100 97 67 87 96 91 72 94 85 97 73 79 47 53 97 95 80 74 68 87 74 94 72 98 95 81 96 80 97 94 99 69 90 77

80 63 21 28 91 56 65 94 5 86 7 66 24 22 91 63 87 86 16 83 45 54 31 2 38 59 5 44 23 52 89 4 35 45 12 1 48 39 1 61 35 21 50 60 29 16 54 55 20 70

257 346 258 45 105 118 103 132 545 62 118 261 50 161 309 103 301 308 166 194 99 156 251 97 263 105 318 169 97 389 334 97 73 35 139 86 149 94 257 93 275 134 138 211 131 228 371 125 71 41
841 437 483 140 223 217 128 209 553 105 288 293 62 229 334 492 365 311 305 218 331 185 383 322 355 170 349 183 136 850 355 137 127 74 147 185 186 114 382 182 286 142 159 230 149 284 501 147 133 110
913 456 563 217 251 221 191 399 567 140 415 623 66 339 430 647 596 437 489 254 332 274 390 351 764 223 359 188 146 899 410 201 200 207 164 482 192 295 395 296 492 244 258 376 709 347 511 228 145 173
1048 526 776 220 468 262 278 536 573 243 483 1005 213 458 503 779 599 485 545 289 492 297 501 377 864 237 549 296 167 1066 417 232 244 254 382 508 280 303 739 303 524 279 385 529 904 449 568 277 242 261

152 196 246 2 3 59 48 37 478 39 22 133 48 112 181 68 229 258 47 62 91 21 159 1 61 81 277 73 30 137 153 15 9 30 35 31 59 46 39 49 262 16 118 169 90 26 289 47 38 31
