50 4 1
5 63 81 7 89 70 18 77 97 39 43 63 17 76 69 33 74 77 18 67 22 58 39 26 7 69 37 62 30 31 14 33 57 36 31 13 84 50 96 73 73 82 84 37 73 34 83 36 42 33

5 8 62 6 48 28 51 27 42 33 25 5 8 14 29 4 77 17 9 4 7 22 13 14 2 6 62 31 6 11 18 13 16 10 33 33 17 10 33 3 35 11 19 9 13 2 2 30 43 16
44 10 68 13 75 30 77 45 57 38 26 36 81 38 35 4 84 36 15 49 32 48 45 24 52 8 70 82 18 37 36 13 20 25 42 39 24 45 95 8 40 18 88 25 53 16 13 35 83 27
46 42 69 29 76 64 82 92 58 91 76 82 88 43 96 41 90 64 67 66 38 61 85 53 66 63 77 93 44 46 51 44 62 79 64 44 60 64 99 55 56 32 90 35 71 42 25 89 84 52
55 62 74 64 91 94 94 100 86 92 77 87 94 76 97 85 95 79 68 88 56 82 100 84 100 88 85 96 74 49 56 46 72 91 89 79 84 100 100 57 58 94 94 54 96 88 46 90 86 77

6 58 91 81 17 58 94 74 85 100 3 25 77 1 53 85 80 44 91 24 21 99 74 51 36 48 57 58 58 51 86 41 45 93 62 5 45 92 98 91 71 86 34 86 77 5 58 39 27 55

274 85 130 25 135 105 111 222 106 61 210 173 88 304 220 310 144 276 393 126 284 277 218 93 249 314 81 349 450 73 53 55 132 144 147 102 93 253 249 139 285 167 124 65 235 36 99 86 52 54
298 92 277 79 248 141 331 303 141 64 237 287 172 314 291 442 146 348 512 270 345 471 233 140 299 490 178 543 462 123 159 66 159 356 750 155 135 428 272 215 338 414 173 68 403 162 326 842 113 176
320 215 729 134 271 187 881 458 716 183 271 869 241 366 314 747 493 467 583 393 532 544 272 174 328 611 369 624 474 144 238 167 194 697 792 167 194 923 643 266 518 563 469 140 914 228 349 920 158 197
417 241 949 247 322 250 900 505 953 240 420 942 255 411 490 956 567 481 929 483 804 960 486 198 380 787 446 730 491 163 427 255 250 935 903 235 228 971 741 301 539 576 538 185 975 234 478 963 277 210

166 60 40 9 10 60 106 75 45 41 189 114 32 271 198 301 42 266 112 6 84 272 28 17 13 8 65 338 384 51 25 53 131 143 14 4 15 37 194 36 255 126 56 26 157 14 83 72 2 44
