50 4 1
36 71 61 55 87 70 89 91 15 76 20 90 88 38 82 34 17 16 41 44 36 26 91 60 59 54 63 24 9 92 75 75 57 1 66 1 68 84 48 18 47 71 79 9 92 13 50 22 52 6

2 7 4 3 40 24 45 33 13 40 20 55 11 41 9 39 20 8 26 5 25 14 5 8 1 11 13 14 2 7 3 2 38 14 44 50 9 27 15 8 28 6 38 40 58 14 66 33 8 14
29 7 12 8 43 49 45 62 32 48 87 58 59 46 53 51 47 18 37 13 37 36 13 22 54 16 34 18 30 18 4 10 39 59 56 60 39 34 31 27 52 13 44 63 72 23 66 35 40 25
45 26 33 22 81 56 47 64 69 48 88 65 61 58 54 58 58 28 44 27 47 45 31 64 68 17 41 64 31 74 56 28 60 80 65 72 41 51 42 38 57 22 80 73 73 56 75 40 72 37
81 45 39 93 98 66 89 87 75 76 91 82 68 69 99 88 73 91 53 77 67 100 44 86 87 95 51 76 97 92 61 94 97 93 68 88 45 97 92 91 70 30 96 74 89 81 95 99 92 80

76 61 60 33 95 3 53 27 40 63 25 90 46 30 99 14 5 33 14 33 93 91 69 43 6 62 56 38 30 94 93 8 86 18 40 61 18 1 4 41 8 56 80 14 69 92 83 68 58 25

381 139 732 95 402 394 289 103 38 369 174 162 525 108 157 222 110 38 325 51 62 38 101 157 186 63 84 39 321 252 80 202 193 56 122 114 147 111 220 178 63 140 83 121 228 79 151 61 115 34
416 270 754 130 517 583 458 112 94 586 438 299 527 136 285 236 227 98 572 365 168 40 124 318 198 416 90 266 446 431 143 391 415 92 125 115 315 185 318 193 242 495 445 190 265 86 707 90 124 138
502 695 928 163 634 632 540 476 405 724 589 327 700 177 378 625 635 123 831 747 181 116 187 320 302 462 142 504 724 802 163 466 799 165 289 219 517 189 344 243 265 769 598 406 300 194 708 465 196 140
516 728 965 164 903 1028 560 587 407 950 634 329 960 281 465 929 745 196 850 984 283 221 324 377 464 503 283 550 919 1062 234 485 818 230 443 244 526 233 400 251 415 888 661 416 338 518 1013 510 243 183

249 88 465 82 50 50 42 60 26 153 77 159 426 60 52 29 27 11 137 20 2 4 25 5 148 34 69 3 308 15 34 10 136 26 70 108 2 64 180 58 57 15 18 78 114 64 17 37 44 17
