100 9 1
47 33 91 49 36 18 10 35 70 86 43 75 93 12 2 62 98 99 78 14 44 51 19 76 71 12 75 71 56 95 63 58 70 88 77 53 35 61 19 72 17 7 98 62 37 74 18 28 86 7 33 78 93 58 46 9 99 73 76 57 5 61 98 72 17 80 1 39 87 28 60 35 5 94 87 12 73 10 73 19 69 71 55 60 33 8 20 39 6 59 31 41 38 46 77 24 80 20 7 89

27 2 24 7 3 9 11 34 16 27 8 10 4 9 18 5 4 18 1 6 2 1 30 10 7 9 14 20 14 6 12 6 1 2 21 13 7 15 25 1 12 1 3 9 4 4 11 4 16 13 2 14 27 1 4 7 1 2 4 21 7 9 7 23 12 2 15 19 7 39 5 2 2 13 19 20 29 2 8 5 8 26 3 6 4 14 5 4 9 10 7 5 8 17 1 3 19 9 9 20
34 8 24 22 12 20 12 34 17 45 11 13 16 13 26 14 16 54 10 28 10 6 33 12 11 16 28 26 19 19 17 12 13 14 21 27 13 16 41 13 15 6 13 16 16 17 16 7 45 18 5 14 40 23 8 8 21 12 5 33 11 11 20 23 20 12 34 35 33 42 11 17 8 13 26 31 37 20 36 22 25 33 12 7 6 18 15 8 10 11 20 8 20 31 19 4 30 13 11 42
42 18 34 29 18 33 39 37 17 56 24 27 27 32 34 24 39 55 14 30 17 28 34 12 26 22 30 37 22 19 26 24 19 31 24 31 14 28 44 18 29 17 20 28 17 40 31 12 53 20 7 31 62 33 33 10 33 47 15 34 29 37 25 31 39 27 48 42 61 44 14 38 17 39 42 38 45 42 50 29 31 37 24 12 6 27 16 12 12 25 30 8 29 48 31 14 43 24 12 42
42 21 37 56 32 41 46 51 22 63 67 32 32 46 43 24 41 63 52 32 42 57 35 31 45 39 49 42 24 25 30 46 40 48 44 39 14 41 45 23 36 19 38 29 21 45 35 48 59 40 40 37 74 37 40 23 35 52 43 37 40 39 34 33 48 27 50 54 70 46 33 38 37 55 42 38 57 48 52 36 44 63 31 12 12 57 29 38 19 50 40 11 33 58 40 23 63 25 31 53
53 26 42 72 39 47 47 70 25 69 81 32 35 56 55 62 59 69 65 37 53 61 61 45 59 54 67 64 29 66 60 71 44 50 55 47 41 66 75 26 44 68 44 44 42 47 51 55 61 40 54 64 76 46 45 57 43 55 56 41 55 50 63 41 50 42 56 77 75 51 39 38 38 60 63 64 69 63 71 50 45 63 39 13 34 68 31 47 36 66 55 14 56 65 45 57 69 56 43 66
68 27 59 84 42 58 60 76 33 81 87 36 36 64 59 67 60 77 67 47 64 71 77 83 69 66 78 77 32 69 72 79 53 52 58 68 45 70 88 33 50 79 47 56 44 77 79 63 68 46 59 68 82 58 50 63 49 59 77 82 69 63 83 62 83 66 72 80 82 52 49 45 72 60 66 68 82 69 72 54 45 79 67 32 41 69 32 49 45 70 70 38 60 67 61 58 79 82 55 70
85 39 59 84 42 75 82 89 33 83 93 38 54 79 63 81 84 83 70 68 73 71 79 84 72 73 81 89 41 84 72 88 69 75 64 75 49 80 94 35 53 94 54 70 58 94 82 68 69 59 66 76 91 80 92 69 62 66 78 82 76 93 83 87 83 76 77 88 82 54 53 73 77 61 81 85 87 71 77 92 60 87 75 72 46 73 37 76 50 80 73 91 64 71 87 58 85 89 64 71
89 52 83 94 64 85 84 89 48 83 94 49 72 83 63 93 89 84 71 76 74 74 89 88 76 77 82 97 53 88 85 93 70 77 68 78 62 99 95 39 77 98 83 72 80 99 83 70 72 94 71 85 93 83 97 84 62 75 84 95 92 97 89 96 85 86 77 97 83 83 54 79 94 63 97 92 91 82 92 94 63 94 81 73 84 80 60 87 61 90 87 96 64 87 88 78 87 90 65 84
90 74 91 95 95 94 87 100 98 96 97 58 77 93 64 97 99 100 82 88 81 83 95 93 81 78 98 99 80 96 94 95 100 100 87 95 71 100 100 59 83 100 85 97 98 99 94 95 94 96 79 95 99 98 99 87 81 94 100 100 96 98 91 99 97 88 98 97 85 99 60 96 99 70 99 97 95 98 95 96 93 99 95 81 94 95 85 98 77 92 89 100 80 92 96 99 99 91 84 89

67 71 61 68 65 27 18 86 55 66 98 81 2 54 11 32 51 98 94 21 29 100 23 93 18 89 20 83 18 20 46 25 97 91 26 3 93 5 61 68 62 77 76 95 82 65 86 53 64 85 53 74 26 2 61 38 2 79 86 39 70 92 37 54 63 30 39 80 43 88 39 44 8 47 51 63 51 9 36 90 67 50 19 43 43 42 15 63 92 49 95 28 32 65 22 46 12 76 75 64

47 162 96 215 41 191 210 114 640 193 125 80 104 357 36 92 143 103 163 24 480 373 98 120 87 477 109 109 128 107 97 84 104 192 122 212 172 74 41 312 196 34 169 92 501 88 51 121 111 74 58 218 315 119 73 121 209 166 162 320 142 162 269 175 42 226 147 137 336 59 61 202 41 689 214 14 147 51 247 36 130 457 191 106 64 30 29 468 40 113 314 412 115 174 95 54 460 286 120 194
55 188 110 380 148 331 604 134 1238 306 151 167 256 542 364 94 192 148 359 57 956 392 443 233 101 781 294 161 157 119 97 159 105 470 403 250 173 119 257 321 580 169 258 113 509 171 537 597 150 157 115 258 884 147 76 221 465 271 185 349 323 175 292 182 56 514 390 164 361 61 62 292 227 797 446 239 193 75 267 106 406 534 350 164 86 48 39 602 361 140 518 416 351 185 154 73 462 577 164 321
170 290 260 404 267 477 604 144 1330 449 220 289 266 629 401 125 262 238 367 71 967 773 474 492 177 881 520 176 430 182 129 220 267 501 576 293 181 133 422 622 647 177 291 134 973 184 641 716 176 200 162 300 1044 176 165 298 571 402 401 391 605 272 330 184 75 574 808 259 475 175 62 333 268 870 512 252 200 106 277 124 706 567 425 345 90 81 93 792 909 194 677 1174 379 185 163 116 554 834 196 334
203 372 301 421 284 537 650 164 1422 810 232 304 272 656 634 658 319 412 392 86 1013 1212 653 583 186 1328 794 264 615 245 155 390 308 601 654 312 399 133 439 679 665 191 334 303 1090 358 1150 810 305 215 177 386 1290 218 255 408 778 598 468 621 652 381 336 200 187 763 854 340 512 179 113 363 334 1098 818 421 794 111 291 184 761 868 709 431 137 166 174 877 935 237 875 1278 676 199 247 217 771 1327 272 359
252 719 423 484 394 600 715 292 1545 1057 258 316 273 657 970 1180 377 419 496 152 1126 1362 760 607 214 1628 801 272 655 250 186 420 311 821 660 375 460 183 476 744 1275 247 354 536 1598 416 1233 959 327 239 274 399 1362 219 279 421 1234 638 475 694 740 399 445 472 318 766 1187 765 689 221 299 667 353 1286 1085 734 1000 117 296 191 849 983 759 662 356 221 174 1161 971 448 997 1353 783 224 310 271 1048 1479 357 363
324 756 496 802 459 642 747 311 1546 1079 272 329 391 679 1156 1633 458 439 556 177 1188 1622 771 629 218 1692 808 326 676 295 220 548 364 835 752 424 658 186 500 1010 1277 273 378 638 1630 559 1534 1171 328 316 294 417 1502 416 348 701 1581 735 496 960 838 434 452 643 411 1118 1309 818 803 281 342 882 377 1374 1231 822 1017 156 328 310 1060 1043 851 978 402 293 230 1165 1504 616 1236 1504 814 237 358 271 1106 1515 373 381
366 856 542 812 526 645 812 360 1647 1114 278 424 482 849 1352 1822 478 463 728 359 1386 1665 837 829 224 1924 952 364 733 426 241 716 441 882 763 500 1601 220 648 1207 1443 368 493 865 1687 602 1583 1342 456 358 392 452 1557 430 453 829 1690 768 497 1133 877 485 476 967 438 1178 1464 850 928 385 359 1216 406 1525 1771 822 1020 167 388 346 1374 1068 896 1570 431 372 277 1189 1548 730 1691 1621 924 360 362 300 1176 1628 455 491
447 911 579 858 587 872 814 430 2020 1314 363 430 533 891 1476 1859 1073 577 787 361 1855 1739 894 853 497 2005 975 440 955 466 448 841 461 1045 804 515 1602 485 740 1702 1620 412 527 907 1692 738 1956 1431 460 424 409 568 1722 483 476 933 1739 858 551 1136 890 799 508 1579 470 1798 1482 946 983 497 384 1304 458 1575 1800 907 1559 409 429 421 1416 1179 986 1685 484 423 302 1346 1581 770 1811 1680 925 464 367 435 1365 1664 466 541
527 959 581 878 848 983 930 470 2023 1317 426 455 586 1010 1956 1887 1089 592 882 484 1951 2040 927 881 570 2008 1047 553 960 540 500 853 505 1056 976 519 1855 549 772 1879 1791 439 586 1026 1851 809 2010 1657 485 430 422 573 1774 505 509 953 2076 997 560 1279 972 981 563 1695 502 2070 1838 989 1084 518 399 1698 471 1830 1911 969 2058 439 541 434 1583 1883 1038 1770 493 489 502 1395 1665 915 1854 1967 1033 489 423 467 1664 1815 496 588

30 25 13 160 40 173 74 21 76 89 17 16 61 138 3 47 63 51 72 8 224 25 48 20 76 294 31 90 55 22 75 77 3 30 85 191 37 55 5 260 28 3 163 4 35 7 1 28 98 66 20 74 77 99 58 5 155 165 161 125 135 41 37 14 11 223 84 99 89 54 53 201 14 665 115 1 139 47 95 24 53 364 144 35 26 11 6 141 15 32 114 117 78 9 52 31 241 208 44 88
