100 9 1
32 85 50 35 56 93 30 55 71 91 22 100 57 23 12 8 63 80 82 23 91 96 91 87 85 33 88 98 93 10 48 42 8 42 15 93 94 100 62 26 16 51 14 62 11 5 76 17 2 39 3 15 93 50 41 84 92 57 63 78 58 38 13 85 6 100 53 12 58 52 56 76 54 21 26 6 71 34 53 78 51 24 37 43 21 7 76 63 16 24 67 63 10 43 64 56 30 12 36 3

32 1 14 10 20 38 1 7 9 4 6 7 8 27 12 21 7 3 19 5 11 13 8 14 13 11 2 6 9 6 17 4 7 30 2 6 6 4 1 20 16 7 27 2 7 6 12 5 6 6 6 26 18 22 1 11 21 24 5 17 14 20 13 5 2 24 3 8 20 17 3 15 15 2 3 6 5 23 19 9 4 9 6 10 10 4 27 5 3 1 2 6 2 8 9 27 9 10 18 2
37 18 18 26 33 48 19 7 12 10 13 18 13 28 17 21 40 8 19 18 12 14 8 23 25 15 10 14 13 14 17 8 8 36 8 7 20 10 5 25 20 8 34 12 21 23 14 12 16 11 8 30 21 29 16 36 26 27 5 18 19 42 16 56 3 24 4 36 24 17 9 21 15 9 21 20 23 30 53 32 26 24 19 25 11 4 34 15 30 9 8 11 6 11 19 47 14 13 20 9
46 21 21 44 49 56 40 11 29 26 36 21 20 39 24 27 50 25 23 21 55 30 41 28 32 15 18 38 17 18 18 13 14 57 13 35 24 11 46 27 41 28 38 13 24 24 22 20 31 12 45 37 23 33 20 42 27 28 17 31 27 50 17 64 12 34 13 40 36 21 21 38 17 19 25 39 31 41 54 33 26 39 35 38 18 13 44 23 41 15 18 37 10 11 31 54 21 13 25 12
55 47 45 46 50 70 56 40 36 41 40 31 29 62 36 36 54 31 35 22 58 33 47 54 42 20 22 58 22 24 22 20 22 60 25 38 29 21 48 49 42 37 38 14 31 30 26 29 35 18 49 39 33 47 27 46 30 30 23 34 37 69 43 68 18 55 28 43 56 32 30 48 18 20 38 41 33 45 71 40 44 42 50 43 29 29 53 43 49 39 28 45 30 20 37 58 32 24 32 21
80 50 50 60 59 70 66 65 36 43 51 38 45 65 57 36 56 36 50 46 70 56 62 59 56 26 37 63 26 46 27 27 25 60 34 39 50 50 53 50 47 38 43 14 46 40 52 30 37 20 50 52 40 70 63 49 36 52 31 34 43 78 53 68 52 61 49 45 83 39 42 63 48 34 60 42 39 53 73 46 48 59 71 48 41 60 57 47 59 52 29 68 48 53 44 69 44 40 41 32
84 54 62 73 65 79 74 67 40 46 88 41 51 81 67 45 57 50 52 56 71 60 74 70 69 36 50 63 29 47 36 44 52 85 47 44 67 58 84 51 53 39 72 33 66 56 61 42 40 37 74 52 43 81 63 54 51 62 31 47 47 78 81 75 56 71 50 85 90 68 62 79 62 60 62 70 42 56 73 61 51 65 75 48 46 72 65 57 62 53 45 69 60 53 56 74 55 49 43 36
84 56 78 77 69 83 78 76 82 49 88 66 59 86 69 67 72 53 66 61 77 79 81 81 80 55 51 68 46 52 39 63 60 89 50 67 72 66 90 61 53 75 74 35 69 63 62 65 58 46 75 85 68 85 76 55 78 74 39 54 56 79 91 88 61 82 71 85 95 80 77 80 62 62 68 81 44 58 92 71 74 70 84 49 46 77 72 76 64 72 70 76 67 78 59 84 59 79 52 42
88 65 86 81 73 95 79 78 85 73 93 84 75 92 72 90 78 58 78 80 77 84 84 81 81 60 61 78 58 91 48 93 65 92 85 89 74 73 95 78 65 77 84 40 75 65 85 70 83 61 80 86 74 86 92 61 86 88 39 83 56 82 94 99 65 86 76 89 95 87 89 80 65 63 84 83 54 67 94 86 89 81 91 68 84 81 86 81 67 81 96 86 86 94 82 92 86 81 55 55
94 79 93 82 99 97 82 91 99 78 98 84 97 96 86 100 92 94 80 91 78 98 90 84 97 75 87 91 85 98 65 98 94 99 92 100 92 89 97 78 74 84 88 97 93 82 85 90 89 94 99 96 93 93 96 71 91 99 100 83 75 85 97 100 76 91 93 94 96 94 91 92 86 84 97 87 77 86 96 92 94 85 98 69 95 90 95 93 88 87 97 95 98 100 94 97 92 91 80 69

95 44 20 64 34 7 90 41 9 61 82 16 84 85 68 15 24 85 14 86 61 33 47 57 5 14 23 67 90 29 94 71 14 20 39 55 16 61 85 77 31 10 74 85 81 25 91 42 11 16 63 35 25 61 31 35 74 17 10 60 44 34 94 42 33 40 91 61 73 7 83 33 8 75 13 10 64 99 71 81 64 51 13 72 46 44 93 15 22 18 18 18 83 59 87 66 62 85 16 4

74 110 148 85 85 138 108 109 174 159 23 113 175 148 121 242 268 186 87 223 105 109 96 88 287 53 440 174 103 16 174 138 38 463 55 102 192 107 85 148 220 228 131 103 42 6 87 97 238 211 76 125 204 150 59 328 118 163 94 157 91 617 159 1156 8 225 65 50 94 61 120 116 100 86 49 301 86 192 56 106 60 30 90 94 26 59 97 163 23 138 284 101 203 371 185 180 204 42 42 202
176 111 188 191 165 231 139 167 547 283 149 197 207 546 166 390 279 322 526 253 138 131 218 99 359 120 878 254 106 42 199 163 101 583 98 109 299 395 195 280 230 239 345 137 491 19 290 120 239 245 119 147 446 526 75 524 192 192 122 417 153 732 189 1220 19 342 95 205 98 243 225 116 338 253 83 310 105 193 110 175 358 181 262 105 29 75 103 185 212 154 524 140 274 435 288 201 467 69 171 614
215 112 294 327 185 566 403 293 652 377 187 307 274 620 201 460 667 383 526 286 259 197 254 318 440 244 960 364 201 289 223 173 129 588 145 117 341 514 286 441 388 336 551 236 563 84 387 286 263 276 395 281 765 533 132 745 221 367 220 424 660 752 195 1239 63 368 159 265 529 267 285 158 527 269 105 697 203 304 216 246 390 183 280 212 76 959 181 219 358 224 568 216 295 558 568 236 492 73 352 691
311 163 297 391 285 725 574 302 817 382 355 320 360 1104 287 835 1119 750 826 337 328 212 256 391 510 260 1154 364 396 364 228 186 269 933 418 133 513 530 337 544 394 386 571 238 683 147 615 328 293 408 516 477 1003 592 199 979 453 390 258 447 707 889 196 1355 138 420 416 292 547 299 337 169 992 270 139 943 205 436 344 265 427 593 291 342 99 1070 233 251 482 309 961 284 324 585 614 241 569 124 403 743
395 265 344 400 313 745 726 459 828 448 384 350 424 1319 409 900 1162 1082 841 595 399 400 258 445 680 326 1465 399 465 447 232 211 476 968 623 157 662 578 365 567 509 393 693 270 906 149 792 383 589 501 562 807 1099 593 205 1187 619 438 267 453 719 1237 275 1486 148 530 471 334 637 333 343 191 1130 406 176 1469 211 452 347 367 470 683 304 352 225 1124 275 255 685 328 1524 347 390 610 634 247 608 132 422 992
606 343 482 461 357 794 761 611 861 742 436 377 458 1331 733 1126 1425 1085 1587 781 462 401 350 741 747 379 1737 419 532 755 250 318 719 1173 737 328 740 707 447 691 575 410 780 385 1121 244 1193 400 692 845 689 828 1222 634 229 1235 842 524 412 1257 735 1247 303 1586 281 643 572 489 1208 460 364 334 1355 440 188 1587 223 534 365 492 559 1014 338 383 235 1160 336 384 788 536 1738 456 406 1067 786 270 669 192 438 1276
645 359 663 701 423 862 873 821 1032 751 537 503 469 1875 805 1151 1432 1086 1620 804 467 467 360 919 1210 395 1930 548 863 929 362 502 788 1322 1049 390 845 785 462 785 591 444 821 619 1411 296 1576 448 892 886 730 1133 1547 670 428 1521 870 752 455 1375 968 1366 326 1760 314 865 780 683 1232 491 373 342 1570 440 286 1589 244 713 411 500 786 1040 397 403 363 1180 510 424 822 710 1785 475 433 1325 882 509 691 231 491 1803
694 442 889 754 517 941 882 955 1033 910 701 565 471 1938 1858 1233 1898 1373 1981 875 541 492 365 995 1462 480 1932 579 977 938 388 518 794 1527 1474 432 849 922 541 843 639 453 852 624 1633 417 1701 502 968 975 796 1405 1614 717 478 1647 1051 887 503 1398 999 1523 408 1902 439 874 865 976 1339 518 413 412 1701 461 437 1780 266 837 492 500 887 1258 504 538 495 1532 539 468 885 854 1849 487 464 1479 982 512 917 646 522 1819
963 533 993 988 535 1033 970 983 1071 967 903 599 478 2019 1940 1455 2001 1709 2070 1018 545 509 528 1061 2066 508 2070 595 1068 961 405 540 833 1840 1618 446 853 944 552 917 866 527 919 825 1973 501 1960 506 993 1039 829 1630 1878 874 498 2023 1054 955 520 1486 1032 1811 508 1906 458 949 878 1007 1439 535 556 527 1730 470 504 1983 340 905 537 543 1031 1482 516 542 501 1757 558 475 966 1011 1849 512 502 1662 999 519 993 764 528 1898

17 46 120 43 8 27 11 72 35 90 22 17 32 122 115 35 217 44 3 187 6 12 15 66 216 25 289 37 78 10 61 101 36 330 9 3 36 1 76 125 21 165 127 4 26 1 72 8 223 168 69 113 113 82 12 263 41 73 54 149 48 309 156 720 1 219 16 28 86 21 6 21 45 35 47 267 63 4 2 72 10 5 88 82 22 5 47 97 15 65 248 4 65 342 77 7 6 30 10 24
