100 9 1
81 12 56 48 9 87 15 18 75 16 19 8 7 43 9 90 98 80 64 33 18 20 11 15 10 66 80 73 63 64 60 38 88 47 13 93 58 72 87 9 36 88 10 43 52 80 26 56 57 23 97 78 65 21 67 64 56 96 8 100 20 3 16 51 13 58 48 90 3 77 32 27 12 25 43 33 95 59 56 80 42 9 100 36 94 33 50 43 95 33 52 42 4 92 74 62 27 1 93 43

1 30 3 5 8 2 2 5 10 5 16 16 23 14 2 6 6 7 2 1 1 4 3 8 35 6 5 10 1 3 5 40 24 7 17 4 10 18 20 7 15 16 3 10 3 12 8 9 20 6 11 8 9 16 16 5 22 30 13 29 4 9 18 13 4 29 13 13 9 5 6 12 5 13 1 8 8 3 9 5 11 7 3 6 4 5 17 2 4 1 20 4 6 12 11 12 6 6 29 14
6 30 31 14 11 10 21 17 22 17 19 17 24 24 21 10 16 11 2 2 25 8 9 11 49 6 17 19 7 10 30 50 26 15 38 9 30 23 34 10 29 22 7 14 9 20 11 27 21 9 37 15 12 17 19 12 27 41 21 29 21 11 33 29 12 40 33 31 12 20 38 19 15 20 1 33 11 9 15 25 76 25 13 20 34 15 26 10 4 4 40 35 15 27 40 23 10 9 36 23
9 36 31 31 23 32 28 23 27 33 40 27 28 32 22 15 21 15 25 42 27 14 16 12 55 21 17 46 8 20 42 54 70 18 40 17 33 32 56 16 48 26 25 43 10 25 29 30 21 23 48 15 13 24 23 19 37 44 23 32 21 38 49 35 17 42 36 38 38 30 50 35 16 30 4 39 11 12 20 38 76 37 30 25 39 17 38 32 11 39 42 45 29 48 49 40 28 11 44 30
10 38 32 32 25 36 37 24 50 33 41 28 52 68 32 15 46 17 37 49 51 38 33 41 56 28 42 53 13 23 47 62 71 30 42 21 48 53 60 43 50 45 47 46 16 25 31 50 41 45 53 27 16 40 29 21 51 44 33 40 34 57 49 37 38 47 39 64 41 34 55 50 22 41 16 41 12 30 25 42 85 52 33 31 40 43 39 33 28 44 60 54 40 50 56 44 29 29 47 35
12 44 49 39 33 58 48 62 72 56 67 37 53 69 56 42 69 22 40 54 67 43 37 41 60 30 49 59 15 28 67 67 73 42 47 39 51 54 64 61 50 56 58 51 65 55 42 69 41 60 68 27 43 43 33 37 55 49 40 62 55 71 53 37 57 59 39 70 42 34 61 58 24 41 43 49 47 54 31 57 85 70 33 36 54 46 42 44 36 66 74 65 51 55 57 47 49 42 50 38
46 45 59 54 44 72 56 84 72 60 67 55 60 70 57 54 85 27 65 57 74 55 46 63 84 53 56 76 68 30 74 76 75 68 65 63 63 57 87 61 65 72 59 53 66 72 44 79 54 71 75 46 60 45 49 45 67 58 62 64 55 81 67 63 67 59 40 73 70 35 68 67 40 54 52 65 53 74 33 65 86 82 38 48 57 55 77 46 39 72 79 66 53 63 66 51 54 51 57 52
56 64 60 56 55 83 93 86 72 70 79 67 61 76 58 54 88 61 70 98 85 58 51 65 85 63 69 79 71 86 78 76 78 70 72 65 70 58 90 70 70 77 84 72 72 89 65 90 59 84 76 67 76 46 62 52 73 60 64 72 68 83 68 75 75 68 56 77 72 48 77 69 47 73 74 79 53 81 33 68 86 84 58 59 81 58 80 69 61 72 85 76 73 80 70 74 65 84 58 57
76 70 62 73 76 87 99 87 75 87 80 95 99 79 69 76 90 77 71 98 92 63 90 74 90 79 72 84 73 88 89 77 85 83 88 68 86 63 92 84 72 94 92 87 81 93 86 91 79 85 76 72 77 82 93 67 76 63 68 80 72 86 72 77 79 75 66 87 74 58 77 80 60 85 87 88 57 83 67 94 87 87 69 70 82 70 85 83 68 77 92 84 85 94 76 77 81 98 60 62
91 99 73 85 86 92 100 89 96 98 98 95 100 99 75 89 93 92 83 100 97 94 92 91 91 95 96 92 85 91 92 100 92 99 93 76 95 98 92 100 74 96 92 96 99 100 96 93 89 96 87 77 94 92 97 94 87 66 86 91 85 97 78 93 98 84 78 98 97 96 83 95 68 89 96 97 60 90 92 95 99 97 83 80 91 89 88 93 92 94 93 95 97 99 98 94 98 100 73 87

6 72 69 90 43 70 39 18 42 18 24 89 39 42 22 1 34 68 90 25 90 29 81 22 80 63 47 65 11 79 8 50 94 28 27 58 67 13 38 89 23 14 14 63 38 60 27 58 89 10 12 38 5 34 40 5 92 18 89 69 68 77 66 56 81 81 91 52 43 71 20 99 83 61 15 93 56 7 97 42 91 1 8 32 87 76 72 11 88 69 9 56 4 46 94 81 64 19 90 63

464 71 84 642 38 164 57 106 324 131 357 357 66 83 89 198 340 84 89 587 129 39 14 94 48 66 91 370 97 476 368 93 352 159 31 216 92 433 240 95 66 96 200 166 104 85 164 93 164 35 172 80 256 94 96 108 181 153 8 110 59 18 130 100 72 369 73 129 495 159 195 261 165 114 289 181 196 116 63 169 166 51 511 36 207 46 75 231 115 377 73 91 15 156 199 133 30 79 176 49
829 222 235 750 152 201 118 108 328 202 371 491 433 121 415 204 401 174 136 662 182 58 246 183 234 100 104 522 116 640 552 183 533 181 122 266 192 677 340 124 705 211 352 222 288 623 182 217 318 41 528 170 473 103 106 295 273 207 45 123 190 91 144 164 167 375 406 291 514 211 535 448 343 123 497 217 999 195 179 433 376 74 583 50 240 364 279 246 118 432 95 209 156 321 228 162 109 527 228 136
843 230 245 811 476 531 189 235 366 228 597 556 485 129 505 283 536 394 151 752 195 118 270 324 454 246 128 715 237 760 947 511 594 229 128 451 440 836 525 181 727 222 544 491 289 850 185 369 329 236 624 339 477 237 210 309 352 218 212 125 363 91 195 166 262 481 415 829 796 299 639 1065 583 366 967 268 1056 216 197 512 380 296 945 171 350 779 586 248 164 569 112 297 233 341 759 361 112 623 248 140
931 487 310 1244 508 561 246 334 403 273 667 668 489 188 531 497 553 548 169 1089 197 119 343 372 467 272 301 818 319 782 1199 985 679 236 158 627 486 998 607 205 902 407 658 507 408 1081 199 441 337 526 752 381 691 296 246 623 573 227 235 362 395 276 228 293 355 530 672 898 839 437 700 1117 716 375 1047 285 1160 253 223 651 392 363 1165 289 374 855 830 268 343 702 133 366 338 372 963 512 136 1154 279 155
1318 573 378 1253 542 594 373 381 611 291 1030 731 609 257 900 589 796 667 186 1176 270 129 348 377 574 437 310 1034 527 1120 1206 986 1082 248 232 677 649 1174 810 305 995 544 720 1616 442 1168 219 905 377 562 1025 436 792 343 256 685 578 255 239 426 407 380 269 327 505 771 822 947 969 513 1351 1266 1205 424 1145 308 1166 285 326 742 477 417 1295 542 425 1103 859 544 377 785 165 418 370 383 1058 560 227 1240 397 191
1388 723 381 1276 565 667 406 443 701 334 1031 737 688 261 960 722 804 939 198 1602 325 239 350 401 628 447 422 1166 529 1245 1356 1096 1313 433 369 760 668 1245 1067 332 1107 575 725 1628 447 1484 355 1200 754 668 1037 664 855 503 342 990 812 415 466 487 568 386 365 330 547 963 1147 1110 1041 539 1402 1435 1235 547 1161 344 1220 312 379 842 599 505 1569 657 708 1233 891 636 383 1103 329 482 450 389 1138 821 309 1260 548 306
1492 741 386 1750 585 833 411 586 845 416 1330 756 758 347 1481 773 804 1029 399 1626 394 394 383 431 900 481 450 1478 532 1291 1751 1309 1476 477 448 977 998 1346 1540 338 1375 654 761 1718 456 1514 378 1298 774 767 1273 866 1128 559 364 1189 925 417 652 521 715 390 405 338 617 976 1275 1297 1230 697 1503 1520 1494 778 1597 490 1240 330 441 1452 722 545 1632 715 747 1461 1316 743 476 1379 500 957 646 391 1616 843 346 1509 729 327
1739 893 427 1902 944 871 462 724 920 506 1353 838 854 351 1565 903 907 1101 421 1755 433 488 436 495 919 538 519 1796 976 1744 1795 1679 1536 479 487 1015 1184 1456 1740 353 1735 741 769 1763 552 1583 411 1664 826 998 1577 985 1314 887 364 1437 925 574 885 530 759 396 451 423 771 986 1408 1780 1481 717 1555 1868 1789 882 1649 506 1770 504 463 1646 753 568 1946 855 870 1772 1517 750 485 1764 512 1012 855 531 1766 901 362 1588 773 348
1881 909 431 2047 985 882 464 965 1008 511 1377 959 973 475 1838 935 917 1589 443 1776 488 494 505 507 969 546 570 1975 1019 1819 1995 1821 1588 483 497 1028 1743 1611 1813 443 1756 931 906 2023 1042 1849 454 1959 1009 1020 2000 1023 2062 911 559 1570 961 587 951 587 1016 428 461 430 926 1052 1749 1871 1979 831 1735 1999 1993 952 1945 515 1840 859 489 1990 818 915 2057 898 1056 1853 1971 1012 507 1956 514 1968 982 544 1942 1040 400 1622 990 349

175 48 9 599 3 13 53 17 13 107 41 303 44 26 16 191 178 46 10 355 70 16 11 83 6 46 21 18 63 155 52 27 227 28 23 94 35 94 37 12 58 19 168 142 41 15 100 13 10 14 123 40 199 23 59 77 167 148 5 1 6 7 67 13 47 76 58 41 367 38 130 72 77 74 173 124 26 110 37 14 73 22 112 28 13 6 27 116 114 262 18 76 13 36 51 118 13 27 169 19
