100 9 1
97 97 89 65 29 85 98 79 83 15 85 57 42 93 39 71 62 79 48 88 7 89 28 97 50 58 74 96 97 65 22 4 69 71 59 21 15 94 52 86 20 56 86 52 20 72 88 44 75 96 50 17 36 22 6 92 12 20 87 97 71 5 20 73 96 2 79 54 11 88 69 6 16 4 6 72 51 88 47 99 69 79 51 72 23 4 33 6 42 17 50 9 40 76 80 23 25 98 34 96

14 1 11 12 4 4 16 30 7 4 21 7 4 13 5 2 33 13 3 27 13 14 2 8 17 20 9 11 19 1 20 8 3 14 1 22 14 4 13 7 7 4 35 4 13 28 13 14 1 6 7 11 2 10 25 46 7 8 7 4 2 11 5 10 13 2 1 13 19 3 1 6 11 35 4 8 14 3 6 4 12 9 6 6 9 9 21 8 14 10 19 5 2 4 22 13 2 23 26 15
35 19 16 17 42 9 31 31 11 21 36 14 12 17 15 20 48 14 5 41 27 17 4 16 24 42 28 16 51 9 34 18 15 18 3 26 33 23 15 16 33 16 47 8 29 35 15 18 24 6 8 11 14 13 37 49 9 38 38 10 13 11 22 15 16 3 13 30 26 7 11 16 17 42 7 9 46 9 8 10 15 14 18 15 14 13 29 10 40 15 32 11 26 6 24 21 7 26 27 32
39 23 26 22 56 24 32 32 30 28 43 16 18 29 16 42 52 18 27 41 29 51 16 21 31 48 29 21 58 15 35 33 19 19 4 27 40 29 17 24 36 19 65 18 33 51 32 29 28 13 47 26 25 37 38 54 10 44 56 33 13 12 25 22 21 4 29 31 35 9 39 35 18 42 57 32 53 33 17 23 21 22 22 23 15 20 35 12 56 15 33 17 28 11 51 29 7 30 47 35
47 35 31 29 60 39 48 36 40 37 71 53 30 37 21 59 60 29 36 44 36 59 61 24 47 56 33 48 59 43 44 46 34 45 54 31 43 41 38 24 40 46 66 30 36 55 44 39 32 42 66 47 30 38 43 59 34 68 67 40 26 12 46 24 28 9 50 49 47 9 47 45 36 50 62 51 61 49 22 36 28 22 42 24 61 26 41 16 63 19 48 32 30 43 53 39 13 32 48 37
53 57 47 38 70 47 63 45 41 49 80 56 38 60 26 81 62 54 37 48 47 82 64 48 52 63 33 62 59 49 44 57 48 68 62 45 51 45 43 34 45 50 67 35 39 89 45 65 34 57 73 61 40 48 56 66 42 78 81 43 32 14 52 27 33 20 65 51 49 31 47 46 40 61 70 53 65 51 42 54 51 29 43 29 64 28 42 25 66 20 65 41 51 44 68 42 17 43 50 39
60 57 62 64 72 54 64 58 51 70 83 58 44 80 29 90 72 62 47 63 49 85 86 72 69 74 42 84 62 58 52 65 56 71 65 55 58 46 51 47 52 54 69 43 50 92 52 90 49 57 74 62 53 57 57 91 70 80 82 45 48 20 65 46 60 21 66 61 57 36 83 83 44 80 74 54 68 55 44 56 77 30 44 40 67 41 44 38 69 34 84 41 53 60 76 61 47 60 75 40
66 69 63 66 79 62 65 69 74 72 83 61 65 80 43 93 72 68 49 66 80 88 87 74 85 91 50 87 65 79 56 68 59 76 68 75 58 54 51 50 62 66 70 62 58 93 60 92 50 62 78 90 75 69 82 94 77 87 95 47 65 83 81 61 89 43 69 71 71 83 88 85 62 88 79 59 76 56 75 67 86 38 46 69 70 76 62 59 75 45 86 53 81 69 95 74 65 79 79 42
80 79 96 76 81 90 80 71 89 74 88 62 69 87 54 96 83 73 57 69 84 89 100 90 87 93 62 91 84 83 65 75 83 93 75 86 65 60 71 58 81 76 96 69 72 95 63 92 60 83 82 93 85 80 86 97 91 96 99 82 65 85 84 69 89 45 72 82 79 95 89 88 72 96 85 63 84 89 83 87 92 43 51 70 75 84 72 59 75 52 88 76 93 93 95 80 68 80 82 69
81 86 99 77 98 96 81 72 96 97 93 77 85 91 60 98 94 87 83 80 98 95 100 99 99 97 100 97 88 91 93 94 89 94 94 95 92 68 79 71 94 78 100 82 88 98 86 97 83 89 82 94 97 98 93 98 93 98 100 100 89 93 84 73 95 87 99 95 80 95 100 93 98 97 97 83 97 100 86 99 100 51 64 84 100 92 99 95 79 60 90 85 96 99 98 99 94 93 100 98

78 10 7 75 79 28 7 5 56 51 60 68 30 47 42 88 66 18 44 92 83 68 68 33 32 67 31 49 23 52 66 44 40 21 2 51 36 6 40 55 27 7 62 5 7 80 70 62 22 17 46 46 26 37 70 97 38 41 29 76 59 23 38 56 76 46 32 100 14 23 47 64 53 95 2 86 72 49 6 84 5 62 11 43 57 89 28 43 47 65 100 82 87 47 61 80 26 40 46 92

198 147 126 295 31 177 108 917 126 89 157 358 152 293 50 120 88 135 110 184 107 300 68 102 78 71 119 200 315 259 121 121 199 279 271 154 218 176 165 291 45 66 567 73 157 234 125 56 231 174 557 334 314 80 301 170 147 71 171 291 73 7 42 123 112 97 135 214 78 103 94 78 39 9 8 166 174 663 143 104 332 278 74 75 89 35 35 157 44 754 328 528 62 92 255 25 111 444 56 358
213 211 134 314 36 183 538 939 216 139 172 372 258 395 85 244 124 617 202 294 134 344 124 120 94 259 842 676 365 328 158 153 214 547 340 168 256 191 358 349 186 106 614 306 163 302 168 107 259 825 749 434 355 88 424 254 220 167 196 421 164 48 117 241 220 171 153 253 229 552 101 228 46 79 91 179 833 745 294 249 434 301 101 142 229 103 174 374 73 1060 330 714 173 96 261 238 240 545 184 494
214 246 202 330 88 314 691 954 256 142 314 524 271 908 115 251 145 1059 280 481 238 401 328 125 145 277 1380 979 383 543 327 685 346 620 366 354 276 208 410 441 199 208 680 509 259 395 292 151 270 918 862 573 386 140 720 708 238 286 207 537 194 113 263 344 337 268 170 361 245 583 191 339 301 157 172 392 903 841 320 279 651 313 212 191 295 132 413 1006 177 1062 678 926 238 306 470 453 360 771 303 699
230 280 223 346 118 551 795 999 300 496 500 790 328 1176 138 409 180 1325 281 603 423 537 371 174 199 277 1476 1095 428 594 827 928 516 810 405 358 356 230 915 549 302 264 822 511 388 483 348 356 358 1434 877 576 600 214 779 1254 255 802 248 539 305 200 271 344 1209 458 249 397 372 660 256 369 340 295 181 437 1031 947 347 366 1220 389 237 280 380 142 971 1161 195 1178 779 1021 504 402 474 569 386 1239 416 735
256 343 321 446 173 724 1417 1032 341 602 654 922 1169 1199 171 723 314 1432 309 1386 829 537 450 175 273 310 1552 1238 491 617 921 1150 769 884 509 494 514 366 1021 615 326 399 844 689 464 636 355 477 359 1491 969 611 617 259 1204 1388 368 990 348 590 338 214 322 349 1370 460 272 417 428 689 301 928 928 396 221 538 1052 1278 521 557 1656 414 252 411 455 143 1293 1213 303 1284 874 1095 638 446 1039 574 391 1275 561 1041
272 413 344 523 207 768 1571 1186 417 613 675 1455 1259 1251 196 1021 332 1623 314 1418 1429 771 483 259 390 342 1609 1407 688 623 1098 1414 785 1523 609 506 532 425 1755 722 339 491 865 1017 487 643 430 526 430 1610 1267 661 645 259 1418 1400 393 996 384 1426 378 224 379 370 1898 473 276 458 471 807 303 1242 1040 493 297 581 1275 1817 561 587 1699 956 364 492 534 233 1316 1224 344 1544 888 1179 690 453 1244 709 473 1275 639 1158
365 419 407 624 245 983 1573 1288 461 949 810 1615 1335 1510 360 1193 407 1654 329 1889 1584 794 515 372 442 383 1667 1450 702 719 1361 1508 868 1698 692 597 533 441 1856 733 416 827 1005 1040 716 690 445 589 463 1737 1776 758 704 345 1652 1815 431 1044 427 1445 395 284 421 433 1954 500 288 485 657 875 337 1357 1072 524 317 581 1921 2010 651 1039 1745 986 367 496 637 352 1414 1542 390 1571 939 1412 912 489 1375 736 669 1500 671 1158
385 511 512 760 325 1013 1907 1405 518 993 872 1896 1726 1926 432 1217 416 1819 401 2004 1771 831 942 539 468 426 1765 1549 714 801 1558 1545 891 1729 885 633 833 458 1891 883 430 948 1020 1345 739 793 519 722 468 1752 1783 793 725 345 1912 1980 449 1095 466 1541 548 296 458 444 2089 651 311 490 673 1042 466 1630 1321 682 446 773 1932 2015 654 1051 1764 990 448 521 821 394 1461 1801 454 1627 943 1862 1019 536 1631 916 714 1761 936 1415
518 560 541 1037 339 1036 1936 1734 534 1013 1048 1960 1979 1997 492 1419 488 1833 446 2043 1798 933 984 567 497 462 2004 1609 1097 870 1811 1653 1029 1789 1035 789 909 509 1995 1026 473 1022 1078 1562 831 972 540 1009 485 1889 1823 945 1674 490 1963 2065 480 1528 483 2003 549 478 506 506 2092 814 338 492 720 1085 523 1699 1599 828 466 784 2029 2038 676 1087 2056 1073 499 571 954 455 1977 1828 520 1834 973 1903 1036 551 1775 1020 849 1811 978 1696

2 77 110 196 8 119 52 307 24 26 82 140 30 136 37 18 33 121 2 37 27 294 61 35 57 53 49 94 245 49 101 34 183 173 242 44 66 22 68 287 19 27 11 50 39 152 31 28 119 148 278 51 284 30 181 90 129 65 159 242 72 2 24 122 56 72 8 76 36 54 73 46 7 6 1 41 119 309 52 38 214 144 20 32 32 15 28 124 26 728 3 184 36 26 86 4 72 295 36 80
