100 9 1
53 66 56 58 57 48 21 52 34 2 36 19 83 49 15 81 60 86 49 60 75 63 53 77 96 7 91 99 73 76 94 8 7 30 2 61 2 71 74 21 90 40 38 77 74 89 62 97 73 89 89 38 20 94 56 41 75 48 90 81 69 74 23 35 67 74 32 10 86 48 21 46 16 46 31 80 74 98 10 84 30 47 27 54 51 15 60 80 1 80 18 10 62 30 8 22 64 20 41 64

17 4 14 1 3 1 14 25 23 5 20 3 11 7 3 8 14 7 6 10 11 8 7 4 2 27 6 3 5 3 41 6 21 6 1 9 45 16 3 22 23 17 4 2 4 11 21 4 13 19 6 20 5 18 1 3 14 1 8 9 3 9 4 24 26 28 40 18 1 4 6 12 10 11 2 4 6 11 2 19 10 4 5 8 13 8 6 9 5 4 9 3 3 1 5 7 2 4 35 8
26 21 22 17 3 2 15 26 52 23 21 13 13 15 22 13 15 17 19 11 12 14 12 35 29 27 6 25 29 7 49 15 56 28 18 16 46 31 3 47 39 38 11 5 6 17 30 39 38 38 10 27 7 22 16 36 16 8 20 19 9 17 27 27 39 29 48 21 10 5 6 22 22 13 9 14 6 28 4 20 19 33 14 20 13 13 16 23 27 18 40 7 6 7 8 8 5 12 38 9
44 46 32 21 22 12 16 40 58 31 27 45 33 52 25 28 25 36 33 26 14 24 29 36 48 32 40 54 66 22 57 19 56 39 20 22 49 33 18 57 41 41 17 10 21 20 36 42 38 44 13 33 10 34 38 54 46 10 23 26 12 18 41 55 41 32 52 36 46 12 25 32 48 39 15 39 6 29 4 63 23 37 15 34 28 20 20 38 39 35 43 26 15 22 9 11 25 27 44 11
48 52 32 22 50 44 20 43 64 31 27 61 34 59 25 33 34 43 34 45 39 26 32 42 52 34 66 78 67 28 57 31 66 59 31 23 57 47 19 62 48 44 21 11 33 28 45 58 62 46 50 37 15 39 42 58 61 29 27 42 14 31 41 67 55 32 61 38 52 17 29 47 57 47 22 51 27 40 6 64 26 49 21 48 29 25 25 39 61 37 50 34 30 22 24 14 43 46 48 41
52 56 69 63 70 44 25 51 67 38 28 68 41 69 27 74 66 45 50 48 57 32 36 45 62 40 81 79 79 40 64 55 69 65 34 44 72 53 30 70 76 45 21 21 56 35 55 69 65 50 85 38 21 41 57 58 67 38 30 44 20 43 54 69 62 41 63 48 56 62 68 48 81 53 38 66 48 46 15 65 52 51 21 57 43 26 36 44 73 55 55 39 34 37 33 30 52 50 56 45
69 62 73 64 72 73 26 57 69 42 34 76 59 69 32 80 69 47 67 52 59 33 48 48 93 42 82 79 89 52 69 65 74 81 60 53 73 73 40 71 86 70 58 40 58 60 57 72 69 66 88 45 38 44 64 68 70 48 36 47 36 56 79 93 71 41 72 49 60 84 69 63 88 65 48 75 58 68 30 77 64 70 37 68 49 36 38 45 74 55 60 57 68 49 78 58 59 67 57 53
75 69 94 67 77 81 28 66 78 52 85 81 72 73 38 86 75 54 72 82 69 42 73 62 98 56 82 82 92 90 73 68 80 84 61 61 95 75 79 73 91 89 66 80 64 69 67 74 76 68 89 46 65 57 69 83 79 59 37 60 41 76 81 93 86 81 72 60 74 84 75 73 88 77 76 83 76 77 34 85 68 80 52 76 63 71 50 46 75 62 65 64 81 60 86 71 71 87 65 60
87 82 100 80 96 92 59 68 91 81 90 87 82 86 39 98 75 89 85 93 82 52 81 66 100 91 96 96 93 95 82 81 83 85 69 65 97 79 80 84 93 91 70 92 69 72 74 78 84 76 90 51 94 60 89 87 85 72 53 67 79 80 86 94 88 93 90 64 80 86 83 82 95 90 76 91 88 85 42 86 83 89 78 77 70 82 59 53 76 79 72 73 86 72 86 86 76 89 69 62
96 90 100 86 97 98 66 91 100 96 91 99 82 94 60 99 88 93 100 96 93 73 87 99 100 95 98 100 98 100 99 99 99 88 96 73 98 85 98 94 97 95 99 95 80 90 88 100 85 78 99 66 100 77 96 98 95 93 75 85 82 99 98 100 100 94 97 87 99 92 89 84 95 93 97 100 99 88 96 98 99 93 84 93 75 88 82 89 90 87 88 81 93 81 99 94 80 96 95 64

42 6 69 54 17 19 83 87 28 65 44 65 64 3 16 24 57 18 81 50 30 51 14 42 81 74 82 60 72 97 62 84 47 88 81 57 34 30 52 95 96 63 35 99 96 53 51 85 13 85 19 71 99 37 30 83 11 65 67 87 65 49 20 31 10 13 40 1 33 18 36 7 76 69 90 78 11 92 98 33 59 34 59 25 30 66 68 67 81 14 26 76 18 93 34 98 98 23 91 16

159 133 208 114 156 185 74 224 134 455 43 53 1092 90 237 91 65 267 63 187 90 81 280 324 124 32 112 335 753 173 263 224 235 146 275 93 42 105 126 197 250 44 110 184 82 272 123 112 283 288 102 92 50 182 73 227 160 88 92 107 99 87 185 261 164 228 46 149 552 121 586 64 84 665 393 183 200 120 25 353 231 90 96 91 168 110 138 100 135 255 115 109 109 93 49 33 101 107 88 102
256 157 262 312 180 307 96 628 853 520 103 72 1097 121 246 174 107 281 79 442 184 120 609 355 246 187 222 748 820 590 311 307 291 363 321 155 211 156 323 270 662 69 149 297 147 284 143 193 422 379 152 108 63 223 132 643 198 217 93 576 211 219 302 659 178 246 59 179 692 137 675 97 130 702 416 408 211 192 54 503 253 211 219 401 189 351 160 134 246 390 404 287 168 138 60 114 144 121 123 176
277 209 424 336 281 317 163 780 1059 729 154 83 1186 338 350 220 134 341 196 668 206 162 658 1149 252 344 225 913 1000 965 368 355 326 370 352 202 225 213 532 275 719 264 171 303 276 547 252 264 746 706 967 133 141 254 179 929 264 496 93 699 221 246 385 826 184 246 61 184 760 811 1039 135 181 887 703 809 345 309 82 539 253 231 318 578 197 440 337 232 329 709 545 405 255 272 68 176 149 129 727 223
351 306 622 336 287 547 199 806 1413 744 183 270 1550 379 680 273 150 713 204 669 220 233 1023 1174 253 396 229 962 1032 1146 377 365 333 422 399 285 550 228 597 360 759 543 209 431 446 642 648 277 782 866 1187 145 195 294 193 1149 275 568 232 706 250 255 692 1334 284 289 143 203 843 836 1286 337 266 1095 870 874 362 398 155 719 297 281 509 655 219 733 419 273 434 774 1165 457 312 275 99 195 164 472 774 641
495 355 909 442 339 708 247 808 1477 1434 188 301 1703 409 813 291 157 729 205 681 329 359 1231 1212 345 426 335 1393 1184 1283 401 382 448 427 512 471 605 231 746 451 773 547 251 623 623 727 859 325 805 1520 1189 157 225 345 221 1371 1010 665 275 874 355 264 763 1479 372 446 146 293 977 891 1444 349 408 1483 1441 935 474 477 178 806 424 282 931 705 252 747 445 324 499 1300 1404 511 526 303 260 272 274 485 825 662
560 362 1096 552 341 1113 269 995 1653 1460 304 372 1738 568 951 326 168 778 266 692 374 395 1428 1667 479 461 337 1657 1313 1295 441 384 602 443 758 582 609 389 824 634 1267 586 310 657 712 804 1391 458 807 1714 1313 183 246 407 304 1417 1260 776 276 877 473 389 767 1632 566 475 256 314 1474 934 1639 357 411 1575 1669 1401 509 491 270 847 428 311 1176 716 374 903 460 372 547 1587 1477 581 637 344 422 289 431 538 930 713
764 488 1105 776 367 1305 308 1016 1687 1660 415 404 1834 649 1814 482 419 852 301 861 457 437 1574 1732 516 781 341 1798 1464 1482 464 411 633 457 822 668 652 420 845 801 1448 699 349 927 715 955 1582 481 831 1944 1503 189 443 451 363 1589 1327 811 450 1226 476 407 1437 1900 611 509 272 345 1551 937 1685 421 425 1602 1676 1624 546 508 311 1029 581 411 1284 737 397 906 481 405 792 1727 1556 618 663 370 898 394 456 569 1079 1147
858 517 1371 890 413 1357 318 1029 1840 1836 448 432 1905 860 1867 518 454 858 309 929 525 546 1855 1938 526 823 371 1847 1517 1758 548 452 694 484 957 678 855 538 1130 906 1609 804 372 1062 879 992 1710 508 851 1989 1974 281 460 531 412 1838 1345 858 528 1695 507 504 1672 1915 733 512 281 350 2016 1018 1818 504 493 1806 1756 1690 844 549 365 1158 758 535 1539 805 449 914 493 517 885 1912 1594 843 935 427 910 400 504 810 1500 1153
946 532 1506 911 425 1467 516 1052 1845 1875 462 434 2032 869 2015 540 517 978 337 1008 575 552 1954 2077 569 1006 574 2087 2042 1952 590 459 722 513 1419 871 951 558 1421 986 1876 1026 491 1070 1032 1035 1875 544 986 2011 2074 337 494 586 418 1871 1593 1016 579 2064 555 547 1818 2022 744 529 347 414 2029 1047 1963 506 503 2024 1764 2062 915 576 449 1490 873 545 1707 903 471 952 539 571 933 2045 1619 991 978 468 928 431 526 865 1913 1155

9 36 137 30 16 105 48 214 116 278 16 7 71 68 209 54 30 162 60 115 81 11 127 47 79 22 6 236 109 19 212 171 140 134 148 50 27 20 61 118 171 3 105 165 71 115 25 87 169 213 39 29 43 103 35 125 35 56 44 17 19 86 132 47 4 174 17 125 49 98 384 32 14 3 234 64 193 77 23 222 168 9 54 14 102 41 116 49 26 195 81 7 98 16 38 1 66 52 64 47
