100 9 1
32 36 83 79 45 37 78 34 21 92 68 51 10 84 87 27 60 65 61 79 66 20 33 65 83 55 70 93 98 82 93 75 23 94 16 86 74 57 86 14 2 72 21 5 8 59 90 70 34 81 89 2 11 66 49 34 96 2 74 48 11 1 77 29 50 61 56 3 83 50 62 89 31 28 75 46 4 65 75 7 80 99 71 53 94 61 25 85 48 53 80 5 50 10 79 91 31 61 45 12

10 1 10 9 16 9 16 2 24 5 11 18 6 4 11 36 18 1 27 17 4 9 7 16 9 6 23 2 5 1 11 18 7 23 3 9 23 3 1 7 4 9 10 12 20 10 2 3 18 7 9 2 20 1 1 5 3 17 13 11 6 6 8 10 12 4 21 3 8 8 15 2 1 7 9 9 3 13 5 10 3 11 13 19 2 12 22 6 17 2 17 7 14 23 14 4 1 2 1 49
24 16 32 15 40 17 20 2 25 7 22 19 27 10 22 37 21 6 34 18 15 21 9 18 36 16 36 3 14 14 17 28 22 26 6 12 33 8 2 38 25 14 16 13 44 28 11 10 29 15 10 6 22 1 3 22 14 22 17 15 8 10 18 29 15 22 23 9 21 11 31 8 26 13 17 38 12 23 9 21 26 13 23 26 5 12 23 31 23 6 38 11 14 40 18 34 2 28 7 60
25 17 40 30 42 26 24 12 27 35 23 38 30 42 23 43 36 10 36 34 19 29 9 20 43 19 46 33 17 22 35 32 23 44 10 32 41 20 2 47 26 16 22 37 56 30 15 32 31 18 12 15 24 50 24 48 25 25 49 18 9 15 31 34 24 26 25 31 54 34 36 22 31 20 30 42 16 28 19 21 35 32 27 63 6 15 38 38 25 18 45 11 26 43 34 35 22 44 16 72
29 34 45 44 43 50 34 28 30 38 37 42 31 52 25 54 39 13 39 39 26 52 11 21 52 46 58 37 25 22 67 35 35 57 12 32 41 29 14 53 32 18 22 40 57 33 17 45 52 34 14 34 32 63 25 56 30 27 49 48 12 35 49 61 26 31 44 56 55 34 36 24 34 43 37 60 21 42 33 29 39 38 36 66 20 18 50 53 41 20 51 21 29 50 46 52 55 46 19 73
33 55 57 51 46 61 35 34 44 38 38 55 53 75 42 55 58 31 59 49 30 62 17 44 58 58 69 67 29 32 74 38 48 66 18 34 57 53 46 74 44 28 43 66 57 40 55 79 60 35 24 34 44 71 30 63 42 34 57 51 26 36 64 64 27 33 52 79 59 38 45 56 61 44 46 74 36 44 45 40 52 45 36 76 23 19 52 61 46 41 52 39 50 57 48 56 74 59 28 79
39 62 62 52 71 66 44 60 47 40 41 72 61 81 43 60 65 31 64 52 42 62 34 55 72 68 71 79 47 43 75 41 72 75 48 49 82 57 57 75 68 29 73 69 63 40 63 82 62 42 28 42 47 80 43 73 59 52 60 67 28 50 72 76 34 37 58 83 72 45 53 64 90 54 49 74 81 47 52 46 59 73 67 79 50 57 71 75 60 57 60 48 51 66 60 70 75 68 64 94
64 67 76 55 78 71 53 64 63 53 74 79 74 86 79 75 88 42 70 65 77 62 36 77 77 73 86 93 86 52 75 45 74 82 53 65 89 60 57 75 73 36 93 74 71 59 82 90 73 81 52 49 81 92 54 75 62 60 83 79 29 54 73 78 46 63 59 90 80 72 53 78 93 68 53 77 82 55 62 60 82 78 89 79 66 59 82 78 77 58 74 64 54 79 75 72 83 77 71 95
70 67 84 55 86 95 56 72 82 73 78 95 78 88 80 75 91 53 84 75 93 83 41 77 82 76 92 94 91 61 82 56 79 90 79 68 89 66 80 77 75 59 94 78 71 65 88 95 78 81 53 77 86 95 77 84 77 62 90 88 31 54 79 89 67 63 69 92 82 87 88 81 99 81 63 79 90 61 79 85 84 81 95 93 75 74 84 88 82 82 82 67 81 82 89 75 91 84 85 99
70 95 88 57 93 99 83 99 99 75 94 98 87 100 92 80 97 95 94 94 98 99 63 99 90 81 94 100 99 66 87 64 85 91 87 94 93 99 90 96 93 77 95 80 88 73 95 97 84 92 96 92 92 97 83 95 97 74 93 96 64 89 88 95 78 69 72 100 100 88 94 89 100 89 94 89 100 70 100 97 85 91 99 96 100 94 97 100 93 92 99 76 93 90 93 82 95 94 95 100

33 98 66 51 26 58 2 90 70 76 83 25 21 19 25 61 34 97 42 95 31 10 28 98 56 39 92 76 100 60 12 72 21 73 10 78 26 46 75 22 26 71 7 50 69 21 86 1 96 74 57 70 33 69 6 27 82 15 90 41 83 46 67 100 38 52 32 32 95 78 83 35 97 28 18 78 16 65 56 90 26 26 36 5 52 9 77 70 12 19 20 95 21 15 37 17 53 36 66 66

161 47 114 161 227 78 111 430 287 217 279 427 21 492 396 67 298 97 114 261 141 768 262 94 246 272 390 95 274 128 124 75 154 111 106 278 148 169 106 582 925 266 37 34 159 89 185 311 47 225 98 31 113 86 76 69 131 4 271 66 354 59 245 63 99 99 728 284 230 138 380 108 204 65 257 58 102 187 87 7 260 321 201 162 114 91 71 146 259 88 231 65 69 245 447 498 39 124 140 342
191 145 227 289 518 138 183 525 356 287 467 517 86 770 410 148 323 265 240 549 144 840 359 115 529 287 395 119 427 244 235 387 191 173 200 425 184 215 185 705 1010 527 51 40 355 204 210 438 63 242 286 158 260 518 226 155 223 215 582 131 778 243 315 106 165 142 1050 317 293 144 619 185 363 67 428 181 225 221 97 7 674 747 238 557 620 142 204 357 355 457 435 89 403 316 951 646 78 219 203 433
431 324 279 343 522 244 245 532 418 402 545 590 100 1018 623 245 1279 411 288 929 186 937 804 147 670 353 746 187 494 271 244 609 501 250 327 703 241 292 255 769 1205 665 151 76 383 307 226 519 93 366 419 160 585 781 376 180 285 227 714 384 902 435 456 151 241 152 1258 547 300 165 812 439 536 235 699 205 297 222 113 92 1310 932 271 776 1318 350 275 614 448 746 470 234 432 448 965 977 100 249 604 466
1145 566 364 782 915 272 253 613 420 429 593 784 143 1028 912 635 1688 439 611 1082 229 1250 889 258 1252 435 906 372 553 312 264 718 822 259 385 731 343 295 270 853 1251 772 153 279 525 415 235 947 115 555 696 235 686 917 873 583 354 256 916 455 1021 454 528 242 267 193 1390 579 349 336 844 447 719 431 833 231 330 421 139 94 1357 1322 424 1042 1424 465 281 627 880 766 477 245 541 657 1020 1242 226 358 654 674
1464 1146 365 1162 1040 305 253 673 430 777 926 809 156 1086 1070 645 1830 676 686 1215 258 1269 952 322 1277 437 1095 379 642 335 352 857 1072 270 742 1306 398 381 367 901 1464 827 168 354 636 1334 294 1398 499 710 1254 281 723 1333 1164 1021 375 326 1024 626 1147 495 706 315 271 240 1615 587 407 590 924 447 725 578 880 308 347 426 145 217 1430 1562 495 1162 1449 529 336 735 1043 800 491 246 770 673 1049 1339 233 380 686 967
1683 1286 373 1408 1362 397 258 823 469 796 995 877 158 1195 1198 1487 1854 823 710 1529 337 1506 1293 343 1550 437 1131 404 678 488 413 1480 1385 323 786 1333 419 408 505 1030 1504 842 261 394 819 1443 336 1525 652 819 1322 352 827 1734 1213 1133 396 349 1191 771 1153 623 857 318 299 296 1708 726 419 649 1120 497 729 695 1588 309 372 450 159 303 1468 1606 835 1260 1675 706 418 740 1161 1184 508 341 872 976 1311 1545 252 411 773 1014
1875 1405 415 1814 1806 431 316 988 589 855 1051 975 187 1413 1367 1555 1923 840 865 1660 368 1614 1512 407 1646 438 1535 452 759 509 430 1597 1470 335 881 1651 474 452 520 1048 1547 897 316 472 837 1543 338 1752 760 913 1536 372 908 1838 1653 1141 413 359 1423 863 1476 628 1236 326 427 300 1746 825 430 705 1222 529 847 746 1850 334 374 528 163 328 1496 1730 879 1372 1936 721 1229 829 1389 1650 572 342 954 1852 1319 1867 329 466 832 1117
1982 1432 463 1862 1846 466 355 1167 705 970 1066 1301 229 1501 1372 1861 1970 1065 979 1877 495 1886 1808 485 1826 462 1789 489 896 532 479 1828 1884 347 901 1957 553 492 720 1440 1555 916 340 475 856 1687 347 1811 833 990 1955 375 917 1851 1751 1196 482 383 1800 918 1544 683 1468 440 453 345 1829 834 523 773 1225 536 874 873 1866 395 469 563 211 446 1630 1832 1340 1796 1959 814 1526 845 1795 1842 834 347 1020 1955 1369 1968 354 489 953 1276
1986 1542 538 1934 2029 495 419 1329 1011 1019 1926 1849 434 1507 1777 1931 2004 1448 983 1988 548 1996 2028 526 1875 519 1855 567 988 553 570 1975 1896 578 957 2031 571 515 916 1782 1868 950 498 503 989 1760 468 1869 980 1063 2069 433 1007 1992 1817 1493 558 404 1999 1022 1662 882 1683 492 521 535 1859 835 556 972 1435 580 994 993 2068 544 495 565 237 453 2040 1835 1613 1987 1998 928 1759 888 1978 1920 1044 440 1034 1988 1808 1995 407 509 1019 1486

4 29 75 90 5 56 32 301 92 178 15 49 17 145 278 9 157 68 49 100 50 452 173 32 218 259 291 88 130 34 11 1 145 53 61 93 34 83 10 371 779 39 25 33 73 15 45 275 16 1 83 26 85 57 68 61 76 2 182 29 46 48 40 17 75 5 717 205 22 133 64 73 65 16 93 52 75 12 64 4 60 309 119 112 27 21 36 21 85 80 180 30 32 89 367 382 31 34 88 250
