100 9 1
33 8 5 70 77 47 5 17 40 77 81 44 13 5 33 91 36 9 98 58 73 48 49 92 73 97 23 79 80 44 2 5 23 59 49 80 10 64 75 75 96 37 36 49 97 80 13 5 34 84 38 26 21 97 81 29 75 1 61 80 4 81 76 50 41 69 29 61 95 71 63 49 41 96 91 99 5 60 50 85 62 52 3 87 26 24 27 88 27 15 94 99 38 71 61 54 100 32 50 58

13 2 13 6 2 30 7 5 14 5 1 14 12 13 7 2 23 8 5 5 2 2 1 1 2 32 10 16 7 1 1 4 19 4 13 12 21 3 5 7 7 17 3 4 32 15 15 4 16 2 21 10 9 5 10 1 1 14 18 15 7 13 1 3 8 5 4 4 15 3 1 30 3 21 7 2 5 8 16 18 7 11 4 1 29 18 5 1 35 17 8 18 27 10 9 10 2 17 2 1
21 11 30 19 17 41 23 10 17 16 10 16 18 23 7 9 30 10 6 27 16 14 9 11 3 34 11 40 32 5 27 6 24 5 17 12 24 42 7 8 17 22 12 13 42 20 20 7 18 5 39 10 35 38 14 2 16 25 37 24 13 25 2 16 32 23 12 11 17 20 12 30 11 24 9 2 14 25 17 51 8 19 16 5 30 19 47 16 46 22 31 31 27 17 11 22 32 30 3 10
46 12 33 23 22 47 30 22 27 21 19 19 21 26 20 49 52 16 24 47 33 19 10 40 9 42 12 42 33 19 47 11 28 5 22 23 35 59 14 13 17 31 13 20 45 25 38 7 20 17 45 32 40 39 29 18 27 56 54 39 21 32 12 21 51 38 42 11 22 30 14 35 14 26 16 11 44 31 23 55 15 24 31 74 43 43 51 32 49 28 45 40 33 42 20 40 55 40 9 13
48 48 43 28 29 57 47 43 46 38 20 40 28 34 37 59 56 45 47 50 40 28 18 48 16 49 18 43 36 22 50 27 39 18 27 27 40 71 23 26 23 41 20 31 60 27 40 68 35 21 50 53 47 42 36 52 29 56 65 39 27 42 23 23 57 47 46 15 45 32 46 55 21 28 21 27 50 40 24 72 17 41 40 75 59 44 53 35 55 35 56 67 35 46 27 42 60 60 26 25
54 49 43 38 38 57 52 43 50 70 27 59 51 59 53 69 58 49 53 50 45 37 33 58 36 64 35 67 37 24 51 32 44 38 61 39 45 83 34 43 30 48 38 33 71 38 44 69 40 30 62 55 65 47 64 67 46 65 69 47 46 53 24 55 63 54 70 30 46 42 59 61 22 29 46 33 51 44 41 79 32 44 44 80 83 61 67 60 66 49 57 72 37 61 34 53 63 78 26 35
62 50 46 51 41 65 60 61 57 71 39 72 55 59 57 75 65 55 71 65 66 39 46 69 42 65 70 74 49 34 55 47 49 39 65 40 50 85 48 44 40 52 60 33 77 39 52 82 59 33 62 81 68 51 70 87 61 80 78 78 49 79 27 60 67 77 70 44 55 43 68 63 29 67 88 60 68 52 71 84 41 44 50 86 85 62 68 67 90 74 68 73 51 72 49 71 65 93 26 38
74 67 88 55 58 76 75 65 74 83 72 72 59 89 78 90 86 58 71 69 80 64 57 93 75 69 73 84 65 64 58 60 51 42 72 40 80 86 63 64 56 62 67 48 84 60 71 89 72 56 76 84 86 53 70 91 72 82 86 81 51 91 48 62 75 87 76 45 68 45 73 86 38 81 91 72 81 63 73 90 47 57 67 89 92 71 68 81 91 75 85 79 85 74 60 94 66 94 39 43
78 84 89 77 67 80 94 88 80 99 88 96 64 94 82 98 93 86 96 90 81 83 83 94 77 73 90 95 97 67 62 65 63 55 81 63 88 88 64 89 60 62 70 60 96 73 77 89 75 62 76 94 93 60 94 94 84 97 95 97 58 96 66 82 83 88 87 76 90 59 77 87 59 86 97 81 83 92 73 93 68 63 87 91 96 72 97 91 93 93 87 79 89 75 90 96 73 98 74 44
95 85 99 86 77 82 97 95 98 100 91 96 88 96 96 100 95 94 100 95 95 99 94 99 93 74 98 96 99 74 88 81 89 77 95 69 100 94 74 90 82 81 99 67 99 86 100 93 95 86 94 99 93 89 95 95 96 100 100 98 65 99 71 98 94 94 99 94 99 66 91 95 88 100 99 86 100 100 85 93 92 64 88 97 97 77 98 99 95 98 95 88 96 76 97 98 82 99 90 85

50 72 32 89 31 59 52 14 80 81 50 29 60 32 13 13 16 83 86 78 12 62 39 19 92 94 27 19 43 1 9 26 24 59 39 23 36 44 38 94 35 60 65 59 71 27 60 97 63 82 45 47 36 39 13 13 90 86 10 79 30 7 92 90 79 74 16 91 37 59 73 96 50 63 86 99 22 18 4 70 83 81 36 10 21 36 95 31 92 81 45 35 22 5 97 20 11 24 68 21

72 124 45 128 276 99 8 249 96 335 451 550 19 211 171 114 61 17 223 108 77 260 189 185 206 116 166 306 217 93 34 430 98 70 92 107 11 253 318 77 411 61 109 58 161 270 20 14 107 203 139 51 21 123 84 105 149 27 352 197 35 108 138 215 60 79 85 146 117 172 285 56 53 124 95 279 223 338 608 102 285 146 50 137 105 84 41 379 47 193 200 371 418 108 78 358 137 90 80 195
85 282 48 647 477 223 18 457 157 579 827 799 53 415 224 131 143 126 358 317 139 363 335 252 306 573 233 431 283 97 116 599 121 265 423 173 58 674 603 457 441 101 122 438 204 403 217 44 134 211 367 107 330 154 181 135 294 63 408 198 50 139 210 325 114 393 257 218 150 213 537 360 66 228 256 339 237 357 747 159 473 241 52 214 126 96 90 1072 247 307 278 563 736 179 864 723 264 173 993 430
162 416 49 886 587 336 59 669 250 685 965 831 506 431 258 135 196 232 559 394 165 459 427 273 328 631 280 503 676 212 563 620 197 349 557 268 63 802 915 550 601 131 272 533 389 474 269 208 247 215 499 158 374 268 207 182 308 67 435 284 94 160 217 427 188 678 286 326 151 362 739 521 88 274 334 346 268 639 1312 303 514 248 67 292 147 129 186 1304 312 472 365 770 887 825 949 952 399 305 1121 445
199 598 163 1114 616 366 132 701 339 705 1022 991 1314 550 260 142 204 367 561 908 233 502 518 880 344 664 331 971 683 386 736 854 226 363 562 319 67 1053 1615 706 851 157 357 984 478 754 417 284 334 215 991 264 381 305 631 418 397 105 465 285 168 302 263 431 188 880 463 1035 235 458 918 620 94 426 460 376 359 931 1475 318 709 320 150 335 222 193 703 1311 484 1270 678 909 1045 925 1118 991 412 465 1202 553
253 785 194 1362 976 772 289 718 410 822 1335 1109 1342 554 294 175 212 435 742 1184 263 525 649 967 395 806 393 1229 706 427 745 864 233 381 605 386 72 1293 1626 758 1175 211 483 1213 564 916 432 288 359 407 1050 407 414 399 657 558 490 107 521 373 189 309 460 481 309 891 533 1543 285 614 1082 1240 198 658 463 539 501 1239 1736 529 1065 378 156 413 264 210 732 1387 490 1590 738 1117 1242 1205 1265 1118 615 519 1337 565
304 950 252 1786 1242 1203 397 879 423 914 1633 1222 1466 653 335 259 322 490 834 1365 395 547 1175 1168 723 1204 499 1425 884 534 795 871 301 394 687 400 102 1621 1651 775 1532 260 608 1381 696 1093 467 312 369 413 1461 565 437 413 795 708 803 250 777 439 247 374 511 537 366 904 590 1613 344 747 1122 1321 489 762 487 737 586 1243 1776 1200 1132 413 268 457 269 245 1328 1479 1097 1604 750 1132 1313 1331 1527 1177 1010 697 1704 572
362 1249 257 1875 1245 1209 464 893 427 948 1831 1249 1539 699 359 336 350 494 844 1365 418 766 1187 1496 812 1274 664 1479 915 660 862 1014 383 409 714 429 149 1825 1706 898 1639 376 641 1437 833 1173 557 328 375 425 1530 882 637 434 797 762 905 289 931 447 290 402 531 578 371 910 696 1742 348 783 1253 1734 591 821 515 804 777 1488 1869 1209 1457 520 328 543 389 281 1387 1680 1126 1607 786 1397 1511 1460 1698 1179 1199 813 1747 630
503 1550 292 1987 1870 1364 495 948 436 984 1877 1263 1694 701 369 442 446 655 1041 1416 444 825 1193 1936 844 1936 885 1821 921 833 966 1600 495 550 800 464 428 1922 1983 936 1671 386 696 1870 854 1225 919 399 444 812 1819 917 835 536 998 799 1763 447 964 501 303 492 555 841 462 1043 714 1762 445 810 1745 1907 833 844 540 826 790 1695 1934 1361 1644 857 356 640 416 362 1642 2074 1519 1703 1020 1438 1599 1693 1801 1308 1340 1248 1848 719
536 1740 365 2045 2002 1799 500 967 487 1076 1888 1387 1764 730 376 495 495 703 1059 1464 548 925 1739 1956 960 1948 943 1970 1002 1029 969 1775 513 554 863 565 439 2028 1997 1015 1714 402 742 2023 952 1637 926 413 526 1084 2015 975 908 565 1039 816 1857 452 1028 574 474 523 573 907 464 1058 1010 1776 575 987 1880 1990 931 1042 583 860 846 1815 1980 1623 1959 921 435 867 460 479 1794 2084 1728 1891 1035 1999 1869 2017 1815 2014 1911 1638 1855 866

62 118 23 10 263 41 3 158 63 128 304 453 8 103 76 41 58 6 32 40 35 174 41 143 182 79 53 80 24 71 15 30 85 61 36 11 7 190 269 48 245 53 48 30 17 147 1 9 18 36 34 29 10 38 7 79 29 19 30 71 10 28 111 5 50 13 2 68 65 30 187 15 12 95 91 88 145 224 510 47 183 52 14 116 16 27 38 177 35 33 25 46 59 102 13 40 74 29 22 110
