200 9 2
278 120 156 148 219 258 64 237 23 248 192 12 87 1 154 128 156 65 126 108 211 123 102 76 99 111 66 193 1 118 1 195 84 207 163 1 14 86 57 92 1 90 84 130 87 52 46 111 53 116 28 120 26 101 99 52 48 154 218 25 48 160 1 21 74 231 166 18 325 13 1 62 58 31 258 1 138 35 45 143 1 262 298 79 185 214 84 103 137 1 117 146 291 196 1 76 143 85 1 184 1 220 94 119 120 134 163 168 158 88 59 57 1 126 152 21 111 136 70 3 26 185 199 37 1 97 143 119 200 142 170 31 132 114 172 90 188 84 61 85 231 169 1 1 96 170 115 175 46 154 121 1 88 149 1 99 83 45 57 349 26 207 33 126 189 157 172 139 174 43 159 94 74 30 91 11 1 124 119 59 1 270 231 1 164 27 1 90 145 62 108 193 145 192 12 1 82 167 1 170

14 13 7 21 15 3 32 34 13 18 39 23 43 25 43 23 21 1 10 43 8 6 1 29 1 32 38 23 36 54 38 1 1 1 15 55 15 38 14 5 25 31 24 12 46 1 26 20 15 11 8 1 9 42 1 3 14 43 10 20 18 13 29 8 29 4 37 41 3 20 25 34 1 35 13 44 1 1 48 20 11 25 48 29 1 20 3 24 26 18 22 29 29 42 8 8 27 21 6 22 10 24 1 11 72 34 21 32 37 44 1 19 18 25 2 1 15 13 56 5 17 51 35 1 24 46 26 9 1 38 27 36 19 1 55 17 37 29 3 14 19 23 39 22 48 1 34 21 38 2 28 17 16 1 14 1 25 23 14 44 29 1 15 21 27 18 5 31 25 22 37 14 4 28 32 27 16 1 45 23 53 39 17 9 26 1 20 30 4 24 36 29 48 14 20 3 1 27 25 40
26 14 12 29 22 14 45 44 18 19 48 36 85 37 49 30 22 16 16 62 9 21 15 46 5 45 48 26 41 72 59 3 6 21 40 63 28 48 28 15 28 56 46 40 60 12 28 31 39 19 16 3 15 56 25 12 35 52 26 38 30 20 31 31 40 6 43 48 14 29 26 35 21 39 28 45 5 13 59 23 19 31 68 39 23 21 14 26 33 28 43 31 36 43 23 17 35 28 11 40 33 45 6 13 81 43 41 38 58 62 16 40 31 50 6 7 21 29 63 15 36 63 37 3 34 47 31 31 12 46 29 45 36 23 56 18 46 31 4 24 21 43 53 35 58 13 43 46 61 18 29 23 28 21 15 12 37 24 20 50 42 16 31 30 38 19 13 36 40 24 45 16 18 36 33 50 38 23 54 26 66 47 21 28 37 3 36 36 5 28 46 42 63 15 38 12 3 44 29 41
38 29 14 36 30 15 50 71 29 28 55 49 91 46 66 38 56 29 36 74 17 38 18 61 19 56 49 40 42 76 72 12 13 36 48 84 32 64 30 17 37 68 67 43 73 28 33 55 40 28 17 13 29 73 33 23 49 54 36 39 31 35 41 38 59 12 44 56 32 53 33 44 36 46 46 48 24 14 69 28 36 37 76 45 25 32 15 40 39 40 55 52 56 58 41 41 49 29 26 57 37 49 30 27 88 62 43 46 67 64 17 49 32 76 13 15 44 30 71 17 52 79 57 20 35 71 34 43 14 67 46 63 56 38 64 26 57 37 9 31 22 61 59 59 63 15 63 67 62 29 38 39 39 33 31 33 55 35 24 61 47 36 43 44 68 20 21 53 46 38 51 23 28 42 36 68 48 30 58 37 76 58 39 32 48 13 50 41 21 38 58 51 70 29 41 32 10 59 35 63
57 30 26 60 47 25 62 90 44 32 66 71 111 60 69 54 60 34 37 79 21 54 31 88 26 58 50 57 43 83 81 27 32 47 56 103 33 84 33 38 49 80 87 45 94 34 40 73 61 34 25 20 44 89 47 37 76 68 53 47 57 45 73 51 60 17 49 69 38 69 42 47 37 73 50 51 29 29 74 39 38 61 77 53 26 36 28 59 40 43 61 75 71 64 49 52 58 42 30 74 48 61 52 33 111 73 52 48 74 67 30 50 59 81 20 20 56 48 78 35 71 86 63 23 37 76 54 52 24 77 62 69 67 56 77 36 59 66 24 41 40 69 60 73 69 21 71 79 76 47 39 47 60 52 45 46 61 48 36 79 57 51 50 50 85 30 37 70 70 59 53 45 32 43 37 86 52 48 69 40 78 83 60 53 71 16 69 42 22 44 74 65 87 36 44 33 22 68 41 78
80 41 32 61 49 27 76 104 52 37 70 77 118 71 90 79 75 45 48 88 31 63 42 99 36 79 62 64 49 85 88 31 34 66 58 116 34 96 53 45 58 87 97 57 107 38 49 84 68 49 47 33 50 91 58 53 86 81 64 60 81 65 82 58 66 20 64 77 48 75 50 68 42 110 53 63 49 35 77 41 44 65 78 59 40 43 40 76 53 60 72 89 87 79 61 71 67 44 40 80 65 75 65 34 123 80 67 49 81 82 33 51 70 89 33 33 64 49 80 42 85 105 76 36 38 91 69 60 25 90 69 93 74 76 78 37 63 68 25 50 45 85 67 90 78 42 87 97 78 49 42 60 72 67 53 54 72 66 62 98 58 62 55 59 108 36 39 71 77 76 67 58 40 68 48 96 57 53 78 45 92 84 72 58 74 40 82 49 24 48 83 78 94 41 55 34 35 81 58 88
96 42 34 70 58 40 87 123 59 38 77 78 121 80 92 96 103 59 64 96 40 83 53 114 41 95 75 68 50 99 98 32 42 74 61 129 37 97 65 50 70 97 102 59 120 39 55 88 78 57 53 39 54 103 62 62 87 89 80 75 93 75 92 59 72 36 79 81 59 88 56 76 43 127 71 71 50 36 87 47 46 72 88 69 76 46 47 84 54 71 85 105 98 81 70 83 86 55 44 92 69 90 70 47 151 89 79 76 84 97 42 59 77 97 43 38 69 58 85 43 86 117 87 51 52 105 79 61 36 102 77 115 82 96 83 54 73 78 40 63 46 89 70 104 90 54 101 110 90 59 56 74 80 73 64 65 81 73 63 108 68 69 72 61 121 51 55 77 96 93 75 70 44 77 62 97 64 55 96 54 112 86 87 60 89 41 87 52 49 66 84 102 95 54 63 42 48 99 67 108
107 58 44 77 75 48 92 130 76 52 82 92 137 81 111 108 118 60 88 111 68 93 72 135 46 105 83 69 61 120 114 33 45 91 64 136 41 112 82 65 81 108 103 74 137 52 67 89 79 79 73 48 61 109 78 74 109 102 91 80 108 76 111 79 79 42 80 87 69 114 77 79 44 146 84 78 60 50 98 62 54 77 106 79 89 52 55 91 65 79 104 114 112 98 91 96 87 65 48 114 94 114 84 55 169 90 101 86 89 107 52 71 96 101 52 60 75 77 111 69 90 128 94 52 59 137 91 68 51 116 90 128 90 98 99 70 74 80 59 64 51 105 76 111 100 62 108 126 95 69 59 78 96 75 69 66 82 79 79 114 86 72 82 72 129 64 63 85 99 110 82 72 62 86 76 110 74 57 116 59 113 98 101 61 93 51 103 69 58 72 97 119 100 75 64 43 49 101 75 116
108 80 52 100 88 67 100 154 85 58 107 102 139 82 118 121 134 72 89 114 88 107 82 138 47 117 105 83 67 137 135 37 49 112 65 139 45 119 98 69 84 116 106 102 138 79 81 97 89 80 83 50 68 123 84 81 116 107 103 86 126 91 123 91 88 51 94 106 79 129 78 93 58 147 101 86 74 61 99 65 75 85 113 92 101 55 61 108 67 90 117 115 135 111 114 108 94 74 59 125 98 118 94 66 178 110 123 88 105 117 73 92 111 119 68 71 84 78 113 70 117 139 108 59 71 142 105 72 61 117 116 138 102 112 111 85 83 87 71 88 72 109 93 123 118 70 113 139 110 99 71 85 109 78 71 86 87 89 97 125 102 79 85 91 140 70 64 88 109 111 101 77 76 96 81 122 81 60 118 63 136 108 107 73 112 77 123 75 67 86 112 126 118 93 100 44 68 102 91 127
111 91 64 119 97 75 117 163 86 73 134 109 161 107 124 134 152 92 105 129 89 133 87 147 73 131 114 90 71 138 146 43 57 116 79 144 64 123 103 90 103 127 123 103 161 91 98 110 96 90 98 52 76 133 103 88 130 112 114 110 137 95 134 107 96 57 111 113 95 142 87 103 63 167 119 99 81 62 103 74 81 99 136 110 115 66 77 119 84 110 121 123 155 118 124 127 106 96 60 134 99 131 109 83 202 116 125 102 110 124 75 100 122 121 96 73 93 85 117 77 134 156 128 70 82 160 109 90 63 125 125 139 115 118 117 100 90 99 88 100 74 115 101 134 131 78 128 146 123 111 98 93 110 93 84 90 88 102 119 135 110 89 113 103 157 79 65 99 138 113 102 92 80 104 91 130 93 61 129 67 139 111 108 87 113 78 126 76 84 103 128 127 127 103 119 58 71 119 92 131

15 21 26 8 8 24 10 14 9 12 8 8 12 22 6 3 25 5 21 1 13 21 5 1 1 9 17 10 10 2 15 19 16 13 16 8 19 16 22 11 19 5 22 9 12 15 21 22 1 8 12 5 9 14 16 12 5 1 8 1 2 1 21 8 16 10 27 14 5 18 15 14 11 9 36 9 7 3 8 7 18 20 10 16 1 12 5 15 13 9 11 2 1 4 11 13 13 14 4 7 2 7 1 13 3 1 5 7 17 1 5 1 20 9 10 12 9 2 7 1 21 9 10 23 17 13 19 15 19 27 1 15 4 6 22 1 11 12 7 9 15 1 18 19 10 11 6 19 1 18 14 7 7 8 20 17 20 1 11 27 2 5 16 1 6 18 22 11 15 6 6 15 1 6 4 22 10 15 25 10 7 1 6 10 10 13 5 4 10 1 1 14 17 10 15 12 1 10 22 16
29 24 42 17 30 32 24 34 26 31 17 22 21 25 21 12 30 28 24 15 25 33 6 9 14 21 37 11 20 5 33 32 35 24 21 9 42 29 43 14 27 15 33 20 25 23 36 27 8 13 17 17 21 24 26 18 27 10 12 5 10 12 29 9 34 30 41 22 8 25 18 31 23 15 45 18 18 9 20 10 22 33 18 28 10 27 16 21 16 25 16 13 2 16 24 17 19 26 17 8 11 21 5 17 20 22 39 14 19 2 10 15 44 19 12 21 27 7 11 3 27 29 20 45 24 23 25 20 41 37 12 25 5 15 27 2 19 22 25 27 37 17 21 24 25 18 19 20 9 36 20 23 16 14 41 30 35 18 15 34 16 11 41 17 18 40 40 21 27 10 8 36 2 10 11 41 22 17 31 13 19 19 20 29 16 16 11 5 19 23 18 24 27 14 23 18 24 11 36 19

13714 11756 10821 7866 7929 12145 9597 11365 8398 12789 14297 6414 8080 12864 11979 13363 10888 14704 8297 12586 14669 8484 7057 1108 8547 1827 7681 6059 10937 10476 7089 7540 7891 13269 7211 10891 8961 12990 5823 8674 17 8892 8271 7810 13051 13895 14864 12046 12469 5747 5417 6279 15922 12936 12024 5737 9472 10877 12270 7214 7958 1666 6967 14058 13291 7079 13492 17371 5760 5974 7221 521 9071 8771 12609 14158 7317 13569 11981 10480 6234 11044 9355 14131 12844 2614 8162 7032 12078 624 14132 13374 10927 6061 12271 17400 11472 5602 7117 13710 17799 5423 16073 8051 9336 7620 9204 128 11951 10955 10440 12640 8972 9379 13870 853 6883 2285 3975 8309 14695 9452 9228 13933 14750 3651 5987 5882 3384 5520 14684 13984 11351 11635 849 3163 6118 12989 7127 12168 16619 11502 5353 6596 12844 6720 14960 8623 12505 13256 9784 11324 10462 14161 9447 18138 15948 10996 633 12371 393 8277 13492 1920 2084 14515 11928 14429 12617 16571 9507 6282 6610 6805 13430 2402 20025 13070 5029 12099 11714 5576 13615 14577 11783 18296 11967 7636 9121 12947 14379 18924 13688 16868 9048 13958 17182 6045 13051 14201
16196 14250 12572 8765 8760 13513 11520 12925 10317 15583 17828 7972 9035 14210 14545 14975 13007 16900 10192 14300 16728 9725 8515 1280 9554 2243 9306 7287 12231 13044 8730 8481 9335 16531 8601 13261 10876 15819 7001 9790 20 10577 10174 9181 14662 15344 16687 14553 14249 6883 6574 7532 19186 15325 14112 6826 10952 12851 13942 7982 9334 1850 7691 16446 15672 8575 15149 21476 6801 6884 8373 626 11306 9796 14018 17608 9136 15922 14127 13045 7482 12903 11527 17114 15069 3087 9931 8406 15020 735 15784 15538 13215 7305 15336 20360 13282 6615 7867 16261 20654 6224 19992 9938 10362 8871 11483 147 14165 12261 11795 14336 11191 10357 17097 1014 8354 2755 4530 9300 17352 11120 10523 15538 18347 4505 7015 6511 3888 6156 17224 16017 12659 12851 994 3691 7013 15104 8644 13941 18323 13916 6648 7271 15821 7689 17729 10676 14596 15082 11423 13662 12189 16094 10456 21869 19609 12544 697 14577 470 9441 14955 2302 2531 17242 14312 15923 14844 19285 10984 7125 7802 7714 16425 2960 22111 15875 6116 14306 14500 6722 15523 17537 13937 21029 14629 9541 10859 14994 16162 23431 15121 18631 10089 16425 20375 7024 14705 17749
17882 16895 14994 10469 10264 14789 13528 15586 11187 17933 19908 8908 10924 17149 17002 16779 14208 20173 11836 15814 18838 11134 10057 1395 11539 2690 10359 8143 13936 14420 10431 10167 10527 18908 10178 15653 12110 19032 8314 11270 21 11544 11232 10913 16951 18212 19519 17077 15612 8135 7821 8343 21043 17259 15563 7711 13284 13946 16879 9469 10665 2253 8768 19060 18809 9545 17090 24663 7974 8089 9694 708 12332 11086 16553 20647 10919 18660 16993 15467 8489 15289 13023 18616 17166 3656 11191 9419 16878 863 19241 16934 14877 7912 17747 24346 14543 7838 9546 17688 24718 7495 21769 11804 11464 9734 12497 172 15963 14098 13435 16590 12439 12608 19166 1135 9834 3004 5386 11256 18864 13249 12679 17244 21535 5155 7760 7171 4624 7344 20384 18345 14686 14271 1169 4419 8527 17608 9386 15573 21299 15421 7775 8570 17743 8940 20576 11629 15862 16562 13770 15047 14679 17925 11933 24026 21842 14040 805 17302 564 11409 17101 2636 2984 20726 16478 19168 17327 22513 12461 8194 8532 8429 19300 3290 25422 18359 6681 16912 17282 7951 17214 19819 15878 24913 16423 11120 12632 17445 18516 26490 17682 22757 11495 18062 23553 8460 17737 20438
19440 18984 16292 11716 11353 16385 15725 17373 13017 20476 21610 10023 12082 19627 18869 19863 15633 23512 12947 17932 20379 12595 11804 1516 12459 3062 11188 9454 16079 16839 11549 11311 11664 20314 11656 16837 13507 21669 9369 12239 23 13007 12215 12210 19510 20126 22359 18627 17813 8727 8477 9456 23857 19671 16870 8575 15544 16044 18410 10243 11929 2572 9541 20558 20637 11231 19938 27553 8645 8940 10805 762 14237 13205 19191 23691 12342 20453 18588 17460 9183 18007 14828 20790 18587 3949 12518 10943 18983 965 22082 19689 16283 8696 19779 26723 16624 9190 10351 20632 28745 8467 24790 12930 13520 10951 14343 191 17529 16657 14848 18693 13443 13739 20866 1329 11227 3427 5860 13141 20601 14767 14457 20119 25139 5547 8894 7940 5200 8555 23441 19879 16107 15751 1296 4875 9589 19958 10651 17332 23871 17127 8552 9771 19877 9886 23471 13544 18413 18604 15014 17581 16996 19938 13362 28272 24673 15996 956 18919 628 12952 18589 3114 3338 23735 17768 21864 19436 26232 14243 9660 9222 9794 21953 3750 29179 20851 7398 19571 18632 8983 19788 22756 18628 28208 17740 12406 14830 20543 21060 30893 20666 25821 13285 20958 27430 9920 20283 22210
22866 20822 17876 12989 12318 18020 18039 19867 14744 22172 23244 11595 14045 22674 20181 22596 17393 26837 14661 20336 22691 14231 13549 1721 13959 3276 12896 10243 17936 18978 12416 12423 12958 23061 13010 18777 15547 23621 10708 13748 25 14255 14223 13861 21735 23354 26047 20129 20471 9963 9534 10803 26070 21648 19099 9870 17190 17400 21121 11429 12978 2863 10909 23638 22214 12743 22563 31522 9443 9782 12286 878 16043 14550 21350 25998 13751 23074 21028 19090 10258 19880 16213 24176 20111 4479 13634 12109 21569 1054 24283 21503 18072 9779 22403 30693 18815 10031 11495 23782 31668 9458 27160 13863 15478 12816 15864 220 19793 18521 17422 20848 15578 15556 23082 1427 12247 3897 6711 15111 23615 16280 16746 22753 27425 6083 10026 8595 5585 9889 25670 21309 18533 17299 1418 5531 10534 21534 12349 19038 27934 18584 9872 11383 22044 10679 26872 14408 21061 21620 16009 19693 19505 23281 15076 30865 28445 18509 1086 20442 689 14816 20027 3547 3698 26290 19428 25299 22577 30157 16308 10376 10219 10523 23743 4066 31577 22744 8440 22336 20920 10297 22633 24268 20164 31088 19810 13946 16523 22641 24515 35003 23398 30007 14576 23591 31531 11208 22280 24473
26077 23098 19290 13918 14205 20074 19819 21911 15693 23948 25216 12571 15363 25875 22711 24783 19647 28641 16335 22095 24931 15339 14777 1885 16066 3470 14229 10940 19034 20265 13622 13292 14135 25041 14237 21355 16798 25915 11644 14783 28 16032 16278 15436 23326 25984 28094 21518 22946 10538 10529 11484 28647 24562 20503 10990 18663 19494 22361 12458 14706 3135 11965 27071 24672 14119 24020 33261 10553 10659 13415 977 17888 15853 23025 28072 14611 26185 23249 20203 11815 22491 17171 27134 21855 5082 14509 12872 22957 1140 27374 23408 19309 10879 24490 34053 21667 11046 12306 26794 33800 10786 29346 14682 16765 13725 17615 233 22283 19968 20006 23576 17244 17134 26422 1563 13924 4217 7411 16665 27177 17241 18536 24211 29858 6949 11213 9545 6355 10789 27364 23041 20806 19189 1519 6126 11691 22861 13180 20379 30984 20199 10768 12623 24366 12140 29884 15783 22535 23887 18153 22459 20725 26055 17431 33897 30721 20757 1230 22853 736 16825 22868 3790 4188 28611 21555 28864 25524 33788 18617 11521 11664 11622 26787 4611 34848 25984 9179 23959 22918 10868 24231 26398 22085 34646 22295 15177 18726 24484 27649 38299 26246 31855 15867 25457 34903 12043 23943 25922
28682 25137 21834 14983 16023 21302 22032 24008 17643 26638 28440 13864 16670 27411 24868 27915 20809 30471 17430 23512 28194 16523 16087 2068 17194 3871 15861 11553 21580 22635 14647 14874 15411 27909 15637 22829 17929 27904 12692 16610 30 17553 17516 16664 25232 27443 31300 23037 24894 11173 11404 12786 31723 26351 22437 12308 20551 22075 23997 13825 16000 3483 13149 28880 26187 15806 26063 35987 11948 11768 15216 1067 19662 17958 24807 29941 16273 27893 24749 22799 12854 24224 18113 29143 24109 5563 15457 14254 24597 1264 29674 26470 20687 11576 25739 36841 24193 12308 13269 29465 36805 11756 32377 16437 19078 15375 19305 245 24477 22623 22239 26027 18380 18785 28123 1717 15571 4760 8316 18170 28930 19042 20688 27519 32702 7575 12483 10171 6732 11475 30700 25111 22837 20900 1615 6500 12523 25455 13919 21659 34007 22339 11866 13621 25679 13345 31620 17397 24231 26459 19600 23693 23088 27896 19764 36877 32319 23175 1312 24936 810 18737 25189 4019 4500 30125 22836 31691 28300 37209 20333 12752 13192 12710 28304 5116 38192 27951 10176 26464 25009 11994 26765 28592 24326 38644 23926 16431 20959 27437 29902 42983 27657 33813 17315 28232 38513 12673 25807 27693
30659 27030 23687 16612 17218 23827 23451 25356 19017 29830 29934 14514 18589 29982 27485 31089 22849 33914 18668 25873 31225 18035 17801 2207 18582 4276 17118 12825 23693 23980 15783 16159 16885 30845 16870 25381 19783 29661 14043 18078 33 19489 19087 18186 28058 30494 33360 24748 27985 11977 12172 13576 34549 29439 24385 13509 21562 23497 25635 14941 16910 3898 14772 31058 28871 16936 27455 38381 13347 12786 16140 1177 20970 18994 27482 32052 17669 29294 26917 24484 13918 25682 20288 30701 26231 6100 17440 15738 26758 1381 31111 27859 22541 13071 27796 38783 26736 13272 14832 32809 40498 12320 34677 17902 21410 17017 21216 270 26041 24521 23318 28814 20590 20901 30499 1885 16756 5274 8993 19229 32527 20372 21667 29353 34266 8133 13691 11543 7513 12224 34042 28083 24114 23382 1785 7198 14047 26964 15067 23389 37141 24604 12618 15023 28163 14556 34905 18820 26535 29602 21521 26520 25549 29604 21294 40182 34094 24760 1385 27248 865 20115 28367 4400 4851 32784 25529 33459 31051 40599 22610 14243 14470 13890 30001 5435 41420 29508 11034 29134 27108 13086 29161 30935 26018 41492 26355 17453 21989 30205 31825 45091 30109 37626 19134 31376 42499 14011 28622 29644
32125 29568 25095 17556 18042 25441 25674 26676 19944 31846 32224 15436 20126 32737 28975 34333 24251 35991 19763 27444 34832 19599 18960 2342 20149 4489 18850 14133 25316 25387 16855 16913 18541 33741 18415 27268 21918 32698 15285 19496 36 20716 20673 20111 29587 33218 34921 26154 30125 12579 13448 14439 37227 32442 26197 14355 22901 25237 27543 16590 18564 4113 16475 33974 30818 18392 30346 41049 14289 13682 17077 1259 22574 21176 29922 33733 19374 32512 28479 26782 15040 28278 21343 34198 27528 6532 19264 17076 29220 1529 33515 31196 25192 14312 29323 42991 28786 13874 15815 35369 44041 13200 37537 19248 22654 17923 23391 284 28240 25799 25175 30292 22560 22735 32237 1984 17947 5690 9765 20986 35141 22345 23671 32298 35811 8867 15001 12151 7890 13353 36813 31565 26533 24661 1953 7899 14724 28650 15829 24662 41133 27128 13522 16063 30170 15836 38114 20518 28976 31212 22700 28654 27613 32282 22735 42191 36238 26688 1529 29349 960 21315 30221 4850 5252 34886 27261 36075 33042 43931 23576 14951 15905 15543 32058 5865 44145 32439 11770 32002 29200 14097 31106 33292 28547 44290 28974 18737 23116 33077 35177 47503 32189 41163 20575 32850 45384 14918 30617 32227

9860 9383 8613 5445 6414 8672 7918 9165 7521 10842 9107 4320 5706 10913 7209 7395 9391 10180 6766 11081 12663 7316 6302 668 7253 1394 6027 4393 5843 6764 4896 5175 5309 8832 6139 8753 7605 10505 4606 5985 15 7246 5737 4696 10772 8695 12233 9429 8945 4303 3871 3787 9406 9647 10101 4685 7236 9272 10857 5989 6618 1261 5275 11991 11684 4368 11752 13487 3772 4756 5740 397 7826 7406 10522 10602 5785 11398 9070 8966 5231 8251 7241 12159 8837 2347 6220 6221 7397 358 12333 11820 9551 5316 8089 14833 10239 4639 4866 10178 13675 4736 9602 6616 8045 5996 7253 108 10213 9403 8006 11065 7671 7891 11087 733 4834 1462 3385 6445 8076 8292 8289 12009 10278 2543 4882 4065 2910 4040 12498 10293 5720 10422 673 2013 5236 11595 6275 9607 12990 7310 3964 5564 10852 4554 10132 5973 9210 10555 8077 9905 6315 10908 6690 12116 12458 8428 547 10950 317 6899 10354 1708 1623 10717 10638 12038 10529 13520 8113 5547 3798 5039 7621 2011 13676 11460 3912 8802 10466 3436 9208 12782 8249 14164 8845 4708 8053 11609 12767 11417 8118 12765 7643 9346 14756 4714 11321 12211
7431 6946 7135 4442 4076 7038 6365 8518 4594 8394 8014 4147 4140 8206 7101 6834 6493 8110 4298 10742 11251 6448 5310 628 6309 1098 5713 3586 5514 5768 3783 3911 4407 7883 5665 7020 5026 8335 4218 4386 10 6424 5379 4026 7821 8216 9596 6525 7958 3232 2915 3551 9241 8127 9969 2969 6382 7719 9457 5980 4903 1041 4453 11115 10358 3652 7987 12989 2905 3335 4481 289 6590 4690 9199 7947 4308 11146 8659 6470 3985 6841 6609 9637 8357 1674 4480 3980 6857 348 7726 11429 6042 3867 7856 12863 6603 3704 3977 7063 11487 3691 8316 5693 6356 5637 6036 82 9292 7369 5221 8635 4762 6268 8888 617 4484 1195 2345 5012 7662 5991 5362 9692 9025 2181 3581 3275 2217 3541 8986 7790 5705 7460 626 1811 3487 8110 4922 8422 9802 6730 3081 4381 8742 3791 9805 5122 8728 9486 4932 6756 6260 7150 5170 10495 8942 5695 515 10543 302 6323 7205 1463 1198 8504 8519 10163 9941 13459 7977 5536 3428 4812 7315 1232 12420 9692 3730 8658 9087 2902 6949 7412 7050 9279 8029 4488 7222 10382 11711 10254 7049 9971 6040 8523 10051 3286 11023 10787
