200 9 2
155 271 1 45 126 50 59 154 71 102 93 48 133 219 172 149 84 197 70 77 95 1 17 65 137 88 41 125 128 173 24 148 136 240 1 155 155 1 145 76 84 6 1 1 49 175 116 251 94 191 50 68 92 74 1 73 71 58 154 113 159 52 120 69 152 152 27 142 169 60 119 103 1 88 117 115 105 1 159 204 167 41 85 63 184 56 153 227 141 178 35 175 1 1 15 1 258 16 46 1 205 60 134 152 90 8 222 151 25 90 23 209 23 119 30 56 24 145 202 295 17 42 102 95 79 47 142 119 1 155 132 218 34 133 239 33 161 160 9 211 188 57 207 133 164 120 191 122 113 133 218 100 140 271 141 109 1 96 93 1 63 1 1 1 73 107 260 165 151 1 68 84 160 155 151 9 156 127 162 27 178 88 98 161 1 101 115 42 254 137 150 55 234 223 1 123 202 78 148 1

26 8 44 18 30 9 52 16 40 22 18 40 23 17 22 8 31 23 28 12 24 21 22 25 15 22 37 1 39 1 27 27 8 26 1 32 27 4 24 26 26 38 3 1 10 27 27 33 22 20 36 56 7 6 12 42 13 13 54 29 1 28 13 49 20 13 22 15 57 36 1 10 39 24 36 1 1 9 17 3 53 44 17 16 26 34 1 1 20 28 42 39 15 35 38 35 24 9 12 27 3 34 4 41 29 33 35 21 11 15 13 16 2 1 49 53 19 43 22 33 1 1 23 46 8 24 1 25 1 24 8 5 13 1 1 35 40 21 8 29 13 29 42 15 19 9 17 1 3 19 39 34 35 48 20 32 15 8 9 15 29 1 34 30 29 15 31 2 17 31 46 10 34 46 29 22 29 15 56 1 44 13 60 34 35 36 33 20 30 1 63 14 30 27 48 1 33 20 11 2
30 17 63 28 36 15 59 27 41 32 21 43 34 21 25 13 32 24 38 24 35 31 36 41 22 36 40 16 65 14 38 28 26 30 2 46 31 24 40 41 37 50 14 15 35 32 39 34 24 45 40 59 10 20 13 62 22 21 64 56 8 32 25 55 35 19 33 26 61 43 10 26 50 25 41 6 22 15 35 17 63 49 18 17 48 53 6 5 30 34 47 50 27 46 44 48 34 25 17 29 14 43 11 47 40 53 41 36 12 30 34 43 11 25 54 75 32 52 34 47 14 26 24 66 14 25 12 39 4 31 16 7 21 7 17 55 55 28 9 38 14 65 43 35 20 27 19 12 4 31 43 52 51 49 42 56 27 9 33 30 44 15 57 31 30 30 46 7 37 46 69 32 49 63 30 25 60 33 71 10 57 31 72 57 60 49 42 23 35 2 68 30 36 32 58 12 35 32 40 11
38 33 80 38 49 44 64 45 47 43 36 58 41 22 30 15 43 28 58 39 40 42 41 62 29 41 43 32 75 16 59 41 32 49 30 65 37 33 54 46 48 58 24 20 44 53 53 46 38 58 57 94 11 21 20 67 25 39 66 78 13 33 27 72 39 26 47 50 67 44 19 31 58 36 44 20 26 20 39 20 66 61 24 26 59 58 15 26 43 52 48 58 42 55 47 59 56 33 20 42 34 54 25 61 52 55 53 38 32 39 39 56 25 26 60 87 35 66 42 61 39 54 49 85 26 28 14 49 10 50 29 11 39 24 24 68 69 50 20 54 17 85 59 49 37 28 32 18 19 39 50 59 72 51 56 75 28 18 51 33 55 22 69 34 45 38 47 15 52 59 78 44 59 67 45 30 73 51 72 26 74 43 86 71 74 56 45 33 46 3 84 40 50 36 63 16 59 54 48 18
50 47 87 46 66 58 72 54 60 56 38 66 42 49 38 27 62 53 66 48 42 58 54 75 33 57 50 41 84 34 61 45 47 58 45 83 55 38 62 51 64 59 33 21 46 56 65 49 45 66 73 123 21 32 40 83 34 40 71 83 15 45 32 101 52 31 52 54 79 49 27 35 59 39 51 29 35 35 52 37 67 65 29 50 71 75 26 40 46 54 61 71 44 62 62 86 72 50 22 56 43 59 41 62 58 58 59 43 42 52 40 57 37 46 74 95 40 87 53 71 48 57 58 113 34 29 30 63 20 62 31 26 54 27 29 73 74 54 28 57 19 93 77 75 43 39 33 30 26 50 58 67 78 70 64 81 36 23 52 42 58 34 75 53 46 62 54 28 72 66 90 47 65 79 54 58 74 53 78 29 77 44 99 79 80 59 46 34 63 6 100 50 70 41 70 24 69 71 57 20
51 83 98 65 77 72 73 55 65 62 43 74 60 66 45 37 70 63 67 51 52 74 68 96 55 82 72 44 87 52 62 47 57 67 48 110 60 46 70 59 69 65 45 31 70 66 70 52 62 75 83 131 27 33 42 84 52 48 76 93 38 64 35 117 66 56 54 72 83 51 40 37 66 41 57 46 40 43 64 46 77 92 40 67 85 86 31 57 61 76 66 72 51 72 72 89 94 63 35 64 48 74 45 72 59 66 78 54 64 68 48 67 45 47 96 113 45 114 55 78 54 67 62 126 44 43 49 76 33 73 45 41 62 43 45 77 75 66 33 58 25 95 85 78 45 50 38 43 36 54 76 77 90 95 78 90 50 37 57 64 66 52 77 73 57 63 72 34 91 78 99 49 81 86 59 62 87 58 91 32 91 46 100 110 82 64 59 57 70 10 113 70 82 63 89 35 80 85 75 21
64 85 109 70 84 73 79 64 71 71 51 86 66 77 50 48 71 82 76 62 56 77 93 110 65 93 83 64 101 67 82 57 71 74 56 120 68 69 77 71 80 77 58 44 74 72 83 72 68 86 91 143 42 56 50 93 63 62 97 94 39 84 37 122 71 62 77 84 97 52 44 46 84 59 65 59 41 51 70 61 87 113 53 68 98 95 39 64 62 77 73 84 55 91 76 102 101 68 54 93 63 83 67 74 61 78 84 71 76 73 49 73 48 51 115 118 50 129 57 88 59 74 67 133 54 47 71 77 53 86 62 48 75 53 52 82 77 72 36 62 42 111 96 85 55 57 48 44 46 56 82 88 93 106 80 103 64 54 78 90 75 65 95 91 65 68 78 47 99 87 127 59 86 90 76 66 104 63 118 44 109 58 104 130 90 87 60 72 71 11 121 84 88 69 90 37 89 91 76 29
86 102 129 80 88 74 96 80 83 82 73 105 78 91 60 64 74 83 86 72 66 78 103 121 81 110 96 75 108 76 87 59 83 78 84 135 81 72 102 76 84 86 66 64 92 92 85 77 76 104 102 155 64 65 53 99 66 63 101 101 45 85 58 133 83 75 84 93 113 62 54 47 95 64 77 61 42 64 95 80 89 124 57 82 114 106 58 77 65 96 78 86 63 96 89 115 122 70 66 94 70 101 70 84 65 89 90 93 90 78 61 84 58 64 118 123 57 136 68 102 64 81 82 134 71 58 75 94 67 115 72 58 79 64 61 99 93 88 55 88 53 112 97 108 60 79 49 47 61 68 90 102 113 118 95 117 71 63 93 108 96 74 98 101 70 74 87 59 113 93 131 69 97 116 84 79 126 69 129 61 123 72 105 138 103 101 80 93 74 32 128 85 107 80 92 38 90 113 90 41
96 118 135 89 103 76 108 82 96 104 77 123 82 93 66 75 87 87 107 74 69 84 113 131 93 122 99 88 111 89 110 62 87 80 88 151 92 82 135 79 85 94 77 69 93 96 104 89 82 105 114 158 70 69 61 120 84 66 103 117 50 98 77 147 86 85 86 96 120 67 55 55 109 65 92 74 44 85 118 92 91 127 64 83 131 117 61 84 67 107 85 109 66 97 100 131 132 81 80 100 82 131 74 98 85 109 102 107 99 82 77 94 61 78 121 137 58 137 74 112 70 87 97 160 87 65 81 101 68 127 89 80 96 74 73 100 96 96 79 90 71 117 113 129 85 99 66 71 78 74 93 104 127 123 105 141 79 71 100 117 97 79 108 109 86 86 90 64 125 99 141 73 105 117 93 80 127 71 131 64 129 80 118 145 114 122 85 94 84 45 134 103 108 91 103 40 114 122 119 49
100 121 148 98 124 81 112 92 104 109 79 129 95 109 84 87 97 106 115 80 83 95 118 135 100 133 104 94 120 97 130 79 96 93 103 174 102 83 155 85 98 109 80 70 114 99 107 97 98 115 136 171 85 92 65 122 96 78 116 121 53 112 88 160 101 102 92 108 121 77 60 71 128 71 99 82 58 86 136 100 95 137 86 101 138 118 91 98 85 117 108 111 73 106 112 132 152 99 87 105 93 135 82 112 101 110 113 110 107 90 96 110 70 92 136 146 76 138 87 118 72 94 104 167 99 74 105 115 89 128 90 85 98 98 77 117 107 105 96 99 82 142 117 136 106 119 77 72 79 94 111 123 129 137 115 164 99 83 120 127 110 97 117 110 93 87 91 65 143 109 149 88 122 135 107 89 130 74 133 80 135 82 127 158 127 132 108 107 92 60 154 118 118 102 123 49 127 123 131 50

10 24 1 11 19 14 16 3 4 16 11 6 1 21 16 16 8 14 7 13 14 9 1 9 5 8 1 15 18 1 1 2 32 14 12 13 18 3 11 10 7 5 1 20 20 13 8 9 18 9 4 6 4 12 18 17 2 7 10 27 10 1 20 18 13 15 14 2 12 25 6 1 23 15 13 8 1 7 4 28 3 14 17 1 1 18 9 14 5 16 5 12 17 8 6 12 24 8 17 8 6 15 12 11 1 16 11 1 7 9 23 14 1 1 1 12 17 16 10 17 10 12 4 18 12 4 2 23 1 15 1 5 15 10 13 12 8 20 4 14 18 15 15 15 19 17 1 7 18 5 6 18 19 12 5 11 7 10 16 24 18 7 13 1 8 9 9 8 1 3 1 1 6 1 12 12 10 14 13 18 17 16 12 8 6 14 6 12 9 9 4 13 19 8 10 15 11 13 8 4
19 33 2 15 20 15 24 24 15 22 27 22 8 44 37 30 25 23 21 16 29 31 2 23 21 14 6 25 38 3 12 15 57 33 21 18 24 21 21 17 18 10 21 31 25 26 16 29 35 19 16 12 7 29 29 31 9 23 16 36 19 2 26 28 20 18 36 13 30 41 28 12 45 42 16 14 16 8 14 33 6 39 37 8 15 37 11 23 12 20 18 24 20 19 15 24 25 11 38 10 24 20 15 28 9 22 19 2 17 34 31 28 24 13 24 30 24 23 16 35 28 22 15 23 30 14 20 27 5 22 5 6 21 24 32 19 23 40 22 32 29 19 22 38 35 44 4 26 30 9 20 31 35 21 15 16 13 13 22 44 27 9 26 15 22 16 24 30 14 9 14 2 10 10 14 19 25 15 18 20 27 25 19 21 16 28 12 18 26 20 13 16 33 18 11 20 13 22 30 22

13990 8813 8704 12601 5139 13796 11660 12690 8419 13811 11013 19969 13477 7041 6406 11739 814 7710 5965 9096 12965 5426 9463 7554 6151 13668 9046 9935 672 6611 7619 13671 17408 8874 13690 11575 12894 6405 5569 13861 13437 11221 6037 13118 8485 5305 12759 3182 7048 14540 13345 7081 12156 14708 12227 3741 9992 10519 787 7495 14800 18050 13507 1616 5848 8906 9917 10940 5731 4116 4200 5517 11301 6300 5862 12554 12676 15777 7666 8204 13400 5345 7706 11027 2517 9100 13084 13860 12866 13020 13728 12442 6018 13123 11091 7202 6661 4637 12347 1619 11344 12473 14641 14511 11355 11668 9067 19929 2982 8165 604 18394 12825 8625 10727 12728 10681 1321 2290 7795 8728 1412 12004 7357 6338 4916 2921 10253 5710 6591 7683 7801 13575 5311 13480 6420 18575 7312 14353 8579 7077 6608 11060 7819 10035 8059 8587 11819 10762 10599 18542 8486 11316 772 14114 9486 6540 8842 11666 17820 7300 19915 7305 6718 10750 8365 8767 8747 7594 14666 14473 7283 7240 5790 7346 11451 8484 6625 13419 13227 5268 780 12579 10358 12307 5810 19934 14124 12748 16612 6167 5441 506 13352 14336 7105 8522 6335 12672 14367
16007 10148 10227 13910 6404 17051 13287 15548 9888 16728 12216 24025 14884 8494 7093 14068 950 8647 6993 11212 16155 6523 10987 9433 7237 15368 10130 11031 771 7733 8808 16898 20363 10711 16242 12886 14388 7795 6737 15793 16196 13274 7207 14514 9922 5868 15103 3969 8601 16306 16267 8421 14796 16833 14421 4118 11520 12406 925 8421 18139 21136 16657 1934 6883 9826 10940 13547 7152 4886 4669 6494 13427 7490 6570 15167 14144 17865 8575 9734 14955 6132 9194 12546 2852 11188 16343 16030 15329 16272 15765 14941 7446 16217 13404 8142 8165 5725 13995 1905 13768 14940 16379 17192 12522 13532 10241 22853 3432 10004 687 21034 14738 10774 11999 14289 13319 1615 2558 9361 9707 1701 13743 8544 7890 5602 3485 12144 6671 8007 9404 9371 16626 6368 16103 7676 21074 8580 16457 9845 8344 7449 12405 9629 11563 10068 10618 14065 13269 12581 21836 9399 13168 865 15788 11036 7999 10884 14199 19673 8672 22026 8584 7953 13196 10213 10585 9888 8360 16747 17538 8769 8965 6944 8519 14023 9738 8103 15392 15665 6098 969 14216 12259 14178 7231 24779 15954 15711 18287 6866 5989 589 15668 16684 7967 9689 7485 15011 17054
19161 12087 12233 15469 7548 19407 15350 17458 11952 19321 14112 28759 17187 9437 8059 15871 1122 10172 8014 13162 19304 7753 12081 11175 7997 17645 11110 12929 884 9041 10438 20094 24507 12447 17981 14287 16053 9059 8058 18823 18475 15655 8704 17025 11578 6904 18284 4485 10219 19253 18387 9575 16307 18501 15949 4725 12948 14651 1062 10261 20187 24322 19470 2101 7478 11147 12551 16080 8512 5401 5361 7120 16183 8693 7969 17130 15767 20641 9816 10920 17782 6821 10030 13943 3191 12377 19516 18238 16981 19028 19172 16808 8214 18169 14860 9255 9459 6691 15428 2152 15003 16338 18151 20056 15173 14737 12490 26337 3916 11623 763 23662 17553 12238 14659 16896 14427 1765 3098 11096 11468 1979 15343 9767 8817 6211 3918 13646 7720 9254 10511 11173 19675 6958 18923 9224 24639 9883 18351 11485 9687 8258 14039 11190 13583 11348 12114 15509 14868 14461 24000 10502 14942 980 17748 13060 9233 11829 15572 23858 9866 24349 9979 8867 15152 11680 11580 10800 9479 20365 20676 10084 10258 8010 10319 16747 10622 9365 17780 17997 6769 1117 16594 14142 15588 8037 28645 18558 17095 21674 7950 6901 661 17128 18283 9605 11588 8515 17954 19800
21717 13896 14076 17735 8197 22307 16672 18805 13000 21902 15645 32975 18599 10141 9566 17433 1321 11739 8638 14672 22424 8639 13853 12347 8668 19854 12982 14084 987 10639 11974 23166 27856 13471 19529 16079 18028 10245 9442 21365 21221 17827 9619 19134 13023 7884 21173 4845 11305 20786 21248 11109 18886 21628 18959 5636 14379 16550 1160 12051 23473 28670 22290 2403 8523 12512 14254 18561 9733 5923 6126 8347 18369 9490 8569 19279 18754 23935 11698 12648 20356 7540 10942 16332 3805 13847 21171 20847 19786 21746 21590 18975 9295 20196 17378 10768 10249 7662 17605 2556 17488 18568 21714 21897 16681 16211 14220 29181 4328 13265 848 27863 18904 14302 16945 19366 16896 1900 3380 12000 13258 2134 17644 11134 9589 6872 4359 15690 8710 10782 12294 13071 22144 7760 20363 10083 28161 11288 20295 12626 10913 9813 15210 12882 15852 13194 13100 17236 15953 16526 28417 12301 17215 1129 19733 15019 10097 13354 17843 25950 11641 28058 11676 10003 17634 12753 13402 12136 10828 23653 22988 11516 11345 9402 11694 17983 12299 10970 21084 19521 7670 1203 17938 15758 16920 8638 30953 20168 19068 24650 9077 7804 711 20412 20266 10348 13138 9242 19330 22363
24456 15326 15155 20803 9400 23997 18274 21879 14796 24289 17279 37855 20188 11792 11011 19071 1411 12915 9284 16933 25634 9942 14975 13255 9865 21997 14159 15428 1090 12102 13285 25459 31137 15375 22682 17668 20077 11711 10548 24451 23659 19346 10591 20480 15112 8445 23603 5258 12325 23316 22603 11927 21237 23547 21658 6112 16383 18048 1299 13083 26957 31593 23652 2752 9187 14101 15558 19870 10453 6797 6626 9545 21135 10582 9927 21948 21132 25579 12484 13912 22137 8691 12427 19070 4123 15010 23131 22996 22426 23649 24102 20476 10202 22760 19400 12561 11831 8183 19572 2926 18881 21548 24966 24440 18895 18238 15904 31947 5057 15211 965 31282 21198 15607 18037 21259 18455 2131 3807 13079 15419 2288 19888 12687 11055 7449 4998 17968 10061 11511 13361 14849 25519 8559 23713 10952 32240 12260 22881 14158 12646 10579 17909 14095 18196 14768 14064 19018 17598 18161 31929 13866 19616 1248 21443 16362 11338 14908 19174 30132 12995 31829 12801 11352 19570 14430 15542 13489 12484 27283 25497 12537 12451 10159 12658 19285 14035 12406 23004 22437 8928 1330 20926 17125 19653 10087 34422 22372 21859 27561 10241 9073 812 23299 21861 11747 15143 10527 22277 24134
26821 17290 17237 22239 10523 26548 20789 24457 16656 27390 19250 40947 22327 13522 12359 21561 1493 14080 10243 18178 27411 10803 17006 14106 10703 25112 16380 16831 1205 13278 15122 26860 33896 16717 25574 19428 22172 12960 11536 26521 26401 22124 11765 22965 16086 9296 26176 6034 13387 26916 25741 12914 23849 25282 22881 6969 18160 19529 1456 13853 30602 34237 26123 3090 9880 15443 17082 21431 11316 7360 7137 10228 23453 11913 10789 25066 23036 27589 14141 15549 24609 9268 13294 20982 4693 16878 25288 25627 24479 25119 25640 22355 11389 25491 20918 14290 12619 8875 22056 3115 20939 24140 27207 26808 20494 19543 17935 34615 5561 16755 1084 34106 23402 16855 19972 22810 20650 2443 4251 14674 17434 2623 22161 13615 12312 8495 5521 19207 11256 12992 14891 16637 28686 9822 26000 12021 34833 13380 25429 15955 13493 11772 19102 15224 19416 16658 15435 21118 18845 20587 34386 15844 22042 1348 23703 17973 12561 15898 22047 34231 13842 34490 14222 12853 21694 16301 17452 14554 13295 29377 28074 14293 13747 11244 13822 21267 14968 13621 24834 25356 10237 1500 23670 18854 20954 11247 38558 25561 24328 29321 11171 10099 909 24730 23430 12463 16667 12025 24913 26381
29364 18754 18987 25000 11333 28903 23481 27523 17653 30714 20957 44655 24283 14527 13191 22837 1679 15855 10909 19962 29359 11653 18166 15602 11600 27650 18291 18510 1327 13957 16067 29232 36862 18516 27817 21379 24200 14080 12211 29004 29578 23504 13018 25322 17798 10164 27933 6507 14284 28990 28697 14598 25743 28339 25780 7687 20504 21089 1546 15578 33252 38415 27830 3327 10829 16888 19481 22613 12334 8242 8109 11099 25514 12982 12021 27042 25657 29885 15588 17311 27621 10419 14086 22156 5265 17967 28231 28000 27692 28095 27705 25264 12355 27353 22961 15867 13468 9614 23720 3505 22556 25754 29763 30410 22088 22013 19226 37872 6014 17982 1224 36144 25312 18884 22643 24667 22050 2645 4773 16611 18828 2800 24920 14579 12975 9104 5874 21271 11897 14017 16181 17852 31573 11025 29226 13617 39475 15153 27567 16836 14614 13018 21514 16409 21445 18346 16800 22886 20906 22240 36319 16804 23331 1493 25169 20040 13366 17699 24842 38036 15624 36562 15425 13832 23914 17318 18884 15640 14546 32122 30932 15202 14919 12380 15427 23325 16800 14530 27052 27133 11174 1693 25628 20617 22823 12569 41295 28783 26226 32590 12675 11196 1011 26893 25245 13802 18579 12746 27904 29244
32480 20166 20810 26867 12078 31761 24845 30161 19444 33456 23581 48229 27275 15872 14530 25319 1818 17444 12106 22052 31940 12500 19761 17249 12785 30113 19793 20870 1439 15240 17691 31067 40748 19473 29807 23238 27264 14861 13141 30509 32750 24738 13754 26862 19766 11209 30784 7240 15268 31602 30609 15836 27626 31015 27879 8598 21598 23234 1633 17428 36700 42651 30770 3596 11616 17985 21584 25182 13078 9248 8896 11960 27607 14156 13207 29242 28717 32276 16517 18938 29894 11201 15310 23726 5763 19979 30634 30424 29737 30863 29497 26843 13503 29376 24090 16613 14424 10217 26403 3836 23774 28169 32851 32789 23824 23405 20743 41682 6429 18927 1340 37991 26927 20676 24098 27138 24161 2896 5282 18286 20262 3064 27340 16396 13989 9649 6465 22647 12736 15418 17284 19225 33242 12057 31119 14720 42427 16296 29720 18303 15398 14275 22910 17650 22873 20017 18942 24389 21987 23741 40421 18530 25614 1580 27509 21139 14957 18827 26193 42466 17029 39523 17019 14528 26555 18404 19790 17504 15342 34854 34214 16055 16085 13641 16380 25010 18228 15684 29156 29034 12471 1795 27116 21805 25717 13489 46001 31554 27778 35819 13927 12416 1093 29463 28028 15191 19819 14257 31041 32478
33933 21087 21736 28388 13309 34510 26249 32869 21410 35410 25053 51963 30250 16586 15758 27549 1910 18933 12928 23507 33499 13654 21571 18770 14311 33380 20928 23239 1577 16858 19341 33668 42961 20957 31187 26062 28709 16024 14503 33941 35649 26659 14757 29913 21795 11840 32683 7589 16556 33352 33743 16810 28918 33989 29681 9414 23304 25263 1721 18567 38399 46730 33644 3828 12832 19460 23941 27276 14225 10243 9823 13048 30331 14891 14397 31066 31829 34486 18338 20496 32871 12518 17159 25384 6170 21661 32683 33024 32713 33222 32465 29502 14446 32345 26367 17891 15637 11056 29153 4238 25748 30827 36069 35661 25379 25464 22275 43707 7060 20360 1426 40533 28888 22781 25727 29725 25696 3187 5514 19695 21645 3344 29140 17332 15034 10357 6878 24856 13712 16731 18196 20690 34987 12737 34055 16124 46740 17997 33169 20243 16553 15895 25213 18692 25179 21679 20267 27033 23738 24812 44536 20608 27780 1687 29181 23196 16045 20565 28130 44709 17801 44223 18728 15894 29115 20051 21465 18954 16342 38255 35741 17744 17816 14854 17155 26322 20132 17057 32024 30361 13586 1967 28820 23215 27474 14106 50536 34500 30493 39564 14610 13487 1213 32045 30043 16167 21813 15484 33904 34376

9568 6674 6368 11237 4592 11405 9423 9825 6413 11382 9610 14760 8186 5505 4801 10149 611 5585 5333 6146 9742 4007 6731 6220 5214 10348 6801 5953 595 4303 6215 10177 11570 7908 12307 9158 11458 4853 4431 9212 8479 9749 5272 9521 6505 4672 8827 2575 6093 9271 11145 6010 8718 12793 9864 3009 7839 7596 619 5931 12958 13081 9649 1358 4794 6965 7810 8472 4713 3418 2925 4466 7552 5567 4105 11235 9946 10752 5278 6364 9473 4682 6212 7983 2024 6216 7956 12085 8105 9414 10846 9965 4920 11476 6791 5417 4336 3445 10726 1442 6423 10663 9555 10456 8232 7768 6328 16108 1897 4672 488 14694 10682 6167 6890 11140 8631 1188 1958 6306 7743 1214 10331 6052 5316 3657 1695 8986 4878 4024 4895 5114 10098 4147 9248 5451 16485 4929 9534 6005 4921 5809 7364 6528 8698 7020 5635 8586 8710 5828 15233 6831 10016 561 12211 5597 4036 6947 10387 12037 4033 12789 4981 5782 8140 7386 6928 7198 6666 10306 8604 6044 5912 4560 5552 7545 7147 5901 11928 10526 2776 622 8233 7062 10082 3862 12408 10670 10423 12443 4413 3661 437 8973 11139 5345 7267 4384 7225 10827
9328 4718 5018 10051 3828 8052 7656 9542 4349 7295 6029 14430 8103 3790 4331 7603 550 5553 5185 6021 8815 3815 4801 4236 4636 9419 5371 5445 566 4225 3990 8969 9960 4631 10019 6503 6651 4483 3702 7135 6857 9375 4773 8954 4496 3545 6979 2486 4723 8574 8890 5863 6319 10639 6543 2602 6692 5769 596 4202 10071 10723 9445 1228 4019 6106 6485 6503 3292 3078 2621 4298 6648 4993 3588 10546 7488 8599 4505 5483 8037 3570 5279 5963 1542 5422 7233 11558 6860 8014 7801 8870 3440 10946 5888 4162 3407 2719 8754 1020 6045 6301 8628 8345 6400 6186 5852 11717 1641 4338 419 10884 8847 5032 6762 6516 8459 1123 1152 5606 4894 1077 7975 3871 5210 2510 1668 8347 3741 3352 4366 4478 8721 2911 7819 4621 13435 4479 9042 5674 4057 5024 5646 6159 7524 4427 5042 7700 6140 5746 14499 4771 9401 467 7101 4843 3550 6725 8547 10843 3667 10081 4780 4899 6091 4291 5287 5478 4756 9514 8054 4167 4350 3097 5473 6503 5501 4605 10894 7622 2656 404 7787 6741 7460 3796 10164 10082 9065 10913 3494 3194 285 7287 7567 3856 6314 4226 6930 8045
