200 9 2
186 8 184 77 169 113 188 91 132 1 204 86 30 7 172 3 1 42 95 277 64 128 114 1 119 84 96 1 122 200 105 202 87 173 265 170 173 173 66 118 228 1 200 1 9 111 76 112 94 141 1 136 108 90 1 114 1 197 131 73 86 39 49 86 76 161 25 88 1 194 67 179 212 96 214 136 124 68 161 1 75 237 1 190 157 89 159 52 73 149 56 125 64 181 106 44 128 102 78 1 100 89 108 93 1 98 192 61 41 47 84 88 30 186 47 1 101 181 226 196 213 50 191 78 144 84 158 99 211 117 18 77 133 140 100 173 66 63 81 53 29 134 108 6 79 127 196 43 84 86 102 13 1 41 188 124 30 141 173 208 12 116 79 58 129 33 126 2 152 107 151 1 230 221 181 97 49 156 320 52 87 145 169 1 66 40 48 110 1 87 81 202 81 75 130 140 1 4 80 75

16 30 21 9 2 18 14 3 7 57 1 49 20 48 27 33 22 27 32 10 35 36 15 31 35 7 40 16 16 46 10 20 30 28 30 18 19 38 1 37 30 21 12 1 10 32 19 13 32 6 38 32 29 1 30 1 8 26 16 19 48 1 38 25 35 10 22 16 13 8 32 36 34 18 30 25 1 50 10 12 14 6 19 9 48 45 17 27 29 1 33 41 33 28 24 1 15 24 1 12 31 30 31 6 25 37 36 6 1 43 13 13 34 43 46 32 34 4 43 39 31 17 10 10 31 11 23 25 25 33 21 39 21 57 33 26 1 38 16 42 20 32 14 8 7 24 12 31 1 6 11 38 15 9 20 36 1 28 16 17 51 53 17 28 1 17 35 26 19 22 36 50 21 18 1 42 32 1 31 29 46 16 19 2 42 56 26 21 21 54 10 5 22 38 44 11 14 14 16 33
25 48 33 21 8 28 29 14 21 62 10 62 36 55 30 54 41 28 42 12 46 37 19 38 61 19 46 22 19 47 26 22 36 40 35 19 31 53 12 43 33 24 30 2 17 36 33 18 54 22 60 36 31 2 47 8 17 44 28 32 71 8 53 36 45 25 40 23 19 9 46 37 45 29 39 28 6 54 18 20 17 8 25 17 57 49 31 46 37 2 46 54 45 47 28 14 31 45 10 26 33 31 33 20 34 39 50 15 11 65 21 17 38 50 63 51 57 14 49 62 39 24 25 32 40 12 39 27 32 53 32 47 22 58 36 39 7 56 30 49 27 36 18 22 22 25 27 64 12 15 12 50 36 10 30 42 20 37 33 27 55 66 27 34 15 22 39 30 28 36 40 65 27 19 15 60 35 6 43 45 57 21 40 3 45 58 47 41 26 70 16 27 36 63 53 22 39 17 40 52
46 55 49 22 18 30 42 29 22 69 28 85 46 68 48 65 56 37 48 19 60 51 36 40 81 31 48 36 34 77 42 28 42 57 37 25 50 56 14 52 49 27 43 13 39 40 48 24 59 26 74 37 34 3 51 16 29 61 52 45 86 31 65 48 54 36 49 27 36 31 61 41 58 36 53 31 16 67 21 21 33 11 44 33 75 58 43 54 58 3 47 63 51 56 39 33 53 52 16 43 35 37 35 34 46 42 51 20 27 66 35 23 50 60 71 62 65 42 57 73 50 39 35 43 49 30 40 49 36 67 35 57 34 70 58 51 22 57 41 66 43 52 22 33 23 29 35 91 18 23 15 79 38 22 40 57 21 44 34 64 73 74 37 48 28 40 55 36 38 40 48 68 31 31 24 77 50 17 58 57 63 26 58 8 50 66 63 50 42 82 18 43 38 71 55 28 46 34 55 56
47 74 64 44 29 43 59 49 23 74 30 113 55 73 57 79 78 52 65 27 68 71 42 57 90 47 55 46 37 86 57 41 49 63 47 27 56 59 26 62 60 45 55 14 51 46 54 40 73 47 76 49 43 13 54 18 36 76 70 51 109 49 70 62 64 40 57 46 37 37 69 59 73 50 65 47 29 73 44 33 47 17 66 50 90 71 58 73 74 8 63 65 53 74 48 56 69 61 27 49 72 61 51 54 59 49 71 41 39 86 63 34 62 75 78 73 66 70 69 89 52 61 51 44 50 40 48 50 37 68 39 68 35 77 71 64 39 65 45 74 50 68 23 47 33 46 46 98 20 36 45 93 39 34 42 66 34 48 46 72 93 77 48 58 30 46 67 54 52 52 50 69 49 61 25 102 70 22 67 67 81 39 67 21 55 74 75 52 53 105 30 56 50 81 58 30 72 62 74 64
61 75 67 55 30 60 64 53 24 82 52 124 64 78 59 91 88 61 75 44 83 80 71 74 112 62 58 52 49 95 62 55 51 72 48 32 73 78 27 72 61 61 73 25 57 61 61 44 84 67 98 56 50 16 69 21 42 85 88 58 127 55 84 72 82 43 58 56 42 44 71 69 79 51 80 58 38 75 66 37 59 23 80 64 101 72 63 88 92 10 74 66 62 86 49 60 81 70 32 72 73 71 66 66 65 70 74 42 44 94 72 39 66 94 89 83 68 81 70 96 61 68 60 74 61 46 58 56 38 73 47 89 45 87 82 65 51 94 53 89 66 88 29 57 42 52 62 102 33 58 46 108 44 39 43 67 48 61 48 92 100 94 62 68 45 57 68 55 60 69 65 88 57 74 26 113 76 23 71 88 84 58 82 38 61 94 79 54 65 123 35 68 74 89 76 31 74 73 93 77
69 87 83 61 45 75 83 54 45 100 71 143 72 79 66 103 101 77 103 49 85 93 81 85 133 67 61 53 54 107 74 56 52 78 56 37 79 105 28 95 67 72 83 49 71 62 83 47 90 83 103 63 51 33 79 31 49 105 93 77 139 67 102 84 87 45 71 76 61 46 79 73 98 55 94 62 47 96 92 52 66 32 97 86 116 76 66 106 103 22 75 81 66 105 66 71 89 92 36 81 86 83 73 68 82 82 85 53 51 95 77 63 85 97 91 93 76 92 73 103 62 78 79 82 71 63 59 59 50 84 51 101 51 99 91 85 58 111 75 109 80 89 31 72 43 71 70 127 43 71 49 130 45 46 50 80 60 63 53 99 114 116 75 76 64 63 78 63 63 70 72 107 69 75 27 123 92 27 77 115 99 71 99 41 69 101 99 72 74 124 37 83 79 102 89 62 81 85 102 102
87 96 90 79 64 84 103 71 57 116 86 148 86 96 83 119 118 90 109 58 102 94 94 91 140 79 69 68 56 110 81 66 58 79 57 50 90 119 29 96 73 89 98 53 77 67 98 48 104 84 106 76 64 42 96 48 60 117 101 98 154 70 107 104 99 57 75 83 78 60 99 81 103 69 106 67 63 97 94 69 74 46 114 101 117 92 79 112 113 36 76 94 68 108 86 74 105 105 42 88 94 97 93 71 92 88 89 60 61 96 91 64 88 102 92 109 100 102 76 105 68 91 90 87 96 69 60 61 60 89 53 111 81 109 107 96 59 135 76 114 106 96 53 89 51 77 79 136 64 74 61 147 50 51 58 88 70 72 63 106 129 132 83 90 87 85 90 75 78 74 78 111 76 86 40 131 101 29 78 118 110 85 108 50 90 112 113 78 89 139 45 89 86 112 93 68 89 102 103 103
89 107 105 88 66 91 122 87 68 127 88 157 92 104 87 128 135 93 118 69 107 102 111 94 157 102 91 73 64 132 93 68 64 91 75 55 91 137 37 108 88 104 123 77 90 80 106 49 108 99 111 85 71 47 116 61 72 134 112 111 163 75 116 114 100 62 79 100 91 72 105 105 106 79 108 77 79 105 95 90 90 59 120 107 124 93 98 113 127 45 88 99 80 109 101 80 113 128 51 100 100 107 105 85 93 109 93 71 71 119 94 92 98 108 94 110 108 113 89 110 79 101 107 88 110 72 69 66 85 104 54 115 96 117 114 104 89 151 101 117 111 102 56 97 67 79 85 157 72 92 62 151 54 60 73 111 72 87 71 125 143 140 86 105 91 93 104 76 80 84 91 112 97 87 45 135 105 40 85 120 117 90 115 64 91 118 127 94 102 150 50 92 96 115 98 75 97 111 121 121
111 114 110 108 77 92 149 91 81 133 102 165 97 115 98 140 156 98 121 83 131 114 121 95 171 111 97 76 78 147 98 88 67 99 82 69 99 138 63 116 105 107 127 79 91 88 114 50 125 100 130 94 88 66 139 62 81 168 139 115 164 97 117 122 113 67 90 111 95 77 121 120 119 84 134 80 80 116 97 97 106 67 127 114 127 101 114 124 145 48 93 104 85 115 114 98 118 144 62 103 117 117 127 100 111 122 113 74 93 124 103 93 111 121 112 124 109 132 105 111 90 104 130 108 111 82 85 74 87 125 65 116 120 131 116 109 96 163 104 139 126 103 62 107 87 83 111 174 78 101 63 176 69 80 82 124 82 103 79 136 150 142 88 132 96 98 112 85 85 91 92 131 102 89 46 153 122 54 90 126 128 97 116 69 104 131 128 119 104 178 60 108 109 137 99 81 98 118 140 129

23 22 8 9 18 13 13 10 1 16 12 1 8 16 9 2 1 1 17 26 1 16 27 16 17 12 12 6 23 21 6 8 1 10 13 1 22 16 5 1 10 1 19 12 5 10 27 6 4 10 19 15 1 33 1 5 3 12 19 17 9 25 16 1 9 1 20 1 17 17 6 7 4 20 16 10 10 24 11 1 7 14 2 9 3 2 12 8 7 12 18 1 20 1 12 12 13 16 5 12 25 3 17 7 19 1 9 5 11 6 1 9 12 16 23 16 21 1 24 16 16 28 19 1 7 12 5 2 23 4 6 14 1 1 30 1 1 11 18 12 20 18 25 10 22 21 14 3 9 3 25 11 15 7 20 10 10 13 6 13 1 11 4 1 1 15 4 9 26 5 3 20 16 1 21 8 14 21 24 19 16 11 15 18 13 6 5 18 10 16 1 6 2 1 15 4 1 1 17 11
42 24 32 29 23 36 20 11 12 26 15 11 15 24 11 15 23 24 26 35 7 19 31 35 23 23 26 19 43 26 22 22 2 37 19 6 37 19 14 4 11 26 20 14 6 21 29 15 13 18 22 21 5 48 7 23 37 16 33 21 10 37 21 17 15 14 35 19 26 29 9 13 29 23 22 19 20 33 16 17 23 23 3 11 4 26 20 15 11 25 25 12 33 15 27 26 22 17 6 13 40 10 19 27 46 16 26 16 16 24 10 17 25 17 30 32 28 11 31 23 29 43 36 7 32 28 12 11 53 17 15 35 11 4 42 18 32 28 31 13 21 19 34 29 40 27 23 13 16 13 36 15 21 9 23 11 18 34 18 21 7 12 6 15 11 21 9 11 46 21 25 23 42 5 27 12 18 28 49 34 17 29 22 31 14 20 20 22 24 29 10 28 10 10 19 20 17 2 36 21

6493 12220 1498 12220 6403 10890 7106 6851 1147 6470 5279 10081 14710 8991 7960 7510 10524 864 5179 4998 5186 6947 8269 5689 5142 10508 6360 6784 11006 15779 5063 344 9148 7488 8261 6696 11972 12276 9036 5648 221 5356 9373 7208 7579 2812 6055 11441 5311 7120 7088 7740 17493 10463 15359 19440 13790 7459 18506 6374 6046 7549 13672 10187 12641 5336 11368 13405 11399 7562 3834 13396 11945 8090 14210 7806 5584 13757 18087 8903 13148 12952 8833 11499 5026 9024 7728 5898 5658 12447 11958 6297 8837 10305 10980 17731 14044 14375 17436 12967 10440 2503 13321 1160 13563 15115 10480 8458 7022 13990 10693 8383 13665 1011 11160 11887 1684 10290 17916 4791 9144 10401 11844 14295 1828 2210 12541 11635 7391 13233 10731 14166 5352 8769 13345 11825 12048 11941 7150 93 2087 13578 8992 13905 8259 12195 12804 6485 3174 10518 6575 8264 10151 13605 1794 6074 2687 6935 8260 10137 4297 6464 7238 12797 8984 5581 8026 7756 8658 8641 10401 13188 8396 5280 13149 16616 8063 12992 11327 7295 12608 6617 9044 18570 10288 4511 7798 5758 14250 6647 12730 6819 8566 6631 14768 12846 13293 12422 13893 13854
7603 14540 1669 14711 7752 12391 8183 8051 1332 7329 6027 11213 16504 10503 9944 9058 11665 1021 6454 5755 6051 8423 9961 6303 6166 12849 7525 8013 12527 18701 5995 429 10416 8458 10124 7446 14736 14967 11050 6226 249 6005 11283 8296 8590 3173 6674 13430 6499 8049 7980 8827 19723 11844 17602 21676 16164 9290 21359 7272 6767 8972 16975 12535 15259 6448 13869 16526 13996 9163 4374 15489 14350 9562 15918 9375 6557 16208 20723 10797 14603 15819 9795 14249 6150 10791 8542 7037 6278 14626 13972 6997 9944 12141 13123 21280 16659 17766 20941 14521 12412 3094 16243 1423 15575 17143 11647 10520 8019 17004 11921 10418 15820 1262 13109 13809 1855 12217 21010 5835 10320 12970 13132 15883 2161 2684 14718 13264 8449 15778 12992 16068 6484 10448 15708 13886 14235 13563 8190 111 2492 14981 10398 17315 9890 14767 15161 7875 3720 12470 8136 10256 11639 15653 2131 7530 3330 7670 10138 12574 4842 7626 8288 14775 10087 6393 8875 9051 9557 10279 12402 15718 10397 5854 14568 19802 8904 14598 13318 8593 15361 7745 11115 21986 11681 5511 9605 6883 15954 7717 15831 8123 9982 7984 17571 15260 15408 15256 15499 16219
8843 17529 1839 17515 8410 14004 9348 8923 1500 8033 6570 13213 19400 12344 11229 10278 14042 1154 7649 6595 6860 9667 11240 6931 7435 14856 8553 8943 14499 21699 7196 475 11424 9666 11419 8975 17156 16307 12263 7279 288 6679 13031 9123 10247 3642 7381 15548 7352 9256 9602 9854 24091 13380 20320 23851 18311 10063 24439 8415 7621 10783 19852 13652 17724 7683 15789 17971 15393 10791 4901 18047 15716 10464 18818 11108 7929 19559 22881 12878 17493 18891 11882 16568 7017 12917 10369 8011 7247 17678 15257 7957 10839 13265 14495 23791 20022 19844 24521 16159 13754 3601 18381 1701 18523 20132 12848 12459 8750 19345 13703 11778 18695 1449 15114 15843 2048 13737 24907 6554 12102 14530 15223 19359 2600 3193 16520 14535 9712 17307 15458 19563 7584 12072 18687 16368 16166 15030 9287 129 2947 17307 11609 20290 11883 17494 17375 8899 4474 15034 9347 11651 13890 18184 2537 8390 3630 8593 11992 14262 5326 8583 9068 16817 11705 7469 9859 9833 10531 11730 14519 18993 11557 7084 16955 23500 9710 16979 15576 10414 17901 9322 12140 26430 13416 6352 11331 8229 18588 9282 17677 9463 11191 9371 19535 17099 17744 17790 18391 19486
10086 19184 2118 19009 9731 16126 10712 9609 1708 8932 7484 15225 22481 13335 12059 11893 16459 1316 8524 7559 8126 11216 12471 8150 8069 17081 9355 10279 16689 24736 7935 544 13062 10810 12309 10529 19273 19348 13959 8333 335 7548 14083 10661 12075 4287 8637 17130 8629 10536 10442 11405 27035 15117 22141 27172 20400 11161 28413 9123 8229 12301 21875 14903 19671 8966 18548 20127 17897 12008 5413 21140 17142 11582 20920 12904 9150 22763 25223 14584 18856 21445 13426 17855 8114 14019 12074 8921 8522 20281 17786 8736 12784 14943 17064 26854 22681 22256 28842 19194 16173 4144 20353 1949 20485 22044 14691 13981 10496 22026 15606 13446 22086 1598 16438 17691 2338 16084 27081 7527 13606 16689 16752 22387 2949 3453 18852 16244 10499 18721 17307 22883 8165 13499 20852 18346 17539 16284 10908 141 3199 19888 13681 23379 13621 19904 19014 9690 5055 16266 10142 13302 15299 19830 2913 9163 4132 9632 13051 16194 5976 9852 10091 19460 12926 8492 10691 11022 11725 13746 16990 22226 13272 8253 19181 26805 11531 19808 17850 11409 20160 10495 14276 30938 15733 7010 12352 9650 21364 10591 19220 10417 12385 10671 22225 19921 19590 19411 20363 21677
11532 22132 2317 21761 10488 17530 11890 11196 1883 10237 8525 17072 24196 14285 13125 12672 17543 1441 9403 8292 9380 11960 14464 9024 8885 19280 10233 11635 19146 26759 8533 612 14076 12211 13744 11206 21192 21302 15012 9289 359 8169 15660 11390 13785 4772 10062 19088 9304 11364 11695 12923 29356 16920 25757 31867 22057 12128 32152 10010 9401 14158 24447 17062 21350 9594 20700 22099 20371 13336 5989 23920 19646 13319 24321 14736 10289 25987 29593 15729 20944 23664 15111 20448 8905 15974 13116 10103 9774 21737 19282 10255 14809 17398 18169 28717 25700 25123 30900 22132 18655 4671 21759 2183 21990 25623 16077 15776 11203 25001 18113 14376 23981 1791 18783 19540 2758 18136 30129 8071 15886 18889 18016 24232 3139 3725 21159 18642 11757 21687 19336 24576 9119 15121 23023 20894 19747 18529 11780 160 3719 21950 14780 25892 14946 22289 21745 10702 5783 18098 11562 14711 16324 22768 3172 10094 4698 10917 14145 18094 6665 10605 11458 20972 15027 9460 11906 12860 13452 15620 19151 24863 14934 9166 21459 29535 12463 22050 19063 12710 22086 12081 16255 33158 17017 7716 14294 10877 23104 11713 21881 12101 13551 11842 25824 21542 21448 21168 22132 24477
13092 24945 2569 24210 12042 20017 13652 11965 2094 10919 9198 18083 26964 16333 14922 13574 19472 1576 10147 9137 10384 13065 16153 9923 10074 20667 11735 12494 20431 30581 9704 672 15630 13176 14998 12064 22679 22710 16703 9917 395 9434 17204 12664 15659 5323 10845 20798 10415 12637 12831 14742 32048 18364 27465 35953 24293 12995 35464 11340 10116 16045 25962 18873 23234 10913 23231 23825 22842 15213 6875 25622 22235 14691 25990 15981 11490 28612 32492 16692 23471 26041 16014 21861 9748 17260 14696 10952 10362 23725 21102 11443 16574 19672 19684 32107 28329 28183 33768 24210 21066 5185 24652 2458 24446 27409 18433 17167 12925 27200 20474 15385 26661 2026 20710 22203 3137 19609 32264 9168 18125 20379 19457 27059 3493 3966 23471 20617 12716 23081 21093 26832 9943 16870 25961 22739 21883 20470 12947 177 3948 23776 16081 27410 16923 24988 24317 11478 6204 19257 13084 16010 18519 25500 3541 10966 5205 11764 15292 20255 7684 11956 12227 23405 16434 10256 13041 13977 14684 16513 21059 28014 16509 9781 24190 33450 14130 24496 21685 14509 24239 13547 17845 36978 18815 8631 16210 11587 25700 12708 23682 13436 14412 13403 28132 24554 24192 22742 24626 26292
14445 27971 2904 25689 12707 21116 15083 13009 2239 12093 10345 19157 29196 17509 15888 14965 21318 1764 11026 10189 11320 14161 18010 10713 11038 21756 12994 13255 22416 32939 10638 755 17133 15032 16863 13108 24723 25665 17632 11198 436 10235 18495 14143 17323 5649 11497 23228 11004 14334 13543 16619 35789 19703 29453 40710 26886 14484 37430 12825 11139 17520 28633 20578 24593 11824 24938 26790 24933 16805 7590 28916 23813 15871 27632 17696 12669 30008 35331 18473 25994 28458 17745 24456 10736 18178 16150 12418 11361 26673 22579 12311 18087 21121 21067 35390 30642 30124 37445 26029 23507 5435 26911 2631 27105 29272 19849 19138 14009 29484 22374 16667 28747 2184 22437 25012 3404 21849 34717 9753 19998 21978 20882 29662 3815 4412 26566 22762 14337 25047 22859 29378 10853 17811 28311 23939 23252 22448 14491 197 4363 25737 17429 30779 18062 26468 27352 12521 6907 21843 13904 17302 20611 27958 3776 12238 5769 13165 16792 22058 8197 12698 13858 26476 17671 10852 14979 15628 15862 17696 22341 30231 18041 10921 26692 36112 15217 27476 23030 15430 25657 14865 19289 40756 20983 9322 17834 12794 29161 13994 25582 14550 16274 14651 31716 27721 26513 24212 26096 27944
15370 30775 3236 28035 13391 23775 16686 13823 2475 13555 11615 21657 30672 19695 17168 16278 23104 1856 11961 11328 12444 15108 19484 11753 12159 23602 13796 14076 23733 35256 11530 837 18914 16578 18852 13809 26262 27163 19265 12592 481 11293 19712 15665 18547 5987 12621 24443 12023 15396 15311 17752 39238 21648 31241 44416 29302 15634 40930 14181 11850 18749 31200 22301 27254 12517 26573 29049 27286 18552 8295 31939 26738 17431 29769 19268 13988 31471 38977 20264 29231 30047 19021 26984 11302 19582 17079 13011 12582 29224 25107 13771 20033 22765 22649 38256 32779 33460 41360 28965 25221 6014 28798 2901 28524 31497 21214 20959 15406 31010 23762 18414 31828 2300 24446 27402 3698 22895 39105 10329 21617 23237 23158 32272 4212 4787 28205 25004 15625 26757 25451 32561 11478 19042 30406 26498 25571 24453 15739 207 4674 27898 18474 34100 19165 28676 28886 13662 7460 23623 15198 19365 21837 29385 3971 13269 6241 14621 18017 24234 9078 13475 15473 29540 19626 11842 16807 16997 17772 19203 24855 32551 19897 11849 28401 37946 16952 29230 25701 16510 27475 15946 20995 43392 22376 10443 19618 13978 31850 15397 28390 15867 17549 15950 34973 29406 29709 27054 28692 29985
16960 33201 3431 29943 14844 25771 17540 15171 2685 14726 12905 22701 33756 21915 18632 17594 24635 1994 13047 12559 12969 16079 20709 12644 13299 25586 15379 15149 26116 37023 12522 894 21098 18365 20143 14908 28460 29981 20417 13945 532 12504 20744 16476 19986 6546 13726 26193 13242 16937 16487 19290 41680 23321 32822 47122 31972 17033 45087 15326 12793 20329 33839 24493 29222 13480 28065 32341 28720 19423 8704 34387 28224 18477 33213 20448 15017 34872 43237 21486 31770 31900 20808 28462 12023 20682 17977 13702 13910 30761 26981 14797 21159 24990 23928 42556 35688 36310 43448 31515 27563 6279 31914 3184 31684 33240 23603 23035 16423 33240 25572 20151 34392 2500 27038 30006 3913 24615 43146 11423 22818 24415 24550 35562 4424 5155 30500 26668 17359 28434 27783 34703 12167 20105 33659 28894 27644 26687 17430 220 5050 30624 19742 37007 20273 30958 31952 14511 8029 25480 16781 21155 23104 31917 4243 14665 6718 16095 19297 25395 9966 15044 16865 32642 21793 12897 18199 18212 19855 20506 25934 35175 21001 12800 31406 42071 18042 31290 27858 17597 29775 17465 22322 46058 24696 11047 20420 15118 34762 17043 29748 17208 18432 16776 37317 31695 31851 28454 30984 33064

4824 8863 1298 10909 4170 9451 4963 3705 805 5425 3866 8951 11790 7362 6196 6384 6885 677 4232 3440 4381 4088 6013 4117 3900 6600 5696 5058 7533 13938 3607 240 7500 4950 5508 5888 10527 8919 7416 5020 166 3494 5627 6148 6191 2259 4922 9907 3608 4662 4715 3980 10554 8492 13108 15573 10864 5926 11828 4875 4274 6274 11104 7855 8262 3644 7633 10640 9165 5163 3133 8541 8817 7042 10378 6886 3177 10159 10771 7145 11345 10882 7298 10237 4428 8036 5409 4021 4783 8196 9819 3945 6726 8787 9047 14216 9089 9287 14387 10831 7517 1833 11886 929 12122 11656 5312 5670 6185 12346 7265 7490 10405 666 8871 7157 1412 6415 12101 3259 7126 6838 9750 11252 1400 1903 9530 8289 5739 11021 7034 11135 3377 7484 9550 9380 7903 8388 5425 71 1502 11261 6617 12362 7039 7586 10451 5380 2320 8209 5528 7215 7417 11748 1475 4675 2219 6190 5262 5884 3432 5600 5011 6937 8019 4674 5579 6867 6909 7069 9096 10986 7038 3487 11423 14703 6646 9744 8047 5834 8730 4836 6453 13031 8877 3104 5644 4521 9375 4918 10377 5996 5484 5060 12539 10694 10251 10005 11032 9106
3414 7861 828 8047 3323 7986 4160 3459 717 5271 2712 6978 8816 6656 5879 5782 6853 507 2950 2591 3751 3505 5082 3966 3025 5387 4929 3805 6183 10761 2891 183 6917 4889 4205 5057 9368 7268 6501 4937 132 3190 4890 5736 4279 2155 3409 7852 3500 4304 3763 3930 10099 5937 10223 13159 10551 4933 10581 4548 3399 5997 7826 6303 7919 3528 6220 7614 8815 4285 2089 7013 6889 5287 8699 5074 2884 8219 9692 4469 9772 8038 5895 8838 4267 6112 3994 3654 3828 6842 8617 3283 6025 5416 7331 12293 8791 8639 9557 8346 5448 1328 9673 619 11320 8426 5292 4530 4063 11681 5348 7218 7512 515 6580 6331 923 5229 9180 3111 5752 6066 9320 7981 1186 1629 9292 6663 4333 7497 6661 7658 2945 4559 8756 6013 6727 6105 4289 47 1434 10422 4800 12172 4962 7011 6832 3392 2278 6842 4888 4664 5229 7099 1039 3947 1763 4293 4670 5178 2228 5237 3671 6611 6892 4168 4508 4941 5323 6003 6820 10618 6028 3300 6728 13551 4772 8784 7004 5785 6481 4683 4765 12371 8701 2731 4079 4389 7298 4480 7740 4356 4727 3617 9758 8050 9268 9426 8098 7480
