200 9 2
120 115 1 125 48 1 112 141 56 163 155 3 29 176 222 247 73 161 1 185 220 7 148 72 188 117 114 42 1 145 151 52 202 20 79 82 110 185 1 95 52 1 96 159 160 194 80 133 48 218 129 156 63 145 189 60 77 149 179 155 107 33 189 317 172 151 193 1 46 1 203 72 6 97 165 10 132 79 116 219 114 133 29 21 49 124 88 86 65 120 54 43 131 61 43 58 8 91 78 125 55 95 140 216 118 230 214 17 172 34 232 78 84 101 39 49 88 1 118 186 50 156 21 108 159 1 144 218 104 80 133 131 90 1 132 108 36 155 135 104 128 110 145 105 10 222 160 1 1 230 96 209 119 167 68 248 113 81 219 1 189 81 134 137 11 201 106 202 109 1 155 196 244 55 65 170 199 25 53 1 100 82 46 70 129 275 54 70 1 105 3 153 62 75 91 8 59 101 15 1

36 12 40 15 36 27 5 22 47 39 36 12 24 43 18 12 29 11 39 4 24 38 15 36 31 1 33 6 16 36 11 1 28 1 1 23 19 1 1 9 28 16 26 51 28 38 29 1 35 2 1 17 15 12 1 18 53 29 13 36 2 12 20 10 31 49 23 1 43 28 27 25 1 11 25 24 2 32 14 18 3 22 5 23 22 26 21 9 53 33 15 1 6 34 45 64 20 9 10 1 6 12 17 4 42 5 34 37 32 39 40 30 8 17 5 1 5 1 14 1 20 22 13 7 14 38 43 35 22 12 45 65 23 1 11 26 27 28 11 19 24 16 26 23 18 53 10 30 1 62 33 15 13 22 32 16 30 24 15 30 27 27 28 5 27 22 13 50 3 20 18 1 46 40 11 32 15 20 40 44 55 25 12 5 1 53 14 45 47 10 1 21 19 24 27 23 44 13 1 44
46 29 63 19 53 35 23 39 56 55 41 30 29 56 33 26 33 25 55 19 33 53 36 50 35 16 47 13 22 53 35 3 33 19 15 24 46 10 16 24 34 30 44 79 39 39 35 16 41 10 14 47 16 17 10 19 58 34 25 39 3 22 34 28 41 51 39 11 48 41 41 48 17 23 50 33 13 33 38 28 32 27 15 24 23 31 22 14 59 45 27 6 24 40 51 65 21 21 11 3 11 22 27 26 51 18 42 48 45 44 43 31 17 27 30 4 9 13 32 11 43 24 15 16 27 56 44 62 32 15 55 71 38 15 29 32 31 32 22 34 26 28 37 41 28 54 30 46 13 71 49 17 19 33 46 23 34 46 28 34 28 35 40 9 46 27 19 57 21 21 31 5 58 43 35 35 24 21 58 59 58 47 35 26 12 54 30 50 61 26 13 25 34 42 35 31 51 20 2 63
53 53 65 25 58 61 36 47 70 67 52 41 38 69 52 27 57 48 61 22 34 64 57 59 44 27 75 21 38 56 40 5 37 31 32 31 59 22 23 25 45 35 57 80 44 77 42 34 52 24 15 48 17 24 16 28 60 39 29 44 19 23 47 37 46 62 40 16 59 53 49 53 32 33 64 50 36 41 51 29 38 36 23 43 32 35 32 29 90 68 32 7 40 61 62 70 25 35 19 27 16 29 38 30 61 25 47 49 59 59 61 37 33 37 41 5 12 17 40 23 45 26 21 33 34 69 56 72 37 33 73 86 44 16 46 50 51 49 42 35 35 53 44 68 38 63 44 64 24 79 60 32 40 43 51 31 35 51 35 35 37 50 51 27 57 35 36 69 37 33 38 14 66 67 54 42 36 39 60 70 74 51 36 42 27 66 37 76 74 39 28 34 37 54 48 40 74 33 17 69
56 60 80 41 61 72 48 74 74 75 53 52 64 70 58 46 58 57 73 41 42 65 63 60 54 35 88 41 44 78 44 29 53 38 50 47 67 25 28 26 66 40 72 81 57 81 47 56 65 27 35 67 37 36 25 42 67 45 51 51 28 40 61 39 69 78 48 33 77 74 64 65 47 37 74 67 38 52 52 30 63 43 38 75 60 36 56 34 91 80 49 11 45 80 73 84 46 36 37 40 28 57 53 31 63 37 57 52 60 61 64 56 52 61 43 14 34 27 50 36 49 33 26 43 35 74 63 81 48 39 80 94 64 22 70 56 81 50 57 67 51 62 59 80 51 71 49 78 34 85 81 35 51 45 56 35 53 77 39 47 38 56 52 40 70 55 45 71 49 51 41 21 77 72 77 43 43 40 79 86 85 64 42 57 34 80 42 83 87 63 29 43 45 65 64 55 100 44 18 89
78 79 96 55 70 73 49 83 76 87 68 57 71 85 68 51 75 68 75 50 43 85 71 65 68 37 116 59 52 88 69 40 62 44 59 49 73 45 33 40 90 58 88 99 79 101 57 64 73 37 39 69 40 43 26 62 84 54 58 64 51 59 66 64 71 93 50 41 98 78 66 72 66 51 79 69 39 62 60 38 69 55 51 97 66 41 70 45 107 98 57 41 46 86 80 87 52 42 48 60 36 74 66 52 80 38 67 67 69 79 73 76 53 81 50 39 44 28 61 48 60 34 42 46 42 95 73 84 59 53 93 104 80 37 72 59 82 67 62 70 63 72 85 90 67 81 71 89 49 100 94 40 52 63 75 52 58 97 53 63 53 68 68 41 77 67 53 82 55 79 52 23 101 93 81 44 57 59 80 90 91 66 61 78 38 87 48 95 92 80 35 44 54 82 76 62 104 53 20 96
91 85 101 81 78 93 60 92 81 101 90 63 81 86 70 59 88 72 99 72 52 98 73 66 84 51 129 72 60 99 81 44 72 52 68 67 88 65 48 51 103 86 103 110 100 113 61 75 86 38 52 84 51 52 40 73 99 60 64 67 52 67 79 76 78 97 52 56 110 80 69 75 72 60 86 76 40 79 69 52 87 76 61 108 67 42 74 51 136 113 78 47 52 95 86 97 53 57 61 75 51 75 80 62 91 39 77 89 80 96 81 77 55 94 68 50 75 37 74 56 82 49 43 49 50 96 82 105 74 70 105 123 108 47 74 82 85 80 79 71 86 83 86 101 75 82 81 95 57 119 103 41 53 68 94 62 77 102 77 64 63 82 77 58 86 75 57 89 59 98 67 42 116 98 84 56 62 83 81 98 100 93 62 82 52 105 60 96 93 99 43 76 70 91 78 75 122 56 36 99
119 93 116 91 95 108 68 97 95 102 94 68 94 91 88 78 98 73 120 87 53 113 86 74 104 61 140 84 74 106 94 49 88 54 81 84 105 67 68 52 105 94 120 116 111 128 83 76 90 42 58 90 67 55 41 82 104 70 77 76 72 77 91 94 90 98 53 62 124 98 78 81 87 72 105 82 57 96 72 62 101 99 67 114 76 43 104 62 145 124 83 60 58 113 106 99 58 64 62 83 57 97 83 79 106 53 85 94 87 110 87 100 58 100 101 52 76 57 86 65 98 71 48 69 60 101 92 128 85 93 106 135 117 51 91 95 99 88 95 80 112 92 93 107 80 102 94 97 77 120 124 50 60 81 105 77 83 124 95 70 64 100 97 59 94 94 86 92 73 99 70 58 128 109 86 57 79 107 82 106 107 94 76 102 71 110 63 124 95 105 58 80 73 117 97 82 151 68 44 116
128 115 129 98 101 122 81 100 109 121 101 80 114 92 91 99 111 90 127 92 59 119 94 78 119 62 156 94 75 107 95 50 92 61 91 108 111 79 92 64 121 112 141 125 112 129 95 77 113 43 59 103 79 64 59 98 105 85 86 87 84 81 97 118 91 105 64 77 126 118 100 86 97 80 114 85 74 103 94 74 114 107 71 126 88 44 124 70 156 132 86 62 62 121 108 113 71 76 71 84 59 107 93 100 121 72 99 108 90 112 103 101 71 114 125 63 82 73 108 76 99 73 57 73 73 105 105 139 99 108 120 153 134 72 102 107 106 96 101 95 122 95 112 126 91 118 111 106 78 135 142 76 77 106 109 79 114 139 105 87 76 111 107 66 102 118 102 113 79 120 73 70 129 130 102 80 83 119 83 114 127 104 78 105 83 125 80 140 96 111 85 83 74 127 100 83 159 72 48 118
149 130 131 103 107 133 89 115 119 124 114 88 133 95 101 125 112 98 146 93 69 129 111 84 139 76 167 109 89 118 113 61 101 74 115 126 122 98 93 75 139 118 160 137 136 142 96 90 114 64 66 104 88 69 81 108 115 100 98 102 104 92 105 145 100 109 71 94 147 129 109 92 111 92 121 98 79 108 104 82 120 118 107 145 99 57 134 99 170 151 96 66 77 131 124 126 73 77 76 92 81 110 102 121 129 98 109 110 102 130 108 121 76 124 126 67 93 86 128 93 106 81 80 74 81 112 106 159 109 115 143 161 141 91 103 112 110 112 116 100 126 110 117 128 106 127 125 119 95 156 148 105 89 111 122 93 115 147 120 104 96 134 114 74 106 120 118 117 93 136 80 80 138 140 103 104 99 128 113 124 133 110 91 113 95 136 100 159 102 133 86 85 82 129 101 87 163 73 57 151

16 12 15 8 11 9 5 1 12 7 15 12 22 1 8 6 4 7 17 1 13 1 15 5 1 9 18 1 8 1 12 11 26 22 12 13 12 22 19 17 12 22 1 10 12 12 10 15 2 5 10 27 9 9 6 7 17 7 4 1 12 20 27 21 8 11 4 17 9 9 10 1 5 21 1 20 20 5 19 8 18 8 12 1 18 20 25 9 6 5 8 11 19 10 1 11 8 27 23 13 16 1 5 15 22 17 5 21 18 12 13 20 20 6 14 32 8 13 6 6 9 11 11 16 3 19 8 24 13 11 12 13 1 2 4 7 7 2 4 5 6 1 3 6 9 20 1 8 27 19 10 15 6 31 17 12 13 19 14 2 1 20 17 12 24 9 1 19 14 1 18 16 1 21 9 25 14 15 15 17 10 12 1 24 14 6 2 18 1 1 17 20 6 9 24 9 8 13 15 4
41 15 35 9 17 15 10 10 37 13 20 19 37 6 23 17 22 10 39 7 19 10 29 23 31 29 32 6 9 2 27 24 39 24 23 16 29 56 41 24 23 34 11 11 31 23 16 17 3 8 24 41 17 14 10 36 38 8 29 6 32 46 28 43 12 15 13 25 17 10 31 4 12 36 2 21 21 22 30 11 30 22 17 26 31 43 30 12 22 16 11 15 20 24 6 24 20 54 35 15 32 2 13 33 23 18 12 25 30 24 14 31 39 9 15 41 22 21 13 15 34 19 26 21 5 23 9 25 22 23 13 22 6 24 11 9 10 22 8 14 10 8 4 23 26 27 19 19 42 29 15 20 11 36 26 24 34 40 28 17 12 32 18 22 36 10 4 30 19 2 22 25 3 26 30 29 34 19 39 18 13 29 5 41 36 12 21 24 8 18 32 37 11 13 28 10 17 19 24 12

13274 4102 13293 13228 5580 7096 11125 11186 2416 16226 9031 5741 5608 5884 10547 14305 5969 14029 11168 7248 14827 9856 7760 1573 17965 14411 13134 10781 12891 6671 11601 10142 6129 12145 11443 16143 12301 10554 14125 711 12707 15323 13993 1066 14587 5263 9843 8543 5801 14459 13563 7878 7298 14339 11989 9135 8458 8743 11025 6932 7430 14595 2777 10851 7644 6785 4878 7042 7907 5656 14155 5541 11116 10514 5275 6605 13443 4071 5547 11975 6966 15947 7540 8501 11764 8804 8971 13170 13778 72 11922 12145 2658 1616 13026 5913 9279 13742 5816 18260 8391 11475 6301 7256 9148 14671 17774 11754 8388 4944 18499 7078 7270 1338 10852 9467 2396 13763 10782 12229 10291 11821 9293 14628 11033 18628 14394 12780 7126 7596 11529 7810 655 11952 18062 12709 13288 13341 5676 11418 3085 7667 14530 13749 5331 6983 6323 5971 12452 8427 11168 9268 4187 14346 14260 19228 7743 9201 17916 7796 7603 14152 9064 11241 14556 7922 5688 4420 13821 9789 13042 7150 9590 14622 8411 10588 18729 9958 8979 8234 11452 6790 13441 11542 12441 13730 9091 13445 14382 2433 6560 17665 8790 6187 8394 7355 16563 16803 13447 12183
15495 4721 15914 15865 6765 7919 13380 13950 2970 19566 10773 7014 6547 6929 11716 17159 7325 17149 13662 8073 16466 12008 8981 1900 21430 17616 16336 12153 15893 7400 13274 11892 7618 13476 13562 18587 15047 11781 16463 793 14227 18445 16551 1313 16645 6232 11610 10531 6803 16789 16885 9648 8345 17148 13376 11416 10097 10378 12895 8128 8409 16218 3401 12991 9323 8269 5469 7872 9093 6322 16474 6436 12743 12360 6059 8043 15774 5083 6557 13663 8641 18051 9180 9399 13645 10822 10639 16077 16923 88 14698 13947 3146 1993 15636 7113 11508 16628 6596 20530 9327 12715 7821 8770 10754 17968 21787 13392 9955 6030 21741 8470 8814 1565 13008 11760 2684 15963 12172 13919 12158 13194 11529 17987 12867 22505 17219 14140 7967 8917 12756 8968 725 14450 21035 15851 14694 16598 6522 13631 3480 8488 17901 17020 6554 8515 7702 7280 13839 9864 12522 10551 4763 16788 17293 21931 9275 10842 20084 9630 8468 15583 10460 12572 17054 9901 6650 5209 15270 10789 15014 8452 11849 16401 10386 11737 22464 11451 9954 10279 13137 7773 16630 13850 14709 16219 10540 14952 17770 2991 7251 21597 10562 7397 9995 8854 19514 20725 16432 15203
17107 5376 17698 18970 7795 8894 16143 16483 3513 21310 12468 8388 7465 8027 13289 19155 8095 19791 14993 9041 18038 13689 9908 2108 24034 19414 17662 13828 18136 8167 14529 13936 9012 15543 16080 21855 16404 13915 18025 967 17136 20618 19907 1541 20196 7327 12985 12141 8100 20108 20083 10901 9985 19368 16133 13658 11786 11285 15491 9611 9914 18690 3685 15455 10289 9417 6015 9115 11000 7180 19181 7037 13899 14382 6776 9250 19129 5794 7369 16597 10202 21332 10870 10830 16152 11715 11754 17475 19170 105 17349 16872 3633 2372 17152 7885 13110 19373 7275 24139 10932 14434 8859 10333 12634 21605 24345 14587 11872 6679 24171 9771 10201 1829 15223 12832 3150 18310 14668 16753 13935 14675 12852 19566 14674 26098 19712 16473 8951 9753 14236 10685 836 16332 24091 18420 17525 17982 7688 16295 3914 9541 19965 18691 7513 9390 9004 8470 15421 11313 14890 12430 5683 19510 19650 24319 10219 12916 22158 11145 9310 17153 11769 14327 20425 11648 7884 6162 17016 12837 17376 9807 13953 20026 11940 14270 24939 13790 11377 11888 14837 9450 18697 16703 17381 18019 11819 17221 19277 3467 8103 23428 12707 8726 10882 10634 22926 22897 18907 17129
18478 6376 20570 20794 8915 9707 17819 17629 3802 24835 14381 8999 8609 8812 15587 21825 8763 21973 17374 9937 19557 15853 11769 2313 27463 21633 19960 16344 21323 8986 16637 16361 10150 17608 18344 23880 19476 15005 19847 1058 19025 23564 21998 1788 23414 8412 14164 13359 9515 21934 22387 12529 11727 22556 17637 15018 13860 12598 16836 10637 11736 21116 4005 16927 11486 11053 7231 10302 12608 8387 20923 8322 15225 16757 7865 10510 21480 6235 8754 17891 10953 23501 12090 12740 18569 13544 13483 20681 21293 113 19902 18915 4020 2595 20045 8729 14727 20787 8726 26632 12684 17055 9751 11704 14729 24053 28276 16281 13016 7873 27691 11231 11821 1983 17090 15109 3698 19785 16743 18659 15390 16442 14239 22098 16726 30732 22183 18400 10561 10822 15651 11471 970 18563 26874 21278 19106 20538 8700 18697 4265 11240 21689 21543 8062 10325 10185 9914 18490 13042 17577 13520 6467 20962 22309 27918 11432 14350 26290 12276 10405 20271 13509 17011 23887 13111 8884 7255 18428 14792 18989 11095 15050 22544 13200 16690 27009 15346 13397 13382 17265 10926 20282 19532 19148 19855 13939 19261 21266 3777 9310 25613 14185 9972 12630 12325 26712 27077 21139 19186
20830 7007 22267 23065 10136 11019 19771 19233 4048 26718 16208 9697 9971 9483 16662 24670 10188 24054 18818 11128 23158 17935 12571 2556 30411 25058 21340 17834 22912 10572 18464 18328 11599 18972 19927 27126 20922 16796 22296 1170 21543 25995 24244 1926 26132 9082 15762 14259 10887 23649 25634 14053 12837 25442 19918 16860 15125 14407 19173 11545 13098 24353 4620 18930 12648 12682 8115 11427 14203 9277 22949 9617 17441 18011 8930 11830 23949 6709 9327 19349 11821 25747 12971 14500 20490 14712 14713 23894 23273 122 22009 20396 4663 2903 23088 9661 16346 22390 9309 30405 14501 18778 11158 13008 16395 25820 30091 18265 14030 8433 29780 12829 12983 2145 18204 16652 4212 22096 17835 20448 17958 18752 16278 25263 19311 34832 25108 20922 11789 11682 17797 13153 1090 21404 30600 23088 21515 22674 9963 19982 4861 12821 24903 23513 9054 11833 11498 11406 21341 14301 18949 14969 7446 23634 24715 29984 13205 16303 30031 13316 11875 23206 14811 19096 26597 14972 10158 7751 21837 16105 21896 12437 16821 25266 14085 18067 31483 17803 15127 15365 18414 12393 23068 20756 22142 22802 15368 21677 23393 4238 10883 29619 15159 11440 14125 13344 30131 30514 24258 21475
22429 7649 23668 24643 10757 12184 21125 20683 4445 28581 17129 10623 10957 10116 18116 26452 11011 25606 21541 12655 25309 19260 13617 2826 32956 26990 24050 19972 25389 11465 20809 20275 12228 20630 22289 29049 22951 19320 25520 1243 22901 27553 26966 2162 27679 9932 17926 16163 12116 25232 27227 15640 14569 28404 22042 18637 17161 15665 21748 12604 14604 27170 5199 20114 13575 13468 9019 12339 15878 9897 24942 10183 19403 20050 9918 12505 25834 7486 10453 21841 12874 28991 13992 15525 22369 16431 16784 25735 25534 135 23330 21742 5147 3200 24941 10857 17289 23875 10489 32616 15495 20922 12265 13928 17453 28897 34142 20269 15080 9248 34205 13676 14676 2298 20915 18452 4524 23783 18977 21978 20373 21533 17328 27366 21684 37284 27680 23759 13054 12680 19722 14271 1232 23062 32950 24680 24153 24971 11316 22715 5414 14412 27963 26376 10028 12688 12524 12406 24086 15615 21076 16473 8299 25764 27287 33377 14958 17317 33450 15253 13748 25957 16473 20221 28244 16652 10889 8407 23522 17258 23203 13816 18253 28416 15841 20167 35778 19823 16856 16314 20402 13411 25118 22874 23511 26066 17486 23649 25649 4826 11645 33388 16299 12861 15099 15084 34001 32315 27134 24090
24728 8071 26552 26567 11568 13359 23631 23418 4800 30293 18770 11200 12117 10744 20512 29308 11625 29041 24164 14041 26822 20294 15052 3178 35859 29242 25565 22363 27505 12946 22523 21708 13132 22831 24042 32344 24864 21432 27523 1388 25490 30168 30144 2308 29930 10613 20247 17800 13525 28076 29097 16697 16280 31134 24706 20561 18803 17392 23566 14140 15948 29837 5719 22507 14382 14971 9924 13585 17588 10599 27034 10882 20594 22653 10710 13850 28187 8442 11085 23403 13841 32115 15463 16915 24348 17428 18068 27398 28606 148 25527 23035 5505 3387 26499 12145 18957 25421 11513 35992 16501 22321 12972 14806 18523 31271 36379 23000 16246 10266 37997 14453 15709 2552 23101 20065 4888 26592 20542 24680 22398 24257 18321 30961 22811 39475 29455 26341 14497 14275 20921 15451 1391 25580 35877 27210 27230 27796 12063 24521 5734 15790 29643 28257 11356 14045 13646 13034 25403 16568 22354 17964 9265 28115 29341 36521 16266 19342 36294 16869 14665 27666 18600 21603 31408 18240 11787 9231 25185 18654 24859 14776 19989 31929 17259 21738 38023 21294 17853 17203 22624 14788 26510 24604 26250 27986 18475 26826 27175 5267 12850 36994 17520 14250 16046 16751 37011 35283 29295 26580
27643 8600 29432 27910 12947 14142 25709 26191 5354 33632 20544 12380 13014 12178 22194 31430 12255 31417 25338 15236 29667 22622 15830 3443 39906 30769 28552 24297 29730 13828 24930 24130 14168 25734 26632 34704 27462 22788 30349 1547 27213 33581 33053 2518 32438 11206 22337 19211 14587 29744 30699 18571 18019 34403 25991 21592 19906 18614 24879 15050 17779 33311 6056 24592 15717 16462 10489 14321 18906 11784 30119 12174 23313 24862 11794 15208 30463 9168 11914 24688 15414 34995 17251 18372 26086 19368 20308 29123 30366 160 28018 24954 5777 3584 27970 12996 19901 28520 12285 38021 17752 24242 14274 16183 19911 33214 38850 24324 17262 10918 41173 16160 16899 2780 25064 22224 5260 28264 22842 26587 24337 25718 19834 33703 24916 42809 32277 28426 15807 15548 23710 16327 1475 26775 39053 29361 28664 29793 12671 26648 6137 17510 31827 30509 12133 15275 14659 14102 26930 17937 23618 20192 9892 29989 32352 41260 17587 20279 39441 18459 16548 29291 19880 23351 33107 20049 13104 9974 28008 20441 27036 16278 22062 33614 18139 23291 42416 22910 19226 18553 25186 16113 29750 27191 27944 30093 19901 28355 30461 5805 14378 40126 19033 15188 17855 18552 40981 37647 31128 29336
29673 9260 32485 30051 13899 15557 27596 27700 5827 35708 21642 13632 13817 13041 23301 32985 13541 34369 27245 16006 31320 24160 17743 3613 43881 34303 29926 26203 31960 15293 27821 25647 15453 28093 28214 37270 30361 24092 32170 1631 29691 35138 36534 2669 34722 12009 23910 20787 15512 32373 32532 19582 18852 37648 28196 22750 21117 20065 27124 16455 19432 35260 6748 27146 16934 17654 11622 16066 20392 13100 31943 13512 25650 26381 12961 16781 31857 9835 13203 26023 16137 38063 18396 20121 27772 20829 22254 31057 33060 167 30772 27877 6153 3760 29629 14102 21329 31916 13499 40361 18648 26704 15628 17792 22018 35338 40771 25599 18708 11728 45081 17658 18121 2989 26249 24336 5672 31214 24852 29178 25558 28577 21661 35778 27328 46858 34871 30529 16941 16637 25199 18271 1561 28254 42242 31252 31198 32807 13747 29222 6491 18793 34301 33627 13054 16010 15664 14864 28545 19326 25189 21420 10469 33455 35498 45832 19216 21275 43722 19321 18007 32716 21541 25544 36491 21763 13694 10841 30012 22357 29931 17834 23838 37250 19724 25447 46803 24491 21009 20331 27073 17215 31711 29681 30125 31553 21771 30365 33066 6396 15909 42372 20207 16446 19111 20308 42695 41218 34005 31509

11074 3323 11656 8366 4832 6208 9456 7196 1815 13476 7624 3918 4580 4219 7436 10847 4390 11915 9911 4875 12619 7699 4813 1249 16166 10348 11208 9628 10488 4429 7970 6563 3871 9871 9755 13357 7637 5854 11870 449 10439 13287 10651 864 12779 3406 7289 6448 5010 12687 9246 6528 5755 10985 8506 7384 5936 7762 8464 5695 6353 12303 1537 6163 6127 4588 4069 5712 5946 4519 12646 4666 7561 7087 4388 4240 11372 3552 4691 9960 5628 10766 5776 7454 9883 6513 7018 8339 9584 59 7832 9792 2148 1388 8549 4657 5289 11287 5224 12239 7504 8920 5258 5132 5466 12062 12502 10055 6992 3528 15833 5794 6405 1041 7482 7277 1552 11442 8568 8977 8737 7759 6703 11785 8608 14393 11690 7818 6400 6262 9250 6801 513 8809 15949 11376 7635 8263 5025 9590 2345 6373 11327 11251 3554 5046 3653 4271 9226 7047 9571 7771 2467 9252 9047 12421 6745 5586 15739 5498 6796 12106 7579 8418 8574 6681 4551 3766 11547 8111 7331 6357 8333 9710 6817 9082 13355 8531 5869 7003 10264 5983 11232 8775 9962 10604 4886 11928 10285 2172 5855 14699 7770 5340 6590 6329 10352 13894 11298 8209
10885 2123 8564 7815 3394 3846 5594 6576 1299 12054 4723 2975 3393 3772 5542 8932 3802 11625 6782 4195 9229 7505 4692 1183 15724 9406 7995 5990 7864 4090 6988 6358 3864 7197 9179 8764 6910 5361 10987 397 7087 8029 9309 716 7568 3222 6868 6064 3470 10103 8282 6173 5502 10715 6025 5438 5475 7485 7474 3978 4613 11492 1438 5840 3904 4328 3124 3983 4467 4149 11618 4625 6734 5288 3120 3733 8562 3497 4409 8062 4916 9006 4990 4388 6877 4454 6547 7878 8613 51 7381 8468 1592 930 7533 3261 5238 10514 3095 10060 4641 7778 4020 4414 4919 8276 10167 7966 6340 2798 10300 5258 4368 793 5704 6986 1495 10636 5850 7210 7327 6730 5400 9066 7121 9634 8380 7478 4672 4944 8912 4178 428 7105 13894 9719 7127 8192 3550 6240 1723 4565 8199 11025 3320 3692 3374 4140 8353 6115 7155 7290 2341 7285 7636 11151 6441 5082 14872 4457 4094 8415 6709 5967 8562 6091 3183 3196 9857 5525 7136 4672 6697 7892 6644 8520 13025 8122 5825 6028 7542 4858 9427 8611 7271 10149 4630 10957 9847 1365 3882 13543 6487 3390 6582 4371 9152 12860 10058 7206
