200 9 2
46 35 4 160 147 131 46 180 44 138 93 70 1 62 80 20 136 245 73 68 142 140 1 55 1 1 17 84 92 1 101 133 141 31 28 130 115 78 220 186 67 66 130 123 124 1 1 127 30 103 162 15 123 84 82 79 78 227 6 42 48 79 10 104 46 21 43 176 142 38 2 1 50 140 12 157 53 66 122 143 84 103 1 94 117 54 68 194 1 127 312 106 104 193 50 104 215 140 176 48 280 137 1 119 96 50 132 1 114 22 207 272 115 191 128 75 105 107 172 1 129 124 122 154 37 202 133 199 185 173 294 125 131 81 80 128 220 64 163 108 194 48 73 21 20 127 112 127 1 1 130 87 202 277 22 123 125 144 23 166 136 171 110 1 11 109 49 139 129 34 143 207 69 151 50 175 1 84 127 1 116 111 36 16 177 168 1 160 119 126 43 223 88 1 153 4 44 66 118 1

11 32 34 7 15 17 16 22 9 48 40 11 18 14 23 12 53 21 35 27 18 1 28 39 46 10 28 10 5 15 31 40 26 28 39 43 25 10 14 28 37 33 27 21 16 7 24 24 35 28 15 33 1 18 9 13 9 28 27 31 3 11 13 42 12 15 19 8 23 21 10 42 35 1 41 6 18 28 1 16 44 21 32 21 23 18 1 24 48 1 14 18 1 24 6 18 3 1 1 52 1 38 37 12 32 3 26 5 41 37 23 12 6 15 20 7 34 20 19 1 40 29 30 2 24 48 11 3 31 5 6 5 31 9 17 11 1 9 39 6 19 11 33 16 1 29 31 4 38 15 37 12 42 1 41 8 29 1 1 22 32 25 16 24 34 57 17 33 2 1 1 15 2 30 4 15 56 1 42 35 18 37 3 30 14 18 2 33 34 20 1 35 22 23 1 24 1 21 19 30
14 59 46 17 27 21 30 38 25 67 50 22 28 20 41 16 68 22 51 39 41 7 49 42 61 25 39 11 24 19 41 51 29 38 40 53 47 27 15 44 50 34 39 40 32 24 34 26 44 43 23 48 15 30 18 21 21 39 33 32 32 24 23 54 15 17 31 9 42 26 30 55 37 10 43 12 21 31 14 27 55 28 40 33 25 25 17 35 56 20 24 22 13 37 7 32 4 9 2 67 22 39 45 26 46 17 42 19 52 40 26 30 9 18 23 11 36 24 25 22 41 39 31 18 39 62 12 32 50 10 28 30 51 12 27 25 15 18 40 20 23 25 39 29 15 30 36 10 45 35 50 27 50 20 56 25 35 9 2 25 52 35 25 30 49 61 29 45 9 13 2 16 13 45 26 41 58 2 52 70 29 38 6 46 36 33 12 54 41 25 9 41 39 37 33 29 7 43 20 39
28 73 51 18 42 25 48 51 39 73 59 43 36 22 55 23 73 23 58 48 61 18 57 47 68 36 48 32 47 43 62 53 32 42 48 60 60 31 26 57 55 45 40 50 35 32 38 38 66 48 35 59 32 39 26 37 34 51 54 45 38 43 44 64 27 26 32 19 73 30 38 59 39 20 44 19 26 40 27 28 67 35 41 41 39 41 31 48 57 26 30 23 23 54 24 44 17 27 3 70 23 46 55 27 54 21 43 24 55 57 35 32 23 21 28 27 46 28 37 31 51 48 34 21 48 66 23 43 51 19 35 37 67 27 28 26 30 19 45 28 41 40 45 54 16 40 48 34 62 42 51 40 59 22 67 34 63 20 14 28 54 44 35 40 54 62 32 50 27 15 6 22 25 46 37 67 84 11 59 82 41 39 29 48 37 57 15 79 49 36 10 51 59 39 34 36 20 58 35 54
48 83 75 37 73 34 66 68 40 76 60 56 38 45 74 35 80 42 62 61 63 19 66 60 80 52 51 40 58 45 63 54 50 43 69 66 66 37 35 63 59 71 42 54 43 53 58 50 76 67 44 66 33 54 31 59 53 58 68 49 47 63 66 67 35 48 43 24 82 31 42 69 65 47 57 31 39 57 36 43 86 44 58 54 50 55 40 53 65 42 36 34 30 57 42 53 18 41 17 71 48 64 65 45 76 24 64 28 65 67 46 46 25 23 36 35 63 49 39 41 53 49 53 29 58 81 34 62 70 43 49 53 71 38 49 28 41 22 59 47 53 41 50 58 31 49 61 46 78 57 52 53 78 28 71 46 77 48 15 42 68 51 39 41 68 83 47 62 31 19 25 37 41 50 55 83 96 16 75 105 43 56 35 49 41 59 25 80 70 47 13 73 67 49 38 60 42 74 43 67
68 89 92 45 88 40 80 69 46 97 77 69 44 66 84 43 102 57 67 78 66 23 71 76 89 53 62 47 77 49 70 65 59 59 79 73 70 53 45 71 68 75 46 62 55 71 65 54 94 72 45 67 51 68 39 68 55 65 73 69 56 67 67 88 39 51 65 29 91 37 52 74 78 56 63 43 45 60 48 49 100 45 67 63 64 56 58 67 71 54 47 38 41 76 48 66 19 50 20 93 53 83 82 61 97 34 71 42 71 87 52 53 39 36 57 40 73 70 44 49 62 53 61 48 65 94 40 69 78 60 65 77 79 49 50 31 48 44 66 68 73 43 60 70 38 53 73 51 93 71 66 66 101 32 78 47 94 57 30 57 83 67 42 63 81 100 53 82 46 49 31 56 58 62 69 86 109 29 82 110 55 58 41 68 44 73 26 81 85 55 21 97 83 73 55 63 65 88 44 80
95 95 111 53 98 47 97 77 51 122 92 84 56 78 86 45 119 58 93 83 79 24 75 78 107 54 76 59 91 60 73 82 72 68 97 75 79 57 58 93 72 85 55 81 75 76 80 55 103 76 46 73 52 77 51 79 62 81 90 82 64 92 75 94 44 67 72 35 105 48 55 94 86 59 82 49 55 68 58 50 111 47 89 67 66 76 68 69 77 80 59 58 43 87 53 98 25 51 33 97 63 92 101 74 99 53 74 49 78 94 63 66 41 39 58 46 77 79 60 60 72 57 71 49 68 111 62 86 94 84 91 100 97 52 52 36 56 54 73 78 87 44 62 73 44 67 74 55 97 81 82 78 116 46 100 68 96 71 31 73 97 77 50 80 107 105 55 83 53 60 46 77 64 63 85 93 117 55 96 119 66 62 54 69 60 80 32 95 106 72 38 105 95 80 64 70 76 93 47 95
114 115 116 54 100 54 113 79 63 129 94 87 60 92 105 59 134 67 96 92 91 40 81 90 126 60 77 68 103 62 77 83 73 70 113 80 102 64 60 100 73 92 67 91 93 92 85 64 105 84 50 89 59 80 65 95 87 104 109 86 84 116 89 101 63 86 76 36 113 68 68 101 105 73 90 65 70 76 75 75 121 68 105 71 86 91 70 82 85 81 60 80 44 110 62 123 42 58 47 108 69 95 125 79 109 56 75 54 82 101 85 73 50 49 60 57 85 80 63 74 75 58 85 56 72 123 69 115 100 97 95 118 98 58 66 42 58 69 81 99 88 47 69 75 56 78 76 63 99 91 93 80 134 56 124 74 100 82 35 74 121 81 61 98 108 122 62 87 62 80 58 78 66 77 87 101 122 68 109 129 78 70 66 79 66 81 49 116 129 88 39 113 104 87 83 74 77 104 56 96
117 116 122 58 123 68 118 96 66 148 95 95 78 108 122 63 136 70 107 116 102 49 111 91 127 72 78 80 117 66 79 85 78 72 131 106 125 72 74 107 84 102 75 92 100 117 92 84 128 85 62 100 74 96 66 106 99 111 122 90 85 131 110 128 73 108 77 42 130 80 78 108 124 77 118 71 95 86 82 96 138 73 119 73 102 106 87 86 92 90 74 85 56 117 63 147 58 65 55 135 77 101 136 98 113 65 81 55 83 120 88 95 58 71 65 68 99 81 76 75 78 64 88 64 83 136 82 125 108 99 122 131 110 75 80 61 70 83 100 108 104 66 78 76 81 91 98 86 114 99 106 88 138 57 149 83 126 90 43 88 127 86 71 111 109 131 76 100 74 87 65 94 68 90 100 115 131 85 134 136 87 86 67 85 79 87 52 134 136 97 57 128 109 95 101 81 98 105 64 106
122 125 125 70 130 73 127 114 67 149 99 103 85 109 133 80 145 71 120 137 123 56 112 109 145 84 84 92 118 81 94 88 92 87 146 122 142 90 85 119 101 126 96 97 101 132 106 93 136 102 67 110 75 104 78 111 100 117 131 99 103 159 124 131 83 124 88 56 132 86 92 138 125 78 123 74 108 97 94 108 145 81 129 83 119 109 99 106 100 96 76 88 63 119 69 168 61 70 69 141 81 113 154 108 126 71 82 65 88 140 105 109 76 78 67 79 110 84 89 84 92 73 89 65 88 149 83 133 122 113 133 137 125 86 83 74 89 100 133 118 116 72 99 86 100 116 103 101 121 108 118 110 152 72 159 93 138 95 46 122 144 102 73 130 123 150 85 109 80 110 66 115 82 108 108 126 134 102 154 143 99 110 78 89 82 102 86 146 158 108 73 147 115 102 119 94 103 117 87 109

11 8 38 1 16 16 5 21 11 6 19 16 8 21 18 16 17 9 15 14 11 8 10 13 9 4 1 1 18 1 16 8 8 1 18 20 21 8 11 1 13 16 1 7 30 11 5 3 11 4 28 11 1 3 2 22 11 1 21 19 18 15 14 3 8 13 21 5 13 10 14 14 26 20 1 13 2 21 10 16 16 24 1 16 10 6 1 18 12 6 1 11 1 19 9 13 17 9 6 26 13 17 12 1 1 6 1 15 1 2 5 2 18 2 21 16 8 7 1 1 1 12 9 2 13 10 9 6 17 14 10 12 17 14 8 29 8 15 1 19 1 19 15 13 12 11 11 15 10 16 1 8 4 13 30 8 8 6 10 5 25 13 6 17 8 13 26 15 25 1 9 14 1 4 6 9 6 16 11 11 4 5 14 18 6 10 5 14 8 1 9 16 14 16 19 7 20 10 14 13
15 16 54 6 37 17 20 33 16 18 26 17 34 32 26 43 28 12 24 36 33 13 32 29 14 11 4 12 33 5 29 17 21 13 29 24 27 16 22 18 19 44 9 27 32 28 8 19 13 10 36 16 2 8 22 36 31 6 24 35 28 34 29 24 9 28 35 15 36 20 33 21 45 30 12 16 15 23 20 21 32 28 5 28 20 9 3 35 28 18 13 26 6 40 10 15 18 19 27 35 28 26 25 11 17 24 4 37 14 13 17 12 39 29 32 31 17 23 8 14 11 37 17 29 23 28 25 21 20 15 19 29 25 36 21 52 31 28 9 23 8 39 19 16 24 33 22 17 11 30 4 14 5 32 44 12 24 26 15 10 32 14 19 42 9 15 45 19 50 14 10 20 20 5 17 10 7 18 14 31 18 32 27 46 32 19 13 28 9 19 30 21 37 32 32 10 30 23 21 37

2996 13222 13397 12985 12710 8504 7964 664 13564 12105 7291 7413 11502 11132 6511 13146 7506 4176 8473 6226 6524 15072 17839 11183 8062 5580 13909 520 10532 16199 16492 11250 15744 15374 7706 13263 7469 5956 1563 8754 7144 6761 6377 4517 7298 6688 13420 11194 13566 12439 12787 14651 8557 6540 7030 12899 10788 6181 13243 16849 7508 13565 7943 6467 8603 2444 10810 11430 10586 2175 8591 5782 9910 11225 13675 6081 9962 7337 11184 17045 4784 6646 7040 13683 13777 11116 12918 10780 7723 3455 5035 11146 7963 5965 7709 13214 13136 5520 14416 6358 6449 5828 8282 12909 5103 18263 10258 8813 11697 5278 12244 1059 4730 13787 12742 4575 11929 8426 14994 13270 4049 13483 2333 13390 13769 3227 6556 5518 11793 6800 11946 13273 5731 13739 4974 17838 9992 13557 12421 13474 10328 6163 12267 5578 5518 6375 13591 11238 11911 10757 9248 12199 6348 8553 6528 4810 5426 5759 12763 11744 6908 15463 6405 7556 13563 5238 6085 5388 16925 13471 15569 12262 8316 5079 10806 5883 8747 3698 1432 13145 9015 10541 12743 7774 3940 14768 11040 7411 12572 5227 11224 11515 8586 12720 12699 10020 8186 7267 16813 13589
3598 15794 16511 16114 14698 10277 9801 794 15831 14332 8953 9086 13094 13815 7415 15240 8598 5029 9932 7506 7750 17506 21896 12462 9909 6786 16948 620 12284 18144 20011 13347 19103 18642 9426 15738 8772 6883 1800 10773 8090 8401 7867 5265 8863 8146 14842 12716 15520 14130 14697 16382 9587 8102 8439 15114 13276 6938 16031 18949 9076 15126 9006 8038 9801 3026 12569 12700 12183 2629 10356 6715 11887 13128 15847 6967 12163 9040 13218 18955 5566 7829 8043 15825 17026 13060 15236 12713 8826 4228 6126 12365 9554 7060 8814 15310 15175 6408 16825 7611 8021 6469 9931 15540 5668 22185 11543 9990 14535 6021 14965 1267 5476 15212 15550 5574 13874 10489 17377 15549 4507 15536 2820 16448 15161 3666 7275 6432 13614 7981 14429 15633 6974 15148 6157 22242 12487 15533 14582 14918 12519 7346 13807 6697 6081 7163 16135 12708 13559 11898 11370 13523 7149 10046 7186 5510 6715 6856 14876 14516 7836 18042 7338 9003 15529 6194 7583 6205 19625 16034 18372 13988 10350 6232 13164 6794 10547 4174 1641 16388 10588 11733 14695 9162 4379 16384 13659 8169 14033 6334 12878 13992 9729 14937 15547 11691 9011 8606 19760 16288
4334 17978 18672 18841 17788 12089 11363 895 17769 16944 10271 9970 14965 16222 8293 18108 9906 5738 10950 8635 8660 19985 25110 14896 11135 7637 18776 717 13660 20173 23606 14979 20724 20363 10886 18458 9540 8297 2160 11958 8841 9855 9395 6028 9998 9535 17736 13968 18122 17218 16994 17981 11287 9194 9479 17834 14422 7666 18387 22606 10649 18187 10356 9336 11632 3556 14856 14316 13319 2875 11704 7951 14324 14524 18608 7983 14371 10495 15155 22523 6513 9295 9347 18715 19063 15416 17158 15170 10526 4677 6976 14866 11321 7750 10651 17215 17738 7131 20194 8464 8856 7210 11520 17003 6523 25096 13439 11715 15812 6714 16432 1429 6642 17360 17096 6355 15260 11987 20501 17823 5324 17673 3077 19465 17667 4380 8003 7051 15985 8839 16120 18910 7883 18543 6828 25202 14332 18123 16204 17994 14335 8471 15061 7726 6860 8692 17935 14566 15068 14129 12913 15181 8253 11104 8109 6218 7277 7988 16822 15767 9047 21449 8670 10637 18436 7328 9000 7383 23202 18170 21708 16468 11907 7098 14314 8107 11455 4580 1884 18083 11544 12961 17739 10659 5057 20058 16021 9349 15382 7034 14933 16340 10634 17408 18516 13936 10325 9528 21704 18367
5051 19706 20614 20960 19856 13174 13267 1001 20977 18421 11703 10925 17515 17372 9561 19478 11410 6617 11993 9689 10107 22925 28374 17594 12404 8981 20867 829 16226 23230 27283 16391 23097 22704 12132 20832 11034 9248 2423 13663 10306 11293 10562 6502 10791 10883 20176 16215 20052 19767 19810 20612 13213 10537 10921 20179 15841 9125 20697 24736 12461 20189 12266 10600 13323 4108 17349 15513 15202 3093 13089 8860 16623 15763 21781 8989 15385 11400 16545 26548 7320 10151 10858 20217 21959 17037 18529 17068 11689 5458 8127 17639 12558 8597 12112 19402 20734 8381 23344 9667 9682 8288 13360 19499 7452 29608 15844 12716 17069 7490 18312 1606 7194 19002 18656 7316 17995 13991 24035 19625 6250 20822 3462 22533 20044 5072 9366 7725 17315 10417 18462 22021 8990 20063 7916 27125 16011 19759 18074 19598 15629 9109 17321 8640 7463 9420 21059 16254 17444 16500 14466 18163 9792 12400 9267 7360 7888 8700 18405 17717 10742 23077 9629 11627 20960 8355 10330 8568 25464 20658 24031 18769 13568 8272 15439 9494 13633 5417 2094 19422 13482 14059 19024 12564 5612 23229 18027 10555 18263 7765 17474 18523 11568 18900 19876 16329 11265 11341 23794 20806
5607 22459 22212 23125 21682 15242 14837 1117 23724 21007 12713 11963 19645 19893 10844 21304 12928 7366 13077 10852 10809 25449 32601 19567 13450 9825 24042 919 18720 26472 29387 18015 25794 24705 13813 22795 12446 10177 2724 15312 12003 12443 12142 7300 11964 12275 22791 17927 22730 21601 22302 23812 14958 12110 11730 23099 18453 10353 22091 28052 13454 21867 13688 12180 14310 4695 19376 17001 16611 3405 15091 10122 18661 18008 23439 10280 17668 12605 18805 29375 8492 10841 11732 22163 23942 18744 20424 18642 13575 6067 8662 20362 13722 9889 13325 21751 23123 9162 25632 10999 10494 8905 15026 21818 8653 33266 17218 14551 19464 8783 21193 1841 8072 22358 21428 8254 20631 15300 27449 21052 7159 22371 3945 24527 21447 5636 10923 8897 19634 11531 20261 25187 9787 22433 8428 29569 17656 21186 20615 21141 17536 9806 20223 9806 8320 10658 24415 17754 18860 18639 16738 19531 10493 13500 10739 7841 8659 9483 19764 20371 11537 25487 10501 13034 22441 9344 11596 9634 27774 23453 26399 21126 15232 8998 17994 10462 15028 5899 2431 21037 15709 15682 20823 13566 6409 25392 20641 11336 21130 8778 19784 19842 13080 21659 22621 17996 12827 12516 27260 22348
6209 24702 25529 25227 22992 17350 16279 1188 25133 22665 14522 13240 21012 21936 11991 23575 14560 8003 14052 11614 12263 27799 35980 20914 14856 10484 26081 1013 21282 28318 31781 19199 27563 27325 15019 25962 13323 10869 3059 16201 12741 13214 12947 8009 12733 13540 24823 19915 25007 23125 24067 25992 16371 13390 12837 26164 20940 11886 24270 31566 14912 24915 15518 13416 15268 5131 20950 19522 17803 3872 17021 11305 20166 20527 26159 11255 19782 13587 20108 33358 9588 12071 13423 25457 26723 20969 22961 20194 14973 6556 9467 22374 14547 10958 14143 23554 25118 10072 27159 11857 11408 10219 16218 23521 9876 36569 19250 15585 21308 9638 24081 2068 8926 25791 23182 8936 21832 17335 29744 23936 8136 24985 4379 27414 24447 6214 11690 9956 22075 12402 22819 27016 10622 25543 9148 33383 20038 24515 22691 22894 19566 10440 22788 10547 9354 11694 26716 19365 21371 20624 18261 21685 11503 15246 12337 8347 9390 10084 22468 22810 12886 27146 11228 14490 25231 9873 12283 10480 30975 25897 28022 22450 16190 9864 20686 11223 17173 6474 2680 22463 16876 18053 23998 15025 7284 28176 22862 12767 22663 9319 21870 22042 14709 23247 24073 20167 14541 14001 29325 23846
6636 27400 28819 26985 24872 19138 17133 1341 27792 24436 16232 14208 22583 23350 13377 25495 16071 8696 14911 13128 13736 30586 39300 22508 15906 11512 28578 1089 22616 31346 34089 20982 30832 30381 15798 28858 14967 11475 3277 17171 13869 14336 14086 8673 13532 15049 26951 22254 27088 25468 26673 29194 17876 14350 14026 28482 22458 12528 26191 34259 16135 26455 17450 14961 16145 5486 23243 21187 20339 4297 18340 12431 21862 22775 27895 12431 21210 15269 21803 35947 10111 13481 14300 27880 29487 22624 24790 21339 16101 7245 10077 24019 16125 12321 14969 25241 27694 10869 29012 12793 12828 11097 17623 26677 10603 39673 20307 16968 24145 10424 25581 2224 9640 29031 24606 9644 24775 18290 32589 25911 8545 27104 4642 30484 27327 6941 12495 10632 23664 13789 25759 29616 11426 28751 10153 37333 21238 27225 24945 24680 21742 11172 25803 11586 10642 12911 29183 21464 23666 23311 19697 24497 12793 16662 13620 9053 10071 11312 25494 24654 13992 30650 11874 15912 26909 10849 13233 11741 34011 28334 31780 24408 18142 10459 22833 12534 18917 7304 2891 24466 18654 20403 25599 16879 8190 29840 24859 13870 24931 10257 23550 24063 15781 25268 26873 21460 15871 15661 31807 25942
6945 29117 31564 28497 27212 21159 18412 1499 29529 27204 16997 15440 24018 24473 14570 27839 17760 9607 15900 14254 14840 33479 43023 25244 17011 12651 31235 1203 23759 34037 37717 22884 34120 33761 16776 30885 16672 12717 3525 18591 15277 15252 15266 9328 15177 16400 29217 23639 29863 27927 29709 32684 18744 15301 14980 31532 24224 14037 28628 36666 17015 27964 18907 15917 17074 5996 25062 24004 22003 4600 19864 13822 23198 24167 29928 13170 23583 16213 23469 39291 10832 14161 15536 30688 32189 25056 26317 22628 17292 7871 10644 25870 17106 13375 15913 26773 29640 11796 31031 14155 14080 12551 18820 29583 11356 41620 22162 18057 25467 11351 28175 2377 10642 31671 27163 10169 26769 20033 34872 28944 9042 30101 5084 32020 28832 7481 14072 11386 25895 14846 27750 31535 12649 30178 11104 41135 23688 29739 26414 26976 23897 12559 27124 12349 11989 14503 32252 22765 25556 25119 21599 26006 13661 18642 14577 9601 11377 12039 27047 26614 14949 32228 12979 17209 29373 12034 14421 13066 36341 31396 35665 26843 19686 11277 25297 13296 20243 8121 3062 26804 20869 21912 27068 18491 8870 32668 26808 15452 27171 10857 26136 25740 16926 27402 29746 23789 17534 16612 33948 28274
7413 32287 33364 30017 29561 22442 19367 1656 32277 28719 18745 16475 25899 25847 15859 30049 18645 10183 17238 15716 16401 36093 46209 27986 17982 13978 32955 1255 25070 35790 40594 24127 37378 37516 17612 33669 17624 13872 3832 19739 16032 16730 16656 10201 16924 17075 31012 26220 31584 30896 32513 34557 19617 16920 16490 33358 26516 15420 30106 39978 18334 30472 20709 17514 18207 6307 26901 25989 24285 4875 21671 14995 24418 26259 33181 14369 25314 17670 25630 41001 11753 15658 16721 33614 35382 26393 28271 24706 18721 8259 11210 27915 18395 14236 17702 29473 31555 12774 32775 15522 15669 13749 19649 31958 11911 45618 23437 19709 27333 12344 29982 2496 11358 34892 29770 11279 28074 21302 38244 31383 9544 32889 5373 34172 31792 8084 15340 12035 28520 15811 30680 33879 13556 32295 11637 43985 25309 32988 29012 29318 26363 13824 29946 13428 12573 15582 34975 24036 27364 26872 23057 27516 14996 20353 15871 10582 11969 13091 29016 28503 16154 34660 14346 18726 32104 12580 15050 14006 38157 33282 37819 28648 21203 12405 27410 14538 22016 8924 3268 29215 22987 24453 29405 19566 9832 35044 29402 16389 30160 11982 27269 27220 18059 29974 32115 24851 18546 17507 35834 31246

2520 10920 10704 11089 10907 6088 5697 436 7140 9866 6340 5148 6502 8746 4665 10315 5299 3487 6640 5338 4556 12393 14625 7541 6738 4777 12174 356 9067 12168 14023 9605 13149 12149 6292 11372 6569 4344 1188 7240 6037 5211 5438 4048 6088 4550 10205 6669 11656 8925 10602 12772 6168 4698 5797 10350 7855 4115 11895 12794 6237 11348 4901 3619 7723 1798 8276 8112 6474 1787 6561 4817 7584 7733 8545 4484 5655 5790 9538 14969 3317 3721 4798 12204 8019 9340 11544 7688 6524 2802 3842 9063 6458 4266 5952 11404 7914 3835 12618 5390 5199 4421 4759 9472 4476 11995 6824 7171 10129 4209 9814 890 2938 12129 10482 3165 8350 7545 13039 10572 3096 8002 1929 10720 12385 2132 4234 3300 9738 5564 10669 10882 4888 9449 3792 11175 6978 11644 9132 9799 6963 4394 10197 4966 4722 4457 8961 9517 10098 6343 5849 7084 3689 7229 5343 3369 4873 4860 10951 7572 3762 9231 5399 4744 11474 3762 5153 3770 14152 7492 9009 10742 6390 4175 9722 4936 7752 2637 1169 11698 7203 6901 10559 6910 3530 12348 7274 6323 10802 3737 7716 7377 7004 10783 10641 6985 5983 5891 12443 10019
2291 9759 10590 9427 9478 5156 4261 362 6885 7582 5827 4614 5838 7205 4442 9589 4725 2563 5557 3913 4453 9426 14453 6533 4034 3761 11660 278 7712 12027 12875 6023 13143 11511 4124 8238 4785 3047 1138 6354 5639 4999 3347 2792 4628 4492 7919 6034 9646 7704 9347 10951 4601 3393 3722 6500 7262 3203 10966 9006 5126 9454 4521 3522 6794 1775 6425 6796 5990 1757 6058 3837 5321 7593 7650 3492 5614 5286 9399 8586 2596 3595 4459 8721 7851 6527 10309 5440 4982 2800 2921 7258 4749 3406 5608 9562 6827 3373 9283 4208 3653 3754 4256 7431 2673 9636 5283 6321 6101 2834 8124 742 2656 6945 8800 2996 7427 6304 12837 8776 2317 7159 1597 9475 10877 1787 4135 2951 9019 5136 9968 7613 3509 9125 3196 10931 5820 9843 8175 9502 6109 3257 8608 4363 3904 4038 8165 7662 6998 6267 4975 7070 3236 5863 3316 2708 3601 4087 10196 7094 3613 7747 4449 4007 10139 3480 4008 2819 9386 7296 8435 6209 5653 2859 5405 4005 5032 2353 1100 11106 5858 6296 10072 4223 2876 8692 5738 4930 6388 3728 7662 7283 5448 9092 10248 6653 5330 5086 11613 8833
