200 9 2
221 1 132 268 66 1 68 59 50 1 83 19 256 212 7 38 25 1 105 110 90 1 235 49 55 1 81 246 21 130 178 101 127 137 260 215 201 1 160 162 1 1 75 90 3 57 195 47 153 211 83 106 49 115 75 157 65 51 204 135 52 138 125 77 60 176 187 153 31 131 52 78 166 192 137 33 11 1 124 114 30 242 149 23 222 147 1 10 74 56 254 192 9 170 127 93 147 142 74 168 95 97 116 6 73 175 27 40 36 1 212 119 123 7 1 118 229 118 122 1 16 65 62 130 1 235 238 153 218 30 186 87 1 55 186 124 86 244 212 31 92 65 57 124 3 176 253 148 82 27 19 118 61 201 178 93 157 84 58 241 25 76 55 86 216 95 54 128 58 176 1 1 77 32 17 8 1 90 11 290 50 1 189 76 46 109 235 48 114 66 150 170 41 88 177 1 185 1 1 155

28 33 35 24 29 50 30 9 21 1 34 29 18 49 33 56 31 11 27 21 19 7 16 1 1 9 26 12 19 1 8 1 35 16 57 26 23 6 1 1 1 13 8 1 10 32 11 27 10 24 6 1 15 20 24 20 22 26 1 21 20 15 16 1 21 1 13 26 39 13 14 22 26 34 27 23 30 22 26 1 43 21 9 15 15 1 26 35 3 24 20 35 24 20 1 8 16 27 31 46 1 5 49 1 1 18 9 1 37 3 58 2 1 1 16 4 13 14 17 15 20 44 42 6 1 11 9 10 24 11 22 1 1 12 18 32 40 35 14 1 17 9 1 16 7 33 22 8 37 1 4 31 12 13 1 35 22 10 16 26 12 27 9 17 25 12 49 17 33 41 19 5 1 39 58 28 15 27 27 11 63 40 4 33 5 44 30 21 12 14 16 13 12 32 23 29 33 19 18 16
32 43 36 40 41 60 47 16 30 6 44 51 22 60 55 60 41 14 31 35 28 13 31 10 9 13 43 13 34 2 12 20 38 17 66 36 39 14 12 23 2 14 16 7 28 40 34 40 16 31 15 17 27 26 25 27 23 28 7 37 38 26 19 13 35 4 26 40 41 21 21 38 47 50 40 35 34 30 29 24 59 40 19 29 17 19 50 50 9 38 30 45 43 33 3 18 29 30 32 52 14 13 77 13 12 19 22 21 41 13 87 13 13 11 20 17 25 25 19 33 43 47 57 9 5 26 18 20 38 36 39 6 15 24 19 46 46 53 34 7 39 16 12 27 9 46 24 10 58 17 6 37 19 21 18 45 37 11 17 37 16 37 30 30 43 15 59 42 39 47 30 29 6 51 64 34 32 38 43 13 67 42 11 54 17 59 31 40 13 35 38 20 15 59 31 31 46 29 19 21
43 54 37 42 61 67 48 44 40 18 60 67 32 68 70 72 56 20 34 40 40 23 48 24 26 27 57 18 39 9 19 32 44 18 71 45 65 19 27 32 20 24 19 18 47 47 44 50 26 49 25 18 31 30 42 35 30 44 26 48 39 31 43 19 51 14 49 41 47 48 25 60 48 54 50 38 57 33 37 28 74 47 29 48 30 39 69 69 27 48 33 46 57 40 15 30 39 41 44 55 31 30 80 17 19 34 39 31 47 14 96 24 29 25 25 26 30 30 35 42 45 62 58 13 22 27 26 29 55 44 66 28 24 37 31 55 50 76 43 19 43 29 14 35 31 47 44 27 63 23 9 41 21 33 24 54 51 14 20 38 33 40 36 31 70 28 77 58 53 64 43 34 15 56 76 50 59 46 60 25 76 58 30 66 39 75 43 53 29 40 44 21 21 68 47 32 55 48 39 31
62 57 43 59 80 81 63 45 63 22 80 89 43 77 83 76 66 24 41 56 60 34 70 31 31 42 73 26 42 35 20 36 50 28 84 61 79 20 31 38 26 38 24 29 49 63 47 51 35 56 42 28 56 44 48 45 40 47 34 55 50 41 61 31 76 17 53 42 52 70 29 80 52 69 70 45 67 53 46 42 78 52 37 62 57 71 82 81 53 63 45 52 59 46 34 39 44 43 47 68 35 38 102 30 20 45 46 42 53 29 98 28 33 43 35 35 41 53 52 56 47 66 69 23 37 39 32 30 85 64 72 41 34 51 49 56 55 81 69 32 48 36 32 41 41 65 50 39 88 37 37 52 22 38 40 70 55 22 35 49 34 57 48 32 82 30 90 69 56 73 49 40 16 77 81 51 79 60 63 42 99 66 39 84 53 83 61 70 48 69 54 36 25 79 50 56 66 50 44 35
71 81 54 79 87 91 69 61 79 30 96 91 47 79 98 77 67 40 55 74 65 36 71 40 43 43 82 43 51 48 25 38 71 35 86 63 93 33 39 55 37 39 41 31 55 68 56 63 39 57 46 43 74 55 53 71 50 60 59 76 77 54 67 38 77 22 54 45 70 71 45 84 72 70 78 60 86 63 58 45 88 61 54 81 69 90 88 84 55 66 53 70 61 53 46 47 54 44 61 73 40 46 104 43 33 77 71 63 65 33 99 38 39 44 39 37 44 57 70 58 53 67 78 43 58 43 47 31 87 65 74 44 38 64 50 81 79 85 95 36 54 37 49 65 47 82 57 49 92 47 38 63 40 44 47 88 68 34 50 50 38 62 66 43 93 38 100 72 59 83 60 44 25 79 82 61 80 75 66 46 100 72 41 93 66 97 81 81 62 87 63 46 31 85 61 78 81 54 59 36
91 83 70 101 102 102 83 77 89 31 113 110 74 90 99 81 79 50 67 87 72 52 74 57 55 50 99 55 58 49 32 47 96 40 89 88 103 41 42 67 56 54 52 47 62 78 61 64 51 63 48 53 88 79 73 84 52 64 65 77 89 58 73 52 93 27 67 59 94 73 71 94 79 85 91 69 89 65 64 53 99 66 66 104 80 102 95 90 70 81 69 71 64 55 51 48 68 47 69 84 51 59 112 52 40 81 85 73 74 48 114 54 44 45 61 47 50 61 74 75 72 94 97 50 64 55 49 53 102 75 82 64 50 77 66 86 96 88 102 55 66 38 58 77 65 100 75 51 99 59 39 73 59 69 59 106 89 39 51 54 52 67 75 44 94 45 109 77 73 101 66 54 28 89 89 73 97 83 81 57 108 75 43 106 77 115 88 99 84 118 70 49 35 105 80 94 83 58 60 41
96 86 71 130 107 105 90 78 108 46 126 130 75 96 120 91 83 52 68 95 77 75 79 79 74 67 110 62 65 52 35 67 108 46 117 117 104 45 47 78 65 58 65 70 74 91 78 79 59 78 51 68 109 85 90 85 64 78 68 84 105 73 85 55 96 28 81 61 108 91 95 98 82 91 100 71 101 82 73 62 120 88 95 118 95 111 109 91 96 85 82 75 74 56 68 54 70 62 78 101 63 68 122 58 53 90 88 78 75 53 116 62 59 60 65 58 62 64 82 88 84 120 116 62 76 59 58 55 119 90 100 77 57 98 87 101 97 98 109 64 85 52 63 87 84 106 96 66 108 67 40 84 82 84 63 120 109 48 64 61 66 68 90 51 98 49 127 84 76 107 81 61 37 109 99 83 98 107 91 71 109 77 49 111 92 120 89 104 99 144 81 66 42 115 82 102 112 62 81 60
100 112 78 144 117 111 97 79 110 54 139 135 89 109 124 95 104 54 76 108 88 80 80 80 91 78 138 83 76 70 37 78 112 62 119 125 114 52 58 100 68 68 68 73 83 99 84 83 61 89 81 82 121 87 94 110 74 99 88 86 106 89 86 75 106 38 95 75 125 100 103 108 88 119 116 92 108 88 84 68 128 95 122 120 116 122 130 105 98 99 83 90 100 67 75 59 86 77 88 102 65 82 139 68 75 106 95 80 94 59 118 66 63 71 74 68 83 79 86 97 98 131 135 86 80 70 68 58 139 101 102 83 68 99 88 111 104 129 121 78 107 59 69 98 91 112 111 67 112 91 46 107 103 100 87 135 128 56 71 68 78 77 99 75 118 62 134 85 81 108 87 75 49 110 104 92 109 115 112 72 122 90 54 130 118 121 105 115 100 150 85 73 51 117 86 110 120 65 84 72
107 130 100 152 123 115 103 90 116 64 154 147 98 129 131 108 113 61 89 122 94 97 100 87 97 93 147 91 95 76 66 80 113 81 134 145 124 71 75 114 78 72 69 87 104 105 89 92 76 110 95 94 146 110 95 112 79 111 103 100 117 90 110 94 125 47 122 91 145 106 130 121 98 122 126 100 126 97 100 69 132 97 123 132 133 137 139 114 108 117 92 91 106 73 85 68 94 84 100 113 75 107 158 82 90 118 104 94 97 60 130 86 76 93 77 72 89 95 96 105 107 132 154 104 95 78 70 69 143 109 112 86 70 115 103 113 108 139 127 99 118 72 97 102 100 127 122 70 134 104 55 116 117 113 104 148 133 67 78 86 91 88 106 84 125 89 159 100 87 109 97 82 64 114 119 105 134 123 116 73 125 101 56 145 131 133 111 130 105 156 93 76 63 131 99 122 129 69 90 86

14 16 17 28 1 1 6 15 11 1 20 10 19 15 18 17 7 1 21 1 29 1 14 4 1 9 5 1 20 19 3 18 13 1 5 13 1 1 15 17 7 3 12 18 20 11 10 8 7 12 15 1 13 11 17 28 7 8 15 5 12 4 1 1 13 15 6 3 1 16 1 15 13 14 16 7 20 1 4 5 3 5 17 19 6 16 4 15 1 7 1 2 3 22 10 5 15 7 9 1 11 12 9 7 8 25 11 24 13 7 16 4 11 14 16 3 1 9 5 7 8 13 5 9 8 3 25 8 5 14 15 7 22 5 12 1 1 19 13 12 8 12 14 17 1 10 25 9 7 14 14 1 20 12 21 7 15 2 6 2 8 14 5 27 20 18 6 10 15 2 13 13 23 14 10 15 9 12 12 12 11 4 1 1 1 8 19 1 15 9 13 27 17 6 24 9 13 1 8 23
33 40 22 41 23 7 17 24 20 3 24 26 30 16 28 32 26 16 32 5 41 13 32 5 8 13 6 7 27 20 6 35 26 16 27 22 2 25 18 29 8 10 13 24 33 31 13 9 15 16 20 13 35 18 35 39 13 29 37 22 17 5 8 3 14 28 21 4 17 24 9 22 32 18 19 19 35 21 21 19 26 18 18 35 27 19 21 16 12 13 7 14 18 39 11 19 41 19 27 13 28 16 36 26 10 28 16 33 16 8 17 14 31 21 18 18 11 24 11 23 14 16 11 23 14 4 26 25 17 34 24 23 32 17 24 24 16 28 37 19 12 22 25 20 6 20 38 46 8 23 16 3 21 31 30 12 38 3 20 21 10 21 17 36 32 22 14 18 39 7 36 17 24 20 14 35 15 34 18 29 22 6 14 2 7 23 26 5 29 10 23 45 24 21 35 10 21 2 16 35

11283 13081 13565 5397 7647 1993 8356 6340 7233 10936 6907 10245 13810 11946 13132 13931 5586 11513 9598 14082 6718 6537 17298 534 2185 9453 8112 7543 8818 17078 6633 6276 11235 6956 11174 9778 6274 11006 11694 9112 13834 12231 8859 16927 8082 6002 6058 7207 7633 5471 7535 11564 12830 1991 7732 12753 9800 11489 5683 10865 8228 11715 12210 5171 5371 599 2459 10591 11729 7938 11738 5082 8941 13492 7782 10310 5656 13321 6792 11256 9136 7228 14035 11999 11865 12080 2453 8344 12672 16432 2038 12729 10291 14035 517 11136 8842 11693 6836 5374 7766 5121 14056 14066 10977 10232 12840 13695 8094 3783 13575 7390 13444 10186 6252 6599 10698 15345 5445 12322 8475 9751 13091 5798 6740 8145 8510 13430 8200 12454 2189 8114 10498 11012 8966 13862 9373 5356 13141 938 7247 13096 13553 1819 7758 3018 13004 6717 6089 4021 17186 13605 13582 7489 10250 2824 13381 16272 803 7343 7447 12427 10694 12034 13649 5809 8186 6178 13944 6699 13886 11801 5471 9858 15831 17690 6943 12206 12264 4698 10106 17815 1661 13878 12901 13316 12054 9058 5870 16704 16820 5876 18914 5269 4561 5512 7066 10910 14813 11469
13984 15383 16263 6035 8418 2420 10020 7641 8179 12876 8413 12106 15736 13810 15623 17256 6157 13777 11176 16820 8082 7649 20244 666 2640 11310 10081 9217 10233 20277 7527 7131 13191 8265 13948 11801 7077 13314 13294 11074 16168 14051 11011 19839 9564 6939 7047 8666 8880 6322 8477 13121 14228 2276 9058 14840 12039 13875 7043 13530 9177 13802 14122 6456 6112 674 3032 12076 13346 9032 14182 6252 10312 15332 8740 11625 6387 16568 8321 13617 10431 8603 15564 13387 14122 13578 2901 9308 15588 18878 2294 15038 11370 16382 592 13496 10447 14029 7983 6625 9088 6203 17511 15666 12437 12610 15360 15201 9166 4673 15345 8632 15599 12679 7323 7520 11965 17857 6147 14841 9792 10750 15570 6889 7847 9409 9409 14972 9763 14087 2588 10066 12183 13692 10784 16584 10361 6276 15664 1054 8539 16152 14918 2197 8981 3373 14397 7725 7277 4645 20575 15174 16772 8686 12264 3211 15770 19299 950 8804 8934 15248 12575 13531 15173 7015 9502 7217 15782 8358 16412 14121 6773 12202 17866 19461 8605 14021 15290 5681 11592 19685 1895 16643 15182 16021 13517 11107 6534 19276 20818 7308 20824 6514 5108 6534 7863 13474 17940 13907
15160 17099 19416 7018 9643 2870 11786 8570 9444 14076 9191 13486 18475 16670 17997 20686 7162 15381 13333 19851 9710 9006 22143 765 2870 13374 11135 10705 11689 23031 8858 8530 15467 9972 15467 13860 7843 14749 15810 13003 19568 16442 13208 21642 11154 8227 8402 9432 10351 7245 9904 15482 15566 2476 10349 16394 13646 15181 8174 15958 10429 16719 16964 7028 6957 772 3382 14051 15174 10297 16846 6949 12152 16928 9596 14016 7771 18253 9708 15883 12348 9384 18820 15346 16392 15177 3215 10724 17258 22257 2745 17059 13910 19455 649 14640 12431 15705 8992 7334 11012 7256 21007 17995 14486 14609 17708 16600 10744 5593 17606 9969 18370 14756 8842 8896 13423 19797 6990 17818 11170 13121 17371 7477 9212 10514 11257 17074 10721 16117 2991 11459 14750 16311 12251 19928 11814 7495 18843 1274 10040 18005 16373 2451 10218 3868 16795 8602 7925 5479 23820 16632 19846 10354 13668 3570 17544 21209 1070 9776 10416 16648 14303 15412 18537 7758 10725 8600 18433 9060 18184 16214 7863 14253 20369 21878 10039 15707 18328 6406 12814 24029 2172 18073 18097 18032 15345 12706 7574 22016 23235 8603 25410 7709 5793 7401 8803 15146 19679 16403
16857 20221 21891 7818 10687 3248 13008 9902 10436 15455 9940 16040 21867 18278 20124 22526 8104 16707 14503 22641 10755 10016 24964 819 3245 15363 12365 11665 13463 25031 10038 9746 17313 11556 17247 14860 9321 16088 18284 14346 22004 18066 14924 24329 12314 8848 9046 10463 11856 8299 11654 17888 17547 2805 11168 18921 15430 17449 9124 17429 12285 19035 19807 7805 8046 919 3757 15454 17019 12046 18683 7909 13765 18310 10725 16463 9165 21321 11127 17741 14312 10283 21630 17947 17756 17226 3721 12270 18766 25296 3104 19634 15958 21465 745 17254 14424 16874 9696 8405 12707 8279 22536 21305 15980 16412 20527 19445 11604 6001 19227 11712 19801 17246 9540 10313 15946 22178 8018 19180 12876 15409 19893 8458 9998 11627 12622 19914 12229 17873 3267 12810 16634 18832 13861 23116 13211 8199 21750 1482 11012 20565 17788 2754 11138 4463 19548 9524 8829 6256 25888 19164 22228 11387 16028 4117 20396 24100 1235 11306 11498 19315 15511 18192 20124 8729 12016 9570 20259 10609 19864 17482 9197 15627 23047 25779 11464 17710 19796 7508 14942 26219 2344 21523 20823 20411 16747 14827 8287 25943 25815 10061 29862 8557 6463 8371 9765 16724 21533 17967
18917 22365 24492 8797 12596 3738 14040 11111 11903 16706 11369 17089 24907 20054 21781 25535 9040 19139 15938 26000 12413 10737 28980 941 3710 17327 13451 12618 15222 29082 11240 10615 19382 13041 19079 17270 10428 17703 20701 16373 24587 19453 16493 27551 13342 10215 10367 11685 13183 9006 13026 19217 19790 3299 12620 20560 17367 19552 10237 19396 13551 20480 22680 8541 9166 1032 4203 17651 18484 13373 20301 8781 15225 20143 12138 18904 10131 24232 12537 20449 15318 11989 24585 20545 19304 20015 4198 14334 21172 28455 3611 21297 17941 24489 805 19380 16468 19035 10478 9170 13776 9369 25364 23487 18372 17488 22986 22045 13073 6863 21717 12712 22738 18928 10523 11333 17283 24068 9103 21438 14473 17039 22066 9256 11256 12443 14274 22912 14111 20555 3750 13904 18829 21427 15871 24959 14749 9241 24706 1667 11785 22592 20084 3073 11989 4898 21099 10527 9944 6818 30089 20553 25129 13120 17648 4709 22330 27532 1324 12479 12504 22344 17520 21107 23498 10046 13278 11076 22277 12067 21373 20355 9985 17306 24958 29164 12429 20206 21791 7978 17194 28518 2651 24109 23132 22768 18351 16512 9710 29001 28868 11255 33479 9657 7174 8998 10824 18024 23727 20295
21242 24289 26835 9396 13556 4001 15289 12417 13521 18517 12692 19352 27759 21529 23611 28185 9722 21782 17594 29337 13263 11443 31126 1030 4106 18367 15162 13794 17349 32307 12330 11560 22040 14442 21415 18641 11469 19405 22181 18241 26098 21116 17707 30423 14747 11446 11384 12423 14266 9769 14273 21537 22520 3675 13946 23131 19639 22380 11454 21356 14974 22993 24044 9135 10353 1153 4496 19710 20601 14833 23228 9543 17332 21731 13980 20339 10973 25904 13298 21917 17526 12784 27354 22175 21954 21713 4559 16282 23787 30889 4043 23029 20379 25948 903 21781 17970 21449 11599 9719 15570 10277 28037 25156 19761 19088 25706 24836 15076 7621 24856 13855 25564 21330 11471 12945 19172 27749 10140 22877 16528 18121 24406 10316 12301 14296 15879 24539 15744 23387 4007 15591 20283 22577 17205 28377 16040 10021 26849 1891 12647 24732 21617 3491 13685 5252 22722 11986 10716 7764 32015 22632 27366 14137 18704 5332 24227 30229 1477 13679 13933 24225 19753 22664 26066 11377 14865 12198 24553 13566 23496 22785 11204 18994 28221 33427 13931 21806 23161 8994 19601 31523 2923 27148 25580 24599 21031 18055 10322 31029 32336 12244 35674 10348 8066 10035 11863 19762 26958 22017
23568 27436 28909 10419 15454 4346 16935 13837 14655 21247 13560 20543 30458 23857 26779 31383 10602 23452 18586 31620 14748 12769 33683 1143 4405 20254 16540 15331 18311 34919 13602 12315 23290 15569 24146 20204 12172 21269 24948 20147 28322 22397 19461 34281 15740 12800 12615 13348 15885 10506 15406 23179 24108 3930 15012 25050 21999 23550 12767 23259 15913 25285 25489 10094 11336 1263 4853 22342 22690 15700 25772 10310 18728 24579 14811 22245 12265 27636 14179 23135 19216 13843 30747 24761 24771 24240 4977 18121 25128 34279 4462 24839 22384 28849 1024 22991 19861 23167 12401 10864 16625 11047 30405 28612 21326 20548 27395 27164 16328 8153 28110 15429 27058 22873 12285 13695 21713 29946 10689 25858 17963 19655 26795 11339 13383 15206 17760 27009 17437 24776 4497 16497 22808 23992 19016 30607 17269 10688 28698 2083 14264 27621 24005 3814 15089 5731 25901 12959 12126 8712 36256 25310 30218 15607 20137 5786 27438 32260 1636 15116 15466 27281 21167 24741 28011 12711 15840 13402 26638 14286 25592 24527 12550 20721 30830 35559 15081 23236 24959 9994 21438 34034 3319 29785 27961 26322 23607 19942 11367 34677 35620 13701 38472 11154 8920 10985 13374 22062 30371 24542
25063 29346 32034 11121 16965 4574 18448 15152 15567 23914 14873 22407 33695 26170 28137 34189 11398 25885 20244 33644 16189 13992 36094 1202 4645 22401 18177 16930 19500 37899 14908 13408 24997 16468 26350 22644 12960 23952 27177 22236 31268 25152 20621 36379 17364 13928 13327 14396 17771 11365 16449 24385 26806 4200 16152 26441 24308 24717 13616 25665 16879 27622 27315 11279 12425 1351 5287 23893 25104 17427 27616 11413 19987 27946 15901 23527 12920 30788 15868 25623 21060 14806 32577 27188 26700 26131 5330 20153 26647 36530 4917 27561 23817 32064 1139 24777 21719 26032 13383 11410 17889 12141 33015 30391 23023 22646 28831 29216 18289 8555 30661 16558 28695 24004 13318 15131 23239 32283 11834 28353 19169 21333 28237 12336 14714 16368 19042 29580 19355 26240 4746 17842 25276 25096 20874 33124 19347 11676 31590 2287 15617 29673 25525 4158 16401 6215 27475 14547 12929 9300 39112 27955 32698 16516 22111 6417 30061 35118 1744 15981 17136 30134 23180 27486 30872 13773 17115 14872 29637 15213 27896 27400 13384 22352 33580 39785 15968 25955 26445 10568 22962 37719 3621 32661 31024 27852 25899 21007 12725 37228 37450 14900 41373 11705 9831 12306 14436 23724 32867 26385
26544 31089 34100 12363 18849 4813 19441 16337 16670 26154 15910 23834 36839 29079 31059 35889 12018 27923 22534 35145 17638 14857 39113 1320 5119 23661 20137 18483 20652 42052 16249 14798 26829 18174 27833 23977 14018 25701 29816 23517 32798 28150 22048 39697 18310 14861 14806 15415 19432 12552 18328 26396 28500 4545 17430 28973 25745 27162 14374 26888 18041 29103 30146 12216 13602 1474 5616 25833 27921 19267 30491 12148 21586 30801 16848 26098 13928 32166 16803 27714 22110 16423 35886 29671 28062 27642 5804 21576 28371 39017 5166 29264 25585 34612 1226 27304 23914 28942 14773 12067 18867 12941 34814 32326 24713 23838 30773 31973 19214 9097 33082 17475 30999 26018 13995 16378 25478 34445 12671 30586 20834 22796 30879 13487 16103 17701 19998 32809 20666 29002 5168 19666 26621 27761 22447 34594 21563 12531 33137 2412 17186 32496 27321 4494 17854 6707 30097 15408 14432 9724 41434 29476 35027 17656 24582 6892 31881 37819 1906 17392 18714 33223 25781 29548 33205 14562 18750 15547 31404 16515 30909 29943 14663 24143 37449 43967 16671 27201 29437 11662 25318 39659 3941 35774 33417 31127 28752 22907 13641 41068 39476 15851 45490 12938 10557 13466 15567 26260 36450 28036

9792 11417 10886 4345 6395 1702 5803 4644 6260 9647 5233 8830 10392 8196 11635 9679 4610 9653 4988 10531 4881 5617 13866 411 1730 6548 6014 4875 7706 14185 4809 5052 8059 5224 8884 8411 5251 9365 10339 6937 10977 10695 7796 15207 6701 4962 4133 5612 6453 4842 6151 8539 9942 1733 5866 9896 8731 6447 5061 8866 5857 9890 8558 4629 3944 478 2208 7251 6704 6505 9939 2789 7383 10063 6123 6873 5035 10541 4018 10008 5950 5518 8184 9407 9013 10795 1527 7273 9405 12328 1434 9267 9197 11766 444 9680 6889 10226 4655 4373 6336 2941 12526 10936 9419 5540 8551 12177 5896 3052 9364 5497 8457 6544 4709 5893 9101 13306 3720 9192 4643 6426 7067 4775 5056 6738 7319 7229 7045 7511 1843 6033 7523 9350 7350 9072 6701 4039 9334 813 4941 8895 11877 1335 4928 2358 9270 5868 4995 2213 14150 11917 8016 5159 8790 2195 10576 13272 669 4696 4632 10769 8159 9490 12137 3501 7085 5053 11762 4130 9003 9892 3790 7108 10851 13628 3706 8807 8410 3206 7718 14911 1211 9246 10894 10430 10597 6429 4489 12549 13969 4477 13881 4634 3635 4627 6259 7210 9282 10214
8832 10873 10789 4219 4755 1333 5531 4606 5748 8878 4703 7411 10262 6141 7706 8111 2964 9134 4901 8848 4165 4678 9455 342 1388 6288 5240 3905 6069 13009 3933 4206 7599 3891 6224 7698 3962 5643 9818 5654 8120 6664 6877 12235 5171 4910 3317 4633 6351 4219 4670 5832 7624 1116 4874 9882 6829 6338 4074 6661 5798 8915 6576 3533 3341 409 1836 7168 6322 5325 8803 2633 6694 7800 4286 5520 4408 8626 3627 6958 5089 4731 7341 6365 8076 6386 1313 6353 8673 10268 1338 7540 6060 9821 281 7731 6220 9949 4654 4181 5941 2838 10028 7677 5942 5349 8498 6886 4729 2349 7282 4633 7435 6399 4254 4483 6850 8116 3264 7635 4613 5574 6596 4192 3433 4528 5462 7196 4107 7070 1391 5353 6298 7195 6962 7135 5738 3835 6861 782 4603 7247 11426 1072 4813 2193 7856 5250 3632 2203 10298 7670 7793 4190 6558 1583 10081 12452 500 4428 4289 10452 7626 6951 11444 3093 5993 3682 8663 4126 8583 7009 3335 6749 9818 12087 3676 8675 7455 2619 5202 14524 1097 9164 10463 7346 6098 6266 4161 11190 9472 4094 9644 3718 2763 4140 5409 7127 9276 6292
