200 9 2
159 46 174 25 81 68 63 68 140 147 179 94 124 1 117 1 258 282 202 1 59 335 149 7 10 110 167 59 83 25 126 77 95 138 98 115 289 199 91 124 288 1 207 171 179 47 36 94 103 229 1 101 116 119 129 152 274 17 211 75 82 120 39 66 196 1 227 81 200 1 97 125 59 74 132 200 101 171 103 112 6 235 222 67 1 97 67 57 143 59 88 112 121 126 138 109 49 126 96 61 78 139 66 199 28 176 116 1 1 128 158 175 219 96 152 172 163 153 85 60 111 1 104 58 105 88 12 61 153 53 62 88 258 125 254 166 159 59 66 165 122 95 1 138 98 93 195 268 44 107 213 12 155 28 191 153 96 172 1 1 215 94 27 142 52 136 86 72 195 15 119 114 170 82 100 136 73 44 68 1 112 52 142 77 146 50 200 110 163 115 36 117 6 100 63 1 214 12 170 109

47 12 17 1 1 38 13 1 24 27 27 50 14 1 24 21 16 42 42 32 19 47 21 13 36 19 32 20 1 1 20 33 19 1 21 11 14 20 31 7 8 23 1 23 22 1 1 36 12 24 20 6 28 21 14 15 32 23 8 1 24 8 16 29 40 5 17 21 5 8 47 35 22 47 6 8 20 25 1 48 31 39 9 11 1 40 31 54 22 57 29 21 40 6 16 1 6 28 1 20 28 26 49 23 1 1 60 36 60 25 15 20 27 38 17 8 11 12 29 46 9 16 1 8 1 8 30 34 31 34 21 19 40 30 57 21 14 37 21 37 18 10 7 4 32 13 39 29 21 30 19 12 8 10 17 16 22 43 34 30 30 26 7 31 15 40 23 25 16 57 1 1 2 22 8 20 8 8 29 1 47 9 16 1 34 1 26 23 36 8 50 20 1 32 34 16 27 31 24 35
66 25 27 3 6 40 34 10 32 35 53 53 24 15 26 23 37 55 59 45 25 64 35 28 59 33 52 38 21 2 32 36 30 18 22 27 31 28 34 29 15 32 8 42 36 12 8 37 21 42 38 8 36 26 15 40 33 51 32 2 26 17 26 48 70 8 20 32 7 13 53 40 35 53 20 12 40 35 17 68 33 44 27 12 12 47 32 58 23 70 39 32 61 12 27 17 8 29 6 35 46 27 51 29 15 20 76 38 73 30 19 32 47 41 30 12 12 22 56 61 14 35 15 19 4 24 45 37 44 59 38 28 51 32 58 28 29 52 30 39 20 19 13 25 44 25 48 50 22 44 23 13 11 24 28 39 29 44 46 38 42 30 34 41 17 52 44 40 24 70 18 11 8 30 24 28 29 18 44 12 59 29 27 22 45 16 29 25 38 20 58 42 16 33 50 28 34 44 37 54
76 30 28 6 10 48 40 16 41 36 71 62 36 16 36 26 52 58 63 47 29 65 42 40 67 53 81 44 34 23 33 37 36 39 31 34 43 54 40 39 18 39 17 57 59 21 25 38 32 47 45 14 50 31 31 45 49 61 34 6 34 28 33 52 101 10 30 57 19 25 71 49 59 60 28 38 52 38 25 77 38 56 35 25 19 55 50 63 35 78 59 41 64 17 28 18 20 42 13 36 47 28 77 37 22 25 82 54 77 47 36 64 48 57 31 13 20 40 71 65 20 47 21 28 9 31 61 54 59 61 44 42 53 36 69 36 30 64 44 56 25 33 22 31 66 28 60 70 31 46 33 23 34 27 37 42 41 51 62 41 48 32 48 43 26 53 49 48 36 86 32 36 13 54 28 38 43 24 59 24 67 35 29 23 54 26 43 41 54 25 67 50 23 45 55 41 39 50 66 56
83 50 45 15 13 69 43 26 59 37 93 74 51 17 37 38 54 66 75 56 37 84 46 50 72 65 103 63 38 39 42 44 52 53 42 40 59 55 46 49 24 49 18 72 84 34 30 55 45 51 54 28 73 39 34 46 58 83 37 14 41 31 50 54 105 26 39 68 34 32 75 69 65 78 37 45 58 42 43 95 40 58 37 38 34 66 59 65 62 103 65 47 97 27 42 33 23 50 20 37 60 36 91 44 46 26 92 72 80 75 43 66 53 61 40 23 28 41 95 78 23 65 23 39 13 57 74 57 77 74 63 49 76 49 70 51 48 78 47 73 32 44 23 40 86 30 71 77 34 56 52 27 45 44 55 46 51 55 78 50 55 33 66 61 40 67 55 69 60 97 41 42 25 63 44 53 61 25 70 26 80 44 32 29 65 34 64 58 68 29 68 61 29 48 63 63 41 60 73 71
90 51 50 24 29 70 48 28 60 61 111 82 70 25 50 39 72 69 86 75 39 91 55 51 81 69 112 81 49 49 49 46 67 65 46 41 75 56 63 54 45 53 25 84 92 37 40 64 62 52 62 46 89 52 51 56 68 89 38 22 69 39 62 69 113 33 55 81 57 38 85 75 75 79 47 47 72 57 65 100 41 65 40 41 59 67 64 66 69 104 78 61 116 37 51 34 42 65 27 42 72 42 100 52 55 36 102 95 88 76 52 75 57 79 58 24 29 54 106 95 31 75 36 41 34 83 79 60 86 75 65 75 82 64 79 58 50 91 59 79 34 48 45 41 98 31 88 78 43 68 62 57 48 45 56 47 74 67 90 54 67 44 79 82 45 76 69 75 65 108 50 59 26 74 58 62 63 34 83 47 81 57 41 45 95 38 79 74 81 39 88 73 58 55 86 75 46 72 93 76
105 61 63 36 39 87 55 36 67 74 123 87 78 46 57 45 83 70 103 91 47 94 65 59 91 73 122 92 54 54 60 60 91 80 49 50 84 63 70 64 58 65 39 104 102 41 46 66 79 57 69 63 90 59 55 58 76 101 50 42 89 51 94 75 140 40 74 97 60 53 97 87 89 80 71 70 92 76 77 121 51 88 54 57 73 73 65 77 92 109 81 66 134 45 74 46 66 75 51 44 85 59 117 58 61 43 107 96 100 88 64 100 69 81 72 31 30 66 115 100 38 86 57 54 46 92 81 76 89 76 71 90 92 79 98 71 63 104 64 90 45 60 60 47 110 39 94 86 58 79 68 61 65 48 73 55 88 68 99 60 68 54 96 95 52 93 84 95 83 112 65 73 37 99 65 72 66 38 92 52 93 72 45 49 108 52 91 80 89 45 90 74 82 69 99 76 51 77 95 77
117 73 64 40 63 109 58 41 77 88 130 96 86 51 93 53 84 76 118 113 71 114 73 75 109 76 127 110 64 60 81 75 95 85 65 70 86 73 77 77 74 83 40 113 103 49 67 83 91 63 70 75 106 75 56 73 78 102 55 58 106 57 109 82 156 49 87 112 72 57 99 104 95 89 74 75 93 81 91 140 53 105 57 64 98 91 72 82 93 123 91 71 154 67 82 64 84 85 52 61 93 60 129 77 62 58 132 111 120 97 81 116 78 96 90 40 31 77 135 112 53 87 69 66 60 116 100 94 95 80 72 93 104 95 101 82 65 121 81 94 58 79 70 48 111 43 95 87 64 82 76 74 78 68 75 64 100 75 103 62 87 62 111 96 68 98 91 96 98 116 72 83 44 112 75 79 67 56 105 59 103 93 55 57 110 68 103 102 96 53 99 89 102 73 108 78 57 84 104 78
121 79 77 48 72 112 67 54 80 109 138 101 101 56 109 69 100 84 131 117 81 126 88 85 110 82 140 111 98 86 95 94 111 90 76 72 96 83 108 89 84 87 52 125 104 65 68 95 104 72 87 90 123 81 62 82 90 116 57 60 122 65 114 100 175 59 101 130 90 67 100 115 101 90 92 92 99 104 97 150 59 106 63 77 113 96 83 108 108 141 98 89 167 82 99 68 90 92 66 70 105 83 137 90 73 77 142 116 123 103 94 145 85 98 94 52 42 82 145 117 55 97 73 68 72 124 109 107 96 82 73 105 111 111 110 84 70 131 106 101 78 82 74 57 121 58 111 91 70 90 92 97 104 69 81 65 113 79 105 81 95 77 115 117 83 110 101 104 107 128 80 86 58 131 86 92 70 76 127 89 104 94 57 68 116 70 106 128 115 75 107 112 103 87 115 81 78 90 130 92
123 100 78 58 83 125 68 55 97 116 158 108 103 61 121 70 105 88 154 118 114 139 94 106 116 93 152 118 113 95 97 95 122 91 85 75 105 91 128 104 96 89 62 135 105 78 78 107 113 73 97 127 126 92 90 83 98 128 58 67 139 76 131 108 183 80 116 131 91 71 113 124 112 99 118 95 118 107 107 151 60 137 85 98 119 103 99 133 110 159 105 105 172 83 117 83 102 96 72 75 111 97 142 91 82 92 147 122 134 104 96 168 89 102 111 55 52 94 166 140 56 109 84 78 73 133 120 108 102 88 75 116 118 113 118 89 82 137 107 112 90 100 75 68 126 66 121 110 71 100 95 104 115 77 98 67 127 93 116 88 108 83 121 120 105 125 107 106 112 134 108 94 60 149 89 97 71 85 129 104 114 96 82 79 140 82 120 131 120 93 123 130 121 101 131 95 90 97 138 105

14 1 19 12 14 1 7 15 7 7 4 24 15 8 20 1 7 6 1 12 5 4 8 12 22 11 1 9 22 5 8 17 6 13 10 17 7 10 11 13 3 6 8 14 10 4 2 1 11 9 5 6 2 1 17 5 5 7 10 11 18 1 5 30 18 1 9 19 21 14 13 31 5 4 7 14 16 20 12 1 23 19 16 6 18 18 1 4 10 1 1 21 1 1 13 7 7 18 3 9 21 8 9 19 12 1 17 25 2 10 22 17 12 27 2 13 7 3 18 5 9 23 1 10 1 1 23 3 21 11 20 2 21 12 13 17 18 5 17 19 9 5 13 18 2 3 19 17 20 3 5 8 9 1 1 9 17 13 16 19 6 1 19 21 12 4 16 1 5 15 1 4 14 5 8 12 1 4 12 7 1 14 16 13 1 14 18 13 7 7 24 11 9 17 5 6 16 10 15 18
33 19 36 26 26 28 8 43 36 10 7 42 21 23 26 11 17 17 9 26 6 11 18 36 25 12 12 11 35 11 9 29 10 28 12 29 25 12 24 20 9 11 9 29 29 13 5 5 12 28 7 15 8 38 19 7 20 28 19 24 29 18 10 34 26 2 13 25 24 24 22 40 6 8 25 15 22 24 33 10 27 28 27 8 34 40 8 18 20 5 2 27 7 2 14 17 16 29 6 27 29 20 11 21 17 22 22 39 27 25 36 41 18 37 11 22 16 9 23 6 12 35 6 15 23 14 34 13 22 16 22 7 27 30 20 28 26 6 24 27 25 11 21 32 13 15 27 18 27 19 33 19 10 4 23 17 34 20 17 20 20 13 23 29 24 14 26 5 6 20 9 22 26 12 16 27 2 6 13 14 15 28 27 14 4 27 28 37 9 24 48 20 15 33 17 14 26 22 25 34

6743 12960 14587 10975 6582 15038 214 8577 17691 18195 14786 12182 6361 12846 5951 9567 8053 8711 11871 9199 10229 13686 7848 6903 7743 11247 18181 12757 5948 11225 18033 12732 12249 6305 10987 13406 1023 11352 10262 10022 14118 9096 16098 11923 14417 15242 12475 11753 707 8003 8224 4450 13038 7081 13610 12886 4228 12738 3313 7564 13502 13118 14600 13928 9317 18440 7712 6286 9035 9048 19153 18678 6724 8295 12967 20684 9861 5808 12389 6394 12100 16045 9151 8785 7981 13475 6657 13406 9669 11987 7595 1977 10278 5548 12679 13834 5613 9072 11892 20121 10212 6268 6797 13482 1257 1003 17747 15092 7057 10840 8103 6128 8804 6765 7698 15053 11992 13126 13246 949 15344 12985 7277 14786 9632 8954 11472 14228 7709 3970 10621 8731 12887 9790 14208 19541 15329 8831 8327 9475 12038 12117 14743 7356 8086 9790 8105 8898 12923 14647 13844 13549 7948 8884 9059 11024 8230 11838 6120 6063 19468 8015 12363 13139 13813 5658 5597 14694 10318 11744 15854 14213 5815 9910 17485 11679 19039 14636 10990 15130 7177 10754 12338 6970 14350 12974 20171 6629 19766 14759 5793 8454 6421 6913 6287 13710 9533 6120 8411 13220
7508 15267 18028 13383 8132 17599 260 9549 20450 22393 16794 13885 7361 14935 7124 10993 9286 9827 14070 10625 11365 15472 9573 7663 8965 13101 22269 14678 7371 13178 20006 15465 14543 7221 13111 16459 1178 13916 11912 11482 16689 11065 20117 13497 17303 18811 15569 13681 865 9642 10225 5164 15321 8623 15134 14246 4870 14104 3821 9161 15821 15611 17179 15540 10620 22707 9460 7305 11275 10488 22555 22082 8221 9717 16063 23465 11111 6574 14606 7911 14920 18259 11233 9989 9845 14824 7601 16555 11159 14426 8775 2385 11372 6477 15102 15352 6406 10656 14672 24077 12702 7171 8160 15046 1466 1239 19548 17439 8717 11936 8954 7559 10423 8134 9005 17484 14833 15581 15239 1170 18844 14769 8928 17780 11617 9956 12960 16954 9158 4579 12541 10294 14437 11384 17441 23815 17112 10309 9845 10901 13813 13477 17310 8551 9762 12204 9158 10578 15579 16467 15408 15051 9449 10788 11236 12162 9997 13032 7133 6893 21498 9998 14019 16271 16441 6692 6214 16320 12018 14612 18912 15881 6508 12074 21242 13545 22702 18177 13593 18801 8660 12369 15212 8216 17737 16114 23042 7292 22077 16437 6810 10088 7626 8059 7442 15493 11379 7332 10029 16062
8882 17683 20132 15646 9038 20200 282 11651 24154 24742 18937 16740 8911 17939 8258 13087 11172 10795 16824 11806 13866 17091 11012 8356 10645 15785 26217 17586 8178 14619 23538 18405 17259 8577 14268 18206 1287 15690 13171 13551 19532 12858 22376 14751 19267 21909 17041 14897 971 11331 11558 6238 16945 9374 16648 16276 5461 16135 4406 10975 17253 18843 20109 18165 11873 24901 11132 8824 12386 12077 25542 24300 9681 11174 18516 28340 13314 8022 16602 8800 16623 21210 12962 11074 11217 16494 9054 19499 13451 16818 9841 2791 13807 7305 16466 17440 7020 11791 16471 27228 13939 8451 9434 16659 1712 1355 21426 20958 9456 13969 10498 8489 12558 9677 10578 19282 16280 18608 18285 1397 21982 17966 10542 19578 13752 12040 14699 19057 10571 4993 13932 11359 17460 12382 20820 27689 20768 12511 11016 13111 15730 15504 20443 9979 11627 13387 10421 12724 18636 19942 17821 16587 10453 12325 12545 13797 11606 14406 8405 8270 23511 11168 16060 18725 18923 8033 7402 19142 13718 16516 22002 17495 7777 13729 25057 16365 24754 19643 16028 21470 9888 14542 17712 8923 20848 18441 25934 8296 24939 18766 7912 11401 8694 9485 8304 17516 12820 7993 10938 17397
9763 19572 21858 17800 10671 23691 313 13356 27246 28920 20754 18385 9644 19805 9692 15280 12863 12099 19279 13477 15893 20317 12620 9859 11513 18164 28233 19332 8790 16596 27451 19828 19145 9285 15819 21096 1535 17862 14833 14836 22099 14168 26140 17606 21539 24073 19034 16504 1044 13052 12887 7293 20052 10736 19562 18330 5978 18628 5126 12592 19684 21745 23321 19940 14137 29453 11948 9818 14427 14025 28031 27712 11209 13215 20222 31688 14921 8878 18054 9509 18640 24087 13927 13032 12517 19780 10133 22470 15270 18792 10660 3081 15642 7877 18505 19279 7909 13501 19297 30701 16036 9315 10273 18613 1889 1585 23543 23023 10738 15994 12134 9524 13488 10625 12020 20846 17609 21516 19845 1628 23754 20553 12253 22474 14965 14268 17328 20722 11816 5932 16195 12545 19722 13949 22816 30534 22979 14401 12105 14630 18084 18368 23514 11539 13525 15431 12196 13690 21270 23147 19479 18804 11639 13651 14058 15676 13484 16854 9538 9575 26238 12146 18517 20643 21249 9323 8281 22791 15367 18050 25110 20151 8673 15176 28983 18973 27352 22701 17204 23522 10758 16533 19972 10090 22621 21092 29815 9558 28366 21547 8560 12415 10081 11099 9852 19445 14417 9066 12125 20318
11433 22348 25232 19374 11715 25936 343 15466 29465 32671 23300 19966 10290 22373 10415 17541 14029 13294 20639 15565 18162 23430 14493 10639 13221 20217 30524 21271 9969 18668 31255 21177 20990 10850 17783 24191 1752 19730 17385 16792 25491 15928 30163 20207 23042 26542 21958 19350 1139 14391 13909 7980 21920 12212 22708 20004 7001 21442 5507 14394 21994 24063 25964 21836 16067 31428 13624 10469 16340 15762 31547 29707 12840 14636 22044 34679 15951 9500 19690 11096 20580 26864 16203 15030 14216 22006 10803 25610 17320 20681 11810 3401 17744 8626 20079 22002 8807 14427 20801 32761 18495 10417 11860 20073 2021 1709 26820 26542 11709 17289 14123 11022 14874 11325 13798 22853 20563 24571 21472 1842 26212 22411 13258 24630 16972 16246 19577 22369 12953 6921 17425 13733 21276 15053 24404 34084 26115 15425 14132 16468 20888 19613 25857 12889 14387 17236 13013 15402 22848 25893 22579 21747 12768 15310 15933 18355 15420 19311 10779 10413 30437 13730 20579 23578 22814 10572 9611 25820 17184 19484 27085 22630 9852 17098 31150 20902 31894 24433 18987 26760 11663 18750 22580 10905 24322 22486 34844 10405 30898 24790 9966 13533 11107 12306 10992 21394 16251 10018 13340 23221
13101 25176 28793 21495 12781 29240 371 17044 33555 35803 25240 21258 11777 25242 11600 19057 14987 14240 22378 17465 20654 26744 15628 12182 14206 22273 34564 23282 11118 19968 33291 22692 22859 12392 19344 26811 1997 22331 18479 18635 28999 17174 31846 21533 24487 29981 24182 20610 1252 15818 15389 8993 24918 13523 25658 22712 7730 23910 5853 15507 24894 25595 28507 23554 18360 33692 15398 12015 17661 17595 34194 34215 14237 16240 24653 39727 18074 10440 21624 11917 23071 29391 18106 17157 15618 25240 11871 28814 19189 21977 13055 3858 18860 9507 21858 24785 9482 16203 22408 37027 19953 11494 13227 23103 2252 1928 28965 28789 12519 19245 15930 12022 16516 12777 14919 26099 23072 27682 23890 1947 28089 25167 14198 26160 18467 18187 22405 24163 14261 7812 19169 14777 22826 16642 27277 36138 29411 17491 15013 17593 22535 22044 28338 14425 16030 19356 14637 17150 24271 27441 25549 24691 14408 16808 17597 20033 17190 21137 11767 11141 32467 15455 23072 24977 24939 11945 10890 27979 19334 21905 30925 24805 11060 19101 35302 22788 35578 26061 21385 30256 12384 20835 25140 12342 26939 25384 39885 11536 33187 27020 11240 15257 11833 13666 12217 23723 17573 11143 14766 25822
14380 27163 30341 23877 14225 30822 394 18029 36938 40276 27996 23751 13301 27955 12752 21134 16689 15132 24817 19423 22093 29630 16570 13371 15370 23839 38559 26410 11977 22672 36655 24546 24249 13264 21773 30129 2130 23565 20285 20775 30966 18556 34992 23275 26391 32616 25901 23084 1376 17322 17356 9917 26808 14983 27713 25531 8258 25189 6282 16845 27948 28829 30332 27004 19932 37495 16674 13243 18806 18744 37693 38431 15107 17322 26683 43058 20309 11435 22940 13329 26005 31100 19483 18844 17574 27254 13501 30570 20331 23843 14919 4333 20511 10694 24695 27469 10432 17225 23635 41594 21166 12460 14860 25501 2535 2053 31081 30902 13606 21251 17181 13112 18714 13941 16700 29391 24358 29461 25484 2043 30345 27712 15277 29060 20550 19805 24973 26911 15420 8750 21076 16488 25084 17657 30151 39958 31748 19057 16413 18927 24665 24529 30742 16036 17610 21071 16107 18432 27171 29996 27229 26956 16357 18782 19784 21871 18170 23843 12798 12630 36957 17156 24912 26590 26513 12693 11975 30740 20939 24743 33945 27609 12487 21144 37739 24442 37689 29015 23095 32233 13573 22427 27843 13351 30346 27956 43091 13141 37666 29019 12512 17068 12594 14710 12965 27078 19615 12609 16846 27177
15272 29673 33535 25504 14889 32428 432 19148 40387 43496 30583 25968 13990 31102 13878 23024 18291 17183 26616 21090 23351 32609 17826 14285 16906 26170 41128 27709 12932 23964 40400 26703 26429 14311 23246 33162 2328 25527 22623 22379 33681 19789 37515 26048 29145 35527 27702 24595 1521 18684 18693 10734 29769 16310 30543 27838 8810 28334 6719 18182 30951 30300 32912 29541 21183 40183 18426 14009 20707 19705 42409 40593 16691 18485 29355 47870 21897 12452 26026 14878 28721 34343 21598 20626 18908 30263 14414 32546 22435 25733 15885 4757 22263 11796 27215 30918 11018 19182 25856 45363 23000 13322 15957 27891 2816 2178 34945 34258 15003 23148 18672 14094 20199 14669 17686 31465 26396 31554 26860 2265 31888 29944 17073 32276 21731 20973 26996 29660 17311 9614 22814 18642 27012 19005 33225 43579 33418 21159 17344 20609 26606 25925 32464 17722 19149 22128 17069 19570 28616 33155 29002 28862 17996 20461 20758 23065 19334 25548 13875 13972 39877 18459 26340 28693 28898 13618 12776 32589 23001 27099 36691 30174 13282 22637 40333 25687 39848 30826 24398 35810 14902 24071 30791 14418 32567 29304 45408 14609 42052 31077 13908 18755 13680 15679 13878 29143 20778 13460 18244 29539
16018 32489 36565 27831 15846 33963 479 20502 44214 46172 34108 27621 15241 33838 14491 24686 19721 18384 28379 22137 25671 34423 19543 15155 17854 28154 43145 30333 13717 25306 44201 29652 29257 15839 24663 35685 2461 27816 23911 24411 35820 21300 40934 28468 32240 38057 29049 26504 1601 19547 19525 11361 32755 17604 33919 31017 9536 30355 7305 19803 34260 33289 36487 31070 22469 42102 19342 15126 22428 20829 45527 43712 17778 20173 31927 50414 24162 13370 28631 16151 30879 38086 23741 22413 20730 32098 15351 34169 24089 27372 17096 5239 24360 13016 28578 33395 12061 20509 27568 49690 24353 14686 17374 31017 3040 2373 37413 37029 16343 25672 19517 15039 22017 16139 19477 34143 28822 34486 29074 2365 33679 32706 18348 35515 23486 22494 29564 31616 18635 10515 25058 20647 29419 21329 35267 47743 37169 23112 19272 22925 28056 27776 34087 19360 20077 23983 19048 20759 31652 35556 32321 32094 19889 21684 22527 25437 20209 27254 14588 15136 42768 20194 28682 31561 31467 14331 13415 35144 24764 28689 38756 32920 14284 23831 44214 27192 42798 33834 26662 38234 15920 25869 32806 15819 36086 32220 48373 15875 45898 33554 14849 19688 14970 16399 15076 31961 22157 14830 19698 31266

6067 8286 10781 9218 5221 11370 160 5584 13189 15956 10661 10119 4934 10285 4548 8091 5850 6095 10398 7146 5976 11547 6168 6054 6844 10098 13830 11158 4881 7514 14400 9435 7396 4894 9237 10086 911 9938 6642 7680 12611 7095 13887 9259 9208 11599 8748 8862 580 5387 5924 2638 9536 5073 11039 8942 3722 8715 2334 6145 11826 7939 10813 12304 6651 11427 6070 4274 6770 6145 14850 13184 4963 7202 10745 12587 7786 5058 10638 5286 7897 12830 6010 5102 6764 7111 5820 8863 6756 10611 5191 1329 6756 4826 10085 11008 4302 6072 9365 15208 5750 4686 4243 8411 1086 889 11073 13065 5508 7748 6690 3517 6860 3774 5649 8512 10102 11314 7996 786 12939 10985 6171 12663 8205 7853 7147 9891 5735 3255 9323 7056 9479 6246 11346 17515 12970 6467 7453 6116 10691 8065 12044 5590 7061 7212 6272 7801 11589 12711 12372 11298 6558 6804 6353 7206 6664 9754 5447 4052 15970 5962 9744 8232 8486 4786 4802 12176 6873 9978 13307 12567 4614 5612 14615 10033 15942 11261 7808 9756 5629 7477 10446 5195 11645 10858 15452 5819 16941 12212 4371 6126 5570 5456 4867 11403 8057 3493 7134 11491
3763 7711 8489 8698 4128 8081 119 5218 9265 14585 9296 8743 3814 8609 3499 5998 5123 5823 8472 6022 5742 9746 5906 3678 6024 6345 10823 10655 4876 6244 12466 8687 7392 3391 7746 7062 770 5770 6114 5222 7929 5642 10583 6392 7561 9531 8147 7181 373 4309 5726 2470 9002 4559 6972 7053 3413 6747 1899 3855 7642 7240 8827 10651 5855 10078 5372 3550 4534 5008 14389 11145 3960 6055 6702 12350 6290 3175 9805 3412 6519 9974 5622 4689 6015 6912 3651 8351 4949 6707 5058 1012 6092 4611 7262 8409 3529 4871 7874 13673 5620 3505 3645 8213 1021 827 9079 11004 3571 6072 6518 3175 6458 3481 5245 7619 6335 9349 6735 585 12670 8903 6065 12137 5810 6643 6039 8635 4794 2284 7268 5246 9000 5761 8570 15407 10793 6326 7054 4992 8374 6329 8220 3848 6299 5944 5453 6603 7632 9298 12316 8092 6461 6135 4787 6234 6570 7128 4283 3373 13092 5049 8939 7235 8324 3405 3581 11803 6364 7727 12846 12551 3286 5152 14125 7569 12611 8665 5714 9025 4687 7363 6976 3751 11451 8277 13540 3784 11535 9713 3677 4566 3244 5395 4153 11348 5508 3350 5961 6668
