200 9 2
47 103 44 52 85 45 11 51 69 167 1 81 146 188 103 126 150 143 241 114 43 204 155 204 1 39 32 251 160 53 65 107 106 80 147 241 170 130 114 296 1 273 20 173 56 107 13 30 104 62 148 5 230 116 180 77 38 144 5 150 98 112 111 62 66 128 40 87 108 94 13 28 1 32 59 164 105 149 174 2 149 47 212 51 133 96 94 104 182 62 207 52 200 222 111 94 145 1 125 1 46 130 158 80 66 195 34 174 238 248 155 81 137 1 93 131 221 103 11 119 128 177 129 1 110 104 24 180 92 81 2 123 134 42 96 46 1 36 143 100 173 36 1 172 132 31 120 212 1 150 105 87 136 58 217 1 54 1 198 98 168 1 96 58 89 93 76 248 124 176 27 177 114 147 43 86 200 68 3 88 225 163 85 178 78 187 115 1 145 72 132 148 184 44 67 28 102 28 234 161

31 21 15 4 30 24 1 5 7 15 30 25 38 30 26 34 18 53 22 47 5 48 43 15 26 1 46 14 36 18 1 1 24 54 38 58 27 37 21 1 24 24 11 11 58 36 35 43 23 1 26 35 23 3 22 41 5 36 19 12 9 40 43 26 22 57 11 53 5 35 1 24 36 5 25 1 39 46 15 22 37 27 1 34 20 33 33 1 1 20 12 35 23 20 19 6 1 20 23 30 10 6 15 10 1 34 6 10 24 16 20 24 1 29 42 20 22 36 1 45 32 31 33 11 6 3 25 40 39 35 35 37 18 15 21 1 38 50 38 22 36 1 87 1 16 1 15 33 16 13 46 28 1 43 1 42 30 1 14 37 76 4 41 1 20 20 29 1 30 6 18 7 44 23 7 19 32 40 28 64 58 1 27 52 28 19 14 41 29 19 1 25 17 19 1 15 10 34 8 11
38 36 25 16 38 34 19 13 14 30 39 41 43 46 47 46 23 61 30 53 10 49 44 26 37 19 50 21 52 22 17 4 33 69 57 63 47 48 37 10 31 37 17 21 73 84 46 69 41 18 38 39 24 4 45 54 10 54 20 15 11 46 60 30 23 62 16 57 15 44 12 25 57 25 34 3 53 54 23 31 49 35 2 51 36 49 44 6 4 38 17 49 25 22 42 16 8 32 25 38 21 18 18 11 21 43 10 14 43 31 21 34 21 31 58 38 41 46 4 58 34 39 53 17 10 4 30 41 41 38 51 50 32 29 26 7 53 66 66 24 41 23 101 18 18 5 17 42 28 30 53 33 2 57 16 47 43 8 24 50 78 7 55 26 41 25 44 15 32 13 27 28 55 24 27 30 45 49 40 66 67 6 31 59 47 21 26 45 41 28 3 26 22 27 8 36 26 37 21 18
40 53 44 18 51 45 29 24 26 47 53 47 51 60 48 54 33 76 51 64 13 63 46 29 50 24 63 25 63 28 21 19 44 85 78 68 67 55 53 22 37 43 26 29 95 99 75 93 60 35 47 40 40 5 53 58 15 62 39 28 35 53 68 36 35 66 20 72 29 54 20 27 61 47 51 10 62 62 41 34 59 59 8 54 47 63 50 25 6 45 21 61 34 28 56 20 30 33 31 48 31 29 26 18 27 60 13 23 49 42 40 35 35 35 66 43 42 58 17 63 44 49 62 21 20 5 32 48 51 49 54 53 35 40 34 19 74 67 74 40 45 24 123 27 20 7 29 60 62 31 56 70 12 58 31 57 65 23 25 56 93 18 65 28 53 40 72 19 39 37 37 40 62 44 31 55 74 53 68 91 80 10 32 78 52 23 29 50 51 52 18 46 45 34 13 38 37 45 45 21
54 56 65 19 65 48 44 32 34 65 56 50 76 68 56 71 45 89 64 68 19 83 59 30 52 28 75 29 64 33 33 24 65 99 98 82 92 70 61 29 46 59 31 38 103 119 95 111 76 54 63 49 45 16 71 73 20 80 47 42 38 59 88 37 44 77 38 84 43 88 21 29 66 64 62 20 70 74 56 44 60 74 11 60 53 85 52 37 17 69 31 76 59 50 57 38 33 36 48 54 32 47 42 40 58 65 16 33 55 51 46 40 40 36 71 64 45 64 37 76 74 61 89 28 21 16 33 59 56 52 60 61 49 45 37 20 91 86 78 47 49 34 134 28 21 8 46 70 63 33 62 81 14 87 35 70 72 35 39 59 96 26 81 29 76 46 84 31 46 45 40 48 65 53 32 61 81 66 90 100 93 22 36 82 53 24 37 63 64 63 25 60 61 47 24 42 45 50 53 22
60 66 73 32 66 49 46 42 43 66 73 68 81 87 64 86 46 119 67 77 27 90 79 48 81 43 95 40 65 35 42 32 91 114 102 91 107 85 73 51 75 68 41 49 116 127 96 113 91 68 68 64 55 24 76 78 30 84 65 56 47 65 92 54 53 99 44 95 46 95 34 39 74 72 70 41 71 78 65 53 63 78 12 61 57 97 56 55 22 70 39 98 60 62 59 45 51 39 65 55 48 55 47 41 64 76 28 47 69 54 56 44 47 57 72 73 48 81 51 93 90 66 98 39 41 31 43 72 64 75 78 64 64 53 39 24 109 91 94 51 50 43 156 39 36 21 52 81 65 39 78 84 21 113 36 85 84 44 60 82 106 31 92 47 79 47 97 42 61 53 42 49 74 69 48 70 94 84 101 124 105 37 48 85 62 42 53 64 74 64 29 76 69 48 46 54 62 61 68 39
77 79 81 49 72 59 56 60 44 74 85 79 94 105 65 95 54 134 71 97 36 94 80 61 97 45 101 41 87 36 44 33 96 134 113 97 113 86 78 71 93 73 43 51 128 133 101 121 107 71 85 70 72 43 105 82 36 96 69 60 56 76 99 56 59 127 68 100 48 97 35 45 85 73 74 42 84 93 80 55 71 99 30 69 84 106 74 66 26 83 41 102 61 76 72 51 74 51 89 56 62 75 58 48 86 98 31 51 80 64 70 51 52 60 78 86 60 95 56 114 96 87 124 50 67 37 50 84 70 77 84 68 71 67 45 47 126 95 104 55 56 53 158 40 55 32 62 82 78 44 100 108 26 124 40 90 94 54 70 88 115 38 103 61 86 66 104 48 88 67 56 61 76 73 54 80 95 111 114 136 115 43 59 107 81 51 55 71 79 82 42 87 73 62 56 68 77 70 79 41
88 84 93 71 81 61 77 64 52 85 86 81 108 119 67 106 68 135 72 98 42 100 98 73 98 48 105 44 96 41 57 37 106 143 118 125 116 100 79 80 106 87 46 61 147 139 118 147 117 72 104 73 85 48 117 98 61 109 77 73 57 79 103 57 60 137 92 118 58 119 46 48 92 92 75 53 119 99 102 59 93 100 50 78 85 113 78 82 27 103 53 103 78 78 97 52 87 61 97 58 80 79 80 54 109 105 46 70 94 78 78 57 54 71 96 95 61 131 61 136 103 101 129 77 71 49 67 87 93 96 91 79 88 69 49 55 133 98 119 61 68 63 166 55 61 34 63 88 82 45 113 116 39 136 44 97 101 65 82 98 118 46 115 66 95 88 114 73 104 78 57 69 93 77 68 98 103 113 130 145 124 54 62 115 93 62 56 75 80 84 48 97 84 71 57 69 85 72 92 64
93 93 109 75 95 74 92 66 73 87 96 82 109 136 72 130 70 143 80 124 46 118 100 88 99 50 118 55 99 71 62 48 119 145 137 134 124 108 84 88 121 94 52 64 163 145 138 150 129 77 115 78 102 54 121 106 64 124 94 85 65 85 118 60 67 140 104 127 66 147 66 65 116 93 88 67 143 111 118 64 104 123 60 79 100 120 87 101 52 111 72 109 85 79 105 64 96 74 105 72 91 94 82 77 125 121 69 85 106 92 87 65 60 86 106 114 72 140 81 165 106 113 147 94 87 56 74 101 95 102 116 98 92 88 58 62 146 104 128 84 69 75 187 64 84 48 68 89 87 52 123 128 44 144 51 106 129 81 98 125 127 52 132 70 98 109 122 84 121 94 64 80 95 100 70 101 119 120 148 146 128 56 80 126 100 77 63 78 91 96 51 101 98 91 78 75 92 76 105 69
106 113 110 89 116 78 93 76 80 111 106 92 110 154 85 143 78 156 82 137 51 127 106 94 109 66 120 68 117 78 90 51 141 150 150 160 144 118 100 91 130 100 59 83 176 154 139 163 140 92 119 87 111 70 129 113 68 142 99 91 74 89 121 85 70 141 120 134 88 148 75 75 122 108 104 72 151 120 128 65 105 132 61 110 112 125 102 110 75 112 82 123 100 87 113 80 111 82 112 79 113 107 95 93 130 133 81 87 111 109 98 66 85 94 127 118 91 156 83 178 115 128 148 120 93 69 76 110 112 117 126 120 99 94 71 78 147 112 139 102 81 91 193 76 92 53 87 92 105 64 124 133 54 147 61 120 135 90 107 136 142 67 144 80 103 119 144 96 132 95 72 81 100 106 71 107 123 125 156 155 141 58 87 136 112 85 74 92 105 113 67 125 117 94 101 81 106 103 114 70

9 1 5 23 1 8 17 8 15 12 5 11 24 13 13 9 6 9 1 9 9 14 10 17 21 17 21 8 27 26 6 16 10 4 6 1 26 15 1 15 7 3 4 1 15 7 8 22 1 2 5 2 12 21 21 11 14 16 18 11 5 8 14 17 12 1 18 11 22 5 14 12 7 13 13 9 4 23 19 4 1 12 13 23 10 1 1 22 9 6 13 5 13 12 12 23 5 21 2 10 5 11 11 3 15 11 11 25 25 3 5 7 20 7 14 1 1 3 1 6 21 14 11 14 12 12 1 19 12 11 2 6 2 9 15 3 8 18 10 8 12 26 1 15 7 8 14 2 1 10 10 4 16 8 16 10 11 8 11 23 2 1 16 15 1 1 9 7 5 9 20 16 16 16 2 6 8 15 17 1 21 19 1 7 9 16 15 1 1 10 13 9 17 19 3 22 4 3 13 28
10 16 14 30 2 11 32 28 20 20 6 15 35 22 24 24 12 12 11 22 18 15 15 36 29 19 25 35 29 48 17 32 12 7 14 2 28 21 4 36 9 22 24 12 21 18 26 31 10 12 12 12 13 27 33 28 26 18 28 23 17 31 18 22 14 6 33 12 39 26 16 34 26 24 14 28 24 24 31 29 12 36 25 33 21 10 21 27 21 16 23 17 24 31 23 29 9 28 16 28 6 15 12 18 22 24 31 52 26 17 6 22 41 18 39 12 11 21 20 37 27 29 19 19 22 15 19 29 13 24 17 10 15 14 25 5 9 23 13 28 20 31 33 28 15 14 23 10 5 24 11 16 30 16 24 12 22 26 25 41 24 12 31 24 18 15 10 9 11 14 31 17 24 22 11 25 12 43 22 10 25 32 6 11 16 23 25 6 29 11 20 11 26 26 5 30 5 10 27 52

14593 12514 6282 11366 8071 6212 6085 8062 10821 12920 911 13739 12047 7831 8262 9259 12964 9278 7356 5749 13792 4980 6004 5456 15415 12812 950 8996 8879 7159 17570 14046 9195 16152 11628 11642 3584 6605 7771 5610 16319 2736 6410 19147 3976 8519 9167 9750 14740 6767 11614 13343 17497 16134 7677 13639 8394 10699 3369 14624 12568 7656 8553 5475 6689 13676 17871 14686 6558 8341 11984 11777 14667 18718 5448 15865 7524 9421 7479 10462 19583 5613 11226 10676 14363 13203 11312 7743 12068 9051 495 8615 11742 12729 6096 7856 11862 12116 16636 12927 5330 11336 10960 922 12816 13409 10012 5046 11351 14333 9552 11467 14631 11319 14050 8044 13258 10936 8136 8740 112 8100 6752 13748 7693 6699 11600 5750 19818 19205 13466 7547 14136 11040 11657 10014 262 6753 8813 14698 2093 5352 12470 10314 15538 19293 11291 7330 9182 11697 6544 7197 12231 11849 12468 12414 395 8264 5977 14712 11097 10297 14629 6362 10586 1351 5390 4132 1222 14702 9135 5927 6733 13169 7996 11408 11915 13979 17039 4882 6623 8723 6204 284 6493 10552 9126 10325 13850 8308 524 14688 14283 10215 7733 13540 7456 13891 7028 9169
16802 13987 7721 12986 9853 6899 7254 9893 12676 14722 1051 15949 14393 9442 9384 11259 16065 10455 8286 7111 16401 5576 6750 6193 17598 15307 1085 9970 11073 8391 20043 17136 10163 18608 13518 14501 4030 8013 8761 6172 18003 3181 7610 23580 4666 10502 10370 10945 18058 7757 13523 15673 21128 19774 9340 15390 10334 12612 3940 16829 14314 9443 10220 6823 7506 16999 20771 17388 8128 9253 14059 13217 18051 22859 6197 19109 8869 10707 9110 12769 23897 6919 12875 11988 17920 15634 13172 8899 13352 11129 558 9618 13395 14952 7533 9806 13505 14200 19802 14510 6316 12854 12775 1110 15191 15882 11663 6229 13929 16556 11509 12635 17880 12955 16067 9994 14878 12296 9414 9938 135 8915 7598 15211 8722 7494 13445 6916 22572 22608 14955 8403 16536 12754 13947 11621 313 8114 10183 16495 2589 6295 14502 11840 18584 21522 13412 8387 10453 13201 7979 8512 14866 13276 13924 13974 487 10070 6657 16507 13128 12548 18029 7416 12780 1608 6465 5007 1375 17021 11391 6655 8292 14586 9605 13987 13530 15526 19827 6101 8064 9656 6979 318 7906 12206 10592 12383 16867 9514 607 18118 15795 12230 9019 16278 8240 17005 8467 10739
18589 15301 8743 15440 10844 7548 7927 11525 14005 16567 1169 17790 16799 10757 11277 13322 18959 11735 10064 8339 19058 6675 8099 7197 21190 17856 1188 12025 13073 9374 23538 19936 12088 22174 15311 15779 4615 9638 10071 7006 20513 3687 8408 25747 5602 11703 11533 12791 19645 8593 15966 18525 24728 21443 10346 17219 11402 13685 4623 18384 16578 10577 11413 7772 8318 19437 24807 20990 9377 10839 16253 16080 20303 24914 7324 22432 10501 12862 10407 15089 27907 7813 14491 13452 20641 18603 14531 10097 15434 12489 676 10986 16047 17219 8148 11737 15161 15590 23013 16466 6908 14755 14975 1277 16928 17978 13103 7148 16748 19529 13661 14613 20926 15353 18886 11612 18058 13844 11368 11935 162 10289 9124 17602 10141 8543 14811 7640 27441 25893 17486 9445 18438 14154 15918 13177 354 9061 12043 18627 2993 7193 16722 13901 20566 25839 15457 10134 12283 15090 8780 9821 17796 14796 15486 15383 536 11812 7382 18380 15815 13836 20037 8146 14430 1749 7492 5841 1644 19980 13265 7496 9653 16848 10634 15617 15646 17299 22458 7158 8894 10689 8224 386 8719 13430 11630 14259 20068 10509 661 21503 17422 13943 9822 19583 10059 20467 10016 12684
21068 17590 9960 17387 12533 8969 9277 12337 15202 18468 1265 19675 19467 11814 12484 15280 20818 12876 11721 9222 20731 7409 8706 7885 23157 19618 1290 13494 14405 10436 27020 22414 13670 23789 17789 17627 5193 11113 11221 8202 23957 4235 9147 29248 6511 13830 13313 14245 21348 9505 18685 20151 27502 24044 11486 20442 12926 16243 5101 20562 18599 11518 12474 8904 9675 22143 28104 24217 10128 11808 18931 17555 22099 27689 8642 25773 11412 14485 12088 17021 32686 8809 17209 15587 22863 20998 17120 11328 16775 14407 794 12019 18790 19696 8784 12820 17715 17725 25227 19116 8235 17104 16873 1466 19715 19858 14643 8316 19384 22142 15812 16736 24489 16914 22110 13068 19858 16491 13212 13117 174 12299 10685 20668 11208 9732 17248 8918 31901 29760 19945 11224 20908 15733 17487 14972 399 10348 13207 21758 3421 8416 18658 16413 24142 30266 17786 11611 14461 16425 9776 11012 19107 17177 18578 17132 633 13544 8431 20192 17657 14983 22997 9248 16354 2007 8510 6632 1920 22111 14223 8797 10504 18606 12623 18396 18123 18749 26346 8012 9597 12107 9004 431 9697 15656 12742 16536 21866 11928 777 23154 19303 16173 11605 22477 11092 23255 11610 14597
22847 19583 11219 20186 13479 10203 10689 14281 17296 20785 1483 21155 21058 13225 13687 16662 22769 14237 12657 10007 22702 8048 9516 8542 25131 22196 1483 15581 16237 12009 31177 25065 15814 27351 20474 19855 5703 12217 13040 8770 26844 4741 9999 33777 7432 15814 14608 15661 23515 10908 20905 21611 31795 26112 12324 22987 14953 18741 5786 23270 21461 12398 14523 10134 11261 24294 30191 26933 10863 12867 21459 19097 25597 30094 9903 27725 12385 16735 13411 19581 36105 10206 19792 16793 25276 24189 19334 12401 18637 16114 906 13874 20553 21835 10022 14601 20133 18991 27381 20972 8874 19774 19454 1695 22866 22522 16099 8845 21675 23746 17380 19461 27298 18794 23530 14268 22305 18465 15157 15204 199 13313 11637 23197 12910 10530 18525 9628 34118 33198 22514 13035 24045 17554 19712 17406 444 11496 14161 24585 3931 9506 20169 17982 25957 32977 19238 12524 15834 18723 10590 12388 21782 18440 21406 19641 678 14928 9426 23213 19304 17198 25854 10141 18451 2151 9547 7455 2184 24689 16204 10017 11909 21313 14463 20645 20994 22152 30446 8985 11213 13552 9936 470 10594 18087 14214 18516 24838 13583 898 25335 22364 17425 12664 24865 12945 26227 13123 16862
26234 22329 12347 22131 14819 11342 11454 15631 18703 22289 1626 23305 22616 14110 14793 17608 24557 16106 13874 11103 24837 9138 10763 9337 27060 25115 1700 16962 17747 13711 34884 28480 16953 30637 21818 21191 6240 13682 14002 9460 28506 5272 11466 35875 8085 17501 16658 16867 25850 11757 23120 24310 34479 30015 13099 26234 16709 20092 6574 25286 24155 13888 16221 11007 12827 27115 32060 29842 11711 14819 23236 21532 28506 34074 10492 31078 14061 17828 14962 22089 40097 11235 20961 19139 28798 26255 21714 13860 20840 17681 990 14859 22940 23386 11508 15919 22339 20572 30108 23616 9610 22327 21480 1813 25390 24598 17786 9707 22924 26189 18565 22277 29505 21617 25102 15479 24357 21029 16774 16421 216 14542 12517 26256 13978 11766 20800 11024 37699 36642 23933 13962 25784 19408 21610 19825 474 12847 16321 28196 4200 10728 22250 19682 29806 37360 21233 14000 17004 20530 12139 13918 24397 19707 24474 21218 721 16196 10036 25494 21385 19404 28543 10959 20060 2394 10460 8456 2331 26960 17206 10888 13200 23904 15606 22846 22666 24827 34087 9949 12603 15158 10784 522 11718 20606 16488 20811 27758 15375 983 28424 24302 18995 14307 27343 14351 29501 14573 17843
29013 24817 13864 24691 15734 12166 12968 17296 20649 23831 1815 26467 23950 15755 16720 18536 27651 17928 15518 12479 28063 10269 11571 10238 29903 27700 1809 18400 19868 15301 37617 30392 18482 33903 22986 23270 6658 14479 14936 10340 32052 5761 12634 38380 8497 19448 18607 18034 28191 13144 25327 26997 37896 32610 13934 29255 18352 21841 7218 28070 25830 15128 17742 11905 14377 29763 34713 33358 12950 16880 26047 23295 31989 37211 11619 32886 14870 19412 16369 23318 44910 12511 22259 20302 31227 28350 23737 15233 23476 18876 1069 16155 25871 26170 12883 17724 23953 22975 33843 26068 10811 24453 23958 1986 27516 27165 19273 10229 24074 27987 20436 24427 31543 23651 27925 16988 26027 22487 18472 17960 229 15891 13968 28451 15327 13230 23001 11745 40152 38938 26676 15562 28909 20867 22970 22314 537 13647 17796 29831 4660 11504 24062 22199 32455 39682 22588 15830 18323 21739 12987 15246 27249 22574 26543 22646 804 17201 11080 27299 23260 20468 31734 11618 22108 2613 11537 8898 2476 29043 18300 11853 14005 26695 16540 24819 24614 27371 37254 10661 13783 17286 11629 552 12695 23040 18752 22735 31136 16640 1039 30776 27668 21216 15898 29594 16112 30982 16245 19629
31773 27221 14767 26695 17414 13365 14453 18136 22639 26067 1979 28627 25792 16582 17628 19773 29021 19134 16432 13267 29806 11023 12882 11591 32813 29518 2006 20616 21033 16845 41291 33335 19796 37452 25149 25321 7250 15812 16857 11113 33725 6132 14190 42951 9032 20420 19924 20209 31085 14823 27684 28726 41618 34967 15218 30803 19773 23269 7872 30667 28582 16305 18835 12556 15422 31185 38809 36337 14208 18337 27667 25594 34601 41425 12669 36060 16135 21060 17767 25311 49051 13089 23486 21458 33427 31266 25286 17030 25003 20659 1141 18212 27648 28303 13961 19571 26494 25422 36452 28327 11505 26565 25715 2174 29795 28926 20489 11331 26210 30170 21936 26382 33824 25042 30720 18196 28821 23925 20477 19781 247 17168 15531 30397 16589 14419 24225 12486 44425 42364 29888 16580 32282 23222 24788 24371 578 15281 18924 31985 4896 12216 27006 23691 36159 42066 24264 17106 19892 24292 14525 16737 29688 24651 28199 25301 859 19235 12200 30125 25151 22690 33956 12920 23407 2796 12174 9728 2642 32010 19488 12609 15517 28208 17802 26904 27144 30196 41079 11858 14568 18887 12934 591 13739 25438 20814 24507 32709 18705 1119 32533 30344 23475 17103 32234 17135 32996 17796 21406
34294 29388 15599 28233 18579 14016 15614 20106 25148 28101 2145 30961 27535 18148 19511 20964 30349 20421 18110 14231 32273 11533 14248 12875 35904 32262 2154 22556 22429 18340 44216 36003 21616 40413 27233 28138 7665 17146 18664 11695 35622 6781 15064 47241 9729 22399 21228 21828 34175 15973 29069 31026 43445 36925 16598 32699 20790 24944 8563 33628 30990 17896 20263 13344 16790 34597 42486 39788 15166 20086 30351 27740 36651 44586 13280 37690 17696 22378 19093 26762 51489 13901 25104 22773 36481 34442 26629 18362 27414 22033 1193 19993 29487 31401 15312 20966 27884 27686 38202 29821 12369 29152 26984 2338 31324 30342 22935 12353 28868 33038 23221 28956 35846 26356 33191 19559 30467 26521 21914 21074 267 18458 16700 32729 17812 15230 27064 13276 46427 45655 31532 17976 34254 25976 27186 25747 625 16564 20018 34396 5373 13386 29436 25411 38120 45693 26705 18550 21482 27079 16129 17472 31445 26402 29587 27374 921 20256 13610 31734 27503 24532 36230 13887 25813 2974 13197 10155 2911 34519 20659 13756 17123 30012 19733 28950 29760 33528 43757 12812 15739 19864 14208 629 15304 27271 22676 25827 35109 20541 1237 35179 33278 25687 18371 35213 18763 35678 18699 22926

8989 8563 5067 7820 4492 4987 5409 6097 9478 11135 812 12125 8718 5194 7114 6479 11150 7282 4966 4620 7757 3643 4841 4656 9055 10200 574 5916 6050 4795 12995 10585 8174 12223 7746 10146 3205 5661 6900 4598 9976 1671 4517 16918 3291 7364 6097 8761 9707 4926 9873 10602 14437 9452 6174 10620 5505 9283 2459 9555 9865 5971 6952 4097 5979 12073 15260 11805 5788 7066 10367 10519 9610 10940 4087 13213 4884 8382 5317 8760 15206 4961 8443 9603 12400 9206 7859 6417 9239 5737 422 7679 9586 10631 4075 6713 9623 9220 10839 10880 4067 9656 8943 650 10192 9678 6040 3896 8153 12182 7459 8515 10419 8360 8681 6679 9479 6881 5485 7355 78 6259 4872 12020 6609 5495 10283 4232 17075 17232 11706 6714 12187 6834 9767 8187 212 4984 7289 11020 1827 3524 10957 7150 10148 16317 9969 4311 7859 8937 4342 5319 10858 9369 10628 9062 280 7236 4413 11924 8148 9114 11538 5486 9188 1070 3525 3365 924 12573 7745 4011 4194 10872 5777 9761 8516 11729 13644 3708 4200 6620 5031 229 3498 8082 5853 6619 12037 5749 316 12579 11790 7202 5775 12132 6207 12210 6146 5636
7707 8122 4105 7228 4281 4208 3769 4729 8231 10203 768 8546 8011 5006 4237 5145 9705 6934 4080 4257 7604 3512 4184 4389 8240 8952 572 5586 5697 3963 8808 7838 6611 12033 7015 8667 2076 5427 3961 3038 9470 1457 3275 15519 2852 5299 5968 7055 8783 3564 8148 7374 11822 8344 4918 6822 4298 6434 2024 7878 9182 5714 6355 3326 5215 9996 10164 11493 3827 6126 8802 6714 8618 9892 4047 8639 4600 5152 4192 5836 11412 4889 5761 6215 12120 7456 7789 4004 6633 5494 369 4869 7009 8455 3819 5253 6361 6384 10083 10191 3361 7037 7117 523 6654 7803 5646 3260 6109 10556 5126 7865 9029 8046 8646 4322 8042 5545 5331 7163 66 5564 4797 11152 4761 3660 7054 2947 16400 11789 9367 4006 7635 5903 6841 5124 208 4492 5954 9639 1225 2880 8861 5303 9496 12187 8235 4129 6252 6906 3760 4819 8858 7642 8207 6220 242 6876 3796 8759 5688 6922 9573 4875 5841 775 2921 3146 647 7934 4637 3227 3535 6830 5753 6433 7765 11423 9748 2893 3884 4612 4748 214 3439 6039 5778 5612 11425 5699 282 8792 8741 6827 4313 10828 5778 10776 4259 4959
