200 9 2
107 65 78 189 83 133 64 13 81 177 86 82 63 12 61 139 1 47 101 49 165 164 104 71 75 58 160 61 45 24 170 151 56 132 234 279 174 44 21 12 49 34 67 150 160 1 1 34 112 45 60 58 1 91 78 204 133 239 145 304 137 168 127 112 1 78 1 139 232 1 89 161 38 24 87 13 37 159 188 186 84 134 216 153 177 1 205 260 273 44 181 237 43 73 16 78 1 1 77 74 76 139 146 1 111 70 40 94 234 108 220 204 1 124 167 233 148 1 18 218 72 126 77 107 98 140 14 164 77 107 35 115 35 69 125 163 99 90 72 150 106 81 45 181 155 1 145 162 130 101 134 234 19 44 92 285 25 26 113 144 96 155 53 37 148 97 108 71 7 143 50 106 177 105 155 137 155 33 1 24 181 143 162 226 1 1 41 155 71 20 146 40 69 256 74 167 147 202 103 157

34 18 17 25 24 29 18 17 17 17 4 22 1 13 37 23 7 4 15 23 6 21 4 15 1 20 33 38 3 42 5 28 1 9 9 36 40 17 18 48 30 4 8 34 4 11 47 30 36 31 1 1 23 28 21 52 5 3 13 30 33 24 20 1 13 46 31 13 55 49 13 40 3 3 25 1 1 8 1 15 1 1 3 27 9 28 38 17 1 13 34 40 11 32 10 17 40 8 12 10 21 1 23 24 20 20 24 29 48 1 30 28 26 21 44 15 21 25 14 13 19 45 3 7 26 17 20 31 30 10 1 8 22 17 24 7 14 13 33 15 25 36 48 12 1 45 27 23 21 5 36 22 27 11 33 1 13 8 41 15 36 1 30 7 36 40 22 18 42 11 1 21 35 3 6 34 30 26 30 19 10 3 6 1 19 16 43 36 14 1 27 22 58 41 1 28 22 4 19 1
39 32 20 29 25 30 19 19 24 28 10 23 10 22 38 32 9 23 39 38 25 39 19 22 4 32 35 48 4 56 20 38 17 24 24 45 45 32 32 57 50 23 25 46 5 23 54 48 40 35 9 25 40 40 35 64 15 5 18 38 34 42 26 19 16 48 33 19 64 51 14 45 4 10 33 19 5 22 4 22 17 2 10 43 28 38 39 20 3 32 54 68 14 33 21 23 41 17 25 12 41 5 33 34 25 22 44 43 51 7 31 36 30 23 58 19 39 32 30 26 21 60 6 25 32 29 21 33 41 25 5 9 25 24 28 24 22 32 42 37 30 46 72 13 15 52 32 42 28 6 52 30 32 26 49 20 23 32 51 27 39 16 49 10 42 53 24 35 49 12 19 38 44 4 10 52 41 47 34 24 21 15 20 5 43 25 54 39 20 12 39 33 61 43 3 53 37 9 36 5
54 46 34 54 41 36 33 25 25 37 27 35 13 44 39 41 29 39 57 47 48 51 21 49 15 38 48 54 5 75 28 43 21 27 48 59 46 44 33 58 63 24 39 62 19 25 70 55 42 68 26 34 41 60 41 85 21 9 19 40 38 52 30 20 19 67 47 26 78 54 30 59 11 30 56 31 13 50 19 23 36 12 24 54 37 47 58 21 13 35 57 74 30 44 22 29 50 25 26 31 45 8 35 57 28 28 60 57 77 24 47 50 43 28 60 29 53 40 39 38 22 70 18 51 36 38 33 43 50 45 7 25 27 28 38 30 23 45 43 49 49 49 82 21 27 57 48 50 38 8 55 47 42 31 57 25 32 35 56 31 53 31 59 14 44 64 29 51 61 20 35 48 52 25 16 53 46 62 48 30 43 17 21 14 57 30 73 56 23 14 47 35 64 66 6 63 42 23 44 15
58 47 52 69 42 43 36 30 51 50 42 43 34 48 46 45 45 47 75 53 49 56 23 65 19 40 63 60 21 82 35 49 38 41 57 60 66 55 47 64 69 25 56 66 20 28 73 74 51 85 39 54 61 62 65 92 37 19 20 50 48 59 37 29 29 79 54 35 84 61 39 63 18 47 64 39 15 54 38 27 53 19 28 73 55 48 61 58 31 37 73 90 52 47 27 34 53 32 33 39 62 12 36 75 35 37 72 80 91 35 52 79 50 31 68 40 62 61 62 53 23 76 21 52 37 43 44 53 53 64 9 35 37 33 46 31 28 56 53 70 58 52 84 24 34 86 60 68 41 24 58 69 53 47 62 28 45 48 81 44 69 38 70 24 66 80 35 58 73 30 39 59 71 38 27 66 52 68 53 36 55 34 40 35 81 36 85 60 35 26 60 36 68 74 26 70 76 34 47 16
66 50 64 86 52 60 60 41 55 53 53 58 35 54 54 51 63 48 98 60 52 68 24 66 26 42 68 69 23 92 37 57 43 47 74 75 81 74 52 73 88 34 71 72 42 37 82 87 60 95 44 69 83 65 76 98 46 23 30 69 50 60 55 39 31 92 63 37 93 71 47 72 26 52 69 66 27 61 44 43 54 24 40 76 70 52 88 60 35 43 76 97 58 49 57 49 65 45 36 40 73 14 49 89 38 42 91 95 101 41 61 100 64 49 76 44 88 72 67 65 35 99 37 66 50 57 53 64 58 73 22 36 39 37 60 38 52 60 60 79 85 56 105 41 38 105 73 76 46 34 77 77 59 59 68 33 46 52 90 48 80 43 85 36 79 81 46 60 80 32 47 73 83 40 39 70 66 74 57 42 59 44 46 44 85 52 86 68 39 39 72 54 92 82 36 80 89 37 66 26
86 51 70 99 62 82 77 57 68 65 76 63 53 56 64 72 84 56 107 91 73 69 25 80 38 50 76 83 28 114 47 77 53 53 81 81 110 78 53 89 97 41 92 79 48 40 95 96 80 114 49 90 96 70 81 106 54 33 34 77 67 73 60 50 46 96 78 49 94 72 48 76 37 57 89 73 29 69 54 56 79 26 48 89 85 64 111 64 60 48 85 115 62 68 66 53 88 59 59 46 79 16 50 102 46 55 94 104 102 45 78 113 74 58 82 46 96 88 80 77 43 101 45 81 71 75 54 70 66 92 27 42 50 40 72 59 72 73 64 80 92 77 112 42 49 114 92 92 70 52 94 90 70 77 85 44 59 57 98 59 88 44 87 49 80 82 74 73 81 40 48 81 91 45 42 80 79 96 59 49 64 46 56 67 106 70 95 86 45 43 85 64 107 91 58 104 100 42 78 31
88 65 81 109 69 96 95 61 84 86 77 69 65 70 73 84 100 66 114 96 74 76 29 89 45 82 79 86 33 129 53 87 58 67 84 92 122 80 58 109 103 48 96 88 51 61 113 99 83 115 61 105 98 83 83 111 65 36 56 98 75 88 63 61 58 109 91 59 99 74 57 91 49 65 91 76 34 72 66 57 84 29 53 109 100 72 134 65 81 56 88 122 67 72 67 70 93 71 71 57 93 37 60 109 62 66 97 106 111 53 96 141 86 66 93 67 113 100 90 84 67 115 59 97 90 84 66 89 73 109 37 59 57 55 85 63 83 90 71 83 93 94 124 43 51 123 103 101 85 81 109 93 80 89 89 45 72 83 123 68 102 50 107 63 84 98 94 83 85 69 56 82 111 50 56 88 93 121 72 58 74 49 66 86 125 72 96 87 68 54 105 78 114 101 65 124 113 54 97 48
102 82 116 118 78 110 111 70 87 106 83 72 66 89 84 107 115 80 117 108 79 98 40 101 65 83 86 97 40 133 54 104 64 75 87 100 135 93 68 110 115 60 100 90 65 62 121 112 88 136 66 114 113 95 96 116 72 53 78 108 79 106 70 72 65 119 92 64 113 79 87 93 50 85 100 83 66 91 77 76 97 45 56 123 101 83 139 70 98 57 93 125 81 86 72 86 106 77 80 82 101 38 78 116 73 82 111 118 132 59 114 145 87 67 107 90 135 101 105 90 68 130 82 98 110 107 85 102 79 118 40 72 66 57 100 67 97 108 84 85 101 101 130 48 67 132 109 109 96 105 120 112 98 92 104 66 93 97 140 78 114 74 119 69 97 111 99 94 89 84 62 83 112 51 66 89 99 133 82 61 76 53 72 106 130 83 98 105 78 59 110 105 128 115 72 128 115 58 109 57
106 91 122 126 88 111 135 85 100 118 99 74 67 90 91 109 119 86 138 124 86 118 46 105 72 96 100 114 41 135 68 109 94 92 96 120 137 99 89 114 129 63 125 95 73 66 138 113 89 151 74 131 120 100 99 122 86 63 88 124 92 117 78 80 82 123 102 78 126 95 109 100 69 86 117 88 75 95 89 91 112 66 78 127 112 101 143 76 107 72 101 127 92 95 80 95 115 90 94 99 107 39 92 118 91 86 125 124 133 75 121 167 106 69 132 106 140 106 118 92 76 140 99 103 115 129 91 110 90 133 44 87 70 62 126 71 102 119 102 92 115 121 139 51 68 143 111 120 109 118 131 135 116 100 115 86 107 99 144 95 124 84 135 70 110 127 104 102 95 89 83 90 129 76 73 92 104 162 83 72 99 62 82 107 142 85 99 117 92 77 133 106 143 123 73 145 130 66 127 62

13 12 6 27 15 1 11 11 11 19 7 12 4 1 18 2 13 13 14 18 29 17 14 12 12 26 20 4 17 7 21 31 12 6 15 15 14 11 11 3 27 8 5 9 20 13 8 5 5 17 12 10 6 1 10 16 1 5 9 13 20 6 5 1 14 9 15 3 20 33 1 14 20 18 15 2 23 6 5 7 18 10 16 10 1 1 19 5 12 22 8 17 2 13 11 17 18 8 8 7 15 19 7 7 17 1 20 2 6 10 11 6 26 12 10 19 10 22 21 11 22 15 10 11 16 18 22 11 13 6 18 10 7 14 9 2 6 6 19 1 5 1 5 22 15 23 1 7 1 12 7 12 4 17 4 15 17 20 18 9 10 9 7 7 15 8 18 4 10 16 1 1 7 9 13 11 16 5 9 6 12 15 5 4 1 1 1 15 11 10 21 20 4 5 16 18 1 6 7 14
29 25 15 48 35 9 24 27 33 23 20 33 14 8 27 3 15 25 20 31 33 23 17 29 14 38 29 11 23 20 29 48 29 20 25 31 22 14 12 17 28 31 19 14 34 25 26 7 11 21 19 11 9 11 12 27 11 17 12 38 22 7 18 7 26 13 17 19 30 44 17 18 38 25 19 6 35 12 18 14 35 29 23 19 12 15 20 13 29 34 13 25 15 27 19 26 37 26 15 20 22 41 31 22 18 2 27 17 7 40 32 18 27 27 11 49 15 26 35 20 24 24 29 14 20 19 32 30 21 10 42 26 24 34 32 16 25 28 31 5 15 2 7 27 21 37 6 21 13 14 10 21 14 35 28 25 24 30 51 19 12 25 13 12 16 29 19 10 15 26 8 11 15 11 24 12 19 16 22 17 18 21 27 20 3 4 7 26 31 14 29 21 18 6 22 19 8 8 17 22

13738 7337 5599 10771 8144 14530 8192 11054 2452 5707 13970 9020 11131 14529 7474 7748 13529 6625 6611 19153 13990 17803 12175 2194 6562 16175 2172 6376 7357 11586 7287 7072 10446 9167 13413 7039 14234 7674 10640 14416 5962 19710 14574 6316 5349 6790 7746 10910 5730 4102 13017 6180 5422 13293 8688 10327 8405 8496 11837 19103 13 12997 7190 5747 9721 14422 7517 7609 7130 5829 14235 7775 129 9712 5864 5846 7319 6870 10414 15778 14084 7635 7187 14234 1287 10650 8111 6262 11072 11914 12932 9198 16929 18206 6979 12761 12515 10989 8854 8785 5636 6926 2499 7148 12929 8094 1900 11666 14139 9287 12916 11577 5907 18106 11327 19692 5830 6886 12546 11093 2247 11002 13160 9017 11314 10599 13750 16150 10489 10866 11092 14262 16604 9398 11130 12474 11157 10968 14444 4642 2209 13506 12225 7943 5635 7542 12041 8670 5973 10834 5740 11374 7151 5473 5712 7950 8613 7163 13280 14208 10717 14147 19646 1030 10604 6638 8436 7938 11930 6944 12336 5855 5273 4610 12720 1 17209 11091 17806 158 11199 7065 5826 5219 9118 6313 12391 10920 12284 6291 17253 17767 10712 14408 7837 9055 7079 10323 10604 5486
16480 8427 6190 12178 9626 17992 9438 12180 2782 6831 15790 10081 13594 16921 8847 9534 15281 7620 8126 21801 15549 19858 14952 2491 7319 18065 2460 7267 8121 13402 8679 7789 12901 11095 16610 8773 16805 8787 13240 16061 6619 22730 16102 7712 6267 8072 8911 12374 6714 4710 14321 7035 6395 15823 10302 12757 10255 10512 13773 21784 15 15113 8587 6964 11746 17653 9298 8453 8710 7124 16841 9189 153 11407 6575 6521 8952 8427 12188 19038 16115 8408 8402 17426 1524 12440 9877 7156 12557 14451 14411 10946 20214 20425 8663 15278 15107 13578 10289 9663 7000 8161 3018 8430 15005 9203 2153 13817 15846 10969 15222 13962 6861 20959 13428 24401 7028 7736 15123 12718 2539 12944 15920 10561 12767 11868 16313 18186 12744 12474 13126 17606 20700 11350 12688 15287 13493 13021 16508 5243 2453 15300 15094 9334 6821 8840 14691 9856 7375 12226 6982 14209 8356 6764 7097 9008 10304 8305 16412 17151 12208 17401 21817 1213 12346 8207 9933 9407 13856 8295 14147 6946 6523 5579 14422 2 18966 12818 22130 175 13778 8290 6912 6144 11069 7135 14829 12121 14444 7567 20830 22014 12162 17157 9115 10058 8423 11448 11840 6275
19005 9931 7539 14565 10511 21345 11347 13640 3098 8065 17426 11460 16310 20253 9836 10553 18057 8696 9450 23827 18457 22126 17512 3030 8244 21486 2777 8408 9711 15796 9527 8884 14540 13168 19174 10374 19154 9922 15010 18916 7295 27015 18711 8864 7044 9390 10473 13549 7960 5467 17471 8376 7172 17784 12181 14936 11155 11546 15985 26037 18 17462 9712 7710 13809 19329 10756 9597 10181 7723 19857 11110 175 13149 7292 7441 10223 9557 13551 21510 18747 10312 9222 20256 1775 13770 11616 7791 14269 15703 16287 12100 22914 22942 9551 18118 17391 15245 11245 10947 8171 9156 3436 9406 17949 10302 2460 16151 18493 12467 18347 15538 8068 23367 15789 27450 8375 9268 17038 15427 2850 14487 19062 11966 15239 14084 18195 21701 14275 14107 14721 20916 23805 13525 14265 17225 15967 14795 19802 6247 2857 17518 17989 10465 8180 10503 17406 11788 8620 13821 8399 16205 9211 8099 8041 10901 12070 9831 17772 20698 13331 19547 24237 1411 13761 8949 10908 10537 15366 9710 16073 7817 7582 6283 17066 3 22237 15325 25373 207 15568 9673 8220 7024 12119 8450 17402 14746 17505 8276 23888 23941 13975 19607 10679 11462 9593 13901 13825 6997
22005 11389 8811 16242 12459 23823 12307 16096 3391 8820 19762 12368 18521 22033 11270 11990 19493 10307 10522 27906 21794 23923 20056 3446 9658 24656 3246 9190 11029 17788 11234 10288 16342 14896 22473 12039 21673 11148 17473 22185 8339 29200 21094 10166 7661 10395 12108 14781 8957 6470 20528 9323 8459 20235 13578 17028 12431 12421 18764 29737 20 19083 11182 8507 14972 21765 12004 11380 11487 8709 23397 12326 192 15163 8155 8260 11825 10695 14811 23266 20721 11719 10095 22116 2003 16093 13363 8781 15449 17605 18666 13638 25372 26812 10404 20609 19124 17837 12587 12902 8993 10795 4033 10539 21086 11306 2754 17521 20159 14325 21191 18068 9194 27305 17322 30275 9596 10246 19823 18112 3108 16980 21659 13368 17654 15681 20902 25099 15956 16221 17483 23744 27944 15739 16918 18718 17919 16138 22207 6743 3406 19767 19779 11722 8803 12328 18979 13241 9241 16050 9376 17603 10284 8822 8924 12388 13987 11400 20245 22848 14861 21929 29099 1630 14891 9751 11912 11707 17964 11014 17954 8889 8114 6872 18387 4 25319 16655 27247 239 16823 10971 8980 7887 14284 9895 19761 16668 18939 9126 27749 26183 15105 22697 12461 13444 11333 16150 16031 7617
24328 12535 9511 17356 13559 26752 13283 17368 3713 9538 22727 13601 20154 25502 12521 13431 21314 11787 12002 30407 23968 28032 21591 3930 11198 27916 3581 10094 12615 19676 12878 11552 17389 16957 24801 13306 24724 12197 19556 24195 9422 33973 23797 10953 8507 11726 12980 17370 9680 7292 23597 10464 9659 23114 14701 18520 13402 14241 21640 33554 21 21712 12620 9163 16381 23917 13591 13009 12591 10041 24968 13646 212 16625 9082 9036 13276 11827 16031 25729 22984 13268 11555 25162 2277 17603 15290 10052 16947 20574 20170 15242 27544 30203 11734 22066 20827 20268 14208 14813 10014 12072 4447 12259 24290 12450 3117 19668 21916 16356 22931 19986 10300 30497 20114 32296 10462 11238 21688 20568 3397 19066 24009 15552 18833 17533 23076 27462 17577 18916 19908 27256 30599 16711 18353 20376 19545 17972 24461 7467 3769 22551 21947 12898 9736 14087 20544 15403 10393 17556 10597 19491 11210 9526 9653 13844 14931 13043 22147 25735 16418 24202 31962 1736 16100 11223 13146 12758 20566 12038 20438 9788 9372 7953 20169 5 28027 19414 30056 273 19131 12595 10149 8563 16234 10829 21685 18845 21037 9883 30093 29285 17376 25199 14374 14779 12892 17542 17606 8610
26049 13830 10614 18525 14997 30312 14550 19763 4183 10291 25799 15118 22053 27457 13840 14661 22928 13049 13621 32970 26784 32169 24297 4215 12798 31327 4010 11652 13745 22182 14285 13285 19786 19135 26840 14828 27264 13501 22121 25731 10838 38790 26362 11703 9098 12466 14780 18544 10268 8012 25494 11554 11013 25365 15913 20318 14812 16122 24383 36032 22 23527 14123 10359 17771 27447 14441 14497 13355 11122 26402 14822 236 18678 10019 9655 14809 13177 18054 28972 25463 15050 12493 27868 2455 19769 16170 11486 19477 22852 22780 16634 30616 33333 12674 24191 22956 22529 15926 16696 11231 13184 4958 12978 27370 13525 3326 20864 23597 18152 25283 22801 11745 32659 22725 36014 11395 12396 23535 21737 3917 20813 25733 17545 21013 19005 26498 31484 19899 20460 22258 30418 33365 17794 20356 22806 21100 20442 26869 8018 4296 24872 24076 14343 10471 15005 22956 16321 11177 19186 11249 21565 12629 10319 10978 15452 16596 14395 24395 28853 18828 26081 35265 1890 18536 12240 14284 14602 22577 13079 22736 10582 10503 8450 22467 6 32287 21643 33525 297 20362 13748 11411 9544 17735 11486 23002 21262 22357 10885 32369 32797 19050 28066 15602 16227 14320 19336 19790 9600
27909 15391 11701 19808 16018 32677 15740 22018 4703 10918 28764 16307 24756 30292 14643 16413 24994 14214 15188 37317 30065 35150 26226 4448 13745 34171 4537 12652 15240 23419 15402 14366 21531 21399 29431 16364 30214 14594 23709 27289 11870 43300 28067 12393 9692 13903 16344 20660 11116 8966 26924 12761 12357 28687 17651 22001 16193 18093 26976 40143 24 26046 15781 11720 19818 29449 15823 15497 14909 12509 28579 16564 256 20594 10913 10682 16505 13996 19688 31450 28251 16941 14102 30364 2709 22382 18041 12476 22108 25765 24093 18656 33038 36037 13545 26338 25759 25047 16812 18468 12401 14632 5542 13862 30043 15204 3677 23232 26807 20396 28321 23962 13152 35630 24005 40618 12178 13198 26429 23270 4144 22671 28080 19156 23767 20206 29221 34327 22491 22527 24340 32518 36050 20141 21657 24145 23589 22880 29614 8834 4664 27445 26379 15358 11438 16848 24903 18277 11851 21850 12556 23361 14170 11288 11610 16949 18715 15254 27120 31048 20292 28323 39389 1999 21013 13496 15734 16423 24391 13958 25628 11534 11083 9247 23891 7 34138 23536 35312 332 22477 14970 12501 10812 19994 13011 25289 23700 25226 12097 35822 34845 21537 31651 17552 17525 15933 20974 20989 10175
31105 16283 12603 22150 17717 34559 17584 24705 5113 12225 30668 17460 26688 32867 15858 18050 27590 15744 16787 40338 32508 37265 28302 4831 14988 37268 4931 13847 16108 25768 16490 15728 23213 22764 31179 17451 33101 16132 25142 29671 13334 45347 30494 13289 10656 14908 17909 21812 12280 9601 29999 13457 13411 31516 19452 24393 18183 20173 28378 42283 26 29263 16618 12319 21401 32856 17150 16353 16129 13456 30636 18426 282 22795 12150 11769 17455 15597 21312 34152 31696 18562 15869 31972 3019 23910 19056 13475 23353 27706 26217 20874 37092 38570 15011 27811 27486 27206 17859 20081 12997 15344 6127 14740 32400 16899 4053 25073 30061 22234 29995 25856 13821 39785 25883 42904 13128 14829 28579 26002 4573 24608 30353 20864 24952 22611 30771 37476 23933 24305 26546 34877 39413 21303 23264 26680 26294 25619 32196 9872 5092 29121 28395 17194 12002 17725 26664 20371 12984 23565 13392 25620 15381 12376 12538 18324 20445 16206 29578 34324 22160 30014 42397 2125 22346 14777 17224 17731 26878 14726 27997 12264 12222 10288 26560 8 37676 25026 39317 349 24142 16200 13107 11780 21507 13671 28171 25525 26575 13288 40133 38682 23366 33705 19463 18513 17616 23279 22151 11040
34149 17112 13403 24406 19342 36413 19277 27148 5574 13303 34075 18685 28555 35315 16958 19850 30746 17196 18212 42818 34851 41651 29930 5107 15951 39535 5265 15302 17659 28033 17633 16954 25661 24134 32828 18613 35399 17122 26749 31347 14689 47747 32075 14117 11763 16600 18968 24284 13080 10398 33030 14824 14484 34706 20944 26087 20205 21834 30707 45257 28 30929 17635 12945 23049 34693 18646 17609 17034 14109 33497 19480 309 24689 12890 13189 18881 16435 23398 36696 34470 19617 16795 34532 3207 26363 20404 15019 24699 30047 27764 21857 40608 42416 16079 30761 29949 29493 19788 20983 13805 16961 6688 15790 34625 18122 4299 26247 32377 23918 31645 27308 14973 42197 28549 47043 13803 16371 30432 27519 4891 25873 31890 22099 26621 25159 33619 39983 25711 26204 28262 37188 43290 23192 25171 29748 28102 27183 35394 10415 5425 31055 31361 18778 13131 19553 28229 21315 13689 26133 14165 28082 17016 13585 13510 19537 22536 17370 32413 35946 23250 31929 46443 2338 23420 16136 18801 19007 28950 15648 30869 13014 13076 10939 28066 9 40877 27560 42341 385 26482 17473 14251 12669 22475 15219 30253 26985 28811 14034 43976 40755 25377 36176 20903 20359 19334 24506 23780 11894

8484 6064 4681 8997 6906 12672 6032 8250 2094 4460 11924 6404 8867 10277 5519 5436 11392 3906 4880 15074 11252 9693 10863 1523 4774 14284 1541 5477 5151 8196 5841 5752 7206 5610 10167 5518 10852 5651 7249 12867 4368 14752 12155 4582 3584 5832 4964 8732 5123 3314 10975 5312 4489 10875 6804 8669 4668 7615 10552 14106 9 7897 5431 4741 8035 11841 5009 5797 4784 3782 12218 6922 86 6107 5197 3391 6174 5617 7702 12267 11918 5215 6243 12432 1051 9016 5583 5285 9332 8939 10385 6677 14744 11041 4976 11061 8332 7834 5931 7439 3777 5470 1410 5338 8316 6329 1329 10356 12147 7110 11184 9650 5141 16205 8715 15337 4340 4927 10731 7369 1871 7431 11571 6501 8659 8345 11041 12988 8338 8999 9268 9449 14027 6881 9607 8535 8323 9553 12570 3669 1906 8485 9480 6560 3241 6717 8349 6652 4902 8971 3212 8126 4105 4251 4663 4409 7279 4142 11177 9749 9381 12318 14888 856 5548 4591 6858 5416 7790 6226 9268 3228 4268 3615 9982 1 11708 8800 12192 132 7618 5964 4900 3406 7288 4845 10349 9138 10570 3727 14259 15161 9481 10625 6815 7476 6066 7980 8052 3766
8138 5517 3214 8744 5507 10319 6002 5572 1299 3850 7925 4903 7958 10229 5266 4751 8514 3783 3624 9895 9713 9375 10657 1345 3596 8684 1486 3248 4554 7420 4714 3603 5577 5601 6820 5335 8232 4062 6614 12198 3969 13457 9016 4412 2968 3414 4187 5576 4712 3023 10295 4933 3527 8242 5221 6328 4427 4514 6315 12255 7 6922 3922 4641 7012 10064 3987 4354 3766 3095 7139 4210 75 5623 4378 2969 3944 4560 7236 9407 7841 5136 5524 10668 1036 6026 4315 4357 9133 7616 6850 6046 13639 9391 3618 8814 7166 6623 5468 7084 3223 4858 1377 4102 7990 4425 1183 6733 10226 4884 10537 6870 4654 15246 6383 14633 4225 3948 10319 6442 1218 6010 10452 6369 6515 8093 8833 8099 5749 8355 6062 7309 9512 6225 8190 6919 8195 6386 7465 2644 1340 6809 8266 6182 3033 4776 6381 4476 4523 6727 3137 6943 3598 3284 4626 4356 4720 3770 9722 8459 9126 12001 12399 532 5510 3582 5961 5271 6743 4436 9189 2969 3973 2800 8175 1 8748 7728 11746 112 7139 4538 3472 3282 5205 4771 9301 8087 10448 3405 9709 8938 6048 9747 4003 5185 5220 6878 6036 2888
