200 9 2
1 189 131 52 1 102 14 47 1 1 17 18 228 72 83 13 109 72 1 223 175 103 114 148 111 97 195 40 134 120 168 59 105 103 76 95 162 1 128 209 129 121 169 58 236 72 96 247 159 40 131 145 187 69 34 1 44 164 31 30 152 382 92 106 57 161 104 117 125 211 1 87 40 21 102 184 203 194 41 84 66 234 1 129 139 68 1 124 53 122 1 210 111 165 104 84 100 22 1 1 95 278 137 222 74 125 75 189 69 122 231 1 1 220 51 5 97 64 51 13 114 79 238 213 95 78 98 15 158 4 52 1 42 7 1 148 157 107 121 111 143 187 106 325 148 141 165 117 189 23 29 161 1 226 167 17 101 1 56 128 50 135 53 33 154 119 293 1 79 120 179 1 1 1 56 221 106 26 80 148 52 214 47 43 81 66 74 33 169 106 137 176 80 121 50 79 206 9 170 59

24 11 23 32 32 1 3 21 1 15 18 12 27 1 19 24 34 49 1 32 27 43 11 27 9 1 50 31 41 24 30 10 26 46 26 1 35 28 12 27 39 38 28 24 13 39 1 27 47 33 12 1 30 40 26 38 21 22 6 48 1 57 1 17 4 30 35 46 25 11 19 20 1 10 1 1 7 39 18 18 15 30 28 23 21 12 5 28 35 6 52 20 15 20 38 28 17 11 33 11 42 32 36 21 1 53 12 1 28 27 30 12 11 21 20 10 15 29 8 1 9 31 25 22 16 4 1 12 19 15 20 22 3 45 3 27 33 30 33 58 30 22 42 9 3 1 17 1 53 6 26 44 21 33 21 22 13 1 35 1 1 26 14 1 29 4 16 14 28 18 8 42 29 22 22 10 34 47 19 1 45 37 28 30 25 1 14 36 1 60 50 1 2 3 6 18 29 15 1 15
38 14 28 46 42 13 4 28 11 36 29 30 45 28 20 29 50 62 19 33 39 64 27 36 19 7 69 44 67 28 38 23 50 52 43 3 44 38 26 41 42 40 35 25 29 45 23 53 55 42 31 9 39 64 35 54 27 28 16 58 15 63 22 24 9 32 36 47 32 23 20 32 3 12 13 3 14 46 19 23 31 35 43 36 45 38 9 32 37 27 57 36 21 21 56 31 31 18 37 26 58 44 44 26 14 63 20 7 50 33 53 15 13 31 42 21 17 49 20 16 18 50 29 24 27 23 2 14 29 33 21 40 7 66 15 42 50 58 44 62 47 24 70 23 13 14 18 12 63 22 42 49 28 54 29 34 22 19 37 13 16 32 24 26 34 6 33 29 40 21 16 45 39 43 26 34 45 49 32 4 46 40 44 31 29 31 26 42 15 64 65 9 17 17 15 24 35 22 25 17
58 38 37 64 46 23 13 29 31 38 39 47 59 41 34 54 52 78 26 40 65 77 50 44 30 8 78 64 73 35 57 40 53 57 47 14 57 48 37 47 46 53 61 46 30 58 30 62 61 60 50 10 46 67 53 57 46 50 31 77 31 65 29 36 13 43 52 48 50 31 30 45 31 17 21 27 37 50 37 46 38 36 62 54 54 46 13 38 38 33 66 46 22 22 62 39 51 34 58 36 69 60 57 28 24 65 22 13 61 45 59 19 22 50 50 31 18 71 33 32 24 55 31 27 41 35 26 42 30 40 25 61 29 72 28 56 75 65 47 67 51 45 82 38 15 15 26 18 76 40 52 54 50 63 39 54 41 42 41 14 22 40 40 34 40 16 52 34 49 25 22 46 52 57 37 35 57 60 48 9 53 56 45 35 41 39 31 58 16 79 70 36 44 19 23 29 38 43 26 32
67 45 56 74 53 24 17 31 44 51 58 48 66 64 36 77 60 98 31 43 68 79 51 60 36 16 94 80 74 53 66 41 68 70 50 28 64 55 48 54 47 59 64 64 31 59 31 73 70 71 62 11 61 84 63 59 47 51 48 90 34 69 51 41 14 59 62 50 60 49 47 52 37 25 30 35 43 63 47 47 54 50 79 59 60 48 30 48 52 55 70 55 35 33 66 57 57 39 71 48 84 72 62 31 33 72 30 26 70 62 64 22 27 54 62 41 19 81 39 54 33 75 46 32 49 55 38 52 36 47 33 66 37 77 34 71 89 71 67 70 68 55 85 48 23 17 43 31 87 41 59 58 54 69 60 55 46 43 66 25 23 47 44 41 43 37 63 36 52 44 42 67 60 83 45 43 68 67 64 19 60 83 66 40 61 49 45 64 19 86 83 46 55 27 28 33 41 45 40 54
77 68 71 79 54 25 31 43 45 66 70 55 87 68 48 93 70 101 43 61 75 83 66 88 55 24 95 89 93 62 70 53 69 81 61 34 75 56 71 70 54 63 77 78 36 63 36 76 78 74 63 26 82 106 74 79 49 75 49 93 48 77 79 42 20 82 69 68 62 69 52 55 46 45 44 44 46 64 53 61 72 51 97 91 74 50 32 54 59 74 79 72 46 43 68 74 64 51 72 57 96 75 66 34 42 82 44 33 71 71 69 30 29 63 72 48 33 101 49 72 36 84 54 39 59 60 66 71 61 60 54 67 58 82 44 81 92 90 68 79 86 65 93 59 35 29 56 34 100 42 91 74 58 90 74 69 63 66 74 26 26 50 51 44 50 47 73 49 59 63 45 78 72 97 52 49 78 89 89 20 73 89 75 41 68 66 60 65 24 99 92 69 57 41 34 46 48 58 56 66
85 69 82 93 59 40 32 52 55 80 72 74 98 91 52 96 73 112 55 79 88 96 79 100 77 45 101 102 112 83 77 57 78 88 78 36 89 61 73 86 55 89 94 80 51 75 41 82 85 84 65 27 87 120 90 88 65 105 69 108 65 78 81 51 33 83 75 83 69 82 62 56 50 49 55 57 47 74 66 64 73 57 109 104 92 72 44 69 60 79 82 75 56 53 73 79 66 68 96 62 105 76 70 45 44 92 57 56 73 75 84 43 36 93 79 61 43 127 53 75 46 88 65 58 60 63 71 79 67 72 56 73 72 93 67 88 93 108 81 86 106 68 107 75 49 31 64 42 120 58 103 83 61 93 78 91 77 81 87 31 51 63 55 50 51 63 86 59 75 67 51 81 82 101 53 66 79 99 108 22 84 105 95 47 77 71 65 66 39 110 99 78 61 43 35 48 56 63 79 73
103 87 104 101 74 43 38 69 63 101 73 86 103 100 71 120 80 118 57 86 97 97 80 106 96 57 114 123 132 96 101 62 98 95 90 45 109 70 81 93 61 90 115 85 67 89 48 91 93 105 78 39 111 129 94 106 71 112 85 125 70 89 82 52 35 93 90 88 84 95 82 63 63 72 71 68 54 81 77 72 77 78 119 115 93 81 45 72 64 91 99 76 67 56 78 92 75 95 104 75 123 81 74 47 45 103 65 68 74 92 95 54 46 105 92 73 46 135 61 81 57 94 66 67 66 66 83 80 79 93 58 90 93 111 80 100 103 113 96 93 125 78 117 90 66 46 77 51 124 73 117 93 74 102 99 103 90 84 100 57 60 72 66 67 57 81 114 61 88 71 61 102 88 102 60 84 82 122 132 27 87 111 106 57 92 90 79 67 67 121 107 79 67 48 37 68 57 71 94 78
108 88 107 113 92 60 55 83 85 116 74 100 110 107 76 145 82 121 66 101 98 105 87 123 120 73 123 137 161 115 109 70 119 100 102 58 131 78 89 101 68 95 123 94 91 92 64 104 102 111 81 58 131 142 104 117 79 123 100 130 80 106 97 72 40 98 93 105 88 116 83 73 80 83 84 78 56 91 78 91 84 79 132 128 102 93 51 73 69 102 107 90 83 58 86 107 103 107 124 81 124 82 75 74 66 114 79 71 90 95 111 69 57 115 116 88 62 136 69 96 76 107 81 79 82 82 94 101 98 104 76 109 103 125 93 113 120 117 114 101 138 94 136 101 75 55 81 66 143 88 121 101 80 109 108 104 106 93 115 74 68 82 69 77 65 84 124 68 101 87 80 111 112 115 67 98 100 128 135 29 111 118 121 74 112 123 87 73 82 134 113 81 95 52 49 86 73 72 97 81
119 98 112 134 105 73 68 100 95 138 84 107 116 130 80 165 91 129 72 119 103 115 107 130 125 92 137 142 178 133 121 73 135 101 118 73 140 84 97 102 89 104 139 95 92 95 70 120 103 133 99 63 136 153 107 118 86 126 116 141 82 121 109 88 44 109 101 107 95 131 87 75 92 105 99 104 57 93 89 103 87 101 139 137 112 94 69 77 81 108 121 100 84 61 104 117 108 126 138 89 128 99 91 92 91 132 91 72 94 103 112 87 61 135 135 97 65 151 73 103 91 118 90 87 89 94 96 118 107 105 91 110 125 132 111 131 133 131 133 117 143 105 146 105 82 74 90 84 152 89 130 104 86 128 114 123 109 95 123 80 93 96 77 87 76 88 130 85 103 95 89 121 123 134 81 115 105 152 142 35 114 119 129 89 120 132 89 96 87 144 123 83 111 73 72 116 76 97 106 97

5 5 13 16 17 11 12 1 20 1 15 14 21 7 5 15 1 17 1 5 3 17 24 12 1 9 1 12 3 6 1 9 7 12 12 6 7 10 7 7 1 8 11 20 2 6 11 21 22 17 20 1 15 1 4 9 1 5 22 16 6 7 1 4 23 3 5 6 16 7 11 18 17 5 26 1 4 1 15 18 1 11 1 12 11 4 7 22 7 3 7 10 7 7 12 11 11 20 8 17 5 7 14 17 4 4 26 9 13 11 26 13 11 5 9 1 1 18 6 11 21 1 4 19 14 1 10 1 7 10 5 3 12 14 1 13 5 20 13 10 16 14 18 1 5 1 11 1 2 1 10 1 2 4 1 6 16 14 11 1 16 14 7 8 21 12 1 1 5 1 1 15 3 7 19 1 4 7 1 23 23 14 13 8 16 12 14 9 1 13 8 2 14 16 11 15 8 1 11 5
20 9 40 22 22 31 15 10 21 3 19 15 22 19 18 16 14 23 8 27 16 31 36 14 15 29 24 15 5 7 12 23 22 23 29 23 19 17 19 8 26 19 19 22 12 13 32 34 28 32 34 14 24 3 13 10 9 8 34 29 22 9 3 7 41 4 15 30 23 13 32 37 36 13 27 18 14 4 30 28 13 33 18 29 20 14 17 23 25 7 14 22 26 22 26 26 16 21 15 25 15 10 25 38 5 12 27 16 15 19 44 37 15 24 10 10 3 32 13 21 23 12 5 27 29 15 20 15 25 18 26 24 21 24 15 22 6 28 34 29 17 34 27 7 23 2 27 8 9 4 27 13 3 5 6 22 33 25 16 10 25 33 10 17 37 14 3 12 6 12 21 25 19 18 23 13 23 18 16 34 28 24 14 28 20 15 23 16 12 20 28 9 32 22 16 40 12 16 13 11

11993 11074 12276 6531 6502 10541 13030 8603 13826 15005 6925 12647 5164 7600 8026 15015 12693 5794 12620 14489 4118 11038 11042 11707 5980 8707 6585 6369 12797 11145 11484 9195 11077 12187 12736 6501 2972 9542 16294 4196 6639 9608 11625 8053 13861 12400 7504 6027 9581 1929 7568 7900 13582 6154 12094 14838 10526 5137 5078 76 10561 12866 12636 6932 9496 406 15650 11072 7051 8452 16449 13960 12331 8921 5102 8041 19209 15972 5597 10245 1483 5902 12992 5668 11806 11034 9868 8495 11250 11657 13246 9021 5370 13272 7535 8936 7507 7483 13101 7453 9785 10367 19199 15028 846 8375 11805 12458 10793 7773 8210 12388 11175 7045 7794 11735 1523 8476 16445 12669 13512 6526 7347 6212 13451 12249 6698 10238 12589 6367 6647 13388 13327 10227 9059 11551 7301 12764 5994 8566 5589 8034 11918 14591 14437 12236 8729 16182 8240 7750 12611 11269 15753 8576 14970 13801 12694 9225 17342 5581 13679 10883 11406 10731 8391 8212 12872 5916 12861 6640 11139 10736 11063 10987 11844 11076 11321 1098 16024 1007 5459 7128 8160 11253 6924 2137 16972 9353 7127 15838 5234 8275 17405 17156 9192 13789 11581 13880 528 8828
14336 13386 13773 8001 8003 11800 15997 10291 17113 18083 7677 15543 5700 9385 9902 17370 14121 7183 15503 17700 4993 13138 13408 13764 6806 10412 7523 7935 15571 13795 14224 10711 12272 14187 15254 8006 3694 10615 18105 5190 7799 11667 14017 9466 15931 14876 8567 7406 11678 2205 9405 9700 15817 7447 14734 16649 13135 6107 6189 84 12742 14376 15143 7756 10983 477 17852 12214 8807 9924 19334 16412 15045 10893 6138 9554 23777 19509 6703 11826 1731 6541 14609 6913 14106 12455 12001 9542 13201 14555 15495 10625 6314 16071 8624 10038 8489 9309 14503 8342 10822 12819 23793 18509 996 10306 13442 15322 13371 9222 9797 14889 12784 7803 9163 13136 1730 10458 19791 15280 15042 7403 8517 7272 16397 14685 7456 11943 14344 7003 8024 15483 16588 11729 11256 13075 8729 15075 6603 10171 6720 9345 13321 17124 16601 14090 9840 17855 9413 8730 15299 12832 18947 9879 18579 16174 15368 11424 21297 6173 16973 13448 14113 13112 9507 9763 15554 6736 15577 7508 12842 13289 12274 13194 14627 12543 12471 1258 19100 1253 6531 8677 9484 12604 8094 2580 19643 11579 8417 18624 6092 9154 21509 19435 11222 17131 13066 15462 611 10563
15928 14758 16058 8700 9301 14114 18217 11655 18553 19946 9180 17348 6256 10646 11835 19203 15466 8362 18277 19692 5792 15835 15870 15307 7986 11622 8889 9388 17751 15969 16913 11864 14273 16131 17767 9552 3999 12519 20332 6069 9321 13288 16739 11060 18991 17560 10054 8457 13133 2654 11087 10547 17719 8086 16486 19963 14552 6978 7099 100 14088 17491 17374 8843 12520 551 21660 13989 10551 10915 21280 19716 17643 12522 6950 11358 27864 23027 8076 14202 2021 7297 16299 8116 15516 14866 13996 11594 14672 16302 17333 11594 7094 18776 10308 11288 9359 10451 16323 9389 12242 15173 26550 22078 1126 11224 16117 17661 15556 10985 11716 16476 14345 8743 10986 14390 2084 11788 23455 17396 18213 8202 9835 8183 17991 16391 8694 14008 16977 8135 9572 18167 19099 13683 12782 14499 9845 17796 7424 11428 7856 10235 15410 19476 18322 15861 11098 19998 11014 9604 18358 15376 21817 11003 21803 18961 18475 12608 25318 7011 19012 14834 16864 15150 10970 10956 17708 7615 17541 8935 15028 15783 13945 15517 16470 13767 14931 1492 22653 1377 7692 9590 10618 14584 9382 2803 22420 12838 9184 21097 6638 10274 25070 21571 13256 20253 15503 16907 742 12300
18779 16297 18190 9442 10299 15520 20326 13065 20753 22137 10250 19314 7514 11606 13582 21136 17066 9005 19669 22841 6272 18060 17239 17123 8831 12525 9665 10349 20709 17529 18884 13282 15593 19010 19426 10539 4734 13701 24211 6956 10278 14442 18304 12485 21662 19032 11841 9854 14758 3062 12978 11382 20542 9531 19248 22729 15980 7707 7698 114 15837 19417 19073 10320 14377 634 25275 16367 11711 12376 25129 22604 19600 14183 7870 12687 31795 25467 8715 15278 2183 7976 17851 9448 16828 16647 15574 13527 16553 18131 20197 13086 8093 21083 11671 12817 11088 12030 18029 10162 14243 16452 28527 25806 1272 13186 18313 20542 16871 12449 12807 18043 16730 10441 12844 16237 2300 12820 26239 20191 20573 9650 11440 8880 19644 17831 9418 15473 18687 8840 10715 19802 21842 14739 13858 16568 11196 20945 8622 12372 8673 12044 16656 22521 20183 18860 12840 23945 12679 10561 20906 17756 23870 12873 25473 21740 20138 14506 28308 7752 20718 17364 18896 16767 12262 12357 20436 8787 19105 10092 16907 17614 16484 17352 19283 14927 16290 1706 25776 1502 8614 10911 12458 17197 10232 3034 25979 14635 10714 24965 7506 11135 27582 23580 14549 21947 18039 18764 873 14280
20767 17908 20085 10912 11870 16833 22760 14583 24169 24216 11384 21641 8298 12612 15505 24204 18463 10365 22668 25648 7164 19321 19008 18504 9449 14418 11083 11827 22379 19288 21377 14937 17739 21394 21871 11613 5190 14831 26543 7763 11646 15547 20956 13322 23095 20454 13438 10834 16689 3269 14340 12473 23323 10451 20642 26162 18111 8712 8440 129 18011 22317 21304 11975 15798 706 26958 18458 12432 13279 26819 24391 21813 16111 8966 14288 35355 29244 9595 16933 2513 9084 19568 10850 18206 18350 16648 15090 19164 20877 21568 14697 9338 23296 13008 14274 12337 13805 19352 11910 16189 18974 30959 29290 1447 15155 20419 22237 17968 13265 14515 19728 18733 11425 13840 18729 2462 14170 29967 23341 23932 11099 12482 9696 21689 20366 10266 16898 21159 10056 11952 23108 23290 15833 15593 18069 12143 22695 10000 13405 9332 13774 19279 26148 22823 20491 14677 27426 14111 12149 23831 19063 27695 13743 28947 23292 21625 16790 31768 9032 22471 19201 21726 18569 13277 13710 23098 9809 20842 10829 18408 18820 17779 19149 21808 16061 17780 1960 29245 1632 9247 11957 13749 19881 10999 3315 29593 16408 11480 26981 8564 12807 30613 25577 15679 25361 19943 21689 933 16255
23162 19245 21596 12525 12784 18014 25440 16630 26633 26729 12178 23840 9277 13495 17466 27429 21436 11355 24416 28448 7930 21496 21413 19842 10546 16260 11784 13165 24179 20438 23023 17129 19549 23936 24633 12622 5746 16118 29915 8479 13183 17714 23057 15133 26077 22776 15237 11832 17761 3471 16076 14087 26091 11582 21937 27926 20637 9801 8952 140 20640 24466 23781 13343 18136 784 30759 20925 13998 14598 29879 26041 24221 18250 10053 16159 39499 31696 10246 18914 2739 10078 21033 11903 20253 20785 17696 15954 21911 22680 23088 16743 10581 24934 13883 16375 13929 15623 22564 13118 17635 21361 35218 32987 1645 16363 22153 23734 19747 15115 15831 22233 21042 12525 14754 21092 2614 15325 32595 24853 25749 11867 13603 10668 23855 21778 11475 17930 22638 10785 13467 25959 25396 18365 17027 20119 13372 24369 10709 15537 10135 14999 21672 29180 25307 21783 16813 29902 15928 13855 26470 20351 31567 15540 31613 25875 23075 17956 35037 10356 24310 20635 24065 20291 15224 14945 25753 10555 22665 11917 20871 19988 18914 21580 24264 18671 19837 2214 31988 1880 9863 13190 14962 21731 12577 3807 32324 18504 13195 29986 9755 14434 34012 28075 16817 27590 22712 25099 1040 17420
25309 20787 23764 13737 13768 20184 27174 17874 29486 30328 13541 26774 10003 14755 18560 30394 24530 12123 26988 31572 8873 23015 23923 21570 11885 17749 13400 13936 27377 22788 24613 18894 20753 25988 26280 13686 6101 17325 33914 9124 14340 19489 25522 16749 29028 25852 16173 12807 19897 3847 17937 15350 29321 12407 24668 29476 22113 11030 10133 151 22821 27495 26547 14290 19095 835 33751 22373 15509 16009 32934 28430 25969 19972 11053 17303 42152 34318 11362 20374 2937 10944 22733 12748 22287 22367 19298 17324 23394 23951 25293 17853 11513 26467 14984 18076 15163 16638 25048 14000 19540 23570 38734 35481 1854 18013 23505 26512 21404 16325 17575 25124 22457 13881 15914 22736 2923 17385 36656 26181 28736 12598 15363 11695 26150 23831 12151 20342 24763 11772 14274 28926 28227 20084 19110 22419 14568 25689 12046 17294 10764 15850 24406 32040 28247 23124 18864 32845 16811 14948 29272 21502 35228 17345 35099 27880 26102 18951 38040 10982 27119 22287 26301 21405 16907 15849 28011 11438 24471 13527 22808 21595 21040 23612 25757 20031 22136 2346 35519 2127 10463 14746 16188 23645 13551 4286 34695 20027 14485 33915 11058 16145 35806 31697 18404 29244 24618 28476 1165 18895
26846 22198 25017 14711 15189 22770 28679 19099 31023 31964 15255 29329 10613 16176 19913 33614 26692 12854 29080 34726 9614 24192 26259 24370 13123 19539 14262 14852 29132 24033 27451 20637 23139 28277 29383 14625 6810 19225 37566 9753 15527 20998 27680 17594 32218 28461 17711 14120 22025 4055 19733 16217 32032 13431 26252 32247 24597 12308 11138 163 23973 30102 29593 15797 20268 933 36373 24428 16485 17022 37028 30454 28862 21670 11968 19027 46795 37426 12498 21587 3265 12309 24901 13769 25006 24731 20765 18200 25524 26448 27713 19914 12079 28588 16130 19874 16542 17502 27134 15256 21776 24918 40805 38620 1987 19298 24875 27760 22639 18142 19299 26454 24207 14634 16856 24392 3167 19119 40662 28476 30997 13920 16303 12703 29177 25208 13310 22408 27745 13109 15456 32064 30163 21152 20102 25262 16194 28597 12848 18736 11788 16713 25762 33891 31215 24894 20616 35261 18823 15750 31227 22862 37765 18426 37490 29890 27945 21181 40788 11964 28668 23856 28057 23063 18091 17575 30630 12827 26505 14191 24513 23237 22475 24893 28004 21242 24118 2477 39094 2305 11607 15706 17912 25119 15105 4644 37924 21864 15911 37421 12243 17433 39484 33928 20498 32597 26479 30324 1256 21024
28649 24620 27360 16023 16381 24612 30721 20905 34275 35181 16024 31358 11695 17257 21536 36036 28810 14038 31076 38171 10206 26090 27429 26436 14414 21373 15196 15816 31991 26219 30167 21721 25259 31072 31670 16153 7404 21601 41602 10400 16706 22921 30388 19280 34605 30924 19112 15212 23220 4473 20670 17243 34386 14671 29249 34692 26519 13509 12157 172 25152 32432 31788 16796 22322 996 40077 26051 17613 17928 40162 33265 31127 23561 12909 20564 49479 40809 13144 23428 3440 13296 27875 15114 27237 26865 23166 19479 28286 29108 30896 21683 13021 30214 17223 20946 17873 19188 29057 16745 22966 26367 42818 42124 2092 20498 27701 29292 23977 19801 20151 28422 25580 15805 18691 26402 3327 20977 44272 29935 33634 14728 17670 13996 31934 27242 14203 23573 29308 14585 16240 34252 32464 23086 21671 26510 17327 31586 13466 19915 12503 18405 27915 35659 34690 26190 22430 39171 20808 16671 33939 25412 39878 20368 39148 33183 29797 22841 45065 13287 30908 25005 29237 24800 19219 18674 32753 14067 29484 15364 25898 25914 23738 26074 30166 22572 26589 2619 42901 2453 12225 16735 19304 27829 16008 5020 41977 23957 17212 39014 13449 18965 41567 37074 22416 34669 28742 33104 1319 22857

8904 7973 9186 5478 3942 6631 9670 5209 11610 10709 5243 7836 3711 5119 6844 8292 10922 5199 10940 11129 3367 6351 6816 9493 4814 5967 4088 5210 7533 8703 9766 7657 7472 10021 11087 5402 2249 5633 12607 2581 5665 8182 10202 7090 9665 10002 5621 3875 6186 1708 6002 5984 10697 4955 6674 11577 8138 4342 4415 62 6572 10269 10208 5968 8411 325 11366 7449 5797 6671 14174 9183 9773 7107 2924 7020 14182 14289 4108 6503 1019 3964 11035 3174 9807 7249 6501 7580 7318 9769 11277 6127 3997 11394 4340 6873 4665 6317 11144 4911 8066 7351 16228 9920 731 6465 9922 10638 8905 6492 7058 8722 6547 6180 4407 10348 1278 7343 13542 10599 11818 5370 6584 4446 11870 10470 4697 8903 8902 5717 4437 9525 11182 7170 6787 9574 5131 9958 3865 6700 4993 6780 9283 12252 7666 10191 6143 13996 5834 5048 9437 9755 13898 4567 13060 10627 10688 5749 10643 3604 11235 8209 6364 8325 5059 5852 8244 4470 9943 4946 8501 6460 8613 6016 9859 9762 9836 796 13435 836 4885 6073 5070 9986 4217 1914 12968 8065 4449 10666 3613 5614 14206 13955 8162 11373 9442 11780 375 6461
8404 6988 7540 3401 3823 5604 8307 5080 9398 7650 4646 6922 2800 3844 4890 8009 7724 4517 7848 8377 2843 5591 6035 7793 3320 5273 3677 3871 6861 7983 9348 7044 6246 7735 7077 4105 2027 5014 12120 2150 3614 7995 6479 4401 8268 8257 4779 3567 5722 1133 5427 4212 10542 3900 6622 7859 7188 3345 2807 45 5955 8709 9197 5356 5845 226 9944 6698 3664 4522 9574 8070 7107 4956 2840 4810 10104 14055 4105 5185 885 3135 8715 2863 7279 6841 5058 7044 6358 9063 9398 4770 3418 7192 4188 5561 4359 5775 9131 4056 5191 6236 10141 8553 428 5082 6187 10238 7200 4520 6700 8165 5738 3817 4079 6282 770 6560 12773 7017 9566 4347 4063 4305 10477 8652 4121 6524 7799 4463 4376 8193 7676 5682 4872 6389 4254 9257 3562 6324 3788 5013 7229 8889 7539 8967 4496 10860 5053 4390 7915 7198 12968 4378 9068 9211 6379 5118 9696 3501 9272 6746 6160 6445 4486 4261 6757 3957 7301 4942 6428 5552 8142 5740 7157 7351 8426 568 12737 750 3823 5129 4669 5861 4111 1526 9141 5956 4047 10191 3423 4283 10177 13792 5766 10692 7369 11108 357 6427
