200 9 2
54 61 39 145 97 118 140 1 86 171 71 127 60 67 126 81 87 111 81 94 52 33 81 18 21 271 160 87 179 67 13 163 110 237 160 122 96 95 117 39 107 39 68 51 22 102 53 162 39 132 253 91 125 85 65 129 94 93 105 130 51 1 62 122 41 250 184 1 1 229 49 165 3 138 119 24 98 149 76 56 27 109 186 25 40 31 109 166 149 1 131 76 1 53 114 40 99 92 113 196 259 21 99 127 94 124 70 120 91 65 101 267 242 1 1 101 150 175 149 180 196 121 240 28 66 139 122 259 134 178 48 50 139 109 220 156 27 121 132 165 72 94 109 241 154 9 90 241 124 53 40 104 16 137 104 83 122 102 70 42 242 168 303 151 102 14 70 210 282 45 71 44 1 144 1 164 172 76 1 15 106 170 198 247 82 103 130 89 6 58 99 105 97 49 4 206 1 55 15 1

12 21 4 57 1 47 22 15 16 25 35 36 16 20 22 13 1 35 35 11 17 1 4 15 4 8 4 12 6 25 25 18 31 26 19 48 42 30 30 22 6 12 1 14 1 21 10 1 44 18 1 27 52 36 22 2 32 13 66 1 11 70 2 23 15 33 35 36 1 22 48 28 28 2 23 5 31 4 21 1 1 5 18 69 40 39 1 13 9 17 36 1 19 12 22 40 56 1 39 18 25 42 8 29 1 18 6 38 1 26 4 1 23 25 40 49 9 10 7 15 41 12 37 1 21 1 16 1 1 15 49 33 11 12 11 23 34 38 4 36 31 2 36 17 29 1 37 26 17 39 3 9 7 8 8 18 3 8 30 9 31 20 13 37 1 30 18 19 27 36 23 1 9 14 37 29 21 39 12 32 14 44 6 24 33 25 32 26 11 14 19 37 40 8 2 23 21 31 1 1
19 27 5 68 2 72 27 22 17 34 40 64 17 28 30 22 20 43 43 16 19 18 16 19 11 14 17 18 17 46 41 22 43 27 26 69 47 43 32 33 13 13 21 33 19 27 21 2 53 33 13 34 60 42 33 12 40 16 72 17 15 75 11 32 16 45 51 37 2 46 60 45 36 3 26 12 48 12 29 11 4 28 24 70 74 55 2 23 26 32 41 3 38 15 42 49 61 7 43 28 33 53 15 47 11 33 7 44 8 37 7 4 32 40 60 55 10 13 9 30 55 13 38 7 28 6 21 12 9 18 59 43 12 17 12 31 43 39 11 49 41 9 38 21 42 20 44 39 23 54 16 18 22 25 16 25 14 11 32 12 40 38 29 50 16 42 19 38 30 52 28 10 17 25 44 30 32 61 24 47 17 57 18 36 60 35 60 28 12 32 24 53 55 9 15 31 31 34 5 5
26 30 21 91 6 89 38 31 23 48 59 70 26 46 35 33 33 61 44 27 36 27 17 28 18 27 23 24 32 55 50 36 59 44 50 72 54 49 47 48 33 19 25 45 49 35 40 16 54 46 14 60 72 46 55 14 44 35 84 32 31 88 25 39 24 55 54 69 4 57 61 50 45 4 27 17 62 23 32 12 16 36 38 84 82 61 4 33 31 54 45 6 47 25 44 50 73 18 47 29 36 57 30 60 29 38 18 48 30 46 20 9 33 51 75 62 19 40 27 39 67 22 47 24 41 14 29 24 10 27 79 54 28 27 13 36 52 58 21 59 43 18 47 27 50 35 50 52 45 65 33 36 34 46 48 36 19 15 33 13 48 44 33 51 34 43 41 57 39 57 34 21 45 36 57 36 33 71 45 68 30 70 43 46 70 51 69 33 23 47 37 64 59 14 29 41 46 50 12 14
42 38 31 92 8 104 39 45 33 62 71 85 41 51 54 40 41 68 71 40 38 39 26 53 29 32 37 39 45 64 53 49 73 49 68 92 62 60 58 53 50 31 26 55 55 46 62 27 68 48 48 79 86 64 58 15 64 48 91 47 48 96 31 55 42 64 75 87 13 62 77 55 51 25 43 23 63 32 48 34 30 57 39 108 96 66 15 50 32 67 63 14 51 26 60 61 78 33 51 44 41 62 42 61 40 42 30 63 40 52 23 14 51 59 81 64 35 44 33 48 71 26 65 31 42 21 39 42 23 29 90 70 54 28 24 51 61 61 22 66 48 38 54 50 69 44 65 55 58 71 41 46 57 73 62 39 20 34 44 20 59 46 36 58 51 47 54 67 61 64 52 27 50 38 67 64 51 83 61 71 31 79 55 55 79 57 76 45 30 57 38 74 63 31 35 57 49 55 39 19
56 48 33 107 21 120 55 47 59 88 92 100 55 63 55 41 42 75 83 50 49 71 39 61 31 44 48 50 54 74 56 52 86 55 78 93 71 62 69 54 64 44 43 62 56 53 66 44 73 67 60 95 106 79 75 24 80 52 97 62 49 104 41 60 47 74 81 88 16 70 78 69 70 44 60 38 65 43 68 44 31 73 63 123 111 68 36 62 42 82 82 33 62 37 63 69 97 39 61 56 63 74 46 62 43 59 41 72 60 65 24 28 73 60 92 81 46 55 36 54 75 32 84 32 55 36 53 56 35 36 101 84 68 40 34 63 73 67 40 74 51 47 62 66 82 71 67 60 74 73 53 47 58 84 63 45 29 35 65 32 70 66 38 62 61 52 63 78 78 68 69 37 53 40 84 74 56 90 65 96 43 89 64 62 82 64 89 62 41 88 39 76 73 43 52 73 50 59 55 38
70 55 43 108 25 127 69 61 69 93 108 125 56 72 59 42 59 79 84 55 57 79 57 70 41 59 61 73 68 86 87 60 87 70 97 105 91 75 70 77 76 45 56 68 62 54 82 55 88 74 73 105 115 93 87 25 96 63 98 78 60 113 50 65 76 93 82 102 39 91 86 88 75 51 61 47 74 64 84 49 36 81 66 134 121 84 41 63 55 92 92 45 65 52 64 93 111 46 72 64 64 90 53 72 49 74 51 76 71 70 41 29 77 67 100 96 49 59 51 65 90 49 85 33 60 57 69 75 50 37 116 88 77 41 42 70 78 73 52 94 56 58 85 68 102 89 91 78 84 89 83 60 59 94 81 56 36 37 75 37 76 67 49 66 66 55 74 88 91 87 74 65 71 49 94 77 77 97 81 104 45 92 72 69 93 75 95 79 52 108 45 81 78 44 65 76 51 60 70 42
88 66 48 131 27 133 77 72 75 99 110 145 69 80 70 50 64 81 103 64 67 81 61 88 51 82 64 96 78 90 93 70 108 94 105 106 113 78 86 88 80 50 58 82 63 72 94 56 89 90 87 115 127 94 110 38 110 79 106 87 66 121 54 73 85 104 92 121 47 92 101 90 83 52 85 51 91 79 108 62 47 97 68 144 129 86 53 66 60 98 111 76 82 65 67 109 113 55 82 69 78 104 64 86 62 78 58 92 96 78 61 30 87 68 118 109 54 65 61 73 96 51 86 54 73 75 86 88 56 45 137 98 84 51 54 77 95 79 62 108 66 72 90 71 103 107 99 89 93 101 86 62 70 101 98 66 42 38 88 39 91 70 69 86 74 67 77 107 102 98 76 81 79 59 101 86 79 110 100 112 54 106 79 71 96 114 112 91 56 114 49 100 101 51 72 79 67 61 74 55
103 72 50 148 46 148 90 77 82 127 131 147 75 84 84 58 77 101 122 67 85 86 63 103 59 96 77 97 88 103 94 82 110 110 106 127 127 102 98 105 94 65 59 85 69 78 102 63 93 103 105 129 142 109 116 44 120 86 119 101 74 122 58 83 95 118 104 125 62 100 108 91 90 61 96 74 94 88 116 76 69 116 80 155 145 92 67 90 76 109 121 84 91 74 74 123 129 66 83 77 84 105 65 109 63 96 71 118 107 93 72 38 94 76 134 127 57 71 62 78 106 52 87 67 81 80 96 101 70 46 154 105 86 59 65 80 112 91 80 122 73 76 112 84 108 124 114 107 106 110 93 64 73 114 117 68 53 62 90 52 106 71 78 89 81 68 92 110 107 99 85 94 89 70 116 87 84 112 113 123 70 111 84 76 110 129 124 92 67 134 56 106 117 57 74 86 83 83 81 62
112 85 61 149 50 177 101 89 97 131 143 156 88 105 100 66 101 105 131 71 90 92 78 116 71 109 90 99 95 122 95 103 111 114 120 153 146 109 99 112 99 69 69 96 84 99 116 81 107 122 113 130 148 121 123 49 131 98 131 109 78 123 62 89 103 119 128 126 73 110 120 100 92 62 113 90 109 114 117 92 90 139 82 166 157 103 70 99 82 118 128 87 112 81 76 134 130 72 97 92 94 113 76 127 79 115 86 134 108 99 89 49 107 83 141 135 63 79 72 79 109 61 109 80 88 85 115 112 84 66 161 107 107 74 92 90 126 92 87 124 79 84 121 97 124 142 148 121 121 127 98 75 78 115 123 77 63 82 115 60 120 75 80 102 95 82 93 116 111 102 87 104 96 76 132 106 85 120 128 138 74 119 101 92 129 134 129 100 81 145 60 114 119 75 96 95 109 99 94 74

16 17 3 17 14 14 1 6 1 15 7 20 22 15 11 15 41 15 12 7 12 14 1 8 22 11 4 7 16 14 25 5 2 15 10 11 12 1 22 13 15 6 15 3 21 11 16 11 1 2 6 1 3 13 23 10 13 1 29 18 15 13 10 20 11 1 9 15 1 11 11 14 10 12 2 9 8 7 9 1 20 10 14 18 6 2 9 7 10 3 21 9 26 7 7 8 21 5 1 5 9 13 1 9 1 15 11 1 1 18 16 11 4 1 11 19 14 16 1 3 14 17 18 16 15 1 1 11 7 8 5 8 1 12 13 9 17 7 19 10 8 12 13 8 7 1 6 19 4 17 24 9 17 17 5 16 12 7 4 1 10 10 16 5 1 1 11 9 1 5 14 15 1 13 18 8 3 8 8 16 5 13 7 6 13 1 15 13 27 18 18 6 7 1 26 12 10 17 6 5
18 24 14 32 15 30 13 13 31 35 10 26 40 18 19 23 59 18 28 13 31 25 14 22 29 12 5 27 35 20 33 7 5 36 13 20 13 3 25 14 23 22 39 34 33 26 18 26 29 3 18 7 13 15 40 26 17 23 40 23 23 17 25 26 15 8 20 26 13 22 37 30 13 28 10 13 14 28 25 5 22 14 28 37 13 14 14 21 26 17 36 25 28 17 19 24 26 23 15 22 12 24 8 10 4 28 14 7 11 25 37 32 18 11 19 23 26 28 19 13 31 26 39 23 34 3 15 14 26 12 10 10 8 25 17 24 25 8 22 14 16 25 30 25 18 19 7 20 10 21 29 16 18 23 9 31 21 15 10 15 21 12 23 10 19 14 27 19 2 13 19 23 4 29 34 23 10 11 11 18 22 21 26 18 23 20 34 28 51 36 28 23 13 19 43 20 32 40 7 19

10509 12691 7052 12512 8985 16275 12300 11096 586 11858 6165 5333 5171 19008 11723 14647 19200 5906 16925 9154 17971 15915 5965 15728 5648 2863 10602 7508 6028 6230 14977 6612 12861 14275 12101 10556 14397 8603 17387 2827 9003 14799 5110 3913 6126 9276 11336 13852 5845 18421 10863 8600 15673 13016 8764 5312 12844 10034 2354 9973 6863 8410 7177 12728 18491 678 12203 8413 2682 18658 5216 11396 5849 1669 10438 6023 9781 7629 12845 13627 9499 12884 6199 14557 7264 8955 10094 9198 6938 7776 10971 758 4155 10724 16260 9017 2624 7066 18675 8784 7663 10190 10556 17200 7882 11680 5841 13525 8438 14207 19004 5457 11407 12103 13228 13208 11339 14001 18599 6118 12715 9140 13739 14419 7298 4833 6133 11442 12452 6744 14075 10401 10538 13865 12652 18245 12143 5515 11107 6216 8418 11803 9336 10260 12034 9952 14101 3137 10899 11567 13326 5471 9594 5939 10590 14440 6274 13592 7104 14974 5482 12579 12322 16515 6805 11952 11742 9235 742 12705 12493 14077 8101 13855 1121 8388 13491 11971 5457 16940 6045 13733 11004 6786 14332 13424 6075 9828 9433 6878 6129 8491 11997 14256 7382 12383 10639 857 8658 11298
12459 14937 8061 13983 10802 18376 14311 12221 681 14753 7483 6306 6204 22976 13383 18228 23328 6968 19754 10505 20221 18787 6828 17833 6726 3223 11864 8458 7144 7285 18474 7581 15101 17526 13713 11666 17109 9802 21292 3455 10960 18008 6234 4636 7269 10537 13091 17100 7132 22666 11973 10191 18933 14812 10104 6571 14198 12413 2793 11324 7942 10341 8536 14334 22089 828 13885 10232 3038 21834 5873 13689 6617 1971 11750 6894 11318 9517 15714 16592 11128 14534 7622 17465 8561 10870 11159 10212 8614 9039 13394 917 5192 12318 19955 10321 2893 7795 21377 10776 9530 11771 12376 20271 9023 13597 7030 16735 9455 15647 23051 6684 13853 15035 14564 14829 13838 15546 20855 6786 15026 11276 16321 17142 8078 5346 7285 14183 15097 8280 17383 12455 12622 15382 14705 20533 13417 6483 12897 7438 10170 13744 10568 12710 13698 11905 15902 3847 12733 13815 15917 6352 11844 7159 12220 17562 7822 16819 8143 16871 6753 15462 14367 19212 8425 13747 12960 11078 880 14597 14603 16048 9794 16867 1364 9599 15134 13539 6167 20702 6882 16541 13443 8288 15986 15368 7143 11530 11691 8244 7021 9939 14025 16716 8267 14782 13194 974 9791 13190
13653 16691 9570 16898 11864 21061 16587 13685 816 16233 8159 7153 7150 26950 16111 20889 27435 7908 23965 11693 22659 22675 7618 20874 8082 3903 14055 10203 7753 8279 20391 8722 18052 19399 16706 14303 20240 11251 23218 3907 12704 20958 6814 5578 8776 11905 15156 19353 8494 24657 13385 12107 21602 16720 12100 7252 17360 14330 3223 13779 9275 11480 9370 17412 26659 899 15218 12002 3444 24848 6491 15549 7971 2315 13271 8287 13114 10305 17521 19477 13249 17601 8522 19360 10028 12489 12620 11555 10106 9998 14856 1087 6168 13922 22367 11337 3430 8964 24621 12458 10620 14117 14780 22850 10900 15371 8262 19293 10746 18418 26456 7807 15500 17364 16580 17760 15791 17731 24953 8001 18156 12815 18696 19192 9774 6535 8319 16258 16914 9368 20010 14686 15244 17619 16701 23842 15966 7820 15422 8985 11688 15036 12703 14644 16661 13642 19337 4551 14211 16055 18245 7696 13848 8096 14142 19951 8842 18909 9810 20154 7631 17175 16881 21159 9619 15058 14345 12779 1001 17702 16456 19401 11100 18936 1563 11322 17159 15615 7054 22485 7713 18842 14925 9520 19269 18414 7879 12798 13272 9808 8079 11365 16696 19814 9363 16681 15432 1164 10790 15999
15170 18499 11085 19517 13928 23240 18219 15050 923 17568 9602 8462 8392 29526 18285 22552 30286 8682 26108 13532 26327 24728 8282 24284 8893 4441 15463 11630 8991 9779 23193 10069 19767 21370 17972 16110 22060 12994 24964 4224 14002 24267 7839 6346 10108 13137 17541 21910 9601 28957 15485 13664 24229 18550 13635 8402 20236 16107 3573 14933 10583 13201 10562 19251 31178 995 17278 13309 4098 27573 7394 17475 9372 2488 14865 9386 15091 11234 19995 21810 14611 19481 10049 21125 11471 14396 13924 13833 11574 11188 16232 1205 6628 15389 24274 13050 3827 10263 26646 14027 11458 16097 16583 24653 11759 18255 8849 21630 11810 20667 28850 8842 17426 20268 18963 19166 17666 20211 26891 8810 21005 14710 20548 20943 11132 7637 9534 18000 19495 10546 22448 16421 16666 19701 18332 28040 17648 9123 17965 9749 12719 16579 14542 16685 19242 15033 22066 4957 15590 18109 20297 8355 14839 8968 15975 21612 9520 21727 11075 22718 8956 19931 18289 23314 10486 16492 16634 15066 1177 19799 18319 22484 12644 21510 1697 13231 19965 17125 8401 26587 9022 20770 16053 10610 22241 21228 8825 13839 14665 10766 9495 12275 18545 22300 10142 19567 16562 1262 11758 17780
16536 20846 12777 21403 15668 26800 19833 17044 994 20452 10646 9665 9484 33836 20710 25172 32693 9296 30284 15503 29517 28439 9563 27785 9750 4960 17642 12728 10104 10964 26563 10926 22498 23976 20916 17697 23952 14540 26804 4529 15380 26926 8727 7138 11299 14705 19217 24852 10328 32419 17260 15110 27223 21271 14786 9626 23388 17539 4014 16265 11787 14999 12226 21061 35031 1150 18974 15328 4695 30778 8599 19437 10260 2886 16837 10243 17132 12063 22161 24036 16537 21297 10941 23900 12972 16606 15207 14788 13086 12447 17403 1353 7613 16515 26850 14317 4465 11656 28786 15273 12254 17505 18628 28191 13422 20721 10294 23125 12934 23520 33185 9893 19212 22550 22094 22255 19193 22688 28946 9761 24107 16254 23106 22726 12671 8633 10694 20752 22494 11816 24142 17487 18639 21972 21285 32145 19716 10238 19902 11284 13774 18447 15693 18355 20969 17095 25391 5619 17102 20640 21843 9301 16132 9998 18221 23539 10405 23943 12197 24479 9986 22034 19647 27009 11898 18931 18959 16504 1313 22739 20362 25486 14119 23355 1859 14267 22684 18369 9596 28632 9914 22367 17881 11349 25379 23498 9852 16047 15664 11483 10254 13612 19785 24668 11010 22246 18894 1390 13010 18991
18221 22509 14343 22676 16861 29449 21311 19432 1065 22993 12079 10406 10149 37060 22905 28097 35585 10020 32664 16942 33388 31837 10699 29492 10971 5347 18789 14455 11104 11900 28260 12570 24274 26025 23460 19620 25558 15875 29530 4991 16293 29579 9847 7692 12013 16087 21090 26934 10923 34935 19172 16318 29549 24491 16209 10495 25843 19024 4456 17284 13138 16001 13368 22498 37192 1313 20410 17196 5055 32854 9192 21018 10850 3223 18361 11628 18717 12945 24846 27333 17867 24271 12187 25786 14254 17816 16641 16870 14103 13227 18882 1466 8034 18728 29953 15376 4732 12417 32612 16166 13123 19620 21104 31072 15132 23129 11145 24818 14772 25517 37039 10631 21194 24015 23630 24980 21375 24137 33118 10882 25846 17618 24578 25917 13642 9240 11611 22565 25032 13295 27599 18892 20402 25293 23425 36353 21344 11355 21044 12183 15619 20771 17896 20231 23060 19316 27925 6276 18215 22108 23652 10590 17685 11017 20594 26849 11224 25360 12977 26002 11116 25090 22604 29554 13245 20685 20571 18005 1414 25130 23242 28719 16072 24895 2118 15878 24656 19594 10247 31105 10617 24518 19335 12701 27758 25292 11194 17285 17558 12193 11722 15025 22341 26615 12447 23503 20958 1494 14323 20588
19599 23975 16102 24222 19041 31605 23911 21032 1142 25383 12874 11581 10749 40830 24155 29831 38287 10697 36879 18687 36790 33940 11524 33208 11673 5980 21177 16238 12009 12609 30455 13511 26008 28830 25182 21857 27776 16955 31681 5441 17822 33007 10701 8333 13399 17810 22560 28708 11632 38641 21168 18156 31528 26349 17823 11308 28730 21163 4876 18845 14659 18003 15071 24913 41120 1408 21860 18927 5515 35291 9901 23762 11608 3527 19863 13034 20987 14782 26770 29792 18843 26293 13188 28066 15183 19072 18015 18063 15372 15019 21513 1606 8924 21035 33384 16310 5103 13934 36706 18209 14802 21754 23060 35158 16203 24572 12218 27071 16426 28478 39954 11274 22721 26748 26653 27074 23234 27123 37461 11838 27226 19050 26478 28015 14725 9804 13052 25264 27309 14057 29635 20474 22261 27277 24807 39714 23644 12030 22672 13599 16782 22393 18860 22674 24454 20657 30914 6999 20865 23451 26181 11557 19608 12075 22123 30239 12269 27187 14301 27740 11732 27974 25282 32650 13999 23303 22945 19648 1568 27829 25840 31843 17136 27481 2246 17384 27877 21923 11222 34868 11970 27704 21995 13415 29937 26962 12132 19630 19306 13018 13165 16987 25326 29972 13685 25242 22856 1670 15305 22816
20813 26029 17044 26335 20372 33618 26082 23346 1282 27352 14027 12601 11569 43227 26273 32833 41831 12135 40543 20619 39118 36486 12988 35268 12784 6429 23364 17088 12779 13538 32497 14452 28369 31824 27085 24423 30901 18244 34678 6048 19151 35331 11947 8822 14213 19898 24090 30206 12547 40793 22625 20155 33785 28560 19512 12439 30332 22231 5422 20652 15816 18901 16332 27116 45243 1498 23265 20443 5806 39674 10884 26147 12514 3793 21495 13910 22005 16422 28919 32501 21094 28921 14066 29921 16251 21286 20233 19299 16636 16944 23035 1736 9679 22331 36683 17963 5563 14670 38833 20317 16167 24194 24438 37477 17147 26139 13134 29973 17657 31981 43810 11973 25465 28018 29138 29110 26065 30599 39869 12776 29148 20029 29250 29517 15799 10383 13784 26604 29701 15316 33104 22917 24576 29071 27265 43285 26187 12830 25082 14532 17698 24310 20362 25107 27033 22002 32788 7729 23474 25774 29509 12646 20697 13060 23800 32382 13228 28886 15863 31373 13098 30193 27409 35433 14981 24815 25579 20996 1668 29917 27665 34310 18191 30893 2483 18860 29674 23170 12321 38805 13032 30850 23778 14670 33064 28316 13484 20982 21549 13757 14619 18991 27647 32841 14805 28149 25343 1859 17199 25309
22719 27854 18243 28527 21485 36015 27751 24870 1383 29513 15422 13711 12664 47517 28549 35014 46468 13358 43701 21828 43161 39764 13912 38122 14105 6791 25891 18285 13673 14198 34022 15315 31174 34555 29297 26505 33974 19213 38113 6390 20913 38573 13010 9385 14951 21486 26396 33575 13545 43363 24454 21664 37598 31002 20691 13567 32545 23949 5894 22948 17523 20328 17899 29036 49622 1652 24667 22135 6185 41628 11516 28493 13938 4050 23231 15181 23832 17837 31337 34399 22318 30860 14872 32674 17404 22434 21949 21097 17919 18232 25236 1901 10469 23820 39654 19325 5940 15377 40888 21646 17919 26576 26009 40610 18714 28745 13807 32837 19641 35447 45918 13330 26714 30177 32415 31595 28726 33894 41854 13607 31831 21786 31206 31253 17208 11470 15099 28193 32324 16759 35983 24728 25797 32063 28717 47713 28224 13803 27626 15800 18916 26483 22280 27546 28975 23065 34688 8242 26122 27356 31873 13440 22967 13687 26203 33928 14399 30980 16826 33193 13810 33002 30282 37227 16118 27180 26782 22429 1838 32476 29629 36630 19429 33873 2680 20875 31810 24590 13011 41326 14275 32405 26371 15526 36644 31097 14697 22593 22709 15317 15425 20087 30489 35579 15634 29873 27242 2067 18864 26541

8213 11231 5682 7833 6752 11131 6286 9703 350 9166 4851 3933 3510 12335 8332 10247 14327 4684 9782 6037 12899 12816 3454 10311 4524 1957 8701 6247 4291 4865 11515 4817 11505 8947 8749 9041 11836 6333 13780 1851 6689 13273 4578 2227 5026 7691 7810 10511 4204 13099 9716 5936 13837 9961 7157 4124 8077 8264 1675 7791 5044 7363 4455 10378 14884 480 8577 7092 2268 15310 4416 9355 4983 1180 9232 4305 7078 6212 9402 10227 7412 8285 3319 9586 4779 6416 8651 7051 5973 6947 9538 571 3296 8932 10675 6355 2197 6128 15282 4981 4228 8278 9181 15163 6992 9052 4673 9696 7173 9834 13966 4154 8774 7710 11400 10267 9314 11903 15925 4674 11247 6202 10876 12695 5959 3454 5343 9089 8321 4358 12460 8765 8939 7727 9734 16289 7957 4560 6558 4745 5981 9884 7283 8531 8682 7481 9903 2810 6434 10341 10756 4841 8419 4442 6294 12518 5045 11045 6344 13288 4042 8395 9454 12642 4112 10427 9956 7566 418 9786 11115 8283 6245 11658 920 6864 11785 8021 4875 14370 4857 7960 7011 4896 9333 10483 3670 7664 7849 5943 5493 5859 6588 12245 5356 8314 9514 646 6207 6233
7522 9579 4305 7490 6104 8726 6210 8738 308 7569 3294 3492 3245 11418 6319 9656 13134 3887 8499 5358 11155 8280 3284 9771 3319 1908 6827 4679 3910 3371 9096 4637 10599 8275 6310 5535 8495 4382 11923 1532 5970 12336 2697 2187 4588 5037 6260 9053 3408 11413 5548 4710 9463 9078 6342 3341 7276 7629 1492 5614 4508 6392 3622 9309 9636 388 8332 6539 1815 11339 4188 6255 4531 990 8255 4068 6787 5033 9208 8170 6941 7233 3106 9003 4313 5180 8123 6622 4729 5350 6026 498 2605 7886 9423 4513 1947 3857 14714 4560 3936 8023 6530 10109 5364 8765 2924 8887 5705 7987 13909 2771 6426 7298 10689 9767 6390 8765 14442 3517 9052 4624 9441 9080 4848 2765 4309 8530 8068 3514 9342 8090 8432 6956 9683 12596 6236 4020 6184 3925 4360 7848 6007 7102 6850 5265 7428 1761 6129 6672 10065 3639 5596 3039 6070 12170 4466 10555 4666 13120 3690 7297 8691 12303 3586 8101 7350 5811 393 8110 7383 7348 5028 8490 619 5622 7726 6935 2804 10716 3640 7284 6773 4800 9274 9757 3341 5906 5694 4137 4043 4442 6196 9505 4696 8097 8122 459 4585 5877
