50 4 2
1 16 1 92 1 65 113 64 89 26 68 131 74 22 48 102 1 62 107 50 1 130 56 1 1 202 142 87 1 161 50 1 165 187 180 165 1 192 74 246 79 125 123 1 1 61 90 83 28 114

28 30 34 19 5 30 12 35 12 32 34 30 1 42 18 32 49 11 29 22 39 27 17 26 35 1 27 48 20 47 11 21 29 41 1 16 33 24 34 20 24 39 25 1 4 6 7 44 1 3
32 40 44 29 16 33 24 45 22 33 35 38 2 60 30 39 56 25 35 39 43 31 28 46 48 5 48 59 27 60 12 23 45 51 10 25 35 32 59 33 40 59 36 5 9 20 11 63 17 6
40 41 54 44 28 44 41 59 30 47 48 47 23 70 31 43 67 36 36 46 51 36 60 60 57 18 54 61 46 75 24 36 57 63 20 37 42 56 61 50 42 71 45 19 10 28 40 81 25 17
45 49 67 53 36 71 61 80 44 56 53 59 44 74 42 64 75 49 43 50 52 40 78 65 59 19 67 67 56 84 25 54 66 73 35 55 53 69 76 51 63 82 51 39 12 37 45 82 28 21

11 3 1 1 1 22 8 10 11 8 15 22 11 16 13 8 30 3 5 17 15 21 13 22 14 19 5 9 16 8 12 23 27 13 7 5 12 20 18 14 14 9 5 14 13 1 14 16 8 4
25 8 21 4 2 26 21 32 14 9 21 34 17 32 16 25 41 8 17 22 28 24 14 28 31 20 6 29 17 9 33 29 31 23 10 16 26 28 31 16 20 31 6 34 17 9 33 25 14 14

2467 2740 3320 2212 1613 1460 1022 1549 1285 1460 2218 2498 140 1277 1315 2063 2612 1018 2610 1630 1134 1308 2283 2545 2402 1540 2336 1734 1363 287 1398 1327 1314 1594 1918 1442 1939 178 982 1223 2794 2560 681 2592 268 1756 1986 1235 1241 563
2874 3414 4054 2587 1818 1606 1163 1862 1463 1706 2697 3048 163 1481 1505 2568 3247 1130 3016 1972 1351 1606 2628 2961 2835 1705 2812 1943 1694 329 1625 1491 1574 1942 2239 1773 2259 198 1148 1400 3367 3038 755 3080 300 1990 2416 1386 1467 650
3371 3898 4667 2921 2208 1845 1297 2184 1605 1960 2961 3444 183 1654 1696 3033 3622 1252 3419 2155 1612 1873 2899 3411 3357 2063 3324 2224 2022 371 1787 1718 1852 2109 2504 1969 2539 232 1389 1550 3923 3411 834 3680 327 2379 2684 1648 1615 786
3909 4191 5078 3234 2428 2120 1552 2385 1803 2227 3318 3960 199 1951 2014 3251 4175 1449 3761 2350 1765 2176 3190 3800 3798 2279 3695 2626 2233 440 2126 1972 2178 2472 2818 2130 2995 269 1569 1722 4394 3690 963 3980 381 2605 3121 1839 1890 866

2190 2344 2549 1865 1292 1279 675 1040 1052 1074 1994 2061 117 1107 1045 1433 2290 710 2029 1307 950 1105 1764 2208 1412 928 2034 1165 1109 238 1243 1187 870 1153 1133 977 1625 96 801 812 2222 1401 540 1596 190 1538 1500 1062 1074 350
1549 1870 2328 1618 1241 958 580 885 968 966 1827 1966 79 813 772 1421 2085 536 1668 1076 781 788 1229 1695 1395 920 1738 976 925 153 703 1045 811 990 1104 838 1286 92 585 802 2190 1288 395 1459 174 1078 1360 659 995 324
