50 4 2
1 31 153 1 63 138 116 46 83 28 70 50 33 1 82 104 132 78 1 47 131 89 197 38 1 1 110 243 87 58 1 91 93 139 274 76 70 1 96 26 64 220 333 55 185 245 1 121 126 1

31 1 18 17 8 1 51 30 50 7 6 10 23 34 16 11 41 12 38 41 25 21 42 5 31 31 12 20 16 2 23 14 54 1 18 60 6 24 9 3 25 46 32 21 15 15 1 43 29 18
46 11 37 26 9 18 58 34 51 19 25 25 36 43 19 18 61 17 44 68 45 25 47 31 36 63 20 35 25 23 38 24 59 17 30 68 18 38 20 16 29 61 37 39 29 26 4 64 36 19
56 17 38 39 17 32 74 42 56 39 36 28 45 47 22 28 88 25 51 73 64 32 57 35 43 70 23 46 49 50 47 30 73 29 42 69 28 49 25 25 31 70 45 45 34 42 15 83 51 27
61 42 48 64 34 50 95 54 68 58 54 32 46 49 29 32 90 34 61 96 70 39 59 37 47 81 31 59 61 57 52 31 75 50 43 73 39 60 42 38 41 86 49 67 44 59 26 89 67 51

1 14 1 3 13 17 8 7 28 15 3 10 16 1 6 4 1 20 1 14 1 9 20 1 18 5 1 18 6 6 23 21 1 11 14 8 7 7 8 10 21 18 22 2 17 7 15 22 8 7
13 15 10 4 35 24 25 14 31 22 12 14 27 9 23 5 5 26 19 32 18 10 30 6 22 23 10 32 16 15 33 26 2 24 22 10 18 11 14 23 27 24 23 10 44 23 27 36 25 29

283 3065 2726 1339 2480 2542 1945 2609 2905 1791 1183 943 3769 2512 2744 1444 1288 1587 2881 2288 3041 3919 1557 2429 2441 2984 1749 2336 2876 1637 4045 2803 2705 2367 2616 1336 1719 156 1390 2796 2618 1466 2554 1670 2280 1688 1300 944 1614 2128
337 3582 3102 1554 2935 2822 2188 3042 3458 2150 1379 1137 4235 2865 3393 1722 1516 1835 3527 2716 3774 4771 1839 2999 3047 3485 2161 2673 3364 1992 4929 3196 3069 2678 2940 1651 2125 188 1679 3485 2994 1635 3165 1971 2796 2103 1498 1176 1842 2587
383 4060 3761 1744 3479 3172 2414 3362 4007 2427 1554 1328 4767 3400 3953 1901 1700 2093 4033 3067 4454 5178 2173 3533 3591 3957 2569 2990 3982 2241 5518 3803 3526 3204 3517 1949 2436 225 1828 3983 3399 1789 3749 2246 3267 2402 1738 1347 2199 2901
442 4512 4421 1958 4008 3632 2793 3960 4325 2873 1719 1438 5305 3688 4288 2226 1976 2419 4480 3529 4778 5914 2510 3839 4115 4298 2858 3421 4579 2576 6460 4255 3970 3453 3907 2148 2773 242 2156 4491 3879 2049 4213 2487 3558 2646 1915 1543 2428 3228

202 1672 1775 1103 1735 2047 1701 2274 2436 1153 1041 748 3087 2086 1797 1242 935 1210 1723 1839 2729 3467 1196 1960 1702 2656 1155 1847 2428 1314 3367 1962 2405 1847 1869 1062 1129 124 1160 2128 2009 1175 2129 1392 1946 1459 881 801 999 1658
180 1660 1534 818 1458 2033 1512 1857 1478 1112 834 474 1979 1700 1464 1057 797 1166 1588 1805 1976 2937 952 1702 1266 2047 1077 1256 2099 1142 2694 1546 2088 1229 1640 902 944 92 869 1640 1757 1109 1503 999 1188 1038 852 786 927 1255
