50 4 2
53 148 239 256 103 77 104 170 158 214 177 102 140 96 76 177 42 122 84 94 127 133 89 117 138 213 127 32 75 1 1 35 64 1 156 126 117 72 1 89 1 88 158 104 19 77 72 178 183 84

40 21 28 14 36 10 49 7 26 13 23 28 37 43 28 47 19 6 2 1 21 19 19 3 1 40 5 19 1 40 54 12 28 5 44 14 5 11 20 13 1 21 15 27 25 1 21 28 14 26
42 36 36 37 43 21 66 12 34 34 29 40 51 45 31 50 29 7 20 17 29 22 41 17 17 43 6 22 8 53 56 13 55 23 59 20 8 12 28 32 16 41 26 42 27 2 38 29 24 29
43 55 45 41 46 34 67 35 48 39 55 49 55 55 36 67 46 18 27 30 59 32 56 28 25 58 24 30 29 65 76 17 66 41 75 21 9 27 40 45 19 42 42 52 36 15 42 46 38 38
47 63 63 49 61 59 86 36 59 58 66 59 60 64 49 76 47 21 47 48 60 39 68 54 40 64 34 34 47 81 87 18 67 51 79 34 11 35 42 55 38 49 43 60 37 32 46 51 46 49

15 11 25 18 1 19 12 14 10 1 2 17 13 21 1 17 8 11 27 2 17 14 19 7 2 4 1 14 14 8 19 19 21 1 4 16 4 18 12 18 21 9 9 5 12 10 20 11 9 10
16 24 30 25 27 25 18 27 11 3 14 36 28 22 7 30 9 15 33 10 36 23 36 17 21 11 6 20 15 31 33 30 23 8 5 23 9 24 25 29 27 30 21 9 23 17 41 14 18 13

3972 2415 1542 3819 3607 2690 1931 4457 1429 1575 1467 2085 474 3652 3143 4457 3114 884 2721 2041 3532 2651 3486 1860 922 3430 2794 2646 2850 2300 3709 2252 3701 4812 2733 4237 1656 3664 4466 2174 1471 1044 4124 2008 3632 2071 528 4898 647 1735
4622 2678 1927 4476 4076 3128 2288 5122 1729 1959 1830 2534 577 4088 3730 5430 3610 1083 3120 2550 4171 3020 4010 2287 1023 4161 3301 3137 3146 2634 4146 2576 4396 5976 3399 4931 1989 4088 5090 2491 1807 1241 4565 2331 4479 2537 583 6061 748 2048
5571 3225 2164 5345 4742 3594 2612 6216 1915 2167 2183 2912 632 4584 4097 5948 3963 1213 3434 2789 4583 3350 4449 2712 1135 4824 3614 3582 3453 2910 4769 2965 5124 6601 4048 5426 2383 4607 5545 2985 2034 1443 5179 2587 5277 2761 655 6988 880 2356
6562 3717 2432 6136 5560 4120 2996 6762 2155 2340 2482 3308 722 4963 4456 6580 4577 1400 3962 3150 4969 3740 5196 3166 1314 5231 4075 4047 3849 3404 5464 3284 5970 7726 4726 6170 2726 5083 6453 3316 2194 1579 6110 2803 5785 3218 746 7887 1018 2698

3486 1657 1381 2525 2634 1738 1474 3232 1153 1281 1298 1751 347 2914 1700 2869 2373 624 2022 1644 2135 1966 2926 1282 816 2119 1968 2357 2539 2022 2807 1727 2930 3761 2456 3129 995 2343 3124 1714 872 887 3624 1315 2712 1570 333 3639 447 1482
3257 1540 1232 1976 2198 1697 1115 3114 984 988 997 1421 281 1989 1590 2748 1897 522 1946 1388 2047 1541 2384 1010 491 1727 1683 2265 1936 1284 2301 1626 2289 3018 2368 3121 896 2129 2676 1346 836 792 2940 1110 2485 1532 321 2982 341 988
