50 4 2
103 70 64 1 171 172 250 72 1 161 51 155 13 121 1 42 136 174 222 1 76 90 60 76 115 43 150 120 107 8 139 53 8 104 184 185 107 220 243 102 119 66 151 14 12 86 91 85 67 142

35 18 3 11 1 33 8 22 21 22 52 19 7 6 17 3 4 56 2 34 14 39 14 45 28 7 20 33 1 42 30 33 13 19 9 27 30 19 42 8 1 18 38 54 61 18 8 16 33 46
40 34 9 14 2 36 14 43 32 35 68 20 26 25 25 15 9 67 8 35 17 41 25 50 51 13 37 49 19 53 35 40 27 20 25 42 50 43 62 12 12 29 52 63 75 37 17 25 47 60
51 38 22 21 10 46 27 48 44 42 83 29 29 42 26 30 24 68 9 51 18 50 41 74 65 23 53 57 20 54 48 46 32 29 30 48 51 44 63 29 31 35 61 84 79 50 26 26 76 65
60 61 23 22 11 59 45 52 58 43 84 46 41 48 36 35 25 92 25 52 36 64 48 77 79 40 66 87 32 70 71 66 34 39 32 54 55 46 67 36 33 46 85 102 89 66 27 34 77 85

25 1 13 1 12 15 15 14 1 1 1 12 17 12 6 21 14 11 16 1 12 6 20 1 18 3 9 1 21 17 7 11 13 21 4 15 2 11 15 1 4 11 10 1 10 2 18 7 19 6
35 10 14 16 20 41 24 28 8 12 3 18 21 29 20 31 28 14 17 24 16 27 29 20 33 14 18 8 34 24 21 19 32 31 13 21 15 13 18 13 8 22 14 2 29 5 25 26 22 17

4268 3382 1455 1413 2817 3210 1883 1324 2124 2245 2712 1293 1331 3256 2546 2655 3454 3057 2495 1408 3243 1199 2764 2461 1339 1776 3387 2039 2021 2910 1266 2600 2704 2361 2797 2749 2941 2680 2633 2833 4529 2596 1018 1229 107 2664 276 1413 2566 2027
4855 4055 1722 1742 3252 3815 2137 1482 2479 2606 3023 1484 1548 3778 3083 3075 4129 3378 2928 1740 4005 1449 3444 2953 1517 2128 3822 2490 2318 3373 1435 3248 3254 2849 3097 3327 3544 2962 2990 3272 5527 3148 1195 1523 118 2944 314 1757 3145 2497
5747 4769 1919 2001 3811 4337 2554 1625 2924 2923 3336 1618 1858 4439 3651 3732 4896 4086 3321 2055 4582 1655 3983 3471 1689 2484 4600 2973 2772 3676 1663 3749 3853 3292 3776 3654 3961 3240 3644 3960 6209 3423 1340 1813 134 3217 351 1905 3513 2735
6389 5574 2277 2248 4476 4740 2955 1902 3243 3244 3950 1929 2057 4991 4281 4352 5755 4765 3699 2353 5337 1946 4568 3924 1870 2924 5148 3332 3157 4296 1824 4068 4385 3707 4180 4220 4474 3829 4235 4327 6829 3914 1451 1974 158 3486 392 2202 3971 3197

2338 2779 1265 1271 1915 2182 1414 881 1830 1825 2384 885 1145 2713 2111 1739 2666 2240 1802 1156 1902 1073 2382 1892 1068 1359 2501 1662 1528 2194 1031 2312 2073 1731 1961 2433 2222 2285 2325 2473 2983 1907 516 1048 75 2319 231 1123 1677 1754
2271 1923 989 957 1846 1779 1008 835 1234 1552 2057 830 771 2371 1635 1660 2346 1659 1465 714 1860 845 1395 1679 763 909 2377 1240 1076 1853 705 1384 1651 1229 1811 1718 1727 2131 1694 1961 2960 1401 510 899 65 1759 227 744 1453 1553
