50 4 2
102 107 121 142 1 1 160 226 143 175 104 143 129 60 165 6 1 115 264 121 24 119 59 185 89 56 74 103 125 128 31 198 200 92 166 114 1 1 1 237 86 79 211 129 155 193 135 96 59 200

6 30 32 37 27 52 14 26 1 16 50 13 3 14 18 6 11 1 13 23 16 36 7 26 61 37 23 1 5 14 29 36 18 1 26 17 7 1 1 3 23 29 30 26 42 17 23 21 7 9
25 48 49 38 41 72 15 31 16 30 60 16 4 15 20 16 25 10 26 36 21 48 25 29 66 44 28 14 24 39 33 50 35 5 44 19 9 4 14 10 36 30 36 38 43 28 40 41 15 29
32 60 63 49 52 95 18 45 22 40 70 20 11 24 25 30 42 25 28 41 25 51 26 41 78 69 33 24 30 40 43 53 53 21 49 33 25 12 25 18 43 32 37 43 52 43 60 42 19 41
40 81 81 57 63 103 19 60 26 42 77 21 12 36 35 38 49 26 37 46 38 81 33 65 96 83 37 39 34 56 51 64 54 26 68 40 43 15 29 32 62 35 46 58 58 53 70 53 22 42

18 5 22 1 14 17 5 1 11 11 13 1 8 4 7 6 4 22 9 26 1 9 6 3 1 9 16 11 9 1 13 17 16 19 13 1 2 10 13 20 29 3 16 20 11 30 10 8 19 10
19 17 41 13 29 23 16 18 20 31 19 19 16 7 23 16 19 30 23 27 14 10 21 19 6 18 29 25 20 18 20 28 19 28 16 2 14 34 19 32 46 17 31 33 13 33 11 16 26 17

2990 3752 2213 1680 3206 1112 3086 2953 3782 789 5341 3250 3206 2286 2394 1149 3033 2159 444 3954 3308 2374 3519 1875 267 2279 3829 1811 3811 2920 533 1661 2999 2460 3892 4055 3792 3421 1505 3087 3462 487 3816 2337 3616 2653 2280 3430 2129 3619
3341 4204 2736 1916 3579 1356 3398 3501 4589 955 6061 3999 3752 2544 2764 1367 3514 2400 501 4387 4066 2661 4074 2325 306 2523 4383 2056 4277 3646 595 1827 3707 2763 4661 4607 4662 3778 1713 3708 4269 569 4684 2658 4399 3204 2511 4254 2474 4055
3692 4847 3131 2203 4121 1499 4142 3835 5422 1099 7321 4367 4404 2917 3226 1577 3846 2852 573 5374 4777 2909 4571 2581 339 2855 4806 2312 4791 4099 677 2069 4428 3329 5413 5435 5508 4503 2003 4459 4872 644 5303 3042 4946 3793 2775 4926 2942 4506
4406 5417 3459 2556 4660 1624 4560 4530 5933 1219 8104 5173 4785 3444 3749 1823 4329 3358 619 5927 5282 3460 5156 2966 390 3213 5621 2542 5336 4750 760 2318 4755 3862 6313 6383 5905 5238 2177 5225 5246 744 5993 3584 5659 4234 3078 5290 3212 5363

1989 2495 1869 1003 2657 927 2642 2247 2276 594 3666 2381 2140 1239 2145 636 2478 1364 376 3498 2379 1937 3095 1462 192 1655 2753 1391 2454 1906 406 1456 2414 1698 2937 3552 3357 2688 1168 1810 2913 433 2085 1656 2807 2360 1882 2890 1842 2654
1509 2179 1306 869 2624 915 1850 1656 2097 530 3148 2377 1746 1187 1241 615 2368 1295 334 2881 2260 1356 3018 1221 189 1174 1948 1281 1926 1738 405 933 1794 1657 2383 3215 2778 2420 1000 1798 2618 415 1921 1652 1927 2270 1505 2450 1455 2649
