50 4 2
136 104 131 1 144 14 79 213 47 193 1 128 83 139 113 26 67 106 79 96 72 197 5 62 87 131 1 109 42 208 1 121 61 132 171 224 138 299 214 164 59 77 123 1 67 1 215 169 67 125

29 15 22 34 28 33 6 6 1 12 41 5 59 34 51 23 28 1 7 17 12 28 10 46 29 13 18 6 22 40 41 20 12 5 24 30 31 1 33 27 29 3 28 21 35 11 61 1 16 16
36 21 23 42 35 38 9 23 23 25 51 20 78 35 61 41 46 17 20 23 31 42 16 69 52 44 29 9 34 53 66 24 24 6 31 43 37 5 44 44 53 6 47 24 43 13 64 9 24 23
55 25 26 57 52 45 20 30 25 26 58 24 104 42 65 59 53 21 25 32 39 45 39 87 60 54 47 37 46 75 67 40 41 23 45 44 47 12 55 53 58 9 58 30 54 21 77 23 26 28
69 29 31 63 65 47 26 49 38 49 68 33 116 72 80 73 68 32 38 45 40 52 47 90 78 66 51 51 53 77 90 66 55 28 48 58 58 25 66 73 60 16 72 31 59 36 78 27 45 40

11 16 11 9 12 10 4 3 12 14 17 24 17 6 8 15 19 11 19 9 9 11 14 4 6 5 19 9 1 14 3 2 15 20 22 4 1 6 19 6 3 6 11 16 7 6 21 11 7 12
12 19 15 24 35 17 5 4 19 16 32 42 25 28 20 34 31 22 42 25 10 14 26 5 14 19 30 28 6 25 18 6 26 39 31 9 2 14 27 27 22 17 23 30 12 13 22 19 32 18

843 2309 2646 1408 2712 1465 1200 2233 3848 4767 2925 2625 1574 4945 1574 2768 2805 959 2375 2271 1714 2883 4177 2606 1544 3334 2251 2991 2815 2791 210 3072 4771 2073 1617 3573 3437 2993 2786 2764 4977 1568 2622 4977 3328 3332 2015 2768 1863 1479
953 2613 3029 1606 3273 1812 1360 2471 4311 5298 3641 3220 1868 6083 1829 3383 3106 1168 2949 2690 1899 3594 4620 3043 1916 4061 2597 3500 3234 3281 238 3613 5752 2476 1956 4017 3900 3352 3394 3352 5858 1749 3148 5669 3762 3792 2396 3340 2151 1843
1121 3136 3581 1899 3551 2150 1498 2781 4771 5817 4307 3483 2094 7247 2009 3670 3425 1383 3423 2931 2133 4119 5417 3348 2117 4825 3115 3869 3756 3655 259 4054 6340 2978 2275 4435 4464 3705 4022 4024 6839 2132 3571 6749 4587 4360 2862 3738 2396 2049
1320 3688 3897 2070 4228 2299 1766 3286 5629 6805 4784 3887 2362 7802 2325 4165 3985 1527 3843 3274 2557 4478 6322 3886 2482 5296 3616 4205 4051 4233 283 4634 7344 3303 2456 5197 4898 4374 4542 4440 7423 2420 3928 7268 4944 4822 3108 4264 2784 2208

648 2071 2352 1082 1736 1196 778 1370 2326 3742 2483 1817 849 3395 992 2263 2419 623 2067 1877 1497 1953 3679 1694 1314 2525 2000 1946 2434 2306 172 2387 4170 1689 1054 2536 3003 2505 2076 2464 4316 1232 2228 3272 2177 1799 1713 1807 1378 968
507 1271 1593 936 1485 1116 659 1243 2210 2578 1934 1672 795 2747 856 2128 1639 496 1659 1594 1496 1830 3542 1368 1162 2375 1892 1850 2233 2139 108 2092 3702 1470 982 2075 2687 1648 1494 2120 3991 1124 1754 3051 2038 1685 1453 1608 1238 770
