50 4 2
121 1 76 55 236 1 110 96 84 150 95 27 36 88 121 1 122 173 181 102 85 1 67 16 49 171 42 88 269 179 152 81 126 200 283 99 59 21 213 29 34 199 29 112 140 40 174 27 267 7

55 35 9 3 1 6 1 32 24 46 15 1 42 5 18 23 34 3 1 12 19 41 18 1 10 21 34 22 1 1 21 45 2 15 8 18 17 29 27 30 60 45 6 1 38 39 51 15 1 23
56 59 12 25 11 13 10 40 33 59 16 9 57 19 29 41 35 4 10 29 34 46 23 23 12 38 42 35 2 4 30 62 28 26 15 34 28 36 54 46 68 50 21 8 55 40 66 16 18 34
60 70 14 42 13 28 12 46 34 78 27 13 72 30 49 42 42 15 21 43 49 47 49 29 27 48 58 54 23 11 56 74 36 35 25 36 41 53 55 67 71 59 37 9 62 46 78 22 29 43
70 76 40 53 33 34 20 47 56 81 39 24 84 41 59 49 56 31 30 75 61 53 54 52 28 60 70 69 48 21 64 90 37 45 28 43 67 54 64 73 87 84 59 17 69 55 88 30 37 46

8 4 2 10 3 1 10 6 17 13 1 1 1 21 7 1 16 10 11 9 22 17 19 11 8 24 17 1 7 5 6 13 6 5 5 26 1 16 21 17 13 5 20 1 5 19 20 13 10 14
15 13 3 19 13 12 22 17 25 22 10 16 11 42 30 7 22 33 12 26 50 29 37 20 12 45 24 14 12 17 11 18 7 12 6 40 4 22 33 23 16 16 25 7 16 31 33 22 13 23

1872 177 3241 4480 1613 2272 1964 1597 1701 2871 3117 3109 2521 1786 3209 1813 2208 1870 2984 339 2903 3604 3464 1613 2773 3931 1408 102 2239 3833 3290 3160 2076 3395 1854 4229 2178 2503 4286 2573 561 3480 3558 2775 2752 4578 1883 2957 2845 1842
2070 218 3769 5249 1781 2808 2207 1913 1994 3510 3471 3426 2999 2104 3755 2119 2737 2173 3436 391 3348 4484 3935 1871 3332 4478 1743 118 2482 4648 3785 3833 2378 3928 2268 5235 2693 3033 5344 2908 641 3829 4234 3379 3041 5313 2246 3641 3295 2177
2331 243 4142 6302 2123 3251 2559 2233 2295 4014 4161 4096 3597 2397 4163 2427 3081 2425 3780 474 3746 5037 4472 2207 3820 5117 2014 142 2964 5422 4219 4505 2657 4416 2680 6036 3104 3571 6058 3489 736 4182 4713 3971 3569 5865 2609 4130 3917 2577
2682 270 4890 7125 2417 3811 2932 2440 2663 4557 4850 4719 3922 2742 4635 2805 3625 2717 4222 548 4326 5839 5025 2463 4380 5909 2184 159 3414 5871 4688 5130 3053 4940 2993 6891 3519 3957 6962 3805 828 4838 5559 4298 3932 6665 3045 4662 4364 2875

1541 152 2086 4001 1185 1670 1531 1296 1315 2517 1613 1996 1833 1313 1820 1573 1980 1645 2612 271 2567 2551 2573 1386 1886 3327 1256 87 1567 3080 2751 2354 1551 2519 1313 3284 1762 1551 3807 1984 505 2870 2372 2326 2296 4108 1318 2582 2393 1379
1468 143 1962 3938 898 1547 1528 1005 1043 1859 1576 1865 1676 1058 1618 1319 1110 1394 2488 191 2554 2173 1956 921 1880 2587 714 85 1530 2615 2358 1966 1314 2061 1081 2341 1493 1350 2148 1485 502 2577 1925 1985 1635 2645 1150 2439 1436 965
