50 4 2
118 99 75 176 208 226 94 1 62 86 91 216 21 157 116 119 115 200 151 98 30 1 78 46 138 1 238 35 174 241 138 32 126 37 1 1 36 111 221 4 52 188 220 171 56 136 40 120 143 1

64 30 15 18 1 1 27 36 32 34 8 6 40 11 30 8 37 59 1 63 2 62 22 9 1 27 18 24 10 26 40 20 4 25 31 1 30 57 34 30 40 36 34 49 13 42 10 32 9 42
73 38 17 20 3 8 45 37 44 50 9 20 41 25 38 14 51 68 8 79 17 73 30 14 10 41 19 47 24 39 62 24 22 38 34 10 39 68 37 39 42 37 35 67 28 50 32 41 25 48
74 39 29 22 5 9 47 48 58 55 21 28 43 38 53 28 72 75 25 97 40 76 49 29 32 42 41 63 44 41 69 29 43 59 47 12 58 70 47 62 56 61 54 78 29 53 40 47 30 56
91 57 46 39 13 34 61 57 78 67 36 49 53 49 59 49 78 100 42 107 54 81 69 37 50 48 53 86 55 43 89 31 46 76 48 19 66 82 57 75 57 67 74 92 42 54 45 59 60 73

11 1 7 2 19 17 8 25 11 17 17 6 19 25 4 9 8 1 7 17 1 1 6 21 20 18 14 15 1 13 5 21 7 2 4 4 13 13 10 17 14 9 9 14 1 24 10 5 6 2
18 14 14 16 34 26 18 39 26 31 36 9 44 43 5 16 31 11 26 20 7 23 20 30 35 23 21 19 11 33 27 40 23 4 23 16 25 18 28 22 27 10 22 20 20 39 28 11 20 5

2032 760 3290 3063 2602 1446 1920 3033 2809 2730 3047 1397 3660 3242 1544 1439 2910 2742 2709 1882 2291 4176 3245 3275 464 2142 1841 1815 2992 749 3333 2923 4044 3325 4951 3205 1863 3580 236 2214 2355 2841 1473 3134 211 3824 1826 2101 273 2102
2460 840 4008 3699 3054 1649 2252 3609 3263 3317 3724 1579 4504 3651 1720 1666 3228 3165 3263 2285 2861 4895 3739 3853 523 2400 2273 2158 3644 883 3721 3489 4959 3774 5613 3802 2298 4439 266 2709 2769 3383 1792 3577 234 4278 2024 2580 321 2425
2722 924 4389 4374 3508 1828 2538 4049 3576 3865 4359 1871 4995 4134 1944 2015 3723 3661 3750 2683 3345 5695 4302 4445 597 2863 2712 2591 4299 1032 4258 4153 5802 4557 6263 4352 2538 5032 312 3012 3209 3834 2081 3990 273 5057 2425 3070 382 2824
3043 1043 4769 4685 4120 1992 2831 4469 4133 4547 4928 2173 5803 4881 2189 2242 4297 4108 4260 2977 3593 6699 4659 5013 681 3100 3063 2947 4783 1121 4761 4527 6505 5027 6767 5119 2915 5607 346 3475 3629 4225 2446 4588 294 5494 2765 3418 419 3130

1390 527 1884 2362 2314 1061 1561 2527 1671 2402 2606 1049 3165 2433 1175 1266 2446 2348 1997 1215 1993 2508 2736 2867 411 1807 1461 1459 2223 503 2695 2319 3468 2546 3646 2518 1386 2873 167 1966 1606 2268 1183 2297 126 2951 1609 1688 215 1871
1272 508 1732 1974 1382 730 1352 1809 1605 1679 1814 864 3024 2284 1055 792 1498 1679 1528 1161 1286 2137 2312 2251 357 1733 1093 1264 1535 485 2084 1913 2999 1675 2524 2342 1258 2729 149 1740 1450 1576 901 1620 109 2731 1176 1631 137 1118
