50 4 2
181 76 1 151 1 1 1 118 164 1 57 154 259 50 108 191 80 111 91 74 59 124 213 64 58 77 26 59 1 117 1 1 1 73 1 1 147 110 38 177 35 115 81 202 40 139 176 180 146 132

21 17 11 25 47 1 1 14 13 23 5 20 13 8 34 33 53 19 38 43 35 1 1 11 1 4 5 37 18 37 25 25 1 7 7 12 1 20 32 28 33 20 29 14 20 16 47 11 28 39
34 36 19 39 57 17 21 15 29 37 10 32 19 23 43 34 81 28 45 44 49 7 7 32 12 23 22 51 42 46 35 28 15 19 24 13 13 37 45 47 61 35 38 28 25 26 54 16 31 49
40 44 27 54 79 24 24 22 48 48 27 41 39 33 55 42 83 39 48 66 59 18 14 60 17 24 38 65 66 50 46 44 16 32 26 27 14 55 52 59 84 51 43 42 31 31 63 17 38 56
55 61 46 64 99 45 31 37 50 55 38 62 45 39 64 58 102 46 56 74 80 29 25 61 36 37 40 83 86 69 63 46 37 38 40 28 22 58 61 67 89 63 47 61 44 48 74 18 40 57

21 26 8 20 3 1 7 12 2 11 21 13 18 8 15 3 3 4 1 12 1 4 12 19 13 10 12 21 14 1 1 6 10 22 5 1 24 15 13 1 9 2 16 12 6 17 16 9 10 12
26 30 27 31 18 4 16 34 21 27 44 25 38 15 40 20 4 31 5 26 16 8 39 31 18 24 20 34 32 19 15 10 33 39 33 6 40 16 37 18 35 6 34 16 28 31 40 30 17 25

2983 3020 1391 2693 2455 2696 3352 1790 1498 3087 1314 2762 1372 2976 1633 1835 2820 1214 2423 1452 1657 1471 3016 2339 1356 3924 2463 2092 3352 580 1537 2859 1488 1252 1424 2306 3559 3047 2766 2733 822 2573 1761 3038 3624 2569 3108 816 1677 1667
3708 3703 1647 3362 2983 3361 4023 2056 1811 3462 1592 3302 1659 3672 2040 2128 3459 1444 2912 1646 2050 1634 3627 2876 1593 4437 2731 2382 3941 640 1749 3537 1653 1427 1577 2558 3978 3441 3265 3281 963 2874 2160 3707 4046 2987 3740 1008 1873 2063
4011 4364 1868 3997 3440 3729 4523 2357 1994 3929 1912 3722 1901 4129 2229 2325 3783 1699 3294 1813 2290 1988 4077 3144 1811 4941 3332 2684 4388 721 1961 3889 1856 1685 1753 3029 4601 3910 3774 3665 1098 3495 2439 4198 4607 3401 4207 1184 2262 2472
4568 5046 2172 4388 3805 4025 5311 2554 2257 4605 2064 4028 2112 4563 2591 2589 4280 1866 3780 2127 2662 2172 4724 3626 1968 5580 3624 3013 5224 799 2163 4549 2169 1852 1961 3412 5383 4518 4272 3971 1215 3776 2782 4954 5265 3914 4653 1289 2624 2801

2076 2319 998 2222 1857 1911 2757 1362 1129 2261 1157 2232 1234 1920 1190 1049 1924 944 1704 1283 1314 1311 1893 2049 1101 3449 1537 1541 2187 490 1100 1947 1211 868 901 2065 2543 1822 2270 1895 593 1884 1466 1984 2766 1830 2656 589 1298 957
1799 2074 988 1746 1758 1679 1974 1097 884 1947 733 1590 1141 1810 998 1016 1776 713 1256 806 1000 842 1873 1485 851 2662 1430 1191 1728 475 807 1590 774 787 742 1413 2240 1803 1629 1821 493 1635 1332 1749 2068 1390 1720 588 1052 936
