50 4 2
125 118 4 98 133 17 174 135 23 75 180 1 110 82 165 85 1 46 161 190 90 52 108 176 61 122 107 271 86 143 55 109 127 23 73 1 1 19 142 1 119 44 77 109 77 177 81 93 79 146

20 13 8 51 1 32 17 12 15 8 16 42 24 1 7 30 28 13 66 22 36 41 9 22 6 8 39 8 34 41 13 15 61 13 21 12 36 34 12 1 26 5 7 6 23 22 9 24 26 42
23 28 20 73 22 50 40 17 24 27 23 69 39 15 10 49 29 15 79 31 63 56 10 24 7 26 63 10 64 59 31 26 68 23 51 23 46 35 19 23 32 9 13 35 24 27 16 50 40 53
44 40 30 81 24 59 48 18 25 39 42 70 57 34 23 63 37 24 89 35 64 61 30 32 11 27 65 20 76 68 37 34 80 29 66 29 54 36 29 24 36 19 28 55 43 36 24 62 50 54
64 61 31 87 41 73 67 24 33 43 45 83 60 38 27 77 52 41 95 40 87 75 48 52 26 53 77 36 83 76 54 47 96 43 77 32 76 43 39 37 48 41 29 56 61 40 36 72 67 64

24 2 19 10 12 19 1 1 1 6 16 16 1 15 21 13 15 4 7 10 11 1 1 11 8 4 1 8 22 10 1 33 10 9 13 14 2 11 1 1 17 23 13 11 6 12 14 2 14 11
25 13 27 19 28 47 11 14 8 16 20 36 11 32 29 14 34 11 14 19 21 10 16 15 13 10 12 9 29 22 15 44 23 23 25 47 12 26 6 9 29 32 25 27 26 22 15 23 31 18

1176 1334 1687 2945 1936 2294 1781 1641 1228 2894 1509 3227 800 1855 2035 1938 4135 1457 2725 1629 3629 2917 2473 1696 2521 1186 2640 2372 4082 2842 1750 174 1479 2843 3572 2440 3376 2028 1506 1909 815 2527 1214 75 2695 1977 2052 1474 3332 2384
1334 1650 2011 3648 2314 2856 2016 2048 1394 3347 1808 3614 963 2066 2540 2222 4579 1742 3024 1959 4027 3550 2742 1942 2986 1345 3073 2816 4918 3311 2185 214 1748 3449 4310 2726 4111 2274 1680 2319 1008 2821 1496 86 3184 2338 2371 1772 3818 2796
1473 1972 2391 3965 2705 3124 2365 2384 1616 3907 2070 4192 1139 2347 2901 2646 5483 1955 3464 2250 4909 3931 3242 2167 3432 1582 3684 3305 5575 3619 2515 255 1901 3954 4772 3223 4900 2722 1886 2568 1166 3187 1696 99 3530 2789 2802 2019 4301 3362
1690 2289 2618 4470 3139 3697 2641 2672 1814 4368 2375 4678 1326 2581 3387 2935 5942 2285 3802 2600 5520 4319 3807 2359 4012 1824 4283 3686 5985 4189 2867 274 2201 4510 5165 3480 5725 2943 2108 2918 1337 3471 1930 115 3841 3211 3255 2204 4949 3829

1022 709 1220 2577 1496 1538 1599 1226 814 2000 1338 2110 634 1293 1117 1565 3579 1011 2285 1349 2831 2445 2221 1240 2119 992 1465 2050 3661 2316 1375 140 1254 1820 2893 2104 2467 1717 1170 1559 697 2096 1061 60 1969 1667 1776 1271 2674 2030
876 680 964 2435 1385 1498 965 1209 780 1776 1031 1983 612 1283 1073 1475 2873 803 2079 1108 2436 2017 1612 1041 1973 735 1403 1383 3167 1792 1372 104 796 1442 2322 1600 2258 1273 1019 1182 418 1754 766 48 1834 1522 1531 1097 2668 1805
