50 4 2
2 105 143 250 309 114 71 85 9 89 154 165 29 5 80 125 106 65 57 68 93 111 1 2 52 128 23 71 133 143 100 71 158 196 103 180 93 223 1 236 69 60 138 150 266 1 140 199 255 32

50 22 14 10 11 1 1 14 17 17 50 15 43 28 10 19 33 30 28 3 24 17 1 15 20 5 19 7 15 13 21 30 45 24 15 40 27 5 5 42 47 1 8 44 44 1 1 11 38 1
52 32 30 28 36 6 10 23 18 31 72 25 53 29 31 25 34 44 29 10 25 31 6 33 22 6 36 12 22 28 37 32 62 46 28 46 37 6 12 48 50 5 15 49 54 17 17 23 51 5
70 36 31 45 45 21 21 30 20 35 86 38 79 38 42 37 50 45 44 31 29 38 20 55 28 16 45 22 25 44 45 37 79 55 30 53 45 7 34 58 51 11 16 69 61 26 27 40 57 13
76 42 34 63 64 25 32 37 38 36 98 49 85 39 51 44 66 58 46 36 34 44 43 71 38 25 74 33 36 45 47 38 88 72 41 64 50 21 45 67 59 29 21 84 78 37 36 61 60 14

17 5 10 12 18 1 16 12 14 19 19 25 16 1 18 4 1 18 16 5 11 1 9 1 1 19 8 7 21 2 17 1 5 9 1 7 22 1 24 21 10 12 14 27 1 10 4 24 11 16
24 14 15 18 27 3 19 40 26 29 21 34 28 4 43 8 29 35 33 19 22 3 22 15 13 20 15 14 32 19 23 7 15 17 14 25 25 25 30 32 16 15 15 29 10 14 12 33 25 26

1249 2373 1685 1883 2220 3517 1783 3400 596 1788 1451 3238 3417 3733 3642 3794 1389 2270 4417 4240 3777 906 3723 3007 2798 2873 5142 1951 2129 3588 2177 3384 3039 3319 1467 1568 1769 2365 2021 1405 3861 2745 2329 4371 1575 3874 2940 1684 2051 3138
1540 2623 1913 2133 2672 4010 2152 3792 727 2092 1667 4035 4265 4662 4427 4310 1715 2776 5237 4876 4691 1061 4453 3698 3220 3427 6275 2285 2374 4358 2495 3848 3407 4085 1716 1884 1973 2753 2368 1724 4557 3122 2575 5442 1901 4426 3302 2019 2414 3468
1713 3144 2170 2496 3216 4885 2426 4561 846 2430 1912 4671 4983 5506 5264 4878 2018 3283 5912 5712 5145 1276 5203 4170 3632 4075 6801 2663 2695 4733 2995 4327 4112 4566 1909 2264 2276 3085 2645 1981 5014 3726 3085 6138 2199 4880 3885 2363 2857 4186
1928 3461 2491 2880 3441 5611 2704 4910 960 2827 2131 5354 5641 6360 6136 5501 2243 3801 6753 6489 5894 1455 5844 4553 4151 4687 7686 2940 3047 5560 3236 4765 4504 5162 2255 2506 2544 3523 3147 2305 5846 4377 3630 7086 2503 5501 4434 2778 3320 4692

974 1649 1450 1570 1566 3028 1506 3009 359 1586 951 2138 2254 2211 2777 3054 956 1448 3182 3231 3209 515 1893 1745 1946 2471 3797 1033 1775 3156 1656 2576 2275 2225 942 813 1158 1566 1792 1221 3349 2373 2052 3837 1226 3098 2025 1496 1790 2796
743 1318 996 943 1225 2463 1417 1971 301 1386 940 1931 1916 2022 2346 2521 891 1179 2583 3092 2500 512 1877 1637 1786 2219 3283 993 1412 1804 1233 2497 1902 2145 786 785 1137 1276 1675 943 1995 1499 1826 3206 1222 2293 1919 1060 1755 1748
