100 9 1
242 1 4 99 63 59 91 1 127 70 121 14 85 32 59 67 66 30 24 41 207 130 36 77 38 179 182 112 31 77 142 109 1 40 166 110 133 157 149 214 1 56 186 18 1 91 143 78 155 86 82 103 106 1 165 156 26 308 12 204 107 132 196 156 87 186 109 324 163 206 1 88 47 1 105 186 107 38 1 126 84 1 110 217 69 161 4 190 41 35 120 118 1 115 74 55 214 28 98 221

2 35 26 14 7 18 19 20 12 9 17 23 2 1 37 13 27 27 17 2 53 36 24 29 13 15 25 4 1 20 17 38 8 55 19 1 39 3 6 50 21 5 30 4 20 30 26 32 6 16 20 36 1 22 1 23 25 25 28 27 16 50 1 11 1 15 1 29 18 37 11 31 6 3 39 28 48 31 1 1 6 53 11 26 23 38 42 27 30 29 48 17 45 18 23 25 35 1 1 30
16 50 29 21 24 25 31 22 25 23 18 24 6 15 42 31 32 40 23 13 72 39 25 39 20 23 32 11 33 28 32 44 16 74 23 11 55 15 25 60 27 19 44 19 36 39 27 50 17 23 27 38 13 28 9 43 41 35 36 43 40 54 26 12 2 34 23 43 22 40 12 47 28 30 44 30 65 42 5 7 19 61 16 36 26 48 61 44 48 44 59 26 65 39 32 37 53 2 2 36
27 65 51 22 41 30 45 27 31 25 36 31 31 23 44 42 44 46 34 38 83 52 44 41 37 27 48 19 47 36 59 67 35 92 34 27 59 27 34 78 33 27 56 32 43 48 33 51 28 28 44 47 16 36 28 49 47 57 45 52 41 56 39 26 14 41 31 44 30 53 23 48 30 34 51 39 67 43 6 10 21 68 24 58 30 59 68 52 56 55 69 27 84 43 43 39 54 8 13 41
28 75 64 29 59 39 64 41 42 28 46 40 32 32 53 62 45 57 50 53 98 53 63 59 45 38 56 23 48 46 77 78 44 106 49 30 60 42 45 84 48 33 66 37 49 56 35 55 40 34 53 74 17 38 41 67 57 67 58 55 47 69 57 36 25 42 32 52 45 58 36 56 36 48 55 47 86 44 22 26 42 79 34 70 36 68 85 72 61 76 74 28 98 58 45 50 55 18 24 44
35 81 86 45 76 41 75 48 51 37 56 52 39 36 55 64 52 63 56 76 104 54 82 69 52 41 57 32 64 79 85 97 51 115 50 42 82 50 54 106 50 40 69 38 56 61 49 66 46 57 66 76 36 51 53 82 58 79 65 68 49 85 78 45 35 56 57 53 47 68 39 59 37 64 61 57 101 58 32 31 51 88 47 80 41 88 97 86 63 95 80 52 110 59 54 56 65 29 40 58
44 87 92 55 78 44 94 65 58 39 74 68 41 51 68 81 53 80 63 86 109 70 99 89 53 59 63 44 81 83 103 102 63 116 61 55 93 73 59 127 58 41 84 40 73 83 63 67 54 71 73 79 53 53 67 85 59 86 72 84 63 89 90 55 50 57 65 56 49 69 47 72 44 70 62 67 105 75 34 34 72 101 58 99 51 108 101 103 74 99 91 56 121 70 57 59 75 36 48 62
60 101 93 58 82 56 103 81 75 55 94 75 49 77 76 97 58 81 67 87 125 76 122 97 58 69 73 50 103 85 106 123 71 122 62 61 118 84 84 128 68 58 88 56 88 99 82 82 69 98 92 87 54 58 81 109 72 94 75 96 64 97 96 76 58 73 71 62 62 84 57 73 51 71 76 68 109 76 52 38 80 120 69 110 59 117 129 112 78 101 92 62 124 85 58 73 86 43 49 80
77 111 103 73 105 75 114 106 101 60 97 88 52 80 80 110 62 86 92 102 133 92 138 111 73 71 87 70 111 106 107 135 88 128 64 67 123 106 85 153 80 78 99 60 94 104 105 84 70 116 100 88 75 76 88 121 87 100 78 117 68 107 104 91 62 84 81 68 68 94 61 84 59 72 91 70 122 84 66 47 104 126 74 129 60 119 132 118 84 109 97 75 127 98 69 85 87 44 62 81
78 112 115 74 106 82 117 115 124 67 98 95 60 88 85 118 72 104 103 109 141 97 162 127 80 72 102 86 118 115 126 145 108 133 70 73 131 124 106 156 96 89 107 61 109 114 106 93 74 127 102 89 78 83 103 140 108 109 81 124 77 117 131 107 67 96 103 80 75 103 63 100 77 83 97 84 126 96 70 62 113 128 82 144 80 120 153 119 91 112 109 96 140 112 80 89 100 57 70 84

20 10 8 11 19 4 26 18 6 13 8 14 16 13 7 5 11 2 1 12 19 1 17 3 27 4 1 13 19 1 22 7 6 20 8 3 4 1 8 13 19 1 1 11 1 20 7 15 11 6 22 1 1 12 14 1 12 15 22 25 1 15 4 18 20 11 11 15 14 13 19 2 3 13 11 13 6 16 1 3 5 14 13 14 10 21 14 6 1 7 20 23 9 1 14 9 5 14 8 1

4263 5061 6959 2585 3505 5817 6102 5622 6117 5742 4113 6660 6644 5404 6378 8643 3780 3144 3135 3177 936 2724 3724 6648 4157 972 4233 1010 5307 2814 5878 4042 3389 236 2516 3377 4709 4417 6949 5945 6033 6561 5401 5575 2527 6771 3678 3263 6089 5087 3409 3468 4340 5100 5697 6420 1329 5714 4274 5761 3177 5438 1471 4342 5007 9389 320 678 6918 4978 7252 2809 5629 6376 3821 3142 303 6553 1122 6649 4022 5691 8107 4270 2362 5739 5249 5397 3035 5977 3003 1756 6318 2521 1347 5917 7035 3854 1187 5911
4722 5673 8639 3030 3937 6574 7031 6774 6894 6728 4952 7371 7548 6112 7740 9511 4616 3762 3725 3764 1141 3054 4392 8089 5084 1170 5061 1253 6180 3344 6530 4548 4024 262 3122 4056 5324 5051 8596 7027 7299 8077 6393 6292 2987 7611 4476 4049 7121 6343 4210 4291 5208 6136 6301 7601 1531 6723 5266 6490 3820 6629 1817 5220 5615 11113 365 748 8103 5535 8395 3308 6444 7457 4214 3541 356 7437 1289 8013 4530 6877 9943 4986 2635 6759 6403 6222 3617 6799 3601 1939 7599 2954 1549 6906 8063 4534 1429 7383
5532 6250 9990 3452 4465 7917 8306 7390 7743 7356 5966 8106 8374 6859 9158 11471 5173 4508 4173 4379 1238 3390 4837 8806 5831 1388 5668 1434 7148 4033 7554 5169 4773 294 3719 4867 6386 6091 9963 8506 8102 9285 7369 7322 3497 8725 5268 4384 8420 7505 4624 5089 5848 7050 6946 8838 1739 7915 6125 7514 4416 7346 2007 6181 6336 12108 422 908 9288 6450 9336 3991 7490 8227 4898 4113 401 9012 1481 9124 5044 7704 11843 6014 3113 7395 7679 7005 4237 8056 4085 2344 8286 3429 1738 8307 9337 5229 1677 7991
6238 6849 10797 3835 4864 8996 9220 8355 9074 8201 6608 8997 9541 7681 10566 13238 5601 5267 4697 4741 1354 3986 5745 10007 6249 1552 6167 1604 7881 4586 8182 5710 5302 319 4157 5317 7347 7015 10944 9964 9295 10324 8496 8018 3897 9537 6182 5014 9865 8560 5422 5776 6748 7898 7918 10036 1921 8935 6642 8854 4882 8155 2227 6786 7524 13640 497 1063 10584 7030 10533 4585 8236 9117 5782 4683 432 10146 1755 10500 5636 9070 13570 6986 3379 8068 8848 7902 4988 9513 4688 2763 9105 4006 2069 9585 10091 5639 1840 9404
6664 7844 11586 4320 5603 10392 10729 8947 10473 9206 7425 9727 10428 8919 11262 14262 6142 5817 5324 5451 1486 4298 6448 10693 6774 1739 7060 1798 9054 5000 9014 6217 6079 367 4761 6084 7844 7945 11690 11217 10364 11949 9081 9143 4370 10938 7018 5386 10982 9352 6022 6606 7654 8855 8825 11479 2208 10121 7102 10236 5290 8822 2448 7675 8246 15985 547 1198 12258 7883 11940 5259 9576 10594 6672 5265 488 11120 1982 11839 6276 10113 14638 7565 3658 9321 10130 8528 5697 10549 5164 3002 10003 4517 2240 10871 11709 6529 2086 10183
7328 8658 12796 4923 6177 11222 12189 10245 11402 9822 7884 10500 11109 10166 12149 15567 6696 6530 5724 6242 1692 4617 6825 11813 7348 1859 7847 1968 10148 5288 10471 7069 6441 394 5123 6743 8361 8692 12928 12178 11460 12816 9773 10421 4941 11715 7526 5953 11930 9958 6738 7352 8586 9828 9842 12154 2509 11257 7790 11065 6070 9921 2755 8422 9249 16972 605 1316 13329 8568 13168 5616 10497 11726 7094 5825 525 12149 2156 12968 6864 11498 16567 8318 4017 9963 10803 9427 6191 11446 5820 3314 10730 5107 2475 11907 12414 7488 2323 10957
7854 9698 14534 5491 7000 12090 13571 11360 12411 11153 8839 11806 12287 11496 13251 17650 7177 6879 6330 6576 1883 5039 7300 13211 8270 2031 8880 2203 11418 5734 11886 7523 7052 435 5525 7201 8851 9437 14146 13092 12564 13753 10942 11806 5467 12441 8404 6346 13064 10943 7209 7961 9586 10938 11196 12831 2825 12503 8282 12291 6542 11202 2927 9141 10406 18203 642 1414 15002 9536 14079 6151 11077 12836 7663 6526 575 13697 2298 13640 7448 12395 17613 9126 4563 10543 12004 10004 6762 12234 6469 3650 11670 5501 2721 13342 13504 7976 2538 11572
8474 10730 15935 5962 7378 12882 14573 12184 13682 11971 9281 12688 13769 12662 14717 19690 7936 7323 6797 7041 2032 5414 8129 14139 8748 2192 9630 2368 12406 6019 12724 8377 7438 488 5777 7664 10018 10271 15129 13955 13774 14710 11593 12395 5885 13420 8776 6960 14303 11572 7660 8352 10372 12190 11883 14422 3070 13257 9180 13346 7144 12079 3286 9583 11482 19364 707 1565 16045 10179 14861 6660 12437 14179 8443 7203 625 15038 2574 14449 8041 13686 18462 9617 5143 11398 13203 11067 7387 12956 6960 4075 12878 5850 3041 14274 15242 8780 2770 12203
9044 11558 16803 6574 8066 13650 15789 12866 14806 13354 9730 14187 15251 13431 16279 21425 8810 7819 7508 7405 2134 6067 8839 14835 9539 2434 10451 2604 13139 6456 13464 9115 7959 533 6208 8329 10895 10717 15870 15019 14618 15508 12763 13683 6477 15020 9318 7618 15211 12491 8032 9053 10814 13262 12494 15080 3240 14141 10035 14320 7800 13102 3625 10080 12311 21621 769 1655 17678 10699 15756 7128 13631 15053 8971 7537 680 16302 2791 15973 8630 14792 19842 10339 5490 12171 13966 12259 7703 13566 7331 4364 13818 6203 3269 15441 16597 9166 3026 13155

3234 3333 6192 1968 1975 3436 4560 4429 4065 3625 2068 5936 5838 4030 5294 6284 2578 1899 1729 2059 787 1662 2020 4116 3113 678 3394 820 2919 1691 4887 2713 2627 157 2168 2537 2764 2612 4518 5246 4596 3780 4418 4343 1836 5845 2330 2584 5098 4266 2314 2241 2839 4259 4662 3910 1006 3628 3039 3065 1828 2858 1230 3633 3996 6253 245 393 5525 4192 3719 1862 2818 4148 2416 2766 219 3939 957 4971 2885 3837 5902 3273 1742 3122 3001 4096 2676 3047 2468 1528 4361 2082 911 3691 3785 2240 700 4770
