100 9 1
56 1 84 54 60 188 68 59 215 124 1 181 86 122 174 172 105 68 44 65 62 189 109 123 131 34 139 105 192 43 93 146 124 22 95 173 278 59 136 84 89 157 10 1 52 1 130 1 116 1 168 7 218 21 110 174 1 122 155 72 70 131 130 105 208 86 204 160 83 209 18 1 109 169 80 391 1 60 198 154 17 153 141 120 53 205 243 268 267 187 97 45 100 107 51 68 203 163 99 1

13 15 27 6 10 44 6 1 17 21 5 11 27 3 44 16 21 32 48 25 17 6 1 13 17 15 14 18 23 40 32 42 1 26 14 3 7 74 16 6 31 2 16 25 22 22 7 30 1 27 1 9 21 48 15 7 16 36 32 1 26 18 19 41 35 20 47 17 15 6 4 1 6 1 17 6 1 4 37 34 33 17 1 31 33 31 54 27 10 18 18 19 30 55 1 1 1 27 41 38
27 25 28 12 17 55 11 10 38 28 25 18 36 15 49 23 28 44 54 40 33 7 2 22 32 34 17 19 43 53 34 60 20 33 19 27 33 82 22 10 39 3 25 32 29 27 8 45 10 33 4 10 28 52 33 24 27 43 44 2 53 39 29 57 42 47 74 29 36 7 7 2 18 19 27 32 17 5 53 47 37 29 9 41 59 34 69 34 21 29 21 24 44 72 3 16 3 32 57 46
32 35 30 14 21 67 33 16 52 33 44 20 40 27 55 28 40 50 61 44 47 16 3 42 41 35 37 25 57 56 38 68 48 47 24 44 51 94 28 38 45 21 26 38 47 44 18 63 20 43 16 29 31 80 41 38 33 44 46 6 78 45 43 59 57 54 83 42 41 8 13 9 24 34 47 53 24 16 74 62 62 32 24 58 62 52 77 47 32 47 35 25 52 96 21 37 9 33 60 47
45 37 38 42 25 86 46 17 74 34 45 29 41 42 68 40 42 60 69 47 48 27 23 48 43 40 52 43 61 74 43 69 52 50 25 56 58 95 39 42 62 41 37 39 54 60 54 69 34 56 31 33 49 108 70 39 39 66 71 13 92 54 49 85 58 72 93 52 56 11 16 20 38 35 59 68 29 23 95 73 65 45 38 72 82 54 89 59 33 54 42 26 67 121 23 48 12 39 81 48
55 48 41 43 41 93 55 37 78 55 61 34 55 49 82 52 60 66 99 67 55 28 34 55 54 64 62 54 76 75 59 88 67 73 43 72 64 98 41 66 65 56 42 47 71 66 70 82 35 69 43 45 56 126 83 47 55 83 82 22 120 57 50 98 70 89 99 68 66 30 18 26 39 57 62 86 30 39 109 84 85 48 39 81 106 63 90 66 46 61 46 31 75 128 25 59 27 64 83 49
58 49 47 58 53 116 69 50 81 58 66 54 71 60 92 54 72 76 105 72 63 37 42 68 65 88 79 63 91 89 68 108 68 94 62 79 83 104 56 72 71 74 58 60 81 81 74 86 57 76 49 57 77 138 93 62 64 100 88 34 130 70 67 115 73 98 102 77 85 41 32 28 66 62 71 103 46 56 114 109 99 49 56 102 107 72 109 67 53 69 63 37 85 132 27 63 29 71 103 58
83 57 61 67 55 123 79 63 88 73 94 57 72 74 95 68 78 84 110 77 75 40 43 85 74 108 87 82 102 94 84 112 79 110 67 90 86 122 57 78 78 97 82 66 91 85 88 106 73 94 54 71 85 152 109 85 67 105 114 41 148 77 77 139 96 116 119 89 87 48 45 40 67 64 78 112 62 68 117 110 112 60 66 111 109 81 119 73 55 74 75 45 102 145 42 73 39 89 115 60
98 66 66 74 75 125 95 77 108 91 98 65 77 79 101 77 86 85 126 89 85 47 60 89 96 117 102 93 114 111 104 113 88 120 83 118 105 143 60 89 81 107 98 75 111 86 100 137 78 99 67 76 99 169 125 87 80 120 115 71 152 90 86 156 105 120 131 93 101 71 51 48 76 79 100 122 67 93 118 114 123 74 72 119 115 82 135 77 71 81 92 57 109 152 49 82 41 108 122 70
99 79 79 81 76 127 118 80 126 92 110 66 98 92 102 85 94 95 138 93 99 59 65 95 100 137 122 98 115 114 108 126 92 139 94 128 107 172 61 93 88 118 99 76 118 88 105 153 90 117 75 77 107 178 126 102 105 130 133 79 156 112 96 182 126 130 140 94 115 88 75 50 80 87 115 133 93 119 127 119 143 91 88 137 121 94 147 78 80 83 107 63 114 172 51 92 49 121 125 86

6 5 13 10 9 1 2 25 7 14 7 21 2 12 1 11 11 1 18 10 16 8 19 1 15 11 1 17 7 10 23 2 4 12 15 1 9 1 12 8 26 1 12 1 11 6 4 6 18 8 11 19 1 5 16 11 8 1 2 26 4 19 6 9 1 3 1 13 11 14 1 1 11 19 1 9 12 17 26 1 18 12 1 9 2 12 16 3 8 2 13 8 14 24 5 18 14 18 15 7

6048 5102 407 7031 7109 800 3444 3983 195 6834 6648 6781 3036 6460 6565 6776 5419 550 6818 3079 4355 7293 10424 5134 2234 2694 6719 6390 3709 7054 8841 6070 4088 18 4464 4769 3188 6539 2467 4566 7369 4914 7062 6854 7334 7436 4354 2651 4858 4896 2900 6996 6110 6929 3029 4847 6864 3463 5529 5685 2027 7231 5951 6153 4772 3781 4528 6465 3647 7563 5670 7437 3053 8206 6876 6522 6339 2957 6322 5633 2531 5796 118 460 7249 9625 2784 3064 7646 3332 6452 3481 3893 4418 4270 141 3858 7103 7101 3447
7304 6365 491 8524 8373 970 3987 4693 232 8235 7974 8088 3366 7547 8171 7981 6148 612 7915 3713 4919 8352 12785 6175 2646 2970 7628 7309 4146 8572 10187 7152 4812 20 5501 5774 3605 7394 2870 5633 9116 5723 8392 7568 8486 9110 5383 3219 5771 5435 3281 8614 6760 7687 3576 5892 7848 4002 6855 6865 2279 8363 7283 6968 5547 4264 5654 7987 4353 8647 6742 8943 3594 9131 8580 7354 7108 3430 7698 7035 3093 7199 139 534 8699 11693 3246 3759 8529 3988 7230 3896 4490 5228 5214 158 4604 8474 8713 3799
8010 7154 555 9553 9968 1131 4408 5157 274 8943 8673 8980 3709 8597 9596 9512 6969 695 8626 4166 5492 10056 15385 6855 2892 3523 8355 7955 4860 10194 11530 8499 5517 21 6578 6816 3942 8550 3283 6283 10385 6381 9262 9121 9555 10891 6308 3655 6427 6061 3907 10228 8260 9200 4109 6736 9457 4558 7591 7830 2774 9145 8177 8203 6449 4841 6148 8773 5074 9716 7631 10276 4101 9998 10183 8039 8087 3807 9210 8129 3498 8612 166 626 10444 14040 3588 4119 9660 4424 8273 4549 5390 6118 6034 185 5296 9864 10385 4158
8818 8063 619 11252 10841 1314 5099 5934 294 10139 9362 10396 4230 10037 10921 11175 7782 779 9678 4710 6174 11354 16705 7706 3436 3793 9984 9153 5686 10981 13650 9997 6421 22 7550 7668 4550 9866 3798 6991 11371 6920 9970 9966 10872 11962 7210 4078 7179 6994 4499 11054 9012 10433 4590 7908 10566 5357 8273 8565 3033 10541 9345 9741 7073 5329 6970 9955 5616 11460 8515 11133 4449 11227 11414 8708 8925 4233 10197 9176 3851 9662 187 691 12009 15831 4074 4866 10620 5162 9635 5090 6245 6802 6900 219 6098 10738 12083 4649
9843 8595 710 12599 11646 1397 5527 6875 341 10885 10541 11558 4547 11331 12283 11970 8370 851 10682 5274 6710 12784 17842 8280 3670 4106 11049 10666 6594 11726 15655 10970 7033 24 8364 8282 5285 11305 4056 7784 12241 7451 11017 11282 12555 13751 8126 4611 8143 7607 4902 11882 10462 11341 4894 8986 12274 5815 9652 9950 3470 11734 10292 10777 7947 6127 7500 11172 5982 13054 9242 12222 4788 12064 12956 9718 10021 4721 11726 10283 4213 10730 199 779 13661 17250 4614 5511 12168 5578 10620 5609 7138 7790 7448 239 6565 11748 13238 5131
10770 9656 781 13634 12476 1555 6221 7670 387 12221 11993 12840 4897 12639 13435 13560 9258 960 12383 5918 7478 13701 19318 8870 4190 4463 12293 11485 7354 13341 16900 12265 7992 26 8973 8905 5772 12430 4560 8649 13818 8091 12327 12196 13289 15221 9189 5064 8983 8141 5467 13024 11757 12293 5296 9600 13989 6252 10495 11087 3955 12865 11520 12117 8643 6626 8515 12358 6833 14595 10122 13604 5363 13212 14358 10627 11400 5379 12786 11179 4631 11862 215 877 14713 18511 4917 6098 13676 6059 12050 6005 7940 8818 8082 265 7174 12657 14500 5753
12122 10625 866 14674 14232 1671 6845 8173 414 13015 12778 13726 5562 14032 14625 14666 10074 1035 13546 6276 8508 15288 20729 9752 4498 4907 13824 12641 7963 14905 18962 13405 8541 29 9624 9611 6424 13785 4986 9283 14886 9189 13627 13359 14994 16084 9847 5613 9823 9319 6038 13923 12590 13183 5600 10762 14841 6612 11371 12100 4450 14164 12970 13133 9286 7366 9452 13822 7352 16123 10704 15383 6075 14894 15933 11866 12688 5817 14077 12182 5061 12911 231 931 15455 20799 5461 6442 14597 6589 13541 6717 8615 9843 9016 286 7798 14047 15249 6485
12901 11899 933 15859 15459 1834 7436 8926 447 13976 14017 14647 6273 15215 16251 15807 11411 1154 14850 6698 9296 16102 22540 10688 4856 5380 15184 13383 8482 15711 21005 14354 9218 31 10616 10349 7214 15342 5291 10416 16353 9882 14350 14394 16248 17884 10616 6123 10462 9904 6580 14737 13436 14343 5915 11474 16236 7141 12577 13099 4848 15862 14354 14256 9907 7776 10442 14766 8188 17464 11370 17104 6765 16383 17348 13482 13935 6124 14712 13224 5596 14248 249 1002 16949 22369 5768 6919 16176 7064 15063 7469 9512 10670 9605 320 8685 14786 16027 6890
13714 12628 1024 17148 16559 1952 8150 9795 489 14940 14887 15871 6672 16668 17174 17094 12671 1276 15607 7270 9866 17776 24477 11335 5327 5776 16351 14248 9127 16817 22420 15508 10197 33 11492 10906 7742 16197 5694 11454 17541 11081 15754 15390 17432 18789 11668 6598 11183 10721 7272 15822 14690 15630 6564 12426 17917 7909 13330 14214 5203 16605 15210 15098 10397 8318 11440 15981 8887 19124 12121 18752 7504 17575 18479 15025 14958 6663 16214 14350 6080 15259 272 1106 18046 24308 6117 7366 17825 7697 16118 7975 9936 11561 10602 341 9648 16143 16786 7330

3964 3994 347 4859 3956 641 2873 2873 105 3780 3326 5933 2631 3397 3771 5793 4030 276 4839 1971 3157 4062 5242 3473 1821 1761 4838 3539 2968 4870 5499 5451 2390 16 2771 2946 2603 4211 2095 2435 6462 3650 5454 5584 6307 3777 3415 1737 4037 2451 2593 4873 3425 4078 1922 2897 3739 1981 4230 3935 1657 6034 4920 4795 3005 3015 3115 5349 1932 4071 4062 3827 2468 6333 4023 5237 3224 1550 4604 3393 1809 3222 62 364 4858 6100 1619 2457 4600 2640 3560 1963 2407 3367 3038 103 2768 3881 4135 2159
