100 9 1
56 99 79 153 38 84 1 52 1 53 163 54 187 234 1 215 77 207 185 191 107 117 153 154 108 75 130 29 72 168 1 117 60 37 1 118 199 92 43 219 221 33 167 145 121 34 45 106 138 127 1 114 34 89 224 42 84 81 230 23 1 67 40 153 31 130 113 57 221 25 246 88 195 98 104 90 109 251 13 98 1 176 70 76 102 66 1 159 144 205 185 48 126 78 52 133 1 1 61 1

14 13 12 1 33 30 18 1 22 25 19 31 7 24 21 20 23 21 1 1 23 36 38 23 2 42 7 26 25 29 41 27 34 39 24 2 4 14 1 29 31 39 3 18 32 1 28 47 6 14 10 15 37 12 22 48 14 14 16 44 27 43 13 13 11 40 41 33 17 32 34 13 38 1 23 10 33 31 14 18 42 39 42 23 28 8 1 22 1 31 20 1 37 15 25 7 17 35 11 52
21 20 36 19 35 33 37 5 28 38 37 42 8 49 30 31 30 25 5 3 30 40 58 26 22 51 15 44 43 30 49 51 35 40 33 4 11 22 2 37 39 55 19 19 34 7 40 53 17 15 11 24 44 30 29 61 38 29 33 48 47 46 38 16 18 61 55 45 32 40 35 29 42 6 36 20 35 54 43 22 64 51 49 34 39 18 2 23 16 32 41 3 55 20 31 14 42 37 34 77
31 21 51 30 55 45 44 28 36 51 42 52 22 50 50 45 54 29 8 13 41 60 71 29 53 56 27 58 55 44 58 55 56 60 44 13 15 35 3 47 58 70 39 20 38 22 52 62 38 22 22 25 47 37 57 83 50 39 46 57 50 57 61 19 37 69 70 61 45 48 38 30 43 18 53 25 54 81 62 41 81 62 68 52 45 23 11 35 35 38 55 14 68 39 49 16 57 41 46 80
36 43 65 31 61 58 47 48 51 61 66 56 34 51 57 47 55 45 12 28 44 63 85 55 59 66 33 71 66 59 69 64 63 77 49 29 31 45 7 55 75 90 63 43 39 24 62 85 44 54 23 40 50 42 70 92 55 45 62 58 67 73 69 42 62 74 71 70 57 56 40 40 60 24 64 35 75 96 81 43 97 75 83 58 64 28 15 51 42 60 86 16 89 49 55 17 76 55 50 86
44 67 71 36 70 68 54 52 58 73 69 71 63 64 71 60 66 51 18 45 54 69 88 68 60 93 56 80 76 63 80 78 73 84 70 39 39 68 14 56 76 91 65 44 53 39 63 94 66 55 42 54 59 47 80 109 56 58 84 65 79 84 85 50 68 93 85 83 62 71 42 52 62 27 79 38 82 109 82 45 114 79 90 76 74 31 25 61 54 71 100 21 94 71 60 31 83 65 54 89
51 70 77 52 91 69 63 70 59 77 75 79 72 67 72 66 81 66 21 59 58 94 107 84 68 96 65 96 89 79 94 86 86 85 74 41 51 91 15 63 82 100 80 62 54 40 80 95 91 60 44 55 74 52 98 125 67 68 106 72 96 89 109 64 76 101 87 90 64 72 43 67 66 28 81 49 88 111 101 57 133 90 99 84 88 38 50 73 60 85 104 29 104 72 62 38 87 73 64 115
58 72 93 68 92 83 73 75 61 95 99 92 77 80 83 75 92 76 22 64 71 96 125 100 73 122 85 100 103 93 98 89 91 97 75 44 62 100 17 73 88 113 95 63 63 49 88 98 95 75 49 58 89 59 107 136 70 75 124 76 119 90 128 74 87 130 97 95 76 81 56 83 72 35 94 50 89 131 107 79 138 104 107 87 108 50 71 97 68 102 113 45 105 82 64 48 101 74 82 129
78 85 112 78 94 89 89 83 80 103 112 99 86 89 86 80 110 95 26 72 74 105 138 118 75 139 93 120 116 107 103 105 102 104 76 56 63 110 31 78 101 131 103 68 82 65 105 106 107 91 59 71 96 72 114 156 81 77 132 91 131 100 135 75 92 132 108 100 79 96 74 88 84 45 103 60 93 135 108 83 141 105 111 89 109 55 75 101 71 104 130 65 112 97 83 76 109 75 93 139
83 94 123 91 113 110 106 100 87 120 132 114 118 103 110 82 127 107 36 82 79 123 156 135 83 150 99 139 125 121 104 127 109 127 82 62 72 117 34 86 114 134 111 77 102 79 113 127 118 95 74 82 118 86 124 165 87 95 133 101 152 105 139 97 108 137 118 106 85 103 83 99 88 52 104 64 103 153 123 100 151 110 127 113 128 62 79 110 91 107 136 66 113 99 102 91 112 92 94 150

2 2 3 13 24 8 13 1 1 5 7 9 15 3 1 10 11 21 14 16 1 8 16 6 10 1 7 26 21 19 1 9 13 1 8 11 19 21 11 14 1 1 3 11 8 19 15 1 5 12 1 12 11 19 12 22 5 10 23 19 12 19 15 11 10 7 15 10 11 9 1 22 1 9 8 8 8 21 13 11 1 15 1 11 1 12 15 16 2 1 12 8 1 21 14 17 13 6 8 15

2280 5646 6667 8966 5935 4329 6721 616 8987 4175 4113 5550 2642 2590 3967 2038 2212 5972 8013 6445 630 4556 5313 2595 5675 4435 123 3271 9188 3980 5450 3131 2358 6933 2695 3596 1658 3940 6573 7464 3636 4164 2884 2681 5500 3542 4399 5160 2184 3090 3096 4389 8285 7865 6500 7309 5437 3567 5140 2851 2142 3396 4361 4262 3815 5042 1505 3279 2946 6880 5836 9025 2402 6666 4093 3443 9224 7902 8867 6196 6062 6927 6102 6943 325 6102 7382 6845 4410 4146 4068 5511 3828 5242 4438 3962 3917 5504 4353 6769
2621 6289 7540 9878 6907 5091 8053 679 10024 4824 5091 6243 3110 3206 4449 2489 2572 7337 9427 7648 768 5313 6094 3054 6527 5463 149 4035 11254 4924 6673 3494 2722 8097 2982 4440 1988 4363 7261 8413 4201 4837 3545 3285 6586 4314 5395 6334 2675 3574 3801 4890 9982 8938 7286 8701 6050 4436 6169 3543 2566 3790 5439 5103 4738 6291 1872 3908 3358 7697 6901 10924 2853 7788 4734 3807 10976 8960 9936 7289 6816 8465 7424 7930 391 7364 9016 7965 5239 4798 4957 6246 4755 6501 5059 4900 4400 6073 5083 7678
2871 7136 8594 11574 8249 5844 8799 745 12188 5250 5891 6906 3548 3802 4938 2832 3065 8493 10445 8441 880 5970 7399 3421 7630 6521 168 4472 12868 5413 7768 4110 3053 8822 3573 5330 2200 5142 8301 9796 4969 5627 4089 3677 7439 5063 6453 7493 3146 3911 4567 5501 11815 10900 8193 10316 6793 4922 7437 3916 2940 4631 5896 5563 5392 6945 2148 4531 4049 9131 8012 12660 3140 9093 5637 4603 13001 10096 11404 8274 8010 10069 8353 8763 438 8129 9802 8788 6222 5237 5649 7575 5444 7734 6156 5630 5223 6868 5688 9228
3219 7936 9571 13291 9479 6643 9939 842 13664 5691 6629 7745 4024 4226 5697 3300 3447 9860 11277 9597 972 6809 8559 3823 8708 7294 180 4867 14149 6153 8618 4799 3377 9619 4020 5906 2439 6053 9559 10972 5574 6387 4471 4113 8514 5510 6955 8387 3400 4535 4990 6030 13625 12358 9717 11251 7681 5675 8192 4563 3383 5273 6661 6369 6289 7916 2501 5295 4700 10750 9050 13896 3451 10012 6481 4953 14623 11529 13444 9125 9282 11504 9843 9671 486 8934 10818 9521 6704 6221 6195 8340 6271 8966 7227 6564 5977 8141 6565 10466
3640 8804 10499 14234 10320 7583 10786 972 15657 6500 7177 8673 4522 4813 6488 3738 3680 10939 12201 10472 1074 7474 9142 4419 9790 8303 192 5380 15922 7003 9243 5186 3864 10505 4487 6594 2717 6875 11000 12026 6003 7343 4965 4447 9838 5912 7972 9529 3629 5063 5499 6533 14664 13997 11107 12563 8340 6548 9435 5121 3832 5750 7329 6847 7008 8929 2780 6089 5366 11475 9944 15299 4034 11048 7192 5405 16655 12327 14626 10310 10193 12224 11069 10558 522 9561 12470 11112 7395 6961 7171 9276 6876 10185 7819 7027 6901 8894 7457 11741
3870 9564 11886 15734 11212 8171 11658 1095 16672 7122 7956 10018 4883 5403 7122 3958 4067 11744 13735 11850 1211 8006 10321 4859 10734 8956 213 5745 17698 7723 10532 5742 4108 12169 4996 6978 2924 7509 12445 13639 6597 8092 5662 4854 10686 6759 8651 10703 3923 5555 6013 7601 15902 15814 12359 14302 9239 7432 10258 5406 4141 6262 8315 7852 7502 10081 2966 6483 5899 12432 10932 16987 4540 11910 8032 6096 17623 13811 16273 11564 11606 13883 12219 11475 594 10826 14026 12752 8356 7959 7904 10550 7322 10798 8534 7926 7304 9665 8530 12583
4268 10397 12946 17420 12127 8756 13249 1226 18482 7739 8712 11162 5539 5740 7592 4297 4318 12968 15144 12710 1354 8494 11428 5306 12044 9874 228 6095 19413 8607 11512 6357 4358 13468 5407 7858 3329 8159 13566 14724 7339 8841 6244 5461 11480 7127 9394 11650 4240 6193 6717 8623 17649 16963 13324 16107 10525 8183 11009 6116 4364 6995 9256 8491 8099 10753 3217 6910 6522 13820 12256 17926 4930 12730 8982 6558 19450 14922 17386 12704 12425 14922 13543 13142 671 11545 15121 14025 8858 8756 8634 11643 8253 11339 9465 8673 7969 10218 9135 13475
4594 11410 14374 18670 13517 9453 14186 1295 20116 8210 9359 12164 6180 6125 8492 4625 4859 13582 16248 13610 1493 9337 12301 5654 13211 10736 241 6603 20838 9009 12305 6948 4703 15025 5911 8438 3689 8879 14946 16360 7941 9559 6843 5781 12370 7536 10268 12805 4577 6508 7333 9640 19237 18735 14060 17238 11444 9066 11983 6728 4764 7413 10164 9341 8634 11710 3498 7524 7189 14547 13227 19437 5197 13867 9633 7137 21391 15861 18961 13577 13603 16535 15038 14010 719 12571 15944 15662 9486 9786 9314 12966 8929 11969 10549 9479 8510 10920 9986 14719
4828 12291 15589 20468 14799 10459 15490 1413 21753 8693 9847 13081 6738 6729 9111 4858 5199 15035 18091 14745 1579 10137 13219 5943 14163 11538 262 7265 22461 9963 13464 7325 5018 16255 6547 9010 3878 9713 15901 17897 8505 10561 7393 6058 13059 7917 10728 14033 5093 7221 8046 10400 20575 20105 14767 18724 12649 9648 12990 7318 5226 8146 11196 10400 9502 12549 3747 8298 7789 15905 14007 21274 5506 14611 10122 7909 23423 17065 20615 14600 14466 17588 16184 14982 777 13810 17716 17182 10133 10342 10101 13988 9456 12540 11028 10026 9149 11535 10608 16214

1306 4492 5227 6727 5151 3388 3530 319 7999 3178 2223 3521 1959 1405 3421 1063 1494 4662 5213 4899 510 3858 2868 2234 2898 3393 106 2429 6389 2715 2797 1906 1360 4952 1675 3018 1202 3497 3788 5373 2220 2227 1949 1434 4663 2943 2747 2777 1190 2375 2540 2592 6645 6767 5198 4157 3594 2539 3197 1444 1382 1752 2546 3446 1937 4130 1065 2654 2044 5083 3147 4680 1654 4235 2967 2121 7719 5252 7576 4935 3762 5912 5032 5056 261 3246 4166 4429 2625 2076 2539 2902 1956 3722 3755 3160 2871 3134 2343 5937
