100 9 1
152 149 52 269 85 153 82 96 157 202 139 1 89 87 259 252 126 1 44 86 137 163 103 128 1 3 179 109 96 93 102 114 244 170 1 61 36 106 204 136 237 50 87 1 1 167 60 208 43 94 163 88 3 83 1 136 113 110 146 79 181 1 1 41 97 35 20 1 13 194 187 158 187 64 52 47 195 284 1 147 122 160 105 71 107 23 94 90 1 194 153 84 49 37 87 93 58 80 109 102

43 14 17 18 1 9 10 35 23 20 1 39 19 5 3 21 14 21 10 13 4 15 16 41 1 30 24 35 28 26 33 48 22 18 29 8 13 37 10 12 37 6 14 15 28 32 20 53 26 16 29 20 41 36 39 42 16 52 22 1 40 14 1 19 52 18 51 1 26 19 9 7 17 22 48 29 8 19 1 1 19 19 1 11 35 24 50 17 26 22 39 29 14 32 27 51 20 1 37 35
54 34 31 27 3 15 22 37 32 26 21 50 21 8 9 35 21 46 15 15 8 16 25 47 6 47 25 47 50 41 60 55 47 32 37 20 38 42 18 26 46 11 16 16 45 33 40 58 35 50 46 24 49 56 45 58 27 65 40 18 53 20 17 28 68 40 59 5 33 26 10 12 31 46 71 31 37 21 10 15 40 36 9 12 48 25 64 26 42 28 59 30 30 36 42 56 27 5 40 51
64 53 47 41 15 33 26 40 46 46 24 67 39 11 29 42 34 61 19 32 15 29 41 73 7 64 33 63 52 64 67 76 56 42 44 25 64 61 43 46 50 23 22 32 62 35 42 71 50 57 63 41 54 72 57 74 40 86 53 23 72 34 21 33 81 57 64 12 48 28 19 29 47 58 80 32 40 23 29 28 53 59 17 13 55 26 68 41 49 39 60 33 48 47 48 78 47 9 49 64
74 58 54 57 25 50 32 53 65 54 34 73 54 30 37 57 35 84 43 38 30 43 49 92 16 68 39 77 57 80 68 77 82 64 45 44 79 67 50 60 55 28 23 45 73 47 46 79 57 58 79 59 55 80 60 92 49 89 80 37 88 36 29 40 98 65 75 20 57 36 37 30 55 59 82 49 45 25 35 35 63 74 18 21 64 42 87 43 63 50 71 48 49 69 61 94 65 12 72 71
84 72 55 61 32 75 46 54 71 66 50 77 67 32 38 76 48 87 56 51 55 54 57 107 33 77 41 99 71 91 71 89 105 83 49 46 89 87 59 66 59 44 35 47 77 56 56 80 81 81 82 85 56 88 79 94 58 100 81 41 89 47 30 55 106 75 90 26 71 51 42 58 60 65 83 73 51 37 45 46 83 83 29 23 71 55 98 54 72 67 85 72 60 77 72 98 69 15 77 83
89 78 57 78 41 98 52 66 84 82 70 90 82 45 49 77 54 99 66 72 58 75 68 117 45 78 52 116 72 101 77 96 106 86 56 48 101 91 64 70 65 51 41 48 96 60 66 88 105 96 106 110 67 98 80 114 69 101 98 47 92 52 40 61 114 87 95 31 91 60 53 59 71 69 96 102 67 38 53 66 91 84 30 26 79 64 109 87 78 87 99 75 69 93 82 120 70 22 87 104
95 89 71 89 59 102 61 78 97 95 77 91 91 47 61 89 76 106 71 75 87 78 81 130 55 81 59 135 76 110 98 106 125 93 70 49 114 101 65 90 90 53 51 49 97 74 67 110 126 113 107 128 75 99 89 128 81 112 119 61 100 61 52 68 125 119 97 40 104 61 74 67 99 81 98 123 68 60 67 74 99 91 48 32 85 77 111 95 79 91 106 82 70 97 99 131 85 24 103 124
103 90 86 103 79 120 75 86 103 104 90 95 101 65 63 106 81 127 72 88 110 82 85 154 67 115 69 152 84 111 125 110 136 94 72 58 128 108 66 106 103 57 59 61 99 81 85 113 134 123 119 139 76 104 100 137 86 114 132 68 108 81 79 84 136 140 108 46 122 65 89 86 110 94 111 124 76 67 87 81 124 92 50 49 86 90 112 97 99 103 111 93 83 108 109 156 106 35 104 125
108 99 99 105 84 125 79 97 126 116 93 97 105 72 78 115 82 132 82 102 112 86 86 166 75 125 70 168 85 112 126 115 150 99 76 65 135 114 82 107 112 69 72 69 112 84 96 116 149 142 132 148 97 113 116 165 90 127 133 79 119 95 85 92 145 157 111 47 132 77 93 102 121 118 123 125 79 72 93 92 126 103 51 59 104 102 128 108 110 113 125 100 94 121 127 159 122 50 107 132

1 19 1 4 8 8 25 1 9 10 6 2 18 7 16 13 8 15 7 12 1 9 1 6 15 10 14 1 23 2 13 1 7 13 13 8 8 3 11 1 15 22 16 1 21 1 10 2 7 17 7 6 1 10 12 16 13 5 12 15 9 25 22 17 1 34 7 15 3 13 15 12 19 30 12 22 18 6 2 8 1 9 12 7 17 16 11 13 17 3 6 9 1 27 22 23 16 10 15 5

5779 3520 2574 2957 3932 6521 3007 5380 6002 6733 7024 2952 5871 2887 2992 6329 3620 1015 2758 3441 1524 8211 6683 3874 3980 3157 2628 2903 4093 3234 6239 3015 2958 2056 602 8252 5823 5142 5877 4795 5184 7857 7054 2303 3342 7159 7709 7990 3473 4503 8825 6557 4483 3085 4175 6093 2873 1238 4043 4060 5024 6850 5678 6359 8289 2897 2635 6329 5874 9603 7580 5212 6303 7177 3717 7782 1642 6192 4880 6970 6354 3806 6419 8193 92 4221 5553 8174 5426 6911 3531 4403 2139 3968 3784 3663 4383 6522 2844 4270
6456 4324 2936 3450 4913 7185 3330 6000 6989 8382 8389 3357 6620 3485 3419 7303 4025 1264 3282 3993 1709 9224 7487 4521 4909 3681 2942 3604 4963 3685 7468 3568 3456 2378 744 10031 6502 6231 6920 5358 6103 9542 7987 2708 4101 8353 9586 9111 3915 5479 10857 7281 5248 3679 4898 7190 3581 1520 4993 5031 5719 8056 6451 7213 10321 3186 3202 7742 6474 11896 8591 6152 7289 8489 4350 9175 1875 7624 5450 8477 7492 4495 7344 9023 109 4676 6231 9941 6158 7806 4281 5001 2424 4455 4473 4069 5445 7256 3503 4702
7767 4765 3237 3846 5392 8273 3910 7325 8169 9603 9844 3746 7706 3867 3920 8655 4562 1386 3670 4687 2000 10766 8408 5093 5565 4305 3224 4245 5793 4226 8802 3921 4020 2761 883 11685 7423 7184 7603 6327 7137 10496 9185 3119 4457 9807 11248 10316 4296 6136 12157 8260 6191 4126 5341 8039 4161 1720 5880 5547 6491 8838 7057 8443 12369 3514 3737 8811 7112 13832 10213 7339 8735 10198 4846 10284 2040 8963 6187 9756 8729 4917 8346 11008 126 5701 6950 11744 7362 9161 4925 5753 2802 5427 5001 4545 6526 7911 4155 5641
8353 5189 3702 4542 6316 9275 4241 8344 9305 10599 10550 4248 9108 4421 4320 9487 5168 1501 3952 5453 2379 11877 9567 5946 6237 4677 3497 4750 6438 4858 9580 4606 4403 2987 971 13012 8361 8432 8996 7243 8411 11288 10235 3505 4934 11339 12633 11919 5053 6874 13913 9597 6748 4479 6210 9344 4493 1996 6828 6217 6996 9744 8261 9271 14052 3910 4246 10096 7750 15231 11091 8289 10021 11793 5340 11897 2347 9771 7086 11178 9742 5646 9562 12867 145 6456 8330 13194 8202 10222 5396 6575 3102 6060 5381 5284 6989 8569 4660 6576
9088 5629 3960 4844 6858 10691 4720 9089 10681 11721 11388 4845 10296 4846 4798 10816 5604 1711 4231 6034 2684 13821 10394 6585 7044 5430 3773 5402 7258 5388 10851 5257 5098 3200 1039 14844 9673 9266 9809 8288 9367 12627 11215 3742 5582 12309 13809 12845 5606 7993 15684 10309 7437 5194 7033 10755 5050 2213 7766 6643 7815 11040 9521 10594 15977 4250 4801 11232 9205 16451 12131 8900 10874 12670 5809 13540 2649 10731 7767 12675 11037 6590 10504 13750 158 6905 9080 14205 9189 11697 5773 7518 3417 6868 5841 5937 8083 10158 5361 7186
10391 6406 4459 5354 7609 11518 5184 9977 11772 12895 12929 5532 11250 5440 5168 11559 6274 1946 4858 6739 2878 15540 11764 7397 8006 6159 4185 6110 7816 5942 11537 5974 5494 3475 1164 16132 10449 10104 11086 9371 10596 13672 12769 4101 6342 13797 15135 14387 6437 8450 16970 11569 8094 5946 7579 11672 5548 2429 8545 7603 8914 12606 10861 11595 17462 4954 5176 12641 10078 17961 12971 9656 12035 14384 6451 15204 2876 11675 8670 14322 12187 7365 11863 14837 173 7623 10222 15851 9805 13126 6576 8486 3950 7784 6350 6627 8994 11380 6028 8206
11366 7215 4809 5651 8344 12654 5806 10915 13108 13947 14559 6156 11919 5874 5734 12255 6700 2121 5541 7498 3151 16510 12586 7852 8666 6830 4488 6724 8705 6745 12378 6470 5820 3703 1236 17387 11816 11099 11769 10486 11144 14670 14227 4515 6733 14531 16397 15426 6834 9314 18371 12737 8930 6423 8020 12721 6135 2678 9348 8267 9442 13292 11956 12940 18937 5570 5784 13638 10790 19775 14214 10642 13077 15882 7302 16095 3241 12700 9498 15351 13654 7800 13368 16237 182 8269 11264 17567 11156 13850 7443 8996 4445 8219 7110 7528 9477 12218 6699 8714
12008 7617 5344 6163 9092 14047 6270 11974 13879 14784 15541 6480 13034 6352 6214 13616 7103 2233 6045 8116 3473 17871 14190 8439 9303 7270 5090 7268 9408 7258 13295 6826 6458 4212 1357 19428 12516 11638 13172 11296 12351 15912 15510 4891 7510 15807 17514 16912 7372 10025 20136 13393 9728 7024 9047 13624 6777 2882 10297 8737 10294 14988 12981 13602 20264 5959 6169 14341 11781 20740 15343 11862 13873 16891 8220 17220 3624 13985 10339 16721 14440 8570 14497 17840 204 8743 12044 18957 11757 15200 8117 9878 4903 9161 7588 8178 10250 13208 7327 9523
12739 8251 5732 6657 9734 15129 6992 12583 15259 15829 16505 7186 14173 6918 6624 14730 7581 2462 6364 8669 3809 19549 15517 8907 10032 7755 5506 7726 9952 8029 14574 7163 7113 4705 1487 20590 13421 12451 14053 12182 12989 17491 16244 5149 8016 17190 18614 18597 7862 10842 21808 14614 10741 7588 9644 14695 7203 3031 11168 9332 11106 16102 13775 14715 22026 6529 6627 15859 12849 22856 16103 12606 14590 18350 8647 18786 3980 14898 11396 17551 15619 9479 15581 19573 222 9656 13427 20393 12731 16707 8958 10469 5356 10103 8189 8837 10844 14195 7695 10002

3765 2387 1847 1893 2672 4191 2357 4637 3659 5896 3708 2285 4773 2158 2103 3238 2786 731 1626 2769 1023 5200 5895 2893 3326 2246 1524 1559 2760 2821 3551 2054 1999 1536 500 5057 4129 4436 3516 3198 3825 5937 6218 1715 2083 3978 6408 4319 2415 2494 6126 4240 3576 2196 3293 3659 2477 1086 3332 3368 3783 3893 4398 5723 4774 2164 2260 5327 4069 8246 5268 2910 5458 4944 2286 4162 1420 3252 4022 3929 3792 2565 3546 6921 53 2354 4004 4089 3652 3490 2156 2438 1112 2489 3201 2531 2571 5769 2194 2211
