50 4 1
1 54 149 125 90 165 109 232 68 105 101 33 33 71 109 46 148 19 111 211 163 74 50 107 58 120 113 62 104 1 218 32 1 49 100 1 112 101 154 148 1 80 183 170 215 180 1 175 62 116

62 41 13 24 4 32 34 53 19 8 8 35 6 33 33 48 4 1 26 44 28 26 29 19 25 20 40 35 36 24 26 7 1 13 26 1 6 38 8 7 12 37 24 20 56 1 35 1 1 4
70 42 26 46 19 44 39 71 22 10 16 40 19 51 42 55 5 2 54 54 31 31 48 24 34 36 43 51 39 31 28 25 6 21 29 14 14 55 12 15 28 54 28 22 68 16 37 14 2 24
73 45 37 49 20 48 41 92 35 26 26 50 39 66 47 66 6 6 75 67 42 47 49 26 57 49 55 61 50 33 34 39 16 24 36 25 34 63 34 29 33 62 33 35 94 22 44 22 10 31
85 46 42 55 39 50 45 100 43 38 50 65 42 77 54 78 22 26 83 91 50 57 52 32 63 61 67 74 53 34 52 63 42 40 54 30 35 72 39 45 42 71 45 40 104 24 49 37 12 35

1 1 16 10 13 5 8 18 1 11 15 9 12 4 9 7 6 1 17 17 1 14 9 7 1 14 15 15 16 9 3 15 15 6 14 22 19 14 4 3 1 27 10 7 14 11 19 16 16 10

3418 2584 3962 3208 3375 1262 3116 3207 1102 1949 2360 2911 3177 958 1487 861 3667 2472 1695 4439 2899 2755 2522 2928 3154 2811 1784 2729 3064 3993 3598 3347 4134 4594 2205 1126 1276 418 2954 1421 2431 1709 3065 2501 1427 346 3085 3003 4319 1393
3887 2896 4375 3534 3896 1407 3823 3712 1298 2267 2659 3454 3498 1080 1683 976 4124 3000 1921 4944 3328 3336 3013 3467 3826 3421 2087 3288 3717 4687 4112 3982 4646 5242 2490 1278 1538 488 3378 1585 2912 2027 3712 2853 1724 429 3435 3650 4800 1729
4660 3401 4810 3969 4664 1688 4192 4088 1420 2540 3201 3857 4248 1315 1862 1116 4513 3342 2309 5683 3940 3683 3304 4180 4516 3832 2475 3615 4417 5311 4511 4491 5363 5732 2987 1527 1755 564 3827 1912 3468 2312 4361 3138 1884 474 3975 4153 5733 1936
5460 3923 5664 4604 5112 1860 4944 4688 1647 2939 3664 4197 4696 1507 2185 1316 5160 3638 2678 6592 4434 4052 3591 4665 5087 4263 2676 4053 4840 6284 5256 5237 6056 6735 3315 1794 1938 620 4518 2162 3939 2630 4738 3397 2230 516 4302 4459 6634 2188

3009 1786 2634 1784 2010 1111 2113 2203 778 1275 1713 1546 1711 567 981 442 3237 2026 1446 2985 1701 2164 1912 1750 2133 2033 1124 1854 1618 2073 1911 2983 3249 2804 1934 688 888 287 1545 757 2091 935 2050 1995 1030 295 2694 1529 3814 877
