50 4 1
1 295 96 1 168 1 150 185 131 229 175 95 61 87 32 118 82 105 169 1 32 139 68 1 41 160 154 65 81 93 99 24 155 104 124 1 26 85 139 1 1 188 33 1 141 146 24 68 104 157

17 10 1 46 30 31 22 29 44 18 12 25 36 6 26 20 7 32 47 9 15 33 5 20 5 20 58 1 20 17 1 29 34 30 12 26 26 1 24 16 24 33 31 6 31 39 45 1 37 15
25 15 19 48 48 36 28 42 59 25 20 34 44 30 28 25 8 39 48 19 19 34 6 23 10 22 63 21 33 27 13 38 49 41 33 35 28 10 33 21 33 38 43 19 49 61 46 25 50 24
36 25 24 49 63 50 43 51 82 46 33 35 45 31 39 26 16 63 57 28 21 37 17 24 19 27 85 22 45 31 29 40 86 48 40 47 29 11 46 22 55 52 55 20 57 76 48 35 67 26
38 37 34 63 64 65 53 52 84 59 46 66 62 49 46 46 22 71 69 44 29 52 18 50 34 31 88 26 53 36 49 52 112 49 59 58 39 15 53 36 65 67 66 43 65 82 66 40 70 41

7 15 4 14 10 7 1 18 5 23 7 11 12 13 9 6 10 21 9 1 19 19 18 14 16 1 17 25 19 10 13 25 13 5 7 13 8 17 22 17 23 17 15 19 9 15 10 15 13 17

2108 700 2850 1880 1820 2871 3183 1524 2653 2264 4037 3892 1287 3445 2625 1236 1326 2028 2385 2778 1471 2679 2702 1154 1812 2073 4332 3724 4312 2891 1727 702 1606 3217 2824 3691 1936 1523 1629 3105 3227 211 1800 1793 3192 1630 2472 127 1474 3902
2496 859 3198 2124 2132 3314 3528 1700 3021 2735 5020 4302 1428 4121 2960 1437 1491 2433 2956 3214 1663 2965 3042 1309 2246 2417 5364 4602 5346 3447 1990 863 1935 3879 3109 4518 2284 1689 1960 3493 3925 253 2163 1995 3645 2026 2898 156 1716 4304
2963 1004 3512 2555 2333 3960 3987 2034 3518 3148 5705 4715 1630 4951 3223 1713 1741 2915 3240 3541 1829 3268 3542 1518 2655 2677 6413 4995 5900 3908 2227 992 2248 4428 3579 5040 2756 1929 2257 4207 4304 287 2434 2407 4244 2247 3445 179 1944 4982
3256 1157 4194 2972 2568 4510 4564 2370 4135 3397 6435 5668 1919 5385 3629 1877 1956 3355 3735 3974 2098 3867 4021 1758 2975 3129 7163 5749 6382 4261 2629 1150 2500 5104 4043 5942 3122 2206 2486 4892 5082 338 2765 2611 4563 2603 4010 192 2168 5879

1858 523 1993 1321 1101 2400 2066 894 2197 2022 2831 2841 912 2030 2154 704 805 1665 1918 2212 860 1946 2001 833 1090 1170 3680 2550 3842 1624 1530 503 1307 2600 1926 1864 1169 1329 1032 1633 1639 177 1454 1140 1806 1455 1912 100 1272 2664
