50 4 1
18 56 113 65 118 104 1 20 79 157 173 129 199 149 174 53 4 134 117 132 78 189 134 52 78 23 113 68 54 4 29 140 87 16 63 106 1 230 1 138 187 81 59 83 172 168 162 1 1 109

11 38 14 20 25 22 39 1 27 17 10 18 46 1 34 5 27 1 32 32 14 19 11 15 63 8 11 1 15 4 23 38 16 8 37 27 11 36 17 22 34 31 42 6 44 1 39 1 20 1
19 41 30 25 33 23 41 3 32 22 27 27 53 12 59 21 35 10 33 50 21 37 26 22 64 26 21 13 20 7 39 41 25 22 41 35 17 41 35 32 42 50 45 28 53 31 48 9 42 2
20 56 41 36 55 28 50 18 44 24 32 37 65 29 79 22 38 16 50 58 25 41 41 32 65 50 23 24 21 13 57 43 35 32 50 57 23 45 57 53 59 68 54 40 67 34 57 19 56 19
30 68 45 50 65 38 56 24 62 33 33 49 79 35 93 24 43 34 71 69 43 64 44 36 80 67 24 27 33 22 65 53 36 51 64 69 38 60 62 59 69 81 60 44 78 39 66 35 64 31

1 9 19 13 6 15 4 21 5 14 16 1 1 1 11 2 13 1 16 1 8 1 17 17 20 5 19 9 13 17 3 8 11 23 6 16 13 26 5 1 12 20 2 6 6 12 5 10 11 9

1476 1272 412 1205 254 4294 1627 2118 1970 2861 1164 1844 3079 3170 1784 3172 1258 737 1704 1466 2483 2763 2766 2745 3076 1254 1595 2650 2523 2900 2354 4326 191 1478 2807 3398 1486 2246 248 3424 2606 2351 2078 2029 3848 3038 1727 1624 2332 3074
1754 1502 459 1452 312 5151 1937 2628 2351 3383 1393 2168 3503 3620 1988 3663 1411 828 2083 1700 2936 3442 3257 3385 3415 1410 1864 3285 2876 3210 2645 4868 210 1771 3498 3889 1824 2758 301 4144 3035 2845 2481 2396 4534 3483 2018 1871 2636 3650
1984 1696 529 1609 349 6195 2203 3090 2799 3841 1632 2569 3911 3938 2397 4049 1689 968 2291 1893 3312 4129 3561 3907 3950 1552 2088 3616 3173 3649 3071 5625 231 1979 3812 4431 1991 3030 342 4922 3534 3239 2980 2866 5419 4021 2265 2097 2955 4225
2328 1858 582 1805 381 7197 2403 3542 3131 4179 1903 2915 4571 4364 2793 4471 1862 1049 2587 2195 3562 4760 3898 4261 4684 1737 2431 4146 3745 4264 3615 6591 250 2274 4303 4965 2319 3358 369 5513 3809 3514 3469 3198 5881 4419 2612 2308 3506 4680

1153 895 277 672 142 3751 1087 1813 1238 2502 833 1509 2043 2272 1005 1628 788 462 1169 1004 1921 2020 1860 1444 1601 1079 811 1475 1939 2596 1822 3600 142 1163 2405 1795 910 1513 132 2112 1953 2046 1867 1760 3313 2107 958 955 1919 2421
