50 4 1
65 70 51 77 1 7 120 72 1 169 17 100 80 1 1 94 71 54 73 51 18 128 74 120 1 82 21 1 44 4 5 102 41 235 117 194 101 51 177 1 110 161 1 193 28 21 171 115 105 88

7 27 21 8 32 11 8 8 2 1 58 12 34 1 2 40 1 31 18 23 1 9 32 1 28 15 6 7 26 12 55 11 16 28 1 42 17 26 1 1 39 6 11 7 16 31 1 9 1 4
18 30 38 9 44 13 16 22 5 2 75 25 39 27 17 45 14 47 25 30 7 20 37 10 33 25 8 9 52 13 67 26 20 55 6 43 30 31 10 12 52 24 22 16 17 38 16 25 8 6
24 49 47 16 56 23 31 29 11 7 80 42 41 51 33 50 32 62 26 32 16 21 49 16 53 26 13 10 67 27 81 40 32 67 17 49 41 32 26 25 55 40 25 27 30 60 39 43 12 10
33 66 73 33 60 37 32 36 18 17 82 48 49 65 47 55 36 82 40 43 21 38 60 22 71 27 38 25 75 34 87 41 50 68 26 69 54 44 35 26 79 47 30 41 49 61 61 49 14 26

10 2 10 7 16 14 1 1 4 13 21 15 13 10 12 12 1 16 2 15 5 19 11 13 1 24 16 17 13 3 6 16 8 17 15 12 11 10 22 10 9 1 3 9 10 1 11 9 19 18

72 2350 1237 3163 1978 2483 1572 775 1113 511 3011 2195 2319 970 2573 1240 3206 1035 1977 942 3043 1441 733 99 3180 1101 1900 1511 1274 1453 2286 790 2109 978 2509 2405 1854 1298 3362 2113 1364 990 2226 28 1260 1327 1116 1056 2326 1455
89 2610 1509 3710 2346 3083 1955 918 1232 576 3626 2735 2659 1164 3035 1529 3956 1234 2306 1083 3625 1701 915 116 3711 1238 2219 1709 1589 1800 2624 930 2403 1120 3124 2681 2237 1530 3763 2412 1551 1184 2531 34 1498 1461 1269 1215 2571 1766
100 3138 1717 4266 2728 3672 2254 1000 1393 645 4317 3141 2926 1293 3355 1698 4363 1456 2595 1266 3965 1996 1041 134 4349 1463 2616 2010 1849 2018 3036 1054 2894 1363 3701 3205 2685 1740 4108 2719 1742 1313 3081 39 1792 1683 1414 1330 3094 1979
113 3696 1866 4656 3183 4015 2489 1151 1621 770 4892 3512 3457 1421 3712 1956 4934 1561 2808 1493 4341 2294 1204 149 5037 1684 2947 2231 2122 2229 3361 1149 3249 1495 4007 3487 3138 1900 4835 3171 1914 1512 3461 44 1938 1903 1607 1573 3439 2129

54 1534 639 2127 1052 1628 1171 695 962 451 2690 1555 1652 816 1961 879 2523 733 1241 770 2285 1015 631 70 2697 679 991 810 969 1058 1403 458 1736 582 1790 1872 1408 1093 2905 1433 1177 699 1269 25 1054 867 918 920 1606 1035
