50 4 1
126 136 164 138 187 175 73 123 246 45 76 1 289 46 85 64 64 199 97 160 105 135 110 110 131 1 259 229 167 158 1 240 105 206 62 44 131 5 280 1 1 1 205 116 113 68 111 6 77 199

1 3 33 31 18 1 10 18 2 18 15 12 1 14 1 30 40 7 1 36 35 38 25 33 41 1 48 34 38 31 34 18 20 16 42 50 19 26 24 5 48 14 35 51 1 1 37 28 15 1
3 20 34 32 25 24 11 22 21 37 34 18 3 26 11 35 44 13 9 49 43 50 41 47 42 11 50 35 42 41 35 22 47 30 46 61 37 32 31 15 54 39 41 58 14 13 39 40 16 11
17 30 52 34 30 25 12 43 36 43 37 21 11 28 12 61 56 15 22 57 56 58 43 49 46 15 57 37 57 58 47 24 65 37 66 75 51 38 43 16 80 42 58 68 33 18 43 43 21 18
31 34 55 57 42 34 30 56 45 55 39 28 15 41 24 62 61 36 32 74 82 70 53 69 56 31 70 63 77 62 72 34 69 48 86 78 62 44 47 22 92 51 75 75 50 28 63 45 34 26

1 11 1 6 14 35 19 21 27 13 16 7 3 14 24 19 5 27 4 17 9 16 3 11 16 24 1 18 6 18 1 6 6 5 7 16 4 11 17 6 11 1 12 17 14 6 1 8 23 16

2351 4425 343 5545 1553 2961 5112 4895 3987 4847 3809 3352 2048 1695 2323 3485 2349 3093 1878 4134 3601 3617 826 1163 2204 3767 2232 1594 324 4492 2262 2781 3428 5413 1748 3781 2171 640 4921 3729 1842 1485 3989 2125 4727 1731 2340 4672 669 3953
2905 5112 397 6914 1795 3357 5774 5770 4841 5486 4519 3774 2549 1907 2887 4313 2659 3740 2211 5028 4449 4132 970 1427 2469 4701 2708 1877 395 5539 2697 3062 4119 6578 2014 4356 2470 722 6045 4237 2240 1760 4519 2558 5721 1977 2796 5657 799 4558
3251 6169 443 7610 2159 3854 6730 6466 5750 6031 5113 4584 2799 2258 3379 4827 3063 4413 2472 6048 5236 4941 1149 1596 2993 5156 3178 2198 431 6377 3191 3676 4505 7929 2448 4817 2852 808 6976 4804 2500 2066 4983 3025 6527 2169 3355 6149 908 4991
3599 6863 509 8679 2530 4486 8004 7540 6694 6682 5756 4925 3241 2593 3799 5685 3512 4872 2869 6778 5725 5828 1267 1727 3431 5874 3466 2475 510 7175 3439 4068 5156 8852 2725 5503 3146 900 7774 5428 2741 2302 5570 3308 7121 2361 3743 6957 1063 5631

2012 2818 279 3422 807 1754 4066 3438 2782 2834 2193 2787 1662 1010 1458 2965 1440 2481 1290 2326 2852 2010 575 934 1287 3120 1320 909 196 3652 1133 1660 2926 2997 1565 2947 1449 488 3168 2653 1547 826 2489 1315 2948 1061 1666 3928 497 3326
