50 4 1
150 343 55 98 1 143 191 216 206 85 85 50 1 69 179 143 2 54 4 93 113 12 51 160 25 47 122 121 163 126 76 96 97 19 84 201 267 188 131 122 100 194 106 164 73 124 77 80 188 194

22 16 1 34 15 45 19 20 30 32 7 20 32 2 1 20 30 1 6 1 48 19 9 10 43 30 12 22 29 19 22 1 35 14 29 12 15 1 11 13 1 1 23 19 31 1 18 14 1 16
34 22 9 35 16 54 20 36 46 36 20 35 40 14 12 29 42 3 13 15 64 24 20 35 45 42 16 23 46 41 25 17 46 27 41 31 18 3 26 28 17 4 39 20 33 10 38 45 16 29
45 40 11 60 20 56 22 49 58 61 32 36 53 25 21 37 47 17 16 35 84 35 21 47 62 62 17 34 75 55 31 31 52 30 51 47 25 13 39 31 33 10 48 25 55 11 48 54 31 36
49 47 21 71 28 71 28 63 77 74 36 48 55 28 37 63 54 19 27 54 103 46 28 48 70 64 32 35 85 65 53 32 71 37 60 54 27 27 48 45 41 18 65 26 64 22 59 73 47 41

9 9 11 7 18 1 13 1 12 21 11 10 12 4 33 7 21 20 17 22 11 6 18 21 4 18 10 3 2 12 6 16 8 8 13 9 28 7 25 14 9 2 25 6 28 13 21 1 6 18

3481 3526 3670 3203 3052 2173 1007 1829 2111 3391 1730 2920 1848 643 1710 4621 3783 3200 1558 1044 1795 3642 2639 3088 3397 1455 2467 1470 3831 3569 3778 3312 2264 2498 152 1564 1443 3261 158 3355 2640 3373 2857 3882 2911 2071 3766 3931 1422 1678
4188 4312 4399 3770 3373 2619 1126 2022 2498 4226 2081 3354 2215 714 1981 5377 4496 3658 1910 1204 2053 4407 3099 3838 3993 1620 3017 1832 4229 4126 4680 3894 2498 2765 177 1786 1627 4067 177 3767 3246 3994 3239 4371 3288 2516 4387 4757 1666 1888
4885 4780 4978 4531 3828 2986 1293 2467 2827 5038 2347 3685 2490 797 2390 6478 5305 4085 2257 1377 2234 4942 3710 4228 4744 1856 3519 2185 5048 4608 5615 4413 3055 3173 214 2097 1793 4756 195 4464 3585 4422 3577 5135 3760 2765 5272 5336 1960 2056
5504 5194 5523 4906 4383 3253 1418 2857 3271 5554 2737 4127 2868 876 2689 7375 5982 4801 2611 1618 2446 5328 4301 4816 5417 2165 4001 2348 5977 5457 6504 4987 3608 3581 248 2458 2059 5316 221 4897 4107 5167 4121 6048 4362 3278 5873 5785 2214 2432

2341 2362 1933 2702 1742 1773 897 957 1411 2006 1031 1767 964 412 930 3197 2422 2684 1136 625 927 2994 1807 2572 2103 1081 1769 1027 2931 2768 3139 2400 1489 1770 80 1008 995 2855 119 2542 1674 2843 1789 2281 1654 1800 3128 2368 1261 1324
