50 4 1
5 1 1 1 139 97 137 67 78 50 140 54 76 158 285 140 264 1 157 53 158 29 251 30 1 27 82 113 129 159 175 99 221 78 144 140 222 116 300 122 125 188 82 143 140 202 133 69 195 106

13 16 1 1 17 23 5 29 11 6 4 14 35 21 8 29 1 1 1 3 1 41 53 1 29 14 8 41 15 22 38 1 1 29 12 1 21 1 12 29 32 35 8 35 20 26 1 22 17 1
37 29 6 28 20 31 14 30 20 28 11 15 52 43 11 43 3 14 2 24 6 54 80 12 33 27 20 56 23 36 40 7 7 32 25 11 29 10 22 50 33 37 23 51 32 27 7 26 22 19
38 38 14 32 41 35 30 33 46 29 32 23 57 62 20 44 20 33 3 42 7 74 89 28 47 31 33 63 42 42 48 33 8 62 36 22 43 16 44 54 46 50 34 64 49 39 19 44 27 24
52 39 22 39 52 49 31 46 63 33 41 31 62 72 31 61 34 59 22 58 11 96 93 47 55 49 35 64 56 52 65 40 32 65 44 33 62 23 70 58 55 71 45 83 74 61 25 58 40 45

25 21 1 13 10 12 19 1 1 16 4 29 21 7 12 8 15 1 23 12 5 26 8 4 12 8 1 5 1 14 22 11 7 18 15 1 1 15 18 13 12 3 1 1 8 1 8 10 7 6

3312 641 1472 4050 3990 2279 683 2974 2778 3888 3221 4796 4865 4630 1668 3426 4019 1815 4069 4066 3256 1487 2584 2028 2990 736 2411 3657 3058 2345 2344 1696 2435 3108 1864 4040 5487 2042 3228 4296 1562 2710 2356 1786 3504 5321 1012 1715 2934 3587
4034 784 1812 4460 4878 2631 839 3497 3182 4394 3765 5956 5636 5538 1882 4274 4918 2099 4885 4671 3998 1775 2976 2425 3561 862 2950 4137 3455 2667 2917 1932 2932 3527 2316 5005 6377 2330 3882 5270 1803 3383 2856 2224 4362 6106 1224 1933 3621 4391
4583 865 2169 5236 5345 2874 926 4063 3528 5280 4139 6701 6371 6055 2280 4895 5855 2370 5617 5311 4430 1969 3613 2833 4216 944 3347 4938 4205 3145 3487 2230 3380 4256 2715 5464 7275 2555 4613 5880 2142 3806 3162 2669 4781 7145 1461 2232 4155 5198
4943 933 2500 5945 6336 3137 1056 4763 4062 5922 4829 7526 7197 6791 2593 5622 6633 2734 6247 6304 4875 2268 4043 3102 4737 1091 3774 5670 4853 3519 3822 2648 3767 4679 3106 6064 8474 2821 5412 6736 2462 4315 3596 2905 5558 7680 1578 2566 4797 5680

2719 421 1103 3532 2416 1760 421 2212 1439 3419 2071 3792 3275 3331 1063 2138 3223 1523 2675 2062 1835 1208 1491 1235 1716 619 2037 2994 1887 1765 1718 1026 1497 2368 1319 3316 2942 1619 2886 2811 997 1622 1307 971 2312 3654 594 1184 2000 2153
