50 4 1
220 95 145 178 104 48 47 1 160 188 172 66 106 221 129 5 139 209 219 158 1 1 1 45 226 71 64 189 1 222 64 143 94 112 97 148 175 259 86 131 55 198 130 30 106 244 164 13 1 39

19 44 30 39 25 30 36 32 26 11 52 51 47 1 24 19 34 35 44 24 19 21 7 41 30 31 50 26 23 24 14 9 34 35 1 16 8 32 26 6 16 3 32 11 22 14 14 14 6 35
31 65 35 51 35 42 41 41 47 21 67 64 69 2 28 23 46 52 54 39 37 40 11 60 44 36 56 40 30 25 17 11 58 36 13 23 9 33 29 24 18 21 54 16 30 31 25 33 14 41
46 86 38 64 41 55 60 61 57 39 78 68 85 8 29 24 59 54 62 43 52 43 14 75 54 62 68 50 35 30 26 15 66 41 22 24 13 57 36 30 28 31 65 27 35 32 44 45 18 53
52 87 51 72 42 65 69 77 74 53 84 83 88 33 41 40 74 66 80 52 68 56 29 85 78 63 72 58 49 34 27 31 77 47 23 41 27 64 46 33 44 44 73 36 49 37 52 48 20 70

7 3 14 9 8 10 3 11 1 6 9 7 12 24 16 5 18 7 15 10 17 12 10 5 11 16 2 15 18 15 13 11 1 18 10 18 3 14 24 4 9 2 1 20 4 3 24 15 13 1

1834 3833 2913 3917 1973 3456 3452 1788 596 3765 1786 1312 3740 1870 2194 3581 3491 3422 1782 5430 3571 3438 1921 2967 3495 3303 3033 2013 3732 2055 548 1652 3976 3591 3867 1027 1872 1762 1472 3963 3036 2031 2234 4648 3994 3577 2161 3679 89 2882
2048 4591 3594 4525 2442 4163 3900 2105 680 4607 2089 1528 4309 2098 2654 4060 4033 4250 2109 6539 4198 3961 2379 3343 3938 3949 3466 2219 4452 2310 671 1945 4456 4391 4638 1209 2174 2175 1641 4905 3414 2253 2681 5291 4545 3975 2438 4133 99 3292
2264 5281 4127 5309 2730 4936 4679 2525 748 5394 2532 1781 5145 2488 2927 4451 4775 4976 2401 7376 4999 4583 2856 3722 4619 4387 3892 2441 5073 2702 794 2149 5424 5185 5457 1346 2633 2581 1886 5503 3824 2749 3109 5811 5033 4820 2739 4596 116 3846
2664 6065 4450 6098 2986 5733 5112 2837 810 5901 2803 2037 5991 2902 3422 5111 5145 5464 2594 8310 5527 5402 3097 4275 5245 4898 4582 2781 5903 3007 892 2422 6099 6053 6147 1526 3093 2794 2092 5928 4206 2994 3405 6870 5899 5699 2972 5055 135 4511

1002 2161 2589 2167 1747 2734 2208 1249 360 1928 1215 973 1933 1509 1904 2308 2547 2642 1595 4827 3176 2902 1335 2544 2733 2620 1943 1465 2297 1463 450 1152 2593 2205 3029 607 1161 1133 956 3294 2070 1383 1646 3246 2688 2608 1233 2635 64 2077
