50 4 1
102 123 108 217 102 176 95 118 71 9 84 59 1 1 181 134 53 69 1 251 31 104 87 85 79 128 1 103 131 168 45 96 62 126 1 208 249 67 173 331 68 222 106 1 154 191 174 107 126 95

13 4 46 27 12 31 6 54 7 25 16 7 14 1 37 35 24 27 28 20 22 31 1 9 11 16 13 28 29 36 27 19 44 66 1 7 48 27 37 15 37 40 8 4 26 40 55 20 1 6
29 16 47 41 17 32 22 58 9 32 18 16 19 20 41 58 44 38 40 28 29 38 17 11 24 25 14 30 37 44 38 26 45 67 20 23 71 38 47 16 49 46 9 27 34 49 70 26 15 10
44 29 63 53 27 34 25 65 13 40 39 19 31 26 60 64 57 54 44 52 30 42 24 17 28 37 29 40 46 45 39 39 66 68 25 27 86 49 57 20 65 47 10 28 55 68 71 37 23 22
57 50 89 66 42 52 39 87 15 55 70 24 43 38 62 71 66 55 66 60 47 47 45 31 29 52 38 50 49 55 49 51 72 85 34 41 101 60 61 30 82 53 14 40 57 86 84 40 28 41

15 10 14 1 1 20 2 1 9 10 7 9 8 12 1 8 17 13 1 5 5 17 20 1 1 9 14 1 6 2 14 1 1 15 4 23 8 1 12 6 20 13 11 10 29 9 1 15 16 19

2960 3735 3995 3027 2090 3120 3249 3919 1960 3677 2440 3369 940 1427 2755 3370 1894 3207 2602 2296 3371 1780 1634 299 2943 2677 2248 1926 3380 554 344 4574 2223 143 4515 3175 3674 3805 4860 1874 1542 3364 3812 3103 4281 2592 5012 2128 1742 1416
3699 4140 4884 3498 2555 3557 3795 4490 2394 4257 2941 3718 1118 1754 3417 3931 2161 3841 3224 2811 4134 1992 1857 364 3574 3000 2530 2246 4148 621 391 5507 2584 163 5078 3769 4155 4538 5462 2341 1708 3939 4467 3718 5252 3005 5563 2449 1958 1610
4114 4743 5426 4196 2987 4159 4458 5202 2782 4741 3277 4222 1215 2017 3817 4748 2619 4221 3627 3171 4585 2217 2124 418 4135 3584 2942 2480 4734 681 440 6396 3034 180 5947 4315 4673 5065 5976 2648 1955 4608 5039 4480 5753 3493 6210 2893 2331 1945
4618 5123 6253 4732 3298 4708 5242 5807 3072 5128 3881 5059 1407 2241 4253 5494 3026 4688 4197 3519 5317 2499 2450 480 4734 4073 3465 2744 5097 795 476 7174 3318 198 6895 4809 5273 5815 7002 2889 2323 5439 5845 4812 6388 4039 7306 3118 2711 2194

1968 2795 3039 2003 1740 1796 1809 2380 1744 2320 1875 2135 691 947 1635 1990 1030 1958 2213 1345 2796 1235 827 204 2240 1913 1270 1596 2814 303 224 2428 1783 88 2571 2183 2978 2363 3383 1072 1250 2417 3005 2022 3386 2026 2810 1408 1071 881
