50 4 1
1 83 72 132 173 133 1 202 42 77 1 41 76 129 145 204 124 104 163 158 1 95 246 187 1 147 1 188 29 89 62 246 125 123 121 109 142 1 26 187 1 203 63 143 12 291 79 147 216 103

50 27 16 10 36 1 38 20 34 2 55 17 17 44 16 39 16 16 23 16 17 33 25 17 39 1 16 19 48 1 15 4 10 35 41 11 9 27 15 32 40 7 26 24 21 14 1 16 29 25
51 36 29 19 47 6 43 32 40 4 60 21 30 46 24 51 25 33 47 28 28 35 36 25 50 2 27 39 58 2 23 10 23 37 48 14 11 57 28 35 50 37 37 35 23 20 13 26 50 26
62 46 33 23 52 12 69 33 41 5 61 22 42 57 38 52 31 42 48 41 51 37 54 45 53 9 36 45 80 20 34 27 24 40 58 36 18 63 29 49 62 38 40 42 39 45 24 38 57 29
82 55 43 39 62 17 82 38 58 15 68 37 57 58 51 60 43 53 67 51 58 44 64 59 84 21 37 46 96 21 43 29 25 41 73 41 35 68 31 55 77 46 45 53 60 46 38 46 67 30

1 14 6 9 22 6 14 6 1 17 23 1 6 13 8 2 1 17 5 12 27 5 13 19 12 6 11 2 7 1 13 1 28 34 1 2 13 2 3 14 6 13 5 19 9 10 7 27 14 15

2893 3324 1711 2430 3180 3594 4014 1406 2957 2065 2031 1417 3454 1816 4548 2025 3522 1831 2846 1927 2193 1840 2978 3284 1633 2980 1778 54 3579 3014 4050 576 1465 1786 3447 3148 3498 3567 3236 309 2598 1596 1689 3751 3102 2199 1988 1903 3094 3448
3283 3692 2123 2828 3872 4373 4421 1556 3261 2560 2312 1762 4143 2006 5374 2365 3998 2190 3150 2175 2526 2162 3333 3836 1942 3301 2023 61 4239 3426 4909 668 1692 1995 4157 3582 4034 4239 3675 362 3060 1956 2036 4515 3666 2716 2268 2375 3420 4232
3877 4415 2536 3276 4602 5252 5205 1738 3843 3035 2598 1921 4863 2444 5936 2650 4520 2448 3688 2392 2746 2534 4045 4546 2250 3948 2383 66 4851 3888 5520 748 2013 2346 4909 4124 4624 5088 4425 400 3447 2161 2410 5353 4214 3234 2571 2817 4026 4606
4274 5020 2850 3571 5389 6058 6135 2006 4216 3501 3088 2170 5274 2896 6437 3015 5091 2844 4141 2684 3239 2990 4695 4943 2592 4285 2692 76 5510 4304 6459 874 2276 2763 5707 4899 5025 5755 5213 446 3991 2329 2805 6178 4985 3509 2831 3170 4753 5254

2505 2944 1318 1496 2157 2918 2119 764 2121 1750 1777 803 2432 1157 3246 1768 2748 1539 2027 1459 1452 1573 2134 2490 922 2621 1298 38 2783 2193 2667 320 968 1314 1818 2381 2272 2242 2096 247 2129 914 1054 2456 1705 1834 1077 1085 2214 3033
