50 4 1
30 118 60 85 5 214 152 122 1 1 11 78 137 151 1 1 224 182 131 165 125 186 73 128 173 238 122 71 32 31 24 223 119 164 99 40 26 139 149 296 31 64 210 90 103 168 195 80 76 1

8 21 14 28 38 5 19 14 10 43 14 1 17 27 20 38 14 15 30 1 16 19 23 25 1 1 25 48 1 24 6 18 35 8 1 1 36 1 18 27 1 1 1 23 1 10 1 20 38 29
15 29 26 46 40 17 25 35 18 58 16 25 29 58 42 39 28 19 49 4 22 21 33 44 7 15 26 58 13 39 20 31 38 9 18 15 39 14 26 41 18 5 7 37 14 35 8 27 59 46
32 38 34 60 54 24 38 37 29 62 22 36 35 62 47 59 32 32 52 13 24 38 42 55 18 30 49 73 18 58 26 47 39 42 22 27 58 39 29 46 22 26 20 51 19 63 18 37 70 48
45 48 56 74 61 34 41 49 38 76 40 37 44 81 52 80 34 35 63 23 32 53 45 63 36 37 67 74 19 69 40 62 58 57 33 28 62 44 37 80 32 36 23 57 24 80 21 49 78 67

7 9 16 20 5 10 7 8 1 2 3 13 8 3 15 17 7 2 1 7 13 19 14 9 23 26 26 1 8 3 9 11 13 12 6 10 7 5 8 15 1 12 11 16 24 7 9 19 7 19

4536 3967 3410 2061 3683 1961 2575 1963 3132 2895 3152 2740 1836 3090 3454 2381 4941 2422 1545 1991 3672 1884 1895 4704 846 1460 2565 4597 1356 3559 4218 4089 3220 2964 2977 2295 3965 2869 4327 3183 3578 1842 3706 2035 2047 3108 3494 2369 481 3069
5239 4808 4162 2340 4496 2387 2833 2336 3843 3527 3818 3092 2225 3663 4201 2961 5983 2923 1739 2431 4174 2204 2241 5426 963 1639 2985 5557 1498 4108 4992 4916 3797 3466 3334 2749 4367 3462 5040 3944 4366 2272 4309 2522 2487 3871 4309 2739 590 3474
6258 5612 4688 2553 5100 2710 3365 2591 4378 4034 4407 3721 2630 4394 4881 3417 6649 3480 2025 2772 4824 2612 2670 6487 1126 1790 3286 6069 1700 4786 5586 5741 4480 4041 4068 2993 5182 4014 5713 4471 4939 2710 4716 2945 2716 4628 5037 3218 662 3911
7313 6160 5469 2867 5754 2965 3743 2834 4758 4567 4954 4292 3086 4786 5682 3903 7207 4073 2254 3094 5741 2949 2899 7299 1235 1949 3660 6852 2004 5568 6507 6690 5038 4748 4637 3440 6096 4718 6192 4997 5749 3018 5286 3158 3201 5280 5883 3696 713 4449

2997 3228 1715 1147 2838 1395 2117 992 2562 2354 2017 2279 1025 1814 2415 1505 3412 2017 1216 1105 2584 1050 1060 2923 727 1299 1854 2418 856 2443 3302 3523 2373 1618 1947 1259 3123 2461 3355 1794 2934 1352 2893 1277 1548 2795 2105 1641 267 2730
