50 4 1
182 232 98 12 6 128 193 36 73 20 1 120 83 13 154 119 1 109 47 126 77 34 207 187 94 118 122 6 184 221 1 104 142 138 6 1 1 201 110 181 81 76 1 85 155 259 114 124 1 93

11 23 1 33 29 1 35 22 40 40 17 12 27 9 18 3 17 1 1 12 15 38 10 13 1 35 21 17 27 40 20 26 46 21 18 13 7 1 9 10 1 28 40 1 16 22 1 24 36 36
17 48 20 50 33 15 50 31 43 50 23 15 43 15 21 7 36 13 7 22 16 49 26 14 20 56 25 18 28 43 46 39 58 26 30 28 23 18 22 11 5 43 51 2 26 31 2 28 41 57
18 67 34 64 48 21 55 33 60 74 32 16 51 17 24 10 38 14 18 32 27 64 55 23 33 63 29 36 32 44 47 48 63 41 40 32 25 33 23 19 28 61 64 17 31 40 16 50 66 78
25 84 35 69 60 23 63 35 80 83 46 32 59 22 32 11 41 21 29 51 40 79 78 29 54 68 31 43 40 57 49 57 74 43 48 36 49 42 49 23 45 63 73 18 46 45 27 55 78 80

9 10 4 7 1 4 15 6 11 7 1 1 19 33 5 16 18 8 8 6 23 2 8 7 16 21 15 8 17 14 8 20 2 3 6 20 11 19 12 5 19 1 12 15 6 7 25 4 7 11

2000 1784 3267 2048 3392 1619 1403 1996 1782 3245 3129 2012 2761 2049 2835 2135 2988 1476 2953 3400 4194 1014 3056 3319 1228 1557 2182 2828 2123 1278 3345 2396 570 2994 1339 3265 2581 3575 2845 2914 3318 1666 1800 3314 2028 2087 265 1027 3245 1551
2280 2112 3644 2442 3886 1949 1574 2347 2041 4027 3837 2231 3183 2524 3491 2451 3562 1653 3396 4134 4965 1132 3702 3928 1496 1941 2444 3433 2402 1452 3930 2821 632 3296 1494 3658 3196 3971 3364 3341 3877 2016 2217 3944 2525 2411 295 1189 3642 1830
2590 2478 4419 2853 4458 2210 1767 2823 2448 4493 4259 2729 3577 2753 4167 2666 4118 1834 3989 4524 5642 1356 4373 4747 1678 2255 2965 4046 2912 1677 4750 3222 725 3796 1737 4073 3608 4548 3813 3687 4488 2363 2628 4295 2751 2924 327 1322 4212 2167
2870 2679 4829 3167 5108 2402 2113 3243 2718 5094 4754 3015 4175 2994 4467 2890 4467 2189 4627 5285 6477 1523 4920 5337 1839 2624 3411 4618 3333 1896 5327 3597 794 4453 2042 4519 3978 5029 4428 4145 4917 2721 2976 4965 3236 3275 366 1492 5016 2348

1094 909 1831 1456 3035 1185 947 1188 969 1757 2044 1024 1838 1353 1666 1580 2623 1294 1556 2481 3256 650 2074 2742 903 1316 1523 1980 1318 737 2662 1370 414 1942 703 2815 1547 2310 1887 2470 2074 950 1392 2528 1678 1750 154 571 2324 1299
