100 3 2
1 26 13 99 43 135 205 130 208 86 66 70 136 1 161 108 69 304 167 216 76 171 77 225 185 1 48 173 29 55 47 139 3 1 145 253 101 103 49 1 115 147 197 73 143 152 271 33 238 63 170 147 179 24 79 54 59 92 11 185 130 1 139 189 159 85 217 202 169 54 137 212 195 168 62 6 60 114 143 147 259 78 139 1 53 58 158 154 215 86 106 1 96 77 125 31 29 95 51 1

28 25 28 29 46 35 33 47 1 1 14 40 46 12 19 36 30 23 31 13 12 29 31 1 48 18 22 24 32 1 11 47 35 13 19 22 36 37 30 11 53 27 18 30 6 27 32 43 30 23 38 4 23 46 1 19 25 19 19 42 16 2 1 39 38 15 26 18 11 11 46 5 5 16 18 1 16 1 25 50 18 21 1 33 26 13 29 38 13 1 9 7 25 6 31 6 34 1 11 1
45 39 51 37 60 56 49 49 15 25 18 55 66 19 35 51 41 30 33 14 16 44 41 8 54 26 27 36 34 22 23 53 46 24 33 32 44 49 38 31 67 32 35 54 10 29 33 44 39 27 47 11 25 62 8 39 40 32 29 50 22 11 12 43 46 26 30 25 15 13 61 10 17 19 27 22 18 4 26 65 28 35 6 49 42 17 48 48 18 2 13 26 27 16 44 16 50 12 20 6
62 55 62 40 71 59 64 73 32 33 27 72 69 20 58 53 67 42 38 27 18 45 42 17 61 35 33 52 48 29 26 66 47 31 36 40 57 53 51 43 81 42 57 65 12 31 38 54 40 32 61 23 50 76 14 40 49 49 39 70 34 22 32 45 60 39 45 32 29 21 77 15 25 29 28 33 35 9 31 98 39 43 27 54 46 29 65 63 33 11 22 28 36 24 50 28 62 18 34 17

1 16 21 8 6 1 9 7 1 10 1 4 20 16 1 22 7 12 1 1 17 16 20 9 2 9 4 1 16 17 14 16 11 11 10 12 26 10 15 6 17 20 18 4 10 15 10 1 2 9 5 6 13 14 6 12 25 10 2 8 1 3 1 10 3 23 16 1 20 10 18 19 8 11 7 13 1 16 1 16 2 18 16 1 1 24 14 22 1 19 1 8 8 8 7 12 9 10 10 12
19 20 25 18 20 12 19 8 22 20 2 20 35 28 10 23 14 32 20 2 23 29 37 10 5 12 15 6 30 36 27 19 23 24 11 13 42 25 19 9 30 26 30 11 29 38 32 15 15 18 18 15 15 28 13 19 32 15 7 9 19 4 3 26 11 30 27 5 30 19 29 24 14 12 20 27 11 38 17 32 8 26 33 14 16 40 27 39 12 34 21 9 11 15 13 18 15 11 28 31

3259 5045 7211 4444 6942 6824 4384 9207 6818 850 2854 9619 5971 2228 6327 5605 671 7112 4410 5871 3062 9768 6892 2765 3649 8886 2862 2627 4392 3025 6475 7567 5699 4458 2327 3221 3442 4215 4604 9244 3189 7477 6805 5107 1499 2943 3512 6558 9098 3310 2834 3821 3270 4218 5992 4745 2209 5991 4153 3415 9373 10355 6942 2836 4893 5618 6886 6888 4895 3244 5509 4193 7258 6513 9301 9904 7131 4040 5771 6942 3286 9317 7576 2789 7252 8119 6074 8742 3565 3739 6572 7975 3087 4421 4325 5186 7845 2915 7538 2541
3691 5557 8840 5030 8331 8245 5367 10528 8495 949 3400 11148 6987 2732 7545 6408 807 8552 4951 6527 3689 11791 7717 3088 4297 10981 3489 3207 5489 3334 7425 9192 6376 5476 2862 3946 4073 4867 5342 10226 3709 9020 8378 5861 1825 3245 4178 7771 10824 3653 3341 4748 3951 4992 7461 5675 2510 6677 4635 3811 11434 12041 7948 3147 5795 6796 7987 7623 5965 3689 6707 4728 8165 7758 10348 11713 8367 4865 6413 8282 3718 10525 8485 3080 8374 9758 6750 10765 4139 4262 8068 8965 3793 5381 5271 6319 9415 3294 9152 2988
4464 6272 10234 5844 9152 9160 6128 12417 9939 1156 3732 12675 8365 3193 8299 7181 944 9812 5464 7321 4442 14202 9065 3395 4780 12289 4193 3489 6056 3985 8608 10209 6995 6480 3200 4519 4483 5307 5881 11753 4446 10316 9494 7078 2157 3617 4942 8432 12818 3987 3660 5581 4338 5909 8706 6713 2844 7419 5533 4615 12846 13687 9488 3639 6466 7823 8822 8712 6535 4435 7712 5541 9768 8437 12217 13279 10011 5354 7158 9331 4197 12706 9982 3408 9242 10752 7556 12057 4502 4957 9364 10947 4436 6257 6206 6891 10972 3945 10211 3621

2176 4460 4798 3767 6154 4128 3724 7124 5759 732 2362 7837 4640 1276 4477 4622 475 5714 3961 4478 1880 6157 4707 1865 2590 5263 2357 2361 2522 1977 4765 5377 3411 3718 1724 2709 2450 2970 2486 6472 2730 5491 5834 4029 1258 2381 2454 4939 8042 2886 1514 2289 2216 3314 4842 4095 1948 3184 2694 2075 7049 6378 5274 2154 4210 4010 4422 5605 3105 2733 4940 3553 6224 4484 6676 6375 5753 3073 3730 5646 2380 5238 6165 2017 5932 7187 3978 6688 3146 3170 3639 4942 1649 2885 3885 4088 6899 2084 4776 2158
2052 3553 3954 3047 4540 3540 2965 6078 5020 698 2252 6658 3549 1197 3330 3190 436 5384 3586 3533 1778 5831 4101 1810 1971 4533 2069 1605 2296 1756 4240 4715 3109 3101 1476 1664 1967 2353 2311 5788 1828 4834 3715 3536 1043 1965 1795 3492 5355 2523 1444 2012 1903 2461 3470 3258 1790 3113 2532 2018 5554 5922 3760 2136 3768 3786 3538 5477 2741 2081 4934 3460 4446 3831 4977 5592 4278 2277 3430 4990 2325 4893 4791 1498 4612 6800 3302 4479 3015 2384 3581 4836 1567 2568 3795 3079 4284 1968 4055 1678
