100 3 2
273 46 237 69 75 104 1 1 268 126 162 181 1 4 45 49 86 26 52 74 227 26 1 59 1 116 193 1 6 71 1 175 165 143 139 79 166 65 1 136 137 204 132 131 85 101 158 1 141 140 1 1 138 1 62 53 175 137 225 1 111 98 27 113 85 32 71 67 27 34 131 222 215 37 30 165 110 73 70 27 220 68 127 66 240 141 119 127 85 234 66 137 168 1 119 20 80 1 93 33

1 28 26 10 30 54 33 23 23 21 10 29 1 29 14 1 7 21 26 1 22 30 59 21 54 45 17 6 1 27 33 37 34 14 1 38 27 32 31 1 41 21 36 17 1 7 23 19 48 10 19 33 13 38 30 40 23 2 15 1 13 14 22 22 44 37 1 30 12 15 13 39 1 20 23 8 10 5 3 20 32 44 3 1 49 12 31 3 35 31 45 30 3 39 29 19 5 40 30 16
14 37 47 12 41 64 40 27 42 28 14 39 16 35 15 2 8 33 39 5 28 34 66 22 69 46 27 13 3 31 41 61 44 27 18 44 38 41 52 16 50 36 47 26 3 9 46 23 50 13 28 39 16 40 35 42 28 15 27 4 33 19 43 31 50 43 11 34 19 29 25 43 14 21 31 18 28 25 11 23 47 49 8 10 50 21 38 10 36 37 57 37 4 42 41 29 40 49 41 36
21 51 64 30 61 86 63 38 56 36 24 65 21 48 26 5 28 49 44 17 44 36 83 23 84 53 43 28 17 41 54 76 47 39 25 64 39 67 69 40 52 37 50 37 10 28 58 39 58 17 45 47 23 41 53 51 39 16 44 6 44 28 45 44 51 50 33 44 38 30 34 54 23 41 36 24 29 38 22 25 48 81 17 20 51 28 57 28 37 46 67 42 13 47 53 30 47 64 42 37

1 8 11 1 8 9 9 8 1 1 17 3 6 26 1 1 2 2 14 12 3 13 5 14 19 8 20 17 18 1 17 1 10 13 1 4 6 4 8 14 17 9 24 1 13 1 5 13 2 1 4 18 1 1 6 5 5 17 4 5 9 21 14 1 16 7 15 4 28 12 16 13 11 11 12 1 9 5 12 12 13 1 9 23 8 25 5 27 7 1 10 19 12 11 9 9 1 19 24 15
2 25 15 6 30 17 14 26 18 8 25 14 7 43 26 5 19 7 21 21 21 14 22 32 22 18 24 18 33 15 29 10 11 23 10 14 8 16 24 15 37 12 33 12 29 12 17 32 8 4 12 28 9 3 15 16 11 21 21 11 15 26 28 7 26 12 16 17 34 33 26 16 32 16 26 18 12 19 24 34 16 11 29 40 12 35 11 34 11 10 22 20 32 12 16 13 10 46 33 31

5953 5548 4784 4912 2982 5899 3343 3783 3781 2797 6388 3787 4036 3672 3362 3576 8908 3419 5310 3243 7516 325 3981 2500 2489 2696 5491 5754 3485 4864 6194 4067 7927 1165 8304 2733 4866 2814 3354 2148 1425 8523 7219 3987 3154 3125 6402 1366 4111 3860 3211 3662 3704 2927 5292 2379 6447 6150 4224 3618 5933 5610 5278 4420 6530 3882 2418 64 6600 2521 6498 1271 4276 2489 8790 7944 2339 4799 3977 3485 5835 4187 6020 3869 4820 6346 3784 570 4949 6317 2903 6530 7453 7945 3852 8273 2719 5271 5572 2915
7271 6167 5319 5822 3323 7003 3745 4307 4208 3079 7078 4589 4639 4381 3761 4361 10262 4196 6186 3830 8973 371 4933 2862 2922 3142 6830 6845 4157 6026 6815 4918 9322 1385 9953 3020 5892 3358 3871 2492 1759 10091 8845 4616 3633 3604 7253 1571 5066 4802 3559 4293 4166 3584 6588 2864 7834 7477 4840 4090 6574 6668 5824 5308 8108 4660 3010 76 7372 2933 7946 1442 4709 2921 9987 9817 2905 5435 4880 4159 6457 4893 7144 4391 5459 7405 4311 644 6028 7384 3341 8027 9179 9325 4531 10192 3111 5973 6315 3219
8367 6737 5915 6647 3756 7868 4269 4685 5061 3414 8133 5163 5457 4797 4213 4756 11354 4629 6756 4381 9864 447 5786 3425 3245 3526 8041 8073 4893 7074 7954 5892 11099 1508 11729 3439 6559 3941 4613 2823 2032 12165 10313 5592 4038 4010 8294 1882 6042 5705 4169 4711 5066 4156 7428 3371 9271 8848 5350 4632 7253 8002 6543 6056 9572 5193 3393 88 8800 3212 8932 1699 5542 3282 10931 10969 3442 6070 5871 5008 7040 5538 7924 5239 6287 8442 4808 783 6833 8351 3899 9014 10880 10650 5085 11672 3734 6668 7151 3833

4742 3847 2844 4191 2611 4101 2701 2695 3145 2422 4611 3053 2760 3213 2927 2904 7635 2538 3987 2511 6262 220 3177 1956 2147 2150 4179 4611 2104 3654 4949 3528 5688 628 6945 2012 4315 2469 2324 1598 1064 6642 4765 2673 2538 2580 4977 988 3609 3291 2213 2314 2978 2411 4040 1834 3948 4558 3309 2828 5168 4920 2936 3380 5826 3104 1430 42 5803 1486 5811 753 3706 1571 5461 6457 2009 4191 3096 2319 3894 3556 4357 3081 3183 3847 2982 322 3331 5485 2104 3645 6261 6008 3055 6126 2352 4271 4526 2323
4383 3510 2553 2626 2121 3054 1771 1920 1903 1931 4108 2613 2216 2762 2335 2734 7344 2319 3493 2234 5717 183 2611 1592 1532 1752 3410 3264 1998 2749 3601 3098 4317 615 6446 1859 3790 2193 2257 1407 1032 5295 4427 2201 2177 2384 4768 855 3328 2275 1816 2105 2573 1637 3173 1522 3300 3484 2945 2237 4664 2948 2782 2851 5820 2576 1377 37 5330 1326 4531 715 3538 1264 4631 4325 1925 2869 2585 2118 3074 2358 3319 3014 2931 3816 2453 319 3184 4807 1893 3429 4381 5493 2092 5127 1913 3316 3154 1879
