100 3 2
1 66 102 193 21 10 95 222 62 169 165 1 29 227 207 25 172 84 132 27 120 124 50 105 215 125 266 116 52 140 1 1 1 269 218 137 88 190 35 67 67 134 16 52 183 1 157 24 270 180 79 43 85 31 1 94 29 122 49 227 190 29 206 48 124 132 103 74 130 54 153 60 126 54 187 50 61 148 1 1 128 173 36 125 35 242 115 3 70 166 234 129 163 109 129 78 111 48 182 153

1 5 42 29 14 11 31 4 27 8 37 19 21 14 10 26 29 8 5 1 18 21 31 19 14 7 9 26 11 1 20 47 36 1 7 38 1 1 20 32 1 31 10 25 33 29 28 1 23 16 1 18 30 32 18 2 42 1 39 31 59 1 24 31 28 5 2 22 35 27 19 43 34 40 38 7 25 9 23 33 37 41 36 7 37 42 13 16 1 43 34 1 1 29 34 4 19 36 9 36
7 15 52 49 29 17 48 13 42 17 44 20 24 29 28 34 44 26 29 3 23 24 42 27 16 16 19 28 15 21 30 55 43 21 9 56 15 5 24 41 11 59 19 33 36 38 36 10 32 36 4 27 44 42 22 9 66 20 48 38 77 8 33 35 34 24 13 46 46 34 31 58 35 41 44 8 36 10 28 49 53 56 37 27 38 54 17 26 15 45 40 17 18 35 36 5 30 42 24 50
10 23 55 60 30 18 52 25 52 28 45 26 54 38 43 49 52 48 34 24 28 38 71 43 28 37 41 42 21 38 46 56 49 24 15 71 20 14 28 60 29 72 27 37 54 41 49 30 35 49 15 44 61 48 43 16 78 21 60 40 84 12 52 51 63 34 22 51 50 62 47 59 42 46 49 13 51 21 44 71 77 61 38 38 50 73 37 28 31 55 58 18 31 51 49 16 38 49 40 55

5 18 1 17 11 14 18 12 9 22 10 2 15 28 21 19 2 10 7 1 1 1 17 20 1 1 1 3 8 8 17 14 18 7 14 3 1 11 20 6 9 9 18 14 17 13 21 10 7 1 10 17 12 7 16 6 11 17 1 4 6 1 6 25 8 1 10 13 3 10 3 12 21 23 5 1 12 22 6 8 14 4 14 2 12 22 15 12 19 7 1 8 16 13 7 9 12 24 26 18
9 36 11 31 24 26 27 15 30 49 27 3 32 40 37 34 5 37 36 13 4 3 35 23 2 19 21 8 13 26 30 15 29 32 18 13 19 25 39 10 19 23 36 30 29 19 25 11 16 4 20 28 32 18 30 10 26 20 18 15 26 12 34 33 12 5 13 35 12 31 19 15 28 24 13 6 22 23 22 22 31 29 17 10 30 31 16 13 31 15 8 20 32 20 12 23 32 36 29 24

3848 1875 6232 2643 5076 1261 7327 2252 7040 2722 5764 2426 6154 5814 6217 6144 3399 9586 2845 5495 3583 5801 4473 2908 6415 6926 1451 4797 3671 5849 2798 2878 3040 9175 8591 5830 5735 7053 3317 6115 5373 6375 1625 6985 6701 7236 6273 6974 3108 3813 5905 3222 427 680 497 9994 4263 6979 3000 2947 1979 5945 5933 5341 2699 5425 592 4173 5737 4402 6764 682 1107 7202 6081 1130 2718 7982 6641 5820 4224 3046 8148 3439 2646 9331 8931 5824 7166 6861 3413 3300 3185 3003 4542 3118 6095 1840 6741 1916
4643 2247 7637 3125 6259 1396 8398 2576 8215 3123 6517 2739 7363 6716 7139 7316 4107 11583 3285 6233 3987 6992 5379 3264 7551 8266 1603 5652 4232 7065 3136 3364 3777 11294 10474 7007 6500 8559 3982 6795 6597 7135 2004 8133 8016 8245 7377 8601 3434 4653 7017 4017 491 809 549 11584 4740 8260 3356 3538 2353 7021 6913 6674 3328 6600 684 4935 6892 5336 8123 815 1237 8902 6872 1312 3034 9247 7709 6576 4832 3718 9794 3879 3249 10542 10696 6523 8478 7867 4240 3719 3873 3585 5534 3810 7449 2110 7490 2160
5118 2665 9153 3738 6958 1581 9527 2935 9204 3669 7241 3051 8597 7333 8052 8068 4643 12678 3673 7389 4626 7760 6441 3899 9000 9172 1924 6778 4790 8428 3536 3991 4409 13231 12412 8278 7549 9720 4361 8267 7709 8433 2386 8996 9601 10001 8268 9450 3788 5199 8488 4629 569 882 635 13920 5751 9029 3966 4044 2609 8152 8169 7972 3698 7927 787 5543 7715 6116 9106 933 1428 9703 8300 1512 3399 10170 8997 7454 5759 4386 11681 4288 3605 11992 11897 7223 9753 9210 4595 4405 4559 4320 6588 4538 8587 2436 8204 2599

3360 1505 5385 2215 4317 730 6463 2010 4259 2412 3940 1635 5537 5039 4562 4346 2596 6679 2408 3886 2893 4718 3415 2209 5057 5831 1213 4185 2148 3585 2206 2548 2456 6110 7408 4416 4363 6346 2489 4850 4733 5253 1423 6030 4458 4678 5038 4791 1885 3068 4166 1886 321 564 337 7150 3739 5235 1929 2377 1568 4451 4913 4327 2252 4532 459 3465 4311 3375 5527 506 795 5710 4218 796 2401 4977 5932 4690 3050 1810 5555 3045 1893 8282 6393 5126 5417 5877 2792 2674 2775 1942 4067 2790 5435 1604 5668 1723
2441 1079 3869 1598 3563 695 4701 1338 3868 2403 3787 1430 5391 3321 3703 3779 2115 6090 2018 3634 2069 4167 2660 2135 3990 4789 869 2599 1889 3118 2002 1631 2410 5911 6928 4404 3172 4011 1813 3992 3155 4545 1097 5993 4128 3636 3405 4493 1789 2514 3360 1626 276 520 308 6687 3571 5120 1910 1923 1036 4394 3077 3685 2118 4360 367 2536 3480 3212 5022 417 575 4551 3974 577 1427 4463 3752 4124 2210 1692 4362 2721 1391 7426 5762 4375 5336 5722 2589 2026 1921 1683 3163 2317 5222 1065 3420 1638
