100 3 2
113 363 136 96 81 19 70 1 202 40 191 5 8 104 156 257 285 130 178 1 157 174 9 190 174 45 177 156 120 147 115 1 52 69 43 75 210 1 50 82 163 24 150 25 89 256 3 84 209 49 90 242 144 63 141 27 65 72 9 326 147 116 68 288 67 100 1 260 131 1 1 62 212 61 1 206 30 182 68 194 169 100 57 104 166 128 259 52 1 142 75 26 52 36 1 131 43 20 128 77

25 17 1 29 11 20 33 19 27 1 27 11 47 34 19 31 41 4 15 28 34 25 25 31 37 9 1 25 13 26 37 15 8 4 21 4 21 1 7 8 1 2 1 26 27 48 1 25 1 1 39 42 44 23 39 19 1 41 42 30 23 45 28 9 8 31 21 44 14 18 12 1 50 40 5 5 40 10 16 8 1 21 4 35 7 15 12 8 17 23 1 26 19 7 39 20 1 25 27 53
40 19 20 41 22 27 58 26 41 8 35 31 51 35 25 56 46 19 29 41 38 28 42 51 48 30 8 30 17 38 39 23 24 11 25 7 37 10 19 17 11 12 7 33 38 63 2 38 4 13 43 52 51 26 42 24 11 60 49 32 24 52 50 26 37 42 28 61 24 32 22 23 52 48 36 6 53 18 33 9 15 44 8 44 28 24 19 27 31 25 23 42 33 15 47 27 13 49 43 58
54 38 25 49 44 29 65 32 50 11 36 43 58 43 41 65 50 35 43 55 43 34 57 66 59 42 14 36 23 62 51 24 40 22 27 32 61 20 35 20 17 15 22 42 61 80 8 45 7 20 49 57 59 32 56 25 26 72 89 33 49 62 56 49 39 49 41 62 29 35 40 37 68 67 53 33 59 30 40 18 31 47 23 64 45 33 23 32 39 28 26 54 35 48 51 32 25 73 50 65

20 19 4 1 5 14 6 20 2 10 21 1 3 12 12 16 6 13 20 18 15 14 3 14 12 9 10 9 9 3 21 16 9 13 5 21 17 18 12 17 6 19 14 3 28 17 1 8 1 1 16 1 11 16 2 14 21 1 11 10 2 9 19 15 8 1 5 20 14 8 18 1 3 7 1 21 5 13 18 1 10 3 14 16 24 6 3 6 12 11 6 16 19 22 12 8 10 18 1 17
45 25 5 21 12 23 9 26 4 20 35 12 5 19 29 32 25 26 34 22 26 18 5 26 30 25 18 11 20 5 24 18 20 21 10 26 23 23 18 38 10 21 34 6 38 25 8 17 20 2 32 6 21 22 12 17 22 5 20 20 19 21 42 34 27 9 18 21 25 9 31 14 10 13 22 29 9 41 34 30 14 25 21 25 35 19 13 25 37 20 11 27 34 39 32 18 11 46 2 34

6303 6240 2425 5239 4794 5998 5413 4177 4151 4252 3656 3146 5508 4286 6484 8031 6114 7473 2992 6125 7020 6146 1837 5963 2158 1010 6062 6356 5339 4160 6469 6898 4103 4290 7350 7464 2241 7170 3648 6154 5827 6543 6171 8867 4158 4559 6787 5107 7026 10058 9117 5742 4491 3992 4135 3743 6976 5395 8292 799 2683 6457 2835 4092 4365 7004 4575 8924 5724 7344 3341 6242 5426 5405 9149 4407 6424 6324 9202 6064 2936 34 3641 3028 5087 7405 1462 2871 6173 2912 1297 8521 5629 4939 3896 3427 6253 234 3518 7229
7341 7728 2955 6179 5289 6974 5966 5048 5182 4729 4265 3830 6641 5279 7498 9957 7563 8344 3586 6842 8633 7378 2073 7146 2647 1230 7303 7044 5970 4672 7687 7622 4649 4744 8287 8874 2797 8618 4413 7315 6679 7971 6881 10037 5047 5289 7840 5793 8503 11964 11257 6627 4940 4489 5138 4656 8427 6485 9909 881 3101 7481 3354 4804 4862 8277 5210 10478 6604 9146 3751 7607 6753 6556 11303 4925 7941 7456 10939 7289 3539 37 4373 3780 6030 9002 1704 3164 7311 3371 1619 9569 6555 5463 4836 3865 7302 273 4358 8104
8436 9189 3291 7285 6028 7990 6785 5668 5903 5201 5096 4273 7208 6031 8481 10997 8653 9785 3975 8260 10320 8792 2308 8314 2935 1442 8096 8609 6516 5362 8482 9151 5540 5192 9570 9965 3350 10212 5066 8014 8069 9543 7941 11392 5866 6407 9284 6922 10229 14425 12245 7358 5713 5335 5645 5388 9182 7477 11685 993 3431 9010 4058 5532 5571 9796 6337 12204 7730 10013 4334 8728 8065 7877 13451 5902 8751 8719 12738 8155 3973 43 5027 4364 7140 9878 1869 3610 8304 3678 1881 10602 7851 6298 5631 4378 8677 301 5076 9429

4899 5372 2115 2898 4252 4793 3659 3421 3545 3514 3227 2807 3873 3665 3812 4998 3639 5353 1684 3289 4966 5074 1491 4241 1677 757 4697 4620 4563 2728 3969 4106 3320 3320 5139 5835 1587 4862 2366 4208 4894 4355 4701 6534 2975 3690 4238 4314 6240 5330 6808 4829 3446 2788 3452 3179 5148 3851 6135 686 2137 5679 2072 2817 3200 4576 2783 7060 4857 4782 2291 4556 4882 4089 6452 3919 5674 4939 7639 4534 1846 26 3160 2382 3773 6309 930 2499 4378 2535 1092 6963 4285 3524 2996 2399 4202 201 2093 4632
3189 3214 1241 2810 3565 3887 2995 2172 3012 3261 2317 2126 2930 2828 3472 4767 3480 4058 1530 3180 4602 3239 1134 3073 1605 686 3637 3636 4223 2464 3531 3529 2112 2966 4765 4820 1324 4819 2074 3206 4668 3498 4466 6356 2440 3154 3560 2974 4156 5220 4887 4118 2528 2119 2291 2099 3715 2921 4632 585 1440 4767 1780 2453 3082 4400 2727 4631 4381 4247 2169 4024 2775 3619 5079 3254 5518 3828 5610 3340 1762 20 2563 1982 3626 3783 906 1611 3948 1639 1084 5812 4079 3226 2484 1879 3147 162 1863 4216
