100 3 2
27 32 39 94 57 158 9 194 155 166 144 110 84 52 99 64 26 225 185 103 175 87 223 144 72 163 189 41 201 68 168 10 90 239 64 162 201 150 137 116 59 1 153 211 210 60 167 61 16 37 71 12 146 1 66 129 111 34 150 146 174 199 1 1 214 76 1 45 184 100 39 1 1 137 1 133 176 15 1 145 169 80 220 179 104 189 104 161 72 113 60 1 1 284 90 113 142 128 1 131

39 34 24 30 8 54 40 31 7 13 7 40 6 2 17 58 37 10 42 17 11 40 38 1 3 26 24 1 22 11 5 1 39 9 15 54 62 37 28 22 66 45 5 10 25 6 12 40 55 17 1 14 1 38 28 29 33 27 26 26 39 23 41 17 45 43 1 18 30 25 49 30 39 43 25 14 19 7 31 13 16 25 9 37 41 1 14 26 20 26 6 1 13 24 30 17 44 12 24 43
42 37 25 33 19 74 48 40 22 28 20 53 7 14 27 59 38 16 54 22 20 44 45 6 23 27 31 10 38 18 8 14 51 11 42 55 68 38 35 23 79 50 14 11 43 9 25 53 72 20 17 38 16 40 29 41 37 34 34 39 40 27 43 20 59 52 5 24 39 36 55 38 40 49 33 15 35 16 44 31 26 38 10 38 43 18 22 35 29 43 13 9 34 34 47 21 64 14 30 50
60 38 35 40 41 78 62 52 37 35 37 61 21 22 49 74 41 25 64 50 29 57 52 26 36 31 32 14 62 23 18 15 56 16 45 65 72 40 48 37 88 57 23 21 44 24 31 67 85 24 19 68 36 56 45 59 61 35 57 50 52 38 44 36 78 69 16 41 62 55 66 43 43 60 42 16 46 26 48 36 39 40 22 53 55 19 30 53 41 47 34 23 35 48 49 29 74 22 48 61

11 19 2 16 8 15 13 1 1 11 17 26 10 5 13 10 1 7 22 13 1 8 1 20 10 19 5 3 1 14 12 5 15 12 15 12 10 11 14 4 27 11 10 23 1 7 7 4 1 18 5 24 13 13 4 8 14 1 1 9 8 22 19 1 32 4 16 29 6 10 16 23 12 23 7 8 1 17 2 2 15 11 24 3 3 13 18 7 15 10 1 7 1 9 1 9 12 4 1 1
24 31 4 37 27 16 21 14 12 15 35 46 24 22 19 24 19 8 32 17 12 21 5 24 21 24 12 6 12 17 14 17 23 32 24 13 15 13 18 18 28 31 21 26 15 8 13 17 17 26 19 42 16 33 14 15 29 4 23 14 11 34 29 27 41 11 26 44 24 11 29 27 21 35 10 28 14 18 4 16 23 21 25 6 4 24 31 10 20 33 7 8 10 14 11 10 17 12 21 9

5420 7738 6021 9165 3720 4008 5950 3162 8877 7261 6131 9880 7010 2926 3498 6356 3020 7315 8288 3902 4541 4029 5774 6797 7800 1578 9481 7305 7364 1781 7258 2013 6431 3127 6717 1201 7091 7130 8303 5894 6676 3376 3524 4624 945 3474 7264 6237 9289 5003 5330 5345 9378 2612 5749 5408 844 4351 3598 3417 5957 3599 3259 3552 6983 5675 4776 3475 2470 191 4196 3818 5294 5747 4237 6742 7061 4226 5381 6027 4109 3208 2994 5695 5399 1042 3852 2729 2803 5171 6015 5851 7269 6518 6322 9440 8096 5417 1860 2996
6238 9662 7448 10250 4267 4565 6903 3824 10555 9058 7552 12264 8123 3405 3997 7147 3438 8766 10224 4395 5095 4664 6440 7991 8722 1868 11747 8920 8523 1976 8538 2497 7247 3586 7995 1407 8744 8325 9221 6565 7344 4098 4172 5472 1132 4297 8547 7121 11475 6205 5987 6127 10597 3067 6731 6507 1042 5088 4099 3933 6696 4147 3668 3960 7934 6796 5425 3825 2985 222 4895 4285 6358 6965 4974 7545 8552 4937 6327 7114 5119 3817 3673 6530 6585 1291 4544 3324 3137 6186 6784 6529 8633 7699 7317 11483 9394 6449 2090 3466
7269 11191 8372 12491 5103 4977 8065 4283 12676 10026 8851 14027 9325 3914 4528 8266 3924 10296 11429 5312 6077 5513 7431 9088 10306 2030 14091 10152 9693 2161 9862 2759 8080 4008 8866 1583 9510 9071 10133 7574 8578 4853 4974 6037 1226 5021 10328 8553 12711 7282 6760 7350 11676 3614 7792 7687 1151 5671 4690 4619 7761 4514 4377 4672 9399 7751 6074 4342 3389 255 5628 4826 7036 7618 5846 8725 9522 5455 7665 8619 5571 4167 4366 7759 7806 1480 5356 3980 3819 6733 8064 7114 9611 8563 8714 13132 10465 7131 2486 4066

4779 6334 3511 6892 3162 3058 4739 2470 7253 6311 4756 8110 6234 2586 2320 5390 2494 5710 7052 3306 3718 3470 4397 5901 6968 1137 8499 5410 6481 1567 5650 1695 5757 2378 3873 936 6118 5272 5694 3382 4453 2723 2977 4016 627 2649 6458 5572 7702 2951 4584 3021 6468 2314 4282 4594 557 3187 2404 2490 5151 2192 2578 2762 6120 4685 2975 1852 1802 166 3175 3031 4150 4157 3080 5113 4848 3768 3839 4670 3333 2539 2255 5070 3612 929 2751 1796 1876 4419 4927 4632 6222 5299 4965 5867 6377 4799 1417 2456
3647 4908 3165 6405 2061 2142 4211 1921 6456 3890 4149 5557 5857 2140 2288 4177 1959 4325 5632 2827 2772 2750 4213 3473 5783 872 6533 5405 6318 1566 5085 1568 4131 1625 3367 925 4562 5061 4887 3191 4136 1944 2531 2488 479 2499 6211 4520 5757 2896 4383 2731 5580 1810 4228 2878 556 2848 1803 1918 4487 2154 2225 2283 4013 3583 2578 1823 1525 128 2138 3020 2907 3350 2452 4787 4784 2445 3691 4287 2549 2131 2007 4206 3152 565 2338 1618 1644 3773 4816 3528 5741 4525 3348 5727 4170 4690 1113 1531
