100 3 2
73 176 66 1 126 151 67 34 194 132 154 1 55 220 1 20 232 83 171 169 135 173 194 56 55 1 134 1 40 213 20 72 102 208 160 165 113 116 1 108 32 124 78 76 223 109 144 53 214 192 205 78 130 206 167 2 184 1 1 230 1 160 94 157 138 221 140 145 131 76 88 141 133 78 40 51 85 285 15 37 1 186 36 114 119 207 105 112 277 96 70 130 115 117 110 25 171 96 40 73

28 3 50 17 21 37 25 1 1 15 1 24 16 38 31 25 28 58 6 31 23 20 3 19 40 18 19 7 49 24 40 13 1 26 34 14 35 9 22 14 32 18 29 25 24 50 10 43 53 31 15 8 48 47 35 1 16 2 26 1 40 9 17 25 6 20 33 7 44 21 14 6 29 28 2 54 30 24 10 48 20 18 34 34 21 9 24 37 1 24 13 34 51 45 2 44 14 30 18 1
37 4 65 33 41 51 28 8 28 19 14 45 17 61 39 32 40 67 30 37 26 21 10 28 61 20 34 15 53 25 44 14 11 28 55 25 46 10 39 33 48 27 31 26 26 66 32 56 59 39 21 24 57 67 36 5 28 3 44 7 50 24 31 37 24 27 44 9 59 24 30 16 46 39 17 64 40 32 32 63 25 31 46 48 31 12 30 49 10 42 21 40 52 49 23 52 20 32 26 8
57 16 70 47 42 54 45 10 29 20 20 46 28 69 56 35 41 76 46 58 39 42 14 32 69 42 37 25 70 32 65 18 22 46 74 41 63 25 59 47 67 35 33 35 27 74 46 66 70 52 28 46 65 71 37 9 38 11 57 8 74 35 45 39 35 35 62 19 74 34 38 18 83 40 25 77 41 37 49 67 45 47 57 54 43 24 47 56 11 53 33 41 54 56 24 72 34 37 40 12

11 1 13 12 5 3 15 6 1 7 19 3 6 8 13 7 4 5 1 12 26 5 13 19 13 8 10 7 25 15 1 28 17 22 1 31 10 3 16 19 11 5 4 9 2 1 10 15 1 4 1 18 29 2 8 17 9 20 3 1 10 14 14 8 15 14 1 14 11 4 10 1 9 21 18 18 28 16 9 5 17 3 3 5 14 1 13 15 16 4 7 16 21 9 4 2 21 1 19 18
13 12 32 42 23 5 31 33 12 14 30 6 20 21 17 8 21 14 10 19 39 27 14 20 14 26 16 11 41 27 2 53 22 40 16 44 27 10 18 26 24 10 19 26 16 13 20 24 13 13 3 51 54 11 24 36 25 34 28 11 18 24 34 11 36 29 18 21 18 11 29 2 14 39 19 30 44 28 16 13 30 5 4 12 16 12 26 27 22 8 10 29 28 33 5 7 31 14 26 40

5288 2992 4369 7282 4760 5731 5841 5720 6802 7506 4960 3611 10329 5045 4535 5715 10209 6285 2961 7257 6524 4918 2807 7362 8190 7220 3763 2451 2368 6009 5551 4177 3488 6731 4072 2043 309 6905 7683 4801 6743 5332 7476 5854 4408 6106 8266 5523 3106 4519 5586 6007 6110 8821 6536 7708 2434 1207 5654 7492 9799 3634 5808 3072 4197 7242 3718 3579 4736 4046 10337 7184 3606 4616 6435 3110 2930 9610 5771 4859 92 3485 7655 5409 4555 4776 9522 3468 4618 3802 3442 2822 2716 5883 2033 4738 7145 4460 4274 5220
5832 3391 4847 8696 5446 6979 7034 6293 8199 8498 6004 4513 12770 5709 5326 7042 12301 7585 3285 8456 7621 5838 3133 8397 9144 8218 4295 2817 2607 7117 6865 5140 4227 7828 5060 2433 368 7640 9346 5407 8208 6132 8294 6760 4990 7047 9177 6171 3625 5395 6874 7271 7035 10435 7979 8868 2997 1506 6668 8505 10975 4296 7222 3525 4945 8189 4560 4108 5567 4870 12194 8342 4199 5759 7848 3563 3659 11408 7174 5963 103 3906 8929 6675 5066 5348 11128 3865 5706 4714 4049 3187 3076 6681 2425 5880 8787 5080 5248 6391
6430 3844 5886 10467 6382 8106 7693 7280 9050 9736 6842 5041 14296 6666 6028 8283 13418 8587 3643 9740 8354 6782 3695 10178 10159 9806 5233 3183 3094 8590 8198 6120 5096 8537 5581 2816 421 8429 10351 6412 9424 6789 10131 8128 5641 8403 11180 7212 4311 6466 8226 7877 8548 11474 8899 10677 3523 1788 7759 9686 12344 4961 8037 3881 5386 9198 5208 4877 6327 5831 13672 9325 4841 6719 9270 4328 4321 13707 8577 6755 125 4356 10689 7241 5542 6208 12708 4566 6658 5407 4788 3594 3607 7634 2791 6440 10313 6062 5788 7225

3859 2165 3659 4611 3184 4204 3978 4235 3855 5971 4443 2971 6786 4224 3126 3182 8289 4559 2198 3770 5853 2896 2170 5736 6075 3825 2758 1543 1421 5144 4305 3642 2925 5945 3208 1791 257 4231 5107 3901 5574 4799 6390 4493 3668 5149 5522 4923 2408 3300 3754 4037 3611 7625 5820 6809 1681 911 4036 5391 6543 3255 4244 2644 3564 6138 2937 2925 3985 3049 8239 4926 3167 3037 4046 2128 2380 6859 4339 4343 67 2944 5506 3217 3726 4201 7409 2871 3831 2717 2518 2069 2188 4474 1205 4130 4875 2792 3424 3739
3321 1655 2399 4020 2416 3238 3376 3151 3815 5661 4096 2599 5231 3714 2534 3087 6428 3890 2139 3769 5696 2631 1644 4988 5871 3712 2757 1370 1255 3662 2832 2716 2330 4533 2657 1536 174 3849 4950 2961 5118 4743 5723 3215 2299 4563 4559 3968 2273 2591 3496 3872 3285 4590 5570 6756 1294 867 3605 4399 5368 3009 4105 2228 2232 4770 2448 2825 3723 2614 6037 4583 1960 2910 3333 1993 2285 6195 3967 3446 50 2811 4255 3171 2964 3169 7049 2029 2894 2708 2397 1722 2059 2997 1196 2814 4849 2296 2689 2889
