100 3 2
1 209 1 44 199 152 78 76 266 122 143 63 270 195 36 134 108 1 158 101 15 74 69 130 1 54 76 35 68 31 42 121 81 68 122 113 106 185 264 215 192 56 1 178 156 66 1 79 73 218 96 139 47 128 98 109 1 159 214 44 107 69 132 105 230 80 159 161 63 174 113 65 142 33 207 51 86 37 141 1 190 223 97 109 36 9 199 250 323 222 224 108 83 130 82 34 189 132 73 78

20 12 19 1 28 37 33 28 37 1 30 16 17 39 6 13 35 9 15 30 24 3 36 27 3 20 23 15 24 31 18 28 30 3 25 40 1 39 48 43 37 1 4 37 40 3 23 5 52 8 48 7 1 16 7 12 13 32 1 4 33 1 21 34 2 19 22 1 46 28 30 2 32 31 22 15 8 1 11 1 22 1 16 6 6 25 25 15 33 9 17 33 20 14 11 10 19 49 28 46
30 19 20 10 42 43 38 37 44 12 33 34 20 64 11 18 36 15 23 37 41 36 59 35 12 23 35 25 25 35 19 46 31 18 32 67 11 53 54 52 49 5 18 58 58 9 37 15 59 16 49 17 9 28 8 13 23 39 20 20 34 19 32 43 3 41 38 19 54 29 34 4 40 47 43 16 20 14 19 11 34 17 29 26 7 28 26 16 36 11 28 41 33 22 35 32 20 78 41 52
35 35 21 11 55 52 40 60 45 26 42 38 44 72 29 43 37 33 24 48 58 45 65 36 21 37 36 37 49 56 36 54 36 24 45 74 20 66 62 65 67 11 38 78 65 16 58 16 77 35 53 26 17 29 16 37 30 45 28 46 43 20 47 58 11 43 53 27 67 39 45 19 51 67 50 19 22 29 25 20 36 21 37 37 9 29 44 39 43 13 31 43 39 40 40 56 26 94 46 66

13 16 16 18 11 22 1 1 16 9 9 5 1 11 10 11 12 6 8 9 1 15 18 6 5 27 1 1 2 5 22 10 13 14 10 8 8 2 20 9 16 15 13 4 4 4 6 13 7 10 5 18 11 21 8 10 14 1 18 9 31 5 4 3 5 13 5 13 1 19 14 12 13 19 15 17 4 2 12 13 18 14 21 3 20 6 4 20 11 18 11 17 1 22 6 9 20 2 15 9
30 34 25 32 22 37 18 18 43 15 28 8 23 17 20 32 24 23 17 21 11 29 29 7 9 32 19 15 18 8 28 19 24 15 19 23 14 21 25 10 34 25 16 5 18 19 8 20 21 23 14 22 22 26 16 14 31 2 40 12 39 28 5 6 6 29 6 14 13 25 24 13 25 27 25 18 14 14 19 22 27 31 28 13 23 25 5 30 12 28 22 30 14 40 12 20 29 6 25 24

4470 7563 7667 3299 6667 9081 3185 3369 3064 6350 5663 5038 6585 6349 4018 4560 7812 7417 7661 2204 4237 5770 1555 3937 6120 3677 8164 7455 3159 2633 5177 6035 4761 6776 7072 6399 4567 4579 5921 5808 7116 6019 6958 7581 3831 4555 3940 6711 6056 6053 2386 3517 5465 6777 10602 4438 5903 4380 4333 4942 5991 6730 7070 3823 3957 3667 8889 4918 663 6088 7347 4687 3167 6087 4815 3907 2471 10073 3679 4347 2475 5820 5622 6662 6883 1050 5700 5663 4024 4848 3068 2884 6854 9716 6457 3313 3297 7633 10585 6709
5157 8481 9116 3847 7374 11308 3607 4027 3384 7165 6440 5963 8144 7346 4850 5056 9276 8931 9194 2560 4712 6715 1842 4497 7025 4529 10087 9221 3744 3000 6204 6820 5849 8433 7792 7669 5468 5300 7211 7150 8638 6670 7992 9212 4652 5602 4394 7647 7220 7399 2640 4260 6691 7597 12129 4997 6826 5403 5316 6005 7163 8212 8020 4711 4784 4215 10472 5518 757 7112 8947 5820 3626 7341 5469 4666 3000 11768 4449 5066 2903 6839 6895 8291 7591 1233 6680 6964 4465 5426 3537 3484 7733 11646 7848 3853 3913 9328 12669 8029
5614 9574 10598 4634 8738 13334 3975 4518 3997 7989 7272 7078 9535 8680 5337 5697 10821 10672 10310 3089 5655 7539 2055 5252 8435 5111 11013 10703 4487 3323 7228 7788 6873 9575 9196 8384 6005 5880 7914 7845 10202 7516 9149 11103 5255 6099 5020 9301 8340 8591 3075 4905 7843 9170 14019 6012 8013 6110 6122 7050 8029 9145 9492 5550 5471 4649 12692 6408 836 8090 10393 6497 4117 8733 6080 5248 3522 12947 5231 5923 3363 7797 7994 9346 9078 1370 7675 8355 4940 6004 4061 3820 8905 13949 8735 4645 4383 10118 15236 8732

2597 4974 6042 2702 5953 6762 2259 2377 2407 5176 4596 3999 4922 5031 3232 3972 5250 3934 4902 1554 3450 4143 1088 3459 4499 3097 6695 5147 2505 1950 4027 3904 2881 6064 5976 3907 3343 3944 4192 4726 6081 5066 5711 6061 2632 3337 3450 5717 4874 4499 2021 2052 4321 6001 8710 3945 3814 3540 3707 3681 4080 4686 5207 2317 3462 3268 5645 4409 588 5079 6222 3117 2291 5271 3663 2447 1534 6851 2750 3355 1853 4076 4957 4370 5668 869 2895 4582 3356 4099 2380 2026 5487 7556 4289 1991 1656 6700 8474 5393
2479 4572 5216 2198 4647 5667 1671 1983 1775 3713 3641 3966 3905 3477 2156 3434 3958 3804 4192 1384 3092 4102 816 2519 4030 2823 6332 4793 2011 1927 2857 3319 2638 4901 4097 3851 2908 2876 3572 3213 3841 4940 4614 4339 2392 2772 2158 4490 3898 4059 1627 1759 3404 4274 7476 2903 3001 3513 2477 2771 3353 4016 4389 2076 2900 2888 5161 4201 401 3767 4595 3104 1591 4872 3603 2178 1481 6645 1851 2878 1350 3408 4305 4233 5345 591 2884 4016 3255 3260 2377 1764 3609 5030 4039 1959 1651 4471 6995 3436
