500 4 2
53 56 24 28 84 74 67 52 61 39 26 43 12 85 73 2 96 89 89 96 11 38 79 29 79 68 97 67 89 65 7 40 89 99 52 77 16 70 42 52 89 9 88 92 27 7 93 89 47 93 60 4 36 60 46 44 16 35 79 5 95 40 75 9 100 60 51 64 14 1 15 67 83 70 47 98 74 58 18 61 87 61 90 34 72 52 40 57 95 89 100 83 32 59 1 28 36 59 24 39 84 96 8 44 50 78 14 7 76 96 4 75 18 82 87 45 3 55 8 82 81 38 19 58 55 50 3 68 19 68 28 63 14 22 42 43 35 67 15 78 2 45 47 95 61 69 23 7 38 46 89 92 48 14 90 4 81 27 86 15 57 82 82 75 27 92 96 92 3 10 96 62 24 36 53 48 78 83 80 58 50 69 36 62 93 10 47 89 26 93 53 64 95 15 42 45 79 73 2 60 39 39 8 70 22 35 33 3 10 90 25 62 27 37 59 45 20 47 3 75 75 74 24 36 74 22 4 5 20 49 94 74 10 66 87 20 91 93 26 80 49 50 61 33 14 70 44 94 80 74 73 19 86 5 90 21 89 74 58 48 4 18 5 74 63 50 60 84 92 80 75 54 36 12 31 78 46 98 92 92 16 78 62 73 29 33 30 85 15 97 85 52 72 24 29 58 31 41 12 72 74 8 1 42 50 73 49 10 82 54 100 11 67 88 27 99 66 68 78 89 93 7 30 21 62 88 50 8 67 60 58 66 2 80 64 78 66 22 42 30 84 82 62 21 52 35 84 19 58 86 93 61 29 41 48 65 66 22 55 51 6 13 13 10 28 9 100 88 92 49 1 92 6 91 32 48 6 49 17 86 95 92 68 4 78 84 54 21 77 48 87 81 98 57 21 64 64 56 61 55 24 89 72 1 36 31 32 70 32 15 64 3 79 34 69 29 75 24 14 84 98 85 41 10 31 8 94 21 55 47 52 1 66 62 60 55 60 66 67 24 11 21 93 43 66 38 32 43 99 62 65 21 64 50 37 62 94 61 57 43 34 6 2 74 48 31 56 99 95 11 25 15 64 46 47 94 20 38 31 70 97 79 52 18 79 96 79 34 15 65 47 25 35 8 6 58 6 27 70 83

1 9 18 29 7 8 10 4 5 21 17 37 12 1 30 31 3 3 1 7 17 29 49 52 1 21 9 36 14 16 23 42 3 1 18 17 11 15 43 46 40 36 13 2 26 21 56 17 10 23 3 19 35 53 20 6 16 8 10 35 5 4 10 1 30 2 18 4 46 80 38 36 2 44 49 5 6 16 34 17 44 2 4 6 19 13 31 8 15 13 28 16 4 8 40 4 10 8 3 12 26 32 73 23 6 66 2 2 6 14 24 28 55 47 2 7 10 15 48 23 84 28 10 13 23 2 12 5 18 7 10 23 10 3 4 7 2 20 59 66 14 32 9 38 10 60 17 7 43 24 43 19 23 1 21 23 6 9 5 13 33 14 10 8 34 9 40 37 15 37 28 3 19 14 28 4 51 4 17 3 4 19 1 19 6 12 27 4 16 6 22 23 14 16 47 16 23 9 11 24 2 6 3 11 24 15 35 26 23 17 4 37 39 4 11 38 9 2 20 9 31 5 10 6 58 12 9 4 19 62 41 9 4 15 10 2 9 33 12 11 10 2 7 48 35 3 29 11 4 15 1 3 26 18 22 10 24 43 1 49 30 30 26 77 10 3 22 19 4 14 4 1 3 15 24 13 22 27 6 1 26 22 10 66 36 1 2 5 42 44 20 9 28 13 31 42 10 15 36 1 35 11 11 4 5 18 40 5 37 7 24 7 32 19 37 15 6 8 2 8 29 22 20 15 4 13 3 10 22 6 1 8 8 50 1 25 20 41 13 20 56 72 6 37 17 4 8 28 29 33 6 54 8 3 30 14 1 33 25 21 23 26 8 26 10 13 41 2 4 25 7 5 2 22 14 5 17 10 13 1 36 15 1 15 11 10 29 27 7 4 51 35 24 42 30 19 53 8 12 21 6 47 36 10 20 6 2 21 7 30 14 17 24 15 5 7 22 15 19 49 9 5 11 6 72 1 2 28 16 70 29 26 1 43 17 7 20 35 18 42 23 2 56 3 10 32 6 4 4 21 8 14 3 8 3 20 5 7 1 6 38 16 23 7 5 6 20 59 2 5 19 28 43 45 4 22 46 14 4 37 43 17 2 21 15 37 10 17 42 64 47 45 56 44 17 13 11 26 15 17
11 72 25 37 19 25 40 5 22 28 41 49 49 47 35 52 24 12 88 16 18 32 52 83 25 36 53 64 27 19 62 52 7 46 44 38 15 33 46 75 42 42 33 33 42 56 59 37 37 37 51 30 39 58 46 36 38 35 27 50 84 71 23 3 32 5 29 50 47 81 66 58 55 55 69 38 9 25 59 42 74 38 6 24 58 48 31 9 24 15 34 25 40 17 48 6 18 48 25 20 26 58 78 34 57 76 64 43 19 57 46 29 60 59 41 25 49 20 76 46 89 38 14 40 27 59 43 21 21 8 34 25 13 22 25 34 32 31 60 71 61 43 53 53 14 79 18 64 43 45 48 27 72 2 30 36 24 27 51 28 43 53 13 37 65 28 42 45 17 84 42 3 60 30 31 14 68 51 31 54 9 22 25 62 26 47 40 25 18 21 29 52 25 41 87 27 32 28 31 69 50 22 26 21 31 97 49 36 28 60 8 42 56 55 17 46 49 51 25 19 95 12 12 24 69 45 26 23 21 62 51 16 26 30 46 18 44 43 12 22 12 6 37 57 82 51 56 11 18 32 28 54 34 29 63 14 40 53 13 55 41 30 27 78 44 6 36 50 36 24 4 3 15 32 24 24 41 28 22 11 33 34 45 83 70 7 42 12 58 85 52 32 42 43 56 44 49 24 47 40 38 33 45 18 51 40 54 17 52 33 26 7 62 23 47 43 50 17 9 17 41 23 76 65 16 82 11 12 30 67 25 29 9 53 47 38 31 81 20 21 73 81 8 60 18 27 59 35 31 64 17 72 10 9 31 53 6 46 28 55 79 27 28 84 28 27 63 78 27 48 22 38 61 48 43 23 48 52 16 13 42 33 4 31 62 53 40 62 50 5 61 50 60 45 46 28 62 16 29 25 8 53 56 17 38 18 28 56 38 37 19 43 40 21 42 16 91 20 24 53 21 12 51 41 89 32 52 34 35 76 35 48 19 46 76 11 22 41 68 61 28 6 61 38 44 46 35 22 8 42 23 46 10 14 25 32 54 25 25 19 41 47 71 11 19 42 21 63 24 32 27 30 43 56 24 58 48 29 10 39 83 36 11 48 17 54 53 22 50 73 62 49 70 46 21 32 23 27 23 48
15 94 43 49 47 66 47 34 56 30 73 87 62 91 63 60 59 35 90 22 26 67 64 94 80 76 56 91 74 29 78 72 59 47 79 40 65 65 77 76 55 56 84 65 46 63 88 64 46 81 76 49 58 72 58 61 45 37 77 61 85 76 84 60 59 23 81 56 75 84 66 92 60 76 81 64 57 63 79 46 92 72 11 67 81 49 44 79 69 24 39 63 61 29 55 87 80 70 36 55 29 91 79 56 63 77 68 54 72 64 64 29 60 66 47 53 86 41 78 82 92 69 20 59 30 69 87 54 49 93 54 45 74 35 33 36 45 36 64 75 61 56 72 76 43 82 48 80 59 48 78 39 74 27 52 91 43 41 72 35 45 57 38 71 71 30 79 52 68 89 51 15 71 63 73 29 81 74 66 73 39 41 54 65 91 64 40 37 35 85 64 66 56 45 96 42 95 49 77 87 81 29 45 79 72 98 89 50 38 88 39 71 78 69 80 63 71 72 84 77 96 50 44 31 91 72 66 65 38 84 86 24 27 36 63 29 53 51 37 53 70 80 83 70 84 57 62 53 62 33 62 75 81 97 87 58 47 65 37 65 52 69 30 80 52 39 83 62 64 76 48 11 90 32 32 40 57 29 36 39 38 38 69 84 71 33 44 18 70 91 66 44 54 52 59 89 64 67 75 58 56 50 89 65 54 64 67 40 64 55 37 26 68 34 64 85 78 57 76 31 66 43 88 66 29 93 56 32 62 69 32 39 80 58 66 68 61 86 36 80 81 94 34 89 32 29 77 73 51 73 19 88 50 45 36 58 74 49 36 64 89 30 57 84 57 45 74 95 53 81 35 69 75 49 49 51 67 66 43 88 50 70 27 59 80 78 65 84 56 74 73 63 60 89 73 67 74 84 50 37 67 63 63 54 45 23 64 59 88 48 84 57 41 46 90 18 93 74 52 55 58 29 64 76 95 37 77 42 38 78 45 57 54 69 80 11 38 55 93 64 35 42 68 53 68 48 40 64 19 62 24 89 33 53 55 54 78 84 42 47 64 69 72 11 25 53 27 81 39 56 34 64 44 82 46 64 64 40 11 51 93 60 32 87 54 78 90 63 78 85 90 66 93 63 63 75 64 50 53 54
56 98 75 85 73 92 60 54 99 52 75 94 70 94 65 60 75 74 96 82 61 79 73 99 99 84 100 99 85 43 85 78 72 90 88 52 96 90 93 79 94 79 92 95 100 74 94 98 61 100 97 50 100 75 68 62 46 84 87 99 87 99 97 76 93 46 90 79 81 86 75 96 63 97 84 97 86 79 99 72 95 89 24 84 85 67 49 88 91 54 62 71 78 44 73 89 93 77 57 63 61 100 81 92 77 95 88 82 75 76 69 74 78 95 65 68 99 51 93 91 99 84 37 89 31 97 91 92 68 98 62 78 88 36 63 42 84 73 96 89 68 90 93 79 83 82 85 86 91 73 78 84 78 96 61 92 97 91 94 44 56 60 90 96 71 90 82 100 100 94 92 100 91 92 89 45 97 86 79 84 42 61 90 88 99 85 56 54 81 97 83 83 83 53 99 100 96 75 99 95 82 82 51 87 76 99 92 61 46 93 71 87 90 83 85 98 97 92 99 99 98 88 97 78 94 85 88 88 38 89 99 57 33 81 99 53 73 97 67 76 83 90 91 97 84 95 97 56 86 69 69 95 89 98 88 61 69 92 71 100 54 77 69 81 63 85 86 64 81 91 60 62 93 36 86 70 93 55 75 97 95 52 88 84 71 88 73 56 79 95 70 45 93 61 88 98 67 99 100 89 65 85 94 97 81 73 87 43 97 62 94 56 76 44 71 97 97 65 78 63 69 62 92 87 91 97 97 87 68 94 52 74 80 65 77 100 75 86 77 97 95 98 59 93 90 65 83 94 79 76 69 92 72 53 64 70 100 88 57 90 91 69 69 89 67 50 82 99 76 88 92 94 97 98 59 63 84 83 92 93 65 99 59 69 87 80 67 95 56 100 84 78 77 99 87 96 75 92 60 81 90 75 74 86 52 68 77 83 92 63 86 84 57 68 96 49 95 77 95 99 72 77 68 94 99 82 78 65 87 87 93 92 72 97 88 97 38 86 99 97 39 71 98 85 85 91 91 98 91 78 30 100 77 58 65 57 83 100 69 95 66 94 93 84 61 73 97 88 42 99 58 82 79 96 54 81 76 52 74 68 98 85 62 90 93 82 96 74 98 97 93 86 94 82 67 83 69 70 88 97

8 10 62 49 48 43 13 27 39 9 25 5 44 8 88 26 10 70 81 73 29 22 13 32 68 68 59 74 74 27 8 22 6 39 39 6 43 36 35 28 39 82 27 32 16 4 9 4 18 45 2 34 68 33 2 38 3 12 34 26 47 64 49 7 14 6 82 6 26 39 6 75 4 55 60 36 73 5 2 12 13 7 73 25 74 16 10 29 40 27 46 22 14 11 44 3 53 12 14 1 15 56 73 45 59 18 15 15 37 86 37 42 39 5 45 13 5 84 45 5 85 28 90 93 15 3 8 39 53 12 50 13 7 16 28 46 32 6 21 69 10 25 2 4 42 39 47 7 42 43 9 16 53 10 21 29 58 17 1 51 8 66 31 57 40 26 45 22 24 4 30 9 78 41 53 21 19 8 91 66 2 3 26 29 8 11 42 27 7 4 10 18 21 53 17 28 2 21 28 40 1 42 38 32 32 75 8 38 40 2 80 46 28 25 21 14 53 48 29 59 6 79 58 47 24 24 14 35 2 34 34 14 19 5 2 60 14 12 45 6 27 75 28 22 28 21 20 44 36 16 56 40 56 52 24 4 75 27 66 68 86 37 45 85 10 91 40 34 61 3 16 47 8 63 5 18 29 11 20 65 13 89 45 14 3 40 15 40 80 100 14 4 3 13 41 66 92 46 10 33 35 77 1 26 21 34 43 27 50 22 4 34 78 33 78 2 19 29 21 3 19 2 60 17 24 32 64 7 49 7 78 15 26 23 36 90 37 16 47 30 37 47 17 30 40 49 79 10 9 42 5 22 19 52 15 2 13 14 20 21 53 55 45 37 8 31 22 7 66 17 55 10 36 17 25 6 15 76 31 57 3 4 76 68 21 67 15 4 15 62 51 8 8 21 16 27 3 21 7 53 59 10 18 15 27 17 93 48 25 3 52 13 57 26 83 59 43 83 14 23 79 36 22 84 30 30 60 11 5 7 35 29 80 57 59 77 67 6 28 9 6 84 4 19 50 64 34 79 12 11 31 24 46 12 21 19 58 22 13 34 15 14 43 79 44 20 60 29 31 57 14 59 11 40 20 67 67 1 63 20 18 10 81 40 4 79 11 52 81 92 63 36 56 69 64 21 6 74 3 63
13 30 68 77 99 70 40 56 61 38 42 39 96 24 94 66 18 91 96 87 40 48 87 70 75 74 67 83 84 38 68 60 38 96 60 84 60 57 53 63 93 86 55 98 99 96 75 39 45 82 27 40 72 37 43 49 88 47 35 74 69 70 96 32 86 8 100 74 62 85 71 98 95 85 62 94 74 71 50 73 77 51 75 90 96 78 36 85 48 81 65 38 72 12 100 63 60 99 55 43 17 73 93 48 62 67 90 16 68 91 66 69 63 76 84 67 11 87 88 34 90 86 94 94 63 42 100 56 59 76 51 85 40 53 68 58 69 32 39 80 97 67 56 83 94 100 89 56 48 63 81 77 85 59 59 76 78 31 61 72 74 90 83 65 89 68 78 78 25 98 68 88 85 85 62 32 21 67 97 100 33 12 53 78 99 75 86 41 31 96 34 39 95 74 79 76 54 56 79 85 56 48 52 41 52 99 49 40 55 31 86 61 51 59 22 57 95 51 46 68 75 100 80 56 72 71 23 76 31 58 81 25 59 70 61 85 26 45 65 69 75 84 83 57 96 76 50 61 50 76 71 93 76 81 72 97 80 41 70 84 96 51 86 95 25 92 86 45 87 35 47 75 54 90 79 35 78 74 71 97 24 93 74 26 81 99 55 64 85 100 23 47 86 53 98 93 93 65 30 93 90 96 20 62 62 96 92 49 78 42 61 98 83 65 100 64 40 93 88 97 43 42 92 99 54 100 86 30 63 36 88 74 36 33 46 91 81 24 97 50 59 84 99 78 78 99 96 95 12 95 86 36 50 87 45 87 61 79 37 99 64 66 75 66 32 49 100 54 69 100 59 31 87 17 46 40 80 78 64 94 83 24 84 79 46 89 94 7 38 96 51 75 95 80 54 29 70 73 92 73 93 81 39 80 44 92 94 68 87 9 81 47 77 93 84 72 48 95 32 90 91 52 53 88 46 87 79 44 36 32 91 46 86 69 81 98 98 54 58 89 72 93 59 21 60 95 77 81 34 75 61 92 56 17 27 93 62 35 52 59 52 91 76 90 50 48 96 97 44 80 53 78 59 67 100 94 85 62 77 61 88 38 82 80 91 81 72 80 96 98 69 69 97 83 95 89 7 82 58 85

169 3466 2587 507 1691 538 442 414 542 44 433 205 5459 229 1910 1341 2357 2621 366 1225 203 718 2538 794 850 877 139 1823 3580 320 418 97 166 1410 3047 227 146 1470 5361 348 3110 862 427 153 319 503 461 1141 4093 671 266 113 3015 264 1708 3815 3034 59 997 334 144 1102 191 1182 278 881 1720 275 244 99 277 1054 1393 1212 1377 1530 1957 433 87 802 1578 1194 3007 8002 5283 409 635 2255 762 1758 424 2076 1021 3284 497 318 178 728 674 169 827 1069 1148 107 420 1144 62 6108 163 398 146 1254 604 450 905 54 3827 649 556 806 3501 854 4761 3224 3003 1505 2590 315 3893 212 2523 252 4455 232 197 768 2153 313 996 774 2488 428 257 830 233 173 1643 2365 767 396 1304 256 849 104 98 2139 6504 2312 396 75 1762 626 1512 1015 850 2819 409 459 93 373 197 544 1669 487 978 889 2942 1247 702 183 91 1221 2258 1743 1270 1029 260 1256 36 581 853 2749 328 232 175 2503 4281 362 1943 4114 5925 2051 2128 1900 288 331 1401 3006 4870 599 706 1304 395 380 1074 2397 3728 376 132 1461 797 112 648 952 785 832 2353 61 2620 224 624 2406 1761 2260 539 1668 417 2487 72 1093 640 1340 2495 1092 368 579 2734 995 257 181 4542 287 181 1630 2266 1858 486 380 2804 711 7974 1736 2743 1587 1041 808 388 937 3475 2014 167 3601 3857 1604 1299 5291 559 1898 4040 1633 476 2036 64 1617 2788 1706 1821 303 35 3363 938 398 2901 950 489 1144 1250 984 421 83 205 802 1562 637 421 2451 255 247 733 386 414 4434 773 2008 429 330 1890 853 2212 4046 129 1896 43 1479 652 540 1295 2386 3818 448 1017 1067 986 601 842 2383 963 1222 399 268 1946 993 667 1189 2824 1249 121 546 3868 1048 375 165 1276 538 1689 938 1231 3429 1916 992 553 221 15 405 329 838 2058 328 439 1797 621 140 319 140 94 1808 1905 1180 581 821 146 287 199 112 500 218 519 459 3060 324 1525 749 921 1359 3777 353 1105 1269 103 6573 2598 414 591 323 898 1339 1195 203 3492 1149 2608 727 669 572 333 739 4312 676 346 1525 422 1343 1550 526 2661 4983 706 4604 1891 721 200 270 544 573 375 3209 1483 292 1445 774 3835 772 390 623 2725 2434 747 3639 514 1472 777 1128 346 3841 197 488 398 254 539 94 1206 317 1209 645 473 473 937 283 160 3715 137 283 672 5770 625 552 901 328 873 1335 516 5480 3017 759 225 183 871 281 188 1108 247 1079 2852 185 1879 1267 998 29 2202 1053
1724 5442 3625 1163 1805 1115 1169 746 1688 1192 2462 3255 7544 1679 3024 1559 2403 2632 2239 1245 2665 1473 6556 6805 2929 4221 1827 5321 4511 475 1486 2404 1259 1974 3561 1695 594 1883 7790 412 4201 1733 981 3688 944 1485 1963 2712 4127 697 287 2986 3127 5125 2271 3871 4789 864 1475 734 689 2153 4981 1466 1457 1913 3196 724 563 216 3907 1165 3402 1751 3431 1779 2065 1358 744 928 2600 1211 5523 8691 6198 1040 4905 3607 1057 2215 893 2778 2166 3634 3374 630 524 3942 2510 853 838 1490 5284 2325 1146 1489 5031 6711 763 502 464 1689 673 535 1527 594 4718 835 6767 889 4547 1905 7274 4523 4405 3108 3120 828 5397 3163 4223 1754 5778 1220 923 2038 2974 379 8245 2385 4206 1350 281 1905 398 415 4661 3118 3160 844 1625 1118 2536 1975 5299 2553 7876 5737 2614 885 2680 985 2039 1541 2111 3252 704 1928 481 403 1006 815 6068 2157 1102 2193 3038 1420 1170 794 1047 1531 4669 1803 1536 1304 553 4484 3590 922 2372 5491 636 1938 2702 2813 5358 928 4236 4350 6542 4078 4489 2054 1774 1500 1530 3044 6460 717 1673 1474 4772 2386 7675 3867 3907 863 802 7254 8294 2315 674 1649 1456 2006 2473 580 4718 768 789 3185 4844 2550 1245 2730 854 3034 738 2548 672 1357 5014 1683 2764 592 3900 1665 366 1271 4557 1300 1044 1781 3146 2042 1300 2034 5177 1025 8916 1845 2940 3172 1467 1493 907 2070 4065 4284 1227 4440 6200 1626 1526 7760 1153 2831 4716 5449 2335 2065 549 2844 5509 2450 2648 842 127 3954 4970 417 4559 1144 4743 1880 2008 1758 1095 560 2292 2536 3895 711 2841 4432 2292 947 873 1193 621 6981 1407 5949 1850 532 2671 2540 3363 8668 2548 3273 809 1545 1090 688 2001 3056 6099 536 2246 1327 4528 1943 1355 2622 5527 3051 532 315 2371 1237 850 1431 5999 3814 737 655 4259 2539 1844 1070 3004 1124 2154 1791 2836 3738 4076 1092 2113 2039 435 5086 885 2290 2644 679 5122 3422 622 2149 2652 1138 1074 5015 1912 1313 954 1050 4054 453 406 309 1537 1183 1466 2076 4399 1088 3144 1530 1082 2085 4387 4435 2409 1937 369 7242 3693 879 1457 897 1212 1469 1372 283 4348 1712 6223 1366 820 1393 2014 1545 4709 3722 394 2220 1977 2132 1730 8408 4105 5246 1443 7153 5762 808 1537 293 961 2565 3136 3506 1489 1128 1515 2417 4707 815 1668 1380 3475 4958 852 3773 867 2196 1977 1273 827 6180 2997 1625 1546 358 546 1666 1614 1749 2116 975 2796 2687 1310 718 1588 4966 186 830 944 5858 3776 888 1227 1818 1791 3133 570 7987 3918 1018 696 619 2168 1202 380 1309 1319 2096 3875 1609 2148 2624 1705 1271 2630 1396
1880 6316 3792 1991 8396 2057 4745 1232 2717 1779 2683 4310 8441 1765 3676 2962 3175 3430 2398 1764 2903 1664 9349 7522 4996 8256 2425 8033 5127 633 2639 2448 1765 2497 6829 2401 1007 2548 8175 927 6740 2714 2718 4545 1644 1545 2016 4045 6704 1221 771 3011 4053 6623 4148 4713 8056 1379 2687 1495 765 3934 7799 1847 2460 2158 3933 1552 2968 635 4073 1872 3921 4444 4909 1909 2900 3075 1778 4795 8849 1260 7418 8701 9828 1328 5505 6008 1439 2802 1923 3220 3576 6898 9381 1780 575 4098 2722 1092 1890 3742 7137 3375 1981 3589 5541 8167 3236 615 903 2043 1204 816 4146 1318 4902 1644 7831 1177 5684 4214 8944 5015 4620 7059 6614 2071 9512 3424 5242 2518 5894 1394 2907 2969 4247 1805 8488 2814 5842 1379 605 2774 1923 558 8298 3212 3474 1542 3097 1255 4176 3338 9425 4196 9338 6307 7178 2190 3495 1456 2089 3359 4965 4644 1620 2419 896 2925 1308 1054 6623 3305 2606 2440 4840 1738 2097 1266 1571 3821 5306 2001 4514 4245 735 5503 4072 1721 3920 8519 979 3031 4138 2814 8526 7769 4496 6703 6657 4421 4977 2062 5950 2186 1667 3323 7609 722 1846 5221 7766 2427 9351 8306 4683 980 933 8452 8445 3019 2001 1705 4317 2306 3448 2026 7972 1066 1395 8500 6614 3509 2798 2770 1777 6045 1026 8614 1777 3233 6845 2430 3664 659 8786 2698 1142 1483 5300 2348 1141 2929 7944 2695 2289 2492 5752 1167 8986 1869 6514 4452 1675 3997 1850 2519 4194 5598 1567 6206 7609 4011 1808 8612 1581 4965 4974 5730 2904 4618 1052 3065 5824 3712 3884 1013 882 7132 9023 588 6171 1633 5415 2302 2798 8547 1257 1051 2440 4194 3983 760 3272 8785 3030 3458 2908 1425 2112 9665 1502 8434 2107 717 3035 2854 3815 9957 5325 3865 1127 2109 1388 758 2372 7783 6710 1940 4380 1889 4655 3903 1908 2644 8700 5987 1458 698 3480 2028 1038 1510 7854 4752 1068 1072 4450 3512 2180 1923 4428 1418 2488 1846 3389 6585 5497 1609 2373 2212 1215 8902 1288 2487 2743 821 6799 3662 1091 2205 4908 1464 1633 7301 2810 1612 1136 6223 6566 1626 680 1327 1667 2176 1527 4219 4544 1938 3560 1881 1899 3929 4829 4647 3055 2323 751 7328 3926 4530 3926 1077 1426 2166 1802 440 9187 2076 8839 1689 1101 1767 5789 1760 8260 4177 1054 3077 2186 2426 1915 8674 7399 7427 2177 9288 6554 2028 2393 384 972 2676 3383 3796 3585 1896 1924 3718 5129 1463 1727 1750 6862 7519 927 4866 1028 2964 2332 1479 860 7284 3347 4280 3865 3302 1623 1675 1967 3872 2149 2118 3053 3099 2790 1303 2288 8165 1091 899 1393 6992 3919 999 2068 2401 3354 3178 1755 8850 8731 1561 3010 1497 6320 2199 1912 1571 2925 2934 4009 2283 2306 2796 2352 2015 3418 1715
3435 8762 4671 4850 9834 2384 6684 2428 4060 2588 2717 4527 9509 2367 4366 3719 4635 4953 4185 3192 7662 2183 9902 8371 9670 9432 2441 10063 5161 765 4655 7410 2068 2498 7825 3532 1683 4197 9196 4389 10064 3806 4191 6509 3688 2017 3080 4549 8310 2446 1333 3996 4510 8770 4662 4865 8216 1868 4583 4286 2050 4064 9057 1998 4099 6970 4180 2375 4965 696 4779 4817 4155 7207 9284 2267 4560 4082 1900 4797 9253 1901 7973 9502 9857 2392 5974 7171 1869 4332 2437 3482 4831 10057 9813 2358 1475 4482 4631 2316 7998 4354 7773 9604 2291 8177 7018 8637 4520 1575 2467 2127 2019 1190 4160 1825 4959 2197 9739 2185 7135 9343 9379 5041 5645 8628 7824 2268 9637 4434 8834 3128 6421 5971 4443 7905 4791 3509 8595 3955 7059 1423 2276 4571 2236 644 8838 4008 4096 2254 3127 1360 8980 4775 9534 5536 9834 9553 9792 2392 4403 1915 2474 3864 4986 4847 2112 2457 5814 4403 3687 1398 9082 4949 2784 2537 4957 2515 2341 5326 2884 4466 6278 3525 4917 4573 2010 9172 4975 2117 4397 8804 1782 3831 9862 3782 8875 9839 4509 6847 7925 4549 7970 2314 8801 2415 1762 3371 8253 979 3669 7228 7959 2535 9451 8746 9616 4505 1264 9286 9615 4444 2079 2508 4626 3266 4455 2470 9551 4238 1760 9673 8863 4496 2803 3668 2011 6849 1071 9065 2133 4322 9316 4232 4584 1743 8931 4435 2492 2023 8190 4852 1192 5035 8000 4448 2413 5051 7274 2374 9424 1941 8652 8657 2521 4427 2411 3760 4256 6920 2311 10013 8838 4185 2328 9585 2165 9925 5087 9073 4764 5039 2444 4425 8860 4972 6403 4368 3026 8140 9359 2213 7159 2505 5585 2368 2800 8673 1822 1339 2808 6683 4445 888 3289 9882 5019 4227 4406 4575 2522 9908 1700 9216 2471 2587 4151 2905 4641 10027 7507 4945 1206 2586 2178 2276 5006 9816 8399 2264 4901 1981 8156 4185 2025 4403 9082 7033 1904 869 4678 2508 1097 2348 8712 9352 2028 2467 4472 3659 2404 2205 4832 1932 2503 2239 3413 7369 8212 1663 2479 2395 1711 9706 1996 3483 3000 1801 7970 4516 2371 2577 8529 2417 2434 8830 3644 4200 1939 6946 7679 2163 2084 1939 4201 2534 8453 4674 9657 2126 3612 2302 2250 5002 4900 5051 3392 4435 865 7624 4567 4818 4943 2383 4618 2468 2517 1040 9541 2325 9585 2135 2547 2384 7081 1934 9939 4357 2124 3885 2358 3405 2016 9325 9278 9731 2580 9607 7814 2278 3312 2454 2529 4868 3440 3934 4749 2349 2293 4867 6010 1842 1948 4634 8309 7730 3989 5254 1933 8930 2475 1642 2452 9605 3687 7388 4204 3459 2421 1799 2169 8238 2444 2173 4265 3602 5044 2180 5348 8165 1547 1082 1599 9715 4735 1168 2509 4984 3865 5027 2248 9051 9402 3342 4016 2994 8242 2455 2313 2255 4483 3930 4529 2469 3126 4874 5969 2426 3801 2381

60 2041 434 498 365 448 117 141 264 32 114 48 3256 71 550 1160 1947 1452 188 164 170 695 1711 561 741 594 58 564 3566 272 192 91 63 1386 2657 119 125 1281 4326 238 1840 818 389 30 235 314 272 996 2089 313 179 64 1552 259 1339 2475 506 58 316 234 126 1098 132 1065 232 791 242 250 242 65 226 618 979 635 1301 1227 956 242 55 302 834 1050 1246 3385 4428 334 416 1902 639 847 277 1519 1005 872 372 91 106 261 533 112 715 567 640 82 395 1084 21 5918 65 236 84 1123 349 365 799 19 3233 455 305 514 2330 196 2039 351 2819 1431 1802 49 1288 196 651 208 3867 219 47 765 2104 219 602 161 1090 132 130 735 220 101 1279 2030 535 229 1268 247 501 59 69 1936 1080 1546 237 70 1718 617 704 634 546 507 246 427 11 219 129 129 612 439 898 780 1890 271 658 139 43 1063 1479 1458 512 295 198 795 14 427 773 2371 320 184 91 2475 3812 218 972 2002 5911 1640 1969 1454 286 150 919 2697 2643 344 529 1235 281 367 646 1354 3220 264 26 1267 766 88 531 768 741 709 871 21 1804 194 621 1836 1217 1983 187 1330 413 2254 7 1044 134 1028 2115 896 312 505 121 447 142 161 3411 278 56 480 1803 887 99 256 2452 373 6889 1180 2040 1136 939 345 356 530 2437 1981 138 1219 2439 1576 828 4990 490 1606 3928 1103 405 1814 31 655 2041 1098 1528 223 31 2853 911 209 2423 940 102 998 541 260 297 69 170 683 1060 317 269 557 220 88 536 103 188 3193 664 957 234 255 1578 158 1793 3264 116 293 32 1326 524 140 492 1362 2885 417 984 882 430 379 740 2043 882 444 77 239 1100 537 480 274 2164 1132 73 404 1569 1008 340 93 1214 375 779 606 1173 3345 1330 684 346 152 14 89 296 513 1543 245 194 868 550 57 240 123 50 1785 1022 1035 533 641 124 173 76 51 166 124 503 259 2921 268 1302 646 850 952 3189 184 891 1250 68 6371 1739 323 266 282 719 584 1143 180 2596 281 1632 261 613 412 179 386 4254 295 203 1332 261 1088 1041 517 2584 359 537 3521 1251 598 131 205 401 473 258 1363 1149 249 648 426 3539 718 220 231 2681 2100 586 2932 431 832 287 927 138 2927 180 64 280 227 280 92 767 37 1150 454 408 252 754 169 86 3349 128 280 293 4102 493 483 315 240 843 950 139 5220 1395 725 159 162 776 144 176 505 162 512 1889 82 1471 1053 281 21 1890 732
38 1518 325 358 346 235 111 113 169 1 32 14 2811 37 285 757 1020 1271 93 161 34 643 1368 466 234 165 43 7 2220 166 98 12 48 883 1656 79 51 262 450 68 729 399 57 19 176 208 63 51 1716 11 62 46 919 194 264 664 465 47 54 28 24 535 11 458 212 221 173 246 145 37 23 19 969 300 1268 193 882 173 6 111 297 108 233 3091 4234 200 407 1014 30 224 269 1176 59 641 220 76 39 18 42 55 213 497 292 31 177 1023 11 4011 23 114 75 447 305 130 592 8 2173 236 157 127 1026 172 1128 298 1313 38 1160 48 1005 189 337 58 215 45 11 523 784 51 225 62 91 93 76 76 208 22 390 1019 151 121 806 51 183 47 4 705 426 275 215 45 828 133 512 404 41 195 164 159 5 100 126 73 238 360 401 300 1748 210 210 114 29 519 817 1390 464 246 56 633 11 240 228 1447 200 80 11 1297 1443 208 546 1211 4848 557 945 737 255 12 897 1446 2149 187 522 842 280 289 447 1254 746 39 3 8 484 79 306 53 48 316 428 16 841 76 499 212 462 1247 86 1301 358 2229 5 236 82 266 21 189 295 127 76 118 111 139 819 15 44 37 600 534 33 144 1736 223 1671 184 1621 822 890 227 119 263 1228 1118 125 33 936 73 226 810 233 708 2897 291 371 1031 15 352 947 430 187 88 10 723 606 196 1138 136 43 166 420 133 216 46 87 180 684 108 207 311 166 73 366 78 167 2109 9 518 38 16 732 10 923 1067 50 231 7 1113 515 17 311 455 923 386 220 502 41 147 437 1848 583 216 30 43 49 410 233 255 824 439 9 133 603 819 146 16 342 161 722 137 950 1103 330 487 252 58 8 5 260 237 815 33 46 865 455 30 203 30 35 794 108 38 437 471 53 101 43 25 27 9 393 249 1329 169 1120 337 137 788 865 17 839 280 42 4618 747 125 138 161 527 246 425 6 884 6 673 213 337 334 100 79 2206 137 49 682 26 680 250 75 2482 295 529 144 281 580 3 105 119 203 57 415 184 147 32 301 774 231 117 85 2402 325 433 2531 74 500 237 258 26 868 50 5 232 74 157 10 119 34 606 31 209 175 336 5 2 879 80 49 291 2274 353 397 247 33 754 852 125 4020 729 315 158 23 590 45 140 206 25 132 1447 26 460 1050 28 10 495 225
