500 4 2
93 27 31 35 83 64 65 76 57 8 91 68 64 76 37 80 36 31 88 12 24 44 19 51 15 56 90 26 21 33 19 12 31 13 4 36 65 75 25 62 16 24 50 98 75 49 16 27 18 5 52 51 76 56 77 88 85 36 39 51 43 50 44 53 36 85 52 23 87 46 94 22 90 70 64 26 14 20 81 3 86 37 26 77 7 84 96 24 22 61 44 89 54 20 7 30 12 17 32 62 19 96 65 96 70 71 89 43 21 12 14 53 11 87 76 11 52 88 28 3 62 20 10 84 12 75 38 41 29 84 26 32 14 52 20 96 59 69 43 62 45 68 11 58 78 62 8 73 8 76 73 52 71 70 24 62 27 54 67 13 32 12 30 17 50 7 90 8 3 17 98 12 74 91 46 70 97 35 63 38 87 39 22 23 14 75 43 25 22 90 51 43 18 43 56 58 70 33 35 5 99 13 84 55 21 9 16 26 67 95 3 31 9 76 25 39 20 100 84 51 22 36 87 21 64 56 76 78 58 71 76 21 27 93 5 29 79 5 62 32 27 87 29 87 57 31 66 96 17 53 44 35 81 97 22 92 45 68 2 98 39 93 5 3 24 6 2 52 50 3 86 91 8 9 5 50 26 16 88 66 53 66 100 73 59 44 18 1 31 7 56 33 26 38 40 29 33 1 50 87 3 84 63 95 88 65 86 85 35 45 54 2 17 86 54 8 3 62 97 83 29 75 50 85 57 43 53 51 65 55 96 32 68 35 1 43 28 24 88 42 42 19 59 86 88 91 39 2 19 83 40 11 78 47 98 3 66 47 45 59 49 46 59 21 16 3 33 6 19 83 62 43 80 88 75 99 26 55 68 59 24 57 13 27 12 44 80 100 49 41 98 70 70 30 92 97 89 33 76 84 24 50 38 28 29 48 59 81 89 68 56 26 97 47 70 46 17 49 1 12 4 19 74 45 36 73 40 24 79 15 74 93 16 34 64 84 83 36 65 36 58 82 94 55 34 89 43 90 81 8 6 100 47 81 65 72 80 61 49 68 47 54 42 5 7 27 13 29 82 12 23 60 19 55 76 23 53 38 68 3 93 13 29 84 79 17 50 74 64 41 5 22 78 8 48 59 95 55 17 95

29 2 17 39 32 33 10 6 3 30 3 73 5 8 1 2 29 3 1 6 3 16 5 15 34 24 2 12 13 11 14 65 19 31 1 21 6 14 8 37 31 49 42 2 16 56 22 3 3 7 3 30 49 1 5 40 7 11 46 12 38 14 25 21 15 12 30 36 42 28 47 51 12 29 9 2 22 5 13 18 5 14 28 45 10 18 41 16 15 48 1 29 3 8 46 4 9 23 29 23 28 7 13 20 16 7 18 29 27 37 47 11 3 16 52 20 36 12 15 10 20 9 31 15 5 33 18 6 9 24 7 12 4 24 14 12 30 9 15 16 18 18 1 38 7 6 27 14 13 4 10 45 19 16 4 75 49 12 2 46 34 20 27 12 35 31 14 4 15 5 32 2 19 14 41 12 6 56 9 3 4 11 7 12 5 6 5 6 39 39 58 19 21 26 14 39 29 7 12 63 36 19 48 19 7 23 18 35 26 7 2 66 2 2 25 23 18 20 56 35 34 8 12 20 13 12 19 43 3 34 12 6 7 10 39 3 65 36 19 9 4 4 42 53 4 38 4 38 7 4 13 6 27 10 35 40 1 39 27 45 16 1 33 21 16 25 8 20 8 1 52 6 18 10 24 46 38 30 66 17 1 28 32 11 14 10 12 73 45 19 21 28 17 11 42 32 6 51 8 3 1 28 15 4 13 1 28 4 3 53 52 32 17 30 21 34 23 17 8 3 6 12 14 1 5 6 52 9 43 44 2 13 3 12 50 1 12 36 21 5 8 3 11 6 11 29 44 27 45 13 14 27 10 1 29 57 9 59 34 17 29 6 3 45 31 10 24 22 12 17 22 14 10 5 5 4 10 15 18 11 7 6 25 2 10 49 23 19 11 21 5 10 5 6 10 33 20 31 3 33 3 34 18 16 37 20 14 50 7 22 24 28 25 37 7 14 9 35 5 4 8 32 9 26 4 11 12 3 2 24 17 12 8 1 47 5 2 15 42 13 32 14 5 47 28 50 8 3 11 28 5 27 26 33 21 9 30 26 19 18 50 6 77 28 8 46 34 15 5 24 30 40 15 66 36 42 1 56 42 9 57 2 15 37 7 11 10 46 47 32 20 4 28 3 19 30 62 52 40 18
31 28 64 52 50 40 50 15 29 54 32 86 32 68 85 13 30 38 75 16 85 33 47 28 37 56 23 17 16 63 21 80 23 62 4 53 7 25 37 50 33 60 56 7 18 87 35 55 32 40 14 34 60 21 11 45 18 36 55 32 59 54 27 86 50 33 31 39 49 39 48 53 17 55 40 43 44 57 19 69 77 45 61 52 15 25 53 22 24 54 5 34 36 34 57 76 34 30 46 50 28 30 42 22 17 45 23 48 58 82 73 51 50 42 55 22 40 24 30 53 34 20 56 54 17 40 42 11 19 44 11 15 32 42 18 37 41 86 55 24 39 34 14 55 12 21 94 40 15 26 35 50 54 30 45 81 50 17 28 47 49 58 38 41 55 36 17 45 52 49 65 53 23 55 44 29 63 97 36 9 19 33 11 47 8 12 75 75 55 39 59 47 48 38 38 50 40 31 43 67 43 42 58 24 17 77 27 54 61 32 34 68 10 50 46 48 56 21 82 42 60 21 27 44 21 19 27 56 41 62 50 8 54 52 63 63 67 42 40 46 21 39 63 55 14 52 40 78 17 12 66 41 48 58 43 74 54 54 36 54 43 10 57 52 16 44 26 24 19 34 73 35 36 51 27 49 51 46 78 63 35 35 46 73 64 26 63 78 77 31 63 51 34 22 49 56 37 77 20 32 3 52 44 6 20 15 38 5 29 59 59 37 25 36 62 51 43 30 24 16 39 30 20 18 46 9 63 16 58 87 34 49 45 38 54 27 50 65 37 30 24 38 12 7 12 31 70 30 48 55 16 28 26 50 39 58 19 71 45 32 67 20 13 45 57 26 30 52 26 50 43 30 16 66 29 22 17 16 28 33 18 7 44 16 22 57 38 37 52 24 7 52 17 69 38 66 45 72 12 40 14 62 33 22 43 20 16 52 22 22 33 31 26 37 18 43 24 64 29 38 15 33 74 33 16 16 22 6 14 54 22 22 50 11 59 15 8 56 57 62 71 22 19 76 29 67 48 15 26 35 24 58 41 42 39 31 66 44 36 30 55 28 82 51 33 58 55 61 47 54 53 58 52 68 83 72 37 59 46 40 59 29 22 37 20 54 32 63 51 50 29 43 71 21 39 52 71 54 73 56
40 62 72 81 79 90 60 44 40 65 57 88 43 100 91 16 64 39 95 61 93 34 51 46 53 91 65 73 91 82 54 81 27 67 4 78 16 38 71 62 68 76 69 22 60 88 41 63 67 76 26 87 70 25 24 61 85 69 61 38 78 62 38 89 60 80 38 66 60 73 53 73 35 68 41 59 82 72 46 72 82 85 63 86 81 62 83 24 56 73 29 71 51 59 63 85 40 35 48 67 64 58 44 32 21 54 72 63 59 86 85 72 81 77 58 63 51 33 38 59 51 35 73 85 50 67 53 17 37 55 14 40 82 79 56 86 84 89 64 32 43 57 51 85 26 26 95 48 22 84 47 57 59 62 65 86 62 48 61 77 91 72 45 50 70 39 21 68 57 52 90 57 29 70 69 44 97 98 53 48 50 48 95 51 39 72 88 78 61 62 64 58 50 73 61 73 57 57 43 81 51 53 92 39 31 80 55 67 67 37 39 74 33 85 48 51 62 46 86 66 67 61 86 61 91 33 36 61 46 68 55 17 87 55 80 64 73 49 58 48 32 52 65 59 24 67 46 83 55 64 85 80 49 59 45 82 87 66 48 76 67 16 77 56 38 46 77 82 47 56 78 46 61 63 49 60 62 49 82 78 38 76 71 91 65 46 64 95 85 39 65 68 67 28 64 98 60 93 20 49 37 61 76 28 66 43 40 29 42 89 72 50 39 70 69 68 68 40 41 91 64 38 40 73 59 72 80 32 63 89 50 52 81 77 59 38 53 83 67 44 42 39 47 11 39 42 79 76 54 72 25 54 56 64 75 59 20 75 84 42 70 61 80 81 58 26 45 62 40 63 45 56 52 73 34 47 46 41 47 40 81 56 48 48 59 91 46 58 74 32 27 57 82 83 46 74 77 94 72 41 26 80 58 38 62 67 32 55 85 30 43 42 44 45 30 56 30 86 41 62 42 61 74 72 79 33 61 43 35 75 81 45 60 20 65 71 69 68 68 84 81 45 84 82 93 82 70 28 43 36 34 70 48 44 56 42 91 52 45 63 82 44 83 68 82 64 63 70 61 59 61 67 86 84 84 78 38 68 62 51 91 42 39 38 42 58 39 72 73 52 55 65 71 64 67 59 90 60 84 68
64 88 99 97 81 95 80 49 40 89 73 100 100 100 92 37 93 84 99 84 100 81 81 86 98 91 75 94 100 89 74 100 40 91 24 91 34 88 74 81 85 81 86 83 84 90 81 88 83 96 84 87 81 69 36 100 99 83 94 91 94 93 76 99 70 86 96 94 100 79 74 90 50 100 64 99 96 72 96 100 82 99 69 100 90 100 89 97 95 86 100 80 59 60 76 87 50 50 95 99 79 65 75 44 93 96 87 72 95 88 87 73 98 81 96 84 100 97 61 67 92 78 89 93 90 100 69 80 80 100 82 58 99 99 87 86 95 98 66 35 51 58 54 87 43 44 97 74 72 91 57 84 62 92 71 97 88 55 96 78 92 99 51 94 80 51 23 91 79 91 97 60 79 75 95 69 98 98 94 54 71 61 100 96 62 75 93 91 100 74 72 59 53 94 74 74 96 85 81 92 87 70 100 50 44 92 65 89 76 76 41 78 43 88 84 67 93 92 91 80 91 88 89 66 91 91 85 63 67 77 58 47 91 93 83 74 80 68 58 76 86 82 91 96 89 99 74 89 73 95 85 97 63 70 46 84 90 66 73 100 81 49 84 62 56 71 90 94 82 89 84 55 63 64 51 71 73 93 89 95 75 96 96 92 80 97 98 96 86 83 94 68 76 74 90 99 98 94 26 91 82 99 78 48 66 98 64 93 50 98 81 69 47 86 77 98 68 93 96 100 94 63 73 98 77 88 82 99 84 89 83 55 90 92 80 42 71 93 100 94 99 100 62 75 63 52 97 76 95 84 92 87 73 65 77 72 23 95 87 69 87 71 99 100 94 85 82 70 59 89 74 61 70 99 87 83 87 42 90 97 88 96 60 100 80 94 67 100 99 89 47 68 83 89 75 88 93 95 94 59 39 100 70 56 68 91 42 91 98 91 54 51 50 89 73 72 89 99 61 89 71 94 97 77 89 46 77 58 74 75 95 51 95 97 76 72 70 94 71 99 97 70 92 87 100 97 97 48 92 68 73 88 53 93 65 96 98 79 54 76 95 52 98 80 84 68 69 91 69 68 95 88 99 95 94 90 60 91 89 73 96 98 50 66 68 83 46 75 89 92 55 76 93 93 87 71 94 88 87 87

27 5 60 42 26 47 13 60 48 51 52 27 24 4 2 62 8 70 66 20 67 2 74 7 20 4 11 41 35 16 5 30 38 28 7 26 9 29 13 47 24 32 10 3 68 6 7 23 34 70 19 15 60 52 81 16 3 27 4 17 31 62 73 7 46 38 44 10 15 39 5 41 49 28 38 21 6 79 63 27 44 20 6 50 2 58 41 16 40 3 6 59 30 1 69 67 85 52 42 49 23 87 68 41 13 30 22 10 6 9 19 4 58 8 17 77 16 32 30 1 60 28 12 30 34 18 45 39 58 8 54 15 84 5 15 41 11 71 41 45 81 33 5 22 22 4 43 25 28 50 48 38 40 13 57 21 80 57 43 35 17 54 38 52 69 12 50 43 41 60 48 5 21 59 27 25 7 40 38 45 2 45 66 8 3 58 17 42 62 8 12 26 15 10 19 1 31 25 34 18 22 41 18 20 29 19 50 40 47 2 58 57 21 39 24 36 77 50 30 59 24 48 52 20 45 39 8 48 24 21 56 26 58 24 43 80 5 8 84 30 2 7 18 14 17 14 11 24 51 7 21 34 75 12 30 68 23 6 14 59 38 7 34 87 28 34 49 33 14 9 53 44 20 34 59 33 4 2 74 4 78 22 31 30 37 19 10 46 9 70 2 86 73 91 11 47 14 46 26 7 23 39 22 5 36 40 15 11 12 85 50 17 33 20 20 33 16 47 37 30 34 38 9 3 41 39 33 37 25 45 57 51 43 9 37 54 22 47 4 39 7 62 70 53 82 36 25 41 34 56 64 16 75 46 51 29 22 24 44 88 87 64 42 54 72 35 22 4 46 31 37 40 20 27 64 73 16 31 8 11 69 32 86 38 22 3 7 64 71 50 77 30 36 47 50 20 26 32 30 14 7 29 83 2 37 30 55 20 36 24 3 69 49 48 1 26 3 28 36 68 47 45 12 1 12 26 29 25 30 4 33 30 42 46 90 33 16 31 41 29 5 8 14 2 28 5 31 9 3 14 6 37 9 43 1 66 69 12 4 39 35 15 34 10 42 57 11 76 69 42 7 30 55 35 37 7 36 31 50 10 23 21 44 12 48 41 3 86 92 35 70 65 2 5 51 5 65 33 4 15
78 58 73 57 26 56 85 65 79 76 89 83 82 74 68 83 17 91 69 49 83 69 85 99 60 5 24 96 41 96 82 43 49 51 95 46 31 93 97 72 45 73 60 75 100 61 28 69 100 71 53 54 74 99 97 23 13 92 83 28 76 75 74 91 47 64 84 27 37 42 11 49 74 42 80 97 89 84 76 42 84 51 98 78 36 94 76 94 96 100 38 80 80 45 86 81 89 95 91 57 39 95 91 57 18 37 89 77 30 20 99 98 99 54 23 97 61 37 78 43 86 32 56 91 70 54 95 92 83 41 77 30 86 94 66 89 27 92 52 60 92 43 77 67 41 55 56 43 49 50 66 73 83 39 79 72 90 62 78 70 38 73 89 92 77 60 99 100 81 86 74 60 57 100 30 79 83 58 83 100 51 77 77 39 88 64 63 67 66 69 44 30 52 83 20 49 91 85 90 67 29 66 71 36 63 92 50 73 75 41 94 88 44 45 82 64 84 75 95 59 40 54 80 62 79 67 22 84 50 66 67 26 87 42 47 82 78 93 99 84 39 100 36 32 48 78 74 65 81 73 95 78 98 89 67 88 51 52 99 66 43 38 73 98 30 68 68 54 33 62 95 76 89 63 77 40 60 16 90 5 87 78 80 83 71 73 68 55 39 82 67 96 78 92 78 81 51 57 41 37 95 73 86 39 68 79 18 91 40 100 76 80 85 60 95 75 29 70 64 63 94 55 13 58 71 77 53 71 89 84 67 70 57 35 54 81 67 64 59 74 96 74 70 73 86 36 79 45 62 79 99 28 93 91 97 61 32 74 62 91 87 84 99 67 93 40 97 52 48 88 74 57 57 37 77 95 57 40 13 58 86 75 87 77 100 48 36 69 93 98 83 99 49 66 62 64 75 89 96 40 15 51 88 26 93 84 100 71 60 41 24 98 51 75 43 71 12 50 44 90 94 52 89 53 62 54 85 52 64 84 50 77 42 100 95 37 43 74 86 50 23 19 17 27 64 97 68 33 24 93 71 100 63 85 2 77 85 88 34 46 85 92 58 87 81 85 45 76 77 64 85 55 79 52 88 17 47 96 92 36 67 82 48 17 79 61 46 99 93 46 81 94 67 91 69 17 100 95 14 65

1643 165 547 346 498 712 152 2569 1359 219 1842 2022 3149 427 283 723 168 528 933 1483 708 342 2709 2660 713 517 159 1132 699 723 682 1530 750 1083 819 2246 1838 1376 687 170 214 442 414 2044 235 1851 816 595 4923 621 107 1171 558 124 812 2199 453 1071 1215 3909 96 2497 198 540 4191 2781 507 452 1280 1676 990 281 1101 521 887 1860 734 140 323 591 6663 1300 2489 570 666 486 995 2966 885 73 844 1293 788 886 937 150 559 214 58 189 254 596 208 138 131 345 2408 407 47 351 809 228 202 1346 284 1160 391 272 218 756 1819 873 513 94 793 4051 2893 727 208 1598 151 857 2551 3627 1042 3812 4129 1179 1043 1018 844 70 3116 371 351 4612 597 697 6136 2247 982 1860 5497 340 1187 203 549 2576 1127 176 42 1316 1381 4731 732 2587 1929 156 886 554 655 20 882 518 5345 915 511 2028 461 90 1899 2128 898 654 713 558 167 167 4339 1711 101 87 787 490 608 228 97 86 1606 97 470 1241 679 1205 3097 1548 207 684 310 855 587 3682 2900 4751 472 1209 352 803 3105 1963 212 2421 1710 1179 691 638 857 99 1110 1112 6824 553 2351 1510 151 1706 5688 310 1656 475 963 1514 342 2930 157 1308 277 1363 352 85 1288 861 4956 142 370 1219 1414 2385 3214 2682 955 176 1585 200 3031 1869 1143 1933 632 498 3263 583 163 1197 1027 153 3577 56 663 1029 3079 2023 483 367 554 116 367 1432 4405 784 1947 315 334 2322 878 684 544 2367 2316 637 769 400 1367 1392 2725 1462 223 114 441 2037 638 163 109 1096 496 49 874 781 2788 2576 1930 785 8280 948 109 4312 144 823 349 281 1974 610 4183 78 919 848 198 43 193 1042 99 763 986 359 2636 2787 58 1177 2374 3125 279 765 1468 705 952 685 549 1326 1508 1936 91 380 492 1210 241 346 455 406 6176 100 1364 1017 113 1193 1089 393 292 555 122 82 428 261 2455 1453 1408 566 2691 594 2654 225 256 1428 628 302 3294 3932 183 1148 376 592 326 1195 803 1651 223 478 2565 227 1196 250 381 495 813 599 180 185 309 373 1125 322 62 131 1535 824 36 372 3744 2752 189 442 2176 3424 236 134 1242 568 2578 1576 342 876 760 7758 332 1161 308 1144 2396 6731 633 1033 418 282 1109 91 3562 5816 4855 2253 126 1359 365 1430 107 691 679 1068 488 258 228 431 1547 303 597 1288 1800 116 2668 1336 164 54 244 461 2600 843 487 946 4859 490 1377 185 338 654 147 3047 633 2096 1032 1211 357 1329
1946 177 1446 551 685 4137 3018 7647 2471 547 1933 2056 6391 1218 2971 970 180 1029 1716 6057 1602 1273 4481 5596 976 698 1606 1509 1301 2086 2518 2289 4052 3282 1154 4270 2449 3382 1462 1852 818 565 2216 2414 897 1892 1731 743 5786 790 3002 3327 1202 292 1137 4292 1727 1100 1462 5555 513 5780 260 1872 4239 8365 2385 529 1886 3148 2721 3506 1951 2552 1252 2666 1543 5902 471 1085 6945 1312 3083 953 2233 1301 1228 3023 4574 1753 1960 1335 869 2114 1619 534 1304 273 1386 845 1974 877 1120 2214 1244 2071 2533 435 432 7243 1905 556 389 1404 845 2370 1409 477 2170 1305 3245 1055 686 219 820 6555 3857 814 933 1881 1023 942 4661 7306 2825 5137 5445 1721 1176 2620 879 436 4607 468 585 5188 982 5687 7715 3048 3486 2209 6953 3585 3170 7787 664 3489 2567 1425 3755 3110 2365 5384 1091 2621 2330 369 3199 1039 1044 2387 892 1836 8243 6621 1839 3709 784 2568 5984 3087 963 2263 1662 654 1317 609 7551 3245 119 803 1870 1607 735 497 335 878 2035 453 848 1416 1131 4048 5246 2038 520 1356 893 1375 1535 4410 3154 4761 1022 2177 1662 1445 4010 6075 1123 2611 2598 1184 1626 2781 931 964 1582 1310 7123 7066 6021 2396 157 2272 7900 1589 6433 1368 1307 1645 1241 2988 457 1673 543 2609 2022 1551 1377 1295 5339 548 507 3558 3595 2653 3569 4878 1578 1342 3092 380 4254 4081 1281 6330 3191 941 5024 697 6837 1880 5068 661 5782 176 3686 3450 4054 2051 507 1030 4875 2155 601 3263 5656 874 4281 688 3236 2350 2785 1711 643 2841 2940 2382 1303 851 1401 1400 5788 1520 425 1414 711 2305 1432 582 158 1181 2818 707 1197 1135 3451 3979 2909 1595 8631 3155 1346 6068 195 1245 844 1547 2849 1674 6260 4156 2656 1576 629 342 1007 1299 412 1725 1074 1150 9029 3116 1096 1563 4074 5746 434 1394 2075 1686 2067 742 658 2086 6119 2378 177 712 875 1819 421 553 3835 431 7353 547 2402 2063 605 1732 2375 1178 900 971 1541 2965 952 336 3431 2028 4717 913 5246 1429 6821 524 2683 1775 870 539 4349 5560 733 2896 1162 1750 579 1359 1517 3611 958 2555 3183 3842 1642 2419 1284 618 2758 2104 1562 1769 844 1055 2013 1265 705 1574 3486 1442 7143 1425 6783 4117 1193 2962 4385 4037 511 2115 1358 771 2782 1954 1374 2842 3345 8214 913 4530 2536 3435 6075 7571 1281 2403 1593 982 1143 553 6897 5994 6142 2715 1967 1454 648 4855 1208 897 1477 1172 1106 403 6095 840 1636 1210 2180 1742 2006 528 6196 1763 1442 4489 874 1717 3123 1000 974 1124 6455 2564 3378 2556 1505 2507 1418 4085 1577 3742 1614 2432 1869 5318
3050 470 1616 629 1963 4444 9010 8189 4247 1525 2416 2304 7235 1355 3352 2013 774 1925 2221 7253 1695 1425 9810 9454 3045 1685 3018 2157 2347 2621 3073 2488 4731 4002 1792 4659 2645 4733 2193 3657 938 641 3644 2825 1593 2163 2207 3775 7437 1120 3360 6859 3334 423 6929 5661 1741 2667 2128 5914 1663 7756 486 2004 9258 9313 4089 1204 1933 4083 3759 3926 3072 3405 3342 2931 2471 8843 1810 1211 7810 1347 4517 1577 2297 1544 3259 3250 4917 6817 3513 1818 2557 4438 3155 634 1390 925 2840 1884 2740 992 3744 2753 1349 2270 2882 1493 1788 8415 2820 815 594 1823 1168 4011 1888 1115 2278 1572 7135 2003 2643 768 2120 7113 6907 2583 2156 2590 2152 4629 8512 7763 6092 5188 6524 3148 3047 2929 3398 1130 7464 8152 1164 6446 1172 5756 8205 4125 3651 2250 7617 5730 8346 7853 2693 3739 3275 1997 4039 5545 3748 5513 5300 2738 3326 967 3221 1049 1995 3081 1882 1921 9044 6631 2080 8456 1155 2934 8092 3180 1383 3254 1974 1150 3033 2317 7845 3859 1587 2576 2159 8596 806 638 398 1135 7652 829 1615 2026 6603 8679 7062 2174 1309 1527 2373 1694 2166 7738 6837 7956 3158 3258 2536 1725 4796 6896 1590 2766 3414 1203 2653 3009 3591 1521 3473 1463 7151 7121 6189 3769 1378 2297 8678 1847 7958 1421 1954 1648 2133 4420 1603 1961 1305 3234 2096 3461 1956 4746 7715 1387 2145 3952 4688 3677 3912 6860 4009 2167 3623 818 4555 4592 1507 8736 3696 2100 7384 3928 7349 1961 5523 2395 6061 505 3921 3889 6695 2229 509 1886 7307 4829 1619 3630 7069 5656 4909 1431 4370 3836 4167 2214 3907 6084 8111 2580 1752 1272 3094 2274 8131 1543 2044 3207 1158 3577 3146 1632 1485 1418 5710 1569 1674 1301 4099 5205 3192 1618 9457 3349 2977 9213 296 2523 1380 3654 3234 1845 7779 4355 4446 1779 984 1561 1699 2271 3587 2060 1104 1223 9270 6439 3715 2152 8191 7175 1319 1675 2334 2034 2727 918 1350 2300 8961 3600 364 1196 2294 5942 855 3067 9744 2658 8589 2164 4439 3133 1873 2589 3433 1462 974 1381 2285 5008 1250 1847 3987 2607 5772 3383 7387 3551 8025 5423 3128 1778 1129 889 8227 5825 1809 4068 1346 1843 1758 2416 1935 4237 1305 4347 3388 4368 1870 2470 1616 2519 5304 3866 1651 4688 2383 1653 2296 1316 2422 2606 5875 1864 8585 1828 8808 8850 2026 3051 9147 4786 4033 2957 1590 2177 3663 2822 1475 2858 3688 8994 1083 7409 2822 4000 7391 7585 1394 6762 2900 1911 1617 657 6967 7068 6701 4112 2027 1528 1403 6596 2910 1905 5808 2973 2252 1383 7103 1012 1836 2130 2263 4244 2112 2737 6837 2830 2184 9793 2445 1951 3293 1596 1784 1491 7060 2945 5673 3050 1513 2863 1810 4106 2163 6350 3555 2505 2157 5965
3057 1588 2226 4076 2104 4466 9277 9123 4625 4954 2542 2438 9266 1951 4076 2579 1403 2456 3274 7345 1752 1499 9945 9890 4294 2466 7480 2319 2835 3755 7129 3268 9648 4266 2485 9668 4629 4746 2402 3755 3538 1046 5680 3697 4335 2387 3967 4668 8379 1456 4023 8479 3760 650 8940 8008 2580 3588 2301 6498 2213 9451 1670 2485 9690 10054 4943 1278 3926 4733 3770 4992 3167 4581 8242 3310 2704 9212 4779 1840 9474 1753 4669 2245 3845 2448 9761 3652 8762 9254 3902 2045 2996 4807 3960 1550 1439 1351 4259 5061 2938 1516 4240 8680 1414 2519 4479 1656 2330 9077 3064 1910 1512 2204 2055 4350 2445 3033 4959 3787 8431 2276 3422 1634 2142 9063 9031 7173 2165 4095 2182 4828 9268 7982 7582 8085 7435 4444 5009 3496 4425 2523 8016 8412 1632 9589 1965 6107 9797 5017 3914 2486 8578 9099 9028 9702 6910 4305 4750 2243 4218 6752 3750 6969 7176 4120 8638 3428 4141 4964 2111 3733 2571 2014 9131 8799 2231 8557 2232 9521 9015 7923 1824 3627 2168 2453 4703 4083 8241 4278 1836 3297 2413 9433 2424 3938 2251 1455 9192 1341 2537 2434 9139 9120 8764 2250 2100 3034 2511 1883 2328 8010 7944 8426 3921 4028 4971 3919 4852 9176 4685 4251 3978 4933 2776 3377 4650 2567 5098 2111 8458 8690 9719 4961 2493 4825 9667 2434 8030 1613 2513 2036 2203 5032 2190 2382 1721 3497 2097 5695 2103 4840 9657 1619 2291 8418 5142 4792 4714 7934 4936 2219 4272 2479 7798 4894 1811 10028 4194 2330 8585 4720 8248 2348 5992 2546 9733 1637 4887 4139 7576 2397 6493 2181 9936 5413 1842 7731 9286 7696 8187 1762 6208 4925 6362 2501 3959 7662 8934 5638 2347 1333 3301 4811 8243 1603 2339 5045 2349 3978 4159 2250 2485 1716 8430 1646 1779 1399 4662 7555 5023 2242 9912 4601 4887 9844 1667 3310 2188 4539 3722 2362 8470 6118 4941 2263 2597 2062 2311 2523 4744 2164 2092 1404 9393 10089 3987 2221 9340 9342 2430 2481 2514 2136 4219 1632 1476 5578 9565 4575 1128 1477 3887 6463 1797 3218 9848 7310 9096 4970 4673 3904 2500 4224 4480 2253 2663 1960 4537 5039 1277 2311 4164 3204 8812 4875 9578 5087 9113 6414 4482 2268 1982 2745 10006 9462 2361 4416 1606 2308 2513 2484 2313 4880 2065 4612 4543 4923 1909 2554 2172 4783 5569 4508 2340 4715 3871 2261 2319 1409 2485 3576 7283 2244 8891 1893 8818 9007 2376 4653 9349 4893 4704 8281 1924 2288 4339 3447 4701 3802 5480 9191 2518 8438 3483 4428 9213 9344 1871 6940 4770 2368 2436 2285 9285 9937 7918 8673 5029 2124 2264 6931 4849 2248 8194 5018 2761 1510 9955 1739 2488 2435 2442 4590 2809 4364 8466 8055 4360 9874 2540 2272 4961 2524 2309 2433 7948 4858 8396 3743 1582 4385 2231 4827 4459 8952 3777 2901 4314 9732

1267 82 531 214 250 622 84 1876 866 193 1090 1304 2442 343 211 701 124 139 715 967 411 91 2193 2509 676 306 112 740 451 722 460 1247 662 358 531 863 713 1170 511 49 195 362 314 1646 43 1131 242 582 3316 278 41 892 486 75 530 1410 406 1033 362 3298 90 2269 151 9 1160 2400 371 77 1006 1132 911 179 951 323 464 1034 675 119 182 366 4382 364 2400 245 51 404 250 1790 878 71 331 1026 190 728 785 87 523 212 54 186 133 132 59 64 77 124 1133 346 12 281 781 180 126 1087 269 593 89 170 165 327 1222 427 270 27 681 3108 2400 715 132 661 82 152 2132 2110 574 3089 570 372 688 212 432 65 1384 341 218 3010 386 433 627 1818 114 1723 2626 220 1142 199 501 1387 868 52 37 1275 975 4515 567 1242 964 84 674 476 403 16 702 491 1691 198 510 1676 451 45 322 1326 446 481 379 517 77 120 4031 1161 94 27 341 402 441 109 69 63 656 63 248 1056 107 947 2937 1072 135 406 255 516 430 2822 547 2764 190 612 341 344 2958 880 53 2334 1341 1038 507 268 321 55 821 724 889 457 1375 1432 23 522 3067 194 759 346 388 784 288 2109 109 1243 252 1084 152 71 627 262 3504 140 318 1160 969 2364 1389 2144 714 60 985 127 1299 1697 1032 1758 353 327 1707 490 87 645 275 17 1294 48 465 858 158 1978 436 74 51 52 275 1147 798 351 1050 221 222 2259 846 467 529 1705 2223 238 310 251 981 1215 998 521 149 70 380 1122 304 136 107 167 329 18 730 596 2298 1688 1680 523 7157 501 89 3686 138 495 270 276 1110 376 3430 47 542 626 150 16 150 649 45 359 790 70 2597 2614 55 215 2313 2931 275 585 1197 562 752 109 463 535 532 1851 88 295 475 949 140 312 78 362 4763 62 1183 870 60 760 952 173 248 529 117 56 153 232 2414 1024 1400 452 612 251 1974 178 166 1281 612 172 1819 2932 172 747 250 433 276 840 199 1153 103 403 2292 181 721 244 329 327 489 515 65 180 303 272 235 210 61 97 1530 617 27 149 2729 1454 173 418 752 1012 227 107 1212 344 1292 1189 214 797 754 4497 324 890 246 1087 1600 4558 416 334 197 196 492 47 2385 5296 3901 1963 76 1307 303 955 49 661 272 408 426 203 176 267 1245 204 537 834 1506 56 2076 538 155 50 237 249 433 553 409 783 3638 463 1069 93 129 604 142 2778 458 722 477 1036 219 1202
410 58 261 13 58 486 29 683 225 166 361 392 372 129 77 355 12 121 113 767 402 47 81 1421 249 259 35 588 166 639 92 774 647 22 54 679 80 1061 330 18 11 348 32 303 14 108 29 100 1169 233 10 727 237 53 98 1343 71 594 358 2833 66 108 66 6 1060 1764 274 41 921 147 120 140 948 251 441 777 541 61 125 12 891 129 692 220 50 187 55 29 686 52 330 638 179 708 330 82 210 111 16 15 98 9 40 45 10 75 113 136 7 201 521 121 102 767 103 581 18 10 123 151 1161 53 99 5 213 882 1463 379 45 427 66 58 1256 27 10 987 134 49 74 2 46 29 1182 219 214 877 291 66 482 200 6 1182 2306 5 893 61 162 1373 248 46 17 683 622 2754 307 575 846 66 45 87 371 13 561 181 1363 94 340 54 21 18 98 507 141 189 273 57 21 12 3422 1021 57 26 31 270 158 10 47 13 556 51 76 159 13 543 1349 925 43 74 133 307 179 801 57 85 141 254 44 41 1718 263 43 941 786 53 422 252 275 29 137 595 13 32 1115 554 19 513 2830 171 720 102 245 681 225 73 29 153 194 954 124 14 115 198 2118 37 11 870 278 1344 1259 1379 399 10 86 89 251 1419 1018 647 282 237 1417 471 82 409 141 13 304 25 310 655 150 275 280 31 45 4 211 137 727 220 756 118 215 1039 630 75 260 787 1194 171 188 39 451 1162 971 356 98 17 89 1015 6 100 24 15 117 4 207 31 409 947 199 100 3728 327 53 2802 111 289 200 232 299 193 2792 15 491 336 141 8 76 602 7 350 136 37 2331 432 14 97 1983 217 200 279 20 417 684 37 328 168 198 201 20 46 216 678 106 130 57 202 2605 28 490 447 36 704 537 132 155 393 41 5 128 107 903 914 1331 372 410 149 987 64 150 1238 106 171 1158 1 150 266 147 14 33 787 149 524 100 367 72 155 136 30 237 87 188 62 46 81 130 209 146 128 15 47 1427 285 23 24 494 1102 126 70 655 562 159 12 617 339 31 920 24 157 32 4463 91 498 91 383 495 2232 70 282 7 34 146 7 2089 840 3606 276 52 1142 262 120 21 630 136 158 146 95 152 112 114 78 535 260 1392 46 1840 363 8 22 107 43 242 26 290 16 755 145 1033 53 52 277 128 794 217 328 10 611 82 1104
