500 4 2
3 15 59 82 5 41 95 58 91 16 94 95 79 9 6 46 16 88 47 77 14 90 19 56 61 53 45 85 95 27 20 45 5 12 60 38 96 24 30 8 15 13 17 38 32 14 24 24 55 18 12 42 74 30 37 37 8 76 88 99 23 88 57 73 88 18 92 34 37 52 91 100 29 1 14 96 95 75 69 5 20 83 59 5 26 3 54 9 77 43 51 77 97 25 87 88 39 79 41 4 17 92 52 76 84 98 43 68 97 38 39 64 27 65 8 61 93 66 27 20 42 70 36 94 32 84 57 72 57 10 50 94 74 60 58 90 64 54 2 32 84 52 55 56 29 90 69 38 1 6 49 31 77 37 22 59 28 55 4 22 7 86 35 67 61 8 86 38 80 93 53 91 11 63 23 24 21 57 10 17 6 34 34 93 92 48 83 69 45 68 10 16 40 98 40 90 100 30 91 86 22 25 99 86 49 90 17 87 22 70 66 29 52 54 12 76 6 39 17 27 4 79 19 58 21 46 74 23 9 92 50 40 73 14 93 27 15 16 25 68 2 90 2 45 65 85 34 3 80 22 88 6 22 35 10 80 80 69 47 82 61 39 46 46 11 36 64 30 69 77 61 77 78 39 58 75 24 44 46 52 60 33 24 66 26 41 34 51 16 32 17 64 98 70 29 64 97 22 60 34 77 49 37 44 25 66 96 84 56 68 67 79 40 96 14 76 63 100 96 11 66 3 15 90 44 5 33 32 35 71 36 76 100 77 28 38 33 78 4 94 82 50 40 55 12 46 14 57 5 77 82 70 28 3 62 33 18 80 30 45 74 44 5 22 37 47 32 35 38 58 69 40 78 91 63 94 52 73 64 71 22 50 89 72 65 47 20 53 11 35 67 24 14 10 16 98 32 12 79 89 89 61 34 46 33 37 23 29 7 36 92 36 83 42 64 25 57 99 68 66 12 62 39 85 98 67 19 40 7 29 38 71 36 39 81 81 73 98 20 18 51 6 21 11 91 26 47 3 2 85 3 28 25 10 88 66 63 57 34 34 89 76 75 59 53 32 82 38 83 85 55 61 57 37 4 100 82 94 62 32 18 83 66 35 57 50 25 72 64 82 3 5 93 84 76 72 91 55 23 61

30 8 13 48 22 5 12 40 14 16 29 8 4 15 2 57 23 4 27 17 27 12 52 25 46 22 1 9 39 19 9 8 38 11 18 3 41 42 4 8 8 58 18 7 8 29 26 42 7 20 26 14 30 13 26 23 9 13 11 32 1 3 30 24 1 3 10 41 1 15 24 26 14 3 5 33 41 49 53 11 2 2 8 13 23 26 29 7 9 10 22 13 9 26 9 21 32 11 38 3 10 33 23 19 11 36 6 22 5 25 29 59 49 28 18 49 10 19 5 28 25 3 3 15 21 36 17 6 39 1 1 15 25 12 1 21 5 79 16 21 12 14 21 23 49 1 19 18 49 33 3 26 8 11 16 15 41 4 15 2 11 9 42 6 34 10 12 50 11 13 7 49 11 13 18 25 16 18 1 46 3 26 28 64 60 12 35 41 34 7 10 16 1 14 38 4 13 13 48 43 34 16 2 26 22 3 8 3 12 35 68 10 40 6 13 8 6 49 19 6 27 45 2 6 6 17 16 32 25 27 38 41 6 11 4 28 29 7 30 47 1 21 27 28 8 16 11 4 24 23 9 62 15 41 15 4 21 10 3 15 57 16 49 23 20 40 20 11 9 73 37 6 11 5 40 11 25 4 37 6 20 71 8 14 10 51 21 2 4 49 17 24 32 41 19 32 13 24 3 15 42 8 10 34 7 6 6 13 7 5 17 48 54 34 24 1 14 30 40 18 36 10 18 6 10 4 1 14 19 7 4 12 18 13 14 22 36 43 43 6 9 3 30 3 4 37 38 54 25 23 20 10 19 9 25 6 71 63 21 41 28 2 24 22 15 1 4 67 62 17 3 14 27 4 3 22 15 28 23 14 44 15 13 17 5 33 33 21 28 76 38 8 3 9 16 43 33 13 11 20 20 6 58 18 50 33 36 17 17 24 31 34 2 42 1 9 31 1 12 25 18 3 20 28 21 23 18 13 26 12 1 33 13 27 24 3 24 1 13 6 27 32 21 36 20 14 5 7 34 74 40 8 2 12 3 15 2 29 5 6 29 17 3 1 12 6 22 41 8 32 5 14 14 50 12 4 17 48 44 13 42 5 17 6 13 24 8 9 14 43 3 12 28 27 37 10 17 33 14 3
38 22 44 62 33 46 12 59 23 20 65 20 10 47 39 67 38 9 40 27 30 55 72 38 63 36 22 32 70 56 57 13 38 40 49 41 47 46 45 14 15 74 28 10 17 51 49 62 69 31 35 32 38 16 58 34 32 17 17 45 45 10 30 50 34 38 61 69 63 32 54 44 38 9 38 41 70 70 79 13 46 48 24 70 67 36 36 66 24 52 84 18 15 33 42 37 33 13 74 25 20 64 59 30 16 38 59 24 41 37 29 63 62 41 73 51 25 68 35 51 64 4 29 42 68 74 41 7 42 38 35 82 38 13 5 56 82 84 50 37 54 66 80 61 59 63 70 27 66 35 25 33 42 15 28 61 57 10 48 23 11 10 77 8 69 10 41 73 45 55 25 49 47 44 18 48 63 19 2 79 13 67 56 69 62 16 67 58 35 32 22 58 27 19 49 13 26 19 49 55 68 37 58 63 34 14 26 9 26 46 82 46 81 29 32 25 14 52 22 62 47 71 53 61 27 19 41 47 33 36 44 52 83 49 31 54 48 37 68 49 34 48 43 28 25 82 32 42 30 54 40 74 49 81 57 17 54 23 68 15 57 76 91 41 38 51 48 41 22 78 52 14 50 6 55 78 71 35 42 48 47 77 64 41 15 73 32 36 36 59 20 26 53 51 20 55 22 36 18 39 48 25 20 67 45 13 42 17 42 40 20 81 79 43 25 25 17 33 56 45 69 10 20 33 46 24 17 42 21 46 7 25 25 19 42 34 45 51 88 44 13 34 39 68 6 39 52 85 36 47 56 50 53 62 32 13 78 69 27 43 57 27 24 23 37 30 29 89 65 48 41 39 73 51 26 30 62 32 39 25 49 30 46 28 20 36 39 36 30 83 38 49 66 28 23 69 39 38 27 66 46 15 59 50 54 92 57 27 26 57 46 61 24 43 2 36 35 12 30 47 42 12 25 51 82 59 21 22 29 13 7 59 19 47 42 30 34 23 51 24 45 40 56 42 31 29 8 33 38 80 52 26 10 13 41 18 44 55 13 37 60 71 24 5 44 6 54 46 17 56 17 35 35 59 44 23 30 49 54 46 46 6 74 8 54 26 16 50 15 57 17 51 36 40 58 20 90 33 53 30
55 36 61 69 71 50 74 78 52 52 83 34 12 51 55 76 66 14 49 29 34 65 80 69 70 57 34 34 73 57 70 54 65 41 59 69 75 52 51 55 46 81 32 46 54 67 80 64 82 32 38 44 80 32 68 63 39 32 23 69 77 25 41 52 44 63 81 77 78 38 67 77 52 75 60 71 77 77 99 26 48 69 68 77 69 62 79 69 66 67 85 72 39 44 72 72 37 67 84 26 37 80 59 74 20 49 75 72 62 57 73 64 62 51 75 59 29 95 43 53 77 17 38 53 76 74 68 14 72 47 43 93 70 61 8 69 93 94 53 63 84 67 92 75 61 81 73 59 66 60 29 94 70 54 65 64 66 14 53 48 19 68 91 88 73 50 83 73 77 70 37 50 73 82 32 66 66 41 50 80 88 79 65 80 63 74 67 59 56 39 62 82 36 43 53 17 36 37 54 59 83 68 87 67 76 40 57 63 56 60 85 55 87 39 78 62 42 62 44 77 80 94 81 85 56 29 45 57 41 36 59 53 83 78 47 70 63 55 93 65 61 53 62 33 65 88 37 54 44 82 51 80 56 89 70 45 55 50 82 32 78 89 92 49 46 91 56 80 29 89 67 19 63 46 96 80 83 92 74 52 94 78 72 71 33 86 36 38 50 85 54 54 61 58 53 59 76 46 48 54 70 56 45 88 68 49 88 18 64 40 57 87 82 46 32 27 19 52 71 77 83 26 34 45 71 53 47 69 49 59 63 27 52 62 52 76 50 73 95 66 60 67 41 89 35 55 79 93 47 54 71 52 56 90 76 18 99 72 79 63 82 34 39 36 52 77 55 99 88 56 96 55 77 64 52 50 77 90 60 50 55 54 69 45 56 50 45 38 55 90 55 95 87 53 39 88 50 44 29 91 90 57 61 62 58 94 72 65 73 74 65 78 25 58 4 45 46 65 61 52 46 27 27 86 86 91 21 54 29 25 35 66 50 55 73 34 81 30 67 30 63 63 80 60 72 37 17 33 49 82 55 45 21 30 45 34 50 69 17 62 68 77 51 24 61 14 76 63 50 62 88 51 89 82 77 56 44 51 58 62 49 64 81 78 70 52 34 84 18 92 25 80 63 50 86 35 93 43 86 50
84 52 75 79 91 87 99 80 53 96 94 49 59 71 64 100 96 74 58 55 85 88 98 70 97 63 100 90 94 79 87 73 89 66 76 71 83 87 74 95 84 93 74 55 55 83 96 81 82 77 75 50 85 47 84 75 60 79 60 96 92 86 67 92 47 70 96 86 95 72 100 97 93 86 75 81 99 87 99 71 66 70 100 88 79 87 100 75 68 100 93 84 88 62 80 94 79 74 87 96 62 98 72 78 80 61 86 92 82 92 89 97 99 81 97 76 31 98 56 68 92 41 55 82 96 87 71 33 79 91 80 97 82 82 43 83 95 96 68 74 92 89 94 79 95 82 97 89 69 93 91 94 84 62 96 81 91 30 62 58 73 100 100 100 95 90 90 92 91 92 41 82 84 92 40 67 74 57 71 99 97 94 94 99 78 90 81 65 69 47 92 94 87 68 63 70 52 82 70 89 98 89 91 99 79 74 87 70 65 95 88 75 89 68 89 94 92 84 74 88 91 96 84 94 78 46 67 72 78 99 74 77 88 88 65 87 69 63 94 85 89 95 93 41 71 92 84 85 57 93 70 93 76 97 84 59 77 83 92 39 87 90 96 51 76 96 72 82 43 98 94 61 68 73 100 84 84 97 97 55 98 89 79 82 75 99 66 52 66 92 67 62 80 59 72 78 79 93 59 83 74 73 86 94 92 70 94 70 84 87 70 87 86 100 62 54 88 73 91 81 89 46 52 67 96 54 90 89 94 77 85 60 53 71 97 82 77 75 97 86 84 87 50 97 84 77 80 100 63 96 80 73 78 95 82 37 100 85 92 90 89 81 43 40 79 78 57 99 92 58 97 88 96 69 100 76 79 98 85 71 77 72 79 75 63 89 77 56 59 100 75 99 89 65 46 93 69 87 63 96 100 63 89 79 70 100 75 79 90 87 98 97 28 73 54 47 68 91 66 86 93 41 83 97 87 91 47 75 82 36 82 80 56 63 80 95 84 53 97 51 96 91 87 63 88 99 70 75 100 85 82 47 63 58 51 50 87 99 46 66 73 99 60 71 80 36 95 73 97 67 95 59 95 89 79 61 70 79 82 72 53 66 86 89 84 54 72 88 33 98 44 94 91 96 95 98 99 60 98 86

33 18 4 36 6 30 26 1 1 2 6 78 6 32 34 42 7 17 45 16 65 53 7 45 28 30 65 14 39 68 50 79 23 17 14 15 7 16 8 9 60 5 45 42 52 17 31 17 34 32 2 19 31 17 7 90 8 87 15 22 11 20 33 79 29 5 9 1 48 55 1 50 7 28 32 9 36 82 11 32 10 9 80 28 20 10 3 66 86 27 35 43 19 22 2 72 42 9 35 25 86 76 82 6 43 36 66 5 19 2 10 22 73 45 32 48 9 79 8 76 14 57 10 24 24 4 9 54 48 40 8 11 88 65 43 18 21 5 10 18 20 12 27 57 78 3 22 20 23 42 43 11 2 60 58 47 15 82 32 12 10 7 12 1 33 6 45 2 48 73 64 93 12 66 44 67 6 4 30 6 72 9 35 13 32 67 32 24 83 4 8 37 65 43 45 3 9 35 21 71 53 19 17 10 4 22 82 70 27 64 12 29 38 92 8 33 38 18 23 62 46 10 44 47 40 23 5 28 25 43 34 7 20 88 63 12 47 36 47 54 11 16 41 19 6 36 75 68 23 36 32 33 76 15 26 8 25 28 49 32 78 65 52 77 34 61 13 8 27 82 8 5 71 2 88 84 12 59 36 14 29 15 30 35 49 57 66 1 50 11 4 52 27 43 20 23 35 31 35 50 66 6 35 12 58 65 65 84 33 54 8 54 55 7 3 67 64 70 29 23 65 37 15 47 13 40 56 23 24 43 6 68 4 72 43 1 32 24 60 2 53 55 81 2 67 26 26 76 16 16 55 12 21 64 33 69 34 49 14 9 52 37 8 9 6 26 2 62 59 46 5 10 11 1 11 58 26 4 41 3 47 51 13 5 38 41 12 25 17 2 38 13 59 74 42 6 51 1 30 28 4 6 79 13 18 31 29 20 51 32 5 2 59 57 28 56 51 22 4 11 56 18 1 41 73 58 53 22 18 27 41 8 77 63 6 46 12 76 5 48 56 44 9 26 15 13 7 30 15 61 42 41 81 7 26 38 6 9 22 53 31 23 27 9 42 56 9 47 27 58 13 7 27 38 6 23 72 33 27 40 13 16 62 15 23 13 44 36 6 26 37 24 52 3 60 23 10 87 6 1
60 90 94 70 29 79 86 7 18 32 13 91 64 92 70 68 7 35 85 79 98 90 60 81 86 41 79 35 72 83 51 98 45 99 57 21 23 72 20 48 84 77 65 71 90 77 73 31 86 91 65 66 98 64 11 96 21 91 85 56 37 36 74 99 80 48 96 14 80 71 96 94 21 90 89 54 89 99 29 84 12 89 86 39 66 94 35 82 91 38 49 57 85 78 84 86 90 20 50 34 97 94 89 69 62 45 80 23 87 96 70 64 84 55 82 79 92 84 93 86 80 76 92 64 82 11 45 99 50 88 80 62 92 95 66 73 79 75 62 73 42 64 49 82 79 47 89 20 37 93 56 25 68 78 65 51 99 85 73 96 24 86 25 82 78 69 87 30 54 98 82 97 15 69 97 73 81 50 52 92 91 34 72 24 38 92 86 48 83 30 89 84 84 64 85 26 70 50 29 91 89 71 19 15 92 85 95 83 31 90 45 52 82 100 61 98 88 61 77 92 54 32 81 74 82 52 34 74 94 77 70 54 34 88 78 80 56 40 72 80 33 90 70 48 13 84 82 77 24 80 44 50 81 49 57 82 97 59 65 40 89 94 76 91 44 73 55 86 48 90 33 99 74 64 100 97 39 86 80 81 78 71 91 44 68 72 99 91 66 53 46 61 70 45 24 88 47 99 42 97 74 36 93 31 81 81 71 90 84 59 92 66 55 95 75 70 71 99 82 75 81 57 48 62 56 81 68 56 30 54 74 78 91 87 94 63 74 82 92 61 77 75 82 43 87 73 61 77 79 94 97 89 22 64 53 69 53 52 87 40 88 47 22 88 43 55 91 98 65 66 31 93 80 87 16 78 84 54 62 57 62 65 43 91 61 75 54 89 41 100 49 55 83 84 60 95 65 82 42 60 25 38 84 77 20 54 60 26 57 54 34 20 73 80 46 92 97 42 60 85 59 41 23 79 98 83 60 39 93 74 43 67 95 97 79 90 87 98 19 79 79 99 89 29 16 21 44 32 53 94 56 76 98 45 76 96 56 81 98 69 78 31 30 40 65 98 28 58 47 84 23 56 62 67 34 100 72 48 98 60 81 16 79 69 65 98 87 52 98 56 99 64 64 86 60 38 92 93 31 55

57 518 940 478 474 1426 2466 1935 684 1970 174 1594 1305 1197 2126 328 21 3811 89 86 1177 283 910 940 158 2282 331 2012 239 1854 100 537 1110 2494 527 151 3261 254 715 949 3779 190 2059 431 597 25 732 524 1383 583 3682 2432 336 3315 5020 424 464 189 347 766 41 472 718 4300 3154 203 1263 713 1752 5875 530 1700 285 315 470 860 2139 424 480 675 3360 156 1437 109 1017 919 213 479 1665 492 343 1367 183 838 821 1339 345 353 1940 429 676 1463 808 1129 529 644 260 1444 1609 2604 181 650 1339 610 95 964 1518 5405 2836 307 1899 542 1641 1166 740 1082 227 619 1988 421 3606 1807 3200 653 3544 3706 82 906 25 387 1085 1826 4384 2587 514 363 279 82 1199 2090 614 1245 1229 355 858 164 729 373 28 621 3397 2081 578 2666 387 11 150 81 4998 2150 425 1042 552 117 553 4165 575 583 317 1333 430 2670 61 1360 1698 2476 761 2003 504 393 1255 86 479 846 529 4196 2527 106 1386 433 196 977 747 1023 328 1120 181 434 862 546 1293 126 101 640 262 1937 2056 1214 1411 84 1664 427 1931 94 857 350 769 121 56 645 1542 2499 413 489 495 1863 3958 1657 107 1647 1116 4642 58 333 194 95 6882 68 343 439 1212 1426 514 1517 46 1036 1658 1725 1844 961 479 281 1018 1384 41 306 1555 698 113 3159 596 1290 517 7489 360 892 7038 205 4683 1084 3905 778 223 461 861 5766 1502 239 191 773 1196 1049 625 508 2550 2901 1188 576 3706 678 485 487 44 587 789 551 828 1572 1146 180 1198 751 580 1286 259 1054 482 1246 829 339 368 4057 620 171 1098 2429 1205 572 312 132 2178 348 206 776 377 745 2639 91 2263 1001 101 116 161 980 1205 4235 519 604 2082 2242 369 495 475 5738 1406 4252 862 424 391 310 278 304 239 674 69 1615 2240 452 4335 895 271 256 657 2160 2309 1954 3237 1020 79 609 660 348 857 683 2959 2434 4413 1323 1059 604 1927 832 186 967 1257 1237 389 2628 105 948 191 967 2637 137 2049 405 168 1213 495 621 655 1884 2469 1791 3393 332 3161 394 1011 404 1602 2213 622 4243 4859 217 3976 1656 493 1695 1791 380 842 554 277 366 1727 3873 1272 1786 769 189 856 2541 1021 585 751 2455 264 1132 647 478 93 1504 224 166 1292 726 515 1813 408 302 542 170 136 548 1021 1313 635 416 474 5790 1244 132 396 1256 1960 2385 1182 1765 1201 533 1037 298 307 1053 164 850 723 452 488 714 1280 1623 728 996 712 367 679 1840
1592 1487 1478 1086 873 2016 6041 3546 1043 2027 1529 4292 1892 3597 5405 858 433 4815 2570 446 1462 1056 2156 942 975 3596 1474 5103 1887 4761 114 633 3098 5998 2676 414 4103 6905 1163 1415 3846 351 3938 787 3272 810 8238 1445 2936 961 4403 4036 869 7256 5021 7134 1952 702 978 1378 90 3232 1661 8647 4345 659 2263 1737 2678 6590 770 3138 815 1530 1342 965 3934 1594 616 3102 3698 1675 1462 929 5104 1131 836 739 2021 608 1089 1942 3702 1007 4950 3445 1286 7828 1966 818 3101 3002 1026 1789 3086 3231 3306 2647 1929 4139 744 4103 2044 3959 1851 1625 3509 7696 3947 1080 2126 799 1813 1365 826 2511 1285 1418 3567 1362 7394 4405 4128 1090 4221 8532 221 1626 3635 560 1589 2930 5816 3387 1926 1622 2203 459 1720 2214 710 2243 1333 2086 1274 1093 899 2318 220 695 5418 2489 3043 3010 972 64 3105 185 5523 2720 664 1496 1867 2099 858 4924 1836 6666 1594 5057 1651 3221 430 2618 2358 2814 1536 2238 745 890 1905 416 945 1181 999 4271 3806 2037 1643 2940 2368 7465 2806 2461 601 1573 1750 626 1173 1344 1681 220 1204 1265 308 4082 2804 3321 2828 376 2785 6307 2518 151 1488 362 855 571 250 1349 2236 6222 756 695 1671 4145 4867 2320 446 2986 1236 6167 883 861 618 979 7952 91 491 847 1418 1435 545 2585 1626 1440 2509 1772 4351 1617 1223 1280 3072 1581 4410 891 3452 987 2352 6519 1329 1390 1559 8871 2695 3347 7265 2559 9671 4097 4355 1737 736 754 2629 6063 2903 1124 1658 1748 2551 5579 1926 2133 4428 3559 1879 831 4379 1449 664 746 2845 663 1131 1010 3196 4260 2429 1986 1373 1040 714 1616 5411 1530 927 1950 1081 620 1439 6568 1844 359 1214 3230 1808 1440 4976 530 2357 496 959 2972 4449 885 4705 882 2973 1918 1818 204 358 2029 1978 5094 2345 732 2198 3606 4266 1014 1551 8816 1753 4525 1146 441 764 402 1045 1300 801 5405 947 1871 2892 2967 4697 1017 692 2246 1035 2266 2496 3645 3355 3366 1011 745 1296 1045 1471 1043 3393 3085 5819 3350 1252 1816 2155 2695 2268 1095 1772 1785 1145 9015 504 2395 3028 7272 3535 1147 2110 585 909 4039 786 3735 790 1948 7790 4672 3911 601 3225 1079 1861 1048 2563 4067 2734 4629 6672 812 4315 2936 1824 5522 4290 845 1924 2396 535 1290 1933 4065 1628 3030 822 542 4695 5779 1269 2738 2748 2829 992 1221 2099 1095 856 1738 231 1418 4132 961 1261 2451 433 1334 1427 686 810 2326 1659 1989 3156 2271 1771 7999 1714 751 918 3069 2969 2591 1692 2607 3326 722 2997 3695 2079 2071 415 1488 1870 4366 633 1094 2783 4257 3767 3151 5852 437 827 2106
5471 1618 1844 1458 1266 4367 7752 4436 1228 2137 2044 7970 3133 4091 9389 1517 969 5222 5322 1160 1778 1075 4163 2322 1169 4847 2208 7282 3700 8785 703 1298 3670 6517 2693 767 4436 9398 2207 1629 4761 709 7712 1519 4397 1453 9768 1655 3239 2024 7570 4438 1417 8288 6136 7323 2107 3575 1323 1887 845 3401 1690 9104 4842 6305 3361 1861 7121 7259 1183 3778 2435 1697 1635 1774 6285 1933 1061 3662 4565 6100 2242 1399 8021 1917 1550 1475 2168 879 1569 2225 7028 9358 7072 3983 1723 8272 2225 1408 4204 4156 2266 2247 3340 4052 3987 3732 2983 4602 1683 4927 2096 5866 2544 1679 4755 8256 4122 4385 2128 1899 2323 2776 2591 2578 1678 1978 4029 2728 7526 5410 4375 3710 5766 8699 1420 3653 4665 1338 2416 3911 6489 6737 2190 4326 3298 3093 2050 6909 1255 3065 1556 2261 1451 1153 2834 4046 416 722 7227 3980 4037 6720 1406 1642 3468 623 7602 3260 1771 3105 3048 4238 2364 5674 2281 8802 1974 7396 1860 3333 2566 2688 5000 4329 1670 2714 1065 3491 3585 1625 6386 3490 4557 8907 4013 2523 1667 5592 5802 8495 3499 6488 1754 2052 2325 1179 1469 2134 2993 568 1594 1884 1251 7130 3122 4645 4054 6770 4508 6787 3180 1303 1574 554 6539 618 983 1674 4419 7491 1726 755 2868 6905 5624 3071 1594 3912 1640 7389 3659 1392 2283 2140 8160 274 870 1594 1966 1718 667 2692 2563 1699 3095 1813 6251 2733 4871 2829 3387 5426 7186 962 3553 1881 2635 6545 1764 2058 7698 9745 3920 5569 7761 3241 9992 4848 4600 5930 1451 1133 3336 9157 3451 1250 1732 2009 2621 7511 2105 2247 4448 3977 2019 1251 7702 1710 726 1026 3581 1095 1456 4395 8628 4818 2880 2187 1872 1663 2915 3442 5541 3383 2051 2412 1105 1639 1713 6897 2026 2423 1361 4257 2193 3610 5549 7512 6689 2441 1120 6142 5219 1767 7201 998 3053 3278 2107 399 1963 3422 2398 7125 2484 749 2791 4106 5151 2138 3686 8853 2012 4740 5165 1662 769 1408 1195 1588 2428 7049 1370 4403 4052 3176 5324 1964 3722 2268 2957 4202 3077 7784 5173 5801 4411 1424 1373 1142 2996 1212 3544 5411 8390 4017 2143 2063 5054 4330 3367 4282 1794 1924 1644 9409 674 2468 3173 9097 3703 1807 2881 1068 1420 4446 1004 5837 1099 2788 9412 8068 4893 800 4356 2847 2013 1375 3442 7449 6556 5660 7229 1615 4440 4372 3419 5748 6132 1109 2121 7418 2736 1890 3111 5504 2078 3889 1533 948 5541 8298 1507 6615 3541 3733 3415 3169 2118 1744 1058 1890 1251 7475 4569 1949 1616 2462 1109 4257 1567 797 2244 7166 2181 2315 4991 4245 4343 8021 2205 1417 1464 3772 7833 3467 2253 4649 4043 1672 3570 7397 4806 3749 1350 4037 2091 7075 924 3274 4680 6645 6300 8082 6613 1391 828 7135
6676 2349 4789 2578 2284 4900 9031 4591 2354 3452 4361 8817 4801 6636 9494 2276 2447 8336 7440 2085 2268 1194 4602 2525 4058 5056 2491 8805 3958 8947 1947 1527 9663 8038 4319 1677 5087 9686 2386 4685 5485 1922 8035 2493 4716 2221 9845 2267 3538 2351 9222 4749 1743 8489 9902 7363 3645 5849 2262 2056 1887 3402 4864 9951 4987 9925 4880 2063 7545 8645 1651 4794 3763 3355 2457 2462 9804 2340 2492 4773 7332 7986 2363 1432 9856 2385 1943 4974 4552 1889 2491 2324 10066 9464 9542 4443 2537 8794 2316 4029 4267 4214 2652 3905 6710 5010 4319 4084 4188 9124 1991 4977 2366 9978 2858 4735 5026 9163 4733 4907 2326 2493 2475 4286 2796 4956 1827 2516 4280 7391 9549 7982 5959 3764 9914 9192 1982 4485 4994 2332 4901 4652 7584 7233 2322 10039 4189 4432 2168 7949 2472 4434 4079 2859 2409 1512 4405 4449 1376 1309 9934 4059 4237 7396 1848 1770 4211 1022 9364 4786 2420 4416 3594 6638 2446 6942 2419 9906 4940 9165 7793 4941 3585 4390 5475 7621 1979 4651 2449 4838 4482 2967 9411 4604 4652 9712 7630 3331 2516 9652 7191 9727 4697 7252 2543 2127 2337 1508 1763 7397 3682 655 2445 3581 1713 7713 3854 6160 4159 8467 4667 8036 4252 2328 1851 918 9231 4965 2009 1885 4810 8346 1822 877 3590 9530 5657 4578 2409 4352 1729 9794 6546 1964 5025 2531 8850 2317 1818 1940 4541 3150 1140 3671 9480 1699 4402 1839 8518 4731 5513 3749 4431 7244 9447 1612 3556 2390 3951 7935 5312 3416 8807 9906 4101 8716 9907 4973 10037 4892 4870 6462 2166 1144 3524 9875 3817 1972 2119 2429 5009 8364 2531 2501 4670 4695 2186 1764 9293 2970 1719 1715 4634 1811 3607 4990 9714 8070 4126 4055 2056 2353 3051 4021 6678 4296 3068 2585 2051 1882 1772 8917 2373 2496 2329 6279 2199 4731 8081 7830 7708 2473 1254 7275 5360 3876 7480 2073 4117 5043 3599 2010 3863 3675 3042 7797 3082 2276 2995 4894 9807 2263 7381 8978 4828 7930 9554 2359 3231 2213 1231 1648 3592 7270 2334 4481 4664 9498 8969 1975 5021 2389 5114 4866 3793 8662 7842 8160 4909 1654 1447 3319 3132 1469 3550 6912 8937 8181 2383 2333 6548 4346 6385 4553 1882 2425 2142 9717 1977 2796 3873 9185 3953 3474 3239 1098 1966 4837 1518 6004 2355 4534 9716 8250 4955 1120 8040 3480 2176 2003 4502 7680 9052 9207 8444 1892 5394 9483 4627 6632 9749 2117 2319 8866 5005 3676 8533 10080 3805 4017 2483 1914 6599 9456 2370 9545 3961 4013 3671 3525 2332 2038 2085 2462 2305 9074 5371 3819 2106 2916 1904 10064 2152 1411 2322 8278 2228 3379 7092 4506 4584 9827 3950 1635 1471 3872 10065 3657 2516 9466 8024 2986 9793 9583 8986 4666 2063 4437 2385 8975 4375 3389 8791 7581 7473 8100 7430 1500 865 8225

21 353 580 384 107 1216 1668 1239 495 292 169 1302 993 977 1943 278 14 3758 50 24 844 268 881 634 139 858 288 1895 232 1697 73 520 1085 1807 521 57 3086 106 378 827 2029 187 1016 220 235 7 545 262 1345 520 2855 1604 153 2016 4980 370 320 123 328 386 28 332 244 3049 2898 173 1089 630 466 4711 456 1657 258 237 259 559 1254 246 190 589 2219 142 484 99 745 643 81 205 1015 178 317 224 63 431 722 1320 282 248 965 97 514 885 547 580 260 206 227 1243 628 2469 177 649 907 487 80 452 1507 2293 197 267 382 108 929 1018 579 174 215 208 1781 270 2297 1735 1722 509 3100 3080 58 493 19 30 52 1811 3794 1163 296 361 112 54 731 1760 172 624 994 95 397 103 649 146 26 550 1697 1830 369 1727 104 3 139 15 1770 1033 420 912 115 97 460 1902 543 356 184 932 256 2061 50 1072 1148 1944 390 1878 35 79 540 83 347 512 411 4047 2501 83 476 330 42 353 573 408 105 699 137 270 631 348 503 116 62 209 200 1131 652 1115 1191 34 1597 118 1028 93 692 290 666 111 52 501 711 724 278 442 285 1306 2721 175 97 240 746 4199 29 282 87 45 4557 53 332 209 946 1361 272 1427 39 894 1581 1294 1495 836 77 149 252 802 14 294 928 376 89 2451 464 597 331 4207 289 291 5779 166 4333 493 2836 465 103 323 853 3969 758 198 172 738 630 508 531 274 912 1602 855 334 1750 501 43 161 20 280 728 367 621 189 667 176 723 667 334 775 248 839 415 478 716 37 357 3685 509 77 77 1653 672 359 63 60 1861 50 138 430 106 295 1889 63 885 507 84 94 70 811 524 3696 416 535 675 1911 358 429 287 1096 902 3224 517 143 172 183 218 121 212 291 61 1367 706 427 3952 459 167 235 566 1866 448 1936 1932 313 63 83 242 333 727 654 1648 443 4004 1101 1028 344 1525 595 122 630 1055 428 301 2135 77 865 164 568 931 42 1184 93 36 1082 57 427 428 1649 1685 949 1497 121 2016 156 151 210 902 1703 520 3824 4054 215 1625 998 164 1281 453 326 382 419 168 344 1602 3507 1069 1015 565 34 642 855 876 409 364 2097 185 504 433 399 61 1003 164 117 367 156 286 1768 332 92 65 104 68 410 938 1087 481 345 289 5763 1165 74 203 974 1318 790 1179 1466 244 305 167 164 152 937 29 748 355 392 387 560 309 1206 265 269 491 355 286 1174
9 254 382 124 77 545 276 333 442 52 18 1035 748 330 727 200 3 2911 45 6 541 188 222 185 101 40 232 1491 65 328 59 107 59 106 355 27 627 79 376 434 1530 131 213 137 51 3 174 155 1025 157 175 741 120 1881 3726 341 105 106 124 14 11 112 210 270 589 131 431 21 231 692 397 980 92 75 137 121 16 183 171 134 1832 55 42 84 343 67 22 136 909 79 6 74 7 276 326 189 185 218 15 9 122 195 177 507 231 52 9 347 612 268 27 372 273 274 41 148 584 1480 96 226 250 90 592 1017 281 128 71 139 1176 215 1877 1016 783 293 720 2641 21 269 17 17 37 1807 3155 973 1 311 97 47 186 1617 51 125 392 70 127 67 81 43 5 306 1652 1491 280 1293 21 1 125 2 363 889 164 364 99 1 341 367 148 85 118 643 124 1449 10 87 795 484 288 728 13 71 355 68 193 124 382 2318 4 77 413 10 29 207 390 273 49 50 30 82 630 69 413 58 19 10 70 10 219 608 233 26 1001 46 376 90 268 92 349 1 36 443 485 549 47 351 15 993 1859 128 79 211 127 344 21 57 64 43 2801 20 112 171 571 638 143 1413 29 399 718 544 1035 363 32 103 218 51 7 20 569 313 9 949 100 559 235 986 21 182 5726 33 2660 385 2809 310 75 58 535 2957 17 2 38 726 11 440 232 156 1 316 361 10 854 49 23 75 7 28 572 233 119 50 415 48 21 300 174 520 149 208 75 332 102 1 271 2365 203 33 25 1278 97 85 37 46 1592 41 56 404 5 158 1569 62 395 478 21 91 41 627 461 3162 148 93 277 677 283 397 131 1066 463 690 54 34 126 13 24 98 14 5 5 1190 581 78 3811 363 76 141 302 226 26 481 391 205 38 24 112 117 652 425 1555 73 3907 574 391 132 357 107 77 401 632 32 49 827 53 126 8 359 387 7 747 27 20 57 41 186 38 746 1344 310 117 56 980 124 63 36 391 1327 290 3353 2626 35 612 349 145 190 182 265 309 27 21 106 479 2310 369 418 532 11 454 716 189 284 337 1170 180 322 290 205 18 288 158 14 121 95 154 737 122 2 48 23 7 17 142 159 430 111 21 3066 793 8 168 440 1125 59 690 982 54 194 15 34 71 327 17 463 151 199 229 68 224 959 22 118 140 335 276 750
