500 4 2
99 85 80 18 51 44 24 54 36 50 2 5 83 32 69 32 19 77 64 5 30 44 1 54 26 45 62 57 3 32 25 41 11 40 93 98 44 2 62 4 2 77 38 1 65 88 35 67 60 38 59 3 20 35 52 87 63 48 82 23 84 89 28 7 86 31 49 47 36 19 73 60 58 14 51 90 81 44 28 36 46 45 28 33 78 2 56 56 34 34 55 28 11 65 84 70 16 42 67 66 84 72 7 20 14 17 23 100 16 83 30 66 16 97 6 65 85 65 54 76 17 80 29 79 3 10 4 32 67 100 95 54 26 74 60 98 97 62 88 69 85 1 27 39 39 9 77 97 1 48 94 49 16 85 44 65 98 19 60 46 91 83 90 51 60 7 32 79 94 37 86 55 95 72 59 88 2 76 34 10 29 9 2 73 38 71 51 85 32 32 16 7 8 22 17 86 49 20 19 11 57 8 63 15 46 21 4 79 55 81 13 91 98 95 64 62 15 99 23 70 71 4 70 5 10 75 56 53 31 69 31 4 98 56 16 92 78 76 76 15 7 72 33 78 88 78 19 49 19 96 20 73 75 21 87 13 29 52 85 20 51 19 17 92 4 55 66 21 65 85 47 42 34 4 2 11 10 10 19 98 54 74 99 50 46 19 84 7 57 42 9 69 92 62 26 24 3 9 31 29 48 30 31 43 53 40 36 43 9 59 80 55 71 66 54 88 95 35 25 4 23 15 65 24 40 10 48 89 31 28 79 25 55 34 39 80 93 28 80 58 36 65 12 20 23 20 34 9 92 94 69 69 69 94 68 61 66 14 51 14 23 8 25 44 44 29 70 55 28 89 44 2 63 73 83 93 47 22 55 41 91 15 84 31 65 97 45 42 62 26 20 50 64 62 95 88 65 64 28 5 39 48 78 5 94 70 1 92 80 99 60 10 92 88 14 21 88 92 67 39 32 68 71 79 63 77 65 85 41 21 95 30 17 60 29 66 16 11 38 67 41 75 44 79 10 27 25 77 92 5 66 51 32 36 45 51 46 2 58 26 6 60 37 76 53 78 25 18 15 77 9 68 43 21 65 78 23 51 78 88 31 29 42 96 32 85 20 55 7 38 41 78 11 51 1 64 16 19 21 65

19 4 6 39 1 1 28 29 47 16 5 20 3 21 1 35 6 3 24 8 21 40 29 32 8 36 9 14 52 45 27 6 4 6 5 2 40 5 47 22 30 17 5 9 6 53 19 1 14 45 10 26 17 3 41 2 74 1 11 12 3 16 40 24 3 21 40 13 8 21 13 76 43 3 6 7 7 12 2 21 30 14 21 1 14 27 2 44 1 58 23 10 26 13 1 11 31 1 11 4 1 46 33 12 14 13 15 11 21 26 58 5 1 13 28 6 30 15 34 26 2 6 28 24 57 23 6 9 7 22 39 37 12 2 54 31 12 3 6 42 45 17 8 5 25 28 13 1 13 70 31 5 21 22 21 29 2 18 30 5 46 28 19 24 6 37 77 28 14 16 15 4 16 23 2 57 16 39 2 20 20 2 10 40 28 28 7 2 38 11 24 33 27 17 41 4 36 27 1 13 22 20 9 31 17 35 13 11 3 9 3 19 25 3 11 31 5 28 23 15 13 9 12 5 5 33 16 34 14 31 41 3 8 23 49 53 24 8 1 4 5 16 21 32 3 44 18 16 22 3 37 12 49 5 8 1 44 16 31 8 24 1 2 2 24 18 1 4 25 34 10 17 33 14 9 4 2 21 13 9 14 2 5 4 17 11 44 7 22 49 10 31 21 35 10 10 4 21 6 23 5 17 2 1 45 25 10 54 51 15 54 3 7 28 33 1 11 5 10 28 30 34 43 2 17 26 12 20 44 8 25 13 11 1 5 4 12 20 1 26 26 3 29 5 6 8 26 25 22 22 9 35 16 31 3 1 3 12 10 60 43 12 50 27 34 11 10 8 18 8 35 30 15 4 34 32 13 18 23 12 23 38 27 34 19 58 9 3 7 17 9 19 50 13 26 14 20 12 67 33 3 56 10 25 30 7 5 5 40 1 6 6 45 7 18 10 19 37 29 33 32 2 14 5 10 1 28 73 33 10 6 58 7 2 7 47 15 2 9 43 24 8 7 46 2 6 22 15 34 10 46 1 8 5 9 12 32 46 17 50 3 24 9 10 1 10 4 1 7 52 30 58 38 29 15 21 16 57 1 2 41 4 2 49 21 46 34 28 54 7 25 8 28 40 6 14 25 9 37 11
32 4 29 40 2 39 40 57 48 35 12 47 16 33 15 70 74 5 52 59 65 53 32 35 68 41 52 52 53 53 29 7 37 14 11 5 65 50 51 23 39 38 25 25 39 81 24 25 20 62 19 41 38 63 41 53 80 40 32 56 17 50 60 66 25 35 45 38 15 72 49 79 45 14 13 8 12 39 2 28 38 16 55 8 19 51 63 47 60 62 44 36 28 14 46 88 44 29 36 5 37 47 46 37 35 31 30 61 53 50 71 12 9 75 59 8 34 17 49 61 11 7 36 29 65 53 38 17 36 63 41 46 17 15 63 39 45 30 27 51 54 43 40 15 38 58 47 24 47 74 60 46 39 63 42 34 47 35 34 17 46 50 74 50 7 38 78 39 21 25 34 22 16 53 9 67 29 53 46 48 22 28 15 52 86 81 52 26 56 12 39 34 54 63 55 38 54 29 29 14 34 23 20 42 55 43 23 29 40 19 11 30 26 35 30 40 30 36 72 48 49 58 26 26 21 55 41 47 19 35 70 28 86 24 62 58 31 48 61 25 19 23 43 48 19 63 26 21 32 33 41 38 53 25 14 46 54 19 32 61 27 50 36 11 40 43 17 29 38 64 27 30 42 25 33 44 18 52 33 29 42 15 6 8 71 36 44 8 33 54 49 35 23 49 67 30 25 35 18 34 27 40 5 23 47 38 11 75 71 23 57 8 12 64 44 21 57 20 23 77 30 66 47 36 54 32 31 24 50 12 34 17 41 16 22 58 57 28 15 73 49 15 58 14 33 23 80 33 24 29 14 73 26 69 22 47 33 26 12 76 55 16 57 43 69 37 31 52 43 50 49 44 60 12 39 68 53 33 25 50 53 44 78 60 28 72 34 8 41 32 80 36 68 37 29 19 30 75 74 89 33 59 40 34 75 46 34 11 40 34 35 61 69 18 72 22 65 68 37 45 59 17 46 34 51 17 47 75 57 10 43 81 29 4 9 54 25 2 38 83 41 32 16 70 24 9 24 49 34 17 48 30 15 55 73 36 49 74 91 56 56 30 57 16 51 23 29 27 61 82 43 63 57 40 24 50 39 75 66 45 57 13 41 76 60 76 43 42 60 22 34 13 46 85 24 40 51 11 62 33
79 10 69 52 12 77 56 79 77 55 19 91 72 86 62 81 82 62 62 78 89 74 43 48 70 52 86 89 81 73 55 21 81 71 87 36 75 80 65 42 50 67 64 47 58 82 36 62 94 65 55 42 45 88 55 64 85 40 35 79 18 57 79 87 26 49 54 43 37 92 53 97 69 38 50 29 40 52 6 35 65 33 56 12 24 89 71 54 61 69 60 38 32 27 56 88 51 48 55 11 73 56 64 51 57 38 47 68 74 54 90 64 22 79 67 84 81 71 72 63 12 7 39 55 68 63 46 35 94 73 47 65 46 25 65 54 69 32 91 62 68 54 63 32 39 61 48 56 58 78 69 69 40 97 51 44 70 38 56 66 54 96 79 76 23 46 91 44 44 44 75 63 34 78 12 75 90 56 59 50 30 37 70 58 93 92 66 75 88 25 63 44 65 88 68 72 70 40 59 80 57 27 58 76 59 55 61 83 48 76 30 34 40 59 38 53 32 37 92 91 65 60 71 53 38 69 53 74 26 46 74 73 92 44 73 66 45 88 78 36 29 34 75 60 37 71 50 65 54 64 95 55 69 47 50 57 58 22 69 83 32 60 59 28 52 55 68 52 57 78 31 39 42 56 42 100 38 56 93 38 77 55 61 38 89 43 56 89 43 62 63 59 52 64 78 42 25 77 29 40 30 47 13 60 61 62 38 81 87 39 68 42 60 68 81 29 64 61 35 85 35 71 97 43 81 40 45 52 62 22 42 89 44 70 67 79 69 34 23 95 77 27 66 15 76 53 88 45 35 30 70 81 45 88 65 80 57 94 63 79 70 61 69 49 70 38 41 54 47 77 59 47 82 13 39 73 66 42 32 54 54 57 80 80 60 78 54 26 43 48 86 40 80 40 43 49 32 87 97 91 35 62 43 60 88 81 69 74 79 59 75 85 86 26 86 28 77 88 40 47 69 18 54 60 58 23 58 81 68 73 69 88 57 26 13 57 29 47 85 95 56 73 66 80 31 38 54 56 50 35 50 46 38 87 90 50 54 82 93 88 56 57 72 84 88 73 88 39 85 91 90 75 84 40 55 62 42 80 70 48 64 19 50 83 73 88 51 44 67 24 89 26 55 88 32 51 56 57 64 61
92 73 86 67 88 83 100 91 79 86 93 96 82 90 72 85 87 93 93 81 100 75 58 80 83 91 97 95 84 94 70 37 88 93 90 46 90 86 67 82 95 82 78 77 90 86 72 84 100 75 95 97 86 93 95 98 91 42 64 88 88 80 96 94 67 91 68 61 43 94 91 100 86 76 71 63 89 90 88 47 76 51 61 24 27 92 94 63 99 96 95 61 72 59 85 95 76 89 85 20 80 87 68 97 85 99 86 84 82 55 97 97 66 89 87 99 94 79 91 70 51 56 74 64 71 70 78 45 97 94 56 69 91 46 74 74 86 95 97 75 72 64 85 35 60 97 64 94 84 99 73 73 54 98 58 79 76 91 80 85 82 98 91 85 84 75 98 82 64 88 83 87 62 90 30 100 96 87 74 58 41 93 77 90 98 98 96 97 96 53 79 82 95 99 82 96 95 97 65 93 91 34 81 100 68 97 72 98 66 82 52 87 74 72 81 75 78 72 97 100 77 65 100 64 88 80 75 94 98 52 83 75 100 47 100 72 92 97 87 72 67 87 92 91 79 97 64 82 92 86 98 73 79 100 80 78 86 63 95 89 72 97 90 54 59 87 85 56 88 98 79 63 68 58 69 100 98 88 93 81 94 97 87 87 90 83 57 97 80 77 72 74 68 82 87 60 34 95 90 80 47 66 23 74 86 66 77 87 100 100 81 68 69 99 92 65 78 71 96 98 82 85 99 83 91 70 94 94 71 75 71 97 92 83 100 86 92 43 83 96 80 28 67 40 90 53 100 85 90 69 88 89 55 100 91 94 83 98 74 81 88 68 81 92 98 62 47 78 95 98 69 82 98 91 83 88 80 64 74 66 59 66 90 100 96 86 94 71 67 65 92 62 92 47 65 72 72 92 100 98 82 64 53 79 94 96 98 90 82 64 95 90 97 52 86 57 97 92 56 87 81 90 79 97 80 40 63 94 75 93 96 95 99 40 31 98 99 91 96 95 88 82 68 94 34 45 78 94 87 42 94 67 83 94 96 77 92 88 95 99 89 71 98 87 88 82 88 51 93 96 93 94 84 87 78 80 77 96 94 60 81 91 99 91 83 96 77 71 84 38 100 86 99 96 59 77 99 73 89 75

4 53 20 32 49 16 48 5 25 82 43 80 41 91 22 10 18 9 45 12 53 13 48 68 3 30 68 68 12 9 9 36 22 25 35 27 14 19 54 42 17 44 19 56 4 49 94 38 84 33 17 69 25 38 35 19 4 20 44 63 15 75 33 29 59 5 18 4 59 15 52 30 37 28 33 58 51 14 11 42 40 19 25 43 84 16 40 51 68 7 26 8 17 7 28 4 18 96 79 48 4 75 30 41 11 19 18 40 29 14 41 42 13 31 79 67 62 1 21 41 71 22 24 73 56 24 50 1 45 47 41 6 48 6 24 23 4 41 55 71 5 48 22 24 40 2 8 57 10 6 86 3 39 38 64 34 5 1 54 17 28 82 31 16 10 14 14 1 3 4 23 40 9 29 3 7 22 15 47 8 11 6 51 3 92 33 35 94 14 17 31 87 94 36 26 15 50 59 55 14 29 57 12 50 6 59 84 7 42 25 39 53 53 9 60 82 12 7 65 4 30 73 53 27 22 29 42 89 26 22 33 54 17 20 60 14 7 8 34 5 29 45 79 57 16 95 51 31 45 25 11 35 5 54 59 18 16 13 55 68 21 38 19 74 31 20 25 39 33 29 43 53 71 30 33 43 64 10 49 60 38 47 77 6 18 40 78 60 8 2 29 70 30 35 31 10 40 31 66 23 48 69 47 6 6 2 55 41 57 59 15 42 75 45 4 50 15 42 83 1 39 26 9 74 28 82 1 53 31 1 3 3 52 70 20 74 14 87 60 14 75 41 54 47 21 8 10 38 1 40 65 38 8 16 16 26 21 22 27 19 14 57 28 42 7 1 10 19 58 15 47 10 45 81 22 69 13 33 12 52 21 6 78 11 22 47 51 24 7 15 17 11 47 29 15 37 90 41 10 73 9 14 25 25 7 45 72 57 23 33 9 32 36 38 27 20 40 46 32 38 34 8 59 46 13 77 15 59 50 57 12 58 42 40 7 93 24 17 44 26 58 42 40 10 16 83 11 25 23 61 63 2 40 18 56 12 2 5 42 55 19 13 30 75 76 1 33 5 2 33 49 25 75 8 65 64 43 26 14 76 43 28 46 69 4 25 31 74 57 20 63 8 77 22 36 8 18 48 51 18
28 87 62 35 78 49 58 60 70 82 96 84 73 92 80 21 45 81 63 12 76 99 72 74 58 36 71 94 69 44 68 43 87 71 38 34 43 70 61 69 43 70 45 86 98 53 98 87 95 37 25 95 45 85 88 96 76 36 58 89 58 79 76 53 98 59 89 26 89 85 88 90 68 41 56 65 68 40 89 88 82 78 60 65 88 40 42 91 100 68 55 13 66 31 93 8 27 99 82 57 22 88 74 99 92 45 82 67 98 55 67 82 63 34 79 76 74 43 46 53 93 84 69 84 68 78 59 23 96 82 56 90 92 78 97 77 21 88 61 72 85 54 66 44 44 52 85 96 37 78 100 49 75 55 71 100 79 86 71 24 49 83 88 55 81 37 61 59 62 68 59 78 57 53 80 46 72 44 82 99 58 79 69 59 93 90 97 98 63 86 82 97 96 74 66 20 87 81 55 64 84 58 36 82 98 88 95 37 93 77 93 67 73 85 62 87 72 17 96 47 33 96 65 33 26 60 80 93 76 68 66 56 49 73 67 79 28 20 43 84 94 59 94 99 48 97 86 45 97 36 83 87 31 80 97 54 93 35 91 91 78 58 95 98 91 76 27 49 76 80 56 60 88 62 71 81 94 54 80 83 51 80 85 77 33 91 82 71 85 61 95 86 85 87 77 87 64 42 69 25 76 72 90 62 20 35 76 78 88 77 91 48 79 52 86 90 51 57 91 44 55 68 58 87 66 92 5 62 96 69 95 69 92 80 57 82 31 97 81 65 79 96 86 90 89 90 27 92 7 95 79 82 58 63 86 34 36 33 53 36 54 80 100 82 33 38 85 86 99 100 60 22 84 94 100 73 34 96 34 80 58 100 90 35 76 86 89 45 47 21 37 34 48 54 49 66 95 64 87 97 64 19 76 64 54 46 93 63 77 88 33 53 63 97 64 27 93 74 73 84 57 64 65 52 87 78 68 85 82 67 53 69 60 88 50 94 91 23 68 57 85 89 49 30 91 90 47 71 99 92 65 71 70 91 98 40 23 20 77 61 83 92 32 91 79 99 41 40 63 37 92 69 90 87 73 72 62 27 71 78 63 73 80 92 32 70 32 86 84 21 94 85 92 29 51 26 69 78 72 48

411 653 704 1091 318 50 65 916 3002 810 462 724 2091 445 884 2814 1104 81 249 2567 263 1020 948 684 3180 1926 199 114 144 433 2019 160 336 4045 1013 1233 92 199 3565 36 1869 3136 740 1488 526 3608 59 78 226 728 746 340 439 3127 2664 354 750 98 153 395 508 423 45 843 1699 535 565 4955 865 184 502 131 2952 168 1361 2202 625 46 872 5964 70 1064 360 78 343 545 519 135 994 1106 309 208 235 3829 3081 895 2634 459 77 1437 627 2711 3019 1327 3658 1424 1254 314 2201 926 669 292 1346 139 181 114 781 1569 593 374 687 4731 1254 1880 42 783 596 712 932 496 1441 1264 1426 2636 560 423 2724 3110 1387 542 185 554 90 134 2748 1262 470 150 5684 1219 106 4359 740 366 350 2465 186 40 385 3801 204 996 527 3210 648 312 141 1173 3695 829 4196 297 538 469 1213 1003 617 1864 676 1025 1740 484 79 3149 107 563 1723 2319 4902 1450 1445 172 253 1092 1368 1581 1271 55 68 2400 1532 503 1838 374 2156 272 402 839 2675 370 2173 949 387 2132 734 749 991 1247 172 1326 193 42 4379 820 35 638 1045 1349 2022 1437 4627 537 2252 1592 917 329 2287 2871 93 538 664 149 667 1173 411 80 581 2240 578 898 300 1598 306 1175 1378 1344 1885 109 995 537 4248 183 123 3038 1544 1724 675 679 919 1048 376 1568 512 1906 2463 92 4115 1241 438 3493 189 483 266 1660 1426 1155 757 3900 1175 525 515 1463 1008 2553 455 4953 364 850 588 244 183 530 584 1628 1178 281 1715 70 1161 90 230 406 904 1679 618 319 4456 2099 662 364 1363 420 6670 545 8729 99 3358 5033 2343 49 378 510 1253 2686 1333 756 416 1712 172 1803 51 136 676 1180 311 705 3742 609 1935 2112 4896 357 1499 100 1209 1286 178 164 3720 1027 188 1368 554 167 1039 262 903 1667 1706 696 4730 643 84 171 326 857 404 27 626 444 2125 1662 867 1071 757 2840 1534 196 727 78 2106 377 380 2094 2726 291 185 799 2657 2984 100 771 2711 470 324 733 202 447 769 1855 1960 843 365 685 146 646 723 505 444 236 663 299 1812 325 688 1897 1372 3836 290 1440 1309 603 39 508 896 623 371 1343 137 317 1522 814 554 168 655 609 901 1060 991 1239 1039 725 3831 579 1386 229 2367 656 735 616 741 145 1877 1623 408 645 816 2043 844 353 1064 1214 1300 300 668 1448 77 383 99 396 731 2998 2662 301 146 2762 211 667 2648 403 370 2140 238 687 1916 1402 158 996 1445 288
1133 895 5047 1345 1813 677 1316 1132 3027 5409 523 6205 3476 501 923 4287 1334 127 668 5243 418 1080 3720 1367 4511 4166 898 255 1102 744 5942 1954 2036 4861 1298 1576 845 251 3690 1721 1893 3740 911 5131 588 4716 171 1164 697 1105 1936 430 1859 3531 3078 1544 1460 279 305 499 930 1056 707 1366 2188 1722 860 4959 2050 4526 672 348 4063 2254 1611 4642 2600 1936 3590 6696 1223 1399 556 935 409 634 1044 2135 6094 1796 503 416 378 4292 3473 1036 4689 533 572 2320 1040 3032 4634 2965 3794 1732 1723 1453 3978 1112 1321 2612 1350 1717 1115 976 1724 1589 910 1234 1969 4763 2099 2020 1299 1120 982 5419 1494 745 1737 1349 1606 5566 1541 909 4778 3819 3185 1999 705 1511 563 565 4026 4552 4615 2260 6569 1289 1118 4367 1324 740 669 3350 1928 410 1050 4103 5285 1161 619 4548 2958 1005 558 1751 4732 858 4555 2010 615 1207 2385 2365 912 2623 1905 2067 4037 1207 4255 4848 415 708 8292 2626 7164 1569 1744 285 1701 1396 1954 1920 1442 2475 210 3669 1648 1224 4008 1599 2546 2255 2073 1342 2776 907 3711 1132 513 2501 790 1032 1766 3491 5153 1585 1662 750 5228 1113 389 4863 1210 2114 3591 2471 6001 883 4653 2299 1608 617 2658 5743 503 2629 1549 754 3298 1338 963 308 1064 3087 666 1925 2676 3378 454 1207 2438 1611 3167 1212 2801 1147 5344 508 581 3655 6127 3115 816 1409 1288 2986 1268 1746 1306 3161 4123 945 4189 2093 1701 5063 731 564 657 5582 2727 1702 1631 5878 1406 841 1117 1585 1903 6531 499 6051 912 1872 1356 685 224 1451 611 2132 2708 1886 2585 344 4316 739 454 1158 1697 1949 1837 2710 4701 2729 866 673 1551 3969 7202 838 9133 1109 4419 5628 3325 604 669 661 2155 2929 2019 1183 603 1746 2982 2072 87 281 934 2523 950 1523 5614 1642 2208 2967 5755 737 2528 1131 1672 2513 1288 1342 4296 2101 1133 3451 1378 209 1817 383 1066 6309 4607 1254 4868 704 1322 1405 404 886 6132 487 1382 1216 2234 3046 2100 3952 2908 3571 4712 1720 3892 748 2473 447 1274 3089 3468 2940 657 1251 3538 3859 1236 2474 4292 1739 1759 1025 656 506 5079 6755 3972 2377 796 946 1352 1960 1346 580 518 489 2001 4337 2956 418 1289 1941 1608 5376 1364 2200 1326 1846 3419 853 3059 4357 556 1755 1326 771 3141 1004 590 2598 2246 1615 2156 1877 1466 1260 1971 3525 4614 2448 2665 1608 3469 2106 1961 903 2665 412 2204 3011 1084 871 1023 4619 1173 1044 1868 1249 1611 366 1116 2773 321 524 1412 656 1490 4993 2800 754 1447 3130 1567 6750 2812 749 1027 2284 963 1168 2110 1902 392 3305 2618 4412
1487 915 5534 1469 4196 2605 3726 1905 5264 5901 1454 8668 4354 511 1434 6263 5968 572 2953 5808 964 1508 4034 2387 5946 5007 1261 2978 1999 892 8923 2129 3033 5754 1838 1833 1466 1855 4051 2303 3804 5553 1059 8626 1417 5439 730 1193 773 1786 2235 737 3379 5456 3814 1804 1523 3986 345 3604 1207 2959 944 2305 2320 3361 1976 5410 2294 5005 1309 385 6648 2930 1657 9473 4271 7144 4632 6895 1428 1654 1286 2144 1836 2594 1302 2763 9424 1976 1110 1207 736 5135 7790 1412 4806 1087 689 2436 1161 3438 6385 3743 6948 2270 3183 1912 9059 1797 1953 3497 1582 2171 1398 1753 4418 1859 2083 3102 2302 6773 2344 3604 1343 1900 2059 7636 1820 1987 1778 4288 3060 6137 1709 991 7474 4223 3279 2241 6853 2087 668 604 7656 7903 7127 3903 6985 1628 1288 4912 3014 743 731 8327 6761 1355 1906 4161 6087 2178 797 4585 4525 1047 1895 4042 7202 1770 8696 2150 1029 1907 3702 5829 1041 4477 2859 2632 5860 1684 4495 7044 2139 2215 8319 2831 8407 2222 1904 957 1869 1917 2694 2999 1858 3266 489 5139 4192 1556 5125 3129 2684 2435 2340 1766 4488 6044 4450 1439 545 2957 1234 1812 2426 4320 6533 2326 3283 835 8513 1659 2247 6653 1486 4188 3789 2854 8117 1663 7499 3301 1753 3330 4383 7261 668 3287 1687 1993 4243 1958 2060 1915 1244 7652 1175 2280 3104 3750 712 1860 2765 1627 6903 1409 3440 1263 5512 753 1937 4084 6625 4244 861 1607 1303 3244 4281 1824 4346 4165 7936 1381 6643 2627 1771 5946 1562 842 1015 7010 8822 1806 6866 7122 2061 913 1260 3737 2179 6793 1300 7583 1335 6275 2092 2643 5952 2639 893 3836 3222 2920 2752 5318 5817 1172 1701 2021 1711 2323 1864 6793 5233 5251 3264 833 4718 7445 9808 2559 9424 1685 8782 7971 4413 1449 2573 664 3339 3774 2021 1459 812 2005 3530 2514 486 600 2222 4975 2690 2500 9297 2403 6022 7166 8458 972 3543 1252 2090 3279 1996 1355 4561 2558 1308 3753 2394 1588 1929 770 4220 6636 4911 2052 6204 1482 1850 1676 1610 1515 6132 986 1493 1492 3012 3961 3763 5962 3443 3880 6670 1755 8699 1376 2562 1390 2253 3535 4376 5493 2839 1802 7064 3942 1918 3120 4472 2995 2389 2207 1137 1004 5117 9461 4189 3546 1044 1695 1883 2162 2400 609 3995 1617 2188 5674 3261 2312 1486 3024 2013 8137 1905 3437 3912 1946 4195 1691 3376 6485 1475 1828 1754 865 4663 1206 1142 3546 3412 3447 2372 7741 1652 2067 1982 4794 7200 4375 3325 4461 3719 4024 2410 1042 3069 1538 2360 3335 3107 1118 1402 7187 1985 1789 2109 1303 1770 1292 1721 3842 1408 2276 2802 1185 1954 8480 6512 1139 3170 3881 3826 8052 4166 1155 2401 2414 1332 5078 2824 3588 1926 5445 2754 4589
2130 1669 9765 2091 4388 3324 6123 1944 7220 5988 2325 9996 9978 986 1600 8918 7786 1446 7895 9753 1728 1756 4926 2388 7385 5564 3408 4810 4266 2039 9030 2453 3847 6308 2224 2203 2399 2208 4594 2503 5978 7942 2093 9233 1588 9465 900 3206 909 1852 2322 1315 3961 7640 4549 1834 2334 8463 2310 3617 1692 4211 2070 2505 3122 4404 4954 9771 3382 5814 1353 1338 7959 3945 2449 9556 9683 9493 4895 8905 1897 1937 2068 3555 2292 4195 2644 4406 9640 3015 1497 2437 1654 9512 8738 1973 4880 1236 1863 3315 1550 3695 6452 7579 8298 2470 3222 2098 9311 2525 2344 5049 1862 2560 1878 2095 8147 2486 2415 4261 2401 7853 2476 3777 1807 1978 2198 8266 2379 1988 2207 4999 6042 6801 2501 2084 8545 4674 7632 3995 7361 8273 1046 3544 8118 8825 9784 4666 7524 2156 2318 7393 4271 2432 1579 8749 8463 2146 2309 6248 9037 2314 2299 7294 4789 2101 2145 4211 8927 4788 9574 2245 1042 3592 4887 8089 1656 4496 8768 3098 6620 1863 4524 9323 2366 2302 9847 4199 8801 2436 2302 1353 1884 2201 3971 4145 8587 4886 4450 8303 4242 3314 9911 3885 3810 2471 3166 2202 4876 6811 4755 2470 875 3980 2445 1960 4600 4411 8259 2453 5020 1913 9734 2316 3793 6865 2152 4978 4534 4471 8358 2007 8185 3304 1920 3887 5045 9012 709 4750 2413 2398 7107 2511 2088 4864 1559 9335 1330 2389 4765 3830 715 4820 4005 1796 7716 1879 3642 1427 9348 2354 2217 4853 7460 5016 1421 2346 2160 4529 4298 6548 4457 4630 8810 2130 9683 4481 2152 8001 2274 2322 1242 8405 9319 2683 8753 9624 4951 1803 2376 4701 2486 6806 2194 9501 1741 7431 2521 9321 10011 2784 2445 4847 3291 3091 3019 9000 6632 1789 1736 2170 2458 7885 1975 7220 5863 5286 3974 1680 4729 8307 10031 3480 9440 2033 9339 7986 4546 2275 3350 1320 3893 6218 4867 1763 2486 2229 3549 4201 1565 4735 2296 8734 4825 2786 9772 2794 7276 9727 8866 6801 4728 1979 3457 4541 2433 2308 6367 5000 1348 4844 2540 1675 2356 889 4915 7918 8248 2558 7322 2355 2239 1929 1996 2181 8372 2218 1971 1925 4002 4576 3976 7751 4991 4890 8013 2432 8993 1724 4205 1528 4079 4995 4753 9881 4869 2224 8301 4912 2262 3270 4682 3829 4613 2545 1704 1064 9915 9508 6730 4886 1087 1997 2826 2221 4634 1522 4264 2434 3330 8783 4421 5027 1845 4755 2428 8454 1984 3636 4676 2269 4537 1977 4324 8217 1634 3232 4947 1906 4818 4840 2310 4746 4997 4026 3548 8121 3950 2292 2275 8761 9520 5757 3657 4577 4516 4088 2453 2094 4954 3537 2362 3561 3322 1782 3374 8661 2167 2545 2136 1502 2074 2302 2500 6340 4816 2418 4789 1496 2126 8898 8392 2538 4358 4711 5673 9732 8405 1362 2650 3147 1984 6716 3065 4733 2090 7298 4271 5027

395 320 233 531 147 48 35 171 2293 317 407 421 964 50 755 2094 158 73 234 1651 19 752 858 242 2721 1672 197 100 126 260 1692 155 315 1654 910 504 81 144 1206 9 1758 2887 728 1127 361 2812 41 20 176 38 663 125 243 1259 1076 151 542 59 110 316 98 398 41 503 1201 438 268 1153 770 80 119 79 2259 100 1010 1868 593 23 293 5622 57 790 187 65 336 475 348 129 924 474 247 110 73 2552 2520 812 1657 281 62 588 313 2140 2085 1319 3594 1235 793 97 2087 388 540 171 1104 58 90 62 597 1493 278 43 446 4342 1250 1318 7 539 366 685 567 491 1420 545 335 1224 465 101 254 2728 1101 415 179 410 75 65 1038 881 210 59 3893 1204 94 3184 606 291 170 2015 95 37 382 3751 79 493 335 3025 645 145 131 1123 966 822 3621 221 212 284 810 328 597 1812 357 566 1485 426 30 3040 83 157 1049 695 4691 922 885 164 152 836 688 1292 1215 48 59 1372 916 474 1397 139 1995 161 384 384 862 367 1926 315 80 1262 202 325 691 1025 132 885 141 34 3585 662 32 144 362 431 1435 861 2198 407 1408 1097 268 275 1624 1094 86 145 613 91 495 893 194 32 116 1518 515 428 221 1164 243 847 646 538 427 84 130 506 3933 155 78 1758 335 498 533 201 544 518 283 527 180 1724 2260 89 4086 1109 353 3421 66 240 126 1181 1090 845 682 2539 649 17 489 344 853 1319 64 315 352 790 451 115 85 413 549 542 742 255 266 63 881 52 210 175 679 1185 451 195 4365 2073 258 307 1280 183 6191 528 4911 3 2988 4504 638 32 345 499 1202 943 1079 675 309 1229 164 1627 39 133 636 696 297 647 3486 463 781 1634 2872 334 1162 98 961 871 77 94 2089 647 164 831 307 144 812 178 349 1330 1479 409 4174 409 76 93 178 833 369 23 506 349 965 824 385 476 728 2471 1522 181 667 28 2019 179 219 1372 2082 224 65 46 1730 1626 65 362 2465 464 191 479 91 345 301 1625 1745 775 356 655 105 611 636 387 277 225 422 291 1712 98 516 1456 1084 2032 208 663 795 272 37 484 833 580 274 1253 128 218 887 729 422 95 566 298 472 729 936 1224 470 498 3453 116 809 123 2215 439 427 580 628 62 363 1372 402 261 516 2028 615 141 710 679 1149 166 437 909 70 127 41 353 588 1204 2107 130 111 1051 174 400 2022 272 359 1467 214 324 1874 499 86 791 1294 227
136 235 119 87 1 46 6 146 422 258 355 154 20 18 534 871 146 44 2 961 4 637 469 191 1167 848 68 81 79 195 44 2 170 527 552 416 33 107 774 8 91 1534 273 758 288 2178 27 1 160 37 214 55 128 1060 455 96 181 7 29 298 93 285 37 495 1199 326 35 597 582 8 45 25 2044 97 567 1804 423 2 36 5298 50 676 39 50 247 379 266 120 131 32 206 105 1 1122 254 545 1165 81 20 66 245 857 1057 147 2962 486 157 2 1736 13 339 12 959 19 17 41 390 467 272 36 145 475 1042 816 4 342 357 169 83 437 658 311 204 219 314 99 20 23 993 213 14 301 62 55 74 167 142 12 348 380 49 2576 599 188 168 236 37 6 95 460 16 252 154 1878 209 66 16 36 153 189 2599 38 99 252 477 9 287 1540 343 432 840 424 3 1307 32 6 403 302 3657 175 114 154 137 641 598 990 1126 40 25 596 628 388 595 78 406 41 335 73 139 355 1117 33 43 376 73 293 95 890 65 204 39 30 2538 282 8 77 272 137 1377 650 564 367 1288 198 193 121 1003 802 70 118 513 1 311 74 100 13 27 1154 27 283 119 609 122 156 77 34 77 42 52 78 2823 41 11 958 27 363 511 8 29 185 161 483 157 356 1114 40 1083 695 265 768 7 62 70 632 715 264 4 942 207 16 118 242 500 1207 3 208 121 142 427 46 57 117 279 380 689 203 142 41 717 25 199 130 492 954 434 124 1406 1384 194 102 1052 68 406 173 2428 2 2747 4270 250 18 125 23 699 48 923 485 262 1136 50 1322 28 115 81 212 192 643 3004 104 508 980 1223 229 714 48 509 301 69 49 1036 512 103 162 179 75 51 175 315 490 678 275 2650 373 29 23 21 623 347 22 286 30 334 289 343 98 192 803 1463 39 104 2 193 99 20 1325 1455 139 36 13 738 1160 7 202 2217 16 105 115 46 67 273 902 1734 579 239 426 52 358 27 267 173 189 304 224 726 82 132 546 81 1254 16 501 522 155 11 433 172 98 196 414 37 169 40 707 160 36 377 113 4 648 823 327 402 145 2215 11 479 121 807 133 223 381 551 19 294 790 135 229 455 280 128 20 656 383 312 74 166 405 51 94 22 104 218 657 1444 110 13 806 116 223 1497 70 34 479 18 116 1140 400 31 694 155 119
