500 4 2
86 98 91 24 88 72 94 24 55 5 46 96 88 11 79 9 17 86 71 85 48 77 11 99 86 64 52 45 8 4 68 68 7 35 65 24 56 58 29 58 59 48 60 68 27 19 96 40 45 62 10 91 100 95 98 40 75 3 51 64 94 19 90 73 60 28 25 67 40 52 71 16 72 55 96 44 94 84 6 86 71 45 11 51 39 58 58 86 36 20 53 37 37 73 13 41 100 92 37 9 62 99 92 22 53 75 27 97 83 14 82 54 85 78 46 66 1 11 50 72 69 73 29 97 54 58 65 24 73 37 5 97 67 87 6 40 48 26 37 30 78 11 59 61 13 19 90 54 5 79 76 24 100 82 26 6 83 13 86 94 12 36 59 55 88 70 89 30 21 75 16 84 88 15 26 5 26 30 18 34 24 71 27 32 90 76 36 93 64 57 92 96 44 25 88 37 88 79 74 82 3 6 93 58 80 94 82 35 52 57 5 83 40 17 48 15 58 99 17 94 55 91 9 25 92 55 51 16 46 53 56 28 31 53 5 67 11 48 58 35 54 82 3 74 73 41 44 16 23 41 9 74 85 65 12 27 48 79 28 72 70 8 82 82 82 39 3 63 70 7 89 86 3 93 57 52 20 2 83 80 92 87 69 67 24 26 13 65 69 3 17 81 84 20 47 65 9 65 43 63 42 71 66 12 81 47 77 40 10 83 43 28 55 40 64 23 25 97 76 93 10 85 2 12 100 22 12 100 93 35 40 22 47 75 30 99 75 22 17 2 16 56 60 78 15 91 94 61 42 34 81 58 9 52 40 43 73 4 91 35 74 84 76 57 23 31 16 89 83 40 87 22 59 1 28 20 5 18 38 10 40 88 76 9 42 21 37 84 23 54 26 88 60 79 27 13 3 30 7 39 48 47 56 37 97 72 24 14 24 8 38 83 29 11 60 79 71 9 78 57 58 16 64 22 81 75 63 48 93 59 75 67 63 10 93 72 77 90 50 88 87 44 56 41 1 100 89 98 42 29 12 2 82 50 69 10 54 36 63 38 5 14 92 84 4 16 71 100 43 66 68 60 48 85 53 17 46 69 96 79 20 60 9 42 9 83 71 42 89 15 16 88 3 23 9 62 81 8 37 75

13 2 7 2 2 9 36 56 18 9 4 37 23 51 7 31 20 18 13 6 12 27 45 7 11 9 1 28 42 20 9 13 9 1 1 3 31 58 36 2 43 1 1 20 45 32 17 45 8 19 6 9 2 16 10 15 31 8 10 23 23 5 2 21 20 2 4 40 14 14 35 3 12 4 12 29 2 16 14 14 47 42 39 12 14 22 10 4 1 42 2 22 16 36 20 3 8 16 9 5 16 1 20 7 29 25 22 8 29 1 12 3 10 28 9 11 11 10 24 42 8 32 29 3 2 13 7 29 11 22 37 23 3 5 43 28 17 10 46 7 4 27 2 15 21 10 10 22 55 17 64 52 7 15 6 3 30 15 16 16 19 25 27 44 2 33 7 16 25 15 26 4 10 22 14 1 7 6 9 31 26 24 30 11 7 39 27 6 18 3 21 23 3 20 5 6 31 6 4 46 20 9 55 23 1 7 22 38 43 7 14 2 3 49 21 35 32 10 17 12 3 4 4 1 15 21 11 9 29 10 43 26 8 6 25 20 40 2 7 36 10 6 32 3 20 28 40 1 25 18 30 6 8 24 14 22 10 10 25 44 5 8 17 19 7 19 5 17 1 1 4 22 9 4 55 4 25 34 22 37 15 45 48 22 30 21 7 8 50 51 4 61 27 19 21 31 6 17 30 9 6 7 28 44 21 8 43 13 8 11 7 3 24 28 22 8 5 7 18 57 5 18 25 39 7 11 6 7 5 34 3 4 5 68 7 1 24 5 27 24 49 43 9 22 7 19 1 1 48 3 8 3 31 85 2 15 14 16 12 10 23 21 9 85 15 25 20 11 40 22 39 1 3 51 18 9 18 17 4 22 13 39 10 21 7 61 14 19 41 48 34 17 4 29 28 4 14 19 2 41 10 57 6 3 47 5 23 23 53 10 1 7 18 35 25 35 41 9 35 2 10 26 31 27 4 44 42 30 4 5 14 22 24 21 7 2 53 18 30 14 23 10 26 25 37 19 7 32 11 10 19 12 5 31 40 4 38 63 7 30 34 24 39 4 17 1 9 50 16 37 42 34 1 23 41 9 8 19 49 19 4 43 7 18 43 38 26 56 18 2 38 15 26 17 9 17 2 30 2 3
64 28 33 12 9 27 65 61 22 23 6 51 27 60 17 40 24 94 48 27 27 32 52 20 14 11 6 56 58 23 10 60 10 22 9 28 38 61 70 42 70 33 32 40 48 52 30 51 12 46 32 26 9 27 22 25 33 15 44 29 57 33 62 34 40 20 13 43 26 25 37 53 29 20 18 48 60 35 50 20 72 48 70 22 34 37 34 11 33 43 25 52 51 55 72 64 16 29 57 62 28 15 31 20 42 33 34 15 61 24 26 46 52 79 47 49 20 57 35 54 34 35 31 4 7 59 14 47 25 30 70 43 15 65 49 44 17 22 57 11 20 66 18 64 47 41 47 62 62 56 70 55 43 43 6 72 44 38 36 24 32 26 35 59 68 85 26 30 58 20 63 13 27 27 40 12 8 16 18 39 42 42 62 33 51 82 37 12 82 33 25 36 50 33 23 25 67 51 33 74 29 64 67 27 6 23 35 68 55 33 48 14 23 65 42 78 33 19 35 13 15 61 42 5 20 53 29 33 58 11 77 54 49 18 30 22 44 40 9 37 33 36 39 60 23 32 62 2 26 32 46 30 55 44 28 44 50 13 28 48 32 44 36 25 7 64 22 52 16 18 55 54 22 15 70 20 29 66 28 82 38 53 53 31 57 35 56 40 64 59 40 64 41 19 32 43 14 52 38 26 12 16 32 49 21 69 44 15 37 72 29 63 36 39 69 11 39 55 29 57 33 21 31 60 42 35 24 52 38 38 21 30 53 89 7 6 59 11 33 24 55 69 13 28 26 76 12 38 55 52 10 8 54 87 6 22 23 53 12 37 26 67 28 85 24 35 42 30 42 31 66 45 29 59 40 35 26 18 10 23 42 58 36 76 10 67 44 49 48 52 38 73 90 60 39 18 40 39 22 43 44 68 37 56 54 21 77 24 85 68 10 38 19 36 55 60 57 64 75 14 29 35 87 28 9 57 61 53 29 40 37 26 69 69 41 35 64 37 47 16 24 31 44 35 43 70 24 41 28 33 49 22 43 60 45 53 46 81 37 36 40 52 48 73 31 27 27 52 51 42 68 43 67 38 42 78 11 78 50 39 33 56 27 86 69 51 35 72 26 13 66 17 27 17 34 17 48 53 11 55
78 70 70 36 43 30 66 92 66 49 53 56 36 76 25 41 35 96 85 55 77 90 64 23 53 16 45 76 81 51 18 79 66 45 10 75 60 65 76 67 86 62 83 76 73 62 40 83 15 82 94 79 26 66 38 35 40 41 87 33 91 72 68 71 72 49 25 54 55 42 52 77 75 80 30 50 65 60 53 27 87 71 72 26 55 55 52 13 47 46 31 64 61 97 76 72 93 45 75 68 65 58 35 28 70 58 70 57 62 83 45 72 78 81 77 61 89 59 39 57 36 44 85 52 89 91 18 68 38 30 82 78 47 85 55 90 22 26 69 25 24 93 23 78 79 65 69 71 70 79 72 84 59 53 40 73 48 51 57 31 59 27 69 86 71 86 48 41 63 25 65 57 71 81 55 13 47 41 78 47 56 54 76 75 68 86 37 22 93 56 72 96 62 58 89 64 68 70 62 83 58 77 76 39 40 29 64 88 98 34 56 14 76 74 88 83 39 50 72 78 16 77 82 30 41 63 81 69 70 41 87 70 79 24 45 73 76 70 38 53 34 79 51 64 41 79 78 51 28 36 67 74 71 59 56 55 79 36 53 71 67 66 52 60 50 64 30 54 60 22 93 63 29 33 75 38 38 72 50 89 81 71 57 63 65 72 72 41 82 64 47 80 47 35 34 53 69 53 49 68 63 29 59 64 22 71 56 92 71 78 90 90 54 53 80 34 84 90 35 76 58 47 77 68 75 73 56 56 57 47 24 51 70 90 32 12 63 51 75 43 85 70 70 92 63 83 25 51 80 93 17 24 62 90 29 44 63 55 47 52 74 68 47 88 49 71 55 77 88 72 66 56 79 68 44 89 27 46 13 63 70 62 75 93 31 72 82 59 53 69 60 92 90 87 41 56 72 94 42 64 46 85 64 59 67 27 78 31 86 91 15 38 62 63 63 71 79 87 82 63 40 49 96 57 57 83 75 76 68 52 54 53 77 74 51 44 70 45 61 47 93 36 62 69 48 71 26 44 91 63 50 48 51 68 60 68 85 90 60 70 51 57 55 82 81 33 65 83 64 46 84 55 70 44 50 90 64 79 54 53 37 65 77 89 82 72 59 76 53 47 82 60 64 56 35 41 56 57 52 79
86 89 80 70 44 64 66 98 93 77 96 74 68 87 51 53 98 97 86 59 78 99 71 37 76 87 74 100 97 92 39 100 72 53 97 76 77 80 98 75 92 78 91 100 75 93 87 88 44 89 100 89 41 90 91 63 92 80 88 96 100 81 94 88 80 60 73 98 96 72 68 99 92 90 56 90 67 91 98 40 88 91 81 35 87 72 62 23 56 86 75 90 76 98 92 88 96 82 83 100 98 66 78 34 94 61 99 88 95 94 77 83 89 87 80 72 99 77 98 100 88 64 87 96 91 91 96 76 56 59 86 84 54 97 97 91 58 73 87 57 70 94 73 82 87 94 89 72 78 93 89 90 63 72 62 79 65 56 78 31 72 88 97 90 97 99 93 83 93 28 74 87 78 98 95 45 87 54 100 48 81 73 77 98 86 99 40 36 98 88 90 100 88 73 98 96 75 74 78 89 84 87 80 71 59 69 79 93 100 56 98 20 80 100 95 90 93 50 75 97 25 80 97 56 65 85 86 77 88 51 94 72 82 93 85 85 90 83 82 81 44 90 92 98 95 82 80 95 72 74 99 88 83 95 90 59 90 82 100 75 80 67 98 75 68 68 75 59 83 98 100 91 80 90 91 39 77 98 81 92 98 74 59 90 93 85 76 85 89 91 47 88 86 80 79 75 78 100 55 80 99 95 95 67 96 89 72 92 86 84 99 92 76 83 96 70 88 97 55 83 92 93 87 78 87 80 78 76 79 55 93 81 79 100 67 87 87 85 82 53 94 91 89 94 76 100 79 76 94 97 76 69 91 93 66 95 80 75 70 61 93 68 64 91 53 99 99 95 90 91 69 90 83 69 67 98 67 95 27 87 72 94 97 97 59 76 100 70 92 87 83 98 97 88 81 58 76 96 47 77 71 91 95 98 81 62 95 77 89 99 91 75 75 70 87 74 80 96 87 90 60 53 99 91 76 85 86 79 98 77 95 91 81 91 95 91 92 96 67 100 94 42 100 80 59 78 49 46 96 87 51 61 68 93 92 96 90 97 70 94 79 77 74 90 85 93 77 99 84 56 96 94 83 46 73 92 67 96 75 91 93 90 79 94 89 79 100 93 60 81 93 76 80 65 47 55 94 93 94 84

39 28 61 4 44 1 4 22 14 91 31 15 16 23 8 3 11 42 9 32 40 21 49 11 51 17 3 41 6 50 13 36 4 9 9 28 6 32 66 37 21 50 9 84 50 12 23 11 3 44 21 11 1 42 67 53 69 42 33 45 3 18 32 49 5 2 52 58 73 44 25 26 38 44 27 47 10 62 62 49 83 6 31 46 18 2 9 19 59 2 20 33 33 2 10 47 48 82 28 37 26 38 26 25 7 64 10 5 6 11 7 6 22 91 30 36 17 53 28 43 42 41 19 61 31 24 28 49 9 18 41 60 3 20 6 2 5 22 17 42 39 33 75 23 31 36 58 9 5 21 30 36 81 71 3 63 76 26 7 27 3 31 29 3 71 5 73 71 18 21 96 33 1 12 37 70 41 54 39 53 25 59 12 49 55 20 20 20 27 64 21 19 46 46 55 90 13 45 40 31 7 65 38 10 10 46 20 45 27 12 39 16 9 24 22 67 15 15 6 49 9 5 1 19 35 17 57 27 32 49 91 48 55 12 4 98 67 39 42 18 32 39 1 25 82 4 31 70 31 32 21 42 17 3 3 34 26 49 27 91 26 30 61 76 33 6 33 38 13 88 65 36 54 62 63 31 31 21 48 63 44 28 33 41 37 1 3 54 5 35 20 22 27 18 42 46 54 9 12 24 69 51 8 57 70 4 25 27 62 55 20 64 51 3 10 27 4 31 32 21 65 55 16 81 80 45 83 65 19 6 65 35 7 44 69 64 49 59 97 5 13 52 8 30 3 32 17 44 27 16 13 4 18 32 13 53 41 75 25 28 4 26 4 10 22 1 14 51 32 85 23 18 15 47 21 3 16 36 8 50 19 45 21 40 15 21 66 41 12 17 61 26 6 80 28 19 31 48 67 75 24 18 59 38 10 79 16 14 8 5 13 20 63 27 28 43 38 53 33 14 8 84 52 31 17 18 75 69 10 43 16 24 43 65 38 69 55 58 21 37 39 72 10 8 21 62 13 2 4 50 12 15 2 10 15 17 59 5 38 56 7 15 24 12 55 18 44 35 68 83 11 7 49 54 32 55 11 60 21 34 29 13 25 76 77 9 12 76 62 6 55 21 16 57 26 9 44 24 50 19
90 84 76 74 69 40 94 100 92 96 100 22 20 89 25 82 97 66 13 55 62 69 100 84 87 69 81 74 80 89 16 40 80 43 84 31 22 38 84 97 30 62 91 85 87 58 39 23 40 63 56 58 70 47 74 72 75 96 52 84 77 49 68 94 81 89 61 89 100 73 74 99 50 85 37 50 27 67 88 63 88 80 66 63 91 93 89 48 89 53 66 63 40 77 16 58 100 98 32 76 90 71 67 35 97 88 90 18 40 61 37 36 55 95 50 61 64 88 31 96 69 74 63 64 65 90 51 68 65 35 87 60 6 89 19 41 99 100 83 84 78 44 97 97 72 65 64 81 42 49 91 88 88 97 28 86 100 30 26 87 94 63 38 3 93 31 92 85 24 23 100 85 77 24 84 80 95 69 70 83 91 84 83 52 81 84 36 75 54 74 75 50 69 98 75 93 92 51 65 56 9 89 94 34 28 90 40 62 66 37 67 21 47 98 82 87 64 31 97 100 35 64 11 43 100 49 62 91 91 70 95 56 64 86 72 99 95 56 63 22 73 86 3 43 98 17 89 74 96 96 34 87 80 76 51 93 69 60 80 94 72 69 77 93 67 31 70 96 54 91 89 83 75 94 99 58 63 73 83 70 78 64 65 63 58 89 42 80 49 43 90 77 77 40 70 99 88 65 25 98 99 64 26 61 85 72 95 49 78 60 94 78 83 50 61 52 65 92 34 65 83 99 73 99 91 93 95 70 92 87 67 69 82 71 70 83 84 85 99 88 39 96 27 77 23 48 23 78 72 62 71 86 62 46 63 97 47 96 40 79 64 58 89 50 43 91 70 71 86 91 67 77 31 86 49 37 92 43 49 59 50 49 53 92 35 46 82 71 82 94 75 41 11 85 70 54 33 85 68 95 79 53 62 70 38 97 33 46 17 69 100 51 79 60 85 73 64 78 56 93 97 96 96 61 62 92 75 70 20 44 47 74 64 81 52 95 61 86 41 98 91 77 81 39 67 96 98 67 52 71 93 44 14 43 65 54 60 72 69 85 39 85 69 73 56 23 71 36 70 87 45 17 92 97 55 86 61 85 29 46 45 76 45 79 94 35 36 79 74 76 64 32 24 84 89 23 68 41 73 32

905 293 793 3681 1832 804 1632 554 1276 223 314 916 1047 983 641 48 103 4183 1449 402 1304 201 171 469 88 3175 2649 346 1823 2516 187 1594 602 1680 1521 118 608 3603 3000 2966 218 1015 2342 168 739 1347 293 1158 2322 774 1510 1797 3882 2026 977 858 1063 179 1137 572 159 66 3354 583 1021 90 1591 644 537 536 959 514 5998 5036 1047 665 2174 333 1814 353 172 46 583 731 2758 332 5276 196 51 222 2465 1642 742 1199 1019 701 212 100 1196 1914 3287 594 951 1040 772 1337 1020 437 3215 2863 1226 854 295 1723 74 863 1546 392 744 6332 641 371 183 1849 965 1017 493 2003 3827 2381 1037 869 271 195 283 49 1157 940 256 3489 1012 478 1007 1532 504 1277 644 2581 576 355 1712 2685 2707 325 900 4771 423 985 2280 543 1300 2696 4954 2851 418 3193 464 72 1009 3958 5243 684 408 1311 1279 2891 363 543 3220 2173 1198 3239 147 710 3991 118 622 265 6192 3228 93 762 132 298 973 2345 1152 368 575 2352 2501 842 961 570 1268 7968 2918 1195 1422 2116 291 2567 733 1390 2782 3423 2222 588 438 470 5063 849 34 1117 6234 2602 211 847 266 423 1173 315 1015 789 251 137 1743 368 431 64 1703 1163 1522 429 408 481 164 578 163 1732 1528 1291 341 827 1379 2061 3421 744 832 474 1154 918 4117 1468 392 185 113 3598 1183 443 1645 581 213 859 157 1096 295 720 3164 1776 487 1631 615 351 2477 2276 432 512 423 1354 2751 134 820 543 536 160 1468 518 926 933 1561 577 5363 392 1295 449 278 3095 1120 97 2564 277 226 3477 161 121 742 163 979 654 480 595 435 4374 299 306 728 561 809 1089 222 2088 420 980 505 583 3528 46 407 2656 180 3475 1125 1111 1338 245 1087 2523 616 1478 679 1213 124 807 804 1697 479 878 992 104 923 1760 684 280 2043 152 2182 269 681 975 609 1084 2672 150 1383 1454 33 4177 2153 649 83 112 700 632 4266 655 1201 376 263 2869 4026 2026 132 83 84 279 1774 231 2539 2846 239 2286 2435 126 1223 479 2712 599 1807 553 672 1521 246 204 826 1135 976 2400 334 577 372 78 901 80 505 266 229 334 3081 585 1702 1268 1929 123 1419 1514 1626 2208 846 371 594 671 1763 7286 4274 3476 478 2239 2593 2469 505 6615 4825 636 154 239 472 41 191 483 1017 100 1262 2977 3036 2802 2475 906 1191 492 251 711 461 4851 992 540 1813 266 221 3205 462 3937 1239 1371 2045 1807 460 2170 2652 1565 2249 2541 769 1633 2588 8139 1050 1631 953 237
2230 812 918 4129 3329 3466 2764 1676 8272 4809 1945 1250 2877 1018 1191 2271 744 6557 2730 1080 1837 1724 4034 759 1231 5676 4212 710 1875 2661 503 4291 921 4119 1804 174 5240 8234 3058 5020 723 1246 7880 1189 1743 1420 545 2096 3480 2983 1656 2500 4482 3557 1308 1746 2183 541 1807 652 1870 1238 3475 651 1056 671 3420 1066 797 853 1133 2016 8228 6021 1102 2953 2950 1711 1884 596 1462 487 872 2976 3984 2094 6253 943 4616 385 3711 1810 975 1740 1167 3511 1448 342 1691 2725 4935 1166 2257 1190 3011 1944 1807 1022 4357 3326 1643 1166 3073 2539 467 1135 2168 2202 747 8102 1330 4125 641 4740 3953 3928 790 5583 3943 2558 3714 1222 603 3359 322 2307 1522 6606 1157 5309 3008 1294 1202 7007 2177 2201 784 7725 1441 360 2444 3960 2822 3523 2193 5588 1183 1335 2977 2216 2973 3102 5931 4158 674 3740 1409 1322 1281 6538 6426 1994 1308 2111 2526 3502 447 2233 3502 2881 3721 3570 985 796 4101 746 1306 502 7459 5949 247 3358 422 1042 5620 4998 1487 1475 618 4315 3144 2366 1174 2711 1642 8751 3413 2142 2095 3340 857 2880 1076 1756 3101 5855 2756 919 1589 707 5460 1553 2219 3450 7687 3934 345 2352 341 1371 3077 3517 3235 789 493 382 8139 414 883 729 2208 1450 2253 686 873 2518 499 1727 875 6742 2830 1893 3295 1137 5748 2998 5748 2397 1005 661 3342 1098 5082 1658 734 2611 2555 5118 3289 1894 6508 1656 838 1463 383 1477 2706 731 3175 3266 958 1778 1126 676 2988 2615 3425 2308 1841 1846 3738 1001 1740 1928 2811 373 1832 1053 1739 1119 1694 2784 6911 1649 1526 4272 9261 4135 6179 511 2750 846 370 6097 2448 408 762 1744 1604 1522 773 625 661 4379 2313 615 1235 2197 1465 1969 352 3370 584 1162 1098 963 6608 2897 833 5247 295 7209 2806 1476 2016 4714 1639 5343 654 1497 5451 5392 247 885 1266 1790 881 2591 1001 948 1231 2175 1442 328 2645 1639 3383 1299 2909 2478 1467 7149 4549 511 1484 3314 758 4917 7225 742 362 2434 1260 720 4703 2251 6365 451 1004 3332 5258 2135 411 1105 844 731 2930 1083 3414 5169 620 3260 3778 1260 1488 593 3565 1268 2237 2591 1765 1600 571 2535 967 4577 4615 4803 3382 653 6745 860 4005 123 1515 737 1424 5453 6414 614 2532 1344 2086 4228 1432 2911 3283 3715 1293 2387 958 3933 2062 7825 4501 3616 958 3045 2875 3142 896 6877 7570 6870 1166 871 1206 824 324 1386 5471 2706 1385 4257 4630 4885 2567 1319 1916 4215 468 3306 1126 7772 1337 937 4931 787 1089 5735 543 6378 1567 2450 2067 2937 717 4169 3218 4292 3749 2593 1048 1832 4016 8681 1234 2376 1483 2498
4020 846 1737 5208 4497 8689 9076 8560 8524 5201 2264 4875 4848 1019 1612 3639 3804 8082 5929 1577 2515 1876 6929 1451 1605 7336 6294 2625 2898 2863 2283 6596 1793 6456 2898 702 6474 8668 4641 8229 1829 1520 7925 1565 3512 1600 652 3756 5594 4118 2680 2545 5994 5537 3912 3604 2891 1016 3919 2090 2548 1375 5417 703 1254 849 3998 1685 1235 1424 1348 2255 8655 7398 1329 6905 5497 4183 2134 1886 2105 1477 1125 3705 6646 2132 9722 1246 4678 589 8299 2354 1398 5245 3792 3875 2132 745 6403 4221 7645 1217 3598 1913 3527 2559 4458 1609 5774 3387 3374 1545 4668 3487 1540 1564 4041 4347 1920 8766 1772 4310 1346 7908 4224 6687 1193 5775 4672 3915 4768 2031 3318 4486 629 3810 2627 7178 4580 5687 4811 2180 1397 8757 3662 4816 1469 9460 2195 611 2509 5234 7015 3908 2970 5654 2280 2212 2985 2252 4433 3472 8179 4765 1073 4887 1835 1509 1673 7711 6508 2079 3452 2452 3082 5002 1879 2289 8274 3588 6278 5702 1205 2029 4559 1192 1611 1696 7729 6082 725 4457 709 1465 6173 6618 2212 1707 733 8418 3549 7688 6592 3372 1954 9122 3546 3681 2979 3382 1747 4345 1377 2773 7220 5967 8843 1317 1639 2045 5904 1610 2311 3658 8821 3941 890 2406 3448 2233 3655 3518 3877 4689 1742 1165 8420 1088 958 1414 5182 8539 4974 1080 3355 2973 2927 3469 3704 8469 3832 3077 4064 1958 8721 4206 6166 2903 3140 1097 4326 1195 6089 1979 1178 5846 3122 5423 3436 2145 8087 2063 1542 2123 579 1822 3695 1339 4325 3994 1718 2983 2343 2648 3389 4333 4671 4642 3490 2062 4124 2931 1920 2466 4380 1395 4673 1788 4043 1627 3439 4051 7231 3629 1955 5297 9484 7662 6519 3126 2787 2156 1645 8026 2935 3135 922 1863 2710 1595 1037 1817 812 5817 3936 1189 2535 3429 1992 3225 1288 4066 793 3594 1652 1929 7331 3828 1258 6879 3504 8942 6321 3194 2161 5718 1771 5512 1660 1563 7705 5637 711 967 3518 1791 1228 4143 1512 4263 2585 2664 1830 700 2772 8333 7209 1620 4094 4633 1859 7309 4948 1174 1689 3652 793 8675 8387 1453 492 2680 3916 849 7499 2301 7688 885 1411 6042 5796 2437 1908 1517 1346 1210 3126 1758 3525 9606 1753 3854 6668 2692 1806 1114 3769 1780 2294 7792 2756 1679 879 3137 1652 8411 9241 6968 3785 1769 9169 1767 4156 2101 4121 5215 3482 7156 6724 779 7147 1907 2255 7712 2137 5160 3474 4540 1313 2445 1289 7065 5250 8402 6366 3914 1473 4645 3777 6281 5430 7567 8842 7193 1218 1568 2622 1884 608 1773 5867 3676 6026 4335 4813 5261 3249 1437 2135 5754 1282 4594 1669 7987 1366 1559 9362 3204 2064 9739 1738 8054 3610 3820 2790 5034 1036 4231 5246 4740 6034 7877 5167 2411 4487 9282 1966 2758 1571 3362
7394 3061 2363 9322 4852 9542 10074 9726 8684 9938 2519 4957 4983 1862 1787 4852 4072 9044 9205 2070 2658 2345 8680 1994 1897 7337 8034 5437 4005 3263 2300 8096 2377 8195 3758 1965 7093 9792 4923 8591 1896 4516 9511 2261 9349 1624 1145 4416 9751 4428 4972 2919 8293 6428 4899 4729 4631 1199 4017 2773 4006 2973 9267 724 2338 2327 4540 2180 1861 1918 1783 2423 8910 9249 1653 7271 9121 4924 2365 2274 4615 2521 1888 5943 9893 4216 9775 8078 9282 4310 10040 4053 2439 5942 4244 7802 2431 1368 8072 4497 9317 2216 4055 2059 4113 2961 5011 2295 10020 4495 3678 2093 4671 4903 1987 3056 4602 4928 2146 9233 2224 4549 2459 9424 4569 9540 2078 8509 5055 4297 9870 2533 4572 4905 2454 4423 4356 9294 4633 9529 4835 4431 3838 9522 4741 5094 1573 9525 8746 2544 8767 5468 9337 4265 8525 6068 2576 2487 3677 2336 4811 3918 8291 7015 2447 6679 2364 1533 2608 8691 8709 2380 7845 2463 4523 8071 2010 3302 8698 8238 8457 9049 1920 2159 5588 3385 2079 2127 8206 7799 3538 4704 1324 2171 7275 7857 2553 1999 1624 9454 4482 8560 9849 3879 2003 9782 4685 3819 4717 4435 2010 8743 2413 2943 8208 7654 9491 1696 1979 2712 7452 1657 2350 4738 9337 6688 1139 2437 3938 3897 4563 4526 4659 4843 4424 1483 9410 2002 1706 4015 8931 8680 5361 1908 3707 4958 3908 6553 9942 8497 3849 4601 4956 2210 8788 4919 9772 3851 4204 4061 6836 1887 9431 1987 1907 8667 4382 9603 4080 2386 8349 2548 2093 2364 1273 2200 4535 1698 4513 9948 2311 3586 3654 4053 4495 4770 4771 4695 5010 2503 6798 4343 2579 5627 4753 1824 7382 2168 4500 2104 3972 4225 8563 4291 2118 8654 10010 8164 9276 4197 3560 2354 2404 8648 4902 3171 3218 2304 4427 1841 4629 1899 1686 9131 5042 1667 2758 4022 2223 4055 1847 4790 2156 3756 2316 2442 8630 4799 1713 7223 4791 9642 9164 3942 3056 8423 6822 8657 2470 2805 9399 7655 2326 2375 4423 2253 2176 4797 2248 4468 7812 4029 1984 2380 4609 9159 7437 4931 4557 6636 2028 7742 6676 2129 2143 4016 1475 9413 9763 2021 2338 4502 4983 2211 8693 2444 8947 7239 2278 6325 9306 2492 2415 1755 1370 2423 3304 2342 3956 10023 2148 4850 8669 3208 2332 1918 9243 7115 2458 9149 5951 1874 2234 4827 1923 9527 9322 8634 4767 2166 9619 3967 4937 2178 6259 6459 4883 7305 6982 1956 9887 2505 3371 9517 2279 7080 3523 4888 1612 4776 1506 8786 8489 9706 9557 4065 2228 5046 9654 6756 6743 7773 9947 8709 2746 1802 7999 1968 4859 1940 6415 4226 9323 4658 4920 7157 3665 1800 2441 8686 2226 4645 1746 8565 2067 1744 9828 3540 2514 10064 4270 8534 3885 6474 3762 6334 2048 8138 6618 4978 6232 9258 6753 2493 4645 10012 2174 4280 1751 4840

426 141 658 3587 1204 610 1011 443 1270 152 139 893 543 512 561 34 55 2748 858 181 1053 136 140 366 83 2130 708 139 1502 1070 174 1079 227 1096 710 114 429 2129 1616 2597 171 231 2161 94 504 1292 255 727 1254 723 1458 1685 2658 1738 563 667 918 164 639 530 134 39 1337 161 566 49 1543 279 196 499 513 273 2639 4975 449 548 2021 245 484 270 166 10 111 383 1938 254 3462 125 49 172 1993 1512 542 636 801 556 101 66 1110 1694 1820 237 289 819 733 495 803 255 1972 1568 885 589 75 1620 22 651 1413 318 354 3803 331 283 8 942 559 539 468 474 2226 2301 903 651 175 124 221 28 625 820 219 2817 874 256 700 1106 334 902 271 1320 532 328 1168 1020 1681 213 850 3433 245 534 2225 531 593 2013 1736 704 125 2949 321 40 359 2639 4744 541 212 1291 803 2593 167 146 1621 1193 946 2648 63 625 3007 75 407 76 4505 1688 56 696 88 53 711 1830 931 127 509 2337 1274 379 944 217 487 5937 1633 1041 1382 1621 93 2557 537 1143 1821 2244 1110 504 185 346 4091 656 28 612 3407 1611 81 195 203 353 695 310 994 700 80 123 764 367 306 62 547 582 221 190 177 396 127 408 118 1545 290 188 221 727 476 1980 2032 671 605 451 771 477 3134 142 238 153 90 1125 1179 72 1202 210 169 344 12 703 270 687 1710 1333 423 1338 390 260 2010 1770 245 369 247 536 2160 85 817 33 177 128 626 474 336 364 923 525 1866 127 242 386 242 2086 954 51 1318 137 206 842 153 54 682 152 47 329 416 218 252 3608 194 289 444 358 625 528 220 1644 310 504 390 152 2707 12 257 1350 38 3370 1063 932 661 106 866 457 480 1273 656 874 109 416 684 725 188 601 824 87 665 1539 461 230 1509 116 1736 214 582 852 585 1055 858 131 800 382 15 3279 1341 603 66 88 575 581 3950 637 1041 25 149 2075 2531 1452 125 67 53 172 1373 108 1912 1858 217 2269 1911 98 966 449 1321 589 1244 545 190 1199 176 202 790 1002 336 1449 268 424 340 75 871 62 264 259 126 261 1098 409 860 400 1303 70 1218 1236 1287 2047 215 364 392 550 1443 5015 4217 3461 464 1217 929 943 196 5781 1256 557 151 221 171 19 143 294 900 22 911 2683 1669 2303 1637 521 449 157 204 344 363 3219 514 364 1351 199 74 1941 401 1691 937 586 1208 1058 367 1710 1732 1553 1176 1190 568 1164 2192 2744 701 472 931 177
82 37 100 2674 791 485 720 263 1260 113 48 368 200 370 32 19 13 163 55 153 765 95 105 219 72 644 641 131 1051 911 4 1047 123 966 493 95 388 2036 1391 2084 166 223 1477 52 369 472 162 107 834 636 271 368 1108 546 295 143 145 163 63 23 100 4 946 58 225 37 1511 52 60 343 306 169 766 4833 5 78 1888 73 73 210 80 2 110 354 1427 12 1478 91 27 142 445 340 401 265 271 543 1 56 47 926 18 120 42 230 529 347 16 212 60 289 171 155 21 91 7 195 980 271 259 1295 276 98 2 615 103 388 437 434 838 28 202 100 29 49 175 17 57 454 80 31 743 24 33 620 231 428 194 1265 416 226 255 610 999 201 810 688 75 59 991 59 139 952 721 701 22 535 166 1 255 656 2151 415 211 505 751 2491 46 35 282 1059 21 2290 38 237 2024 15 283 49 47 940 5 550 17 50 693 419 155 100 85 471 233 350 212 90 282 2484 1404 816 1349 176 25 617 165 113 1174 2233 608 497 152 308 3500 135 26 511 1492 412 43 174 40 312 594 11 188 335 56 18 129 230 102 36 189 249 200 8 6 177 110 93 77 102 195 106 180 684 324 1313 1897 512 590 407 432 433 1385 32 156 144 66 388 232 71 252 126 149 279 3 344 116 266 727 1098 247 655 171 19 370 266 132 70 186 150 686 19 169 15 67 120 112 80 267 27 315 207 1807 34 136 294 171 1282 530 9 1136 134 42 176 140 41 284 58 37 229 167 111 103 810 143 93 171 273 22 344 201 203 179 67 378 141 569 9 163 1268 5 718 883 45 504 33 322 186 287 876 160 201 57 157 554 122 73 457 141 25 137 1079 297 94 1058 104 1298 54 126 340 488 153 141 77 337 18 14 790 979 510 55 84 412 58 2483 104 685 9 121 570 277 700 124 59 47 73 974 63 1481 1279 24 1205 1456 9 906 382 759 165 32 64 36 1081 166 150 704 400 80 637 8 283 143 40 414 52 187 112 125 99 126 90 235 191 398 12 378 454 309 1343 91 233 271 185 566 1221 1435 1803 165 161 928 7 86 5411 1046 451 127 49 16 7 117 73 65 19 870 2386 759 1128 844 342 143 62 36 332 134 711 409 31 809 33 17 1621 387 1112 511 208 1130 835 5 603 980 486 549 636 366 68 75 1414 622 114 255 53
