500 4 2
67 6 28 57 39 69 45 11 20 50 33 4 31 28 40 25 6 74 68 55 37 72 59 35 10 7 35 62 20 89 85 36 99 3 18 68 41 46 24 6 74 30 9 18 78 98 91 82 93 27 81 57 83 65 82 51 43 24 34 49 6 8 79 45 64 88 37 65 50 71 10 22 8 88 19 56 31 60 39 90 94 99 8 66 9 28 1 52 72 13 78 3 46 96 24 9 88 49 66 75 22 81 83 71 6 90 100 48 2 43 56 5 92 56 49 4 81 97 24 86 30 91 52 39 42 40 90 42 21 2 79 56 1 9 25 61 80 31 87 64 30 40 1 57 61 72 84 77 64 75 52 73 58 61 68 4 48 75 57 28 36 41 15 88 17 53 55 81 13 54 57 73 24 72 47 47 16 10 64 38 38 69 81 3 76 14 49 88 58 49 33 91 67 4 24 33 15 62 7 9 33 67 7 8 92 57 21 31 71 20 70 68 59 79 25 81 63 1 55 53 91 55 33 12 32 17 47 30 51 95 1 74 16 19 24 71 39 20 37 82 16 41 20 58 75 80 57 90 40 56 89 95 65 7 37 6 43 83 79 68 89 65 95 12 43 14 16 8 33 40 84 1 63 80 37 53 99 76 50 17 30 65 96 20 44 60 38 98 3 77 45 64 25 57 18 79 21 27 4 43 41 95 96 61 10 68 14 76 39 39 19 82 1 35 52 53 45 38 4 64 84 82 1 85 33 36 75 97 93 94 28 66 19 52 26 18 8 6 5 49 67 18 25 56 82 92 86 8 85 80 77 65 91 19 98 48 45 96 59 53 61 6 66 7 2 34 44 20 63 10 12 8 26 80 5 13 72 66 51 95 22 84 39 6 81 5 3 28 81 81 68 59 65 33 48 33 54 58 25 84 25 62 97 84 22 5 35 95 25 81 27 55 26 88 2 59 17 41 84 25 1 22 58 90 14 10 56 68 100 80 51 77 20 20 55 33 86 85 34 92 75 78 30 77 90 11 33 3 99 70 9 98 78 35 92 6 46 58 33 43 21 38 19 69 48 84 49 12 30 65 16 83 40 91 94 35 87 60 90 68 81 27 52 21 31 75 25 79 75 12 10 90 24 58 55 87 78 43 5 55

13 19 7 20 7 25 7 9 5 14 25 3 10 14 14 48 10 59 18 44 29 52 14 10 28 4 7 33 5 38 33 24 7 11 5 18 6 15 6 1 48 27 18 9 8 2 17 5 8 8 6 11 17 6 10 40 32 2 61 27 39 2 68 2 42 6 42 17 59 13 19 16 24 32 27 28 16 23 48 24 9 26 63 33 17 18 30 9 8 22 39 17 67 5 5 13 12 8 30 5 7 43 9 1 48 19 43 24 6 30 8 32 25 26 9 16 8 20 20 24 64 40 39 28 36 37 18 1 24 22 3 5 11 3 2 15 10 36 25 8 23 10 32 14 54 62 16 4 16 6 6 7 6 14 10 14 28 42 5 29 9 9 13 14 23 11 36 28 2 16 23 10 25 7 28 1 9 45 14 33 19 49 26 38 49 4 5 3 23 26 12 69 31 26 21 19 21 2 4 9 6 27 20 45 12 1 8 32 58 30 6 18 29 35 14 13 14 19 8 28 5 23 22 33 5 18 51 1 44 6 10 32 43 1 11 5 1 10 21 15 8 12 11 19 10 9 27 10 11 25 17 26 16 9 2 31 18 9 19 38 27 28 1 20 18 3 44 9 8 31 10 34 68 7 42 15 5 21 7 29 7 4 33 6 12 5 1 12 23 3 36 26 3 62 7 79 12 17 26 2 7 13 21 37 25 31 9 12 42 15 47 14 11 27 10 25 15 26 11 10 17 17 15 1 7 19 18 35 41 7 66 36 14 38 66 43 4 11 23 49 28 1 51 4 10 1 18 24 2 14 11 14 10 42 18 17 34 6 21 23 22 21 15 20 25 42 21 2 1 10 33 4 15 7 9 10 21 2 14 11 4 77 3 6 14 57 16 19 10 2 27 2 24 18 25 4 12 23 2 22 9 20 12 8 48 1 21 11 17 26 11 24 1 32 21 3 14 5 4 8 2 28 30 7 6 17 10 12 5 20 18 6 7 10 3 8 26 5 14 5 43 19 30 10 25 6 5 19 9 40 38 1 32 1 1 3 57 9 35 23 70 8 41 4 2 2 46 2 45 9 5 15 33 44 21 21 3 6 5 24 10 11 17 16 10 3 8 26 6 43 1 30 10 35 17 4 78 1 46 8
26 20 10 24 27 53 23 13 12 39 30 62 39 16 22 53 32 70 30 76 32 67 54 17 70 61 10 43 14 69 47 55 30 51 27 33 63 49 7 9 62 87 83 52 9 8 22 55 11 33 57 47 40 31 10 70 48 46 70 50 49 23 87 27 60 11 49 24 74 29 22 37 41 41 40 55 25 73 52 62 35 36 64 42 38 23 55 18 15 23 63 48 71 32 43 22 46 20 38 16 9 54 16 43 58 36 63 38 22 30 23 62 28 52 71 58 25 31 81 51 69 46 59 31 53 48 24 39 25 57 40 58 52 41 50 21 10 47 37 13 54 56 69 31 84 72 42 11 20 14 35 7 29 42 35 23 47 86 7 41 15 68 81 37 36 77 44 36 37 67 35 30 30 16 36 62 19 78 28 34 49 74 39 48 63 10 12 33 53 47 12 72 39 37 36 36 64 36 14 17 27 60 25 55 27 33 20 53 63 65 17 27 64 44 52 75 60 63 67 36 13 35 58 36 32 23 68 22 58 14 83 32 44 30 23 19 15 18 55 18 68 47 71 34 13 64 31 25 15 39 36 34 24 38 20 66 29 13 54 78 44 28 20 45 23 84 55 16 23 38 18 54 71 40 49 23 32 52 25 49 25 7 36 37 57 9 7 64 39 5 37 45 21 77 12 97 21 26 32 31 46 28 29 55 39 57 13 15 82 78 47 35 19 43 55 42 45 32 19 25 30 32 36 23 9 74 32 47 49 50 69 42 24 50 71 60 7 66 39 75 37 1 83 22 11 51 47 26 72 49 15 34 53 58 45 25 43 55 55 62 51 29 46 26 44 44 24 74 5 14 44 46 19 14 57 18 35 13 16 18 12 81 69 25 21 76 55 58 67 3 40 68 39 51 43 36 56 53 19 24 12 58 57 28 54 21 30 48 36 33 44 33 8 38 39 35 57 13 33 57 25 72 37 41 24 47 39 25 25 58 49 7 23 77 30 60 39 97 66 11 44 32 45 41 27 11 32 67 22 48 46 26 49 3 5 11 68 76 38 38 77 21 65 31 59 7 63 6 63 35 35 27 39 59 29 24 15 18 34 44 57 13 77 47 10 50 9 39 18 88 8 50 21 43 31 33 87 3 69 16
40 32 29 46 45 73 26 17 46 63 55 76 52 25 50 69 60 97 49 79 61 73 83 43 81 73 35 95 43 70 56 95 44 70 61 50 68 55 19 42 77 88 85 58 14 21 25 71 60 52 60 61 60 46 15 81 57 56 79 69 61 41 92 64 81 69 64 76 79 63 74 48 62 62 57 65 56 95 59 89 39 81 82 65 57 33 62 49 38 80 69 69 73 42 44 37 79 46 41 28 52 81 23 47 63 64 69 66 23 30 61 81 76 55 80 81 50 64 83 98 82 66 87 40 72 91 52 41 51 81 88 80 66 50 51 27 11 47 46 13 95 74 73 42 85 90 65 22 81 24 50 40 60 75 38 64 82 90 48 55 15 74 84 69 67 90 76 42 71 89 51 35 40 19 54 73 56 85 83 57 50 82 39 79 68 13 23 64 81 60 79 86 66 45 58 60 71 60 20 73 86 72 44 60 57 72 50 68 69 71 55 42 81 64 73 78 70 83 68 46 20 59 60 68 63 87 82 42 66 60 88 41 61 61 68 38 60 35 59 43 82 52 80 49 30 78 42 66 40 67 36 36 42 43 59 67 97 35 70 93 64 86 63 61 57 93 64 62 87 79 23 58 82 62 54 50 75 78 51 60 33 27 38 43 81 48 18 78 43 49 66 46 23 91 59 99 28 27 37 66 74 47 48 72 59 57 50 15 88 83 55 35 45 63 89 74 47 74 51 45 47 72 54 94 58 80 60 86 53 67 79 56 83 86 90 96 76 85 52 87 94 10 91 33 27 62 85 75 74 88 35 43 53 82 68 33 50 66 74 87 51 31 54 48 48 56 41 87 21 23 54 69 71 37 61 18 90 58 20 77 14 87 74 44 47 83 57 59 75 9 66 76 85 64 47 46 57 71 29 93 71 85 92 80 66 22 77 68 39 46 54 54 66 63 59 38 85 29 42 70 44 78 48 68 44 67 59 63 28 81 81 37 29 78 79 73 51 98 69 15 75 56 58 79 30 13 34 68 45 53 52 35 60 4 9 42 92 78 96 65 87 31 100 73 69 46 92 18 70 86 64 29 47 67 71 30 23 62 39 61 60 15 88 48 88 60 45 45 32 97 65 70 31 54 51 67 99 37 81 25
86 49 91 74 72 94 71 59 68 73 59 94 54 63 84 94 78 100 96 95 87 94 86 87 85 92 47 96 95 86 72 99 59 76 93 57 80 57 67 89 78 97 98 83 79 100 74 84 64 92 99 98 68 75 77 89 90 64 87 76 63 89 99 94 99 89 94 80 94 70 91 88 68 79 61 85 85 98 95 96 77 97 97 84 84 96 85 75 73 90 86 69 88 44 47 63 89 83 51 76 80 82 53 95 87 72 74 77 25 70 87 82 83 61 88 89 58 64 96 98 85 85 94 89 81 91 98 70 89 97 91 82 97 56 75 28 63 57 77 48 100 85 98 72 86 91 87 24 81 28 80 43 81 89 84 85 97 96 50 63 18 81 92 79 80 95 85 94 92 97 90 59 60 57 76 91 100 88 88 63 96 90 74 97 88 64 97 81 94 97 91 100 89 84 69 60 81 78 71 75 98 89 71 94 67 73 54 87 73 88 93 87 100 97 100 96 76 89 86 95 34 77 98 81 96 99 97 56 83 64 90 74 88 79 100 81 69 61 83 49 84 57 82 95 77 92 93 76 79 90 81 74 77 84 93 73 100 37 96 94 72 93 84 72 63 97 72 90 99 96 80 65 91 84 91 86 94 92 82 63 77 98 56 81 92 90 50 100 85 92 95 86 47 100 85 99 55 48 38 87 80 64 50 87 95 91 58 16 95 92 86 88 47 91 93 96 51 86 68 82 76 94 72 94 90 91 79 97 54 80 97 60 93 93 97 97 88 85 85 87 97 44 99 49 84 90 87 85 82 98 35 49 99 94 76 93 85 75 81 90 76 85 90 52 74 66 84 100 62 81 76 85 75 54 73 23 97 90 48 97 66 92 96 65 61 95 70 65 91 15 94 84 88 95 73 47 75 77 100 98 72 86 95 100 80 98 95 82 76 74 95 67 73 81 69 94 99 91 96 88 86 80 100 91 49 84 96 95 42 99 84 74 49 87 97 91 63 100 76 92 86 90 85 79 83 17 95 89 65 81 62 71 85 99 92 92 92 84 99 96 95 82 100 86 75 86 93 22 98 86 65 34 69 70 92 45 90 76 85 93 75 82 90 57 93 71 83 95 74 100 93 96 37 66 65 78 99 69 100 34

56 36 50 20 4 8 63 19 28 29 1 70 2 3 27 26 79 36 18 11 11 55 31 31 54 29 43 1 34 88 23 10 55 65 67 57 42 46 45 35 11 6 52 70 22 39 2 1 2 9 36 13 30 31 67 2 4 59 6 76 10 69 18 23 55 22 45 58 38 49 85 76 24 83 4 26 23 9 42 21 8 37 13 16 66 10 21 5 47 28 14 18 10 58 48 56 39 49 82 92 49 11 52 32 12 14 42 55 28 60 5 1 6 16 20 36 73 80 49 23 20 55 24 11 36 20 4 58 20 34 7 38 29 14 8 75 73 38 3 68 1 11 24 28 55 4 47 40 4 31 1 59 73 4 19 34 38 19 32 93 12 29 38 52 20 45 54 13 41 28 67 4 98 65 75 6 48 85 36 36 66 1 33 20 10 15 28 31 10 15 1 25 31 9 53 66 45 36 45 2 19 38 47 21 13 19 11 29 11 21 55 21 53 56 36 59 35 62 36 9 61 8 15 70 47 52 3 43 17 17 69 26 9 64 15 52 9 45 21 41 6 57 2 58 67 10 2 2 43 1 27 68 21 11 73 51 2 9 1 30 53 4 44 1 44 18 42 34 49 58 31 33 57 14 59 7 50 24 22 54 84 71 32 1 19 32 52 15 3 17 63 32 10 29 76 47 3 77 58 41 23 48 4 56 52 35 36 13 54 71 7 5 60 49 3 6 39 26 2 60 57 5 41 50 14 36 19 18 7 91 19 43 38 66 6 83 27 54 83 26 41 38 15 21 3 42 4 47 44 29 7 15 6 89 6 36 4 67 22 11 5 2 67 35 24 2 11 64 7 38 7 40 66 83 17 34 35 41 30 41 60 25 2 52 2 45 40 7 41 19 13 2 82 19 57 17 5 37 48 74 63 19 44 12 3 8 25 70 33 28 46 24 35 6 29 8 3 77 60 13 6 69 8 23 60 25 57 62 62 26 65 41 7 13 11 29 38 4 82 31 31 3 67 70 33 23 23 94 14 4 38 89 56 47 1 52 4 24 17 39 59 59 13 22 13 50 60 16 30 49 7 56 16 69 32 52 79 47 20 59 33 4 13 13 25 66 20 66 57 10 34 16 43 7 11 30 35 14 14 13
94 87 64 24 73 75 77 95 100 97 80 97 68 60 45 45 97 57 49 67 36 61 43 82 100 85 84 20 64 99 88 93 64 85 80 79 69 86 55 79 82 15 94 87 60 52 90 13 73 48 60 44 36 91 87 73 11 91 59 100 92 99 98 67 81 26 96 58 79 81 86 84 93 96 99 34 43 28 69 63 42 53 64 75 83 77 89 73 79 52 68 24 22 92 67 79 59 97 85 94 70 93 97 79 86 49 44 78 77 83 58 55 11 93 76 64 81 87 67 49 24 94 76 48 40 88 11 64 97 42 87 88 58 38 59 90 95 94 57 98 78 67 87 43 100 62 71 99 48 56 34 61 93 28 74 42 60 71 35 100 28 92 92 90 39 90 69 82 89 30 73 16 100 70 96 65 50 97 49 88 84 79 99 53 87 61 94 88 100 88 86 89 96 18 54 92 55 86 81 81 79 68 56 53 16 63 82 32 38 96 83 28 79 87 41 98 66 97 86 56 63 31 38 84 72 67 6 50 75 33 75 45 62 67 91 53 53 49 77 48 96 62 65 84 93 15 73 51 86 42 59 73 35 67 81 88 81 60 90 67 76 40 50 24 88 20 69 82 65 79 41 59 67 40 82 91 90 44 49 63 89 84 41 81 89 81 87 39 16 58 93 75 82 96 100 83 88 79 80 62 58 69 50 70 94 47 86 15 99 87 85 52 88 55 39 49 85 51 36 83 73 29 83 65 45 78 74 95 83 99 26 49 59 84 34 87 31 74 84 75 70 78 92 28 66 49 21 73 94 86 60 64 45 93 50 52 74 81 54 60 71 31 76 85 87 16 89 100 74 95 13 97 79 94 86 67 35 84 78 77 99 98 34 61 92 56 71 27 68 96 21 46 87 92 68 30 96 48 91 95 88 91 86 16 44 84 81 81 58 79 81 27 87 87 82 82 50 90 96 54 32 80 20 99 100 90 62 64 82 44 87 51 82 49 81 46 100 73 96 75 99 34 84 96 56 26 39 96 79 54 75 93 66 69 15 81 11 34 21 57 69 84 49 27 27 94 71 34 36 66 89 77 75 89 99 82 89 86 65 61 70 17 14 82 92 83 59 75 100 77 47 82 87 56 40 75 44 38 76 80

147 182 1054 275 1840 1008 2573 894 4962 2961 632 193 1116 3158 3156 1682 237 2027 3136 145 3550 73 147 3532 1787 1031 259 742 179 127 1550 1806 1432 510 843 377 581 201 2138 114 2534 1945 262 1625 2335 171 1756 754 223 70 2654 499 378 1797 301 83 1546 298 95 389 155 539 1592 1479 2030 1188 490 4966 3500 1868 43 1240 1029 2215 792 481 1701 1288 178 139 848 2025 1534 448 2904 1174 1419 215 493 1113 1148 418 143 719 2617 3065 509 82 261 1976 1193 854 1092 209 138 382 129 520 563 1688 973 1042 4083 223 209 1409 304 3960 1328 3297 92 2942 753 599 1168 1023 2895 6992 511 3277 1530 130 1 767 598 1890 231 1622 2800 468 238 1055 68 2915 1747 989 2467 713 167 1474 3215 1053 411 232 1061 466 964 208 553 4023 92 575 530 186 30 781 1059 1779 65 318 1256 366 262 1377 552 316 1442 2998 678 1325 281 2252 835 2474 637 79 1340 223 1226 279 1804 4256 456 947 1456 2051 2653 245 782 3344 247 931 905 2370 253 856 1565 3287 205 296 210 288 4918 1372 968 482 399 69 632 764 340 561 650 1878 2675 407 308 2900 3141 267 776 1365 799 218 1218 1644 332 574 200 3052 4308 520 4292 1052 353 246 112 293 1094 286 1183 3587 778 974 4421 1074 485 1715 675 1200 339 1953 520 1530 87 1480 377 7399 1570 1289 3395 62 1859 1520 641 3684 370 736 519 41 551 578 4586 52 275 403 112 2333 595 1116 740 1346 150 1094 1150 317 836 2220 52 527 3721 2829 1198 883 754 233 500 794 1907 191 342 960 227 2338 444 736 1789 3654 1115 1397 584 5397 2406 1525 1294 675 815 182 422 1757 689 1125 71 489 254 114 1599 71 637 1028 1973 1181 4593 274 3330 473 2394 149 6358 2629 1444 236 256 2128 414 738 62 379 395 942 555 2350 229 759 1079 1600 117 2236 2188 5576 91 1127 1756 2154 1930 86 88 660 201 3048 1789 428 177 916 685 679 656 5507 556 1549 1451 392 1270 2275 408 201 177 355 351 1705 34 1297 751 1341 121 94 815 3681 217 992 1377 1262 2177 137 523 136 490 870 2445 342 1483 546 472 211 2824 1042 915 1199 1578 912 3621 358 954 948 540 248 445 1186 716 242 375 3792 497 932 1316 587 589 704 427 320 517 121 1603 197 436 396 850 171 3003 255 1620 790 241 609 2565 5807 1195 182 2806 618 1221 1095 370 334 1929 5857 110 743 3790 1328 731 1018 2937 1651 323 3842 1106 401 614 220 760 741 3566 1036 1930 934 777 650 1079 503
2188 2988 1136 428 1867 1561 2920 3617 6626 3124 862 476 2272 5296 3758 1915 2119 3325 3938 346 4038 1023 7641 4268 2582 1604 631 2044 671 518 2405 1902 3172 860 3022 632 1432 2524 4585 1682 4287 3961 3281 1690 3455 1520 2117 774 1562 640 3316 1164 826 2492 2162 868 4858 628 547 1453 1221 3438 1860 2049 2316 3620 837 6392 4073 2309 1495 1702 1127 2502 1323 1457 3820 1402 1024 191 1176 3702 3091 1326 7475 3784 1466 388 1868 3362 2028 614 404 1544 5258 3099 1018 1517 793 3769 3400 1325 1469 1196 1838 1086 765 629 1105 1874 2140 1158 5354 730 552 1715 848 5200 1874 5351 1135 6146 2094 1493 2801 1454 5405 7670 3833 4647 1636 1743 1446 1243 881 6199 937 3481 3084 1685 891 2105 443 3844 3526 3601 5474 1719 552 3893 4491 1144 7117 1644 1590 532 1172 1329 710 8646 1551 5750 1480 881 1328 1243 3534 3934 1349 2873 1290 1400 619 1877 590 1680 3298 3880 3744 2123 1223 3558 1207 3085 856 216 1882 553 6122 767 3982 5111 548 5494 1943 3589 3664 815 1260 3379 852 2194 1199 2446 458 1610 2178 3469 1445 459 331 1252 5063 1436 2072 1505 2535 792 778 1974 555 817 1106 1933 3190 1288 1698 3369 3678 2017 1960 1827 1736 1321 3803 1730 1251 1204 1497 4084 5000 1841 4306 1814 1518 610 1231 1290 1194 7496 1733 3946 2471 7508 5208 1169 1413 2126 1817 1637 547 3021 1575 1555 3160 1775 860 7629 1664 2605 3641 999 2385 3182 957 4279 457 2513 1122 1156 1554 928 6814 233 740 944 1608 5940 1913 1932 1870 3957 974 1144 3025 1043 1820 3448 4070 3641 5232 5057 1214 989 1317 333 826 3183 4850 2377 916 1553 1048 2431 4274 1191 7208 4076 1352 2235 1126 7086 2418 3841 1465 3137 1971 199 1957 1994 721 2008 572 1821 274 1312 1976 1390 3313 2246 4928 3765 4880 511 3411 2411 2417 839 7247 3317 1517 833 979 6441 1384 5840 954 1235 1822 1947 6547 4209 1403 874 1913 2468 900 2456 5940 7295 8276 1633 1876 2919 2267 802 180 1043 817 4526 2222 1515 196 1531 1458 8419 1484 8241 1591 1722 1621 1729 2799 2546 600 394 3154 728 967 1845 235 1887 1844 1829 924 424 3403 3885 4001 1222 1481 3503 2189 167 6321 948 3189 2203 3896 3246 2759 1516 1016 497 4382 1333 3067 1659 2136 2662 3941 1496 1249 1074 650 758 557 1344 2076 1329 2911 4228 4869 1925 1865 2708 1063 820 465 1939 593 2469 2759 500 1153 830 1576 1194 4166 1075 3569 1010 522 7148 4027 6751 3513 510 3771 2820 2197 1211 779 718 3056 7357 1135 1257 5101 1799 1026 2192 3170 3721 1434 4076 2497 485 1348 239 1048 5697 3571 1313 2801 1931 1383 2676 1180 1299
3716 3290 1477 1357 1876 1927 3086 4384 7106 4117 1925 820 3778 7513 5091 8654 4404 4903 3977 2240 6403 1650 9340 5713 7374 1976 823 2598 1062 1782 5139 2205 3483 1351 3469 802 2422 3466 5851 4217 7012 4358 5008 1879 3731 2009 6625 2585 2649 2292 3508 1242 852 3030 4289 1354 5765 1853 943 2230 1357 3472 2335 2060 8838 9226 1211 7845 7751 2331 2000 2345 2389 3593 1812 1555 4213 3083 1199 393 2121 6139 7253 3633 8540 4282 1798 1959 2396 6799 2233 4592 794 1628 8507 3295 1964 3124 1736 6071 4600 1859 1894 1938 1896 1503 1627 633 1169 2182 3829 1416 7746 2428 1606 2365 1893 5326 1893 8166 1542 8456 6820 3996 2847 1508 7169 8286 7073 8414 2167 3761 6193 1283 1108 8464 1222 8090 5875 5667 1923 2209 4205 4099 4495 4154 5760 2304 636 4335 9262 2601 8813 2200 2634 1164 8575 2590 4110 9650 2137 6151 2000 4483 1385 2176 4429 7513 1699 5373 2037 1800 714 2295 2291 1743 4163 6579 6589 2268 1573 5409 2404 3633 939 626 6366 1762 6414 2488 4115 5280 847 6120 2160 8123 7816 890 2064 5845 2235 3812 2741 4088 1350 3178 3469 5378 6956 480 1084 1846 5353 2170 3511 1547 3038 1519 1427 2019 1395 1152 1224 2908 3577 3875 2128 7125 4828 3125 4441 1847 6026 1587 4491 2001 3248 1467 1866 6361 7850 3801 5585 2458 2838 3489 1240 2431 1944 8243 3455 4564 3257 8369 5612 1287 4544 4006 3607 2071 1757 4076 1831 1642 3958 2118 1122 8143 2085 4099 5998 3824 3262 4392 1871 7249 951 2931 1126 1494 1610 2246 6936 1733 2299 1695 2459 6644 2437 5797 1903 7173 2482 1667 3087 3119 2207 4232 4193 3897 9391 6834 1400 1460 1387 2149 3967 6311 7084 3814 942 1611 4243 3530 4475 1989 7833 6224 2855 2276 2334 9607 5555 5154 3145 4191 2502 2550 2388 2308 1502 2196 1401 2170 1378 1918 2056 1726 5090 3493 7411 5812 5277 2231 3573 4617 3274 851 7886 7153 1980 1685 1443 6598 3134 7218 966 1800 4294 2879 8050 5862 2706 1815 2134 4444 1185 2974 6644 8443 8845 1958 2493 3353 3516 2153 1663 1754 2527 4801 3215 1608 1917 2280 1783 9084 1534 8773 1834 2867 3120 3510 3175 4853 1193 3489 6161 2214 1788 2593 4175 1898 2022 1871 1186 2221 5201 9070 4929 2680 1626 3971 2736 1560 6688 2105 3936 4265 5011 3606 3109 2485 1464 745 7751 2027 3363 3694 2355 3169 4284 3161 3246 1342 2048 1648 1089 1690 3012 1982 3403 4395 5700 1959 3477 3164 1084 1762 689 1951 2811 2730 2946 975 1295 1011 1890 1549 5030 3565 7417 1933 1253 9112 4157 7805 3966 1875 4159 5273 2850 1576 1293 2738 3714 8582 2138 1392 8292 2074 1384 6385 3574 6410 1729 5371 2760 814 1814 1111 1926 5829 4725 1626 3939 2109 3091 2994 6363 2138
4103 3945 2218 1419 2177 2390 5649 4573 7961 6481 2313 1279 4025 8130 5782 9938 6812 7662 4338 2504 6969 2514 9561 8501 8050 2020 2195 4569 1255 3258 8547 2296 3704 1836 4960 2507 2472 3885 7663 4937 9793 4748 9287 2058 3892 2013 7049 4033 9833 2346 4967 2301 4090 4747 7626 2043 7608 2145 1232 2383 1661 4891 7034 2472 9381 10015 1329 9994 8993 4704 3031 2513 4008 4385 1956 1970 7890 10059 1935 650 2301 8921 7553 6734 9085 7269 2348 1977 4801 9188 2302 4904 2436 2362 9601 4702 2204 3264 1954 6990 4735 1964 2282 2412 2312 1865 1901 2482 1614 2428 4831 1665 8343 2478 3413 4456 2537 6204 2413 9841 2022 8512 9089 4270 3946 2283 9429 9318 9946 9192 2684 4180 9215 1784 2489 9269 2177 9760 8336 9460 2089 4430 4983 5409 5185 4866 8802 3450 2106 4530 9961 3714 9068 4785 3354 2372 9902 3924 5952 9842 2138 8978 2412 7241 2479 2221 5019 9414 2243 5646 2519 2091 1487 2322 3558 2044 4647 9834 7712 2458 1877 7680 2663 4925 1887 1659 8977 2106 9579 8069 5031 9189 1953 9003 2480 8169 8108 2388 2237 6642 3831 4246 4661 4996 2161 4185 7556 8353 7567 1739 1114 2189 9406 2413 6499 1688 3440 1962 1734 2253 2074 1663 2176 4946 4922 4923 4245 8093 4845 4304 6027 2297 7054 2507 9293 2182 4934 1821 2022 9335 8922 4757 7656 2485 3276 4134 1300 3203 2487 10029 7571 4713 4868 9197 6738 1964 5529 6008 4713 2173 1773 6003 2421 2089 5698 2410 2563 9447 4455 9994 9955 4994 4887 5000 1910 9968 1130 3051 2534 2414 1841 2374 9838 4915 2391 4785 4619 7043 9233 7126 2474 8041 2505 4826 3732 4136 2268 6941 4842 4811 9964 10047 1936 2373 2471 2254 4858 6928 9217 4694 2153 1657 4720 4352 8443 4862 9588 7910 3762 4703 2416 9793 7399 9043 4639 4528 2539 3771 2811 2413 2208 2256 2001 2251 1843 2067 2436 2066 6349 4393 7580 8791 6281 2335 8224 4731 4555 2315 9459 7491 4496 1865 2335 7666 3739 9226 2199 2341 5684 3338 8904 9855 4237 3110 5420 7368 1822 4168 9052 9155 9100 2255 4322 3852 9560 3335 2451 3365 2533 10027 4661 1875 3161 2437 2167 9958 2460 9168 2540 3299 3514 5059 5643 6404 2327 4192 7300 3567 2355 4831 4537 2220 2294 1884 2194 2432 8090 9462 7378 3612 3049 4398 3918 2122 6790 2201 8402 4278 5407 9090 4761 9421 1629 1078 8227 2072 4041 6517 2588 4702 4744 3912 3920 3880 2149 7569 1400 2263 4886 2542 3514 4996 5829 2935 4434 4693 2322 2450 1207 2084 8198 3740 4081 1618 2113 4351 2506 1700 5304 4135 9617 2029 4745 9490 4337 8036 9242 2332 4591 7542 3587 1788 3690 4885 3832 9922 2447 3623 8995 2411 2346 6723 4097 9869 2151 8700 3848 1294 8927 4371 2001 8385 5661 2070 5041 2528 4901 4963 9936 2446

122 157 581 119 1831 780 2139 666 3044 2576 491 174 223 1307 477 1660 201 1213 2444 97 1858 51 130 1403 1665 675 238 242 137 55 707 1167 366 392 563 224 235 103 1992 69 2334 1016 222 1253 2071 36 990 261 153 49 2155 308 268 964 105 35 1032 145 76 293 36 507 547 857 1519 844 416 4682 3463 1614 37 257 1014 1474 297 141 904 1013 87 115 448 1309 873 118 2142 944 993 182 455 631 777 197 124 578 2044 2392 489 27 246 1105 712 456 708 102 128 271 104 288 344 1476 842 132 2455 177 78 776 252 3615 947 2692 69 2355 298 302 543 595 1237 3922 383 3109 633 47 1 605 232 1563 174 1286 2533 109 129 648 48 1592 1319 766 2123 423 90 864 3138 919 398 126 1045 192 567 203 390 1847 61 545 378 137 21 760 768 1400 43 229 881 337 260 1239 396 179 1098 2206 360 1046 194 765 551 1284 179 52 1126 156 1118 169 1502 3785 296 362 52 908 1682 234 527 1618 196 437 412 2341 190 610 259 3202 113 219 196 132 2187 906 897 286 384 43 333 744 325 540 460 1112 2218 223 295 1856 2476 176 193 642 444 110 273 290 209 104 139 2341 289 252 2767 515 161 154 65 272 1018 129 958 586 220 617 2156 1033 183 1264 292 739 239 1323 499 1280 53 1221 238 6745 1525 1107 3199 17 1072 698 574 2677 45 643 398 26 393 87 960 40 150 399 87 2184 499 918 337 997 126 544 864 190 188 1427 44 396 2368 2456 962 270 313 171 486 533 1876 102 262 525 97 2014 308 700 1562 2893 1111 1045 337 3426 1154 1035 742 533 722 120 238 1083 150 1074 33 457 233 29 1438 32 401 1003 1280 945 2401 185 2391 422 2014 103 2328 1900 1034 183 196 2109 228 160 54 338 91 367 138 2204 226 354 1011 905 106 2189 1570 3098 89 736 711 1573 1724 79 60 548 97 519 817 191 145 741 422 468 405 5223 364 1541 883 219 1148 2246 125 196 152 50 306 85 13 166 720 994 44 90 808 1482 119 489 551 637 905 123 500 64 454 415 1962 263 274 356 393 101 1383 854 520 867 1027 643 2999 192 820 926 508 47 379 1137 690 93 282 2649 132 929 1116 277 184 164 349 294 462 74 1307 165 356 123 142 150 810 156 875 396 127 588 1906 5439 1097 47 2405 599 1150 650 323 167 1752 5313 101 428 1765 625 698 460 1333 1042 185 2381 122 373 469 178 513 546 3475 817 1887 612 517 565 923 303
25 77 471 80 1035 440 158 476 3039 1900 171 9 110 709 322 575 56 571 38 37 994 48 5 1293 1587 574 44 76 25 44 178 781 241 223 436 221 178 13 1081 19 1595 825 15 592 1147 15 313 117 119 8 376 35 265 587 49 29 927 123 51 136 24 493 174 378 1002 602 305 2449 2168 990 29 94 722 717 51 65 282 161 58 90 138 828 839 92 1138 193 552 83 254 614 741 47 18 513 1579 335 156 20 95 329 172 111 200 46 61 91 67 166 114 815 103 33 1611 117 40 466 248 2596 5 2517 7 2332 186 171 182 450 1187 3497 317 1689 442 6 1 24 161 1443 125 565 454 61 45 603 39 1311 734 477 782 116 39 19 2024 791 254 82 539 107 141 17 159 330 39 86 223 11 19 609 437 766 8 217 697 221 187 523 395 54 968 1262 227 574 94 565 222 955 124 43 516 128 50 23 1376 2515 144 236 40 451 970 182 218 346 112 313 327 775 159 68 159 1648 3 76 118 45 742 97 264 3 88 21 327 722 89 385 390 790 1567 40 169 1141 1305 136 59 281 438 5 195 99 48 13 61 866 57 183 2679 508 36 19 48 176 764 42 194 255 182 354 2025 959 71 1032 180 718 15 357 436 49 52 50 73 1328 473 161 1750 3 564 430 178 2458 22 274 309 13 209 61 481 3 84 331 31 75 188 27 250 171 26 405 757 65 76 201 28 98 1914 1501 44 56 309 91 100 177 1295 93 49 37 28 186 276 557 1120 1568 1020 425 179 2430 58 58 677 228 271 107 96 760 51 840 29 363 188 17 349 1 111 940 638 861 745 150 373 384 1747 35 268 3 710 86 132 670 86 159 16 71 4 114 64 909 104 71 271 752 76 411 1384 2008 51 567 337 766 1375 42 32 234 37 99 565 86 96 379 198 268 357 4008 222 214 748 36 833 1132 79 35 141 22 220 14 3 109 219 696 14 12 761 1191 79 410 23 196 669 66 289 52 30 74 1707 4 147 54 250 100 999 410 285 80 100 171 643 174 580 9 404 9 226 808 283 44 150 2272 32 756 831 207 138 47 35 38 406 72 918 139 253 120 120 86 520 71 152 199 74 273 1390 4603 563 13 380 126 181 247 318 17 182 3045 69 268 1012 280 155 387 634 428 126 1933 74 337 129 79 192 146 1333 794 819 502 497 180 287 250
