500 4 2
16 52 69 54 2 51 52 99 65 49 13 57 85 30 92 100 48 6 1 19 40 76 51 9 59 15 10 13 62 46 45 51 87 17 22 85 33 82 23 65 84 56 1 100 87 100 85 6 14 69 73 26 19 99 80 4 56 86 68 25 49 64 18 77 48 81 98 4 53 24 21 18 63 60 17 91 21 28 88 26 77 15 49 2 56 54 57 90 16 80 12 72 20 31 6 54 42 84 7 74 12 70 14 42 47 52 56 40 51 96 45 2 81 18 65 82 96 47 7 38 48 98 35 60 76 34 9 95 23 14 62 90 65 14 84 20 43 35 2 35 96 40 6 25 76 13 4 19 58 57 22 31 39 66 34 10 15 84 9 66 45 53 82 57 32 3 28 53 85 28 81 40 60 60 37 89 73 63 36 50 8 83 86 78 37 14 5 96 65 59 38 54 85 80 89 2 18 90 34 82 24 8 14 54 59 59 24 60 75 60 65 46 23 45 10 45 33 2 34 3 50 56 83 52 44 62 55 43 19 78 55 57 41 32 2 65 84 95 42 73 54 13 55 56 44 5 15 36 32 20 66 76 18 11 42 67 32 30 62 56 33 66 74 72 96 7 10 56 48 9 14 35 96 34 31 94 8 52 53 38 95 18 59 79 34 66 36 20 50 39 37 66 49 81 97 90 68 25 95 53 16 93 72 78 35 49 32 50 16 70 24 29 9 14 57 42 53 5 28 85 29 85 56 75 62 55 18 59 21 4 99 45 11 63 57 28 95 82 16 22 6 58 71 44 82 38 55 67 90 77 33 29 92 51 11 78 4 22 26 99 73 6 32 54 49 27 39 51 54 45 41 71 17 98 60 73 21 57 71 75 99 14 67 42 33 48 71 35 47 92 85 96 59 13 90 81 91 78 69 67 87 8 36 90 18 11 85 33 62 67 56 79 62 17 2 67 92 99 92 28 40 42 92 65 5 16 21 6 6 94 50 93 15 10 95 30 12 7 72 17 16 55 76 33 77 98 16 80 59 72 98 99 7 35 52 80 51 96 52 56 31 68 42 36 68 27 38 10 2 94 33 98 98 85 80 62 39 2 7 94 73 59 87 30 49 53 26 3 60 61 66 2 75 97 75 3 46 59 29 60

16 42 4 51 26 6 24 18 10 9 26 26 3 36 9 25 19 34 17 31 18 12 60 31 31 35 9 7 32 5 3 23 2 4 13 8 11 1 6 1 6 50 14 24 15 7 6 36 31 11 50 4 19 3 37 49 1 15 17 40 11 4 21 36 29 12 4 10 54 20 15 43 29 38 30 2 19 6 21 4 36 12 7 3 5 10 12 28 12 10 3 14 7 17 4 17 9 12 18 23 7 15 28 5 2 15 37 18 50 79 29 21 69 28 41 1 12 1 22 7 2 20 15 11 32 41 37 16 23 21 50 1 21 32 3 2 1 17 12 2 47 31 33 38 3 41 57 19 9 28 34 17 22 18 18 2 13 25 14 3 39 16 1 27 41 17 6 11 5 12 5 4 15 49 10 3 7 1 2 21 16 11 19 11 21 32 6 49 11 5 9 9 3 28 26 7 14 12 2 2 4 49 15 10 17 30 1 6 30 54 21 30 6 57 15 14 32 4 4 50 18 47 8 23 52 4 6 37 8 28 23 1 19 5 5 22 6 7 40 14 35 14 33 7 18 65 32 14 39 71 13 33 8 57 24 1 21 4 37 6 21 30 6 18 3 27 37 10 26 2 31 3 18 2 17 3 15 7 3 1 27 1 5 7 16 5 21 16 28 11 13 11 22 6 18 38 21 16 29 10 17 28 10 6 3 7 62 32 64 11 3 27 18 15 3 38 23 18 22 1 7 8 12 28 11 26 31 5 13 20 11 4 4 21 5 20 22 22 3 2 55 24 1 34 40 3 22 14 15 4 8 14 6 36 1 1 13 16 38 49 23 16 77 15 13 22 9 25 64 6 45 32 2 1 17 4 24 24 8 30 12 47 24 14 12 18 21 8 17 8 9 51 11 24 49 33 50 12 54 16 65 42 39 23 27 1 23 22 2 9 9 49 12 4 17 16 1 35 22 9 37 7 12 1 14 28 34 13 5 22 32 26 13 6 4 31 4 42 16 23 11 38 13 8 40 29 2 24 39 5 12 12 37 42 1 52 20 13 45 13 16 22 3 23 12 12 9 29 45 16 66 27 6 10 48 26 20 2 4 23 17 16 47 15 24 11 28 46 8 31 8 13 36 44 7 18 5 14 12 44
25 43 63 71 45 7 34 41 38 17 36 33 47 78 69 45 62 48 57 40 19 60 79 50 32 48 18 63 33 8 18 29 18 53 46 16 43 2 52 11 48 69 33 27 18 47 34 80 49 11 80 36 20 4 66 58 11 20 18 48 15 9 37 80 49 17 49 67 89 49 53 44 38 49 72 17 34 43 55 18 69 26 9 10 31 11 62 50 32 59 38 40 30 64 14 33 15 24 56 50 28 37 50 12 11 21 66 30 59 83 71 28 71 47 54 6 23 42 29 15 17 29 63 46 39 72 46 20 69 58 75 28 34 35 14 13 6 33 39 11 75 41 48 41 22 74 60 37 43 73 36 29 40 34 38 42 30 51 30 40 49 52 6 65 61 29 55 23 38 34 23 78 47 74 38 71 42 10 15 23 25 34 43 69 57 55 33 51 30 13 22 65 66 51 31 59 27 36 31 52 34 77 59 25 20 34 23 8 44 70 28 45 8 89 15 16 34 4 50 53 68 64 12 23 68 43 16 41 38 58 29 40 30 32 15 42 40 67 48 25 69 43 55 17 57 74 58 62 81 80 37 34 25 59 39 3 88 26 51 39 77 34 19 20 25 31 40 33 41 2 45 29 23 4 27 68 35 20 69 39 31 10 11 26 63 14 23 25 39 22 29 40 32 59 31 54 23 18 41 23 37 80 37 17 11 12 71 73 76 17 8 75 54 15 65 40 56 48 37 1 39 13 33 49 12 53 34 43 27 42 28 11 13 54 24 26 26 44 67 46 57 56 49 34 58 22 42 20 69 22 25 64 34 44 38 23 34 33 42 80 35 37 85 30 43 23 37 51 65 23 68 44 49 20 22 29 39 38 9 42 28 69 32 44 13 30 51 64 36 18 12 83 36 79 59 59 72 45 56 17 66 56 64 60 72 31 40 38 6 29 74 68 16 19 37 25 8 40 43 26 50 61 55 17 28 52 52 55 19 23 48 37 24 14 11 43 29 83 37 39 27 53 38 37 51 57 12 73 56 9 14 27 69 68 32 57 58 67 69 19 26 32 22 42 43 25 31 50 46 86 74 35 22 44 62 31 65 7 50 45 51 20 60 35 38 18 68 47 33 33 31 52 38 53 53 32 32 55 29 47
44 56 80 75 67 75 62 78 90 55 37 41 64 80 73 61 67 70 76 52 62 63 80 62 76 83 22 78 60 68 23 76 56 93 48 26 47 64 52 12 52 79 53 59 67 54 55 86 65 36 84 47 29 18 85 88 58 24 32 89 59 22 48 82 58 21 69 70 93 70 75 64 76 67 84 35 39 47 79 19 82 33 9 20 63 65 81 80 50 90 46 64 62 72 31 78 49 31 75 92 54 53 64 14 21 73 66 38 68 86 86 34 80 51 55 25 93 53 84 70 39 59 81 74 61 75 71 24 81 71 79 52 66 64 67 52 38 95 43 58 82 53 73 86 75 87 65 44 92 85 63 49 48 48 52 92 56 67 45 70 53 76 21 71 89 62 91 52 67 54 41 88 68 79 52 75 100 65 31 60 45 37 44 70 97 69 34 72 42 72 57 70 82 72 54 76 46 79 38 63 41 89 59 45 85 42 69 84 63 96 61 46 9 90 52 72 55 16 62 58 92 68 21 32 86 48 22 75 75 81 30 46 32 61 41 69 44 70 68 87 72 81 69 63 68 89 61 65 89 82 72 59 43 96 60 29 93 56 69 56 83 40 25 21 29 33 61 62 50 13 72 41 60 23 29 76 40 59 90 88 36 68 82 71 75 67 51 32 58 41 51 55 52 67 65 75 33 70 62 42 44 80 63 82 17 29 77 75 96 39 51 79 66 47 75 47 66 56 74 61 42 54 42 66 81 58 92 76 74 44 34 56 43 83 35 59 32 74 68 67 59 63 50 38 61 37 65 33 84 24 79 68 50 53 47 50 59 86 60 86 80 66 86 42 48 36 47 66 81 25 88 57 77 74 69 66 58 54 13 42 75 86 50 49 34 44 52 77 37 42 33 89 43 89 59 78 87 46 92 39 97 75 88 77 93 32 94 40 31 40 79 85 80 84 84 47 12 47 75 58 73 75 78 36 33 79 70 67 68 27 98 68 63 33 35 55 70 86 51 78 34 77 57 85 52 87 17 86 73 41 64 46 74 90 57 60 71 83 71 67 35 63 33 45 74 27 40 90 94 91 85 38 61 51 73 53 67 7 58 55 71 66 80 36 50 34 73 57 35 37 87 69 42 83 84 45 60 75 35 86
96 70 92 83 74 88 96 94 98 71 43 76 80 83 91 90 77 87 89 77 72 86 85 78 90 89 39 97 76 88 28 77 91 95 75 40 88 96 75 46 61 82 70 97 80 55 60 98 79 91 96 61 92 59 94 92 87 70 39 90 62 57 83 92 60 87 71 74 95 85 100 90 99 79 100 86 95 59 97 48 95 100 75 65 73 90 97 81 65 93 47 96 80 80 33 79 88 34 75 99 62 60 67 26 61 88 72 70 90 95 93 79 86 82 91 60 94 61 97 78 92 74 95 91 89 100 79 93 81 72 86 89 84 66 79 89 99 98 48 61 92 87 92 86 80 95 97 92 96 87 70 78 100 63 85 98 83 68 70 88 70 100 30 85 90 74 93 97 97 68 70 99 95 96 79 84 100 70 36 73 80 92 91 75 99 98 48 77 49 73 63 98 83 87 62 96 54 97 83 76 68 93 92 87 98 87 75 97 96 99 87 68 23 93 58 84 55 73 97 91 99 84 52 37 93 54 52 100 98 96 38 81 75 88 100 78 58 87 90 88 77 92 69 90 90 100 77 80 93 84 99 59 49 99 99 83 100 74 85 78 93 59 37 24 69 96 83 67 61 36 86 88 86 86 89 82 77 65 91 89 96 93 94 93 100 68 93 33 77 78 90 81 83 69 66 75 93 90 63 66 64 95 88 98 96 91 89 81 97 45 55 97 66 61 77 55 87 84 75 80 100 95 52 93 97 97 93 80 93 45 97 100 80 87 70 85 82 77 89 83 79 77 94 73 81 97 77 52 96 74 95 75 64 74 61 68 64 88 69 89 86 91 96 84 80 58 64 89 84 27 100 95 94 88 86 94 92 77 40 90 78 94 88 65 56 77 83 99 95 85 61 91 45 98 95 89 95 79 94 63 97 79 97 87 97 68 95 68 43 95 82 90 83 93 85 54 19 93 76 85 75 79 97 99 65 98 89 70 82 97 100 68 86 45 97 81 74 89 55 87 68 94 76 96 87 96 49 91 99 66 95 87 81 93 75 85 80 95 83 86 69 91 80 80 92 48 96 94 96 97 93 82 68 93 97 69 93 16 78 72 100 93 83 38 68 72 96 68 64 54 92 100 45 91 88 72 87 90 65 90

42 54 90 39 7 3 14 19 30 82 6 8 2 4 7 30 19 55 40 12 64 69 24 19 62 15 15 67 9 25 5 76 41 18 36 51 10 73 10 7 20 73 17 14 53 75 9 69 79 36 36 13 19 9 11 42 16 55 46 7 85 29 38 15 57 16 26 43 15 41 29 1 22 73 28 14 7 29 64 72 15 62 3 8 41 19 65 18 22 49 24 1 63 15 42 10 49 13 8 69 12 2 89 33 12 48 5 42 5 49 70 36 38 41 14 36 21 25 5 78 7 54 36 11 70 39 80 18 61 13 33 73 29 30 10 57 4 19 28 16 56 3 2 50 36 37 54 11 12 33 6 66 20 71 50 8 67 69 28 15 73 23 22 18 5 19 42 9 13 50 27 31 42 38 34 42 48 58 1 17 30 47 26 13 35 72 52 68 51 39 8 49 21 29 71 37 43 45 74 36 58 7 26 15 27 71 28 25 36 71 68 7 15 35 15 43 73 57 7 26 53 83 25 23 14 18 10 10 76 14 16 20 34 31 35 29 24 52 9 5 43 47 61 58 44 20 64 54 61 5 4 2 36 35 81 7 18 85 94 29 5 6 25 27 78 3 36 46 57 28 27 54 1 19 61 12 13 16 3 67 56 7 6 43 24 8 7 73 32 42 24 70 37 38 30 39 24 10 2 14 40 38 14 41 34 8 52 34 6 22 16 64 16 58 47 46 41 31 30 11 55 57 29 35 46 26 1 5 10 46 15 3 57 15 27 70 67 8 5 52 74 15 34 50 37 17 9 56 4 9 25 46 15 13 19 45 18 80 18 69 48 4 2 51 47 29 20 33 60 28 14 25 69 13 14 21 20 25 43 11 4 97 26 11 22 10 4 7 51 67 31 55 54 2 64 71 43 75 21 24 83 17 4 28 35 71 82 25 9 65 29 26 60 1 96 50 7 3 19 45 9 62 49 35 9 73 25 41 92 52 68 68 13 23 24 4 47 27 1 94 4 18 23 16 69 9 56 1 4 63 59 66 51 33 25 70 2 19 21 36 13 16 3 1 63 30 59 26 7 13 58 70 50 11 35 56 23 40 33 19 37 19 56 53 43 61 47 30 72 10 70 44 43 59 6 34 79 33 72 19
97 95 95 45 29 4 24 33 88 96 63 71 46 36 33 41 56 76 97 96 85 83 81 95 66 50 74 79 62 98 99 87 83 92 44 86 67 99 95 83 89 87 21 48 87 96 79 88 84 50 92 27 29 80 76 81 50 100 50 37 89 48 86 64 77 96 43 95 74 77 88 56 33 76 47 86 96 89 89 99 81 65 46 87 46 67 94 26 99 50 95 19 78 50 69 64 79 53 45 71 21 62 97 49 92 70 20 94 33 63 89 70 44 70 71 89 81 62 78 88 39 59 64 35 77 76 84 59 85 14 93 85 99 45 14 88 15 72 69 93 65 97 9 96 83 56 80 74 31 93 43 71 44 88 81 67 77 87 98 90 73 74 30 89 64 36 54 57 71 52 51 75 54 49 99 92 66 63 34 74 98 82 88 98 88 96 97 89 80 88 76 71 85 77 97 84 80 77 95 51 87 10 80 19 58 93 45 50 54 91 70 86 96 56 28 88 84 59 76 42 75 97 92 60 90 82 99 65 82 90 86 67 58 97 86 72 81 83 72 87 71 70 74 76 60 35 89 74 77 55 4 37 72 88 92 67 94 95 100 70 43 71 32 77 94 29 64 47 100 49 63 100 76 94 84 33 19 23 50 75 92 51 93 71 52 33 15 78 72 66 55 89 75 84 72 72 86 91 55 56 99 87 16 42 54 88 100 76 19 62 62 97 57 67 65 68 82 67 36 34 97 69 62 63 72 60 76 39 21 53 37 47 80 17 99 98 73 93 31 84 76 93 63 65 94 66 53 83 93 12 96 79 83 57 38 62 40 82 54 85 97 47 5 66 68 62 54 46 75 38 34 73 79 38 79 74 46 69 57 82 20 98 29 34 29 11 58 54 91 68 70 75 100 66 67 77 100 89 94 35 87 54 41 98 40 94 99 81 38 92 52 44 81 78 98 83 17 26 83 66 41 70 55 91 31 84 32 65 96 87 83 97 23 37 78 7 62 68 70 96 67 42 34 59 69 35 71 23 14 97 81 74 54 91 45 75 32 21 82 64 62 56 36 88 68 100 72 48 82 89 82 78 64 95 81 90 73 50 92 65 77 55 65 71 67 98 73 89 76 80 93 94 88 87 13 71 89 69 86 64

1175 1220 2189 192 187 882 1292 1027 485 844 711 594 5458 33 1101 1116 843 117 726 73 4635 465 1036 2184 2833 591 1256 257 864 216 193 370 453 4136 487 709 2498 1646 1265 230 724 658 1076 1736 175 877 3755 22 2217 1109 1722 322 282 1246 1611 527 510 658 332 1870 1045 1482 1488 301 1145 1073 562 731 864 3005 215 1796 149 573 3158 1874 1850 2598 5851 2740 226 861 574 1525 95 86 889 635 611 296 1234 3534 124 253 762 163 183 163 1473 777 77 5285 2700 866 1052 293 79 2833 259 1324 146 972 2783 1301 360 1266 2008 294 496 1339 233 1923 1461 688 1411 2114 845 2834 1266 3318 3330 867 1226 268 925 35 1155 448 195 2911 1527 1306 326 173 673 184 1432 506 590 1961 1252 178 633 4798 228 6110 1290 368 2278 320 862 1595 3844 816 2102 864 80 4308 4264 1369 752 543 1213 144 120 1132 1188 189 3947 260 610 785 2078 102 2926 492 74 526 4347 532 1678 631 360 361 397 997 294 238 725 901 2772 627 637 738 392 4500 825 686 694 93 2391 352 65 1103 3823 398 406 2317 568 55 95 459 2108 250 1820 1811 476 2017 349 4306 1344 3243 97 123 369 715 856 1049 661 3662 89 88 302 999 2489 1314 424 776 917 48 1447 137 1506 2213 1296 656 1115 1674 1440 1906 1927 584 132 251 799 926 691 1276 269 118 327 326 1328 226 1549 281 374 163 1126 4881 1213 1651 712 1196 60 1028 74 1044 1220 65 2648 501 1481 998 1554 914 659 293 1260 1697 782 447 1315 416 336 256 1934 904 1503 556 204 300 3615 2384 514 270 809 1273 306 2726 724 2289 1104 1742 886 75 848 2505 498 1002 3554 890 1126 2445 1301 117 533 928 2912 229 726 1578 181 91 4621 1008 660 1596 1190 4784 776 321 329 923 396 448 1450 2214 770 328 1257 881 2986 266 2048 1923 95 91 1582 1281 811 400 2788 665 508 91 1126 2468 93 1887 180 440 611 225 3214 574 4808 300 835 5194 389 7156 783 13 1297 1204 123 2363 935 2849 681 583 1571 2965 1222 1306 225 55 476 1177 409 1983 3433 1015 987 485 687 2915 367 795 273 678 263 477 915 339 229 201 1155 210 719 1839 271 350 1096 163 3793 2533 193 2526 130 695 870 161 3178 745 273 281 86 385 1035 3010 81 302 331 177 5596 2084 5150 2900 2918 892 528 290 407 620 1159 3345 933 94 1332 1659 1504 900 3772 1446 3658 407 2264 1701 1379 580 3914 3102 224 1082 221 6 2627 71 697 676 836 2023 1572 2612 109 2577 371 484
2103 1891 5638 879 832 1544 1908 1116 3198 3122 2031 2682 5969 271 1132 2177 2885 538 6943 1540 4847 1770 2191 5004 2908 3377 2100 735 1200 1696 981 1119 3076 5620 1034 1032 3575 1781 1529 945 1393 771 4249 3497 2508 4561 3867 481 2732 4489 3282 1350 371 1441 2317 599 567 3135 1502 4727 1543 1708 2714 6230 4050 5913 966 1006 4183 5909 224 1922 2149 1195 5135 2221 2417 4990 6908 3078 1677 894 1617 2989 2281 1152 892 1261 958 403 1498 4118 315 287 1520 696 1490 624 1538 808 1416 6633 5973 4871 1485 761 570 3273 1417 4995 299 1686 4919 3555 1511 1650 2035 1331 817 3829 3465 6848 1600 1444 1715 2209 1919 3779 2226 4339 7560 1000 1493 604 1518 1084 1170 531 1249 3568 2080 1519 3387 857 1271 1696 3304 2593 720 3793 2542 424 837 5091 2910 6951 3118 590 5767 514 1289 4052 5689 1785 4913 900 117 8474 6107 1402 2950 1077 5517 684 1799 1539 1547 1652 4439 1046 1302 850 2326 1000 4559 2028 114 1860 6356 3007 6160 1476 2602 6090 474 2914 2719 1649 3293 1537 5523 718 813 1676 803 5684 1118 863 4344 4375 2538 447 364 1796 5075 703 560 2823 1106 1232 3180 1417 3342 696 2017 2828 1916 6668 1735 6359 4160 3308 873 1035 418 1303 1910 1588 889 4714 1232 734 1147 1721 5676 2912 606 2545 2712 195 4437 1615 1618 3062 1356 4499 1189 1953 1877 2244 2249 788 1246 1740 1612 5855 2821 3010 1133 196 535 1390 4010 1529 3453 502 1277 1864 1719 6784 1996 4512 1343 1304 3293 5146 997 3877 1499 184 2995 694 5334 4801 7237 1290 1306 1439 5500 2256 1160 1549 2151 562 1415 603 2665 3068 2553 1377 606 4720 5009 3262 1302 7964 2159 1283 313 8484 1502 2313 1151 2337 1052 607 1549 3106 724 1081 4959 3674 2931 2629 1304 1242 1362 2796 4131 802 1566 3657 1218 768 4841 5620 1374 2777 2138 5538 1446 810 529 2173 1775 668 1852 2781 892 2662 2231 1354 5954 6028 3027 2203 122 3784 1725 7222 1566 1217 4883 1957 1454 102 1645 4307 754 2406 2045 1097 1712 4863 5452 3565 5859 1538 1147 5960 1819 8570 2238 941 2438 1620 295 2799 5584 4820 1006 1009 2997 3063 8305 2869 864 757 3278 2656 4332 2807 3923 1240 7962 1298 4163 3364 421 1032 772 1312 1021 920 1407 717 683 539 1971 376 825 1953 345 970 3182 6090 8422 2614 922 2870 1013 1166 1239 705 5828 3249 2639 1225 585 1629 1049 3523 134 705 481 194 7483 2105 5849 3268 5117 1938 831 886 1213 1303 1223 4789 2563 2187 2576 1957 1908 1816 5398 3725 4332 1310 3287 2003 3153 1493 4137 4245 923 1862 339 879 3774 1094 1361 1932 1224 3193 2408 3186 1621 3670 529 817
4162 1980 9069 1077 2627 1687 3272 1965 3262 3808 2310 4296 7961 372 2311 3443 4697 636 8539 1844 8878 2683 9483 5990 4728 3702 3948 2524 4119 1957 1198 2279 3170 8727 1546 4442 4257 2754 2560 1070 1884 3023 8411 3877 2707 8325 4003 1024 3640 4705 6030 1715 1222 2705 4201 716 1619 3340 1892 6957 2446 2028 5546 6891 5570 7781 1937 2229 7441 6124 2030 3143 2432 1282 8595 3256 5354 8723 8466 3103 3052 1131 1890 4539 2379 1268 1303 1925 1211 484 3043 7066 822 1213 4303 3397 1581 1920 1695 1903 1993 6913 6075 7512 1505 2373 1470 6692 1778 7359 678 1990 6199 4365 1948 2168 2110 1411 1064 3864 3771 8240 2217 2943 2505 4026 3321 4270 2671 5638 8320 1822 1739 1835 5860 1427 1185 1283 1485 3663 4337 1703 3841 2948 2548 4197 4435 2947 1044 4190 3289 2980 1042 9320 3393 7774 3890 3701 7299 756 1397 7371 6667 2271 7734 2023 3289 8582 6541 1486 6446 1483 7476 825 2725 1846 1570 2913 4498 2573 1842 1263 2442 1292 8853 2605 1654 3070 7676 5551 7312 2265 2658 7031 1295 3103 4442 2085 3326 1589 6173 3899 1434 3087 1537 8829 1126 1313 7391 6014 2995 958 1113 2276 9735 1833 3065 3837 1390 1542 3198 3377 4841 1400 5124 3006 3293 6911 2396 8970 4606 3509 1436 1095 3171 1772 2046 2166 1385 4897 1255 2966 1442 2283 9731 4329 1654 8044 3135 741 4487 2017 5756 4535 1950 5556 2301 6296 2364 3472 4539 2051 1754 2690 3663 7328 4031 5245 2136 1208 776 1791 4502 2010 4218 1263 1848 4436 2190 9066 3851 4663 1512 2060 4418 5525 3559 4289 1645 485 3566 1139 6047 6133 9216 2857 1491 1837 6348 2490 1871 3442 3113 2355 1486 2672 4428 3311 4430 3012 616 6596 5853 7815 1923 8503 2658 2167 1661 9052 1939 3271 1683 4332 1120 1757 2006 3195 2809 2120 8247 4144 5654 2801 1398 1982 1637 5234 6086 1431 4335 4486 2201 1991 5566 6814 1458 2957 2291 7496 1934 896 3867 2692 3990 770 1854 3039 2416 4545 2390 2888 6942 6448 7173 2361 1879 4486 2028 8308 2139 3080 6792 2118 1677 1116 2093 6549 1230 3047 5187 1595 2857 4891 9731 4392 8844 1675 1641 6050 2180 9043 3757 1195 3156 3058 1119 9005 7276 5591 1025 2282 3846 5690 8848 3601 1902 1617 4692 3709 6718 2874 6085 1315 9388 3385 4679 4629 1444 3376 1206 2249 1379 1028 4791 2490 786 1110 3622 899 1401 2793 1131 1205 3885 6131 9460 3795 1081 3905 3598 1346 1539 2218 6473 3289 3134 1507 621 1855 8752 5120 684 1868 1353 1568 7753 2768 6802 6084 5284 8673 1335 1031 1459 1390 1389 6242 2754 3889 3003 4170 2336 2142 6315 4762 5348 1518 3576 4936 3568 1578 4218 6435 1194 1919 1131 1218 3816 1387 1502 2725 1507 4360 3115 4202 1739 7753 876 1241
4488 2219 9914 1984 4099 2512 4788 2431 3641 4486 2464 4408 8183 1643 3643 3972 6969 1788 8716 1980 9649 3616 9958 7558 4791 4077 6392 4854 10033 3703 1754 2373 4946 9084 1618 8155 4730 3328 3582 2434 1902 3447 9303 4663 6727 8563 4309 1436 4747 5052 7801 1739 1850 4357 4704 1699 1755 4108 2131 8858 2495 2458 7755 6957 9485 9749 7352 2410 8677 7823 2390 6631 2451 2365 9114 4140 9379 9314 9482 4194 3348 1365 2536 4848 3541 2357 1305 2298 2393 1949 4636 8748 1434 2405 6787 4328 2120 3949 1840 2136 2160 9815 9880 8480 2325 2517 3376 8474 1938 8736 1166 2294 7134 4729 2378 4125 3949 2419 3278 4352 6003 9374 2393 4297 2562 8054 3485 4295 8678 5728 9735 1985 2209 2269 8218 1997 5008 2530 1558 4636 4731 3438 7939 3768 4908 4679 9997 4239 2526 9805 6206 3904 2488 9482 3669 8075 4345 4654 8543 3299 2163 8497 8025 2386 7805 2376 4637 8712 8747 2295 8387 1631 8579 3679 4436 1925 2442 4688 5014 4893 2382 2416 2559 1987 9226 4280 2939 3753 8527 8968 7969 4776 3419 7508 1960 3995 4778 2508 3854 1643 8313 4024 2440 4387 2055 9688 1169 3654 8808 10010 3821 1710 1931 3303 9825 2239 3911 4820 2213 1679 4812 4095 5209 2407 6603 9911 6945 9872 2412 9676 4745 4800 2310 1213 4799 2098 2305 2585 1781 9158 2221 3207 5039 2529 9824 4387 1809 8760 4074 2155 6018 2328 6245 4862 2519 8223 2442 8291 2449 4835 4884 2056 3515 4157 4382 8720 4543 5780 2546 2247 1846 2641 9048 2204 4399 1838 2869 4858 2323 9657 6182 8613 2365 2184 5022 5704 4239 4833 2041 1298 3647 2252 8270 6182 9939 4520 3512 2135 6436 2729 2081 3786 4878 3545 1760 4292 4786 4864 4688 4141 2414 7285 8317 8696 3439 9700 2865 2399 4788 9513 3864 3403 4340 4884 1687 2177 2136 9956 4476 2213 9027 5518 7156 4375 1828 2434 2426 7446 7028 3559 4840 4967 2297 2134 5990 7535 1669 3623 2442 9472 4810 1066 4322 3900 5261 1321 2009 4538 2521 4935 3825 4524 8322 8065 7786 2428 4553 4680 4882 8390 4222 4853 7326 2150 1836 1140 2973 9168 1524 4000 9977 4953 3543 4977 9975 7889 8878 2053 2138 7984 4563 9684 4913 2135 4223 4111 2147 10037 7690 6618 1449 2405 9267 5902 9399 5535 2047 2462 9009 3771 8760 3274 7290 1912 9481 4266 5085 7501 2171 4825 1299 2295 2043 2478 4966 2699 2196 1464 4185 1616 2341 4789 1239 1498 3986 9578 9955 7125 1157 4712 4835 2530 2171 4122 8213 7064 4766 1693 1558 2333 9320 5886 1769 4831 1812 2442 8516 2923 8093 6181 7013 8777 1617 2053 2553 1943 2442 8977 3643 4180 4127 4589 2415 2413 8126 8956 8519 1936 4163 4966 4039 2258 5025 8861 1941 2258 4202 2049 4107 1753 1739 4999 1652 6571 3542 6601 2425 8142 1342 5052

531 395 1527 148 137 721 926 87 287 258 409 252 4212 31 1011 444 807 86 362 58 4060 300 221 1710 835 381 550 174 547 121 181 290 412 3111 445 689 2385 953 936 180 708 510 865 1560 156 407 1291 21 2079 642 1360 129 241 865 458 472 211 507 276 527 691 1102 1199 300 841 393 154 596 239 2755 174 1467 126 22 2171 1369 1433 823 1253 2430 112 561 171 1169 71 73 577 247 82 283 1201 3462 100 105 729 98 142 150 320 741 23 2124 2684 851 1034 208 71 2586 73 543 110 836 382 1227 337 1076 1984 180 174 907 205 805 1225 144 615 902 584 1929 359 3092 3228 815 790 192 713 7 970 215 191 543 1195 1258 300 90 624 74 1364 444 520 360 1132 137 418 4457 191 5552 975 358 2233 297 220 1521 2846 436 2056 243 20 350 687 1356 418 371 984 125 53 1045 1034 158 2584 225 522 597 1810 64 1392 481 12 273 2888 407 714 580 271 209 282 482 268 131 538 832 1728 579 592 322 289 1914 779 477 598 75 2236 202 26 559 3127 238 353 1860 497 45 54 89 1972 225 1432 1395 252 1581 45 481 1217 1570 67 114 320 490 416 862 449 3316 26 22 254 593 1889 1144 252 738 868 24 266 108 1109 1210 67 637 976 621 1224 1734 631 280 75 146 686 398 302 769 244 45 323 234 994 153 1530 149 306 70 561 4299 604 667 675 1153 41 736 50 870 373 26 1226 150 451 588 935 724 307 102 1002 1593 125 171 1151 308 114 231 1321 280 974 321 180 233 3430 2220 322 78 337 1019 87 2710 577 2173 320 973 244 65 294 2233 315 888 289 512 1038 1751 904 115 266 534 2556 222 716 968 178 81 2298 513 188 1269 1027 4539 171 319 273 778 334 241 322 1403 672 252 589 723 2803 258 1254 1451 61 62 1505 797 444 281 1243 302 376 83 732 1724 59 1183 98 371 369 177 324 436 4086 72 494 3450 378 4819 656 11 1192 426 53 2131 889 2745 510 404 933 1745 833 488 204 38 466 138 366 564 2558 175 764 376 620 2859 47 336 111 378 223 449 396 268 221 107 1030 88 608 1462 56 303 925 19 2201 1491 24 1458 101 432 479 152 1599 372 236 129 34 125 467 1754 75 241 229 32 3969 1065 4781 961 2333 816 263 272 217 581 850 2867 888 58 1120 1644 1061 587 1156 1165 3297 272 1790 1499 1349 224 3486 2824 158 967 58 2 2197 61 253 195 629 916 1275 2545 65 2513 361 454
297 349 782 103 66 174 410 78 246 198 230 66 2217 7 12 319 462 50 137 10 2473 283 106 1423 132 213 86 96 252 32 158 207 131 238 305 4 77 221 879 93 579 284 285 1290 18 245 560 8 1582 332 909 126 30 530 44 145 63 397 38 442 252 236 361 299 811 355 17 572 117 1943 87 951 17 5 988 979 474 213 1201 914 106 25 23 981 3 56 111 226 38 156 159 3072 8 89 187 68 14 70 241 58 6 957 55 754 684 6 39 283 60 473 47 730 27 1088 201 998 1185 59 120 768 115 23 667 129 284 126 5 723 147 909 2090 369 517 36 509 1 629 90 159 435 389 907 222 88 303 71 107 360 136 200 796 55 237 3439 153 4727 771 231 411 165 30 257 2174 127 382 96 11 316 365 112 75 18 663 76 24 577 1029 1 2187 200 513 124 1379 14 926 366 1 246 2011 146 168 539 219 184 164 234 227 95 266 263 1311 3 133 91 46 928 40 271 190 58 632 140 8 21 2988 122 281 708 89 27 13 59 832 16 1154 890 111 91 18 95 969 464 60 18 249 353 120 97 280 1681 9 13 84 547 992 846 25 220 409 11 218 107 710 95 37 544 192 550 367 91 65 117 2 32 345 104 293 422 2 6 293 46 165 37 289 108 196 25 396 1440 132 111 520 217 19 455 44 354 165 13 656 77 179 407 621 176 228 2 852 915 116 3 128 71 61 105 129 104 53 256 32 157 2364 1185 24 27 87 598 39 1983 484 51 153 676 131 36 121 2140 121 318 230 206 837 44 556 75 197 492 795 203 420 712 148 47 631 305 89 573 918 1840 99 253 56 651 245 82 222 905 183 148 109 195 51 81 412 227 9 56 1234 330 403 255 994 191 123 46 404 1310 22 214 3 20 246 154 240 177 355 5 227 1607 164 2434 309 3 276 183 45 2045 392 124 465 153 72 283 245 466 180 19 1 82 255 19 1247 44 344 90 376 2562 41 290 69 311 220 7 297 188 55 15 661 17 85 521 55 283 212 6 1464 667 21 1002 10 107 170 26 1328 370 99 18 10 19 269 741 64 24 130 22 1314 66 1335 437 524 481 220 99 78 517 153 2389 47 57 899 1348 525 411 439 716 2330 266 997 1052 486 139 880 29 110 344 56 1 2078 10 145 180 225 267 129 1154 4 1116 175 51
