500 4 2
49 91 89 7 88 67 9 74 19 50 62 67 64 76 80 19 15 33 13 88 49 100 7 72 66 55 13 75 17 57 83 71 31 42 96 30 58 52 6 11 8 90 67 45 56 13 33 17 27 46 94 54 48 42 25 88 1 73 82 4 4 30 6 81 31 20 56 60 84 36 60 90 43 32 4 68 82 56 93 29 21 62 57 70 76 18 34 70 65 12 73 77 10 14 51 21 19 15 19 31 35 68 68 99 33 100 59 76 96 14 21 32 34 47 86 83 43 91 54 51 76 81 100 18 30 100 17 75 66 52 54 49 46 95 30 4 46 72 21 21 4 39 54 35 47 24 22 89 36 8 28 80 28 13 28 40 65 21 68 77 51 29 91 22 38 63 41 57 44 64 15 56 87 89 47 67 3 10 69 63 31 9 64 100 43 19 32 5 37 77 40 5 75 86 52 13 59 79 92 26 69 17 40 9 49 31 11 2 45 6 35 75 10 30 5 13 47 2 26 61 36 12 57 68 35 23 94 52 12 93 14 76 15 89 82 74 39 67 77 4 51 66 55 14 73 16 95 45 98 47 38 62 24 88 31 78 51 85 79 93 29 64 20 44 1 26 67 53 87 8 94 18 51 8 48 29 67 4 10 16 16 76 90 26 32 10 7 100 70 8 7 69 70 59 57 17 56 72 18 2 4 29 24 85 29 29 62 20 71 21 32 85 59 58 64 58 9 39 67 48 47 18 99 20 7 43 93 96 12 26 99 84 95 94 57 89 10 68 90 20 34 33 65 2 39 29 99 98 12 16 71 1 64 63 7 31 75 85 51 47 78 54 42 83 32 21 64 93 54 45 77 89 90 17 41 55 76 25 55 3 89 85 40 97 86 2 86 63 30 70 99 15 40 6 76 72 39 37 75 84 34 57 72 50 81 93 84 48 1 57 24 18 99 4 3 25 75 65 79 41 24 85 96 94 5 83 11 12 32 43 21 62 84 81 97 53 68 96 79 96 50 18 60 66 14 27 5 49 53 36 44 52 57 6 45 39 67 15 95 7 87 41 7 32 17 90 36 57 60 27 72 95 33 28 83 48 81 78 80 28 61 69 43 6 90 72 47 23 30 60 12 96 11 78 14 58 21 89 92 8

2 5 9 23 20 6 45 36 21 6 8 18 48 36 2 61 3 62 6 8 36 10 9 5 2 12 22 16 18 7 38 16 57 47 12 61 44 12 1 1 12 31 28 37 15 28 10 1 34 47 7 23 17 2 12 17 10 54 15 44 2 7 41 38 33 73 23 29 5 29 11 4 4 14 8 12 4 5 12 3 10 2 68 33 56 17 13 43 2 36 1 20 17 22 17 23 35 3 9 32 16 26 1 5 27 14 19 18 15 7 36 9 18 40 26 15 11 16 1 19 42 24 62 14 33 70 17 14 50 8 43 37 21 5 31 10 13 9 10 10 11 10 1 45 8 5 2 8 41 12 38 3 10 46 70 48 5 19 13 49 4 9 10 38 52 37 21 2 7 58 26 15 24 8 1 18 2 12 15 1 34 7 28 15 4 54 16 12 59 3 8 6 51 9 3 8 63 12 37 8 33 5 39 19 20 46 45 18 12 28 15 7 17 8 4 19 24 16 32 6 32 1 16 4 59 10 39 15 11 6 5 28 1 19 20 8 16 40 4 4 22 22 21 7 2 35 11 5 15 27 9 10 42 29 4 11 29 46 14 9 50 9 48 59 42 9 27 6 29 6 21 30 4 7 38 9 1 53 2 24 14 35 12 42 13 16 36 22 38 12 30 29 19 14 54 16 43 51 10 37 11 28 29 21 24 52 55 13 6 1 27 46 25 1 16 12 11 23 22 45 27 27 4 22 28 15 22 6 7 4 18 7 3 1 22 19 2 19 36 25 1 9 14 5 1 16 30 12 25 1 10 39 2 45 2 16 2 9 20 3 15 4 4 3 11 13 22 8 15 43 8 51 35 3 18 6 24 36 19 33 15 68 4 2 1 8 16 50 24 13 3 20 1 4 6 22 6 29 14 33 32 22 42 16 39 18 34 44 14 14 6 25 12 2 28 20 73 14 3 26 11 14 7 14 3 9 78 49 26 24 31 5 28 31 2 22 20 10 13 13 23 16 33 34 12 45 23 14 15 42 36 19 54 18 13 7 17 11 9 1 11 18 23 12 10 38 15 2 34 9 34 37 35 4 8 26 21 1 6 3 24 15 19 78 13 30 2 10 14 18 45 14 31 10 34 65 11 39 5 21
25 33 58 41 23 32 47 67 34 33 28 26 59 71 42 62 19 62 28 45 38 34 17 9 59 35 29 23 54 32 50 20 64 58 18 67 80 43 2 54 71 50 35 39 49 39 41 78 48 64 48 30 57 54 30 24 42 58 61 44 14 23 63 48 48 79 45 46 7 31 52 18 8 24 18 13 46 30 22 76 20 22 75 35 71 76 46 86 4 56 63 54 30 47 68 48 35 40 12 66 37 71 16 54 35 34 39 59 33 73 61 17 46 44 32 30 80 33 27 44 58 40 69 34 41 93 47 35 60 21 67 41 39 6 74 20 21 53 12 17 23 38 29 48 40 18 9 35 50 27 47 42 16 49 88 64 68 56 40 71 11 45 20 68 80 89 26 30 14 80 73 23 54 23 12 22 21 24 28 4 64 15 57 91 82 64 36 37 62 77 13 18 69 19 14 81 64 34 50 32 46 85 59 52 22 55 60 29 36 55 36 16 36 28 37 20 31 30 52 22 68 61 32 48 67 47 65 29 29 18 24 36 41 37 54 21 29 42 11 16 34 23 55 51 40 47 19 7 20 34 45 10 45 71 27 49 58 59 21 44 73 32 54 62 45 78 39 58 32 47 35 47 42 9 45 10 41 68 2 38 45 49 14 47 14 44 49 61 43 30 48 46 52 46 70 54 58 54 52 51 21 59 47 43 57 53 69 23 43 42 40 51 60 3 29 49 35 40 29 47 46 43 43 67 42 48 25 23 42 5 18 14 21 37 46 21 9 25 50 64 3 44 69 48 26 45 45 36 35 14 17 42 6 73 53 29 6 46 32 49 31 60 17 17 76 31 30 45 71 56 61 72 57 21 32 35 71 70 38 64 69 69 5 3 21 28 41 58 43 15 5 60 29 14 12 33 10 35 22 45 62 35 44 31 48 22 39 44 34 24 57 26 34 7 66 46 75 74 11 50 19 31 21 22 15 62 82 75 73 42 66 8 37 38 19 36 31 15 34 46 24 49 66 38 42 53 53 52 28 51 78 29 75 28 27 18 63 40 63 12 22 82 41 40 63 50 34 23 53 29 66 43 67 26 16 62 33 2 24 5 41 17 30 87 19 59 38 20 48 46 89 23 69 42 61 76 69 69 24 27
73 54 80 41 56 45 87 77 73 91 32 43 67 72 86 73 24 73 57 58 60 81 35 81 68 47 42 35 58 73 58 56 82 85 42 85 86 47 52 59 76 94 67 88 53 46 65 81 70 78 67 57 71 79 83 30 87 76 73 50 17 31 73 71 85 81 66 82 9 94 54 26 21 34 31 24 52 57 33 85 40 59 76 64 90 78 91 90 27 72 84 58 54 59 77 61 89 62 15 77 47 96 30 77 53 40 51 61 35 83 87 33 88 63 43 36 81 44 37 63 69 57 88 90 99 94 61 67 88 36 75 83 56 46 94 20 24 69 62 43 43 52 62 55 78 23 36 75 66 44 53 61 72 82 91 80 89 64 60 76 78 48 43 73 88 92 41 46 87 88 75 87 68 37 87 47 48 85 70 24 90 15 64 94 89 97 85 42 81 79 86 79 93 30 76 87 65 45 58 59 53 89 68 76 39 62 78 33 72 61 39 39 52 57 61 21 74 57 97 32 74 67 49 57 68 52 77 80 69 90 47 48 45 63 61 26 79 47 27 64 41 28 72 65 50 84 80 56 49 76 84 32 95 73 27 93 60 94 39 84 80 74 63 68 61 89 57 60 83 49 88 54 97 34 61 31 50 71 49 56 63 80 19 70 39 77 50 64 66 82 82 48 64 47 85 70 67 66 58 77 28 98 72 56 90 54 79 30 56 67 49 88 96 14 34 90 62 59 84 58 60 46 59 74 59 74 30 27 51 16 80 61 50 56 56 60 24 32 98 76 13 51 86 65 65 46 81 93 50 14 27 54 14 75 62 36 59 48 39 61 33 63 34 21 79 90 32 60 83 82 67 74 64 23 73 50 75 84 84 82 81 72 21 37 40 34 42 63 77 69 8 68 33 15 28 49 26 80 87 58 73 77 44 82 94 71 67 62 65 49 69 70 62 70 68 56 79 95 22 93 26 95 63 49 62 68 88 89 75 62 73 19 37 76 33 96 38 57 46 86 56 60 74 45 56 83 61 54 63 91 79 33 93 31 39 74 85 86 76 72 25 93 67 78 63 52 37 51 68 54 83 75 75 52 18 72 70 69 25 32 48 62 77 89 61 62 43 40 66 61 94 38 82 64 67 92 74 85 47 73
87 90 88 89 92 47 94 79 93 100 76 84 89 100 96 99 95 85 57 75 91 85 81 90 84 69 92 92 65 92 72 72 89 96 86 87 100 68 64 80 79 95 87 90 80 90 97 86 76 98 96 72 99 81 97 48 96 96 96 80 20 42 88 89 96 98 80 97 24 97 63 97 59 94 40 74 82 57 80 94 56 66 77 71 96 82 94 90 29 72 88 69 70 82 85 78 93 69 25 80 100 98 57 96 68 42 63 62 53 100 92 93 89 67 99 88 95 90 55 67 71 67 91 100 100 98 95 93 98 66 78 97 59 60 99 81 76 100 85 50 61 96 85 87 90 35 59 91 67 75 88 65 95 88 98 96 90 94 74 80 98 92 57 90 88 93 83 69 97 97 96 90 68 61 94 81 69 93 88 95 95 97 90 95 90 97 99 56 81 91 100 91 95 88 90 97 66 64 100 88 99 92 83 80 94 68 80 83 75 76 67 53 73 84 61 100 90 80 98 69 89 96 57 68 70 63 90 92 97 96 97 87 64 73 72 50 86 56 73 95 61 68 83 100 68 86 90 100 64 91 87 66 97 84 30 97 63 96 55 99 93 90 73 71 78 94 88 89 99 59 96 65 98 77 89 38 90 98 53 100 92 82 58 87 79 89 81 76 83 86 94 68 68 93 91 79 69 93 87 89 34 100 76 87 94 70 85 33 83 80 80 88 96 94 56 93 62 76 84 95 72 86 87 88 66 86 35 59 65 22 81 82 61 73 94 70 81 98 98 80 75 86 91 71 86 83 90 96 55 16 59 92 63 83 71 38 80 68 86 79 60 77 78 24 99 91 76 92 99 84 69 86 91 45 93 77 94 95 98 92 92 99 93 54 96 85 58 92 85 95 26 95 50 41 81 81 27 91 88 60 83 98 71 90 98 74 81 87 81 67 76 71 72 91 91 84 83 98 65 100 67 98 72 55 99 73 90 89 80 97 90 25 88 80 85 98 92 89 59 93 88 74 93 97 95 85 71 67 66 99 94 63 94 46 40 85 96 97 93 82 91 98 95 88 68 81 76 81 88 68 88 82 88 59 99 76 90 76 35 45 49 62 86 100 90 98 100 83 71 65 98 43 96 100 76 99 85 100 65 85

5 22 6 11 25 60 88 25 37 36 71 29 81 68 4 15 45 41 81 76 21 19 11 40 11 4 15 40 13 92 85 29 41 36 12 36 73 56 13 5 45 26 44 29 42 25 10 24 68 25 48 30 31 32 53 35 40 22 44 3 21 39 3 28 7 71 7 18 8 42 31 66 6 37 20 27 42 51 43 59 48 93 28 30 3 27 31 59 41 9 79 13 80 6 16 9 67 19 43 1 57 24 4 43 11 16 14 21 11 41 33 17 31 57 26 37 60 3 43 60 10 6 5 10 14 70 62 83 14 6 43 33 37 32 49 14 7 93 10 16 17 40 15 69 3 45 5 50 14 40 29 29 19 79 5 38 16 2 46 45 35 33 31 31 15 8 64 25 1 43 13 61 32 21 39 25 78 11 28 74 26 35 38 41 7 37 29 26 82 8 5 34 30 68 28 58 2 24 33 56 76 82 57 30 33 50 17 64 61 81 35 48 7 59 44 17 17 17 74 27 70 19 15 26 78 30 27 7 63 37 49 17 24 33 10 52 19 7 11 80 16 32 6 57 3 34 65 37 28 1 21 16 80 12 5 78 58 10 25 43 93 8 40 17 71 74 47 33 52 24 47 60 40 14 16 30 28 31 57 5 60 27 16 65 39 38 55 94 54 31 21 32 17 35 9 64 14 64 52 31 9 60 61 47 19 88 79 9 28 37 50 43 17 41 52 5 3 9 3 51 8 87 13 6 15 31 23 25 15 9 58 2 5 51 50 66 46 59 34 1 6 24 12 51 15 65 72 71 1 28 2 7 62 44 33 31 37 85 80 84 23 48 35 10 8 1 19 52 29 69 20 48 10 13 19 54 54 50 12 27 29 1 12 33 74 6 71 48 43 30 47 48 14 66 13 15 4 65 26 58 53 2 13 4 6 52 39 76 40 16 20 36 52 8 12 47 44 11 4 34 44 9 9 8 7 17 20 28 50 9 7 45 13 23 20 32 30 22 47 17 21 55 78 51 1 66 83 52 60 36 22 2 33 49 33 54 85 7 27 45 47 16 37 86 32 84 3 15 26 17 39 36 6 1 19 29 4 59 75 93 24 22 76 46 2 60 25 82 37 8 27 18 54 38 37 68 29 50 4 3
51 88 13 69 93 66 99 26 95 96 98 35 83 88 97 90 78 89 85 95 59 22 16 42 67 28 84 63 36 100 97 29 97 46 52 71 92 87 35 39 74 88 82 90 43 38 25 48 90 33 96 60 58 88 73 88 56 62 93 89 52 80 65 97 12 97 73 73 14 88 77 66 52 72 67 57 42 81 77 72 81 93 92 89 95 66 48 72 74 55 79 66 99 57 43 80 85 46 58 52 97 46 43 47 30 43 58 41 52 64 95 64 80 60 57 54 83 77 44 75 89 91 14 50 83 97 68 86 71 24 48 58 39 81 93 38 70 95 91 33 83 53 54 79 59 54 65 56 73 54 35 79 84 96 78 93 30 20 90 96 55 94 96 36 73 99 79 58 60 66 54 71 58 55 47 27 98 59 93 78 43 69 68 83 17 98 45 87 95 48 8 41 42 75 70 60 68 71 66 83 86 86 83 91 97 76 96 71 77 87 87 78 32 69 76 70 65 29 78 30 80 22 65 31 95 75 78 33 97 44 86 76 81 83 58 58 35 45 71 93 89 66 91 60 77 99 81 73 92 74 66 38 94 57 49 97 88 72 64 86 96 77 50 34 90 89 90 89 74 40 50 97 82 60 99 76 31 31 82 25 68 50 58 87 89 73 78 97 80 98 77 40 81 90 71 88 63 75 73 50 99 74 86 55 54 88 95 100 95 37 52 61 64 100 85 15 91 22 81 94 80 95 76 13 90 40 62 26 32 75 93 35 80 77 83 93 67 64 35 26 83 95 93 74 57 67 75 93 99 77 31 29 82 69 81 43 81 85 98 92 87 53 90 59 40 88 74 98 53 83 84 90 26 83 71 91 75 68 89 35 35 89 12 45 95 8 78 74 81 32 59 62 64 90 47 31 75 85 82 66 75 21 16 10 48 57 44 77 91 70 20 44 93 41 64 97 79 24 27 67 74 37 81 66 55 78 82 68 100 72 87 88 19 94 36 79 76 76 69 21 74 57 100 81 8 70 100 71 95 78 90 95 83 55 33 62 89 46 86 62 89 79 78 88 42 90 89 20 44 87 52 59 14 36 43 43 82 100 94 96 31 82 99 94 36 71 62 97 41 75 81 92 68 85 77 86 74 59 6 35

309 395 4063 94 2502 429 1763 1048 284 2375 557 137 321 939 3032 116 865 1471 1024 910 2709 826 1496 3972 494 1391 914 252 4897 931 1137 2294 222 340 1694 547 88 286 966 2509 62 619 457 697 1362 190 185 693 413 440 1030 450 403 517 1016 198 2885 337 1121 770 429 903 1420 4167 658 672 1537 566 576 244 73 624 78 1960 2822 828 3447 192 335 984 420 1138 1480 235 81 1166 998 1257 1075 521 893 919 181 437 1165 123 539 162 204 532 2147 130 280 6560 2993 173 95 2176 1429 157 309 71 736 2045 778 1798 1558 903 745 115 116 4204 147 534 734 532 642 1361 948 433 1074 914 582 2287 1431 708 1587 566 853 1044 1837 496 3783 946 396 62 2004 562 315 47 2498 1750 1051 21 228 3848 496 446 285 7313 854 61 983 3215 993 2207 3240 201 1029 270 234 2401 879 3860 736 2811 771 1113 2420 4697 1975 149 3032 1009 90 719 323 207 421 235 1178 1737 423 458 2623 1133 123 663 579 1854 297 1132 1386 195 2271 1000 655 60 1121 3266 335 923 1599 319 2362 1566 2293 371 342 4857 315 1309 498 397 3973 917 556 189 843 1955 863 839 3388 971 541 583 326 312 312 1560 388 933 662 333 89 849 2023 1086 1480 1939 2000 2140 362 273 2212 185 1302 834 793 608 426 788 408 3170 310 965 1327 956 657 2737 1213 194 137 373 177 281 278 116 537 4055 1303 244 2849 2354 1201 1243 292 1174 996 1079 1176 510 200 1465 71 494 3366 712 576 509 429 573 217 4292 201 3956 122 2464 1854 802 1881 190 1560 1704 483 362 3262 431 104 1604 1578 874 2096 819 956 113 511 1464 132 281 1289 3453 836 1699 871 1086 915 4556 225 938 2579 415 1751 159 518 3043 637 138 1768 162 2058 717 118 159 884 378 1221 597 186 290 4443 994 1280 141 788 35 2606 3010 1584 2118 2648 171 127 436 1336 247 3035 479 894 825 3206 152 1351 2150 2760 372 1030 939 324 3094 201 859 1156 3366 431 1254 1123 2621 708 1728 1111 191 1388 1590 850 175 1860 814 395 535 456 643 740 937 16 1219 1530 197 272 817 278 565 998 623 1483 1135 97 4454 137 2336 3731 2359 792 543 498 736 5278 1746 1357 3655 584 800 729 532 452 937 586 348 395 3227 1495 1124 938 1771 771 231 742 988 2707 145 2753 1178 154 2773 2034 4253 565 145 4937 4860 466 4567 1320 2560 948 359 1307 1460 1428 478 134 218 1240 41 828 86 711 2012 232 139 504 1013 2209 1335 2264 775 989 3876 4570 756
1967 2029 6725 201 2961 494 2017 1963 1108 4211 1202 1341 4326 1229 3277 995 1290 4341 1251 2205 5145 1629 3326 6252 1360 3885 5433 1252 7672 1802 1458 3437 1060 400 1712 688 190 1373 1377 4086 229 690 5735 7011 3019 279 1039 747 968 612 1170 1236 595 1986 1253 3688 4072 1598 3218 2381 1345 1171 1906 4990 4394 7201 8088 802 594 3104 734 3070 946 5713 3973 2188 5594 1474 997 4189 4051 1425 5895 1663 1393 3484 2044 3070 1510 1532 963 1446 4348 876 1393 648 1402 595 2233 5460 2196 1672 1500 6905 4010 999 392 3402 2577 250 1914 780 1036 3221 891 2038 1884 4222 4260 919 1380 5228 463 1242 1017 1750 2164 1804 1504 478 1469 4073 1301 3321 1569 2174 2033 1649 1452 7862 1899 2240 3978 1768 402 1257 2673 880 1248 5792 4418 2345 2297 281 358 4332 820 5354 337 7429 1586 269 2188 4232 1774 3716 6098 1100 1612 1665 251 2586 1926 4239 1132 3876 5048 5893 3157 4766 4328 2660 5003 1086 390 8676 622 769 1164 1139 2630 2743 943 1126 5797 1902 2956 821 885 7581 1460 4034 1878 572 3887 1204 2676 2201 2460 3831 2175 1821 1620 1099 4253 2674 2717 1961 2910 7057 571 1810 1883 1064 4401 1060 1102 1141 1220 1958 1161 1130 3393 2530 1642 1055 2309 791 1681 3351 1146 1062 3378 618 729 1813 2299 1482 1585 2444 2972 2275 1141 330 3029 482 1941 3141 1646 1291 1063 863 3118 3778 366 1223 1979 4759 1700 3723 1852 1959 445 2816 1220 1119 378 3035 692 4271 3115 931 3385 3130 2679 1503 1360 1660 1065 1097 1515 784 587 2141 1571 718 4111 1443 3535 1152 3113 1300 243 4501 1795 6276 2002 3953 3617 1835 2568 713 1716 1976 637 1260 5076 526 137 2042 1660 1199 2723 3114 2548 1264 642 3627 252 826 1548 8123 2987 1717 1321 3629 3762 7759 368 1145 5457 656 2686 4793 1444 3713 733 225 2816 193 3594 1656 822 1534 1079 1579 1571 606 710 368 5800 3464 1743 1371 1426 522 5140 7024 4518 2677 3524 290 640 958 2177 531 4881 1273 1427 990 3660 705 2830 2284 2866 1025 3376 1157 779 3959 2466 1685 1263 4518 3152 3765 2590 3256 1498 2395 1131 985 1422 3369 1430 1454 2010 1288 999 2834 1186 6874 1921 1406 935 2968 1580 5877 808 6216 1139 906 1425 3494 4630 1439 277 4766 2581 3241 3840 4285 1522 1191 510 2546 7277 5276 1554 5283 1897 6364 1650 1663 1675 1078 1158 1419 777 3303 5867 2126 2028 4131 892 515 1182 1112 2943 985 7682 1468 1302 2811 2459 7409 820 1812 5132 5351 1166 4885 1382 2876 1120 1103 1889 3466 1429 1188 1330 237 1808 1751 1199 837 2509 3377 471 490 584 1374 2914 3688 3797 1114 1344 4442 6513 1038
2950 2221 9002 415 7203 1050 2204 3923 1542 5705 3642 2017 7989 1250 3971 1211 1366 4546 2981 2238 5712 5657 3777 6535 1662 3942 7061 2243 8742 2246 1775 4034 1668 1665 1809 1283 2237 1769 3536 4947 841 1155 8190 7526 3100 1212 1562 1911 1167 1326 1194 2016 1085 2205 1833 5167 9301 1842 3407 3875 1893 2318 2619 6431 8267 9122 8168 2743 602 3228 1635 4260 2738 8918 4216 3172 7981 1516 1820 9309 4057 2696 7242 2947 2141 3789 3118 3722 1657 3078 1293 2546 5699 1742 3442 2034 2124 1255 3588 6929 2259 1774 1708 8182 7470 1534 764 6697 5732 1040 1915 1476 2844 3802 1185 3323 3035 5785 5275 4107 2805 8837 1266 2644 1289 1997 2275 2401 2473 698 2889 4376 2166 6637 2262 4308 3622 3337 2793 7901 7745 2329 5045 1924 674 1287 3862 1220 1545 8554 5876 2398 4320 1458 1413 7666 1493 8438 658 8552 2190 839 3206 4834 2258 3932 6758 1756 1958 2061 1394 3411 2146 5816 2494 4752 7274 6219 4203 6774 7965 4166 5232 1979 676 8776 1541 1023 1947 1278 5987 5831 2194 1331 6024 2285 6887 1365 1016 8066 1905 5088 9400 691 4388 1740 4124 3962 3234 4662 2318 4246 1888 1379 4675 3487 4157 4516 3021 9437 2571 5950 1965 1156 6236 2067 2354 1474 1568 2334 7396 1433 3608 3637 3709 1830 2889 2173 1687 4059 1171 1917 3559 654 1105 1830 2717 2759 1794 8540 6462 2291 1777 2368 3857 503 3373 3263 2056 1308 2818 900 6039 5016 1078 3018 6279 4974 2567 5283 4163 2416 2911 3745 2892 1802 610 3990 897 6611 4233 1673 7633 3767 3273 6420 2088 3178 3557 2213 2541 1271 1960 2805 1589 875 4159 2848 5774 1958 9174 1550 601 4642 2123 6483 2706 4939 9575 2783 2968 1425 2258 2035 1246 4373 6225 1970 2673 4290 2070 1872 7089 5823 3332 1933 703 7604 4998 1185 1782 9318 6775 2589 2082 4987 8290 8144 1315 1375 6317 1001 3134 6154 1559 4788 904 8096 4362 2759 4140 2973 1950 2292 2067 2415 2563 737 2814 407 6355 4732 2693 2296 2101 802 9659 7331 9113 5812 6016 1364 2676 1518 2282 1743 8166 1633 1453 1879 3661 1426 3081 2308 3936 1319 5080 1554 1140 4358 3650 1746 4043 7480 3829 4608 5129 3488 1520 2769 1628 1013 3153 3695 1805 1919 3333 1323 1522 3796 2243 7671 2178 1618 1404 4337 2404 8069 999 6578 1365 1123 2009 4176 6807 1785 696 4909 2751 7218 5547 4878 2292 2867 960 2728 8200 6363 2174 7430 2241 8655 6735 2600 2341 1452 1890 2523 1239 5214 7070 4226 4904 6585 1739 1316 1431 1259 3005 2354 9108 1772 1306 3022 4134 7720 854 3110 6247 5884 3837 5456 4355 3328 2384 1163 4025 4298 1466 2511 2505 2036 1839 2228 1572 1076 3075 4226 651 660 834 1669 4694 6602 4050 1529 1407 7218 7464 1673
3733 2246 9976 5514 9959 1280 2270 4244 3436 6075 3780 2332 9493 2182 4362 2043 2439 4612 3641 2306 7235 7639 4498 9718 1779 4291 7373 2252 9937 2448 2410 4701 2325 2043 2236 1867 2246 4004 3805 5950 1129 2400 8782 9651 4277 1708 2129 2497 1588 9664 1321 3119 4393 2280 2938 8552 9715 2390 4782 4725 2109 5823 9092 7194 8870 9831 9233 3716 1108 3890 2281 4270 3726 8934 4831 3976 8724 1711 2509 9772 4384 8598 7449 6157 2478 4590 3473 4889 2190 3707 1827 2836 9070 2258 4016 2257 2387 2338 3602 7388 2352 2432 2389 9863 9723 2097 2514 7566 5832 1330 2239 1484 4191 4646 2221 3505 3636 9283 6798 7313 7278 9689 1529 3072 1353 2408 4954 5001 4468 2102 4699 4959 4933 7056 2262 4884 4627 3432 3538 9699 9613 2414 9467 2029 2256 1759 4337 2369 1651 9447 9948 2987 8023 1928 1699 8058 1785 9307 1308 9401 2504 860 3666 4871 3313 4664 8637 2068 2219 3047 4003 4443 3537 7837 5006 4814 7455 7610 4735 9289 9332 6698 5581 2325 1975 8826 1748 1236 2032 1689 6135 7812 9446 2292 8421 2460 8835 1601 2454 8200 3395 7406 10014 1058 4515 5985 4880 4419 5019 7315 6307 4726 2155 2258 6534 4612 6317 5701 4516 9466 3118 8279 1983 2567 7050 6849 3122 1735 1724 2354 8926 1507 6347 10079 3714 2502 4464 2492 1819 7500 2286 2111 3833 1520 1409 1891 4257 5596 1873 8852 8173 4145 2122 2395 4553 2624 3798 3660 2495 1876 3564 2438 7711 10034 1857 3926 7464 5861 4418 9725 7559 2504 4775 3986 3496 1820 961 4623 1403 6968 5694 4564 8007 5791 4568 6898 3942 3799 4269 2489 4877 1361 2196 2843 2039 2322 4209 3147 7714 3214 9809 2262 1630 9770 3508 7092 3768 9199 9888 2809 3113 1800 2348 2548 2217 4770 6619 3047 4266 4665 2379 2893 9286 8032 6847 5278 4716 7753 9921 1894 2145 9631 8482 4131 3249 6531 9886 8374 1387 1411 8707 1334 5966 7275 2529 4969 2200 9277 4980 4381 7497 3010 2208 4337 2147 2486 5377 2592 4422 2275 8689 4848 3479 2491 2655 1726 9808 8214 9877 6669 6505 4794 4518 1858 3114 2300 8968 2392 4276 2142 4535 2179 3148 4803 5028 1460 9266 2703 1626 8685 5938 1845 8622 8619 4025 6661 7981 3642 2311 4479 3246 1694 4726 4924 3709 2316 3707 4739 1784 4696 2457 9218 4106 1942 1442 4519 3164 8589 2216 7564 2140 1843 2087 4954 6897 2238 1470 9371 3812 7521 7815 5461 4781 3293 1885 4598 8345 6587 2494 8513 3388 9802 9501 3910 4390 1664 2235 2525 1651 8349 9073 4323 4985 8332 2478 1643 2302 1797 3296 2464 9885 2182 2070 4373 4890 9928 1266 3889 8781 9463 4483 5933 8838 8060 3245 2486 5067 4921 2179 8309 4680 2326 2371 2266 2476 2155 8885 4269 886 1295 4946 2572 4845 9494 4735 2478 1891 7628 9123 1879

154 329 3674 49 2000 332 1291 460 232 899 308 105 278 859 1273 66 560 1276 469 590 1336 563 857 1574 225 1385 375 133 4384 873 558 1359 173 171 1263 471 84 271 236 1405 49 118 300 656 765 121 115 569 195 154 1009 314 170 288 703 188 1496 86 863 434 253 310 1248 3531 575 464 542 280 511 241 61 605 77 1810 1938 523 1904 127 222 474 390 611 1262 204 64 402 507 561 359 130 587 677 127 356 1043 98 123 130 104 125 1399 73 52 6351 1990 83 66 1943 1419 45 279 35 125 1156 711 1461 1543 444 252 46 112 3332 112 495 216 63 638 1021 428 317 606 295 248 2020 1111 443 988 382 692 137 1385 167 1565 479 38 28 671 473 289 9 1940 1508 655 19 139 3790 282 381 215 3176 798 42 701 2912 445 984 2365 77 857 136 41 1291 514 3308 694 2345 296 187 2234 3306 1345 145 2824 977 86 381 119 172 244 95 874 715 421 360 860 1046 9 625 420 1057 165 317 1293 150 1797 658 185 26 841 2457 286 730 1084 216 2336 694 1753 271 179 4221 293 922 413 25 2194 884 120 169 433 1343 710 638 2805 694 265 184 233 142 170 569 124 117 240 99 76 780 757 123 1392 1026 1749 1249 258 93 1142 104 391 470 766 384 330 419 151 1864 210 571 1254 639 433 2046 978 71 102 236 170 66 196 101 357 375 332 119 1743 2220 919 1229 263 822 719 668 1080 433 177 1333 67 152 398 710 202 471 225 439 91 3730 108 854 79 381 1057 412 1177 133 1449 1355 421 244 2894 239 82 757 745 608 1941 666 448 89 374 1458 71 245 1128 1279 815 1689 422 968 510 898 223 136 2122 97 1484 19 264 2162 528 89 1267 97 1996 495 111 116 849 147 1123 390 54 251 3555 757 720 92 367 6 878 373 699 916 2515 109 110 55 988 177 1555 459 772 625 1040 104 935 1637 763 251 902 755 115 2370 93 785 1022 2972 292 306 868 2204 361 1241 919 177 856 1397 427 142 967 681 315 393 398 218 537 620 12 333 599 168 211 227 253 339 640 211 994 558 79 1735 74 2192 3581 1066 566 325 385 102 4188 925 1353 2131 391 250 697 242 102 548 19 285 364 2958 1180 971 834 1033 683 49 158 477 2544 105 2325 468 26 1514 1265 2891 439 107 4595 1938 437 4506 1010 1908 474 340 696 231 1333 228 131 168 1217 40 495 28 356 1990 174 81 138 395 2096 578 1887 763 552 2977 4540 619
134 22 437 39 71 5 14 237 85 385 31 7 228 806 151 17 481 96 178 140 785 189 444 824 144 119 295 42 3069 171 314 702 115 137 501 64 17 19 161 931 10 14 41 152 89 18 78 81 167 18 218 232 14 20 296 111 1318 53 172 141 166 294 381 2318 48 275 148 105 136 142 55 597 45 1670 1271 6 857 34 91 319 137 184 951 43 13 263 261 455 174 74 268 515 74 257 825 40 84 27 40 124 66 36 10 5800 1372 16 26 1548 286 35 238 13 85 135 189 1290 1191 415 147 26 106 1279 60 125 87 19 176 435 118 260 251 234 227 453 608 319 839 228 566 70 1099 116 557 25 10 26 467 276 46 4 652 413 417 3 6 3277 226 199 156 1185 246 6 168 1680 436 781 1622 22 95 96 18 356 346 1870 678 1586 213 186 858 974 218 126 2166 482 8 33 68 171 14 47 489 709 305 168 632 960 2 416 289 460 22 100 1083 38 169 3 114 20 116 2198 88 375 595 7 1056 253 695 80 40 3947 32 470 33 5 974 2 53 114 158 691 561 551 1286 550 141 46 191 94 84 548 22 98 161 84 17 558 565 22 1164 530 1140 971 85 70 405 2 82 24 608 46 286 124 95 1296 17 506 751 15 272 13 231 29 53 220 86 40 27 41 313 19 331 117 1505 311 190 823 49 754 317 482 432 348 145 733 13 81 186 61 125 276 86 114 63 479 8 533 44 345 1044 388 352 5 1445 20 155 18 845 78 9 392 198 362 1608 284 103 88 65 809 42 97 292 553 453 543 66 394 452 211 12 8 491 44 1479 18 24 1517 308 3 71 86 1801 82 106 4 141 78 731 213 51 120 1881 721 639 73 193 3 343 97 614 746 1771 50 15 50 418 73 387 338 748 92 862 64 853 195 602 59 715 234 40 32 14 267 606 1103 261 153 428 91 272 422 263 75 168 802 352 61 963 438 261 143 169 126 403 117 7 313 553 164 129 220 148 159 396 165 451 12 45 1099 7 1611 2268 16 82 168 231 38 3257 80 341 1290 208 13 489 137 48 196 10 35 179 1550 428 313 578 802 155 8 125 188 2152 6 487 295 4 711 342 658 395 8 20 18 219 1902 256 1280 433 227 129 170 359 63 25 87 229 19 104 13 180 45 154 21 103 218 1464 89 1607 500 394 2593 736 403
