500 4 2
6 27 54 52 20 63 20 47 88 1 49 88 21 83 62 15 69 81 24 80 49 55 13 5 36 49 53 28 9 75 48 24 43 84 72 31 56 64 30 75 70 7 21 96 39 74 47 57 52 32 50 19 1 81 40 35 85 14 96 44 80 91 39 77 49 16 56 49 49 90 5 94 70 36 3 29 44 100 4 18 3 99 78 88 65 31 8 54 53 21 32 1 92 38 40 60 99 83 83 41 100 76 68 83 6 49 68 88 71 85 84 57 4 11 44 34 40 37 69 42 74 28 5 11 81 94 7 9 66 29 80 94 56 28 12 89 60 19 66 37 87 24 56 31 80 27 66 39 39 15 61 55 79 71 42 42 84 3 38 35 32 66 34 86 99 39 24 76 55 8 40 79 10 58 100 18 98 42 36 89 90 62 43 98 84 3 48 9 80 56 35 89 57 42 48 37 18 12 7 80 25 95 7 28 97 65 77 81 3 80 39 33 6 88 94 95 82 34 48 9 56 15 30 42 13 35 76 73 63 11 83 48 72 93 100 21 26 4 97 33 63 69 27 20 31 58 80 68 61 61 40 62 71 90 30 71 70 38 73 86 78 80 56 18 62 47 98 40 32 27 5 13 86 83 11 48 16 57 21 77 73 4 91 60 26 13 34 8 5 32 56 17 91 68 44 94 91 12 91 72 30 87 83 12 43 68 1 69 19 12 44 96 99 24 67 30 93 46 52 94 5 53 47 97 78 23 58 21 65 38 64 15 98 71 87 2 77 58 8 55 53 19 89 80 84 37 69 37 60 86 47 89 37 18 45 5 43 41 77 42 43 26 88 11 11 48 78 12 32 94 49 61 84 91 28 81 57 88 62 97 20 69 64 25 82 65 61 20 22 4 24 24 10 59 20 96 47 73 93 79 91 40 21 4 41 53 90 72 47 49 50 58 63 90 17 18 56 47 99 55 10 23 36 40 50 100 71 42 51 20 57 96 2 66 98 82 76 18 3 12 59 55 44 91 100 67 60 37 43 64 26 55 39 8 26 30 66 31 28 24 72 8 13 39 63 76 58 42 30 15 97 2 38 96 4 77 33 65 17 80 95 48 46 7 37 30 24 34 52 26 69 87 57 30 58 31 59 28 69 5

3 38 64 32 16 19 9 4 4 1 5 35 2 2 27 67 15 43 13 59 50 73 43 32 43 2 41 7 11 1 19 22 45 29 18 63 18 33 79 4 6 19 3 3 28 24 28 14 2 7 22 8 43 30 42 3 53 2 1 66 5 40 16 2 44 7 18 39 7 5 65 5 10 18 17 1 15 8 6 36 3 29 10 36 12 6 27 30 24 24 44 15 21 11 39 13 65 32 1 4 22 33 2 9 11 18 6 17 15 4 18 32 14 16 4 50 23 23 26 3 10 52 14 59 13 5 21 18 27 12 2 16 10 6 39 10 4 6 9 26 48 69 65 18 12 43 4 38 43 18 42 20 11 17 12 10 16 12 39 2 5 22 2 34 26 46 37 25 18 57 39 6 30 56 13 2 18 8 30 4 33 9 45 49 21 4 12 5 7 2 33 59 13 15 18 30 11 40 1 17 12 8 10 45 34 25 5 8 14 30 67 29 7 5 34 9 15 40 2 6 11 10 23 10 10 62 20 64 26 18 33 49 3 18 4 28 20 24 6 21 11 11 5 44 26 32 17 22 1 21 47 16 4 14 42 16 13 2 20 1 33 19 22 7 14 3 44 14 3 30 23 33 12 25 36 34 20 20 42 19 10 31 24 2 10 33 18 1 6 1 13 7 27 6 1 33 48 51 21 18 4 1 13 21 2 11 8 71 35 24 9 21 6 36 8 12 16 18 35 3 7 18 31 29 7 40 23 3 54 20 36 18 60 68 46 44 9 53 29 7 41 62 14 36 23 19 5 32 3 9 10 2 26 1 4 12 53 7 11 54 4 10 3 5 67 23 42 10 9 47 8 14 49 11 8 8 30 51 24 8 5 6 2 32 70 37 26 5 4 37 4 9 11 25 19 52 20 28 32 48 12 1 12 10 28 7 2 7 30 5 39 25 16 13 29 28 27 13 16 13 16 44 24 2 1 53 1 6 44 5 24 3 12 3 13 25 20 2 9 26 2 8 17 11 3 27 16 6 4 7 51 29 42 25 15 2 2 1 13 28 6 22 12 38 26 13 28 27 17 37 36 58 14 19 4 7 10 21 20 15 61 3 23 28 22 35 10 2 23 14 33 8 1 48 3 27 3 23 10 42
75 48 75 34 43 62 22 41 49 10 49 35 23 56 35 75 39 60 32 69 54 74 49 54 64 11 44 26 25 50 48 30 46 53 33 83 56 56 85 22 69 58 22 66 46 35 58 15 4 15 61 25 46 54 46 28 55 6 32 70 25 44 23 9 53 35 23 45 8 7 66 16 12 72 27 58 58 53 69 40 14 40 12 44 36 35 61 44 26 37 55 23 57 13 52 38 86 59 46 22 40 46 30 27 38 32 70 35 78 35 43 36 40 32 45 53 78 46 28 29 20 54 16 61 37 47 50 33 29 16 17 24 11 40 51 28 10 39 65 45 53 74 79 42 41 58 9 43 46 26 49 20 45 20 80 28 62 64 44 4 14 22 36 59 40 60 40 35 24 57 82 10 44 57 35 13 23 11 38 12 35 53 59 62 54 26 17 22 55 18 50 67 25 27 63 41 14 49 37 18 24 42 71 50 53 26 75 41 31 38 70 38 31 41 39 10 31 41 8 8 14 39 60 23 30 92 56 65 30 21 35 68 7 45 57 54 30 63 15 34 13 12 20 50 70 50 20 36 11 81 64 37 33 51 46 23 29 20 39 69 81 51 40 9 15 36 68 20 6 46 38 55 14 26 90 61 29 23 53 46 45 34 25 60 11 71 20 19 19 43 14 44 45 48 12 35 81 62 58 22 57 40 57 38 7 33 10 87 45 56 14 49 76 37 42 67 17 18 39 36 63 48 45 39 47 44 35 19 73 21 81 48 62 75 68 48 42 70 30 65 55 82 90 41 42 23 15 57 16 37 72 30 36 30 44 38 55 48 43 55 42 35 15 60 72 34 82 18 90 53 71 23 75 28 38 15 34 54 28 25 44 10 10 65 72 53 57 55 38 48 13 10 38 40 20 71 54 48 38 52 47 31 14 14 40 47 15 15 60 45 72 41 19 20 37 30 35 22 21 14 25 80 63 29 6 81 86 31 53 6 53 26 53 32 22 30 22 26 34 55 49 11 33 33 4 48 21 19 35 44 67 38 55 38 21 42 33 39 19 40 24 31 19 69 43 50 42 44 34 65 46 77 19 54 4 11 29 37 67 36 66 8 84 34 47 64 14 21 24 37 57 10 28 55 27 36 10 56 12 50
77 69 81 74 80 68 81 55 55 68 55 57 54 70 44 93 79 82 56 86 78 81 63 72 70 16 55 36 27 64 53 52 50 64 48 92 61 59 97 31 74 77 70 76 80 76 65 90 38 46 78 58 59 58 64 37 79 55 55 86 32 47 35 53 74 37 86 83 15 49 82 27 48 73 50 64 64 66 78 58 40 49 78 56 75 83 62 74 35 39 88 63 91 25 67 72 88 59 70 63 65 75 41 66 52 58 86 60 78 73 79 62 68 80 45 74 80 48 38 55 24 66 37 64 62 50 61 56 36 45 83 49 61 63 68 75 61 47 67 74 61 92 99 60 43 61 29 74 56 28 72 28 54 83 83 37 63 79 57 48 17 62 38 75 73 71 61 53 82 65 84 38 45 61 47 73 26 25 74 68 42 73 66 64 88 67 57 22 73 41 63 92 26 56 81 46 38 74 49 86 51 57 94 69 65 33 93 60 32 55 75 88 34 52 80 82 63 65 17 49 48 91 84 89 69 94 64 71 56 61 46 74 21 72 63 65 73 65 79 74 54 43 52 59 79 53 43 55 24 88 87 50 46 69 61 49 53 26 69 86 82 61 64 61 94 84 81 36 61 76 40 56 16 39 92 61 75 45 56 74 69 72 67 83 31 71 61 69 31 47 39 58 91 88 52 53 96 64 64 71 67 58 58 41 44 70 13 88 77 66 36 81 80 67 58 94 31 50 72 46 81 59 88 70 73 52 48 23 93 28 91 77 79 88 82 90 69 85 62 68 57 84 91 68 82 38 40 87 74 50 83 37 65 36 66 82 60 56 45 56 83 53 24 93 74 71 97 42 92 66 92 35 79 72 47 35 70 62 28 47 55 36 16 66 88 55 91 78 58 57 49 68 60 40 35 80 63 73 41 67 72 67 18 21 42 52 59 88 69 57 74 51 41 62 73 42 54 23 46 43 70 86 75 30 52 82 93 48 84 26 59 36 74 75 33 53 33 81 47 59 51 90 75 53 42 74 34 71 40 48 69 71 64 91 49 50 55 67 75 48 24 50 53 92 45 51 44 72 36 73 47 80 73 59 93 65 29 68 78 38 69 67 85 49 66 88 56 66 41 52 76 24 33 55 83 66 64 60 34 81
99 77 91 84 85 98 93 72 88 93 74 95 100 80 61 99 99 95 76 98 93 92 73 89 80 86 84 69 86 83 86 100 83 65 61 98 95 68 99 84 93 80 85 79 84 84 80 91 49 57 94 95 67 90 84 58 84 79 71 97 94 93 75 80 75 47 94 92 54 93 89 43 66 79 59 97 91 84 99 77 52 90 79 99 98 94 72 80 48 69 99 64 100 56 93 98 97 95 98 69 92 76 87 75 76 69 86 94 96 74 99 76 93 99 91 95 97 92 79 67 29 91 54 89 100 69 71 97 46 57 96 72 81 82 87 80 77 52 96 96 89 93 100 91 85 63 68 79 95 31 100 36 65 100 94 87 86 91 97 81 77 82 87 88 100 88 68 62 88 75 84 59 72 80 99 87 92 72 93 92 70 76 74 98 89 94 88 48 74 42 97 98 36 85 98 74 57 93 62 95 62 62 96 97 89 68 100 70 70 94 80 97 39 94 85 85 90 69 50 51 94 95 93 95 79 97 72 97 84 98 72 91 85 91 76 71 94 76 90 86 79 93 86 68 79 78 78 85 73 97 97 54 85 100 67 70 76 57 80 91 94 68 65 76 99 99 96 68 88 99 97 88 72 43 94 66 81 47 90 98 71 78 96 84 75 83 66 76 62 86 43 82 99 99 67 83 99 97 80 100 76 95 60 67 73 83 21 89 91 92 48 82 94 68 75 95 69 77 78 68 87 74 93 92 85 79 87 37 97 34 93 96 84 94 97 97 100 95 91 71 71 91 98 70 91 57 100 95 91 74 99 59 69 46 98 94 97 68 78 98 90 90 73 100 100 85 99 48 96 67 97 96 100 96 55 72 98 95 68 72 71 36 23 89 96 70 100 85 74 78 63 95 96 91 48 99 87 95 76 83 75 91 71 72 52 81 84 89 71 61 94 52 84 97 90 58 56 73 93 77 74 87 85 57 69 93 98 55 93 87 68 70 80 78 37 70 34 95 85 60 98 99 97 59 47 100 63 99 86 82 90 96 96 94 64 74 62 90 79 94 92 78 92 100 56 65 60 100 40 95 91 98 79 63 97 81 69 71 93 44 97 84 89 82 95 99 82 79 67 66 87 93 42 82 93 89 88 72 41 97

18 5 40 42 17 60 76 29 21 42 49 6 23 28 33 5 50 45 78 59 1 30 65 22 11 51 15 8 11 11 40 12 19 8 59 16 52 30 88 23 57 7 11 55 43 50 59 60 28 74 44 38 8 27 31 42 7 41 65 90 18 89 5 58 35 70 27 11 31 26 95 32 32 30 11 34 25 52 17 88 10 15 5 21 60 41 15 12 21 28 10 29 42 27 43 64 25 36 18 40 47 18 18 41 10 31 43 3 18 25 29 61 3 8 35 52 25 37 20 92 18 80 19 12 52 52 53 31 49 33 18 65 32 26 35 6 16 38 4 24 59 20 66 87 79 4 3 51 21 10 60 16 4 18 44 34 10 78 6 56 13 20 41 58 34 29 16 2 33 72 32 20 3 2 53 33 24 84 39 87 1 58 4 6 64 50 4 90 60 19 61 1 27 46 17 23 11 25 59 97 29 48 62 14 38 14 25 7 68 46 8 29 19 34 8 16 62 38 29 12 14 94 33 4 73 3 32 41 32 27 25 30 35 21 1 22 82 71 62 14 49 73 63 54 1 15 37 2 73 48 74 60 3 68 36 20 39 41 19 33 2 21 35 1 3 29 27 15 38 41 3 59 55 5 44 52 8 40 98 3 9 10 4 77 45 3 33 51 9 55 77 11 1 57 18 43 25 7 14 34 34 17 21 2 31 26 21 36 10 19 26 85 93 46 27 48 21 46 4 2 27 49 40 58 3 4 86 67 13 29 69 8 29 14 13 40 4 74 34 17 14 26 49 14 35 8 25 75 11 69 23 19 25 75 8 19 22 24 8 46 6 17 20 53 73 1 52 1 55 56 35 16 70 60 43 9 11 78 10 47 60 15 9 57 36 28 68 8 47 56 28 62 11 70 73 1 7 16 84 18 62 29 82 14 44 77 60 91 34 21 9 54 37 9 55 41 10 1 9 73 55 21 59 76 37 5 12 77 12 9 42 10 4 38 2 9 31 2 63 25 20 62 18 12 14 18 83 9 63 5 43 93 14 14 17 16 63 67 7 61 2 69 45 7 18 16 9 20 47 25 61 36 24 3 29 7 56 93 11 89 59 17 95 41 11 5 13 70 12 19 13 58 37 28 12 16 40 10 51 78
95 51 58 56 90 60 83 76 46 77 57 52 55 91 66 20 59 61 83 96 10 91 95 85 32 69 84 36 44 40 100 76 55 61 69 75 59 81 100 66 85 13 14 71 88 78 100 83 56 86 82 89 56 63 92 94 22 91 66 98 82 96 70 64 64 96 31 78 67 90 97 48 46 45 76 78 53 87 65 99 31 27 78 29 87 64 22 43 40 48 17 98 59 88 99 73 63 71 21 78 50 79 100 42 37 38 53 43 40 84 38 70 33 13 97 74 70 100 46 93 86 86 92 47 57 61 82 31 75 98 29 70 81 41 46 33 79 89 13 82 99 85 81 95 91 83 48 86 62 19 67 82 62 32 92 88 51 98 99 99 21 21 62 64 69 76 48 49 45 83 39 88 68 8 68 82 26 91 61 91 23 82 66 76 77 58 32 99 83 31 76 50 36 58 78 73 37 63 92 99 74 85 80 83 55 82 33 64 91 92 41 86 61 76 41 38 73 98 96 49 69 95 73 57 79 28 80 94 78 91 38 66 73 83 66 73 88 88 90 32 76 75 65 62 46 87 67 19 74 69 78 68 67 95 99 22 46 84 31 98 95 75 92 58 22 41 44 87 42 68 54 91 56 57 45 94 73 51 99 48 90 87 95 90 75 28 97 93 26 61 85 37 38 63 26 63 26 61 79 95 98 27 78 58 76 90 78 96 74 74 40 93 96 77 53 61 71 93 73 54 57 56 55 87 69 87 95 76 15 29 76 36 72 48 100 56 42 93 38 67 89 54 97 42 37 47 48 89 74 89 24 24 96 90 61 93 88 84 16 62 93 22 45 100 76 34 72 17 75 85 85 35 99 99 90 34 51 92 62 66 89 80 64 85 81 80 83 86 59 74 100 74 23 81 73 65 87 65 97 99 82 39 91 81 83 82 88 94 86 64 25 54 42 50 76 65 88 39 63 81 57 37 76 85 48 56 30 82 18 27 61 67 90 52 84 34 68 12 65 30 94 92 57 88 93 34 85 18 85 15 93 98 15 31 41 95 90 90 35 73 33 89 52 82 47 18 39 84 54 67 82 51 96 41 89 17 58 95 35 99 82 84 98 72 52 93 46 81 93 100 87 87 80 98 69 22 79 38 90 88

1917 106 91 386 1193 2172 44 667 882 446 1054 195 180 100 2321 775 1463 2797 624 7213 2650 858 1021 212 737 846 1680 1380 636 998 99 1015 2095 174 2020 283 176 759 1155 2292 813 298 1624 2728 5254 673 1356 278 2498 3383 309 6450 863 2248 418 4024 535 351 1058 465 2314 172 2697 4289 1996 4298 151 614 87 371 1287 211 148 3073 181 167 664 3524 349 642 357 2046 125 3117 2214 6014 751 2829 1665 895 2987 549 541 5324 1983 755 2941 273 844 964 1186 424 707 1839 40 324 1911 232 1388 1749 639 1214 8493 1114 376 133 459 305 1030 1669 1847 2376 173 2271 139 1939 3557 1268 1326 1953 1398 1400 918 2476 705 389 2227 767 2582 615 1351 1048 1498 721 1402 958 1680 1015 1585 297 490 740 811 269 153 174 870 400 79 662 3341 1184 3483 147 362 133 636 275 3539 30 2410 232 1951 318 215 122 736 200 2139 537 2085 555 648 1809 359 2711 1019 163 690 4003 1214 1052 656 709 455 503 1997 816 836 1246 495 274 595 535 455 1999 953 1443 142 256 1129 763 184 115 1784 1033 7853 271 202 3531 2459 79 109 256 640 1068 1745 1476 926 2933 296 1480 195 3756 199 2609 746 3011 291 1187 3463 701 380 2508 1237 797 992 756 345 674 201 764 370 851 904 356 174 147 597 1428 1377 4091 2542 474 230 409 5367 1072 540 1394 2723 346 387 527 3352 1655 957 1560 862 1941 222 1686 3410 6095 219 558 1331 43 55 779 1587 350 646 265 400 2411 268 1203 1893 224 720 524 269 5077 1760 581 3469 5902 125 274 528 878 114 2730 1420 986 446 359 664 2288 285 2212 239 491 2551 594 1511 2382 2448 1387 1197 891 203 388 1493 845 1148 2663 610 663 557 358 479 229 262 74 889 725 884 5895 417 288 591 146 1045 320 882 184 1165 2524 3592 700 2703 399 388 190 1307 551 685 455 307 1135 739 344 461 289 725 4504 190 1605 2657 648 739 635 1159 1467 694 408 940 61 766 292 416 1519 999 165 1914 429 886 382 113 531 551 2067 3859 2848 595 1469 936 215 1248 322 2609 2568 72 445 1081 1365 122 426 1726 427 1764 1537 404 722 524 1831 1423 320 376 3063 3483 2351 2405 3782 375 3101 1488 363 3971 200 726 271 289 707 396 3775 395 144 1125 265 449 4484 2081 91 659 521 180 478 92 141 494 3043 2400 2510 2671 276 2687 1127 165 858 1513 572 94 826 1324 5234 392 701 792 329 1212 2147 1424 185 3051 951 847 1036 7323 293 1941 777 294 73 334 412 721 44
2632 1511 1230 754 1516 2998 455 1351 1187 1706 3674 251 523 1272 2494 1459 2878 3173 2293 7222 2791 971 1477 748 1351 900 6833 4407 1133 1016 899 1311 2471 2227 2028 658 885 1092 1364 2700 977 1042 5392 7756 5347 2098 2317 825 2640 4088 1710 6457 1766 7470 3504 5119 5520 996 1467 1667 3094 1153 3347 6138 8203 5756 1078 3598 987 1994 2071 1055 2340 5859 649 2994 795 3742 790 1827 1111 7432 518 3774 2458 6607 2407 6421 1666 2866 6295 2879 3893 8363 4371 909 3007 841 934 1302 1295 1103 1841 6325 466 1139 1949 590 1695 3546 2151 2639 8633 1621 1351 2301 7980 1434 1692 3316 5517 2739 816 2391 555 2797 6085 2242 1989 2335 3593 1947 3135 5193 966 427 5027 1182 3090 981 1857 1301 3528 2053 1407 1178 2347 1202 3258 453 1072 1075 1568 285 1141 276 1036 507 2450 2185 3348 1794 4727 2576 1069 3461 2109 1113 3587 203 3113 4274 6977 667 259 5167 863 559 3889 543 8012 2058 1350 2995 1182 3168 2568 760 1417 5668 1440 2407 3945 1254 1693 1689 2929 840 1534 2143 1156 4055 1158 943 2684 3872 2427 6590 1677 379 2907 1256 330 538 1949 1511 8811 1306 204 3744 2504 1596 1544 3350 4184 1384 4219 1554 1316 4030 3028 2482 1389 4766 457 3145 1551 3222 354 1451 4030 1551 1006 2644 1769 1737 1541 1744 5361 836 1109 5415 379 1844 1672 364 1725 781 876 1691 3791 6747 3064 529 1080 571 7952 2816 2823 2887 3794 674 1697 2116 3450 2622 1290 1901 1120 2977 547 3002 5320 7172 1042 1229 1935 426 729 1214 3619 1242 1483 1162 440 2451 2929 2199 3809 1284 1526 654 1070 5601 4512 4155 6143 6403 401 323 1567 3260 306 3072 3652 2688 1158 1009 1617 5040 759 3651 8140 1227 3604 3797 1678 3161 2657 1577 1868 1647 2582 1406 1781 959 1611 6792 761 1899 2277 509 733 972 635 156 3849 829 1070 6491 783 4953 5054 2205 2938 606 2337 912 1574 2633 4522 1285 3676 1166 1634 1252 1415 813 1438 2473 3471 1849 1556 723 1397 703 1004 6403 8496 4268 4838 1683 1826 1516 4313 3080 1227 1121 1559 2265 1079 443 849 2018 1093 1713 3621 1582 2448 941 1265 822 953 3142 6652 3526 3752 2013 1012 669 1453 1956 4115 3216 1829 3129 2122 1535 487 759 3921 1647 2084 2339 1143 2107 3544 4353 1610 1081 1214 3085 4510 3077 2554 4098 477 3462 1573 795 5569 1205 896 1013 434 1044 604 4081 1065 3558 1881 1876 531 7550 2104 291 878 707 276 715 1284 631 596 3285 3017 5287 4014 1870 4169 1740 538 1729 3493 880 1097 1281 1626 7762 998 1328 1080 1070 1863 2658 1880 465 3106 6226 4568 1375 7648 1152 2438 826 1169 332 1010 1500 747 1810
3514 2055 1384 2074 2307 3968 512 1577 1776 1858 4141 1993 627 1278 8774 2909 3538 4105 2410 7669 3084 2029 2100 1475 1484 1883 7165 8287 1405 1340 1694 2607 3211 2265 2224 2000 3584 1443 3623 2953 1661 1696 5876 8381 7906 2349 3320 1149 3735 6267 3403 6485 2067 8006 3735 6352 6895 1572 1893 1963 4902 1277 4779 6756 8454 7393 1396 3632 2093 2296 2598 1272 6925 6693 1854 4099 2089 4036 1485 2046 3183 8708 637 3847 3127 7181 2731 8126 1669 4137 8528 5169 4362 8603 5828 2834 3179 977 1442 2839 3442 1221 3842 6748 1930 1564 3486 1940 1715 3993 4976 2756 8747 1980 3767 3036 9131 2358 2716 6467 6591 2957 825 3942 1916 3956 7576 2900 8841 6328 4040 1983 3707 5829 1257 1893 6784 2661 3240 1122 2084 2873 4383 2697 2049 3507 2717 1451 7755 1857 1420 1322 1991 1784 1713 788 2641 2112 2452 2416 4253 2051 6422 4073 1288 3857 2210 2656 3775 1108 3182 7836 7047 2192 2163 8078 2058 832 5219 1642 8306 2926 3455 6448 1599 3735 3724 1840 2452 7778 2166 3422 4460 1437 2022 4049 3587 932 3394 6656 7030 5017 2232 1789 2767 4393 2443 6917 1735 1987 3332 4646 1295 898 2534 1718 8944 1323 519 3944 4313 1664 1599 4254 6794 2826 4812 2331 1533 4455 3673 3959 4210 7291 857 4068 1687 5784 712 5951 5209 5000 1327 3474 6768 1880 2036 2003 5593 1395 2042 8824 2771 2587 2940 1404 6797 1129 1233 2233 4109 6889 4246 1428 1473 868 8436 3293 3432 3103 4166 697 2112 2750 5219 3435 1835 4061 1487 5084 1836 8209 6840 7419 2050 2156 7050 1653 836 1641 3811 2974 2514 1433 1398 3617 4501 3485 4622 3661 1848 1042 1254 5791 4905 4311 8281 7928 1750 559 1668 5306 1188 3624 4060 3885 3698 8824 6849 6123 2887 3881 8301 1786 7498 4367 2347 5669 2947 1833 8621 3072 3580 1922 3949 986 1856 7647 2906 2272 3004 1752 1245 2150 1099 960 3874 2348 2025 7850 2122 7198 7056 2327 5720 2083 4478 1628 9794 3635 7480 1471 4232 1400 3895 1756 3164 3557 7149 3955 5241 4161 1785 738 2314 861 2176 9211 8579 6262 6359 3560 2181 1712 4604 6241 1386 1959 4008 3661 1555 1936 1631 2023 1518 2376 4124 2593 3847 1295 2174 938 1965 5520 8580 4181 6908 5341 2923 1482 2208 2475 4400 6675 3720 3642 3027 3441 1364 1680 6312 8054 3803 7579 1534 3136 6253 5798 3168 1902 1557 3711 4555 6832 2688 4486 1423 4115 1857 3226 6361 1286 2603 1138 506 1771 1823 4862 1889 4019 1883 3175 1079 8018 3031 2026 982 868 1355 2337 1808 2110 1875 6228 4715 6061 4791 1918 9124 3256 1715 1805 4056 1982 2756 1795 1684 8026 2207 3955 1272 4468 3856 4447 1881 564 3644 6396 6958 1965 9542 1254 4876 2034 1736 1038 1796 1813 1265 3547
4443 3096 2150 2326 3765 4844 1789 1906 2583 2410 9900 2349 2398 2503 9128 3503 3695 4578 2767 8426 3968 2474 2422 2300 4948 5124 8970 8544 2686 2237 4576 3175 4491 2405 2382 2299 4477 1948 4454 4604 1821 1949 7544 8455 9894 3446 3820 1859 4922 8915 3632 6977 4708 10048 3736 7592 9791 1956 2062 2793 9951 1652 4808 8533 8650 9661 1562 9732 2424 3818 9166 2069 7483 9919 2334 4619 2315 4170 1810 2293 3801 9351 1975 4341 3769 7347 2846 8659 1679 5133 9707 9146 4494 8696 6327 4622 3435 4141 2372 4623 4267 1504 4989 9068 1956 2344 3636 2174 2004 4049 6901 3707 9391 2470 5009 3330 9926 3047 4423 9596 7457 3447 4030 3980 2550 5547 9963 3523 9161 6438 4387 4986 3722 6833 1669 2439 7152 4415 3878 2161 2581 9119 4392 7475 2339 4302 4691 2699 8441 3477 1867 2105 4901 1798 2333 1904 4480 2245 2759 2668 4801 2409 8913 4083 4865 9822 2435 2941 5148 2358 3712 10034 9369 2398 2212 9787 2388 3442 7586 1725 9055 4373 3509 9171 2582 3821 4759 4014 4453 8797 2475 3498 8077 1508 2932 7944 4604 2270 3425 7448 8779 5041 2445 1828 4949 6825 3690 7635 4357 2028 3748 4955 1398 1591 3352 2885 9427 1371 956 4002 6174 2446 3817 4691 7756 4271 7351 4009 3235 8795 4880 4592 4468 9770 2004 4413 8756 9873 720 8346 6958 6010 1710 5908 7127 2308 2292 2017 7906 1475 2337 9473 3417 2660 4550 2280 9840 1834 1625 4888 4993 9413 4977 2842 1510 2094 9290 3997 4910 4293 4792 1373 2940 5196 7001 3837 1855 4253 2099 9403 2452 9849 7458 9524 3419 2281 8031 8935 836 2188 4818 3694 3693 2077 2053 3914 4532 3998 5032 3701 1997 2072 1845 6385 4972 7467 8445 9679 3913 622 1764 9530 2029 4419 4948 4164 8247 9078 8911 8661 3042 4602 8624 2123 7655 4895 2959 9285 3379 2763 9149 4137 3829 2399 8325 1309 1888 8305 2989 3804 4889 2076 1945 2556 1261 1573 4003 2845 2060 8145 3821 9043 10027 2372 7292 2131 9234 1666 9959 3742 8711 2520 4460 1652 4033 2098 10038 5005 9433 4504 9144 4665 2355 2326 2396 1602 3628 9429 9520 6945 6978 4813 2197 2213 4976 8950 3056 2489 9953 4590 2373 4830 2428 2342 2315 3045 9484 3211 4320 2190 2409 9939 2459 9487 8872 4661 9173 6469 3904 4212 4787 2545 4896 8819 4823 4166 4892 4195 2357 2488 9628 9621 3947 9510 2058 4219 9606 6304 3707 2065 3325 4246 4960 9524 3558 4710 1653 4764 2376 4133 6488 1705 2753 1881 1623 2158 3060 5935 2375 4126 2470 3409 1132 9089 3935 2438 1315 4194 1956 2469 1964 3752 2382 8241 4876 6484 5420 2464 9196 3846 2113 2252 4530 2450 4284 3486 2186 8952 9528 4994 1279 4622 4059 4782 4516 834 9694 7411 8298 2465 9976 2501 5377 2203 2279 1094 5013 1894 4744 8433

1421 34 31 112 370 1951 39 269 583 399 551 177 106 96 1539 745 453 2514 368 5943 2243 643 765 158 651 463 741 1291 339 764 25 820 154 145 1993 199 150 484 732 2227 450 232 1522 1935 1440 500 308 99 1374 3226 271 5594 462 1969 213 1166 412 204 502 253 2099 137 704 3501 1248 2389 100 302 72 350 428 97 127 939 112 144 186 1682 301 613 311 1217 108 2793 1513 1084 728 2605 1480 406 1076 524 91 3885 1580 692 1431 168 470 273 1101 190 685 1378 33 141 527 159 1083 1285 427 770 3701 659 300 127 103 264 289 1048 1192 1531 73 2190 82 1624 3255 1112 555 1724 729 1047 612 2246 653 370 1673 189 2374 396 771 443 282 714 863 883 1299 708 1560 293 253 553 378 50 144 132 367 283 54 616 2829 910 3258 67 351 100 395 125 2481 18 2118 192 1804 307 167 113 520 169 1020 418 1691 491 165 1355 252 292 624 154 456 3061 213 821 343 702 322 289 813 637 280 1061 420 207 587 437 70 1191 515 1239 121 249 460 647 162 38 1588 932 6703 236 164 3226 2032 53 26 230 386 234 1478 1370 369 2051 108 1431 86 3574 121 1929 254 2450 165 939 1631 171 345 2116 803 707 844 651 239 672 192 298 274 742 580 165 168 137 328 336 1026 817 2215 327 210 405 4199 1039 292 1186 1995 303 151 462 2852 1367 928 1444 143 401 150 1680 2941 5418 191 426 1243 24 36 762 1188 114 598 252 243 1943 51 972 1689 222 302 489 243 3595 1197 535 2185 3802 83 237 304 742 87 2207 1171 554 375 122 574 925 21 1593 198 155 1389 126 1326 2008 2436 591 762 349 191 102 327 388 629 1457 460 406 467 240 284 145 22 61 452 661 688 3979 323 215 230 102 1005 254 830 135 451 624 1229 58 206 264 363 163 532 376 393 233 147 645 723 135 346 259 659 729 156 1458 2229 576 390 604 155 1075 599 83 857 40 523 195 234 876 818 103 308 332 416 338 58 450 509 605 2831 1152 347 815 611 161 693 205 514 878 9 172 794 902 98 411 621 124 1452 861 263 315 308 1150 1284 174 209 1534 1715 1232 391 1978 257 952 674 290 2836 196 165 55 287 350 333 818 278 79 927 143 286 3757 487 89 589 496 109 443 59 56 210 2448 1794 2503 896 214 2113 1017 136 499 1054 479 83 724 735 4998 107 685 437 239 1191 2092 892 143 2011 541 784 349 6924 92 1550 735 240 7 244 408 568 25
1413 4 8 50 353 1502 16 56 350 271 543 106 63 48 1515 380 4 362 127 5098 1007 443 472 92 630 452 23 1006 234 297 2 473 142 62 862 54 141 124 599 579 369 16 38 687 198 104 248 36 46 1058 239 4483 351 807 106 796 11 97 238 139 966 51 319 1881 1139 1304 40 15 58 233 97 11 1 874 40 89 136 512 35 330 137 1134 79 675 453 143 677 2555 947 307 33 369 17 431 677 156 732 57 180 56 994 49 361 1236 30 19 475 149 977 387 362 105 3371 98 217 11 63 69 273 487 635 786 24 53 15 675 1554 905 500 799 694 903 136 447 153 251 310 41 1075 301 80 12 117 253 395 709 1294 118 702 137 164 470 377 31 63 123 105 220 17 55 2077 730 2465 29 250 41 33 121 1802 10 1302 17 922 35 53 9 106 129 589 154 1601 146 114 494 90 129 269 89 444 697 12 309 260 146 133 142 361 544 231 656 187 29 184 360 55 859 445 895 51 10 442 616 54 18 972 104 3693 129 104 284 1523 29 12 36 60 125 893 1011 2 1232 75 432 59 56 9 882 231 873 43 64 38 26 224 1132 714 696 382 642 221 185 101 259 211 591 406 17 30 30 15 213 186 666 2173 101 154 372 1577 586 41 203 655 61 105 223 679 880 659 1387 111 304 134 839 569 3458 77 160 1213 6 8 49 854 78 133 36 226 238 1 654 314 178 271 255 134 2554 240 447 1267 2120 24 166 90 308 71 1059 667 120 342 98 563 104 9 543 138 152 623 63 354 1318 1902 160 718 39 182 34 208 361 485 1241 27 5 91 198 264 22 9 34 357 183 363 1245 78 48 58 57 442 137 48 85 211 237 1133 36 79 18 26 122 386 82 209 230 63 206 459 15 211 44 613 464 41 1258 618 260 306 95 66 508 319 20 249 17 285 42 188 772 544 17 133 4 281 118 53 12 132 128 558 823 198 116 127 27 572 197 19 262 6 97 70 209 16 20 74 4 819 385 185 230 204 169 746 48 138 63 503 854 273 342 239 448 200 260 621 41 124 39 38 277 115 50 134 7 658 5 34 1425 245 38 208 94 95 378 2 51 42 721 155 1626 209 2 199 360 24 204 436 17 70 232 301 4150 21 355 169 75 749 1959 206 97 217 260 439 140 1357 91 1381 19 224 2 34 297 323 23
