500 4 2
96 56 71 75 9 60 93 2 37 31 68 80 76 49 68 91 56 52 71 78 43 21 43 42 76 28 18 98 61 45 25 75 11 11 38 39 50 29 74 13 52 10 94 92 93 30 48 77 62 84 51 96 1 64 93 61 74 76 37 100 7 16 17 97 11 43 61 26 19 8 62 35 82 18 48 52 47 35 90 43 6 59 57 74 17 67 34 9 82 24 97 28 83 94 85 49 80 97 4 35 17 52 16 4 45 60 86 64 98 12 33 18 2 83 36 47 59 56 86 95 54 92 19 59 3 69 42 88 71 33 77 49 38 96 64 61 26 25 57 91 44 75 94 93 32 85 73 18 1 49 54 57 7 33 92 94 5 47 13 11 11 72 47 23 48 17 33 90 32 48 20 43 77 25 38 44 8 58 56 71 48 38 65 15 13 37 67 49 38 34 81 99 47 80 77 40 7 67 18 8 88 48 77 38 15 95 66 97 28 95 12 7 19 45 61 85 33 92 69 20 64 14 16 11 49 82 65 78 44 95 34 90 93 87 5 61 5 67 17 11 20 36 64 29 40 8 40 3 32 61 40 9 86 70 27 6 73 38 4 7 63 68 36 29 29 46 41 1 77 80 48 81 9 80 84 15 62 6 32 8 70 57 42 2 36 15 65 94 47 20 35 54 9 44 17 54 81 99 19 49 67 35 57 32 14 84 89 99 73 86 91 26 79 31 85 19 14 34 82 17 13 75 19 43 86 87 73 37 39 37 53 83 65 69 28 50 99 37 66 16 35 90 100 38 93 97 58 71 24 26 31 27 82 80 52 21 87 75 7 55 47 38 6 94 70 26 61 89 54 16 62 84 1 22 97 89 86 46 41 98 19 68 97 100 10 11 56 98 3 31 73 66 21 90 100 17 30 100 84 65 84 1 89 4 31 28 97 16 89 1 7 41 48 41 23 52 28 93 10 86 46 8 62 66 31 78 87 28 86 81 19 56 30 13 95 77 81 55 65 78 82 74 2 17 31 2 91 23 52 13 67 42 94 32 93 97 28 100 72 26 30 12 33 74 36 71 98 28 51 94 96 43 13 60 83 75 80 92 19 8 21 63 2 2 36 76 86 68 1 65 4 29 35 87 4 7 52 36 49 87

22 5 18 9 36 23 16 5 20 30 13 28 11 62 11 7 18 15 3 6 39 48 7 18 12 32 14 35 5 23 24 14 58 10 13 34 38 13 1 17 45 20 64 17 69 8 5 3 11 8 5 10 5 9 23 41 42 32 30 37 43 5 11 36 23 9 37 18 59 2 1 48 11 17 25 3 3 16 11 20 25 26 9 34 12 15 16 6 18 5 30 12 10 68 14 22 4 19 9 3 30 57 12 11 15 3 35 21 44 3 29 48 30 32 9 32 36 9 15 14 15 16 52 30 5 25 45 10 17 12 7 16 21 11 5 55 37 8 19 55 34 31 22 6 11 27 22 24 4 48 11 30 23 11 6 12 20 26 10 5 23 2 1 16 13 16 20 7 9 27 10 45 12 4 10 27 5 61 44 40 47 8 60 22 34 22 5 9 2 3 9 26 7 39 11 18 17 5 2 33 27 41 44 19 23 32 16 32 37 10 20 40 8 10 1 11 6 9 11 21 33 57 24 1 11 5 77 45 16 2 9 41 11 31 18 31 5 3 11 29 9 3 21 76 4 15 2 22 40 14 27 7 56 23 63 14 22 6 7 19 44 65 1 8 21 30 13 19 14 32 17 13 32 36 55 12 22 47 37 26 2 34 4 7 13 3 1 6 1 16 5 10 27 19 7 2 72 2 1 30 14 20 31 1 31 4 43 20 3 33 25 24 24 31 2 13 4 6 37 16 6 23 17 19 30 17 15 2 45 36 26 5 16 15 6 39 2 21 3 16 20 41 12 6 12 2 7 18 49 26 3 37 24 6 23 15 13 1 42 17 1 12 13 3 35 5 6 12 14 29 20 10 24 8 35 13 23 10 19 11 38 22 23 12 12 13 1 4 58 16 14 45 10 4 28 17 24 43 4 14 18 43 5 34 24 17 22 35 33 6 6 31 28 28 25 3 14 49 1 14 11 17 1 12 19 53 23 20 39 52 43 53 36 14 12 15 7 5 20 6 8 17 5 18 8 2 31 20 17 18 7 19 15 30 36 7 41 52 2 12 32 11 16 16 11 17 51 17 7 41 7 21 8 18 17 30 15 21 6 7 20 57 33 13 19 9 18 32 63 33 5 10 6 5 15 45 23 12 6 5
37 30 25 17 38 32 50 5 27 41 70 39 24 79 26 35 41 54 57 24 41 50 51 59 38 60 37 38 6 65 38 23 77 38 16 53 41 20 4 57 64 20 71 19 78 20 36 24 20 11 6 46 20 32 71 55 55 51 52 47 52 45 16 63 34 20 42 46 88 47 25 54 25 21 32 35 79 22 30 28 35 93 21 78 36 68 30 39 21 39 65 52 11 80 17 23 58 42 39 6 32 72 22 23 17 22 45 44 58 7 48 66 46 53 46 37 38 37 32 51 33 38 68 38 12 47 56 30 27 32 17 69 79 20 18 66 37 16 29 75 50 47 55 14 44 85 41 50 52 51 51 46 33 31 21 38 36 35 52 46 66 22 2 70 25 46 69 9 17 41 28 59 19 44 66 53 23 84 70 52 51 25 62 30 45 28 47 29 63 30 38 58 16 54 37 22 32 24 6 41 41 49 60 56 28 53 35 64 40 35 39 79 11 60 1 11 44 16 42 37 58 72 62 46 43 30 82 63 59 6 44 47 28 31 37 50 55 6 31 39 35 26 27 77 31 23 14 24 48 55 31 32 68 60 68 21 64 39 11 55 59 78 26 62 89 40 18 24 27 63 60 57 66 39 73 19 41 53 56 27 7 44 54 26 15 43 8 38 13 28 49 24 43 24 9 73 80 28 29 40 23 69 41 14 31 66 44 41 16 36 27 34 37 86 50 25 25 76 51 39 17 48 25 33 41 39 22 41 46 61 31 33 39 31 8 40 8 79 9 36 31 83 64 21 18 21 20 18 93 53 46 54 36 35 42 46 41 13 46 72 43 29 62 4 41 25 51 47 38 40 34 40 61 44 53 36 26 32 25 17 54 59 55 14 36 19 53 30 68 48 21 61 24 45 40 81 31 44 35 68 45 73 47 43 65 46 59 61 52 48 15 45 50 40 36 37 33 74 33 34 35 17 44 68 36 55 38 23 63 77 45 61 45 25 43 33 39 15 54 30 19 18 42 26 30 55 61 79 27 22 12 56 33 54 70 23 48 53 27 18 40 25 18 45 52 21 59 26 47 47 27 25 10 20 35 79 57 38 20 37 33 63 39 18 29 19 33 57 91 36 20 61 40 69 25 60 23 22 7 9
67 62 53 45 46 83 74 30 50 63 78 77 38 90 28 82 55 63 79 78 65 69 86 65 68 66 47 57 16 74 63 38 93 67 35 80 63 27 32 89 70 47 81 73 83 71 87 46 70 55 23 59 48 43 83 66 59 78 59 64 59 86 75 65 38 25 47 62 91 51 67 73 36 71 51 45 90 23 61 32 59 93 63 90 60 76 45 60 75 40 85 53 40 83 56 36 73 57 53 74 48 75 74 37 46 55 46 80 64 49 70 68 77 72 81 62 73 51 38 54 82 62 83 45 85 80 65 59 94 38 58 83 81 42 51 89 62 33 44 83 62 73 81 37 75 87 63 63 61 80 56 74 41 62 80 73 52 75 79 60 66 85 34 74 73 93 76 51 43 80 66 79 24 50 78 75 23 93 77 59 57 56 68 66 94 67 51 31 63 41 51 58 81 55 63 54 67 67 7 44 51 57 63 63 87 62 39 88 53 40 86 85 73 88 66 19 48 76 67 84 66 76 72 54 45 42 91 70 70 48 56 60 43 38 57 66 60 14 71 40 73 69 53 87 44 43 30 51 89 58 41 41 73 75 86 46 72 71 53 73 67 82 61 68 92 70 27 49 63 87 89 63 85 73 84 27 87 58 87 81 69 63 81 30 39 72 47 62 57 65 51 41 44 79 18 83 83 40 41 74 35 85 90 34 74 82 58 68 40 61 32 61 50 89 67 32 54 83 66 58 19 65 36 77 65 40 33 48 68 68 35 46 52 89 75 44 26 83 50 38 75 97 68 61 41 52 32 42 97 59 54 97 45 61 69 65 45 50 78 80 64 31 64 76 68 57 53 70 40 40 45 66 73 78 63 37 32 69 42 35 55 71 70 49 48 31 78 50 73 64 43 61 67 52 50 86 57 73 64 71 69 91 93 58 94 66 70 70 64 53 42 82 64 55 79 65 80 76 57 85 66 68 71 92 84 73 82 77 73 84 62 66 49 63 62 46 47 29 87 61 48 29 45 52 32 84 64 87 54 23 88 78 37 58 88 67 75 73 92 81 82 70 24 59 54 34 62 55 65 57 62 34 40 55 69 83 61 73 37 54 74 64 57 69 35 24 88 92 94 57 24 84 97 96 80 69 24 25 70 31
93 78 85 94 84 96 81 76 56 98 81 88 71 90 43 89 62 77 100 90 86 89 92 81 69 73 62 97 24 75 98 68 97 81 97 88 81 36 89 91 99 70 94 82 86 81 92 63 93 80 86 83 56 63 94 82 70 83 62 65 93 90 76 75 52 25 76 84 100 73 72 99 76 92 54 89 91 49 78 37 94 94 87 98 72 76 91 73 86 87 100 78 92 83 96 89 86 84 71 88 49 98 78 41 91 73 70 91 95 84 74 76 85 76 95 82 91 51 62 95 84 98 100 87 98 97 77 84 95 51 99 98 100 43 87 93 73 93 53 95 75 77 91 53 86 98 65 70 100 90 70 93 70 89 86 88 82 91 91 95 72 91 99 77 79 97 83 93 64 90 71 81 34 73 83 90 63 96 79 88 59 69 100 71 97 74 75 70 97 92 77 68 99 91 71 76 85 74 92 89 75 98 78 86 88 83 68 95 70 52 94 94 75 90 100 36 84 92 96 93 77 83 95 99 48 65 95 89 87 69 87 76 74 64 63 93 86 99 90 54 93 87 87 96 64 79 33 82 91 96 61 81 92 79 97 90 82 74 91 85 91 84 67 71 98 75 52 83 74 88 97 97 95 95 97 94 96 70 96 96 91 100 89 70 73 94 80 64 100 85 100 41 48 93 61 95 95 51 72 85 60 89 96 67 94 92 82 75 55 79 38 62 68 100 76 71 55 89 73 90 80 97 51 85 72 87 77 53 69 88 48 71 96 91 85 90 59 87 89 60 78 99 85 84 61 94 43 81 98 61 55 98 61 71 98 67 95 87 94 82 85 63 71 78 94 84 78 85 98 73 91 72 88 97 87 96 82 85 71 77 59 91 82 56 57 67 100 72 97 77 94 85 97 81 90 98 63 98 89 80 79 95 100 60 96 74 92 100 74 92 62 98 90 81 99 99 87 87 58 90 86 78 99 97 88 83 83 100 81 89 95 89 59 85 65 92 78 85 95 61 57 56 55 79 69 90 72 100 99 24 92 91 70 81 92 77 89 87 92 90 94 98 77 71 100 49 77 99 92 86 71 84 96 91 74 98 70 83 68 98 99 85 69 70 80 90 100 93 97 76 35 90 98 98 85 75 84 86 96 93

39 73 35 32 62 48 24 19 43 30 26 28 47 59 20 2 76 4 64 56 43 87 40 14 80 37 9 16 73 13 94 46 24 20 65 9 7 42 4 20 86 34 31 19 55 16 39 18 35 28 56 31 90 46 28 26 68 51 4 13 6 2 15 15 29 22 21 78 55 17 11 32 7 23 32 1 70 67 60 11 22 6 30 13 48 9 27 10 1 76 32 21 69 22 41 2 19 17 73 17 8 2 77 30 47 28 7 24 74 23 42 29 17 8 10 24 3 35 55 5 30 38 47 64 18 6 33 24 34 2 12 33 1 37 23 4 64 46 75 12 80 83 49 33 85 69 5 33 10 72 55 46 10 5 1 1 80 65 35 29 65 15 9 43 42 33 80 29 13 69 22 7 5 3 57 38 7 54 31 64 32 19 5 30 33 53 38 33 38 29 42 28 4 53 15 46 38 63 46 30 54 76 19 57 54 18 34 80 21 8 24 16 25 24 66 73 50 22 18 80 38 59 7 16 23 5 4 77 5 23 64 32 58 12 16 10 83 29 74 20 57 25 7 2 38 12 22 9 8 34 72 49 26 26 75 4 9 83 93 10 46 33 48 31 32 11 36 6 49 26 25 10 25 31 39 46 33 34 47 2 14 26 24 13 4 9 28 55 26 9 78 2 21 47 20 50 82 16 45 58 31 16 40 14 31 84 45 85 8 43 38 50 22 79 53 35 20 77 57 32 14 21 8 72 57 32 1 38 9 22 25 49 31 28 62 50 9 53 7 74 93 76 75 11 27 61 37 50 7 30 17 9 57 59 76 29 19 13 29 66 59 3 55 6 3 8 32 39 1 40 6 34 14 26 18 21 90 53 11 39 44 7 64 16 50 31 4 27 18 38 46 38 63 62 71 43 11 36 3 53 75 83 17 26 20 5 25 75 34 3 38 28 7 87 8 35 43 5 30 4 36 57 44 4 90 75 90 38 35 62 47 38 64 45 20 40 46 52 48 5 38 20 45 12 21 44 42 9 56 51 18 16 74 75 24 67 3 25 15 57 9 18 46 38 57 9 2 12 37 3 8 6 9 55 34 30 36 7 7 25 63 78 5 98 53 9 14 16 73 32 63 2 9 13 2 64 20 21 62 57
78 81 99 83 70 61 68 98 60 56 70 44 61 97 100 83 76 83 99 99 86 88 60 75 97 65 28 37 89 62 99 65 50 59 70 23 16 68 48 58 92 100 100 94 75 32 82 77 76 54 95 83 92 83 80 95 99 92 76 19 9 88 54 24 98 45 83 95 91 97 80 90 63 63 37 52 78 90 96 29 56 26 50 53 64 97 83 88 34 82 52 27 91 69 51 100 85 30 75 95 62 48 88 92 60 95 69 35 100 42 60 56 40 45 54 56 27 65 56 26 60 51 61 100 66 55 66 35 49 80 97 43 17 40 47 76 73 80 95 53 94 98 73 57 91 96 40 47 18 75 99 92 75 36 53 86 93 81 89 34 87 70 60 93 76 72 99 53 53 97 62 87 81 3 99 87 79 96 77 68 87 70 83 100 40 74 67 39 98 96 84 34 93 91 80 85 38 69 72 58 83 93 26 74 81 47 68 97 47 60 28 19 41 76 91 94 79 23 23 93 42 100 43 54 69 77 24 81 96 60 91 50 82 30 18 23 100 42 92 78 59 100 15 21 92 31 44 98 34 37 75 100 93 93 75 79 21 96 98 50 57 61 53 41 87 53 64 58 68 75 37 59 69 43 47 90 87 44 64 47 91 79 63 48 91 27 57 80 63 64 85 84 34 91 58 70 95 22 92 64 67 33 49 35 92 94 81 88 23 94 55 94 74 89 71 55 85 88 76 40 46 27 46 95 87 38 87 45 33 22 99 80 57 67 85 81 75 86 26 97 97 77 96 75 69 83 61 65 91 36 99 14 59 64 95 65 66 58 64 78 69 36 59 36 16 50 55 93 58 48 61 74 61 63 46 89 98 92 14 49 73 100 78 44 66 83 89 45 55 42 87 59 78 68 79 65 27 92 63 74 93 85 47 69 44 78 56 94 79 42 90 49 89 97 25 45 53 15 49 29 87 60 78 17 95 98 95 75 61 68 61 67 89 56 29 50 66 84 88 57 100 74 91 60 43 99 86 66 60 96 41 82 97 98 33 93 87 38 29 67 14 32 82 62 69 83 26 73 85 87 88 80 32 75 97 54 80 50 28 37 85 89 78 99 63 81 25 71 92 39 85 90 73 64 86 83 62 82 66 78

493 2435 549 301 680 131 4025 3491 2250 152 640 2299 1023 715 4466 2918 148 748 101 89 6120 2005 1948 625 274 49 1768 748 3685 125 1599 115 1207 712 77 144 337 203 1189 141 888 3655 769 5560 528 883 3048 3292 2097 1199 1119 1103 151 508 906 1730 2235 313 214 1675 2123 91 631 4573 568 1880 1427 544 115 696 93 706 125 1130 366 140 2151 1328 117 1112 4055 562 756 136 4087 394 799 101 741 546 228 291 763 1007 1069 85 1058 3105 562 1274 1897 1168 5023 483 158 1220 331 194 7670 835 1638 1232 1118 453 1465 2616 623 1089 1080 1750 671 373 1682 2633 265 932 5864 3918 2045 1855 1282 1447 1063 4096 872 2857 1724 72 1724 630 4162 1331 603 603 934 101 772 852 20 2637 234 5292 308 1045 321 319 1952 1140 535 1471 1003 666 97 2028 465 1669 886 6544 1187 340 2427 351 4542 1064 393 318 1889 1200 915 445 4763 530 4532 264 7044 443 211 4038 1407 942 6256 616 800 1437 750 769 1500 3401 457 673 160 1366 354 3916 171 196 1531 1681 1374 3399 1823 3540 1609 775 2665 341 393 2280 661 921 641 1077 139 1188 3566 164 895 811 285 2514 159 715 620 691 585 191 301 1575 621 926 1394 3939 3448 697 429 156 1507 1739 332 214 106 419 1553 188 1214 4046 635 307 403 865 645 3034 183 380 2865 232 251 414 503 284 207 101 958 665 225 735 506 1278 555 2161 491 277 239 432 1080 937 1770 778 1504 27 537 782 1771 627 303 561 1723 408 100 1358 388 253 819 218 765 534 539 544 2665 1423 241 2182 1521 5271 444 264 2320 290 1955 5628 108 3174 1909 1523 1074 227 3229 204 276 4151 484 154 955 786 3060 2019 1307 224 965 678 2051 411 813 641 1068 211 1849 4366 1861 497 450 474 895 1581 282 462 2033 601 60 908 759 206 1366 1568 287 1734 1472 420 2248 3584 921 1274 375 306 397 3983 1418 1579 363 2535 871 1449 138 950 191 132 118 1063 489 345 3502 841 514 119 1439 1249 5244 1207 1878 4290 536 834 145 756 1136 443 2208 1191 825 101 1902 1864 1648 333 238 1873 113 2174 919 524 74 203 239 1141 437 1095 1418 1425 1846 210 498 329 893 28 355 295 1612 1466 150 641 594 3319 1730 930 1155 208 1618 229 1917 218 277 459 783 46 477 2762 254 1180 244 838 69 1571 676 514 2101 737 2869 1028 1147 1710 231 863 732 5294 2639 342 180 1457 987 540 601 797 115 1367 216 111 2238 657 2466 1391 2362 287 674 705 561 179 545 364 892 4405
1248 4073 834 3314 894 1490 6755 4362 2909 3017 963 3927 1661 1064 4584 3795 905 1641 1327 426 8092 4305 4431 3634 1454 1464 4469 2378 5109 2003 3209 756 2906 2303 2923 428 351 2100 1347 1633 931 6635 1771 7379 802 2304 4812 4515 3451 3205 2026 1447 333 1163 1069 2281 3748 933 1976 2110 2971 162 3025 5420 1804 3238 2395 1849 1943 1342 114 1030 194 1270 876 1409 2536 1746 1001 3098 5687 1740 1675 166 5292 2364 3437 122 1820 1134 331 391 1347 1058 1430 2683 3229 4356 1188 6833 2028 6400 6636 1090 689 1415 756 932 7717 1316 1805 1838 1592 1603 1466 2996 1070 4072 3919 2729 885 1150 2219 2817 272 4955 7692 3984 2784 6676 2655 4566 1498 7056 1368 3372 2219 900 3658 1088 5500 2854 2185 5270 1216 800 1474 1535 375 5623 3181 6629 399 4520 630 993 3403 1148 1125 1574 1595 690 103 2045 551 4687 3267 6997 1445 346 2558 862 6718 1786 1304 1573 2489 1416 1048 1530 8436 908 4859 913 7865 3496 777 6540 3981 1270 6393 725 1927 2265 939 2129 3806 3611 1178 1441 2501 1820 1274 4675 445 549 1987 2116 2096 3454 4290 5018 3104 1698 2739 1737 604 4266 712 1146 1956 1206 602 2624 4087 3908 2472 3165 1153 2589 935 3939 1515 1409 679 1524 558 3026 1299 1245 1588 5914 6233 3497 1650 478 3642 1942 4420 541 1087 1953 2401 333 2135 7005 3125 1098 434 1930 1373 3603 2265 2514 5430 768 420 938 1705 564 688 102 1681 1482 7384 1271 1425 2899 3418 5563 546 443 2190 1175 1770 1393 5075 1304 1672 455 915 1912 4278 999 345 1889 1843 1607 311 1616 578 1243 1696 3040 1593 742 1825 1194 2923 3268 641 2458 3482 6234 1066 449 2477 981 3780 7224 1225 3618 2060 3447 1235 1300 5189 652 526 5308 577 536 1365 1312 4902 5740 2131 2117 1640 1221 2488 952 2171 3195 1194 394 4197 4622 2352 1411 521 1256 976 3571 918 2557 3356 755 60 1081 1646 354 1573 2876 1231 8388 1629 878 3447 6751 1898 1640 3505 1298 1388 7624 2277 2238 830 3831 1111 1652 931 1216 1253 5434 193 1588 699 518 3748 959 928 2694 1654 1450 5997 1269 2494 4790 1196 2867 1912 2009 4364 4938 2381 2097 3221 136 4455 2363 3709 2011 2035 5664 6125 3538 3178 3590 3156 767 1548 2951 1998 1956 3066 7405 3201 1073 1021 810 916 916 7092 1782 3247 3467 181 1164 681 5274 2448 1002 2831 6208 2733 1104 2501 511 1522 1125 1074 1557 974 2803 705 1341 1467 1033 292 1778 1238 1171 4600 1721 3484 4291 1422 1745 3511 2046 2758 7828 5926 802 593 5393 1454 6208 8994 815 3334 1731 863 316 2699 1034 2649 1443 2835 419 1021 1064 784 813 1002 445 3856 4420
1496 4180 1410 4286 3040 2480 9197 6765 4067 3413 1251 8217 1787 1500 5512 5880 1370 1720 2023 1561 8253 6807 4979 5021 1536 1491 8024 2401 6408 8673 3985 1036 3570 3347 4182 533 671 4634 2092 4122 3431 8646 1893 8131 1367 3152 7003 8264 3801 3359 2095 1457 1264 2110 1501 4400 7619 1007 2441 2956 5566 1153 3597 7495 1820 3349 4826 2051 1978 1554 1240 1229 1221 4066 1418 2759 5654 1752 1122 3449 8297 2246 3036 972 5887 3257 4493 1980 2053 1884 754 1192 1965 1344 1650 2913 3506 4628 1772 8070 5818 6849 7281 1292 828 2109 1259 2338 7881 6386 2151 2130 2426 4248 1740 3284 2185 4607 7902 2836 1609 1461 3568 3158 1649 6254 7768 9208 4367 7744 7777 6605 3403 7062 3785 3419 8303 1608 3894 1115 5802 3015 2349 6025 1483 876 1507 2334 1984 6765 7435 6725 1403 4596 940 2208 4336 1636 2842 4664 3119 2589 2047 2161 4639 4750 6019 7797 1971 1448 3513 4085 8924 2295 2049 1934 2623 2306 1929 5628 8597 1417 4960 2653 7953 3738 1917 7629 6287 1553 6550 1195 2166 2808 1448 2951 5063 4747 1321 4557 2713 4203 4426 5165 1094 601 2137 2330 2739 4467 5462 5647 4269 1721 4042 2008 3243 5507 971 1658 1999 1675 631 8735 4181 4464 4624 3341 2190 3007 1280 3963 1889 2231 977 2495 1578 4348 1834 1270 1752 6667 7967 5323 4574 653 4057 2084 5238 776 1658 2266 3420 431 4022 7638 5424 1795 3149 2063 2117 3984 2500 2895 8999 1295 1615 1100 6426 710 1288 2606 1889 2168 8302 1387 1687 4386 4097 5926 4310 1344 2817 3274 3684 1523 6366 1591 4020 2243 1321 4937 4575 1393 1622 3358 1852 3726 2220 4635 8155 2308 5010 7267 1659 1877 2113 1241 5139 3538 1573 5995 3500 7516 2510 1992 2793 1693 6013 8894 1748 3754 2124 3478 1291 3917 8186 902 770 7692 1049 1189 2006 1786 5203 7391 3110 2534 1868 1530 2509 1946 3805 3247 1361 542 7749 5963 3429 1840 693 1833 7130 7965 1899 3239 4371 2182 1359 1529 3032 1221 4271 4175 1804 9795 1692 1263 4384 8094 2688 3275 4172 1849 1645 8783 2908 4029 1138 4449 2891 1686 2018 1284 1805 7091 2268 2486 863 1299 8439 1462 1209 8082 2619 1753 6160 1285 3887 6233 2355 3549 4057 2083 7995 8386 2853 2933 3497 1513 6345 2503 6184 3706 4046 5905 9428 7312 4699 4373 3431 1752 4581 7985 2174 2883 4180 9327 5825 2359 1993 2484 2262 1440 7693 3438 4487 3567 648 3015 3230 5578 3017 1173 5554 8227 3592 1185 3519 547 1619 1573 2071 2061 1029 3693 1062 4475 1761 1101 2003 5157 1725 1527 6720 2048 9315 4845 4024 1774 4884 4054 7918 8541 7982 1189 800 5716 5879 8181 9103 5502 3411 1873 1536 2270 6876 1607 3931 1542 3732 1646 1670 1259 2085 1805 1037 1334 4244 8151
1906 4427 1737 5034 4553 3854 9269 7592 6705 3743 1849 9686 1930 2184 8844 7917 5242 2210 2432 2037 8769 8050 4996 5797 1757 2527 8731 2501 6801 9896 4273 2041 3877 4725 4828 2408 1238 4964 2352 8640 7478 9841 3076 9433 2075 4192 8646 8812 4113 3475 4790 1944 1421 2172 5089 4901 8110 2171 2489 3621 7190 1915 4289 8864 2306 4137 4833 2458 3623 1659 1283 2044 2316 4562 1496 4160 8567 2212 2415 3773 9799 3088 3911 1023 9816 4923 4885 2116 2542 2072 2015 1798 3885 4817 2182 4602 4974 9713 2227 9598 6003 7589 9966 2497 1722 2541 1973 4431 9513 8070 2341 2476 2440 4874 1817 4162 2207 5503 9777 3619 1735 2255 4693 3556 1874 6258 8141 10064 6948 7749 9216 8472 4659 8592 4634 4340 9799 2151 4556 1883 6043 4891 4532 6170 2251 1230 1718 9958 4266 9193 8140 9538 2202 4608 1059 3572 4902 2419 3613 4893 4356 3901 2105 2209 5024 5804 6302 8789 2304 1732 3937 4118 9762 2734 2304 1964 4096 2484 5050 5944 8791 2006 8542 3332 8255 4958 2197 8216 7233 1892 7233 2286 2422 4014 1566 3959 6504 9740 2103 4905 6109 4728 5050 9842 1648 1225 2546 3160 3527 9045 6946 8454 4569 1824 4538 2488 4238 8727 1056 2050 3473 1973 894 9729 4635 4812 5936 4344 2471 3846 1775 6854 2087 2279 1998 4814 1994 6061 1979 2431 2510 7825 9035 8109 4851 947 4974 2396 5539 1079 2443 4207 4763 1511 6535 8351 6001 2137 4683 2466 3587 5039 4581 3489 9245 1437 2343 1770 7722 5700 1831 2872 2302 2516 8977 2064 2142 4862 8815 6987 5364 1661 5001 3979 4477 3943 8779 3977 4626 2360 2252 8986 4763 2035 1659 3482 2277 4871 2304 7337 9774 2397 9593 8129 1911 4045 2338 2023 9296 3869 2045 9455 4706 8494 4914 2314 4178 1840 7026 9882 1893 4913 2315 4747 1747 4035 9538 1888 2719 9738 1705 1685 2269 2209 6810 7547 4500 3548 3705 1661 4531 2757 4582 3953 1878 1513 8292 7300 4897 2500 1985 2312 8929 9640 2335 3333 4980 2293 1427 2260 3733 2107 4660 4625 2457 9802 4834 1454 4907 8743 6850 3870 4205 2066 1748 9370 4733 4539 4953 4462 3243 2422 2398 3289 2097 9686 2376 2527 1240 3572 8744 1952 2518 9815 4180 2421 7211 2597 4303 6801 3011 4006 4924 3444 8698 9701 3720 4858 4888 2269 8553 4849 9381 4967 4278 8318 9761 7419 7184 4954 3793 2027 4928 9376 2254 3698 6023 10021 6245 4463 3150 2515 2449 1789 9823 4514 4813 4110 2028 4569 3906 8403 4954 1673 7761 9673 4027 1756 4414 2213 2420 1931 3761 2143 1269 3822 4497 4968 1786 1260 2277 8181 3579 2209 8235 3181 9527 8627 4421 2626 6403 4164 8214 10052 8423 1850 1345 7460 7460 9402 9204 8992 4758 2168 3088 2359 9280 4871 4735 1919 4736 3476 4295 1323 2284 2110 1666 2276 9129 9028

299 535 163 31 656 92 3754 3456 1883 43 526 1162 186 538 1967 952 48 242 92 84 3354 913 708 563 232 19 1370 368 3432 90 716 93 417 321 60 17 179 107 489 103 799 1826 582 3846 59 212 2692 341 701 134 869 509 130 437 815 1438 1489 210 64 1171 2054 75 401 1531 408 1513 508 501 89 406 58 250 89 724 340 104 1515 1244 55 1022 3747 173 132 127 3505 336 712 89 716 347 200 15 409 784 926 58 215 2379 479 687 1509 348 1235 361 84 743 312 156 1176 251 1463 1186 790 407 1234 2068 247 453 1054 1183 116 134 1580 1806 248 641 4739 3547 617 1160 698 991 618 2366 790 1187 458 50 312 525 3128 880 247 560 877 54 299 330 9 2081 193 4981 218 395 320 239 1775 989 411 1118 561 583 46 1866 232 1592 865 4901 785 256 1272 305 4278 637 363 277 1701 1050 887 359 4623 514 1874 244 6793 365 98 3923 1298 749 5914 422 24 510 559 712 1478 3309 391 233 107 1258 272 3402 89 79 1355 534 990 3312 764 1914 399 628 1295 191 381 1861 127 732 511 779 85 760 825 123 517 412 256 1730 126 605 419 264 260 178 290 1182 614 723 1224 1799 2252 650 307 17 1026 1638 115 186 63 329 1058 148 885 3645 513 96 274 740 384 2656 52 352 2714 201 209 199 373 67 178 83 409 594 204 63 370 354 353 366 277 187 80 369 606 466 400 736 383 24 442 710 1072 573 235 551 511 375 55 412 331 238 539 167 592 496 228 363 2185 763 218 1978 589 3312 431 90 2001 91 1474 4280 84 1872 304 1435 895 182 2125 184 225 3081 394 77 953 225 2923 1270 1285 124 947 572 1659 384 684 391 784 111 682 309 1773 493 330 206 545 690 218 316 1951 544 9 528 139 202 922 837 268 1725 1331 324 1909 1448 822 818 353 218 317 3867 1313 1352 199 1511 13 1050 37 614 117 65 86 678 359 253 1566 707 406 102 1014 864 3804 888 461 3440 357 399 112 687 971 222 1334 728 744 48 1113 1691 1052 332 130 1050 54 1450 652 393 60 101 213 804 385 453 1352 1321 485 99 219 318 666 25 149 139 1520 812 106 244 552 2953 559 806 624 189 1354 179 1548 124 272 356 464 29 338 1726 155 1132 179 157 38 1459 503 250 1901 247 2608 559 290 1632 34 263 428 4352 2193 297 69 1266 918 242 433 570 114 288 88 99 1062 488 1633 285 1957 262 491 231 486 50 265 310 108 3462
141 330 109 14 94 49 1485 2336 56 18 358 516 107 466 1845 836 16 26 80 64 682 879 280 496 142 5 849 173 2001 52 677 65 319 291 34 2 93 13 37 48 262 1050 1 2975 53 146 2269 133 243 6 644 352 49 399 166 1038 964 65 8 619 1289 10 102 623 99 1473 52 424 41 70 44 6 42 280 81 39 697 116 31 378 1512 20 49 89 3258 41 588 38 76 21 189 11 69 605 873 42 147 523 118 376 1466 47 1195 181 6 683 105 146 75 194 1249 604 9 200 1120 1842 101 99 143 356 73 24 1076 384 21 232 3292 1502 15 606 548 628 353 1159 207 16 170 41 294 280 968 130 214 92 837 11 225 293 1 767 47 1533 48 52 181 84 315 979 140 1011 334 511 22 181 186 492 130 1503 661 64 804 166 3431 455 325 131 1415 488 416 45 633 430 257 7 1450 150 23 1461 941 173 4314 234 3 334 428 637 604 1011 148 181 38 485 14 2274 6 44 1133 374 242 3210 661 215 349 441 1123 51 139 230 54 250 85 452 40 80 813 19 94 252 58 933 75 387 202 186 184 84 40 477 375 497 715 202 1511 524 228 5 846 1510 26 168 29 45 18 112 389 622 81 79 207 7 98 1008 21 30 1656 91 103 12 162 61 177 80 295 517 147 9 310 155 45 216 269 57 35 338 155 186 38 68 236 14 162 46 588 282 185 341 3 229 37 337 240 198 242 51 394 49 56 101 2014 417 104 1192 315 1020 339 18 597 61 1063 2203 47 544 135 106 785 125 917 156 115 134 104 37 385 39 1378 942 717 45 592 174 1048 359 634 327 547 3 286 194 783 141 46 90 282 78 38 114 1727 182 6 456 83 152 537 151 62 289 487 271 1229 260 218 506 195 172 9 2430 741 170 184 302 5 363 36 486 62 16 37 371 288 6 812 693 163 14 67 644 2855 139 364 117 350 80 6 148 924 131 1250 76 297 29 1028 984 39 282 90 44 32 1398 45 191 32 3 106 535 256 339 404 1055 126 11 121 59 190 10 94 38 1329 638 27 22 183 2162 145 349 215 163 13 163 1413 64 146 274 204 23 279 305 85 851 1 35 36 1295 404 171 166 4 2369 50 202 1093 31 211 399 3807 284 124 52 1012 677 87 76 201 76 76 4 73 17 65 726 31 1023 6 109 99 97 11 100 104 104 1092
