500 4 2
89 45 62 68 85 43 60 18 95 98 52 2 12 55 90 49 90 20 30 77 44 32 58 1 82 77 31 35 36 84 76 50 80 9 67 62 38 50 58 13 67 80 34 26 86 61 24 51 78 86 76 48 40 15 6 37 20 3 46 33 29 88 11 51 31 1 69 23 36 87 46 25 78 6 100 13 34 13 60 13 33 56 7 49 55 43 67 16 19 63 58 19 79 61 83 71 87 23 53 59 54 20 34 46 76 43 21 81 89 10 46 97 94 4 58 49 75 59 7 42 52 81 43 95 3 45 15 62 68 48 81 51 98 44 31 100 34 73 90 6 68 17 74 42 73 51 24 97 11 4 97 14 70 51 91 60 76 80 61 3 4 30 47 88 19 16 15 24 28 76 70 94 14 2 92 27 56 16 11 99 54 73 55 43 87 9 100 50 7 66 33 85 22 43 45 62 12 17 56 49 83 16 51 42 82 86 73 13 28 64 8 19 15 11 28 96 19 43 55 74 41 12 34 19 15 70 11 45 29 50 96 21 46 59 47 46 27 11 45 64 91 62 1 88 34 21 33 2 91 59 76 65 32 68 39 45 12 22 77 49 87 55 45 85 14 84 83 30 5 96 1 4 66 41 84 60 42 19 66 88 92 49 25 77 30 10 62 61 28 97 61 70 37 50 29 30 34 93 15 25 37 27 38 49 29 66 85 31 83 91 46 29 26 51 38 30 52 87 27 25 74 55 71 65 12 87 12 92 74 1 41 87 80 54 17 4 95 52 19 73 18 93 78 46 78 92 22 13 17 7 84 97 57 68 41 16 86 56 64 8 76 56 44 30 9 61 83 100 4 99 57 82 1 99 85 9 83 89 64 87 39 60 59 25 57 4 56 93 73 14 43 31 90 51 86 44 17 35 5 40 33 63 52 61 5 23 47 19 25 66 36 32 18 94 13 65 98 36 91 80 91 61 65 57 51 25 74 78 59 4 61 6 7 93 52 13 55 75 83 41 67 56 63 5 14 36 63 54 97 85 72 85 75 91 21 72 34 65 32 40 78 44 97 61 19 58 7 34 69 87 26 31 60 9 7 3 7 28 26 75 18 9 36 2 95 81 96 54 8 22 75 53 2 96 66 51 44 100 97 28

30 45 15 47 8 7 31 20 41 13 78 1 3 42 17 28 49 10 26 54 12 8 3 36 8 2 4 1 21 52 60 1 17 4 7 20 21 3 56 27 13 41 32 35 6 41 35 2 5 31 7 39 12 65 1 10 47 12 13 6 1 25 9 13 12 47 13 41 10 20 73 22 17 7 11 9 26 29 32 27 17 1 37 8 3 78 7 3 55 38 20 4 52 4 17 29 10 12 18 4 19 2 23 25 20 8 23 11 12 32 4 41 47 2 72 6 17 29 28 1 5 29 3 14 14 38 37 42 23 14 46 27 41 5 30 25 6 10 59 17 31 23 4 23 6 24 21 16 2 2 1 40 34 2 21 5 12 11 16 4 22 23 51 17 24 9 23 12 13 8 47 75 8 22 4 34 1 16 21 63 25 4 14 5 23 9 3 13 11 58 5 9 7 10 16 28 44 15 18 42 43 31 2 62 13 32 13 13 15 28 35 23 37 19 26 22 4 25 30 27 14 5 5 53 6 2 47 19 17 3 48 16 59 1 6 15 32 27 12 1 38 18 81 1 5 7 48 14 13 39 16 21 11 19 9 24 16 32 8 8 33 23 1 47 35 2 9 2 7 17 20 13 5 32 44 28 23 13 8 31 29 17 21 21 4 24 2 17 2 35 6 31 30 19 85 6 32 37 11 4 8 6 23 15 12 9 1 1 16 3 2 13 17 3 53 45 22 3 22 53 20 2 8 46 28 3 64 7 11 8 77 10 5 1 40 6 3 34 1 11 49 12 11 28 3 8 4 12 5 6 53 11 7 16 4 14 30 35 3 1 7 8 19 1 24 13 17 3 20 11 20 16 5 11 28 4 11 38 11 6 12 8 11 8 5 10 75 1 23 3 73 4 1 6 73 21 28 31 71 10 3 15 22 27 36 11 10 45 27 26 13 22 9 8 12 11 10 13 6 55 4 46 15 21 14 41 50 32 5 2 7 68 42 12 3 3 6 21 21 5 6 24 9 28 7 32 3 3 10 31 45 19 49 4 23 19 60 47 58 56 19 9 18 5 21 16 36 27 29 20 8 36 4 41 3 4 21 25 10 10 56 36 13 8 2 13 27 13 31 26 12 22 54 21 25 70 38 11 19 16
75 56 24 66 38 34 66 70 84 25 89 45 20 52 40 33 62 35 42 65 47 48 10 38 55 7 43 18 66 56 81 52 45 28 17 29 22 33 68 61 15 73 79 58 38 69 48 28 23 43 51 91 25 69 38 28 75 19 86 18 34 48 68 27 13 52 41 47 47 32 85 56 53 45 23 70 33 37 43 71 48 37 60 22 21 82 42 38 61 71 28 13 80 21 29 30 44 15 69 18 36 37 29 36 22 13 25 22 13 38 28 69 78 11 72 18 68 38 39 17 48 32 28 39 84 47 54 50 26 18 55 41 68 19 49 54 66 16 60 56 31 41 35 54 37 29 40 30 22 21 31 64 56 8 22 39 40 14 43 31 28 32 52 65 72 51 27 76 31 28 91 77 33 36 5 51 71 17 44 64 50 32 37 29 41 35 8 63 32 65 21 12 51 57 17 68 53 59 31 58 46 44 3 63 19 49 16 15 15 31 61 38 50 51 38 33 26 30 31 52 51 58 8 84 21 3 53 52 75 10 73 35 64 14 20 28 50 29 33 13 40 19 83 20 64 12 55 44 36 59 25 48 26 25 14 30 17 36 11 11 62 31 45 88 60 38 76 35 12 46 37 30 34 33 71 33 32 38 12 31 49 35 32 27 37 46 54 40 38 44 24 53 41 36 94 35 37 42 11 29 20 52 51 58 16 21 41 44 66 25 25 23 27 46 55 54 65 23 66 65 46 17 22 73 36 37 83 31 27 33 81 63 10 53 50 21 6 67 3 41 59 32 31 52 8 11 93 32 24 12 75 15 52 43 80 80 45 53 53 7 50 54 49 19 28 18 20 10 54 77 39 17 23 37 30 70 20 79 52 47 42 62 15 40 29 33 84 5 40 5 79 8 14 45 80 26 53 45 78 78 37 36 25 44 53 39 48 68 40 49 26 52 32 22 21 38 14 16 12 59 51 70 44 40 35 46 50 40 13 15 44 72 62 49 49 29 9 28 61 67 52 73 13 31 38 51 26 58 10 43 78 42 53 35 54 34 63 66 59 63 52 56 59 24 30 55 42 42 34 36 18 38 30 87 49 5 21 35 13 18 59 66 18 34 27 68 28 24 78 41 29 24 65 44 33 72 48 34 51 63
98 59 46 90 46 56 74 76 86 36 90 58 30 64 66 42 83 54 58 82 75 50 30 70 61 65 58 44 67 70 91 53 54 41 34 40 57 57 89 62 44 73 88 61 45 80 87 62 43 75 64 95 75 71 44 50 82 54 89 24 81 84 82 63 20 73 89 51 54 43 86 73 80 77 49 91 42 43 54 74 55 59 80 23 84 85 64 43 87 78 39 34 85 74 47 78 52 33 74 37 96 49 76 40 41 19 55 23 68 96 40 84 84 34 73 81 92 66 43 64 67 63 81 59 84 87 88 84 53 25 73 41 73 65 50 82 82 69 71 94 93 46 45 66 51 49 47 41 50 67 50 74 57 40 32 63 51 51 69 69 43 35 71 67 74 60 35 86 39 29 94 80 82 60 34 76 74 50 68 80 73 69 38 30 46 42 43 84 33 68 41 20 57 84 43 68 66 80 59 67 64 90 21 81 48 71 25 18 64 58 67 87 56 53 54 72 30 40 45 61 56 67 27 86 38 36 75 64 79 51 78 70 74 45 38 62 70 63 49 20 79 44 84 91 65 38 72 73 46 81 26 61 60 29 54 39 53 65 76 34 75 62 49 94 63 63 78 52 26 47 51 36 38 69 77 40 56 65 44 51 91 45 75 76 53 78 57 51 60 70 66 62 49 63 94 64 48 73 31 42 39 54 74 78 62 45 45 67 80 60 33 76 41 53 62 63 70 48 77 87 49 75 25 89 62 48 85 33 89 36 94 72 40 70 80 32 23 68 50 81 63 53 95 82 77 19 95 52 35 40 79 20 68 89 93 81 76 67 81 7 64 59 83 58 68 70 44 84 55 80 41 45 50 51 40 80 70 81 53 57 84 86 69 42 32 61 94 48 56 28 88 43 38 45 95 33 78 53 80 79 68 45 28 53 98 65 62 81 73 55 43 69 52 70 35 42 40 56 38 91 97 75 81 64 83 50 62 41 16 63 78 87 63 58 59 56 53 50 77 87 69 77 23 40 55 56 45 63 12 52 79 53 60 60 64 60 77 76 80 81 63 73 70 32 87 93 64 43 67 57 25 44 33 91 52 13 76 71 31 46 76 74 29 54 33 69 36 57 90 62 46 28 70 79 39 82 96 53 61 78
100 67 92 100 93 80 98 99 100 80 93 70 33 80 95 63 88 89 73 92 79 92 75 100 76 70 68 88 74 71 93 63 66 62 74 65 84 91 92 74 95 92 95 100 98 85 87 84 59 100 79 100 86 93 91 51 92 77 97 80 91 94 97 94 73 98 100 71 62 54 90 96 88 89 69 99 68 49 98 74 78 76 97 90 91 95 97 94 98 100 87 98 91 87 71 96 73 72 88 63 97 78 89 60 52 62 73 39 92 96 82 92 100 35 75 93 93 84 84 85 73 93 98 97 88 92 100 94 90 62 100 82 77 73 76 89 91 98 81 99 98 78 84 96 97 56 53 51 63 72 99 94 94 49 86 86 74 72 90 96 85 43 96 90 95 76 46 87 59 41 94 95 98 68 77 89 96 72 93 91 81 83 83 47 58 66 81 97 73 88 98 44 85 88 62 82 87 94 69 87 74 92 45 95 73 83 30 88 81 94 88 95 90 71 100 94 90 62 70 70 91 84 57 96 76 94 79 84 99 53 88 74 74 82 87 73 82 87 56 48 85 48 97 91 75 71 75 88 70 94 68 62 75 81 88 64 83 66 94 86 85 80 66 95 64 67 93 90 84 57 81 77 69 99 94 63 94 100 67 96 99 59 77 94 75 93 85 78 79 83 91 73 85 84 95 80 80 73 90 59 96 55 91 83 74 100 58 95 100 93 40 79 97 63 77 91 79 58 82 90 51 100 50 90 76 61 88 59 96 56 94 79 100 77 85 49 65 68 54 92 79 71 97 96 77 86 97 82 84 62 83 25 96 92 97 84 79 85 100 17 97 86 94 64 97 75 74 87 100 91 92 98 100 98 94 82 75 91 55 82 84 95 86 50 42 79 96 97 64 70 95 72 81 86 95 64 99 92 89 86 95 60 54 67 99 77 81 93 90 56 71 81 72 88 35 71 88 75 94 92 98 80 95 82 95 58 71 68 64 95 79 92 82 92 65 80 55 98 84 92 96 82 38 76 94 91 80 76 46 68 91 70 80 73 89 77 87 81 95 96 86 80 70 70 98 100 96 59 79 77 36 99 48 99 72 44 87 90 91 48 96 85 87 91 54 95 92 82 91 66 51 86 87 87 72 99 100 92 71 84

65 58 8 81 22 53 5 32 68 5 13 4 48 15 62 54 10 15 56 43 79 44 65 17 17 36 46 33 27 5 1 40 40 41 10 30 6 43 30 36 52 11 21 24 10 39 9 18 56 55 50 40 65 3 66 27 4 18 40 59 50 19 10 23 24 54 77 9 19 61 16 12 40 25 23 5 8 30 14 86 41 8 14 14 54 12 12 1 31 75 32 14 57 40 23 8 1 30 23 51 29 38 22 69 64 59 28 3 57 28 12 67 7 2 4 13 24 1 23 15 28 3 42 45 11 41 68 17 10 10 37 67 20 89 83 9 27 33 58 5 19 70 25 33 55 31 40 4 73 7 9 45 53 57 90 29 22 50 10 58 23 34 19 5 7 29 19 5 7 58 66 10 29 49 43 8 7 34 16 8 9 74 3 9 17 46 29 11 28 33 9 26 16 1 32 30 53 8 31 18 4 27 30 4 3 49 54 2 43 32 27 94 7 26 26 28 93 27 62 38 10 15 25 16 51 13 46 70 39 29 55 7 11 39 66 18 50 54 24 18 90 47 16 44 25 31 14 13 13 70 42 82 58 28 2 26 95 65 22 31 48 5 29 4 38 12 83 29 8 49 15 50 73 31 4 53 18 61 51 6 33 43 3 73 17 10 13 55 28 7 41 56 21 13 20 6 4 82 14 32 88 68 1 27 34 56 13 54 31 64 33 1 75 16 83 54 34 17 7 18 32 19 13 21 63 5 78 19 14 30 25 7 35 14 24 34 36 45 49 14 23 55 55 51 37 21 20 40 26 3 30 24 6 10 3 19 3 26 75 54 46 1 20 38 12 78 58 40 35 1 63 22 40 6 80 66 14 23 72 76 36 46 80 25 65 30 47 38 48 25 11 38 21 84 48 2 35 41 4 1 70 19 7 30 9 58 12 50 39 11 27 4 28 55 33 16 49 2 64 21 2 26 79 41 22 16 31 44 9 11 9 18 2 28 66 20 5 28 33 45 25 37 53 41 46 68 7 32 1 65 52 15 1 22 8 4 4 82 3 26 39 18 73 21 3 4 30 68 10 30 36 8 11 35 66 34 48 69 72 57 64 51 59 64 39 29 13 51 67 10 51 14 48 11 70 12 36 24 21 47
67 66 37 98 37 86 86 100 96 15 21 19 75 17 67 100 94 73 80 60 85 45 68 60 82 47 88 36 57 40 38 58 100 54 59 78 34 71 31 71 89 38 78 51 63 74 95 89 85 67 60 64 82 93 99 64 47 32 41 71 72 23 93 49 31 88 92 82 76 90 42 85 80 25 60 86 67 77 18 87 60 55 37 50 54 38 67 44 96 97 95 68 83 69 65 40 50 31 99 75 30 42 86 75 90 70 78 39 65 78 52 95 93 95 24 92 66 7 53 33 70 12 81 85 68 42 92 22 26 23 50 71 30 98 90 68 80 37 97 29 83 80 48 76 59 43 41 15 99 96 26 75 85 88 92 81 81 69 20 100 92 43 22 29 16 99 56 5 35 92 90 21 79 69 65 35 77 88 51 37 19 78 89 65 22 50 99 63 31 41 19 40 89 68 39 90 81 49 50 24 19 30 42 26 33 51 87 17 85 46 100 95 40 29 85 100 95 35 87 79 66 57 81 25 95 92 88 74 51 36 96 65 79 79 75 21 72 97 63 29 97 48 49 70 68 39 27 71 26 78 88 94 82 86 69 89 99 77 88 42 73 8 50 86 93 52 97 83 31 95 43 82 76 64 41 100 93 79 65 40 78 57 46 85 88 46 58 71 67 39 53 89 70 83 43 86 32 84 24 45 92 82 75 94 45 85 57 96 92 85 58 64 89 99 97 85 44 41 85 83 50 34 16 31 91 29 87 43 76 76 92 22 48 32 89 57 68 59 80 96 64 62 64 70 39 54 87 60 92 62 85 73 64 94 26 96 82 74 88 84 83 17 92 62 93 98 67 62 82 88 67 45 46 35 91 81 28 47 87 94 100 57 94 60 92 74 56 93 67 63 68 40 51 91 59 61 75 59 34 13 90 60 43 46 16 100 49 50 64 56 85 69 84 73 33 92 75 19 82 95 2 68 81 92 35 35 36 91 28 57 44 37 99 32 68 78 92 93 95 59 95 80 54 80 91 89 29 58 96 76 59 49 10 35 10 51 67 88 49 41 76 36 100 76 16 51 90 78 85 54 86 63 54 86 99 43 50 95 92 64 78 91 81 92 69 64 73 67 73 95 77 15 50 14 73 87 68 59 29 93

4611 990 494 621 1653 589 917 63 189 193 2783 1254 2308 938 527 1404 1709 465 795 398 317 903 174 344 281 467 2259 951 557 209 1326 1600 1883 1820 754 332 1391 2828 377 2316 1573 652 5052 538 2906 155 587 3988 93 3159 326 583 853 1785 341 968 445 618 1891 3398 1444 1896 1484 1554 253 841 195 1474 130 3628 2552 500 261 181 733 209 2057 110 1432 723 126 1702 402 2053 171 873 890 5056 906 367 2230 1038 2277 148 2049 908 287 243 177 201 350 2031 1817 929 120 2009 4323 825 1199 496 1016 712 2071 128 3001 355 192 443 971 3055 501 354 204 1340 1671 380 1279 162 3032 270 321 632 609 369 1263 933 377 543 433 3437 1354 721 188 4307 1284 113 1179 369 204 531 476 36 3387 1661 978 2725 327 1061 273 2242 1100 125 1475 248 398 3396 497 1367 536 658 116 2343 1123 262 1790 1345 670 245 1789 676 1062 406 594 1087 343 575 2552 439 2221 1669 2149 185 142 2506 723 295 236 535 575 64 83 136 143 1784 1164 2822 1263 624 1433 1188 2180 1667 536 1388 1648 1673 783 469 1476 3318 317 322 210 2240 420 2054 327 2513 950 99 2052 281 1482 2867 179 200 102 626 117 343 365 1750 1053 1300 346 1727 643 630 356 488 845 111 197 463 692 816 2486 842 1910 263 369 198 3296 474 2033 4598 463 5257 754 160 1255 132 307 3108 1787 105 206 2239 4492 793 219 861 760 1300 681 5918 1196 1753 1793 527 1168 511 1537 689 487 379 4673 2938 1430 735 101 307 372 705 237 1122 1648 612 1337 2286 621 388 2978 3281 512 1401 144 1120 286 1675 152 4494 623 560 691 305 889 833 187 494 398 1013 1588 2808 2541 1872 1308 1851 1054 1051 281 1335 113 111 1673 468 3515 385 3521 982 254 1147 2104 851 550 1049 1148 3461 1053 3144 976 83 1092 3304 72 1655 2697 538 2683 5687 596 1640 860 441 118 347 4068 997 410 2186 1181 944 2304 162 70 1619 594 198 1378 224 1283 2896 1126 157 4687 496 1190 446 2744 254 1114 754 970 1211 225 571 2080 713 738 810 1372 1446 747 2049 2572 794 1894 3661 1119 422 1062 977 768 68 1815 661 809 2648 8106 1818 294 640 543 2493 639 1270 960 1954 347 965 1448 3579 901 41 3698 158 268 340 1719 262 666 350 246 1032 1618 354 325 1595 844 503 2637 113 1145 145 716 2918 1999 62 327 371 1335 1056 420 113 809 1534 836 148 97 1041 22 880 525 1552 340 207 125 429 712 2593 2286 444 417 554 132 255 2303 800 843 573
5035 5916 593 701 3063 6694 2716 862 784 6349 3032 3459 2806 2204 555 4307 2078 599 1522 1088 941 3900 3515 683 819 898 3796 1162 1460 1949 3480 1672 5865 2606 1795 2493 1999 6999 798 5974 1857 912 7148 1860 3050 1112 2013 5505 3280 4687 1869 1385 1757 1820 2421 1865 3349 1573 2585 3969 1928 3939 3999 2722 438 5274 253 5840 1068 4083 4119 1721 386 1449 1575 1225 2500 1521 1838 1603 582 2733 425 3214 1119 953 1126 7299 1758 1960 3108 1717 2496 430 4154 2026 440 1343 1227 797 1321 4212 3539 1166 1164 2403 6848 899 2064 901 4188 1234 2417 325 3273 2835 745 965 1326 3318 913 454 439 2476 4749 649 4125 565 8567 366 555 1121 1123 3411 1313 1087 757 1335 521 6374 2768 732 725 4794 1306 899 1613 774 394 2064 1261 1995 3765 4288 1412 3228 624 1155 944 2747 1106 454 4779 817 2086 3493 1131 1731 1004 1208 505 5749 1592 418 3276 3254 5169 5103 1898 941 1265 1037 2303 1843 404 1429 4936 1055 4295 1970 3224 396 490 3074 785 2154 891 745 1181 1224 319 1815 2145 3100 1203 5903 2371 2290 2694 2466 2659 1815 1202 1477 3584 2037 3406 634 2589 3394 906 958 1143 4589 2338 3257 1451 5651 1514 2224 2082 1475 1683 4093 398 451 1853 754 711 981 518 3666 2630 3123 1987 2817 770 1242 1113 850 2356 5149 520 874 1082 2264 4149 4473 2427 2071 420 1337 5401 631 2214 5309 1291 7483 7542 652 6758 158 636 3182 4223 2097 440 2773 6051 915 667 1686 827 1728 1246 7099 1948 3199 2073 6511 2091 1062 1769 1246 533 534 6429 3803 5684 3888 176 515 1080 1818 2773 1165 2729 640 2286 2512 2374 571 9327 3494 4545 1567 167 3621 1478 3259 373 4883 1312 619 1208 932 2694 1093 663 1169 1981 4354 3889 3189 2679 1904 4089 4119 1103 4610 1771 2095 492 877 3150 515 3679 1016 4204 3110 767 2334 2928 1500 1387 2095 1893 4956 1183 5210 1627 730 3657 4976 3557 2049 4904 705 4294 7082 1275 2140 1471 877 1623 778 5068 1803 1775 2419 2308 1097 3303 823 464 1765 6157 1303 3589 1337 2156 6674 6332 2114 6257 1702 3889 832 3045 593 2579 1799 1764 1682 309 1583 2770 2175 1920 972 2394 2359 1274 2115 3271 2593 2169 5131 1973 922 1899 1923 961 1949 3083 1484 1786 3323 8122 3081 894 2806 3800 5784 665 8313 1620 2424 747 2732 1593 5858 1182 564 4527 1626 975 447 2423 1264 682 1171 613 1100 3331 5799 463 1632 1482 1760 3401 609 1798 186 1464 3925 2814 334 1205 3472 2207 4448 1059 114 868 3007 1218 2246 768 2125 166 1418 1414 2001 1193 2312 1035 1478 856 3873 2330 741 797 1076 563 2072 2477 2650 878 1672
7056 8281 966 769 3860 7573 8541 1704 1688 9736 3722 8440 4737 7773 2181 5614 2199 1813 1607 2318 4716 9687 7051 2415 1883 1017 7452 1984 1982 2361 4894 2892 9439 3238 4318 3946 2151 9283 2001 6694 3607 2574 7298 1937 4338 1141 2144 5923 3456 6285 2909 2008 1918 2152 2463 2019 4528 1943 3404 4674 2003 5357 4830 3785 5918 5666 924 6020 1634 4569 4892 1900 650 1499 1582 1564 2799 1533 1925 3198 2328 3597 803 3894 1335 1676 1687 9124 7762 4874 5796 1815 5147 1086 7844 3273 857 1785 2098 1940 2001 5994 5612 1751 1378 3078 7188 1741 2902 1144 7144 1897 2538 1373 3877 7535 1180 1572 1377 3451 2394 618 4290 3365 6548 1168 5529 2486 8983 1301 773 1178 1630 4126 1610 1973 3514 2132 1081 8080 7172 1740 2799 7259 2319 1918 1842 1285 1182 4212 2131 6221 4206 5531 1675 7211 1706 1437 1538 3613 2434 484 6290 1748 2967 3775 3370 1787 2364 1452 1807 5827 2656 1778 4818 3940 7330 5541 2630 8420 3171 1573 4716 2619 650 1792 5382 1639 9325 2355 3401 1217 669 3529 958 3044 1585 924 3013 2141 1194 2706 3042 7788 3934 9302 2567 2807 7553 3161 2661 2173 2109 1507 3937 2750 3785 931 4302 5247 1149 4438 1376 8498 3177 3715 2233 6394 2033 4413 2535 2117 4340 4278 1816 2405 2735 1970 936 1037 1959 3676 5032 5790 3591 4277 1432 1856 2284 1209 4597 5471 1463 1125 1441 2381 4360 4538 2814 2252 1184 1468 6465 1428 2323 6210 2234 7551 8539 1524 7949 934 1465 3316 7820 2704 1785 3397 8501 948 1438 1866 1503 2053 2168 8079 2003 3879 2417 7883 2093 2391 2715 4161 1252 1965 7936 4492 7527 4865 1052 1751 6395 2034 3720 6216 3860 1290 2544 3456 3864 875 9510 3899 5413 1694 2890 4207 1892 4599 1115 6791 2253 3365 2046 1238 6360 1626 937 4191 3604 4807 3907 4512 3409 2795 5843 4491 1346 7160 4065 2152 2533 1101 4594 1154 4222 1583 7298 4032 2384 3797 7855 1628 1523 3981 3352 6831 7300 5472 2180 3521 5100 8305 5031 4125 6891 909 6496 9348 1278 2424 1733 1300 2092 1387 6338 2034 1911 2828 2339 4093 4551 4556 1596 1892 7921 1307 5434 2040 3571 6812 7141 2388 7328 2546 6438 1421 3095 1022 4101 2098 2151 1702 1840 3412 4250 4210 3383 1009 4705 4762 1322 3085 3459 3813 3819 7127 2811 1164 2732 2801 1752 3461 3203 1920 4784 4709 8157 3682 1317 4291 5242 6474 1231 9829 3289 3233 2367 3489 4778 8181 1783 1387 7666 2322 996 1172 5261 2742 1953 1750 1668 2078 4287 7642 1024 1800 1984 2998 3522 1115 2179 450 3150 4347 2907 514 2045 4166 3450 5021 3383 513 968 3250 1551 2433 3068 2321 1871 1682 2346 5633 1385 4685 2470 4362 2518 4761 3095 1986 1853 1164 1435 2260 3615 3569 1533 2142
8389 9417 2114 1278 4613 8628 9196 2013 2262 10089 4402 8484 4998 8016 2746 6867 4043 2353 1851 2390 4920 9715 9448 2491 2552 2154 10015 4796 2079 4038 6753 4643 10019 4900 5127 4229 2415 9757 2557 6940 4000 3837 8513 2119 4662 1576 4536 9926 4172 8125 3504 2791 3372 3420 2464 2093 7940 2258 5189 6804 2324 9161 7545 4492 9316 7729 2179 9560 2416 6520 5523 2262 2827 1976 1855 2111 6405 1875 6951 8104 5027 4163 2376 6878 2504 2271 1762 9438 8099 4912 7677 2123 8299 1860 10031 6690 1686 2445 4104 2268 2553 6217 6259 2402 1521 4043 9876 2544 4421 1366 9984 2569 2612 1574 4264 9718 1497 1880 2275 9754 3248 2339 7115 3910 6928 2043 9490 4301 9341 1530 4161 1255 2298 4210 1749 2375 4822 4295 2117 9871 8922 2007 4486 9805 2562 2371 2890 1676 1401 4591 2587 8555 4836 7087 9888 7937 2010 3987 2203 4447 2502 2503 7953 3708 4633 4696 4667 2250 5411 2047 3493 9706 3179 2058 6752 4855 8157 8138 3378 9134 3930 1946 4946 4948 2108 2030 9710 2387 9753 2407 3650 2366 1418 5036 1719 5586 1857 998 9875 2460 4986 4792 3379 9427 4081 9651 4260 3834 9026 4190 3226 2227 2340 3783 4935 3631 4899 1376 9199 8484 1628 4855 2410 8889 3662 3892 2395 7222 5291 4924 3455 4314 4708 6473 1940 4289 3372 2257 1793 4562 2009 4076 9225 7866 3883 6511 2101 1971 4949 1357 4788 8804 1734 2126 2433 2449 4808 5418 3943 2370 2330 2353 7457 2272 2399 7697 3795 9080 9586 1669 9731 1535 1926 3835 8175 4298 3606 4914 9634 2398 2358 2299 4736 2142 5944 9500 2056 9746 2500 8653 6024 3353 5032 5009 3448 2472 8523 4713 8412 8125 2433 1887 7225 3240 9077 9745 4765 3613 3759 4066 5046 1531 9797 4516 7592 1815 3987 4670 2020 4971 1486 10024 2333 3496 2294 1353 8646 1950 2425 4489 4035 6367 4023 4685 4898 3109 9893 4696 2165 7651 8809 4849 4630 4101 4693 1748 4839 1846 8852 4443 2512 4266 9906 2113 2943 4872 4982 7342 9397 6239 2544 4579 6550 8585 6286 4872 9948 1622 7595 9637 1827 2819 1979 2480 2512 2129 8189 2147 3556 4845 3622 4135 4887 8649 2497 2012 8827 2285 5569 4349 4117 8295 9582 4233 8466 2548 8209 1814 3410 2424 4757 2686 2275 2052 2043 4318 4512 4833 3752 1897 9842 6178 3749 3238 4932 4844 3999 9172 2897 2276 3755 4838 2037 4547 4743 1982 6400 9496 9153 4277 4071 9044 6060 9001 1534 9906 4079 4310 2500 4548 4974 8512 3496 2284 9987 2398 1760 2522 8381 7306 4789 2030 1852 3625 4421 9821 1469 1856 2325 4106 4772 1130 2232 1187 4051 4640 3471 1634 2173 4638 3708 9399 3462 1458 2440 3889 5361 2471 4510 2338 2311 2191 4543 6817 2408 5936 2488 4465 2555 9567 4778 2893 2325 3320 2230 2389 4126 7643 2025 2391

3120 971 198 445 1113 434 622 37 88 103 2529 623 1714 585 363 446 1524 429 691 50 305 403 139 292 198 435 967 498 311 176 1020 1559 298 1301 321 284 587 2233 193 1568 1172 593 5026 449 1863 96 282 3795 79 2917 131 405 414 738 214 719 159 612 885 1105 1166 706 436 374 223 618 164 1087 85 2714 2270 301 151 132 714 161 1270 86 342 268 120 1180 374 449 170 612 767 4648 621 146 1600 405 832 106 1475 179 251 165 165 181 195 1757 1541 879 74 1121 3315 565 823 210 383 706 1546 17 2434 318 144 386 904 2952 454 273 192 755 1187 238 1257 137 2647 257 80 620 590 362 89 614 162 379 253 3113 837 524 73 1315 1130 75 971 170 185 490 474 26 3193 874 788 1485 247 251 127 531 798 113 1151 246 178 2721 346 1275 296 655 47 1391 913 164 841 1161 613 183 1484 547 578 357 391 915 53 357 1447 393 1828 176 1512 109 120 2171 206 255 190 210 529 47 55 58 141 1558 786 1592 1202 455 1301 733 1214 130 118 1316 1291 1649 656 351 1092 2429 171 284 168 1634 368 1910 264 1452 150 93 1936 268 896 2839 172 118 93 575 32 276 339 1118 559 247 193 1284 617 240 228 234 821 32 98 202 438 750 743 504 1875 160 179 131 445 366 1380 2775 232 2419 597 119 1222 127 214 1621 1642 43 111 730 1896 719 167 743 559 1221 486 5764 510 1617 1468 329 258 207 1482 270 395 171 3480 912 1388 543 90 303 255 626 139 501 1412 586 954 2060 511 171 2569 986 368 1304 43 1022 207 866 146 2182 441 478 458 174 366 802 156 330 319 801 1010 2130 1924 1709 921 1419 668 695 207 1327 83 71 1434 277 3239 260 3507 405 26 575 1027 741 516 784 715 1709 615 2280 847 51 611 2293 65 1165 1349 496 1132 2045 565 1396 759 247 113 200 1660 853 362 1045 943 882 1765 104 52 823 257 125 1285 167 651 2075 1063 114 3557 387 358 201 2616 253 954 365 557 1129 166 530 1800 656 611 238 930 1241 728 1741 2377 787 1553 3351 893 239 499 571 664 63 794 505 48 1363 6278 889 219 520 275 1841 397 1175 686 1051 209 963 815 3467 719 26 2116 91 114 168 1643 154 543 331 116 1000 957 315 283 672 461 499 2617 78 511 48 317 2067 1004 32 174 182 1029 249 385 66 700 1457 690 136 74 670 17 409 470 1313 335 185 80 414 470 1732 581 433 44 293 102 209 2289 666 812 364
564 463 152 335 819 419 150 1 11 88 851 413 1352 59 291 417 77 300 479 35 159 197 20 211 92 91 96 310 267 32 915 435 243 621 24 30 297 773 148 238 635 547 3863 406 567 63 45 2219 55 1458 110 169 126 399 198 665 6 81 173 147 829 606 383 122 46 452 57 631 20 2623 2074 232 140 101 432 148 291 54 315 37 98 1022 149 8 50 580 5 1009 465 59 1368 392 164 76 1148 62 39 14 13 25 192 1326 1535 376 69 496 2211 241 507 113 80 245 1186 3 522 265 94 174 722 750 75 209 135 128 912 59 181 131 59 59 4 101 574 276 12 342 72 326 49 529 439 318 14 298 13 12 683 169 108 346 14 11 1438 697 572 1064 84 130 65 408 233 60 673 154 3 2256 38 963 166 394 3 1242 239 1 241 750 405 156 659 114 494 336 24 279 8 141 372 363 1432 62 678 81 13 1020 174 102 121 18 426 39 54 4 93 256 27 504 393 335 687 425 1002 110 91 620 448 32 99 171 944 1384 94 175 106 75 44 1716 6 750 71 24 829 138 597 1966 92 87 9 549 10 31 158 666 288 82 109 20 530 59 99 77 456 20 59 51 348 463 141 274 290 111 95 51 156 350 858 1762 34 1731 385 84 411 50 160 1105 908 25 69 691 1263 297 69 465 214 908 129 2284 104 125 847 225 208 49 97 63 142 71 557 455 301 421 73 139 245 211 81 361 774 495 767 287 309 48 2497 522 311 634 14 345 146 224 60 1754 316 56 189 95 207 398 127 173 65 199 488 932 1424 615 393 1000 211 313 142 565 46 11 959 117 265 202 2232 245 20 19 580 274 105 132 86 981 106 1192 7 29 246 2009 2 224 1251 129 382 1683 34 75 445 34 97 79 1039 134 277 339 234 47 168 37 11 804 163 62 373 36 464 352 644 70 3342 234 100 25 2084 171 22 161 84 238 64 209 2 446 192 7 40 1220 179 1576 1340 632 910 294 23 52 328 370 475 53 438 70 36 70 3425 382 115 336 235 255 223 747 549 387 59 140 214 852 651 14 1227 77 60 4 1006 7 390 225 46 325 273 230 174 327 215 490 621 43 81 35 110 86 355 19 51 10 59 214 368 4 369 1015 618 20 70 202 16 7 345 53 166 122 12 25 16 1174 97 343 19 73 3 196 814 500 123 344
