500 4 2
4 2 9 40 15 55 7 85 81 59 5 74 37 38 28 17 45 13 67 80 46 17 87 6 62 44 51 14 86 53 69 34 38 6 100 44 18 88 96 79 10 22 5 24 100 31 18 50 12 83 40 100 14 45 79 89 82 11 6 33 36 86 40 50 82 58 51 90 37 97 31 43 23 79 56 21 5 54 29 90 69 70 7 65 10 42 3 98 89 70 31 54 69 18 15 54 64 11 59 44 44 55 81 19 8 17 32 82 50 63 71 73 68 57 33 73 60 55 16 83 33 99 69 53 83 53 45 91 86 94 4 57 20 51 97 85 46 57 93 41 31 74 53 52 82 84 95 58 19 68 9 83 83 10 71 49 11 78 99 76 67 4 37 10 9 55 19 9 29 89 32 97 64 49 99 66 94 10 36 9 61 69 45 88 84 43 57 58 86 10 92 63 27 47 19 34 2 24 32 59 91 62 66 67 7 83 21 23 81 22 86 14 98 61 22 13 14 15 52 50 55 35 8 51 30 94 86 11 31 19 95 16 60 30 30 87 45 48 99 93 33 57 29 25 51 100 75 13 7 91 57 24 7 63 85 35 47 70 99 82 17 79 47 34 80 15 54 93 91 93 31 74 65 47 25 59 31 51 24 34 33 67 15 11 45 68 13 28 58 95 89 20 90 36 51 55 97 39 86 86 81 63 1 1 18 43 83 17 25 37 97 21 44 95 95 59 23 42 41 78 20 21 93 26 4 9 74 8 13 89 66 50 49 50 33 46 20 96 92 45 88 37 56 42 62 37 19 33 50 55 93 28 11 36 94 49 53 71 39 87 23 50 60 17 61 25 28 18 95 27 26 59 75 58 84 46 19 62 84 15 80 4 17 68 27 68 33 3 99 76 51 86 92 40 77 47 52 35 54 20 80 42 46 15 25 65 64 100 99 76 56 87 32 8 66 37 24 71 42 55 2 34 73 88 38 77 48 38 44 64 61 45 64 55 18 93 84 68 86 91 95 29 59 83 50 95 14 32 64 23 47 21 72 66 89 62 21 77 68 86 22 54 23 84 14 19 47 33 9 77 37 82 10 26 51 60 88 78 27 9 85 23 41 61 92 85 78 82 14 66 84 71 1 50 64 94 81 74 95 95

16 11 5 39 47 58 2 17 38 30 58 1 6 6 12 4 7 15 1 12 3 33 19 15 9 30 13 33 15 9 7 8 18 2 33 27 7 9 6 58 7 2 26 9 4 35 3 21 15 53 27 14 1 17 14 7 17 13 13 53 3 43 38 22 4 42 39 18 3 50 5 57 9 12 19 11 22 4 11 21 4 13 15 17 69 9 11 34 67 11 20 24 35 38 1 3 17 5 3 57 33 19 12 6 2 15 5 34 8 7 35 50 64 12 7 18 11 24 2 5 9 13 15 13 31 3 11 8 17 3 10 16 7 24 26 2 24 23 31 5 25 16 27 1 54 60 4 27 12 8 42 17 73 35 12 44 39 12 16 33 18 25 16 18 6 7 5 25 2 23 3 4 7 27 11 25 15 20 9 34 24 3 13 21 8 55 13 11 46 29 3 4 19 4 4 20 42 47 9 6 54 44 36 7 19 26 51 32 25 11 29 24 17 61 25 17 1 10 20 9 31 14 63 19 12 8 6 10 8 26 53 5 36 28 12 4 17 29 12 4 10 8 3 18 13 14 31 3 3 55 1 43 12 31 10 14 11 10 65 8 4 53 41 59 2 2 16 34 5 25 27 7 3 49 10 39 17 32 5 19 28 25 39 17 63 8 41 12 9 28 6 48 17 25 47 13 46 9 3 12 2 8 25 25 51 24 3 17 2 14 29 15 7 17 19 7 39 34 8 21 24 54 19 39 3 44 23 2 11 13 23 21 18 9 2 8 40 8 15 9 8 17 39 25 18 2 35 18 1 16 16 2 3 7 50 17 3 16 26 4 55 48 26 22 19 36 1 1 49 15 4 27 21 12 25 6 10 34 10 9 13 23 15 18 36 5 72 12 17 59 14 18 1 7 24 11 46 38 3 22 2 34 80 42 5 34 64 22 61 1 21 36 32 2 30 31 51 4 29 6 7 18 9 54 4 3 11 30 50 37 32 16 7 41 6 7 1 32 50 22 32 10 7 5 46 9 68 3 33 4 6 3 10 43 15 7 12 3 10 14 5 17 13 24 42 44 24 4 41 21 5 17 2 9 40 6 16 4 34 12 26 21 13 3 24 12 12 17 13 6 23 2 22 39 3 8 42 16 10 2
43 18 10 54 82 63 38 22 65 74 73 28 58 19 19 9 20 34 14 27 31 53 36 46 14 41 14 56 28 50 45 41 76 7 46 79 22 23 10 74 9 63 41 32 38 87 9 26 18 78 34 42 13 54 19 55 50 60 21 77 36 55 41 58 30 44 41 26 5 57 54 61 65 45 47 84 90 42 41 45 20 27 15 68 76 19 26 45 69 66 44 37 41 42 5 42 77 9 19 79 37 46 27 27 8 21 42 49 8 58 46 56 76 30 15 32 66 25 5 18 25 51 39 14 60 24 42 11 32 10 23 68 59 71 73 26 40 48 47 13 71 26 59 51 73 72 30 50 74 40 58 61 75 48 48 56 67 34 18 54 38 44 17 67 21 32 5 40 75 41 13 30 23 54 13 58 70 73 33 54 73 8 17 27 9 85 23 54 85 74 16 39 57 12 55 35 57 66 9 8 58 49 71 24 26 47 82 63 29 62 31 35 50 67 42 31 13 18 62 9 64 37 76 21 15 38 43 71 34 31 85 12 55 32 19 11 48 51 24 8 53 24 38 46 61 20 33 21 17 58 10 43 70 69 12 45 17 17 85 15 5 53 54 60 17 31 19 51 48 43 56 21 39 61 53 79 44 40 17 53 43 38 43 55 87 28 63 29 35 54 10 53 20 74 48 83 48 15 37 49 24 24 40 26 65 25 62 23 13 15 46 74 13 32 45 39 43 39 63 24 32 86 32 56 27 45 24 8 64 34 45 44 75 9 64 18 46 25 23 31 17 54 51 25 44 36 52 30 31 34 24 3 29 9 71 39 34 17 47 16 68 52 44 22 82 79 19 43 70 66 13 30 57 41 62 24 23 46 23 42 15 26 17 66 59 19 78 43 50 78 24 31 27 35 42 12 51 45 18 29 48 51 87 46 31 61 78 28 61 5 41 49 44 59 67 69 68 23 53 13 20 40 15 83 18 30 82 64 79 58 91 33 13 56 16 13 6 54 53 56 63 16 9 15 80 49 70 31 56 37 52 4 15 59 43 65 14 5 30 20 16 18 28 34 46 48 77 6 79 29 16 25 38 15 57 40 51 40 50 17 65 79 35 42 52 26 25 55 22 29 39 16 24 41 44 39 49 17 15 36
94 37 42 97 89 82 73 74 84 83 82 30 69 35 40 64 28 74 29 39 36 67 49 60 57 55 24 70 58 57 65 94 87 21 54 83 54 94 43 87 58 69 50 47 55 90 32 83 22 87 53 54 75 55 44 57 63 81 22 93 75 80 76 62 81 57 44 27 12 90 55 85 69 87 70 96 91 66 87 47 84 30 40 81 76 40 41 72 80 79 60 85 68 50 34 63 88 25 32 83 68 70 91 57 12 86 48 93 16 59 87 68 80 32 19 82 77 29 13 33 50 60 86 16 61 50 90 28 63 35 35 88 67 96 92 58 51 63 77 54 80 52 65 63 77 72 82 74 94 42 78 73 85 78 65 61 93 42 62 58 80 61 17 81 38 64 10 41 87 70 46 40 48 84 17 66 76 87 75 80 81 62 19 28 60 87 50 69 91 74 27 42 57 31 63 78 70 74 39 38 73 80 74 30 29 47 87 74 77 79 68 38 67 75 43 85 62 72 67 58 91 77 95 51 64 40 79 77 51 34 89 32 61 71 40 46 79 71 37 24 71 68 66 70 70 38 52 65 42 72 25 47 73 71 34 49 39 55 98 20 87 72 78 73 24 92 52 57 73 62 67 70 60 76 90 80 65 61 51 62 63 60 46 76 92 32 79 58 39 54 15 56 26 79 75 98 60 25 41 50 61 51 74 51 86 42 65 27 79 27 52 87 46 54 68 54 46 55 66 93 46 98 36 69 33 50 62 46 82 51 86 61 78 66 73 20 85 33 54 56 33 65 70 48 56 62 77 38 37 68 53 4 80 16 83 42 36 28 52 51 70 67 54 57 89 89 38 44 87 66 78 60 77 58 81 25 36 47 54 43 40 61 18 71 61 28 94 73 69 90 55 53 63 77 70 19 94 69 56 42 52 69 88 56 39 90 86 34 62 17 68 64 62 60 75 98 96 40 55 33 68 58 56 95 40 30 88 74 96 77 94 76 37 62 18 33 13 54 86 66 79 62 30 67 92 58 74 40 60 82 75 46 71 71 49 82 18 70 74 72 64 43 34 59 53 83 84 87 86 36 48 35 47 53 92 78 51 43 83 17 80 79 46 57 61 74 46 94 37 33 49 44 56 42 68 39 66 38 49 37
95 54 91 97 96 100 76 83 94 84 90 44 78 53 70 68 36 96 31 61 97 68 64 66 85 87 26 87 78 61 89 100 89 94 63 86 62 100 70 98 98 73 81 61 93 93 97 98 92 89 56 78 76 96 73 91 78 95 27 96 89 99 86 66 92 80 75 76 86 96 80 97 93 96 94 100 96 71 96 61 86 59 85 86 80 51 90 75 88 85 76 99 94 87 99 77 95 86 81 100 98 79 98 91 84 88 48 99 71 71 94 99 85 83 28 85 82 47 98 95 63 70 87 26 80 77 100 75 98 58 56 92 91 100 97 64 76 83 85 75 100 77 73 84 79 90 96 77 94 49 87 92 91 91 72 73 94 87 87 77 98 72 68 82 98 94 94 73 93 84 79 80 54 92 37 88 95 89 93 84 97 91 72 78 65 98 63 73 91 86 98 48 83 54 70 82 88 85 100 66 82 89 92 77 35 54 94 86 99 98 91 100 72 87 64 88 67 76 75 81 97 79 100 74 73 98 98 90 67 68 91 72 84 76 89 79 85 97 75 92 72 93 85 92 77 94 91 84 56 76 87 74 83 72 62 66 45 80 99 62 96 73 91 77 100 100 97 78 89 65 81 94 96 98 99 94 98 68 54 91 87 96 48 99 93 39 96 73 44 93 41 81 42 81 83 100 64 26 62 68 95 93 81 94 89 60 83 86 100 41 85 96 61 60 95 86 89 78 77 95 56 99 60 75 74 97 77 59 86 84 88 91 84 95 78 42 96 50 64 80 48 71 79 75 84 75 83 56 97 77 62 41 82 100 83 90 88 44 88 72 83 88 84 59 100 100 96 56 93 96 95 94 89 84 90 53 42 63 82 53 53 68 55 92 95 92 98 100 74 96 58 76 64 92 70 52 98 96 98 84 81 98 99 85 48 95 94 60 67 64 98 96 81 70 96 99 97 89 65 78 79 94 67 96 50 36 96 83 97 98 95 93 42 66 89 65 88 56 87 95 96 84 65 95 93 61 82 46 96 83 94 77 83 99 57 88 46 73 96 98 95 71 98 67 73 97 88 90 99 65 87 94 90 61 93 88 64 100 90 77 92 99 93 70 63 82 60 94 55 46 59 95 57 78 94 52 72 45 86 94

18 7 1 31 1 79 3 54 41 47 71 55 12 32 35 24 34 29 43 33 32 16 5 12 23 19 1 35 22 35 19 20 39 46 51 40 18 6 55 44 30 47 11 19 49 8 24 5 70 32 19 19 30 54 18 62 6 66 5 55 58 30 5 42 41 11 21 16 46 18 57 22 34 20 24 56 4 44 49 74 21 44 30 22 6 13 27 1 15 55 61 34 15 33 2 6 34 54 11 26 29 7 6 39 41 26 62 40 4 94 51 83 16 56 46 33 27 6 24 35 30 4 3 4 4 77 1 3 80 5 3 8 36 27 35 53 38 9 58 23 4 20 37 34 94 50 77 73 56 8 52 35 22 36 71 77 19 17 39 50 31 4 85 64 36 15 3 18 22 40 32 5 49 54 61 21 48 2 29 15 37 42 24 78 64 21 25 24 84 52 63 57 41 21 46 20 24 30 81 17 18 7 10 2 55 41 43 13 14 80 24 5 37 19 82 18 77 38 88 76 25 4 9 7 15 54 33 10 48 1 3 70 13 15 6 8 5 82 44 14 48 21 9 1 87 3 62 33 49 16 42 7 17 5 37 29 55 30 3 49 3 62 9 34 4 16 35 16 57 11 63 65 11 36 48 55 56 37 30 19 17 1 33 37 18 1 58 51 14 2 19 51 13 10 3 39 47 45 10 80 8 10 1 37 1 54 3 21 36 46 36 12 19 45 17 31 31 34 41 29 52 28 3 15 19 25 45 31 3 39 8 43 65 1 14 80 10 24 4 49 23 44 72 23 42 13 32 75 32 23 5 32 13 36 49 5 12 26 62 4 23 36 16 41 15 26 4 13 26 14 9 25 28 59 12 14 58 46 57 23 23 50 65 4 20 32 23 31 24 33 39 19 68 5 83 31 26 70 78 1 25 24 92 2 23 56 30 27 5 6 70 40 25 23 15 26 4 64 65 33 26 41 13 18 14 58 33 43 67 52 44 45 55 26 8 9 69 23 24 52 6 14 77 18 3 37 36 40 6 38 12 64 46 74 33 26 26 32 18 1 8 9 53 47 68 1 63 4 19 13 77 29 11 25 11 24 9 22 52 3 76 15 25 46 4 2 5 30 78 44 39 54 64 59 29 9 40 14 19 53
22 41 98 50 54 79 38 59 65 98 86 90 38 54 47 93 55 36 88 78 80 66 75 51 62 64 6 91 38 71 100 97 82 73 88 71 47 95 95 85 32 92 21 64 60 95 81 16 100 83 36 26 39 98 35 86 54 88 23 60 87 94 18 63 91 32 85 54 50 75 74 39 47 82 62 72 10 62 71 98 67 62 79 78 42 80 67 51 54 73 81 47 86 86 60 63 42 98 87 72 88 93 30 58 74 38 77 94 27 99 95 93 35 87 79 79 29 88 46 66 71 64 86 36 4 95 26 47 81 40 66 78 86 64 57 98 60 56 66 68 52 88 63 47 96 90 93 74 79 73 56 38 59 73 80 90 56 28 95 58 74 9 89 70 57 20 32 74 61 81 85 93 61 70 69 45 71 28 97 35 61 62 88 79 78 74 73 100 95 67 66 97 100 52 62 90 63 76 92 45 38 88 48 2 63 59 96 83 45 84 81 8 91 71 94 54 83 73 94 86 49 54 57 13 79 68 49 14 60 38 63 72 48 51 72 27 62 88 63 26 50 44 26 33 94 74 74 97 74 66 45 98 50 62 57 40 59 64 42 83 76 81 56 45 81 92 99 47 72 85 95 73 82 36 68 58 85 64 65 44 84 55 61 52 82 4 87 73 68 72 36 60 89 51 19 77 76 69 14 96 93 43 36 94 9 100 66 34 85 54 57 32 86 99 98 72 37 61 88 95 71 66 80 90 69 65 88 53 50 88 91 92 79 22 60 96 75 61 27 51 77 73 85 68 47 24 40 90 92 82 99 74 34 81 97 29 91 54 69 74 98 52 48 54 45 60 69 20 91 65 35 80 87 86 77 75 61 83 73 47 100 95 72 37 24 37 42 41 94 46 86 52 75 98 95 100 40 78 100 44 59 39 100 67 90 89 64 28 85 8 76 41 88 54 24 27 22 69 75 79 61 82 73 78 84 69 66 76 90 78 68 48 57 59 58 83 75 30 52 70 34 87 83 56 50 55 68 93 44 50 57 83 83 100 39 63 50 97 77 85 60 19 84 61 73 60 81 87 72 96 93 91 90 98 60 57 94 66 67 80 85 36 61 49 7 39 93 44 96 88 85 69 72 60 43 79 47 17 30 84

4 347 224 3852 1793 145 326 291 1531 259 113 526 588 1723 220 2750 740 1672 4119 3457 1242 838 1436 1497 75 869 1182 3015 1489 1461 482 1129 171 606 1770 1558 1879 1718 3371 4295 3835 944 2938 1752 7829 428 1641 4534 2720 2033 783 288 2452 469 288 983 1632 3168 1151 343 442 686 2633 3934 344 692 1042 1622 322 1566 350 190 444 118 517 519 1374 1100 757 1199 1097 1610 44 242 112 3412 18 1542 129 2721 670 108 2956 1273 1234 938 563 2638 86 765 6330 840 2336 676 5938 469 206 5601 1378 2131 4830 683 457 6394 868 1749 1367 2315 452 691 1446 1572 1499 3680 2660 438 1379 903 502 322 3319 389 665 71 2986 281 805 1094 2381 824 1926 2022 1288 7236 893 1335 314 730 3929 1815 258 723 371 1349 208 1250 270 894 1045 943 1100 638 734 2881 530 2288 2043 436 437 2472 768 258 293 4414 398 1677 1513 313 1587 3443 662 1306 686 300 317 2456 2238 1516 2374 346 2402 320 505 790 1180 736 550 1660 414 236 109 201 2451 138 1405 1732 1739 2987 2713 1032 4528 504 490 1354 776 530 1541 1953 692 755 278 105 1618 1109 239 828 155 1390 1791 64 771 385 100 1200 138 575 1082 877 1147 178 1555 1871 1657 957 1828 554 266 1154 1062 469 383 491 108 565 983 130 1339 295 236 2303 1597 340 157 612 3161 3102 631 329 857 1230 625 2296 191 153 4405 1585 104 2244 641 2564 2482 216 438 549 1856 4685 467 56 953 174 172 4932 219 1226 85 5970 412 440 2612 147 2193 709 1126 358 346 5734 1374 122 27 296 3014 152 154 2020 408 337 2873 3762 263 1748 217 2878 703 679 1510 5639 326 311 584 709 232 147 818 77 409 279 935 708 1339 766 178 53 667 254 466 1027 1286 533 93 1228 602 1166 231 1069 1159 184 888 1321 741 1235 118 4767 4789 828 509 847 1868 1609 749 1192 1042 2981 283 1802 869 1161 287 2261 5537 1683 422 548 3879 342 481 88 2207 242 587 1993 5999 656 818 1308 328 913 4292 1029 540 1509 1166 4710 390 295 142 161 280 2955 1239 979 1125 1325 248 1548 674 285 619 1314 1206 647 1073 111 108 1016 2187 125 1334 216 893 164 1519 1485 544 3356 1471 1189 920 395 617 203 2365 599 1165 334 239 320 449 849 1379 106 515 886 3186 2118 1194 1202 245 1211 1078 2449 352 2885 1405 1804 121 821 286 139 5068 252 709 794 466 1255 173 506 721 1101 565 123 3550 1997 383 612 205 3718 3178 5038 1171 554 4418 731 2036 1915 6126 5635 539 610 1055 1017
518 1165 2249 6945 2203 1507 985 309 2880 517 145 716 685 2917 431 3878 1329 3724 9129 6556 2832 978 1512 1600 1712 1609 1294 3487 2617 1911 2228 1280 1084 2405 3266 7264 3764 3143 7649 5113 6015 1065 6593 2519 8371 1186 3802 7002 3078 3652 1705 2446 2972 846 362 2868 2501 4171 2234 345 3621 1442 2745 5144 1590 1206 7719 1799 743 1669 835 809 1688 681 1021 703 3393 1806 1156 2961 2371 4650 1062 344 194 4101 808 1561 1001 4887 3769 1197 6981 2583 2985 7031 1363 3219 1143 1273 7089 1809 4869 938 7494 3068 2928 6269 2389 2599 7894 691 1192 8324 933 3655 1478 2919 743 718 3422 2184 1595 5442 3498 582 3882 962 815 1600 4759 792 889 832 7237 2973 3353 1365 5321 995 4119 4067 1651 7857 1152 1390 338 1728 4435 1882 1897 1906 817 2704 2045 1597 952 938 1863 3897 2094 2356 828 2919 1945 6144 3665 2608 2788 6100 3158 1376 499 4474 480 6261 1527 413 2063 4062 1528 2335 1108 1501 701 3517 4047 3157 3953 442 3202 363 1390 926 1446 779 601 2873 3116 1949 493 2261 2526 640 4561 3573 3664 5765 2862 1558 4982 1033 825 2618 834 1811 6628 2219 2015 1414 407 498 4486 5128 1199 4238 1477 1579 2364 883 3702 851 252 1632 642 734 2465 1476 1251 1178 1885 1989 2324 1173 6552 747 1273 3908 2825 589 1128 1786 366 704 1266 1301 4044 541 1245 4011 2239 1286 695 868 3291 3119 3543 473 1891 2762 9368 3325 611 504 4675 1723 112 2975 1449 3272 5108 1067 1014 954 2286 5055 1534 853 1181 915 5057 6161 914 1667 286 6456 652 1561 2614 531 2564 2271 1432 1197 1568 5953 1461 1174 575 2356 3748 1568 5874 3001 576 831 3208 4674 1781 1996 842 3831 718 2406 1567 8279 2290 5953 1953 894 594 862 1098 448 419 581 1275 1831 2376 1703 192 1506 785 258 1244 1373 2448 1501 2066 1711 635 4158 450 1084 1782 1268 1112 2303 836 2151 129 5542 6480 883 511 2045 3168 3321 1175 3326 1459 5321 1530 2993 2273 1197 300 3738 7504 2270 3801 2094 4318 588 2205 1251 5061 386 1182 2164 6546 840 969 4002 1265 4505 5355 1293 1193 3573 2023 6712 662 579 715 1663 879 7343 3593 1361 2512 4996 2090 1649 2502 519 2088 1921 2303 923 4949 3425 546 1050 2313 667 9012 572 1543 624 2113 1679 911 4833 1854 3833 1838 397 681 1291 4573 1233 1698 1048 2328 1054 1664 1555 7168 1511 751 3376 3879 2762 1276 2099 2302 1272 3019 6016 504 4697 2606 8546 528 1355 1234 359 5127 277 1632 1025 2092 1406 905 551 1692 1565 818 207 5107 2694 1743 1006 1578 4600 3351 7300 1243 1007 6152 1450 3819 3421 6509 6186 1662 1408 1183 1163
2032 2546 2877 8780 3260 2117 2412 1241 2960 685 641 2856 1241 3851 895 4069 9274 8990 9254 7604 4605 1383 1982 1731 2137 2106 4438 3668 4346 3112 3047 3012 1524 6572 3480 7365 4123 3960 8737 7191 6510 1177 6681 3249 8768 1261 4181 7963 3392 4166 6872 4646 3893 1957 1817 4194 4027 6250 2774 2103 3794 2268 3666 5483 2160 1576 8015 3796 4711 1718 1052 2570 1752 884 2822 991 5235 2906 1752 3848 2607 4768 2178 2095 1519 7225 1947 1577 1565 7813 4170 4331 7274 3108 4066 7233 1517 4005 1554 1739 8285 2297 7259 1202 7527 3775 3054 7646 4239 3631 8114 1678 2310 9244 1865 3840 2153 4194 1806 1310 4782 2363 1692 8946 3529 1087 4838 2874 1337 2037 6569 1101 2521 1982 8169 2974 3771 4607 6328 2045 6621 4084 2024 7984 4249 2308 2599 2136 4731 2394 3364 2738 1365 3523 3802 1962 1010 1252 7708 4825 2165 3624 2088 6401 3622 7495 4803 3929 4063 6246 3816 1564 1438 7086 2172 6586 1942 928 2080 4157 1692 3669 8491 2566 1079 6940 4072 3817 5666 2243 6732 646 2117 1165 2208 2014 2103 3245 3834 2152 2212 2473 3152 4197 6848 4497 4201 6477 5400 3145 5884 2048 899 3137 6409 2574 6817 3041 3018 1864 985 951 4917 8271 2218 4721 1554 1783 2366 1507 5642 2312 1711 2486 2077 775 2629 1908 2208 2465 6953 4648 2575 1374 9384 4018 2333 4486 6453 1551 1522 2230 1615 1814 2718 1846 4227 678 3943 5567 4064 1576 1396 1469 4349 6390 4812 1420 4649 3279 9952 4786 1436 826 7182 2163 1100 5255 4997 6149 5768 1896 1315 4084 2947 5666 1988 1781 1320 1241 6901 6739 1668 3645 588 8602 1531 1832 4115 1832 3013 2382 1996 1671 1569 6546 1697 1681 3993 2709 3876 1719 7194 4285 1031 3422 3440 4958 1866 3407 1641 4109 2384 2765 1707 9096 2297 7130 2021 1853 1790 1513 2333 577 1555 671 3557 1913 2782 2070 607 3180 1607 1735 1630 1476 6702 5533 3275 1970 1033 4387 1641 1575 1799 1563 1143 5667 1072 3751 2445 5956 8566 1340 1403 6806 3513 6399 2293 4030 1833 9470 1939 3933 2329 1539 847 4143 8103 3450 4110 2699 4372 1383 2224 1984 6880 4284 1549 2544 7164 1672 2285 4369 1789 5459 6437 4252 2092 7151 6099 7093 1885 1707 4520 2122 1562 7918 3784 7432 3231 8987 2225 5973 2981 1214 3904 2108 2560 2262 5110 4191 1726 1199 5332 1663 9267 777 4069 1834 3330 1786 1327 8329 3716 4348 2251 954 1915 2397 4640 1713 3909 1553 6249 1255 2708 1839 9397 2114 893 4094 6631 3062 1534 2707 8749 2142 5145 6203 636 7520 2884 9485 1209 2251 1562 3979 7932 432 2103 2156 2141 2208 1064 1817 1892 1608 1819 2319 5260 3593 2087 1250 1702 6361 4219 9206 3391 1334 6686 2248 4056 5625 8571 8090 1987 1675 1195 2004
2787 3517 3676 8894 5866 2347 2455 1752 3048 2292 783 3264 2497 4862 4393 4175 9830 9629 9813 10079 5219 1802 2138 2548 4492 2438 4731 4831 5831 3882 4595 4044 3594 9991 4805 8421 4520 4200 9503 8612 7234 3598 8749 7707 9805 2738 8979 9397 4943 4628 9669 4763 5760 1973 2376 5497 4327 6621 5592 2217 4069 2473 4604 9431 2269 1617 8873 4598 9673 2064 1817 2625 2274 3035 3712 4333 7283 7042 2657 7017 3757 7558 2287 2282 2324 7945 2482 2064 1875 9425 4788 5054 7515 4001 4935 9238 1684 4356 1637 2384 8454 10005 9993 2476 9676 4738 4892 9284 4637 4533 9758 2280 2315 9836 2948 4976 2288 4911 2010 2062 4784 6341 1928 9271 4223 2515 7769 3898 2309 2282 8869 1876 3584 2158 9266 5571 5866 4897 8935 2522 9954 4506 2218 8868 4496 3614 6095 2425 6610 2554 4922 2798 2096 4260 3889 4500 1928 2263 8282 4886 2217 4016 2481 8720 4715 7778 4894 4817 4801 8217 4609 2346 2365 8233 2567 9299 2017 971 2217 4617 2025 4204 8518 2922 1520 6966 4672 4041 9257 2724 6776 1853 3512 1314 2430 2074 2248 9357 3992 2156 4949 2975 4388 4512 6860 4556 4974 9438 5624 4859 7470 2269 905 4772 7417 3131 7287 7006 4583 2136 2181 2468 7794 8990 4387 5621 2414 2486 2374 2178 8632 2349 2131 4365 4592 1460 4980 3734 2507 2491 7759 5553 4748 3356 9741 4480 4585 7234 9133 1893 1898 3593 1748 2292 5012 3457 9599 1481 5064 6290 4616 2532 2485 4765 4685 6489 9047 1991 4863 3509 9957 4809 1839 4894 9675 4447 1994 9623 5930 9725 8472 2460 2222 4136 3216 9314 2473 1902 1657 1747 10025 7910 2169 3909 2339 9980 1908 7368 4193 2392 3115 2456 2140 2220 1668 9742 2330 3175 4323 9705 8402 2327 7291 4928 1171 4313 4398 8348 2092 4691 1968 4800 2564 4622 3318 9661 2518 8213 2039 2653 4928 3691 4402 4927 2381 687 3653 2324 5074 2448 1279 3272 2100 2369 4645 1858 6755 8449 7331 4512 1264 6776 1804 4891 1881 2143 2073 6133 1576 4567 4356 7105 8661 1465 2454 8340 6246 7193 2576 4290 2434 9646 2150 4149 4593 1928 1346 4252 8770 4897 4930 4490 4616 1526 2359 3502 8505 4985 2551 3429 8074 1878 2415 4684 2380 9899 8976 5705 2530 8601 8123 9016 2070 2152 4644 2553 2014 8124 5625 8489 4013 9727 2895 10005 4136 1754 4219 2419 3226 2262 9658 4975 2740 2377 6574 2023 10035 2274 4945 4529 7047 1787 1720 8897 3806 5071 2334 1957 1918 2907 4774 2379 4514 4571 6456 1871 3236 1983 9573 2216 2307 5002 7776 4467 2376 3607 9085 2259 5308 6913 2377 8829 3431 10024 1942 2259 1916 4922 9792 1027 2534 2244 3250 2343 1797 2047 2288 5153 2404 2334 5317 3773 3595 1809 2110 7795 5867 9545 4167 4385 7574 2604 4146 9658 9848 8822 2574 7446 1787 2268

2 182 67 2892 1538 92 226 285 1345 188 106 404 323 1669 213 1724 316 845 3019 3390 953 771 1384 653 39 244 82 806 502 178 311 1039 135 414 1306 965 1132 1488 2571 2411 3674 502 1436 1294 3780 174 1396 3147 1723 1393 370 180 2161 331 154 464 873 3122 545 210 205 102 1562 2457 75 600 195 261 99 1324 151 112 194 73 302 450 518 973 333 1079 163 1510 24 224 99 3267 17 1523 77 2613 285 75 2653 1067 1065 617 252 1741 58 671 4889 725 1758 324 1388 135 96 5147 717 1519 4445 662 443 4072 714 918 1128 1017 194 439 725 1209 705 3355 1938 337 824 550 210 313 2624 161 123 54 2288 233 581 998 2015 236 721 1030 1050 2536 479 1203 150 457 3177 1355 191 412 167 454 133 1245 213 21 579 682 1054 587 462 2240 418 2086 191 381 116 1442 564 118 195 4299 82 1310 1401 134 519 2725 457 1140 508 120 250 1198 1341 1093 2371 168 1260 23 433 478 1091 335 323 994 274 208 63 141 1866 58 720 652 1366 1422 2249 735 4133 467 326 616 736 269 1291 808 394 556 105 25 1333 1103 199 679 135 1319 958 40 362 233 25 989 71 562 957 266 464 60 1548 1239 1239 597 1009 472 100 60 793 177 365 353 103 519 936 69 358 229 194 1687 1210 58 115 568 2635 2086 564 310 287 1205 567 1296 126 130 3551 1156 75 2212 527 1068 2412 164 313 207 1479 3515 249 24 625 48 154 3450 214 570 47 5123 191 374 636 77 1262 486 1044 323 132 5611 701 45 16 204 1676 148 150 918 341 84 234 1497 207 878 187 2400 555 485 1125 1870 228 295 577 613 208 89 377 69 200 193 540 533 1323 721 151 48 547 152 369 958 763 464 80 952 126 762 196 857 675 159 768 1142 203 921 87 3199 4270 469 355 495 1228 1544 311 706 821 444 207 1250 478 898 116 2046 2883 905 398 526 3269 287 463 65 1594 134 434 1684 1107 453 740 421 162 343 3875 874 327 1366 954 2710 351 211 93 110 164 1175 393 604 466 638 83 789 583 266 610 811 1055 633 802 55 46 749 1801 96 1311 159 415 16 1138 1329 449 3013 194 1089 902 390 529 193 2345 424 751 200 173 233 408 790 1047 69 354 539 1699 1973 1159 620 227 1005 926 2078 200 2277 1232 1308 31 734 157 95 3178 121 575 716 168 134 168 442 385 845 121 83 2842 690 347 464 148 2611 2005 4753 750 311 2915 152 1199 783 3434 4624 337 389 857 954
1 114 32 306 1521 8 71 2 1249 159 68 49 178 583 144 133 9 515 281 2041 690 718 1059 183 34 81 71 290 205 150 176 356 39 39 547 318 846 40 145 2116 1750 19 207 283 1944 171 1206 970 186 766 122 134 2149 90 63 32 278 1772 532 3 185 75 376 2014 58 412 1 244 12 979 150 13 65 51 89 311 361 74 241 293 39 107 16 142 31 2186 14 497 43 726 103 5 1468 637 473 161 48 330 21 36 2824 65 659 178 327 74 6 141 50 533 3852 43 258 1803 559 398 624 590 56 212 51 583 403 2264 1631 212 190 30 104 13 416 134 39 8 1885 177 214 43 573 43 495 848 925 1832 435 171 100 453 1881 849 129 398 78 379 34 174 56 17 120 105 153 180 340 1725 81 427 99 232 44 773 337 65 69 3793 15 1054 1085 133 380 556 418 109 238 65 108 737 1081 374 2017 4 547 22 210 159 1079 333 168 953 60 129 23 102 1192 5 382 260 332 1058 1078 200 2232 143 155 409 724 212 100 613 32 246 22 13 4 526 36 215 110 722 107 28 104 186 13 778 40 13 364 71 141 47 902 737 286 243 78 371 33 43 31 97 249 229 26 28 798 8 251 179 175 81 545 40 59 404 1170 1660 301 26 279 848 62 295 104 7 1793 298 74 22 467 879 1087 12 254 1 276 1339 31 15 271 2 13 1817 50 227 21 1847 103 139 440 62 927 450 768 59 53 4352 224 35 14 14 34 115 52 187 172 71 116 1357 189 555 167 1451 87 168 343 131 141 179 302 251 70 11 93 68 183 83 437 454 976 328 51 18 371 1 341 185 143 248 68 622 108 458 7 239 221 46 739 931 182 257 53 840 2706 381 95 312 156 474 63 634 504 32 179 14 217 565 7 125 2767 311 223 289 1753 248 256 57 539 20 224 327 457 388 508 255 158 61 750 267 25 465 54 1791 219 158 89 67 47 232 146 354 396 28 21 491 563 215 600 203 656 414 694 32 37 634 757 32 1152 125 288 8 567 314 31 274 91 348 32 46 344 27 588 46 531 155 85 184 190 196 944 58 185 455 432 1914 219 596 197 110 745 184 103 260 678 825 5 614 7 91 2353 93 23 514 84 95 128 287 109 417 41 21 2111 376 290 456 76 336 497 1381 15 201 2739 85 1017 463 2151 2509 295 94 737 899
