30 2 2
92 34 26 58 90 58 10 41 59 89 97 69 76 73 30 64 90 6 25 68 62 18 51 18 96 16 60 65 67 22

58 31 37 84 71 32 62 41 2 34 6 38 73 12 4 37 1 10 95 24 19 24 21 29 38 41 78 35 57 17
72 85 37 100 72 40 75 47 39 97 72 48 84 38 52 98 29 39 98 43 21 96 64 76 58 73 86 43 88 83

89 19 79 17 1 37 62 2 32 21 32 32 39 45 23 23 22 45 18 66 70 81 47 23 14 14 56 40 43 63
93 43 100 68 100 71 70 95 38 47 46 63 44 78 99 25 62 96 72 73 89 82 86 40 89 15 64 100 70 84

168 353 212 92 148 118 60 131 127 242 107 173 265 267 200 89 159 131 73 94 249 61 72 87 293 42 163 76 129 127
303 513 507 148 239 145 85 262 324 398 155 321 511 624 274 208 171 148 399 311 297 163 596 209 388 62 302 108 203 260

79 308 97 87 146 48 20 106 36 108 79 167 165 171 127 14 135 113 72 69 86 32 60 73 118 16 114 23 69 36
69 200 13 20 9 19 17 92 31 71 37 138 88 96 101 10 132 80 52 33 74 20 12 65 94 7 67 13 60 1
