30 2 2
100 70 3 49 82 17 96 94 3 77 19 22 57 44 13 47 72 80 44 94 83 46 20 28 7 34 46 87 84 14

56 12 10 58 58 1 62 29 6 15 15 5 47 11 5 70 54 50 19 7 41 33 25 52 61 43 2 13 43 63
74 35 88 76 88 67 67 91 74 62 36 24 87 21 39 90 71 56 33 79 71 42 99 99 90 65 78 66 100 82

27 22 9 19 18 4 12 34 29 11 69 14 46 65 33 21 2 44 42 5 13 46 37 86 41 61 20 36 75 15
62 33 77 35 27 73 68 58 91 66 82 90 66 66 74 65 78 93 44 35 47 68 94 95 69 71 78 74 77 81

265 79 376 76 140 217 121 153 111 203 36 90 115 50 128 170 78 108 100 194 212 167 78 107 60 202 164 104 103 61
357 218 400 84 220 233 156 200 159 209 218 558 177 63 435 258 283 228 615 358 228 170 92 319 94 262 509 227 357 132

208 75 276 75 23 60 64 54 110 200 31 47 107 28 97 86 15 52 52 175 102 126 19 63 52 107 100 66 52 35
154 52 275 10 19 5 14 20 99 162 25 30 100 10 76 6 13 50 47 23 93 42 1 35 27 2 55 17 35 34
