30 2 2
92 86 10 5 35 70 23 98 65 7 10 86 59 96 37 45 39 56 78 52 52 23 55 38 69 74 82 62 26 83

9 51 3 56 71 11 64 51 11 25 14 31 83 71 43 2 67 59 13 46 19 42 13 8 11 15 19 10 10 51
91 74 99 62 91 28 97 87 53 70 55 83 94 75 85 22 81 75 58 60 45 94 37 90 83 100 53 59 100 80

79 61 36 45 15 30 7 10 78 50 65 48 20 22 8 58 16 15 26 59 20 1 21 44 37 18 72 2 39 31
87 77 53 94 93 80 74 47 97 100 99 60 55 85 53 88 60 93 40 84 97 98 24 60 45 66 74 53 51 51

118 458 115 146 443 100 534 132 162 49 18 110 209 126 86 219 58 62 279 88 139 245 126 109 130 95 140 160 374 354
139 490 193 407 573 159 623 292 282 448 110 142 659 231 145 539 83 171 418 597 267 277 173 156 297 358 342 355 425 381

98 199 90 145 337 91 488 79 92 42 11 34 110 57 32 107 13 34 257 73 96 240 78 75 54 62 87 141 167 349
27 83 50 31 14 82 178 16 61 10 4 12 32 6 13 70 7 15 155 25 74 179 36 11 46 34 2 133 96 95
