30 2 2
91 49 89 52 85 100 63 88 52 41 36 29 68 65 42 25 65 5 42 26 26 34 28 20 49 44 83 65 71 24

2 22 18 48 67 1 31 55 12 33 19 36 5 26 13 5 8 23 4 7 26 41 50 65 3 32 20 9 6 38
45 77 70 70 68 73 64 93 87 75 73 62 95 80 23 27 18 79 52 44 70 84 71 91 52 44 40 93 56 85

81 80 7 56 56 12 5 29 31 36 70 89 51 50 19 8 55 6 40 5 27 14 13 28 22 13 37 10 40 80
100 80 69 57 73 81 78 59 34 100 99 94 58 78 25 82 55 67 92 30 40 25 55 57 78 60 98 26 75 83

300 412 203 201 157 108 84 93 279 119 147 61 120 307 546 140 76 125 85 65 93 85 178 21 138 105 169 262 165 111
350 562 213 522 349 185 183 126 402 213 179 370 336 539 611 318 255 149 325 153 602 264 389 59 172 297 229 532 209 529

274 26 107 128 87 104 69 63 146 77 131 59 91 117 470 41 61 122 21 54 49 27 127 17 69 19 126 199 164 51
64 25 91 62 10 25 22 25 129 65 35 12 53 23 426 36 47 5 11 21 47 16 67 14 24 15 85 98 90 45
