30 2 2
25 17 3 89 3 17 94 36 20 55 82 100 90 27 51 32 24 51 10 67 36 59 56 96 2 49 77 85 31 64

41 29 16 61 16 68 54 69 41 23 34 30 22 68 24 78 31 98 11 72 77 87 7 44 9 5 32 84 25 68
94 57 43 62 23 78 72 70 50 84 84 91 60 78 95 98 38 99 65 88 89 96 31 45 16 50 48 88 81 85

94 4 67 6 1 22 5 48 27 14 60 14 34 42 11 52 56 36 31 12 45 12 34 6 53 33 81 17 10 40
99 16 100 86 100 94 37 94 35 97 89 89 64 81 48 60 65 65 44 26 60 89 85 98 72 95 85 75 77 97

51 88 102 160 15 104 177 127 131 171 116 231 110 101 454 160 105 116 54 135 63 222 471 263 112 68 235 150 175 345
68 155 290 239 130 157 313 175 140 319 351 238 117 107 519 232 163 234 289 249 105 653 536 561 130 187 249 286 326 657

36 23 99 111 11 75 105 26 117 94 83 59 100 86 195 123 81 22 49 68 3 218 356 71 92 59 116 34 95 341
15 15 13 56 1 4 81 2 19 63 5 7 99 8 21 76 62 7 42 63 1 69 163 46 4 33 11 10 25 327
