30 2 2
58 13 45 78 95 95 45 46 33 62 15 63 44 69 39 85 57 7 10 75 98 63 68 71 14 12 5 75 4 91

8 72 31 64 49 16 44 11 55 45 10 62 27 25 14 24 23 31 9 19 44 56 15 18 54 52 9 23 37 1
64 89 80 87 61 72 63 87 91 66 21 63 73 90 90 42 76 66 52 55 89 58 43 69 87 97 96 45 43 97

10 23 29 76 14 6 63 7 39 12 28 26 33 27 26 25 1 39 1 20 76 50 28 59 71 16 3 59 42 32
49 83 91 90 89 19 71 73 61 25 63 41 62 32 64 81 60 73 11 53 91 98 35 82 90 23 50 91 54 95

70 472 118 298 154 149 158 200 76 396 128 270 221 341 59 116 59 15 33 125 119 438 221 421 48 54 292 84 105 607
371 568 161 304 303 336 181 206 159 605 230 466 259 654 271 119 77 70 253 193 239 630 317 644 67 115 594 424 112 691

32 229 63 57 114 133 132 152 39 279 121 52 98 129 25 112 45 13 31 90 90 265 163 408 30 36 198 83 61 578
26 95 62 46 111 118 60 97 32 59 114 50 60 26 11 29 32 11 13 78 75 56 147 320 29 35 61 69 60 423
