150 4 2
249 98 1 206 1 134 99 145 1 156 1 1 175 191 117 167 165 1 137 150 76 45 99 78 53 1 318 93 139 66 96 37 66 85 148 9 177 121 161 127 60 101 1 71 15 94 6 1 1 131 56 127 1 1 43 18 176 35 98 61 1 84 164 243 62 229 126 1 113 19 69 82 157 119 1 157 61 239 138 166 31 68 39 121 128 213 1 78 66 60 77 265 115 100 202 272 206 213 115 5 77 102 99 107 31 167 188 20 156 162 70 138 1 1 75 195 257 1 46 154 55 180 172 19 102 76 175 70 251 147 247 42 142 100 234 143 148 66 1 212 124 119 192 248 1 1 80 78 121 272

1 30 1 8 40 20 48 1 30 1 33 15 1 21 15 20 40 1 3 18 29 1 65 22 1 33 29 4 39 26 31 1 13 29 16 47 35 16 4 67 8 4 22 11 24 38 24 19 31 1 1 21 44 30 1 17 2 33 21 42 14 2 24 31 9 1 10 42 7 9 47 8 7 1 16 46 16 21 21 41 21 34 17 18 15 22 6 28 35 22 24 16 1 28 1 54 24 19 30 1 31 29 25 38 44 55 8 24 10 22 19 18 33 15 24 6 38 34 1 19 28 10 27 11 21 22 23 1 28 9 27 24 25 16 52 16 26 17 25 18 11 23 15 1 20 32 26 13 1 11
3 35 2 19 41 31 62 2 38 10 37 44 3 23 33 22 47 12 7 36 38 4 74 34 19 34 35 21 43 31 45 10 18 34 28 48 53 29 17 79 20 12 25 22 35 47 29 21 37 6 15 35 45 47 13 21 3 46 30 54 33 16 36 34 31 17 28 43 15 20 62 15 17 12 25 48 24 22 37 49 35 40 35 26 17 31 15 29 46 35 28 31 13 45 8 63 25 31 43 12 48 38 34 58 54 75 28 28 19 44 33 39 51 20 26 24 55 35 20 24 29 30 30 29 32 28 25 2 34 16 40 25 29 28 59 24 33 28 27 19 13 29 33 20 29 53 29 27 18 12
5 44 4 38 42 32 72 22 39 19 62 47 10 24 37 37 51 24 15 57 47 16 89 45 25 42 40 27 46 36 53 23 26 51 41 56 57 30 33 80 43 15 40 27 49 48 40 26 52 7 19 55 63 51 20 30 9 52 31 72 40 24 59 35 32 28 35 57 16 26 71 28 22 22 26 66 35 29 52 60 56 52 41 38 24 38 29 34 57 41 32 50 22 53 29 70 32 33 64 19 53 57 38 61 76 80 51 30 32 45 38 45 54 31 45 25 56 53 21 43 48 44 49 34 45 45 34 3 39 17 50 45 41 29 70 40 40 43 53 21 23 30 63 29 45 72 41 32 24 32
23 51 16 57 56 43 77 44 45 32 74 62 20 44 42 38 67 36 30 60 55 22 93 52 29 57 42 48 47 42 62 48 47 69 49 66 63 43 40 94 65 31 48 32 50 51 63 31 66 8 20 73 71 63 23 51 21 65 32 81 43 34 60 59 43 44 59 65 39 33 74 39 23 38 33 73 39 34 82 84 65 61 58 41 33 51 46 49 67 62 53 75 30 62 55 89 35 55 65 25 64 64 51 69 88 91 60 39 36 50 46 58 66 44 59 31 57 63 45 56 55 64 71 35 50 56 35 5 40 20 56 60 62 36 75 46 54 51 69 22 40 31 76 48 64 83 42 47 40 34

14 14 7 12 7 1 4 23 13 1 5 5 1 7 11 1 1 19 8 26 7 23 6 20 29 14 14 3 6 1 1 1 12 1 4 21 1 6 21 15 1 18 1 1 5 14 19 4 13 13 1 15 18 6 1 1 6 13 1 14 3 3 9 8 14 15 1 1 1 9 13 17 3 10 6 6 13 14 8 8 12 22 9 8 14 11 12 6 1 1 21 13 1 14 13 17 5 16 15 8 18 4 18 3 10 1 14 13 5 21 6 14 8 8 29 28 3 1 14 14 25 1 5 8 8 17 5 1 23 4 1 1 14 1 21 9 19 15 21 19 12 20 9 14 18 6 3 8 9 17
28 17 21 15 22 2 9 39 34 2 6 17 20 20 25 2 24 36 21 39 18 25 10 25 33 30 15 5 12 17 2 19 20 6 9 22 7 18 34 26 13 36 8 6 8 37 38 11 24 17 6 18 37 7 12 13 11 32 9 37 5 25 31 15 21 26 32 25 2 14 36 21 17 13 16 8 24 28 22 18 25 30 23 15 15 14 15 22 8 18 27 29 11 23 29 29 6 24 30 24 22 14 34 4 30 10 31 18 27 22 14 27 13 16 35 46 20 6 27 24 37 4 15 21 9 35 13 2 29 8 12 11 39 6 34 18 38 34 30 22 33 26 30 25 25 19 9 25 18 21

9253 8843 6146 8390 8539 14738 4819 10187 6110 5320 4611 6046 6416 6424 10403 9498 7962 5777 4167 6918 5952 9673 6785 4595 10936 4664 4634 9909 6177 7769 7891 11020 6069 10373 2549 8210 309 10159 9628 10720 5107 9635 11958 10020 4415 8285 4191 6385 7998 7081 10572 1958 5679 5815 8618 7326 768 8075 6782 5632 4769 8208 9688 9541 4351 5109 8876 5017 8941 8612 9974 6049 10720 2632 7921 7630 3670 8785 6179 8467 9412 8435 8129 10833 9107 8012 4032 7687 10394 8074 12010 3047 9478 10279 6235 5075 14281 6240 10865 9637 8347 7148 1382 9230 6501 5880 6362 8907 5192 8517 9582 10043 8450 7047 5500 6103 9525 10296 12120 5720 8578 6334 5075 8795 9639 5725 5322 8690 7884 2675 7822 4298 5438 10932 4714 7518 5824 6126 5607 10790 10374 8793 14740 5082 6738 3931 5752 6066 8289 10066
10309 10834 6840 10269 10649 17196 5379 11231 7441 6051 5471 6863 7185 7478 12220 10981 9674 6361 4860 8080 7224 12089 7940 5358 13613 5307 5279 11959 7647 9140 9397 12719 6750 11494 2904 10125 361 11627 11734 12958 6157 11118 13651 11250 4883 9264 5232 7590 9201 7959 12292 2393 6407 7106 9955 8439 919 9442 8196 6662 5351 9577 11177 10679 5398 5863 10303 5835 10388 9889 11855 7114 12111 3273 9180 8503 4395 10315 6863 9721 11270 10314 10000 12056 10297 9054 4893 9532 11937 10056 13539 3726 11281 11701 7680 5920 15992 6895 13445 10691 9504 8625 1678 10155 8115 6753 7446 11063 6334 10099 11461 12251 10028 8404 6390 6852 11510 11337 13919 6747 9962 7317 5596 9688 11134 7065 6082 9578 8885 3008 8816 4949 6624 12593 5454 8547 6707 7222 6279 12835 12429 9809 16308 6176 8285 4365 6485 7123 9226 11738
11672 11848 7855 12188 12657 19292 6344 13314 8378 6729 6308 7956 8306 8755 14563 12055 10835 7606 5756 9001 8458 13437 8743 6424 15326 6041 5882 13772 8572 11008 10440 15042 7732 12823 3237 12104 417 13121 13357 14030 6978 13365 15866 13420 5748 10243 5971 9076 10924 9617 13693 2786 7740 8077 12099 9656 1080 10678 9194 7318 6446 10758 12320 12184 6222 6497 11339 6680 12468 11046 14319 8332 14177 3879 10045 9340 5046 11556 7761 11721 13009 11366 11593 14041 12018 9964 5337 10364 14530 11786 15350 4100 12246 13255 8362 6984 18589 8362 14678 11770 10933 9925 1890 12392 9007 7647 8942 12044 7314 11749 12972 14022 11446 9259 7330 8283 13242 12749 16532 8010 11873 8888 6277 11876 13250 7966 6634 11162 9751 3288 10312 5402 7216 14067 5992 9643 7530 8356 6973 15408 14544 11916 17782 6789 9614 5179 7749 8288 10237 12885
12656 13268 8968 13041 13642 20793 7368 15642 9119 7622 7084 8937 9906 10175 16444 13739 11658 8814 6315 10689 9574 15814 9980 7280 16699 6833 6585 15690 9937 12821 12196 16400 8776 14336 3669 13604 461 14822 14795 16053 7841 15020 18310 15244 6240 12106 6507 9975 11764 10458 15214 3002 8593 9008 12999 11411 1270 12590 9928 8329 7249 12269 13294 13870 7020 7167 13245 7889 14490 13122 15324 8954 15983 4401 11621 10732 5758 13107 8913 13014 14002 12827 12573 15518 14039 11801 5890 11840 15639 13717 16570 4663 13584 14323 9737 7600 21441 9402 16438 12850 12905 11556 2143 14410 10099 9006 9914 13412 8237 12681 14274 16027 13545 10567 8290 9535 14902 14707 18538 8853 13347 9914 6864 13095 14813 9196 7621 12179 11325 3574 11363 6109 8254 15843 7014 10732 8538 9321 7827 16796 16661 13437 21421 7951 10488 5667 9091 9327 11952 14688

5749 6203 4811 6466 7394 10041 3846 8865 3842 4015 3628 4640 5082 4965 6646 6637 7115 4853 2609 6123 5338 8241 5267 3922 7763 3915 3826 6722 5108 6932 5404 6877 5026 7667 1941 5913 231 7297 8164 9344 4459 5924 9853 6145 3363 6977 3537 5534 4632 5987 8904 1419 4166 4405 6997 6371 448 6704 5818 4708 3510 6998 7461 8105 3175 3945 7549 3583 5603 5328 8514 3929 9377 1753 6603 4367 3131 5964 4940 7191 8173 7058 6254 8451 7509 7037 3136 6588 5683 6520 10769 2267 8326 7366 3780 4327 11478 5101 7746 8018 7209 5320 985 8148 5100 4128 4820 7285 3815 6506 7023 5793 5373 6043 4083 3845 7589 9022 7993 4633 6561 5388 4061 7549 6468 4845 3824 6946 5962 2223 6409 3561 4820 8936 3940 6764 4426 3654 4818 8455 7928 7391 10989 3971 4369 2503 4875 4263 6595 8680
5642 4740 4498 5641 6932 9074 2414 7249 3450 3879 2613 4041 4322 4278 6280 4879 4487 4731 2506 3888 3464 5670 3765 3480 5523 3598 3464 5940 3956 6371 4006 5800 4918 6255 1311 5795 195 5864 7646 6723 3078 5348 9597 5952 3331 5511 3253 4229 4103 5944 6499 1346 3744 3993 5327 4105 419 4384 4981 3884 2970 4266 5094 7747 3011 2560 5340 3408 4943 4656 6484 3472 7107 1518 4773 4016 2790 5499 3911 4940 4726 5541 5699 5686 5438 4201 2410 6392 5337 6302 7931 1708 6791 6010 3437 4194 9982 4638 7027 7057 5721 4599 944 5230 4398 3158 4078 5833 2668 5631 6286 5486 5207 4118 2888 3256 6198 8204 7866 4613 6204 4922 3642 4548 5028 4600 3248 6603 5499 1773 5827 2693 4270 6889 3311 4560 4226 3538 3511 7791 7923 5705 8978 3586 3682 2452 3881 3663 5883 8329
