150 4 2
205 194 87 32 195 28 199 73 65 281 112 139 128 242 67 94 1 192 145 147 213 99 48 165 1 161 136 94 120 125 77 149 111 35 247 94 1 143 117 45 209 215 58 56 213 113 24 71 107 221 81 90 45 36 99 1 194 106 91 95 179 33 29 169 49 86 212 94 30 65 4 1 61 113 151 40 35 163 86 144 82 91 1 47 163 146 54 29 132 173 142 1 146 62 164 86 101 98 70 96 269 164 220 106 49 45 182 139 130 120 86 46 102 1 222 93 207 1 107 236 165 103 125 48 104 185 56 190 29 170 83 55 66 1 66 85 1 211 142 277 77 132 28 119 1 116 273 49 1 168

27 54 27 30 6 34 22 4 19 40 14 12 23 50 46 10 7 26 3 28 9 49 23 24 13 6 46 44 25 30 25 16 30 28 1 36 4 9 25 19 10 26 1 33 1 11 43 26 13 39 19 27 4 17 6 23 15 8 13 18 11 14 35 12 14 30 36 10 5 1 22 17 15 1 20 20 32 1 50 16 29 1 1 23 18 11 34 14 35 23 49 4 11 1 1 17 1 37 29 37 42 5 35 24 10 3 10 31 15 19 17 1 30 20 28 14 8 6 47 1 29 17 36 31 26 1 21 32 39 15 45 26 20 1 9 28 23 20 3 22 21 21 21 1 15 26 15 16 21 31
38 70 31 44 12 42 38 5 20 71 19 17 37 62 70 20 28 46 8 38 39 59 34 41 26 14 60 57 31 31 30 35 35 48 3 47 30 13 43 31 12 32 17 51 11 17 44 28 31 45 27 35 13 40 25 30 24 15 18 28 21 21 43 24 21 44 37 11 21 23 39 30 16 14 35 36 41 12 59 17 32 12 23 38 21 20 52 44 36 25 57 13 18 20 2 27 6 44 40 41 53 15 53 27 22 5 28 37 21 36 30 12 39 28 42 34 24 14 63 6 39 26 37 34 27 13 38 44 52 16 46 37 32 13 15 45 36 24 29 32 32 22 35 15 35 32 30 20 22 44
54 73 36 63 28 54 55 11 22 91 24 28 46 85 74 21 29 61 17 67 54 62 43 44 31 22 61 64 32 55 41 53 46 50 15 61 42 24 62 43 13 37 31 58 46 19 50 37 43 49 36 43 27 52 45 36 31 25 37 36 26 41 54 38 24 54 43 20 31 24 41 45 20 19 42 43 42 34 76 19 51 20 24 63 31 27 59 64 37 40 59 16 25 29 11 40 18 51 52 48 65 17 63 38 25 14 33 38 29 37 34 20 40 40 56 42 31 38 81 13 40 46 58 44 37 16 51 48 62 17 60 46 45 21 33 47 47 25 36 40 39 36 58 25 43 52 36 28 39 56
65 97 44 77 33 62 68 20 26 107 29 38 54 89 77 38 51 75 23 78 72 65 48 54 36 23 74 84 49 61 61 74 49 58 38 71 45 27 79 50 20 39 43 67 59 26 53 57 44 53 50 58 36 61 53 59 34 48 44 49 36 43 56 39 38 65 50 27 35 31 53 58 21 21 43 69 44 36 81 25 67 28 27 92 41 28 68 71 44 52 72 38 45 45 36 54 31 64 70 61 87 35 66 59 45 18 38 46 32 39 40 27 66 51 58 43 41 54 98 20 52 48 80 49 45 28 78 58 65 38 63 52 65 31 38 62 50 40 40 65 41 43 75 43 56 55 49 41 52 74

13 10 11 5 15 6 17 22 8 25 13 1 20 22 25 22 2 18 15 1 13 1 6 10 15 21 4 8 6 26 2 1 1 3 15 2 9 9 26 5 10 21 14 17 25 5 17 1 1 10 13 10 2 7 9 1 1 15 1 6 16 20 9 1 23 3 11 4 5 16 21 26 23 29 1 3 1 14 15 23 27 12 6 1 13 14 15 12 2 19 21 10 16 1 5 18 16 15 1 2 3 4 7 24 1 4 13 22 25 1 3 2 25 8 13 11 8 16 10 1 8 6 12 13 5 2 20 1 36 12 1 10 21 1 14 11 3 1 3 10 1 10 33 17 22 5 15 5 12 1
30 29 22 6 18 19 20 32 19 26 26 28 33 39 32 40 20 44 26 31 14 14 17 23 32 29 17 16 20 34 14 2 12 13 17 17 11 15 36 16 30 26 20 22 28 20 19 25 17 11 36 15 5 13 15 25 3 19 16 7 27 23 11 4 36 31 22 15 26 30 30 37 41 30 19 18 9 18 41 40 48 19 20 25 16 15 16 25 15 26 42 11 22 10 25 39 17 28 5 8 6 23 23 25 27 5 18 24 36 11 10 6 31 17 16 12 15 26 11 13 29 20 25 29 16 21 39 7 48 14 18 14 22 9 24 16 15 8 7 34 3 12 52 27 27 19 20 25 24 12

4242 3872 9710 5633 8727 8831 10384 5556 8660 5423 2347 10288 4198 9658 5139 12547 5037 5163 10680 8168 3086 5551 9188 6177 9111 4594 9243 6112 9078 6152 6859 6583 5311 6015 10979 6207 11220 9504 6331 4880 4418 8012 3152 7774 14280 9758 8206 9571 4429 11076 9871 2803 8248 9413 9061 2237 7535 5211 4993 7916 9163 5013 6098 8467 8937 10604 9011 9538 11131 5182 10674 6201 5968 5491 14867 6206 155 6140 10664 8946 8063 5516 6384 15309 7104 3587 4060 9832 11187 11033 11124 5334 10289 4582 4546 5785 5913 4953 948 13195 13279 6750 7066 7663 7105 1315 8408 6257 9043 10492 5489 14297 13388 12291 11613 6626 6344 13506 7019 13953 14701 8557 9969 6321 5605 5204 4622 8814 9668 8711 8724 6213 2987 4487 6409 11935 4415 4648 8128 5329 8697 11283 10160 5693 5395 4628 11142 8105 9111 4528
5061 4298 11666 6869 10191 10946 12408 6424 9702 6110 2909 11495 4693 11245 6333 15619 5552 5733 12592 9181 3643 6292 10192 7177 10247 5672 10588 7505 10660 7339 7939 7703 6430 7353 12983 7498 13266 11703 7560 5924 5125 9974 3801 9417 17425 11377 9802 11278 5448 12388 11439 3104 9728 11544 10407 2672 9169 6408 5653 8831 11068 5700 7240 10154 9913 12093 10418 11662 12473 5980 13018 6958 6579 6656 18063 7205 172 6804 12425 10565 9670 6658 7879 18928 8380 4253 4859 11333 12416 12428 12904 6399 12363 5476 5589 6492 6721 6122 1110 15563 16441 7650 8216 9420 8395 1522 9453 7686 10784 12435 6424 17380 15411 13865 13907 7415 7751 15459 8701 17133 17693 10378 11202 7064 6712 5925 5704 9796 11236 9748 10577 6968 3465 5316 7642 13448 5142 5620 9391 6459 9789 12427 12589 7107 6398 5602 12374 9819 10746 4994
5752 5087 13336 8133 12181 11852 14204 7235 11786 7336 3166 13537 5378 12970 7232 18462 6105 6393 13785 11088 4092 7535 11710 8004 11825 6175 11634 8935 12293 8070 8924 8791 7359 8312 14410 8601 15567 13776 9063 6568 5617 11759 4326 10260 20390 12755 11408 13646 6133 14995 13757 3588 11016 12958 12054 3044 10116 7558 6459 10322 12868 6297 8738 11374 11904 14441 12339 13301 14303 6665 15611 7869 7341 7543 20415 8553 189 7813 14207 12590 11563 7213 8889 22224 9758 4688 5330 13691 14973 14525 14757 7661 14832 6544 6479 7331 7723 6789 1298 18768 18553 9254 9632 10205 9453 1813 10768 8315 12067 13940 7507 19670 17028 15510 15632 8752 8702 17432 9451 19094 21027 12173 12931 7806 7408 6794 6665 11561 12589 11682 11500 8313 4198 5861 8358 15679 6162 6605 11231 7562 11368 13654 14372 7799 7163 6338 14038 11595 12923 5725
6288 5806 15401 8770 13845 13881 16493 8569 13480 8015 3744 15453 6387 15084 7930 21110 6716 7313 16326 13077 4456 8534 13887 8710 13205 7060 12737 9676 13702 8958 9677 9821 8621 9234 15868 9865 17965 14821 10330 7659 6592 13603 4884 11435 22741 14910 13304 15279 6777 16973 15786 3916 11866 14844 14230 3324 11553 8651 7451 11461 14231 6864 9677 13202 13414 16253 14084 14762 16469 7475 17546 8641 8505 8129 22367 9445 226 8534 15323 14776 13225 8275 9889 24508 10719 5251 5992 15048 17066 15921 16470 8439 16937 7133 7253 8637 9193 8025 1422 20490 21773 10668 11101 11421 10549 2058 11786 9119 13873 15348 8103 22894 20030 17376 17625 10247 9395 20739 10212 22575 22926 13097 15326 8849 8643 8013 7406 12939 14974 13060 12651 9781 4647 6847 9951 17956 7119 7283 12792 8261 12768 16397 16011 8429 8148 7002 16193 13477 14743 6179

2210 3184 8561 4393 7394 5783 7938 4177 7244 4683 2062 8410 2978 6336 4408 9304 4476 3789 6393 5343 2128 4994 6535 3816 6806 4035 6462 4520 7900 3662 4776 5686 4625 5338 7023 5444 9353 8204 3815 4291 3235 5800 2236 6700 9470 7870 7181 6449 2940 9911 8562 2124 6948 8011 7660 1917 5176 4373 4369 4885 6487 4256 4509 5882 7348 9264 8060 6983 8842 4240 8413 5207 4171 4741 10806 5217 121 3566 7922 5879 6029 4358 5615 9170 5739 3177 3637 8786 7486 9648 9715 4242 7590 2705 3748 4786 5182 4055 851 10422 10583 5623 5801 6807 4395 1018 7451 5135 6625 6957 4199 10397 9398 10259 8985 5109 4878 12129 4643 9178 11033 7478 7976 4772 3991 4426 3861 7055 8247 6860 7010 4275 2488 3535 5415 10500 3768 4027 6751 4195 7809 8399 7766 5095 2978 3633 8108 6407 7582 3984
2162 2438 8266 3927 5017 4669 6994 4062 5084 3787 1602 5803 2178 5594 3222 8903 2584 3405 5840 4530 1946 4091 5994 3760 6081 2606 4976 3288 6030 3355 4192 5555 3108 4544 6007 4434 6937 8056 3651 2956 2733 4430 1918 5856 7451 7645 6030 5275 2905 8192 6879 2062 6314 6249 5455 1611 4530 2745 3740 3994 6346 2917 3742 5484 7162 6059 7802 5372 5580 2915 6658 3218 3665 3168 7497 3290 98 3257 5619 5196 5215 4331 5546 7661 5145 2259 3472 8106 6522 8736 6861 2818 5320 2323 2685 4742 5045 3339 722 9867 9222 4704 5556 4757 4129 991 5469 3900 5225 5466 4129 9073 9116 8103 6681 4386 4589 10825 3722 6978 8020 5441 7151 4254 2826 4158 3551 6556 7807 6323 6745 3704 1791 3080 4416 7222 3058 2851 6456 3875 5612 8174 5518 3846 2852 3571 5820 5239 5009 3274
