150 4 2
1 108 67 223 102 60 27 94 59 72 149 232 128 252 72 206 77 9 150 164 207 1 59 33 50 199 119 145 1 253 123 255 43 171 1 70 74 162 89 282 116 23 166 20 285 242 171 5 246 16 87 1 21 1 171 205 40 59 131 151 191 115 64 122 60 132 98 55 198 125 52 174 99 196 164 97 126 217 189 79 207 117 146 192 108 55 92 93 27 64 91 35 1 80 161 135 1 169 189 1 208 165 1 59 61 13 34 121 93 1 122 86 4 103 109 62 1 1 157 130 93 63 2 183 1 315 251 102 1 34 7 21 1 134 88 114 176 188 180 65 148 63 198 133 104 214 20 68 48 107

20 21 10 34 25 24 27 1 1 21 10 38 22 35 7 18 19 21 19 3 2 30 14 15 1 29 1 24 7 39 29 22 9 12 28 25 32 11 47 27 15 42 22 19 20 37 1 23 33 35 24 27 12 31 16 8 25 34 21 16 35 1 16 17 39 12 26 6 12 29 17 22 26 26 7 27 22 28 7 22 1 38 1 12 69 25 3 31 34 33 1 11 33 27 35 18 41 11 55 16 7 1 18 24 4 22 10 5 26 13 19 23 69 6 32 12 20 58 46 40 33 35 1 17 6 15 20 30 38 34 41 16 12 13 21 8 34 33 38 27 25 22 26 53 29 37 31 24 26 17
36 47 23 42 41 49 32 11 3 31 31 40 45 39 21 38 20 35 25 4 14 42 20 19 15 46 11 34 21 49 34 29 19 18 29 30 47 26 56 32 24 45 31 24 35 38 13 39 48 54 33 28 28 35 28 12 42 35 27 21 39 13 25 43 51 27 47 21 18 31 18 25 31 27 8 30 24 30 17 26 17 49 20 33 76 26 13 50 35 57 22 23 43 28 43 27 42 15 68 24 39 23 23 25 24 44 26 7 42 41 29 38 75 19 35 24 37 72 60 44 45 44 13 30 7 32 34 34 45 58 49 17 24 25 29 16 35 57 57 42 33 25 34 61 47 42 43 27 35 38
54 60 33 44 47 54 42 30 11 47 37 62 60 41 23 52 27 39 42 5 33 59 24 28 28 59 16 41 26 76 35 47 34 24 46 31 52 32 64 37 31 48 32 44 54 46 25 43 58 73 56 37 36 38 36 34 53 38 39 32 40 31 26 55 67 44 50 26 36 44 26 27 48 41 22 49 27 41 36 42 19 61 21 46 91 44 25 62 36 58 24 47 47 41 63 28 45 22 80 34 54 43 34 44 26 46 36 16 49 57 37 45 79 27 53 36 42 81 71 56 49 45 32 42 25 48 41 44 58 59 50 28 33 35 48 33 45 64 66 43 44 32 53 71 58 57 63 42 59 43
55 71 45 51 58 68 46 50 29 48 51 73 72 48 37 55 47 46 43 8 52 68 47 39 29 66 29 50 27 92 42 55 43 32 61 39 64 43 77 39 44 67 41 51 68 50 34 46 67 85 63 40 44 58 46 51 63 50 59 39 55 48 31 74 68 58 67 46 45 47 36 31 50 49 30 62 29 42 45 62 26 68 37 62 92 58 41 65 46 63 43 52 54 44 64 29 46 23 86 41 65 47 45 52 46 51 42 24 73 64 45 54 95 28 73 37 51 87 89 61 52 52 44 43 28 82 42 53 67 69 54 34 50 54 56 51 64 68 83 49 52 37 67 72 62 58 78 56 67 50

12 15 13 4 5 21 14 17 10 2 19 5 9 15 4 14 14 10 10 8 20 1 13 9 13 1 17 14 8 17 15 9 9 7 15 1 8 3 3 4 10 11 1 14 18 6 19 14 19 21 12 1 19 4 19 14 4 7 17 12 26 1 12 14 5 5 23 7 4 11 20 1 8 23 24 4 5 1 2 13 16 3 11 15 1 1 14 1 8 9 11 1 1 7 15 14 9 14 1 18 6 24 9 11 1 1 1 1 10 14 19 1 1 7 24 1 3 12 17 3 13 19 10 14 1 23 8 12 15 1 25 2 18 21 5 8 3 17 18 6 3 13 3 16 17 4 11 20 1 18
17 20 31 5 29 27 31 18 13 8 26 8 19 30 5 15 30 25 11 26 34 11 26 10 14 11 44 29 23 25 29 20 20 23 22 2 28 9 8 15 19 22 15 34 23 25 31 34 41 34 18 8 27 25 20 31 28 20 30 17 39 13 21 29 19 20 40 8 10 14 35 12 27 40 32 10 17 3 18 44 33 20 19 17 11 18 27 14 12 16 20 15 15 15 33 17 26 19 19 26 11 42 29 21 6 19 5 25 29 15 25 2 12 24 28 4 4 24 34 6 27 20 27 30 2 31 9 21 25 17 35 30 26 25 8 9 7 34 25 11 16 27 4 29 39 22 28 26 3 31

1691 9724 5810 9735 5851 10153 9655 8249 6165 11564 7079 11368 8583 4717 8783 4232 5138 9890 4691 9528 11405 12951 8130 4004 4354 5765 7207 10636 1818 10299 9690 5522 5714 4770 9669 7935 11064 9093 4885 11129 10051 6054 5196 496 14983 5276 3504 4759 12163 12013 10339 9778 9268 9747 10963 9609 10278 6286 6845 128 5555 10164 6205 4593 3346 7457 7931 10140 6116 5248 3806 5943 3991 10994 767 6179 5983 8960 11233 7008 13370 5024 10089 4989 10287 4756 4200 6853 12684 6547 6201 3213 9518 8249 4225 1326 8273 9033 10011 8593 4303 4536 13350 6499 4653 10272 5746 8576 3893 3708 8538 8413 2685 9032 6492 5227 6592 3788 10277 9070 9837 4536 4335 5088 6647 6377 10898 10015 5743 8323 5194 7013 12951 7772 11058 7038 10815 8728 10709 12096 6525 9953 8735 10977 4146 7817 5291 8085 9913 1773
1997 10806 7046 11680 7261 12488 11871 10182 7687 13410 8070 12741 10406 5480 9774 4656 5833 12290 5685 11209 13301 15258 9648 4548 5375 6785 8452 12950 2008 12005 10985 6611 6566 5867 11134 9698 13730 11029 6032 12509 12317 7454 6453 565 18194 6108 4227 5578 13446 14317 11431 10948 10859 11424 12933 10952 12229 7459 7820 157 6886 11442 6833 5215 4035 9087 9316 12250 7317 6144 4222 7252 4402 13706 854 7359 7414 10538 13334 8196 16207 5843 11513 5847 11919 5278 5128 8540 14401 7379 7662 3551 10758 9585 5062 1639 9651 11244 11573 10701 5095 5386 16496 7555 5347 12260 6637 9808 4637 4503 10392 10243 3285 10739 7936 6108 7887 4223 11993 10669 11424 5663 4948 6120 8249 7917 12305 12112 6756 9205 6275 7971 14761 9586 12196 8586 12100 10441 12552 14407 7255 11736 10144 13587 5060 8712 5827 9630 11961 2056
2402 12023 7973 13830 8412 14389 13593 11990 9087 14851 9367 14583 12154 6296 11436 5182 6629 14090 6587 13352 15615 17085 10878 4979 6017 7638 9309 14408 2397 13667 12420 7411 7820 6887 13406 11033 15224 13275 7183 14192 13694 8781 7563 679 20629 7276 4817 6685 16161 16494 13918 13055 12628 13179 15107 11977 14588 8967 8514 170 7478 12617 8190 6112 4377 10291 10448 14502 8278 6935 4997 8208 5074 15598 970 8086 8488 12452 15268 9255 18361 7053 13710 6400 13791 6273 5728 9953 16816 8817 8600 4091 13010 10739 5509 1930 10528 13059 13414 12820 6070 6473 19322 8863 5993 13437 7867 10939 5258 5052 11352 11220 3794 12627 9178 6904 8777 4780 13526 12933 12825 6356 5620 7305 9237 8732 13935 14053 7993 11181 6934 9491 16731 11355 14642 10073 13484 11870 14918 16011 8696 13568 11899 15716 5958 10617 6581 11073 13467 2384
2577 14173 9326 16135 9438 16002 15455 13421 9800 17170 10611 16351 13171 7183 12915 5671 7753 16179 7272 15444 18096 19599 12264 5490 7071 9006 10879 15740 2646 15512 13516 8520 8979 7535 14813 11933 16837 15155 8235 16701 15721 9476 8500 742 23418 8377 5439 7623 18426 17810 16281 15112 14690 15450 17041 13574 16853 10085 9849 200 8361 13933 9056 7246 4735 11585 11460 16592 8946 7830 5485 9025 5790 16831 1113 9610 9698 14036 17940 10582 20787 8133 14755 7528 15726 7383 6723 11195 19699 9872 10112 4671 14093 12773 6499 2158 12190 14064 15617 14268 7015 7193 21011 9597 6827 15901 8704 12025 6077 5707 12744 12151 4089 13781 10707 7458 10118 5407 15652 15119 14826 6968 6364 8528 10776 9805 15157 16084 8978 12944 7523 10941 19385 13270 16379 11500 15657 12827 16480 17992 10140 15457 12879 18188 6710 11582 7888 12072 15096 2739

992 6070 4947 8548 4867 6250 7865 5386 5016 7569 5346 8270 7068 4102 7621 2985 3226 7477 3293 7994 9764 11195 5982 3485 3105 5172 4227 7662 1272 8043 7597 4907 3011 3571 5866 6801 7036 6181 3693 8597 8043 5049 4574 447 8132 4506 3113 3387 8179 10353 8015 7831 6107 6394 7340 7175 8527 4278 6051 111 3534 8697 4865 2897 2182 4907 5096 7182 5453 3148 3334 4021 2630 8763 677 4793 5100 7913 9475 4490 10585 3704 8617 4262 7632 3862 2716 6156 10312 4481 5440 2663 7268 6620 2589 1048 5561 6398 7339 6208 3687 3988 10057 5253 2887 7450 5142 6964 3437 2282 6320 4952 1461 6810 5274 4289 4533 2406 6419 7961 7281 3178 3666 4189 4167 5361 8739 6643 3380 6098 4418 6188 10556 6536 9777 6103 6695 6614 9413 10773 4002 7040 5893 8081 2173 6622 4672 6541 8281 1440
921 4935 4108 7650 3717 5260 7150 4428 3154 6708 4980 6638 5777 3150 4558 2709 2902 6940 2807 5895 9154 7295 5455 3466 2888 2956 3609 7565 1017 6013 7201 4818 2955 2815 5346 6714 6570 5747 3007 8559 7793 4966 2838 311 7680 4233 1877 2938 8087 7437 6665 6005 6080 6085 6137 5755 6654 3370 4218 96 3421 8675 3525 2338 1973 4453 4023 5754 4534 2999 2986 3666 2575 6375 613 4692 4822 5402 7065 4102 7768 3686 8294 2677 6334 3833 2337 5697 9334 4080 4063 1764 4956 4887 2227 955 4976 5714 5504 5847 2372 2762 7128 5163 2827 6690 3168 5121 2233 2083 5308 4788 1428 5257 4764 3071 3350 2151 5972 5094 6909 3167 2477 4013 3937 3986 6005 6630 3237 5367 3019 4984 6798 4745 8358 5490 5578 5936 6004 9402 3672 5836 4488 7770 2143 5438 4635 4143 5203 1128
