150 4 2
235 219 136 21 81 100 64 4 196 134 130 168 48 24 60 150 140 19 53 1 23 1 60 17 22 152 89 56 1 4 29 112 79 172 1 133 73 106 70 166 131 188 156 116 1 1 161 40 30 109 48 261 11 1 190 42 65 120 68 86 124 208 162 5 45 138 206 169 87 137 98 60 176 147 2 214 1 30 181 174 202 61 48 1 112 93 87 159 107 61 187 244 119 93 78 1 157 148 55 8 65 50 120 158 98 108 88 52 212 179 134 107 134 156 78 92 103 62 89 139 172 98 79 71 110 37 35 95 235 78 153 213 72 83 180 89 148 119 101 141 71 163 16 41 85 1 20 177 119 43

45 14 1 30 29 14 19 19 2 22 25 4 31 11 32 15 51 13 19 1 25 27 27 5 1 1 23 1 1 17 1 33 21 9 15 10 24 27 33 43 17 28 8 1 21 44 26 14 1 47 10 6 16 19 14 23 30 16 12 1 22 4 22 53 25 36 22 37 28 1 6 29 17 5 32 14 18 15 12 15 15 17 23 26 9 29 33 31 1 19 17 9 28 23 12 32 26 6 26 23 24 7 14 6 4 2 36 56 33 39 14 21 36 46 1 27 30 23 5 32 24 17 33 17 54 1 1 16 5 7 9 43 28 45 1 5 11 32 37 4 15 38 5 1 3 9 28 44 27 33
47 18 14 42 37 37 21 28 4 25 37 12 36 22 50 25 63 17 26 15 36 28 30 6 9 4 33 4 11 29 19 48 37 20 31 15 28 34 37 54 18 31 16 14 38 62 37 21 7 52 23 32 30 34 40 42 39 25 16 14 38 9 33 68 43 52 24 51 34 5 13 47 18 7 54 29 34 21 14 28 27 41 32 40 27 35 34 46 12 20 22 16 41 34 25 37 29 13 57 24 25 19 24 9 25 6 62 61 38 55 25 25 42 54 22 35 47 38 10 40 25 24 36 30 72 6 19 24 7 11 10 48 38 62 25 27 15 52 41 5 16 48 24 19 23 21 45 62 31 44
57 27 18 43 46 54 24 36 26 27 38 22 53 41 69 32 80 26 38 30 48 32 32 25 31 18 55 27 12 39 31 55 50 41 57 34 30 51 53 68 28 33 35 15 47 76 49 37 25 80 37 39 45 39 45 61 51 33 29 34 39 16 42 71 65 61 29 54 39 31 26 49 26 23 67 40 45 34 18 39 52 54 53 44 39 49 36 48 14 43 39 40 43 52 39 38 33 28 68 30 44 50 29 26 50 7 80 62 48 61 29 39 48 64 43 52 57 74 30 49 34 31 48 37 91 15 46 43 43 15 14 59 41 68 39 41 16 73 46 16 20 55 47 33 38 34 51 78 49 45
76 37 22 44 49 66 35 61 29 44 51 35 68 43 82 49 87 33 62 47 58 40 57 31 35 23 58 34 27 43 48 58 65 52 67 37 43 74 60 77 37 44 51 29 64 94 54 45 29 97 39 51 61 59 56 78 56 37 47 43 44 18 49 92 79 68 48 63 55 35 37 65 44 31 85 56 52 35 34 45 59 75 65 55 45 83 48 54 15 55 60 59 49 64 58 51 67 37 70 39 57 56 36 38 54 8 88 74 57 67 40 46 49 72 57 59 62 89 61 68 35 57 62 53 99 34 64 51 55 23 17 74 50 75 55 44 26 76 62 29 30 70 65 56 50 46 60 90 70 62

1 8 17 4 1 1 8 32 22 4 24 13 11 7 1 7 16 5 22 7 1 5 10 30 1 3 14 5 18 19 2 3 19 14 10 14 1 4 18 31 15 4 9 1 15 10 8 13 3 18 15 21 24 14 1 11 3 3 1 1 13 8 17 1 8 3 21 7 5 9 13 1 13 24 2 10 17 14 9 17 28 25 19 7 3 8 7 1 9 1 12 12 8 16 10 18 8 1 1 11 4 27 12 14 8 21 19 12 7 9 1 21 15 1 15 8 12 1 11 16 9 18 4 1 14 14 25 11 6 19 13 20 14 15 8 1 1 6 4 1 8 15 15 15 6 14 9 12 17 7
5 22 34 21 23 15 13 33 31 22 44 16 31 13 9 12 25 19 41 10 8 11 17 46 9 13 26 19 27 33 14 4 48 25 11 15 13 15 32 33 33 11 23 12 25 12 29 34 11 48 29 36 43 30 19 26 24 13 21 5 19 23 43 16 23 20 39 29 10 18 29 7 19 42 4 11 22 15 16 32 38 34 23 19 18 13 16 14 15 4 20 13 20 37 12 34 33 14 5 29 21 34 13 18 9 24 31 25 18 24 2 25 42 11 22 12 15 8 19 28 30 19 28 13 26 27 50 25 8 29 26 25 15 29 10 2 16 10 10 24 15 38 17 37 7 16 20 29 25 31

8957 5492 9543 7804 8508 8697 9237 11162 9105 13576 8345 13338 5467 5635 4860 8996 2898 7625 10276 10005 2458 10179 3773 6822 9910 5736 4131 5815 11514 3986 2413 3933 6760 5131 8609 5797 9365 10210 3778 7980 4818 12776 1110 10086 3946 2961 13374 7444 3843 4801 5717 4468 7484 9951 4147 9427 3879 1002 10362 3886 3814 2553 1895 4547 9450 10076 8521 6448 4053 9254 9152 8372 4617 7166 9718 9525 8965 4690 8727 4528 8241 7685 4475 8261 12025 5730 8579 8747 8158 6591 2394 1820 5575 9719 6312 10311 9991 569 5399 8614 7846 9346 7659 2987 12903 8067 9356 7416 5352 4104 8356 792 8069 7102 7744 2600 9887 12516 8394 6106 1395 259 8042 4613 8329 7801 2647 6331 5066 5248 6211 4522 4381 9282 5799 10265 12802 4139 8110 4455 9979 9429 9952 8197 5559 8001 6120 11883 6751 7968
10500 6851 10891 8615 10166 9612 10490 12460 11228 15537 9514 16582 6038 6607 5459 10057 3464 9196 11463 12266 2719 11960 4320 8364 11949 6838 4740 6672 13430 4619 2878 4687 8245 5954 10527 6584 11255 12375 4607 9252 5462 14864 1277 11394 4419 3362 14836 8243 4634 5631 6854 5054 9336 11725 4976 10555 4505 1227 12663 4581 4403 3094 2123 5487 11278 11308 9771 7697 4664 11194 10877 10292 5467 8243 11928 10768 10991 5544 9855 5128 10034 9147 5281 9861 14685 6855 9749 10139 9434 8014 2891 2076 6622 11922 6991 11444 11125 648 6513 9559 9416 10898 8963 3660 15276 9892 10358 8280 6174 4869 9679 871 9188 8595 8672 2905 11817 14666 10345 7147 1597 300 9237 5175 9779 9486 3107 7841 5726 6081 7040 5580 5076 10842 6517 11534 15114 4654 9222 5186 11040 10986 12345 9445 6495 9097 7296 13854 7784 9504
12406 7586 12764 9798 11264 10842 12562 14620 13131 17906 10844 18438 6995 7766 6265 11118 4033 10218 13829 14521 3050 13758 5234 9881 13314 7487 5629 8064 15380 5458 3345 5581 9276 6517 12427 7890 13549 13743 5045 10876 6412 16539 1530 13773 4878 3660 17605 9087 5040 6680 7932 5719 11079 14013 5405 12357 5279 1355 14968 5024 5287 3422 2373 6608 12702 13198 10852 8997 5319 13023 12785 11998 6262 9486 13770 11994 12591 6680 11040 6072 11402 10064 5872 10832 16824 8057 11163 12263 10849 9457 3470 2320 7345 13929 8433 13658 12364 767 7094 10631 10240 12757 9759 4264 18430 11429 12441 9285 7109 5408 11706 1053 10314 10081 10145 3322 14164 16927 11721 8004 1907 347 10254 5892 11567 10514 3747 9411 6505 6912 8054 6211 5729 12759 7690 13547 16796 5244 10790 6282 12500 12385 14008 10672 7487 10870 8789 15456 9202 10363
14459 8437 14021 10873 12442 11782 13751 16905 14391 19271 12677 20577 7932 9037 7113 13055 4571 11256 16162 16695 3477 16291 6165 11558 15751 8766 6248 8700 16932 6301 3935 6020 10166 7695 14295 8625 14512 16202 5877 11931 7571 18465 1710 15148 5485 3958 19660 10425 5987 7267 8659 6236 12614 16429 6162 13411 6216 1568 16832 5453 6239 3783 2775 7130 14173 14384 12506 10504 6043 15245 13751 14061 6770 11249 16129 13194 14569 7153 12630 7181 12625 11126 6544 12343 18924 8765 13006 13480 12472 10133 3980 2649 8277 15751 9182 16218 13963 904 7758 11686 11920 14884 11566 4572 20771 13345 13729 10610 8428 6123 12652 1232 11295 11124 11521 3946 15346 18587 13347 8775 2198 407 11813 6756 13494 11384 4049 10842 7690 7522 9228 6970 6328 14510 9036 15120 18230 5748 11872 7142 14043 14238 15358 12332 8106 11844 9516 17720 10080 11429

5691 4096 8141 6593 5865 6832 7842 9166 7876 10528 4533 9202 3900 4210 3393 6054 2123 5590 8939 6683 2212 8974 2703 5513 8801 3823 3018 4866 10281 2912 2147 2773 5407 4267 7071 4361 5941 6555 2798 5406 4017 10049 702 7502 3548 2656 9321 4885 3450 2609 4882 2809 5010 7271 3689 6283 2675 768 9017 2719 3285 1833 1622 3212 6160 8359 4917 4777 3289 8278 7114 6671 3154 5762 5921 6264 7898 3822 7840 3366 7381 6222 3853 5395 8712 3683 7619 7711 6117 5895 1774 1209 3770 7060 5080 8936 8725 459 4834 7085 6635 7747 5136 2613 8757 7142 6011 5253 4492 3270 5239 647 6945 4417 6583 1906 8533 9672 7461 4572 1136 153 6753 4020 6512 6138 2012 4611 3101 4273 5316 3384 3200 8322 4898 9146 8346 3357 7031 3766 8614 8194 6942 6907 3430 6733 5462 8492 5386 6951
5591 3939 7870 6151 4815 5141 6963 9123 5036 7579 4357 8433 3340 3047 3353 4707 1460 5158 6525 5552 1936 5450 2302 5350 7497 3776 2988 4178 7973 2043 1989 2368 4356 4212 6483 3678 5867 6185 2023 4621 3590 9018 573 7349 2310 1893 8069 4862 3210 2435 4814 2543 4789 5356 2853 5645 1953 767 6401 2051 3231 1668 1062 2915 5371 7348 4684 3677 3215 5851 5442 4429 2832 4902 5387 5251 4784 2811 5799 2500 5714 4274 3265 5296 8460 3090 4385 6562 6043 4742 1725 982 3068 6352 5034 7756 6939 297 4259 6320 6517 5526 4672 2556 8678 5801 5643 4843 3838 2988 4935 401 6683 3996 5667 1781 6264 7193 4902 3388 872 150 4533 2698 4524 4953 1445 3475 2932 3477 4032 2870 2680 6512 4543 8859 7027 2653 6210 2301 5860 4781 6865 5623 3312 6029 4061 7806 3814 6039
