150 4 2
45 96 115 90 30 154 208 140 202 6 26 151 1 80 114 1 67 175 52 5 186 125 120 36 73 239 67 86 81 48 151 1 146 69 1 147 115 56 96 49 157 1 202 124 46 90 153 169 67 60 1 221 98 159 153 37 1 73 134 116 58 203 1 1 141 216 193 72 276 107 59 43 149 114 202 14 1 148 170 136 190 178 124 64 39 93 238 257 114 200 166 31 144 50 29 141 148 231 108 188 162 67 1 271 219 32 167 129 210 39 129 185 165 186 128 1 1 98 1 237 1 25 79 219 13 13 30 90 149 93 111 83 1 87 1 269 1 57 185 103 131 108 96 93 88 153 1 159 173 133

39 9 11 1 1 42 18 20 37 16 21 6 28 23 37 22 22 30 3 23 25 24 21 12 39 13 33 42 1 20 1 29 8 28 16 15 22 4 22 1 26 1 28 38 44 10 6 25 32 32 15 30 48 31 32 1 9 22 1 36 50 28 16 32 3 32 1 22 19 26 38 2 45 17 27 17 9 17 40 27 18 28 16 1 13 2 49 32 26 23 23 3 1 1 30 23 8 27 33 32 6 13 33 10 23 7 30 4 23 10 25 1 33 39 21 42 47 42 36 11 11 21 3 23 34 19 17 1 60 20 14 2 5 8 11 1 2 15 32 45 27 15 19 32 29 14 6 21 28 22
51 25 27 11 16 43 30 35 38 31 29 8 48 37 40 27 23 41 27 49 31 32 35 18 47 20 50 46 10 23 17 33 9 50 35 29 35 5 27 18 27 8 36 56 46 25 11 44 41 37 16 43 58 38 39 16 15 26 4 49 57 32 17 52 7 45 5 23 20 42 39 25 46 31 35 25 26 26 54 48 30 36 34 14 31 11 53 48 48 28 37 10 11 2 37 46 16 39 34 50 15 21 48 13 33 13 35 14 41 11 42 9 38 49 27 47 49 54 53 23 17 29 9 29 46 26 24 19 86 27 25 11 21 35 29 13 12 21 44 53 47 35 24 49 45 37 11 35 35 23
61 31 36 12 25 58 38 43 56 41 37 9 56 41 46 32 29 54 34 53 32 52 46 30 56 21 64 59 17 31 24 50 31 70 45 35 48 15 38 27 37 32 51 66 63 32 15 59 59 38 25 57 70 46 56 19 16 45 17 70 67 35 24 60 24 61 11 29 28 43 56 38 69 51 36 30 30 36 71 54 36 54 47 21 39 19 71 56 67 38 38 17 32 5 59 52 36 51 58 77 36 51 66 18 38 25 56 22 51 13 59 10 44 58 29 56 54 64 65 40 33 47 10 44 47 51 50 32 92 30 26 21 23 36 39 25 19 33 59 65 71 36 32 52 64 62 17 58 42 29
78 37 37 40 35 71 40 49 68 48 43 30 61 54 66 39 46 63 37 59 46 74 58 31 59 34 80 65 24 46 35 55 51 76 67 61 50 27 42 30 39 33 60 94 64 36 16 61 60 41 28 67 84 54 68 31 33 57 22 78 87 36 31 74 32 71 14 46 47 54 61 44 81 63 52 31 39 37 73 59 47 57 49 28 44 42 81 68 93 41 42 32 34 17 85 56 39 58 71 78 57 55 94 27 52 31 77 30 71 21 74 16 47 76 30 66 81 88 76 53 48 65 33 47 62 73 58 45 98 40 30 27 24 57 51 30 32 38 63 69 81 38 43 55 72 81 23 92 53 41

8 9 1 7 25 21 1 8 18 12 6 9 1 22 3 19 5 1 17 1 7 6 12 13 7 10 17 5 11 13 26 6 13 1 11 1 21 1 9 24 2 23 7 23 6 8 10 4 2 12 17 5 7 3 2 4 1 3 6 15 9 15 6 5 5 14 10 13 1 1 5 3 11 3 12 2 10 11 6 14 2 1 12 20 11 15 16 7 14 11 11 9 17 14 4 1 3 11 16 4 8 5 5 14 1 17 8 1 20 13 12 9 21 26 14 3 2 5 15 25 13 14 12 10 19 22 5 11 6 17 19 11 18 5 3 7 15 11 10 9 2 7 10 9 21 8 7 3 5 1
24 14 7 10 28 43 2 14 19 15 27 22 13 39 19 21 21 16 32 3 35 16 15 14 20 23 27 24 17 26 40 11 18 6 12 11 26 7 14 43 18 30 17 46 16 13 26 14 8 34 30 6 32 11 31 23 20 15 7 30 21 30 19 18 14 29 14 20 9 25 14 8 26 19 13 5 23 14 30 22 9 3 17 21 20 26 32 8 15 15 20 19 18 18 8 7 4 29 26 17 20 31 23 22 22 21 10 10 21 25 33 21 23 31 27 27 4 11 27 47 19 35 29 25 31 34 17 12 13 21 27 25 25 9 15 23 22 31 16 12 18 10 20 16 30 20 21 16 32 19

7496 9685 10687 7762 10003 7814 9508 10887 5420 6407 8641 7563 8777 5651 5088 8075 8688 6300 4541 4154 5569 8219 9639 10524 8544 7153 8458 12930 7339 4700 5329 9171 11525 14799 6839 3873 4171 7293 10272 5807 4358 11068 9309 10886 4787 9203 6773 7072 14775 8280 6228 9672 6830 6858 1253 6869 11038 12796 7718 8248 10497 8612 7058 12190 8388 10167 10552 7475 7126 11444 6366 5621 4353 5565 6879 3965 5451 5301 10987 9059 10798 4761 10670 8422 10256 4947 5797 12908 10369 596 6575 10192 8755 8821 3433 3210 9831 5921 9993 6837 9674 7845 10757 8231 9128 2133 9864 8672 9193 4525 6446 4912 4024 8695 10402 9529 5533 8597 11642 13363 5108 8671 8307 4757 4981 385 4421 933 8008 9895 8354 10386 8770 13798 9693 8791 881 8887 13525 4976 1487 9148 10520 4433 7151 10321 4003 10822 7085 4902
8602 11054 12217 8776 11530 9460 10870 12910 6621 7610 10530 8394 10365 6700 5691 9087 10581 7352 5428 4592 6320 10044 11550 13006 10422 8466 9738 14752 8943 5826 5984 11323 14110 17041 8273 4571 5034 8058 11870 6425 4858 13411 11024 13262 5568 10858 8101 7788 16814 9512 7444 11338 7813 7818 1535 8193 12890 14594 9465 9723 13051 9975 8362 15005 9406 12166 12187 8820 8675 13144 7009 6245 4967 6869 8338 4467 6620 5886 13267 10506 13082 5836 12563 10524 11967 6160 6400 14615 12115 681 7901 12489 10632 9773 4090 3913 11689 6628 12472 8246 11834 9624 12856 10016 10261 2506 11333 10355 10651 5623 7213 5464 4594 10182 12327 11165 6806 10108 13875 15850 5826 10026 9188 5376 6200 466 5165 1146 9921 11100 9470 12454 10873 15366 11509 10022 1052 10884 16336 6201 1637 11381 12976 4903 8879 11735 4635 12311 8365 5574
9787 12671 14833 9800 13960 10937 13108 14284 7507 8947 11699 9729 11438 7769 6795 11028 11931 8191 6345 5340 7069 11955 12750 15131 12441 10116 11534 17011 10128 6539 6742 12408 16768 20726 9741 5143 5672 9679 14203 7776 5842 15763 12871 14568 6193 12908 9230 8627 19505 11376 8344 13681 8732 9267 1693 9585 15322 17009 11047 11519 15674 11228 9730 16901 11419 14365 14068 9797 9787 14326 8174 7614 5429 7487 9881 5143 7171 7156 15386 11919 15094 6556 14839 11610 14491 6881 7624 17755 13855 774 8997 14358 12618 11117 4937 4620 14135 8064 14639 9222 13389 11439 14495 10926 12138 2848 13058 11803 11790 6540 8425 6207 5228 11655 14154 13389 8038 11687 15490 17262 6838 11889 10367 6399 6903 534 6039 1263 11480 12496 10491 13922 11789 17945 13104 11414 1194 13070 19534 7296 1824 13254 14851 5950 9868 12940 5316 14875 9525 6723
11228 14745 16489 11464 15080 12000 15172 16737 8706 9974 13090 10714 13545 8905 7865 12509 13997 9190 7208 6226 8089 13733 14538 17752 13638 10905 13397 18487 11550 7175 7678 14568 19622 24243 10440 5968 6622 10620 15245 9139 6527 17704 15140 16773 7266 14164 10392 10155 21652 13101 9655 14980 9546 10322 1827 10987 17251 19523 12728 13154 17869 12883 11257 19312 13018 16701 15277 10580 10761 16903 9005 9004 6476 8346 11350 5590 7930 7970 16639 13414 16922 7083 17141 13039 15942 7442 8799 20652 15675 862 10359 16532 14772 12487 5772 5200 16050 9466 16024 10780 15140 12580 17044 12369 13064 3065 14220 13666 13427 7235 9466 7163 5639 13182 15695 15413 9293 12990 16707 20072 7643 12941 12176 7350 7607 607 6819 1418 13096 14035 11631 15893 13037 20758 14128 12548 1304 14904 21793 8058 2148 15012 16239 6656 10643 14583 5960 17348 11235 7487

5975 8063 8889 5219 6157 6775 6661 8471 4611 5342 6737 6469 4931 4679 4472 6526 6866 5210 3338 3655 4637 6864 6004 8901 6901 6125 7200 10284 6399 2736 3737 5324 8327 12779 5015 3084 3421 5961 8023 4087 3913 9019 8119 8885 3366 7658 3529 5422 10175 6329 5312 8444 4041 4492 926 5402 9484 10781 6604 5774 8762 7509 6236 10195 6159 7216 8419 4898 5451 10131 3358 4549 3609 3618 5095 2993 4190 4526 9771 6139 6177 3910 7720 6756 8591 4444 3734 10953 6623 482 5594 8005 6929 5080 2253 2651 7070 3810 8921 5671 8036 6956 6423 6684 5917 1849 6534 4878 6592 3638 5159 3873 3555 6855 8371 6902 4506 6937 8634 10781 4208 6238 7220 2840 3456 343 3949 645 5682 6897 7096 8749 7061 12089 5517 7816 787 6033 11432 3782 1338 4896 9380 3976 4626 9102 2452 7309 5974 4409
5727 5448 8140 5153 5567 5998 5308 8068 3205 5102 4902 6359 4392 4260 3927 6263 5783 4349 2432 2422 3175 6585 5296 8215 5046 3987 5660 7010 3725 2660 2667 4733 7793 10598 4076 2417 3083 4882 7513 3766 3429 8621 7224 5858 2875 4616 3527 3667 8767 4699 3682 7643 3539 4011 751 3720 6064 9314 6013 4305 8250 4691 4244 10001 5485 7059 5950 3785 4009 8773 3236 3058 2315 2960 3606 2400 3023 4154 8122 5705 6120 3810 5462 6165 7981 4062 3060 8827 6516 317 4135 7532 5080 4573 2038 2338 5981 3666 7910 4152 6296 6413 6380 4242 5785 1724 5567 4642 4715 3566 4886 2515 2361 4787 6324 6726 4106 5117 6378 8457 2591 4431 6839 2828 3438 226 2737 505 4329 6141 6706 7700 5035 9385 5227 5085 770 5820 9001 2583 823 4753 6252 2219 3704 5690 2218 7106 5528 2776
