150 4 2
45 69 34 85 268 44 60 177 41 69 111 134 116 73 95 122 25 114 218 236 68 131 90 91 111 197 1 331 3 126 113 206 197 97 94 104 44 47 185 134 49 44 122 1 168 1 149 66 32 207 23 320 165 74 97 168 123 94 136 129 84 50 1 125 107 50 20 1 93 128 1 1 121 222 1 146 100 119 84 285 54 168 5 45 191 1 14 191 201 113 87 79 179 84 159 1 277 75 84 226 66 198 102 254 198 17 1 83 1 24 97 48 111 84 65 1 148 145 133 7 236 1 140 102 126 22 34 2 34 1 210 84 1 36 159 210 48 151 87 78 59 169 79 171 124 186 173 168 147 213

39 14 45 3 30 12 1 5 1 16 20 1 58 31 33 14 42 24 11 25 55 3 1 48 1 9 36 28 11 11 63 40 34 14 17 30 26 32 34 43 33 23 29 29 39 41 3 12 18 51 5 32 3 10 19 21 29 29 33 22 28 30 39 1 33 40 27 20 32 5 32 1 10 1 21 42 39 25 40 20 28 27 35 30 33 49 5 42 36 32 1 22 1 1 3 21 18 35 31 29 34 37 5 1 1 1 35 10 17 8 35 12 10 12 9 22 24 31 21 18 17 14 2 52 1 26 18 27 19 38 1 47 9 1 40 35 27 20 1 39 46 14 26 24 1 36 24 25 15 16
40 18 51 7 38 27 19 6 19 26 28 16 68 39 49 23 47 29 19 35 56 27 12 50 11 36 55 29 18 26 80 45 35 25 18 44 44 54 54 74 43 51 36 42 45 43 12 21 20 52 12 37 23 13 32 28 30 51 41 35 34 40 51 15 43 54 44 42 46 11 36 12 18 15 24 53 42 36 55 36 31 42 54 39 55 65 16 44 54 44 12 24 17 4 18 26 44 55 41 39 42 42 11 7 3 9 42 19 23 11 53 26 20 21 18 37 39 54 42 33 27 42 9 53 16 27 24 38 27 51 13 48 10 13 45 50 32 32 5 56 68 31 32 36 8 46 28 32 21 44
53 22 64 24 48 40 21 12 20 39 42 17 73 57 68 24 54 35 52 38 62 29 22 56 36 53 56 32 20 39 85 59 53 33 24 52 55 58 74 78 61 82 49 48 62 60 17 32 36 58 16 56 38 14 57 37 48 58 52 58 45 51 59 29 46 60 58 44 53 20 43 29 21 23 42 63 49 59 58 48 38 59 67 43 68 71 32 47 56 47 27 35 30 10 19 44 77 57 49 46 61 48 19 41 22 16 46 27 31 18 66 44 29 40 19 38 45 67 52 41 43 59 14 75 24 43 25 54 41 61 22 55 27 27 46 51 42 46 8 73 81 38 35 51 11 58 38 49 38 50
69 38 76 31 52 45 22 14 39 59 62 28 83 73 69 38 56 43 73 41 95 34 41 61 58 55 72 39 34 55 104 64 62 42 50 64 70 59 97 102 73 89 57 56 73 77 24 45 48 60 25 57 41 26 88 44 55 75 53 63 47 63 65 62 54 77 77 45 56 47 53 48 23 33 57 82 61 68 63 55 40 75 68 44 83 78 34 52 60 52 39 41 37 23 41 54 80 66 53 52 72 55 27 55 32 25 70 39 36 29 91 58 40 52 28 43 67 74 60 52 63 61 30 98 37 54 41 59 48 78 23 66 33 28 65 59 45 54 25 88 85 64 36 59 24 86 43 52 56 55

19 18 4 1 19 8 4 3 3 11 15 11 10 7 1 1 10 1 1 10 1 14 11 22 19 18 1 5 12 1 1 11 8 22 27 21 4 15 8 9 3 9 13 2 8 7 1 13 18 11 14 1 13 9 1 10 7 1 16 16 9 1 25 9 6 21 30 10 1 9 17 10 5 27 19 32 4 2 15 11 5 1 14 2 1 6 21 15 4 8 16 1 4 11 1 1 7 14 15 21 4 8 18 11 3 17 11 15 17 6 18 9 1 1 2 25 5 21 11 2 10 14 9 13 15 7 14 1 18 12 27 14 7 1 6 16 8 5 6 12 8 5 13 14 1 3 11 13 2 8
30 20 8 13 21 18 9 5 24 24 19 17 29 12 11 4 25 7 23 26 6 23 23 23 22 35 10 12 28 8 5 25 13 31 48 38 8 33 25 24 9 18 33 18 19 23 29 14 25 27 18 18 14 19 6 19 22 5 22 22 34 20 38 14 16 22 33 14 7 38 32 23 6 33 20 35 11 15 27 26 19 19 21 13 18 8 23 17 23 24 19 15 5 21 11 14 23 32 36 22 10 40 40 24 10 25 19 16 29 9 28 18 4 4 22 43 11 37 26 21 20 20 19 15 28 19 24 14 32 25 34 20 20 8 16 25 12 31 14 24 12 17 33 20 14 5 18 20 10 18

551 3975 6285 6170 6709 14298 10174 5690 530 8256 8017 1363 9034 9687 11523 6515 7991 5268 4551 4095 5290 4266 6598 398 4982 9658 12198 6733 10081 5550 9631 10982 4647 10046 4299 9063 10243 6106 9276 10873 4078 6689 8017 1036 6695 7041 584 8700 8957 4920 8434 4168 10532 11915 5605 5222 9567 9829 9331 5521 8947 6116 9859 4632 10552 3478 6704 5835 10737 7879 10455 9591 4606 4491 9510 3688 5851 4079 9530 4909 6416 10718 6371 6677 9619 5066 10123 10963 5361 1667 5370 8604 4843 3986 4155 10394 9774 6371 5309 9962 8510 5676 12767 8995 9766 10816 11640 9246 10889 9383 6929 4350 4670 8736 6629 7444 6502 14462 7182 7979 9929 10304 6282 1604 8501 6106 7497 9591 9242 7309 6751 5867 1440 10482 8828 5886 7940 6986 10681 9924 10753 4529 6072 10194 10241 6566 8716 6627 4190 4646
628 4908 7724 6830 7650 16368 11994 6654 633 9692 9035 1511 10414 11173 14258 7437 9773 5854 5254 4622 6281 4831 7718 448 6224 11255 13855 8407 12016 6861 11709 13194 5353 12016 4916 10211 11556 6777 10607 12012 4973 7617 9245 1266 8135 8249 704 10512 9962 6011 9288 5125 12863 14176 6362 5906 11363 11441 10303 6776 10784 7406 12287 5716 12954 4305 7701 6989 12624 9660 12500 10572 5193 5134 11725 4322 6693 5081 10699 5445 7451 11873 7057 7588 11758 5832 11862 12905 5959 1986 5983 10740 5562 4485 4714 12798 11894 7441 6204 12064 9496 6466 15736 10005 11205 13328 13499 11360 12412 11664 8500 5316 5539 10636 8141 8262 7206 17078 8374 9947 11070 12301 7330 1842 9853 7127 8713 11341 11000 9131 7892 6927 1754 12046 10812 7141 9915 8012 13329 11080 12608 5141 6847 12424 12048 7509 10345 8276 4806 5330
760 5819 8824 7811 8458 17877 13221 7934 692 11317 10601 1812 12461 13207 16372 8966 10987 6767 5976 5082 7121 5625 8930 500 6911 12352 15948 9764 14059 7731 13146 15623 6204 13583 5480 11932 13667 8216 12006 14052 5600 8775 10969 1520 8983 9523 797 11672 11720 6838 10500 5770 14303 15517 7416 7065 12919 12963 12386 7681 12805 8740 13957 6348 14842 4815 8935 7698 14492 10982 13826 11982 5825 6247 13624 4800 8011 5845 12670 5995 8141 13932 7764 9027 13030 6791 13220 15450 6846 2237 6828 11853 6090 5162 5691 14463 12996 8899 6968 13374 10537 7391 17538 11671 13332 15697 15214 13630 14431 13491 10203 5923 6440 11800 8955 9859 8584 19528 9871 10854 12725 13828 8398 2198 11315 7751 10410 12450 12969 10772 8754 8087 1925 14575 12635 7790 11467 8751 14755 12721 14005 6000 8250 14287 14575 8982 11654 8975 5824 6033
856 6324 10356 8856 9655 20197 14546 8611 781 12952 11722 2043 14049 14670 18095 9619 12343 7616 6952 5772 8059 6483 10107 547 8059 13684 18185 10604 15735 8481 15203 17076 7076 14701 6392 13764 15723 9609 14063 16328 6533 10397 11909 1760 10502 10254 877 12737 13432 7653 12526 6797 16779 17449 8654 8134 14647 14225 13500 8297 14444 10260 15557 7029 16323 5208 10212 8474 16057 12790 15385 12987 6640 6819 15425 5434 8615 6626 14179 6972 8939 15444 9130 9754 14371 8009 15254 18019 7898 2572 7471 13591 6998 5776 6307 16234 14292 10425 7974 15815 12224 8438 19040 13764 14317 17373 17655 15868 16274 14984 10932 6874 7262 13861 9720 10871 9547 21428 10899 11935 15013 15840 9909 2583 12883 9197 11707 13867 14990 12352 10421 9185 2178 17164 14284 8634 12415 9593 16591 14047 15170 6900 9530 15427 16081 10274 13087 10203 6352 6672

345 2120 5198 4226 5788 9769 7368 3017 445 6011 7205 1107 6936 5965 8412 5173 6996 4004 3143 3251 3759 3268 5872 309 3663 7637 7526 5966 7868 4671 7267 9688 3167 8815 2279 6116 8674 4900 8269 8508 3666 5506 6301 884 5754 3923 387 4735 7609 3235 7519 3433 7002 8770 3538 3113 5485 5992 7922 3745 6951 3657 8616 3719 8977 2441 5255 4905 9538 6138 6759 6550 4076 3826 7834 2239 4863 3342 7490 3983 4807 7399 3803 3574 6764 3900 6881 8581 4094 1323 3717 6579 3792 3422 3716 8969 8576 5457 3186 7023 5140 4825 10435 7047 7443 7274 9546 6906 8940 8374 4896 3617 2589 6787 5825 5156 5078 9476 5510 6385 8792 8938 5518 1063 5433 4461 6024 8572 7108 4872 6049 4444 1242 7463 5862 5003 6624 5814 7885 7654 9639 3408 3286 7358 9010 4105 5803 4849 3354 3980
332 2080 4940 3356 5173 7790 5954 3010 347 5105 6992 1079 6468 4882 7341 4323 6207 3505 2536 2893 3368 3155 4116 212 3009 7246 7362 4044 7640 3430 5159 7255 2871 7543 2154 5349 5715 4707 6956 8126 3555 4743 5979 832 3682 3561 337 4676 4674 2654 4808 3358 6274 6848 3138 2696 5219 5438 7744 3048 4747 3185 8527 3409 6695 1885 4773 3697 6056 5689 5239 6032 3936 3552 6850 1880 3780 2281 5322 3255 4642 6920 3236 3377 5666 3209 5417 7487 3585 1084 2918 5250 3719 2030 3436 7960 7605 3468 3012 5851 4910 3969 8997 5654 6824 6116 7245 6051 8131 5600 4549 3194 2528 6604 4783 4993 3981 9169 3750 4578 6489 6921 4892 807 5077 3241 4480 8082 4842 3836 6009 4201 819 6777 4420 3643 5787 4701 7608 6776 9571 3068 3137 6146 7750 3746 4846 4768 2671 3543
