150 9 2
107 121 1 1 71 206 4 25 124 98 1 111 144 163 22 251 1 106 90 185 248 25 122 60 81 177 73 17 100 166 34 67 1 69 106 181 52 29 41 1 129 294 155 7 189 17 81 136 45 179 113 45 157 94 193 82 78 91 64 154 37 55 89 1 134 45 90 178 63 1 55 1 117 1 130 2 198 177 155 24 119 178 87 92 99 163 1 10 118 50 179 200 105 144 234 1 73 1 104 1 1 114 113 80 1 1 81 227 158 79 1 121 111 147 218 47 110 73 114 96 138 78 34 73 190 82 108 6 222 93 214 106 2 170 120 177 61 94 128 78 173 160 103 171 67 95 69 107 167 236

18 41 2 11 28 41 20 6 37 8 3 11 26 10 6 14 22 51 17 1 22 15 5 30 4 33 45 10 9 8 25 28 22 38 1 40 38 3 25 1 17 1 37 2 8 1 32 10 26 21 10 21 5 18 15 3 31 21 62 24 16 26 18 35 9 9 29 26 1 1 10 5 25 25 1 1 26 34 12 11 21 33 30 6 19 12 22 11 24 20 25 45 10 11 27 1 39 9 53 34 16 27 35 59 37 31 10 13 36 19 22 20 33 13 17 4 29 11 5 7 1 19 24 36 37 21 1 50 2 21 26 22 29 17 31 17 26 7 14 1 46 24 24 8 17 21 1 1 20 23
33 53 7 19 45 48 29 27 39 18 10 14 48 14 17 32 32 63 31 5 38 22 10 50 5 49 64 28 14 19 38 47 23 53 2 41 41 17 55 23 41 23 51 11 18 3 46 14 36 27 30 37 6 24 18 10 46 29 74 31 23 38 24 46 24 10 37 31 9 27 25 10 32 31 25 5 37 41 16 12 28 45 39 20 24 29 34 12 29 35 26 49 26 20 36 11 52 19 56 53 17 37 52 74 41 45 27 17 51 25 29 32 34 19 31 5 31 25 10 13 12 30 37 42 38 25 7 56 9 30 27 37 32 23 33 28 31 23 35 22 55 42 38 16 32 38 7 11 26 27
48 54 10 23 57 49 35 53 46 24 28 33 66 18 23 39 42 68 33 10 42 35 21 65 15 72 73 39 32 28 45 62 26 72 22 70 44 26 59 37 46 32 60 32 27 8 57 15 37 29 50 55 29 45 29 26 67 30 93 39 31 66 36 61 28 24 52 33 19 40 38 27 46 61 31 14 39 52 20 33 31 49 47 24 31 48 44 20 43 39 32 51 31 23 47 28 73 20 67 68 20 44 64 82 44 49 33 20 62 26 35 42 38 32 45 21 43 32 22 17 22 35 62 51 44 31 9 64 14 33 28 52 33 29 43 36 47 36 36 32 66 45 53 33 48 46 24 15 33 38
50 74 12 32 61 61 44 58 53 30 34 52 81 25 46 46 53 73 34 19 47 71 22 80 17 92 92 41 53 41 55 72 42 75 39 78 45 31 72 45 52 33 65 34 39 31 71 27 39 40 65 68 31 61 42 49 68 53 105 51 49 79 42 71 29 42 63 38 29 41 51 43 65 62 40 22 45 69 48 41 40 58 65 42 40 49 60 35 56 58 46 55 49 27 56 44 77 32 80 80 24 62 68 88 50 61 34 40 73 39 44 44 51 46 58 32 51 57 26 26 25 46 82 64 47 48 14 72 18 44 40 67 37 52 59 41 56 48 37 35 68 59 68 51 61 48 34 24 39 44
81 91 29 36 62 77 57 59 67 42 53 58 96 36 51 59 62 91 41 32 76 76 33 81 37 103 93 62 72 52 57 80 55 85 62 101 57 37 84 56 57 48 73 43 49 43 77 30 43 52 66 90 43 72 43 55 74 71 113 66 55 84 52 76 31 46 83 41 30 49 61 45 76 86 49 25 66 87 56 62 52 66 73 43 43 65 65 39 63 62 51 66 60 42 75 71 87 41 81 99 27 78 73 117 53 69 45 42 76 41 63 50 55 58 60 39 58 59 45 30 40 50 86 70 68 68 28 82 24 66 53 79 58 53 67 50 71 51 47 43 79 63 84 53 76 52 35 40 50 63
107 128 53 43 68 78 59 76 75 49 54 71 97 55 59 62 75 110 49 48 94 109 38 87 44 109 99 71 82 59 58 83 58 90 75 113 61 42 88 79 81 61 91 62 59 54 90 37 49 72 68 102 58 76 53 70 95 84 125 68 66 103 70 77 43 47 85 57 45 59 77 47 94 92 54 35 76 93 58 64 57 70 78 52 44 93 83 52 65 75 74 84 76 43 79 84 90 42 86 110 28 95 77 122 63 84 46 48 78 54 71 72 63 70 73 42 63 69 68 45 52 59 95 78 86 74 30 101 29 78 54 85 73 68 79 51 80 65 64 46 101 71 94 54 91 54 50 47 59 76
113 132 74 55 78 94 60 77 79 67 65 88 109 62 61 77 76 126 51 77 104 127 53 97 51 115 109 88 97 67 75 95 62 100 94 114 66 62 95 86 93 76 99 68 66 60 100 38 57 73 81 106 64 86 57 76 98 93 126 92 76 118 80 95 56 60 95 83 53 77 96 59 95 105 57 59 89 94 73 75 64 97 90 64 61 107 90 64 86 93 84 94 102 53 80 98 103 66 102 123 47 97 78 139 74 96 49 62 95 55 73 79 65 87 76 58 67 78 71 47 66 69 101 81 87 87 33 110 46 103 75 101 89 83 88 61 81 66 65 58 118 82 100 63 103 57 62 67 63 77
133 136 77 71 79 102 70 97 102 78 91 94 129 80 76 79 87 146 68 85 107 146 72 114 53 131 128 108 103 76 78 112 64 110 105 115 87 77 118 91 95 86 106 69 78 66 103 40 69 74 91 127 74 96 71 77 104 102 140 109 85 129 82 111 74 77 110 103 77 90 104 77 105 109 64 84 92 95 83 82 71 105 96 81 82 114 104 86 87 95 107 114 106 73 86 111 104 83 110 147 52 100 90 140 75 107 63 69 102 56 101 91 72 109 91 63 103 79 83 52 82 70 116 89 97 110 46 126 56 110 77 102 97 85 103 71 98 74 68 63 134 87 104 79 114 60 76 76 72 89
149 149 88 79 92 117 71 111 108 79 105 100 134 96 82 82 108 152 79 106 112 149 78 121 71 150 136 112 104 86 79 113 70 120 120 123 92 85 139 106 103 92 117 83 79 93 116 53 76 90 93 128 94 115 93 83 105 111 152 122 92 144 95 128 88 90 126 110 82 107 124 89 119 123 75 87 93 100 111 94 72 123 106 84 98 132 108 106 99 113 122 125 112 84 94 122 110 88 135 161 63 104 91 152 88 108 83 72 107 58 105 112 82 128 95 84 116 85 96 57 83 84 134 110 110 125 65 132 73 120 87 106 102 89 104 86 113 79 91 64 138 105 113 81 116 74 86 77 74 97

9 18 16 5 10 1 20 5 9 3 16 2 1 27 9 11 4 4 1 11 31 15 7 18 8 17 2 1 3 1 8 13 11 2 12 19 16 24 17 1 8 13 10 12 6 20 12 29 11 16 1 3 6 6 13 18 16 2 27 1 8 7 6 16 16 20 1 2 8 11 15 7 17 1 1 1 23 1 13 30 3 18 16 7 8 1 13 15 1 1 8 16 1 18 5 9 1 4 7 21 3 11 1 8 8 6 1 20 13 8 5 23 3 3 6 28 12 2 1 17 14 13 11 1 4 13 1 13 1 9 17 2 9 13 19 8 9 10 5 16 5 14 9 3 17 3 19 26 15 1
10 39 23 27 29 2 32 16 27 11 23 15 7 36 16 24 27 15 10 32 33 38 18 41 20 37 10 11 11 22 12 19 28 26 20 33 39 26 19 8 17 32 17 13 9 22 23 38 15 18 14 27 11 20 26 27 26 10 37 16 28 10 23 24 31 30 20 9 24 27 19 32 28 10 4 8 33 9 16 49 5 33 23 29 22 7 28 42 30 2 17 19 9 28 31 22 4 14 15 37 13 14 7 16 20 17 3 21 26 28 12 35 20 7 7 29 18 5 5 33 20 25 20 11 6 21 15 29 21 13 47 13 27 29 25 24 16 30 17 23 20 15 11 14 24 19 27 46 26 13

8463 6911 7438 8428 4265 7867 7782 7608 5617 9917 4140 9820 5748 4444 10125 10844 4059 3807 3887 9033 13083 7777 9929 8623 6301 8802 4577 5418 12107 13327 9730 6018 9014 8107 5105 5919 8130 4854 9712 4964 7485 4339 5634 5346 9508 9598 13266 4439 6253 4521 4339 12895 6204 7035 5778 8332 4954 9604 6456 5946 3171 9707 9502 10592 8343 1858 5839 6858 9330 6486 8494 6872 1221 12097 9031 7997 8583 5539 5704 4868 8988 11108 4398 1806 5983 3966 5471 9386 4822 11204 8115 9842 13169 10174 6006 3762 8902 8193 11650 4153 7464 13510 7882 10988 6499 5881 3752 7614 16 10016 5128 3975 8469 5906 5590 5082 3846 4195 9515 4248 834 8015 6224 3905 8679 5929 9609 13330 6531 6113 13253 10585 4972 5573 8084 12171 7664 6221 9209 10207 12857 5529 5055 10851 4282 8450 460 10578 9700 8790
9854 7993 9055 10249 4911 8733 9559 8546 6655 11876 5056 10838 6698 5197 11713 12138 5047 4188 4393 11154 14737 9162 12149 9734 7854 9802 5132 6670 14852 14793 11162 6661 11215 10130 5974 6776 9372 5925 11514 6050 8730 4861 6996 6090 11600 11548 15917 5209 7661 4976 5030 14758 6866 8143 6902 9484 5662 11994 7219 7007 3560 11441 11292 11804 10032 2092 6868 8093 10885 8081 9619 7584 1349 13610 10157 9752 9696 6185 6813 6004 10919 12840 4953 2231 7473 4841 6102 11417 5713 13911 9478 12030 14872 12583 7334 4256 10410 9366 13163 4574 8903 15922 9703 12648 7304 7348 4218 8635 17 11115 6345 4444 10087 6813 6189 5914 4596 5042 11248 5222 972 9978 7480 4754 10226 6894 11882 16102 7345 6963 14903 11798 6024 6222 9066 13609 8590 7186 11205 12664 15706 6363 6202 12740 4981 10151 536 13036 11053 9815
11372 9442 10262 12009 5405 10570 10344 9438 7869 12967 6021 11837 7709 6177 12933 13386 5453 5003 5154 13056 17527 10189 14223 11683 9048 10933 6179 7393 16719 16834 13162 7892 12885 11353 7026 7589 10227 6956 12687 7019 9767 5783 7812 7325 12886 13397 18178 6130 8487 5825 5807 17945 8210 9591 7500 11338 6364 14059 8479 8179 3926 13522 12633 14372 11862 2479 8197 9544 12594 9553 11604 8919 1511 16257 11899 11624 10960 7275 8057 6775 12279 14716 5827 2523 8725 5513 7069 12699 6338 15760 10291 13837 17504 14139 8807 4734 11650 10325 15635 5380 10518 17287 11184 14230 8836 8156 4676 10504 20 13098 7607 5279 11993 7886 7200 7098 5362 5971 12942 6238 1143 10822 8719 5468 12346 8089 13868 17867 8809 7752 18192 14386 6621 7492 10167 14872 10191 8479 13319 14201 17868 7160 6979 13954 5633 11386 590 14421 13444 11648
13044 10858 11171 13644 5929 12257 11545 10347 8803 14311 6912 12988 8320 7086 13993 15179 6003 5696 6001 14070 19378 11238 15300 13753 10436 12845 6961 8719 18827 19992 15552 8702 14219 13260 7868 8574 11816 7458 13947 7607 10802 6832 8576 8035 13956 14886 21059 6576 9960 6579 6468 21136 9305 10814 8471 12614 7054 15756 9224 9429 4556 14626 14647 16684 13082 2727 9347 10307 14001 10549 13346 10547 1795 19231 12943 13607 12879 8291 8962 7371 14261 17339 6624 2803 9436 5961 8331 14009 7302 18164 11881 16177 18822 15535 10097 5378 13180 12299 17756 5808 11513 19061 12560 15402 10432 8787 5097 11803 23 15505 8274 5896 13592 9024 8255 7998 5969 6462 15132 7184 1295 12650 10074 6338 13922 9307 15667 19843 9960 9249 19750 16554 7161 8271 11742 17269 11056 9673 14902 15678 20001 8254 7490 16351 6250 13124 647 15587 15521 13432
14840 12393 12605 15596 6432 13284 12624 11680 9901 16003 7655 14177 9295 7613 15631 16806 6575 6378 6650 15249 21936 12828 16730 15562 11836 14352 8046 9644 20424 21456 17911 9615 15756 14635 8524 9372 13825 8023 16025 8758 12032 7808 9542 9140 15144 16024 23546 7648 10869 7445 7229 22518 10034 12285 9089 14030 8170 17616 10588 10264 4984 16093 15907 18502 14728 3169 10313 11224 16141 11703 14653 11894 1952 20797 14287 14603 14209 9102 9587 8188 16293 18457 7315 3217 10479 6650 9668 16334 8372 19806 12965 17297 20922 16981 10982 6184 15283 13869 20540 6427 12995 21870 13958 18050 11294 9573 5654 12752 25 16954 9247 6580 14722 9832 8938 9061 6755 7288 16499 7639 1415 13740 11606 7109 15537 10239 18068 21705 11349 10404 22108 18288 8114 9377 12672 18863 12019 10341 16238 17821 22317 9374 8379 18927 6718 15214 699 18191 16596 15123
15884 13715 14211 16743 7142 14094 13488 12777 10636 18391 8171 15608 10025 8706 17223 18283 7459 7018 7315 17403 24059 14076 17873 16846 13046 16273 8648 10381 22322 23271 19344 10292 17049 16632 9060 10293 14832 8908 18055 9701 13611 8287 10766 10404 16603 17740 26693 8754 12129 8354 8217 24874 11495 13334 10116 14971 8821 19223 11756 11335 5733 18221 17829 19668 15862 3435 11049 12040 17802 12698 16116 13480 2124 23420 15627 16273 15998 10221 10231 8829 17473 20433 8213 3661 11157 7385 10835 17668 9117 21334 14017 19394 23732 18806 12166 6903 17061 15063 23146 6961 13750 23636 14949 19658 12199 10949 6402 14500 27 18785 9884 7231 15626 11150 9942 9661 7374 8086 17524 8543 1598 15374 13091 8007 17501 11503 19872 24042 12213 11359 24930 19621 8691 10326 14392 21470 13294 11031 17727 18940 24110 10403 9384 20582 7691 17128 794 20093 17745 16291
17500 14608 15765 18146 7962 15620 15278 14162 11313 20790 8811 17231 10802 9610 18418 20460 7941 7545 8232 18564 26750 15812 19508 18374 14192 17801 9684 11177 23642 25337 21095 11669 18620 18506 9936 11144 16120 9449 19559 10435 15058 8952 12136 11105 18244 19234 28991 9322 13437 9253 8750 27425 12522 14373 10959 16283 9926 20454 12913 12483 6381 20105 19698 22299 16767 3711 11650 13743 18848 14287 17595 14186 2268 24997 17881 17362 17203 11253 10911 9398 18679 22159 8741 3956 12180 8049 11745 19825 10194 23012 15852 21581 26859 20045 13240 7579 18963 16766 24682 7380 14990 26912 16259 22123 13665 11887 7261 16157 29 21164 10514 7981 16995 12084 10818 10529 7799 8686 19034 9092 1714 17082 14636 8880 18711 12471 21261 25658 13587 12171 26570 21966 9556 11667 15856 23724 15142 12057 18972 20890 26147 11525 9993 23200 8360 17977 857 22524 19088 17194
18357 16280 16698 19926 8583 17497 17080 15714 11996 22782 9512 19056 11456 10523 20256 22715 8505 8491 9077 20594 28870 16969 21513 19471 15450 18930 10233 11816 25283 27791 23320 12985 20808 20046 10680 12590 17316 10129 21338 11254 15960 9499 13330 11663 19686 21389 32157 10081 14133 10118 9770 29678 13884 15434 12346 17481 10455 21623 14493 13597 6757 21763 21324 24049 18197 4015 12480 15007 20668 15315 19344 15492 2568 27645 19519 19227 18160 12320 11898 10082 19919 24200 9288 4301 12981 8501 12973 21371 10773 25070 17427 23272 29627 21952 14417 7978 20118 18511 27530 7896 16660 28264 17649 23805 15058 13032 8155 17560 30 22630 11476 8732 18735 12879 11817 11576 8606 9441 21219 9611 1903 18237 15843 9545 19671 13312 22227 28713 14838 13640 28785 24331 10449 12234 17043 24961 16342 12867 20319 22815 28058 12576 10980 25850 8899 19447 957 24869 20221 18117
19602 17228 18354 21365 9288 18684 18710 16677 13062 24252 10160 21141 12188 11375 21737 25025 9316 8895 10017 22672 30368 18854 23801 21529 16986 20015 10802 12787 27709 29280 25403 14365 22934 21799 11429 13624 18478 10826 22946 11770 17213 10129 14471 12438 21307 23033 35075 11178 14853 10778 10649 32541 14769 17003 13301 18893 11474 22837 15246 14601 7352 23928 23525 26280 19384 4273 13298 15981 21989 16757 20725 16774 2799 30557 20692 20903 20157 13471 12705 10846 21781 26857 9879 4738 13766 9191 14233 23598 11936 26230 18324 25241 31918 23231 15678 8577 21674 20224 29601 8730 17774 29880 19133 25007 16494 13662 8758 19055 32 24132 12010 9622 20240 14255 12597 12139 9042 10170 22526 10472 2096 19295 17123 10102 21087 13939 23799 31085 16078 14675 30992 25889 11314 13566 18024 27307 17315 13846 22306 24960 31081 13465 12051 27266 9573 20689 1052 27466 21923 19654

7062 4430 6526 7052 3680 4943 6851 6163 4838 8839 3593 7046 4622 3229 7235 8684 3460 2508 2835 7637 10656 6798 8792 6207 4973 6012 3699 4702 7140 9203 6993 4431 7696 6073 4431 3679 7153 3694 6677 3979 5348 2921 4878 4347 8303 8196 11261 3335 4696 3092 3873 10288 3389 5740 3293 6045 4345 6520 3915 3920 2733 5556 8272 9493 6886 1633 4679 5001 7135 5237 6307 4487 1072 10249 6723 6365 7413 4600 3948 4359 5142 9740 3533 1383 4948 3234 4065 5657 3630 8472 6274 8622 11467 7603 5289 2344 7806 7007 8859 3441 6132 9861 6653 8427 5500 5227 3370 4980 14 8119 4280 3562 7180 3263 4716 3874 3395 3083 8019 2644 648 7144 4516 3370 6015 4782 7004 7996 5847 4680 8475 8129 4385 4267 5648 10598 4695 5161 7227 8420 9195 3815 3809 8238 3768 6209 377 8496 8539 6456
4622 3550 4537 5797 2814 4104 4578 3911 3824 7826 3100 6035 3807 3137 5144 6843 2566 1997 2248 7028 7047 5761 7067 5810 4000 4654 2682 4677 6794 7116 4910 4092 7385 5482 2738 3412 5653 2629 6033 3246 3902 2205 3740 4296 5104 7815 7103 2895 4472 2746 2619 6995 3321 4663 3006 4841 2484 5879 3309 3891 2639 5537 5231 6689 5749 1344 2963 3732 6396 5000 5746 3692 1041 10053 6115 5972 4918 3369 3114 3597 4980 8793 2998 1166 4746 2684 3788 5201 3226 6950 5835 6812 8394 5361 5285 2049 5479 4415 8416 3417 3986 7052 4508 6044 3525 3131 2950 4604 11 6571 2695 3346 4672 3039 4398 3856 2749 2534 4763 2588 450 4329 4346 2249 5889 4240 5226 7042 5751 4307 8431 5430 4185 3834 4228 8940 4261 4457 5212 5519 9134 3531 3652 6664 2956 4419 342 8319 7884 6197
