150 9 2
82 1 63 1 156 279 1 160 92 70 27 34 211 100 56 139 127 45 148 70 135 279 96 123 125 237 61 27 149 109 90 47 163 203 106 298 58 37 123 142 262 96 56 316 81 122 126 162 65 187 83 226 25 238 215 141 153 149 118 122 174 87 1 115 117 60 1 39 88 209 4 25 119 32 67 52 93 60 163 237 156 194 1 118 115 49 89 182 164 102 78 108 115 69 1 197 143 201 22 2 79 131 1 1 97 120 38 197 121 78 101 124 99 10 99 223 1 78 112 114 97 22 238 33 119 36 158 89 175 101 1 42 152 225 47 42 131 67 124 125 78 183 257 209 183 21 199 82 91 153

29 4 12 49 8 8 1 13 19 49 33 5 3 33 24 14 41 1 21 30 19 19 15 16 13 17 22 7 35 3 24 2 15 31 32 1 7 1 51 22 25 35 24 47 27 19 33 48 50 1 13 37 18 38 1 1 34 1 13 26 12 11 16 32 1 1 34 24 6 16 24 30 18 16 20 2 27 56 21 12 26 20 23 20 34 17 21 1 20 31 7 5 25 22 27 44 1 19 27 9 39 9 45 13 14 1 40 11 15 24 12 10 17 4 15 34 31 22 1 31 6 36 21 13 30 50 1 10 25 1 34 14 23 35 17 33 32 9 18 2 24 18 16 19 13 25 18 13 11 6
40 14 18 59 12 16 15 27 39 62 44 15 22 40 30 22 46 13 30 45 44 22 23 17 20 41 31 18 50 4 34 12 25 39 38 23 13 8 58 40 27 44 35 60 33 35 38 53 55 8 35 38 27 46 5 14 36 9 22 32 13 19 41 44 20 11 51 34 21 19 41 36 21 34 44 20 43 61 24 22 30 30 24 47 50 44 30 23 30 41 23 7 31 32 28 47 2 21 29 11 49 28 50 14 16 5 57 31 30 36 34 18 44 14 23 35 39 28 21 44 19 43 33 37 49 57 22 18 43 8 46 15 37 52 37 40 47 15 35 14 31 41 31 24 32 29 36 22 21 26
52 24 24 81 19 27 29 35 54 69 60 25 44 60 34 30 47 16 35 60 55 28 43 20 28 63 44 34 67 16 39 13 47 60 43 29 20 15 72 48 30 62 47 67 36 39 61 68 72 13 48 44 29 56 13 33 37 15 45 51 34 33 42 58 21 23 57 43 31 30 53 46 37 39 56 21 52 68 30 27 36 43 29 68 52 50 40 37 46 50 38 18 51 46 40 55 20 29 30 22 60 38 63 21 41 22 76 44 35 60 46 38 53 15 35 36 56 34 36 60 20 53 42 62 63 70 24 22 49 9 61 30 46 56 50 64 57 20 45 29 39 56 36 31 36 31 39 32 31 31
66 39 34 92 25 32 45 49 55 83 68 40 51 76 44 32 60 37 38 78 57 39 63 23 39 74 47 39 89 27 66 14 53 78 49 34 26 27 80 59 33 77 54 84 55 45 73 87 84 20 54 69 34 71 22 49 47 24 55 52 48 38 52 67 31 42 60 50 36 41 54 61 38 55 57 34 73 81 32 32 47 44 34 72 62 58 50 50 62 54 54 38 55 61 57 69 21 48 39 35 75 47 81 22 56 23 86 58 53 82 50 44 62 22 38 46 66 44 42 70 41 67 57 87 73 78 37 28 53 19 62 32 54 64 53 78 64 31 51 41 46 72 37 40 49 33 63 34 37 39
85 61 51 95 39 44 48 65 72 86 81 44 55 99 50 45 76 42 49 87 80 40 70 46 48 79 57 55 108 35 78 18 66 95 63 43 28 37 96 66 35 79 65 85 60 49 90 92 93 35 55 70 50 87 32 60 52 40 62 57 70 48 75 89 42 52 66 51 40 49 73 74 40 57 59 54 89 96 38 47 57 50 40 81 82 77 64 51 67 66 74 41 57 66 58 81 28 56 41 39 93 65 86 34 57 27 87 62 63 88 58 60 66 23 43 62 69 59 48 74 50 71 62 92 91 105 44 58 63 33 75 54 63 80 69 83 74 49 55 56 53 86 43 41 56 36 65 44 45 50
86 72 61 110 66 52 55 81 84 94 91 51 84 118 56 65 100 70 67 95 102 49 77 50 60 100 58 76 109 39 84 51 73 115 70 55 31 51 108 71 46 86 73 103 66 73 102 98 96 43 56 102 67 92 44 63 56 55 63 66 72 52 91 109 60 63 73 54 54 59 80 80 51 78 84 61 94 114 43 54 72 62 46 92 98 86 67 61 71 69 92 45 61 75 69 88 34 61 58 52 99 69 105 39 69 39 92 70 81 101 68 74 74 41 58 69 70 64 57 97 61 90 77 93 112 128 51 73 75 49 85 72 70 94 73 86 95 57 62 63 64 87 65 62 70 49 86 63 55 65
92 81 70 134 76 53 62 100 97 98 113 58 90 119 68 67 113 84 72 98 119 54 89 64 67 112 75 79 121 48 97 65 74 117 90 63 32 61 119 75 51 88 90 108 88 89 103 99 120 55 65 118 76 105 47 70 74 66 81 82 78 55 92 131 71 67 82 60 68 63 97 93 59 81 103 87 99 124 47 78 89 76 53 98 111 93 92 66 90 77 117 62 79 80 79 89 53 66 60 74 112 72 117 45 82 48 94 76 86 122 88 80 105 58 70 82 82 66 72 115 75 111 81 97 124 151 65 88 78 63 91 99 71 104 97 109 105 59 69 66 75 90 78 73 75 53 93 74 65 84
96 88 75 135 80 59 81 109 102 99 143 69 113 125 83 78 136 89 80 101 131 57 95 66 78 125 88 89 124 58 104 75 86 122 106 64 45 82 134 91 67 108 102 128 89 99 119 110 137 67 84 124 86 106 68 94 89 76 91 92 91 65 93 137 85 72 89 71 78 88 117 94 64 109 108 98 104 144 51 94 94 90 54 100 121 99 93 67 99 89 118 66 98 87 92 99 54 82 79 88 137 87 143 53 96 68 104 92 106 130 98 91 112 71 72 101 104 67 87 121 79 117 99 109 137 171 80 90 90 73 93 110 79 115 105 113 110 60 72 76 99 91 84 84 76 72 105 96 73 94
104 102 93 140 83 68 90 137 113 114 158 71 134 132 94 94 145 103 88 104 142 72 106 70 81 145 97 93 136 65 118 76 94 124 114 70 58 90 137 103 74 125 122 142 91 117 136 123 138 68 98 141 91 118 87 106 92 90 110 94 118 69 105 142 99 74 102 72 82 104 123 96 70 112 120 100 115 159 64 109 102 92 68 104 122 108 97 90 111 97 130 87 112 90 99 103 57 91 96 102 157 93 153 55 108 79 114 102 131 149 99 105 113 86 73 120 118 69 97 131 83 124 112 132 152 182 81 91 93 76 107 116 101 134 113 124 130 63 91 83 104 92 107 89 88 79 119 111 76 98

22 18 20 21 1 1 7 15 12 10 2 8 1 1 1 5 13 18 7 29 23 8 5 9 22 14 1 7 7 14 21 20 1 1 1 1 7 16 23 8 18 11 21 6 1 21 1 7 8 6 7 16 1 1 9 4 1 18 5 13 12 10 8 17 4 9 11 11 18 3 3 15 3 1 6 10 11 10 5 5 7 11 19 11 15 1 13 16 10 14 4 4 11 17 11 2 1 29 15 3 8 5 15 11 15 10 17 5 10 1 22 4 1 16 9 6 29 5 6 15 10 4 17 24 12 13 14 5 5 4 1 7 17 22 17 13 8 6 16 4 7 17 25 1 9 24 2 11 13 8
35 19 30 33 13 6 8 16 39 20 12 26 20 11 9 17 39 27 16 40 24 12 10 10 24 29 12 23 19 26 50 38 22 22 3 10 33 32 29 14 19 22 30 16 3 28 19 32 14 14 13 29 13 5 25 13 21 34 13 31 13 30 23 21 14 21 12 23 19 17 15 17 19 7 16 14 14 17 6 24 12 15 27 19 33 2 19 28 12 21 23 23 20 18 12 27 23 36 38 9 23 18 20 28 30 14 37 12 25 29 38 25 8 19 35 19 32 8 13 27 13 21 30 41 21 28 21 6 17 20 14 28 35 31 23 29 24 20 18 19 16 27 39 6 26 25 15 12 26 29

10987 12555 4216 6853 11532 7356 11241 5520 9793 11955 7148 15308 9967 4914 5046 810 8305 1134 9943 8848 13674 7341 10302 9902 5373 3843 9615 8864 11228 4784 7718 10909 505 11008 5719 1603 5789 7814 10916 5423 7371 4787 6206 8966 6776 6162 9827 11459 8725 6050 9604 7038 6118 11312 7491 10316 8796 3968 5007 6403 8587 11038 15062 9999 11079 9363 11804 6780 6363 9459 7484 6534 6612 6970 8045 6535 10726 4868 9313 10960 9545 6020 9003 10696 5183 6647 4005 5342 5243 12815 7891 9612 5312 2866 9214 4027 11559 473 5018 10749 11575 5285 5686 11352 13973 9005 9585 9853 8840 4617 8673 7346 6037 10459 5855 8725 10022 6126 2363 4322 5340 10294 4499 7254 9764 13122 14163 2894 11492 7213 9436 10470 7352 8351 10200 9131 12462 8765 5303 6895 4093 5747 6847 11188 4655 8971 5073 8176 10968 6452
13046 14298 4691 7875 13961 8731 12709 6111 11370 13840 8571 18674 11609 5605 5896 954 10275 1263 11285 11001 15641 8243 11843 12316 6293 4563 11972 10423 13944 5532 9446 12956 595 12422 6838 1930 7033 8994 13314 6715 9186 5598 7045 10001 7848 7296 11941 12895 10205 7557 11096 8380 7384 13071 8880 11638 10653 4629 5543 7941 10661 13651 17345 11997 12670 10680 13993 7511 7154 11491 8283 7942 7584 8696 9068 7280 13021 5768 11300 13440 11876 6737 10515 13153 5975 8056 4748 6008 6114 14383 8734 10699 6344 3489 11222 4515 14339 559 5735 13237 14401 6180 6556 14040 17006 10892 11873 11693 10210 5589 9645 8221 7141 12127 7005 10655 11074 7497 2666 5099 6147 12195 5277 8221 11298 15383 16417 3370 14141 8543 10419 13086 8924 10080 12269 11012 15017 9822 6284 7608 4760 6473 8418 12557 5380 10848 5629 9217 12633 8031
15068 15872 5627 8756 16197 10526 15241 6975 13350 15526 9786 20557 12989 6688 6838 1143 11635 1505 12417 12971 18922 9037 13342 13910 7249 5261 13063 11731 15324 6718 11265 14225 688 13576 7959 2091 8003 10066 15585 8023 10495 6383 8038 11025 9343 8594 13551 15459 11771 8431 12843 9635 8275 15333 9954 13847 12043 5515 6106 8615 11989 15384 18896 13929 15426 12778 16810 9132 8238 12699 10049 9207 8586 10278 10480 8060 15132 6645 13145 15815 13106 7430 12048 14280 7142 9191 5654 6709 7257 16263 9803 12624 7136 3880 12572 5209 15732 666 6721 14370 17210 7056 7483 15590 18853 12285 13497 13355 11967 6691 11581 9452 7774 14110 8072 11863 13577 8388 3076 5741 7442 14635 5961 9826 13055 18658 19697 4076 16031 10106 11550 15069 10629 11629 14814 12809 17887 11871 7063 9246 5602 7888 9946 15212 6084 12241 6708 11034 14262 9169
16873 18299 6634 10461 18438 12344 17677 7881 14747 17559 10626 22156 14636 7672 8064 1261 12725 1657 14235 14873 21929 10462 15443 16100 8496 5827 14432 13701 17059 7817 13130 16397 808 14961 9263 2331 9298 11005 17396 8732 11981 7096 9085 11986 10091 9658 14867 18297 13795 9400 14420 10742 8891 17115 10760 15686 14005 6493 6984 9762 12996 17718 22302 16137 17829 14497 18267 10517 9244 14936 11495 9991 9906 11401 11541 9359 16915 7810 14773 18417 14826 8918 12967 16159 8139 10646 6552 7547 8166 19265 10620 13823 7902 4332 14762 5977 18052 742 7522 16659 19551 8264 8156 17932 20541 13220 15599 15107 13180 7415 12744 10930 9076 15314 9263 12779 15420 9177 3418 6349 8629 15871 6917 10714 14171 20739 22310 4740 17704 11575 12590 16731 11485 12538 16819 14044 19375 13012 8248 10418 6417 8616 11046 16332 6684 13892 7561 12373 16729 10477
19379 21260 7216 11463 20548 13433 19611 8928 15856 19826 11459 23763 16584 8853 8931 1355 13992 1795 16256 16065 23602 11766 16577 18121 9253 6445 16373 15905 19316 8525 14079 18293 870 16839 10470 2560 10600 12222 18829 9657 13407 7863 10378 13107 11289 10582 16059 20093 14676 10221 15696 12335 9698 18523 11835 17308 15050 7352 8113 11095 14691 19527 24861 17324 20249 15931 19798 12078 10672 16149 13212 11130 10675 13109 12571 10864 19359 8885 16643 20271 16767 10371 14746 17965 9390 11607 7143 8507 9175 20664 12456 15173 8706 4982 16707 6401 20585 859 8353 17868 21514 9348 9157 20002 22010 15063 17787 16859 14547 8566 14096 12476 10483 17684 10524 14192 17791 10105 3734 7125 9670 17461 7499 11500 15541 23434 24491 5378 19409 13268 14239 18792 12304 13507 18255 15722 22207 14155 9541 11125 7220 9764 12478 17889 7342 15969 8550 14383 18859 12001
20628 23822 8172 12956 23232 14891 21049 9833 16861 21559 12842 27211 17694 9445 9739 1450 15312 2024 18570 17627 25989 12954 18575 19652 10229 6834 17712 16837 21792 9388 15925 20865 944 18940 11773 2726 11883 13874 20337 10969 14338 8691 11445 14526 11987 11828 17414 22152 15602 11046 17913 13838 10439 19854 13105 19149 16032 8089 8882 11965 16557 20918 26486 19669 22466 17811 21320 13471 11532 17164 14922 12261 11637 14661 13715 12293 20668 9776 17957 22931 18607 11526 16539 20390 10329 12973 7905 9748 9715 22436 14289 16820 9865 5562 18512 6848 22036 936 8931 19367 23035 10144 10112 22285 25455 16684 18810 18603 16127 9548 15192 14139 11555 19064 11858 16290 19695 10997 3971 7985 10506 19656 7982 13197 17245 25300 27946 5898 20741 14559 16054 20864 13872 14765 19319 17248 24470 15401 10169 11983 7950 10549 14141 20666 8431 17960 9301 15350 20607 13594
22368 25290 9133 13714 24906 16622 23169 11169 19273 24530 13854 28770 19128 10628 10334 1578 16407 2196 20862 19596 29305 13771 20077 22074 11314 7732 18699 18282 22993 10548 16915 22656 1002 20202 12465 2994 12506 15189 22307 12266 15114 9451 12782 16076 13238 13090 18576 24778 16666 12141 19137 15227 11809 22639 14819 21122 16981 9016 9806 13023 17502 23188 28595 21383 23753 19070 23661 14970 12922 18884 16448 13767 12569 16186 15602 13699 22530 10531 19153 24398 20492 12258 18242 22241 10885 13755 8507 10502 10898 24104 16068 18978 10887 6060 20598 7756 23809 1048 9733 21587 24637 11413 11075 24429 26958 18917 20755 19603 17449 10079 16428 15232 12704 21291 13232 17558 21529 11633 4489 8696 11083 21335 9068 14097 18368 27743 31110 6393 22805 15725 17741 21975 15435 15638 21826 19486 26619 16573 11070 12908 8880 11944 15749 22453 9495 19184 9826 16775 22815 14580
24234 26676 10055 15285 27237 17902 25902 12177 21141 27101 15077 31005 20240 11232 10848 1698 18251 2310 22219 21273 32525 15221 22569 23380 12035 8259 20771 20182 24870 11370 18364 24483 1103 21644 13264 3327 13306 16403 24401 13267 16626 10212 13735 17117 14578 14234 20964 27449 17851 12852 20612 16353 12827 25361 15589 22667 18815 9929 10443 13689 18430 25277 31783 22969 26001 20116 25611 15738 13855 19943 18063 15246 14027 17668 17167 14542 23864 11092 20398 26853 22202 13036 19412 24308 11473 14432 8953 11367 11692 25584 17327 20643 12068 6612 21603 8668 25785 1115 10645 23965 26544 12605 12224 25824 28360 20288 22534 21234 19322 11219 17302 16697 13321 22585 14124 19038 22797 12703 5045 9536 12035 22952 9707 14849 20428 29945 33240 7046 24373 16896 18987 24523 17023 17246 24146 20737 28980 17533 11775 14423 9594 12669 16506 24632 10195 20084 10957 18546 24785 15939
26326 28149 11108 16403 28852 19622 27123 12971 22632 29103 16695 33320 21594 11975 11786 1785 19841 2444 23640 22380 33940 16465 24692 24926 12808 9134 22383 21654 27352 12238 19556 26894 1186 22912 13913 3726 14303 17515 26228 14017 18340 11030 15250 18122 15726 15665 22096 29041 19998 14341 22292 17385 14160 27096 16955 24689 20342 10732 11274 14571 19486 27753 33851 25191 28512 21875 27855 16452 14760 21266 19220 16423 15137 18654 19053 16126 26073 11647 21923 29426 24002 13878 20884 25538 12718 15379 9483 12467 12899 28212 18989 22128 13008 7157 23408 9074 28661 1168 11234 25286 28840 13781 13094 28587 29925 22018 23769 22874 20487 11954 18918 17929 14541 24432 14906 20947 24548 13902 5535 10563 13198 24469 10813 15914 22560 32721 35182 7477 26976 18182 21284 25689 17972 18864 26528 22827 31540 18692 12718 15647 10463 13838 17802 26417 11340 21029 12079 20277 26651 17529

8700 8178 3506 5511 8926 6005 10064 4712 7898 8864 6212 9637 6592 3549 3124 585 7011 1010 8859 6087 10176 5772 8449 7262 4515 3368 7811 5994 7333 4030 6742 9133 329 8178 4059 1330 4480 6286 8964 4640 5485 3808 4516 5505 5381 4371 6881 9830 7396 5319 8219 3872 5333 8520 5516 8270 6219 3084 4305 3703 6296 9047 12608 5549 6133 6777 7686 4878 4161 7396 6667 4710 5769 6007 7195 4208 9056 4339 6938 8496 8212 4131 7030 8591 4625 5451 2790 4416 4426 10541 7071 6933 3178 2045 6148 3053 8433 351 4160 6519 10341 4595 4992 8319 12135 6819 6249 8470 5894 4138 6056 5888 5376 7644 4583 5698 7110 4431 1727 3027 4203 9258 3340 5100 8739 8690 8268 2216 7444 6007 8085 9307 5442 6929 6728 5743 7453 7484 3629 5233 3218 5108 5697 8852 3685 7995 3590 7010 9657 4723
8171 7275 3376 3658 8582 5724 6424 4039 6360 7253 4693 8001 5872 3500 2770 445 5481 1004 7670 5339 8034 5536 6627 6005 3311 3313 6831 4468 7222 2432 5069 5709 316 5577 2986 1030 3670 6111 6355 3084 5164 2528 4407 5500 4411 3147 5300 6053 5968 3778 7062 3561 4658 6947 4212 7082 4707 2390 3084 3648 5844 8113 7626 5155 6046 4785 6618 4112 3943 5209 6094 4140 4290 4360 4606 3351 8874 3665 6845 8328 6815 3265 5068 5550 4620 4837 2102 3343 3440 9032 4806 5279 2905 1519 5450 3016 7526 317 3627 5695 5899 3411 3296 8256 7008 6479 5678 8277 5075 2642 5541 4500 4813 5341 3795 4573 5279 3224 1717 2263 3216 6843 3106 3698 6931 6815 7544 1690 7398 4539 5170 6449 5271 5444 6688 5029 7278 7012 3185 4783 2509 2967 5258 5720 3152 7246 3388 5922 8242 4088
