150 9 2
1 62 120 1 153 128 121 7 155 105 158 182 148 73 17 158 49 326 1 31 257 1 128 136 120 87 221 158 1 1 48 92 80 71 1 139 33 64 135 1 60 129 91 107 194 91 66 91 101 1 123 235 166 104 1 248 21 92 24 120 81 1 51 109 99 92 98 226 136 122 19 93 135 81 171 201 126 57 1 176 155 34 20 139 147 235 33 132 128 106 102 1 26 142 194 19 83 65 172 1 111 223 111 155 92 39 166 145 122 1 220 1 76 70 78 118 141 1 33 1 132 112 192 153 1 16 256 136 97 50 36 92 188 277 43 99 253 95 1 165 104 255 84 91 64 10 90 67 90 78

1 20 2 1 1 22 27 11 35 2 17 40 51 50 32 15 41 34 24 1 22 8 2 5 39 14 17 18 25 34 47 8 6 9 9 25 8 26 17 14 2 30 26 11 24 64 39 48 5 7 21 7 12 35 18 1 33 34 41 13 45 22 9 45 24 33 18 4 20 19 14 14 33 38 12 42 1 28 1 1 1 39 37 21 27 29 42 1 21 27 1 17 11 8 1 10 4 1 5 11 28 24 9 11 3 3 25 14 3 27 35 19 18 14 17 13 34 1 5 22 17 40 15 43 21 36 10 26 30 1 8 7 1 31 1 7 20 16 31 9 51 18 17 6 24 2 1 38 4 3
8 31 20 18 16 33 30 16 44 10 25 52 69 76 39 30 47 46 33 8 25 11 17 19 45 23 30 28 28 50 68 9 19 23 25 28 18 35 25 25 21 39 37 20 38 65 50 65 16 23 35 28 20 53 20 23 51 41 49 17 51 24 13 52 29 46 31 18 35 23 25 18 51 57 38 59 15 48 14 18 9 57 38 35 31 36 59 6 38 35 9 40 21 9 15 17 14 7 20 36 53 27 14 14 10 16 45 19 7 35 46 21 25 20 39 18 38 8 15 37 30 63 20 52 36 46 29 33 43 15 14 23 7 38 25 24 32 21 49 19 70 19 28 19 25 8 5 42 9 7
19 37 35 21 33 51 32 29 57 14 38 73 85 80 46 50 59 66 42 14 39 13 26 33 54 31 31 33 42 55 77 30 33 32 37 31 21 48 36 42 25 65 48 23 39 70 71 82 45 26 60 45 21 64 23 42 70 55 50 21 71 32 26 58 30 60 40 24 46 29 45 34 66 77 39 63 17 58 22 36 25 81 42 56 55 45 74 8 40 45 17 41 25 16 25 28 21 31 28 53 58 33 18 16 18 19 50 34 21 39 51 37 35 26 40 24 40 26 32 52 47 75 38 60 37 57 45 48 52 28 21 24 12 45 38 36 37 34 65 40 79 31 33 24 43 9 9 57 17 12
20 45 42 28 45 57 33 33 75 20 56 87 102 83 48 66 72 86 43 22 40 20 39 56 69 35 58 37 56 56 93 36 46 40 47 36 32 55 47 57 45 76 51 52 48 84 84 85 57 28 70 51 35 65 25 55 88 56 56 26 90 39 45 69 39 61 45 38 47 31 47 47 82 97 45 78 38 63 45 40 26 99 54 58 59 51 81 25 52 59 41 44 40 18 33 36 49 32 37 62 66 34 36 36 35 21 65 39 26 45 79 45 55 33 55 30 66 44 44 54 59 80 43 62 47 60 46 63 71 36 22 25 18 59 49 38 42 49 73 45 96 54 39 30 62 25 13 81 32 26
25 58 47 39 46 63 41 45 80 45 59 100 117 90 64 83 89 97 47 28 51 37 65 66 72 48 68 62 68 62 108 43 52 45 66 49 48 59 51 71 57 78 52 59 53 92 95 94 67 30 72 60 47 66 43 59 107 64 67 48 105 52 53 76 61 70 50 44 51 41 48 85 84 116 53 79 47 70 53 41 29 113 62 67 63 65 82 36 56 68 55 51 41 19 37 57 62 37 52 73 77 43 51 49 37 33 71 40 41 56 85 51 56 55 79 38 78 62 47 62 63 83 63 84 58 76 50 76 83 43 41 28 21 65 64 47 43 63 78 50 98 57 56 48 84 33 28 89 53 34
34 63 49 54 60 65 48 54 96 47 68 107 119 115 74 88 109 114 54 29 64 38 67 68 86 54 73 69 74 70 117 44 59 60 83 61 52 75 53 73 72 89 54 70 64 97 97 106 75 43 75 61 50 83 50 79 115 82 82 66 118 68 68 82 65 76 60 54 67 60 62 100 86 131 60 80 60 82 74 49 46 123 74 84 66 74 86 40 57 79 57 72 58 20 39 69 79 52 66 94 78 46 54 66 44 41 72 46 54 65 116 60 70 73 84 43 85 76 56 67 75 89 78 98 69 86 58 77 91 57 64 43 30 84 80 51 46 78 90 58 111 76 79 61 91 50 29 93 75 41
51 68 72 55 62 70 55 60 106 62 78 124 123 123 79 92 110 125 57 43 70 40 93 71 102 69 80 86 84 80 129 59 67 77 84 68 54 85 65 99 74 100 72 95 70 99 107 113 82 44 77 64 63 87 57 87 126 83 87 67 122 76 80 84 88 96 69 68 84 67 74 105 93 144 75 90 64 87 89 54 50 133 87 90 77 86 98 46 71 80 74 77 66 23 55 89 80 58 71 99 79 60 67 85 52 44 82 65 63 84 123 79 79 90 108 57 95 77 73 72 92 91 90 115 82 96 69 82 104 64 76 56 33 87 85 57 61 79 106 68 114 82 99 68 92 55 46 112 85 55
62 70 81 69 79 88 69 78 109 83 88 136 127 124 90 106 114 128 59 62 81 49 109 78 111 71 96 99 94 85 138 63 76 104 97 69 62 95 76 102 96 112 77 108 82 103 118 119 89 47 78 80 79 99 63 90 143 92 90 78 143 83 87 92 109 101 76 78 103 82 76 117 105 163 77 97 72 92 90 63 60 145 98 101 87 87 114 51 76 98 75 95 72 33 71 99 92 70 73 110 88 75 75 89 57 56 83 74 64 88 129 85 85 115 130 61 97 81 91 84 110 99 94 127 86 108 76 98 110 79 90 67 45 88 89 58 62 89 122 90 126 104 100 86 106 58 49 121 97 57
73 83 83 78 82 92 72 95 111 90 89 156 132 137 109 123 129 134 62 63 88 55 113 82 113 73 97 105 105 87 146 76 88 107 103 82 67 113 93 103 99 121 84 119 83 110 130 131 97 60 92 81 92 100 64 97 144 107 103 88 165 84 97 100 112 108 77 80 113 90 77 129 121 168 99 98 82 104 96 75 72 157 100 112 103 95 128 64 88 120 86 113 89 41 82 111 99 81 74 125 94 76 77 103 64 57 96 76 65 92 148 94 89 127 149 72 121 87 92 92 113 112 103 139 93 116 77 114 123 89 111 76 53 94 100 68 66 103 129 103 127 116 112 88 113 62 54 122 117 73

20 5 6 1 8 4 14 1 6 11 8 21 12 14 18 3 13 20 17 15 10 18 10 8 11 16 10 23 10 1 18 5 14 23 15 10 5 15 1 11 10 1 12 28 11 18 5 10 22 17 17 23 20 5 14 1 9 10 22 1 5 16 14 2 9 2 19 20 1 15 6 13 10 21 17 1 15 1 11 6 27 6 26 2 6 7 1 1 1 8 1 1 17 16 13 25 6 6 17 4 1 4 3 18 13 9 11 9 1 24 1 10 18 4 11 22 5 1 3 9 9 2 3 14 1 6 11 12 6 21 23 18 14 9 16 1 1 2 21 9 21 6 15 18 1 11 7 4 3 18
23 26 16 5 19 8 17 15 35 14 30 41 28 18 26 25 23 33 45 29 29 19 15 27 30 23 32 36 14 11 38 8 19 37 28 30 22 36 2 27 26 11 20 32 27 26 19 24 25 33 33 24 30 16 41 7 13 17 38 10 22 44 27 5 10 10 20 29 2 17 29 33 22 25 34 12 32 8 33 13 49 10 29 6 7 17 3 4 7 16 17 2 28 28 18 45 27 14 28 6 8 16 15 29 14 12 21 26 20 33 7 15 24 14 21 23 24 11 9 19 10 18 4 25 21 9 35 22 29 25 31 25 18 20 17 9 11 32 39 10 31 20 19 25 10 24 13 5 5 21

4115 4688 13219 7538 10222 5062 6481 5832 4358 10452 7668 6092 6985 9307 3802 7482 13644 11714 13845 9855 10394 8983 9987 4004 8484 5618 13957 12265 7554 10452 3947 12167 7583 9245 5935 9918 1358 8895 7974 8066 3144 4758 4839 8245 8834 2690 8929 9073 6524 965 12963 4644 4663 5707 5582 5928 9604 496 6235 4146 7643 8304 2593 8571 7784 5237 11178 9994 4246 6202 9074 2903 7000 6032 4975 5441 5047 8650 10906 7621 9211 3938 9155 10585 3813 8766 5351 9150 6562 9093 6015 5139 8555 7587 10843 4783 9248 1189 9630 5219 5289 6217 8902 3148 11729 9076 11391 703 5103 5637 5633 7868 9715 541 6606 4364 9557 6043 4077 6372 9369 8962 6184 9948 5084 8949 8418 8073 7952 4304 4120 4368 6664 699 4683 13028 7325 9237 6066 3859 10878 823 4972 4843 7932 9651 8709 4099 9843 10489
5084 5339 16137 8497 11345 6023 7845 6738 5049 12683 9021 6809 8532 11220 4335 9299 16910 14153 16935 12257 11786 10356 12455 5000 9630 6422 17002 15001 9342 12154 4805 13614 8997 10357 6697 11596 1609 10545 9097 9993 3685 5581 5946 10164 10154 3197 11133 10252 7236 1100 14698 5674 5627 6404 6250 6900 11675 579 7756 4692 9394 9908 3200 9758 8707 6175 13550 11187 5008 7581 11239 3581 7700 7122 5676 6027 6069 9974 12992 9443 10548 4790 10746 12396 4341 10719 6233 10856 7992 11270 7257 6381 9923 8660 12177 5926 10322 1371 10637 5846 6371 6840 11042 3486 13430 10095 12931 784 6341 6616 6197 9741 11615 609 8038 5327 11493 7425 4830 7064 10338 10058 6862 11019 5762 10282 9985 9190 9859 4790 5099 4869 7536 828 5406 15908 8745 11342 7167 4650 13141 1028 5697 5907 8726 11507 10618 4721 12250 11850
6028 6244 17919 10206 13877 6619 8500 7735 5717 13999 10632 8326 10164 12520 5094 10718 20033 15604 20188 13650 13120 12345 14082 5417 11506 7327 20014 17084 10328 13707 5400 15683 10661 12204 7321 13126 1782 11649 10328 11492 4188 6339 6769 11119 11395 3706 12956 11685 8533 1267 16096 6387 6333 7731 7289 7944 12997 631 8481 5127 10824 11301 3547 11211 10419 7045 15003 13309 5617 9011 12382 3968 8578 8259 6206 7125 6811 11417 14388 10363 12398 5522 12709 13542 5188 11720 7501 12027 8905 12891 8416 7313 11746 9628 14278 6927 11998 1580 12605 6541 7123 8161 12083 3902 15155 11612 15120 918 7358 7330 6948 10763 13738 733 9497 5900 13125 8486 5752 8172 11673 12255 7922 13308 6650 11416 11291 10304 10868 5411 5819 5903 8511 965 6342 17425 10448 12522 8004 5589 14462 1143 6579 6438 9668 13352 11745 5692 14042 13684
6665 6992 19535 11074 15675 7876 10021 8559 6761 16337 12117 9672 11359 14509 5868 12340 23182 18238 22193 16058 14334 14227 16107 6292 12652 7937 22161 19048 11821 15243 5971 18512 12276 13301 8074 15480 1958 13651 11835 12317 4626 6980 7619 12182 12437 4111 15005 13246 9700 1402 18036 7437 7134 8547 8083 9309 14994 743 9632 5852 11829 12759 3956 12547 11329 7967 16615 14676 6204 10112 13843 4661 9495 9410 7371 8254 7831 13534 16264 11654 13437 6052 14085 15789 5718 12700 8314 13966 10229 14688 9366 8393 12808 11469 15778 7417 14254 1767 13871 7095 8200 9187 14104 4469 17396 13797 16512 1083 7929 8543 7901 12033 15550 838 10614 6885 15186 9730 6179 9317 12980 13348 8584 14349 7232 12955 12593 11302 11709 6063 6396 6356 9682 1139 7438 18878 11307 14826 9230 6437 16132 1347 7754 7486 11200 15141 13075 6505 15347 15649
7131 7888 21083 12694 18091 8698 11562 9726 7767 18016 13087 11187 13062 15461 6330 13335 24973 20693 24981 17293 15965 15715 18368 6862 13960 8697 24915 21510 13526 17492 6770 21189 13651 14249 9355 17348 2118 15575 12751 13973 5114 7487 8203 13695 13567 4537 16305 14670 10746 1530 20357 8357 7622 9541 8873 10690 16929 803 10506 6764 13059 13591 4267 13504 12911 8841 18497 16541 6880 10936 15398 5319 10477 10881 7939 8979 8994 14474 17546 13338 15254 6696 15032 17261 6168 14251 9269 15253 11098 15980 10762 9419 13967 12245 17461 8041 15449 1936 15399 7949 8835 10324 16252 4909 18886 15180 18354 1212 8774 9191 9104 13107 17850 911 11628 7482 17263 10908 7138 10769 14958 14735 9957 16175 7968 15114 13912 12602 12528 6569 6810 7217 11253 1224 8081 21028 12815 16765 9848 7030 18838 1545 8883 8451 12893 16793 14262 7336 16970 17117
8018 8497 22612 14269 20201 9629 12496 10934 8575 19353 14683 11799 14438 17082 7133 15118 27890 22225 27899 19083 17561 16617 20361 7721 15795 9516 27636 24281 15030 19355 7180 24048 15314 15866 10435 19771 2428 17653 13861 15513 5583 8173 9310 14838 15710 4922 18278 16282 11597 1633 23316 9204 8322 10418 10029 12044 19294 870 11493 7758 14574 15398 4889 15567 14268 9367 20261 18135 7711 11794 16600 5709 11985 11871 8880 10309 10243 15508 20170 15152 16324 7250 16913 19204 6812 16227 10415 17331 12721 17407 11892 10105 15570 13053 18665 9042 17322 2204 17136 9241 10043 11173 18292 5465 21098 17011 20163 1310 9378 9928 10450 14368 19817 1000 12587 8004 18431 11555 7851 11691 16600 15745 11411 17471 8921 16564 15803 14392 13600 7004 7666 7662 12149 1323 8619 22632 13741 17868 11336 7579 20637 1741 9983 9055 14498 17798 16149 7984 18405 19719
9012 9086 25336 15742 22200 10539 13950 11748 9489 21074 16018 13020 15796 18749 7636 16945 29866 23532 29656 20164 19621 18809 21580 8143 17450 10435 30708 27217 16243 20823 7966 25921 16428 17199 11265 21358 2686 18574 14914 16501 6081 9013 10030 15688 17590 5403 20317 17226 12283 1841 26312 10242 8874 11317 11272 13257 21105 931 12852 8381 16413 16539 5464 17499 15356 9912 22947 19711 8235 13243 17715 6048 12685 12843 9962 11097 11407 16968 22036 16579 17799 8064 17870 20444 7681 18379 11478 18255 13877 19319 13345 10688 17447 14491 21223 10229 19401 2377 18398 10358 10591 12232 19941 5914 23832 18409 21495 1466 9940 11149 11165 15785 22214 1121 14106 8530 19930 12292 8260 12456 18114 17143 12271 18611 10103 17853 17518 15399 14683 7883 8086 8151 13093 1409 9339 24116 14674 19840 12488 8294 22129 1928 10830 9878 16411 19177 18278 8867 20767 20913
9718 9800 26783 16665 24366 11604 14666 12776 10397 22823 17390 13840 16862 21014 8247 17809 33124 24989 32158 21558 22097 19773 23122 8741 18698 11692 33099 29154 17203 23051 8617 27578 17894 19094 12585 23742 2941 19489 15868 18300 6739 10049 11222 17599 19310 5693 22093 19246 13055 2045 28977 11367 9765 12458 12080 14192 23335 1005 13636 8829 17497 17419 5820 18847 16754 11129 24586 21155 8824 14722 18804 6758 13390 14011 10620 12174 12115 18434 23510 18274 18890 8502 19426 22190 8070 19532 12621 20416 14602 20568 14476 11281 18429 15655 23582 11019 21421 2516 20019 11143 11151 13015 20834 6443 25849 20566 24287 1545 10662 11865 12073 17688 24029 1209 14988 9038 21543 13287 8791 13379 20375 18980 13130 20144 11032 19314 18880 16975 15963 8568 9104 8744 14069 1568 10495 26420 16216 21473 13789 9154 24004 2015 11696 11028 17698 20154 19527 9771 22259 22780
10520 10333 29183 18021 25931 12192 15355 14061 11274 24377 18160 14841 18233 22166 9166 19152 35702 26465 34384 22908 23432 21378 24849 9206 20639 12282 35773 31718 18230 25140 9359 29788 18901 20316 13531 26096 3256 20729 17042 19668 7413 11041 11915 18969 20508 6056 23216 20552 14102 2243 31184 12471 10909 13541 13087 15325 25039 1122 14485 9713 18711 18792 6453 20655 18658 12268 25884 22196 9519 15822 20685 7166 14568 15115 11702 13127 13271 20191 24996 19999 21019 9115 21327 23722 8929 21628 13605 21410 15382 22604 15269 11887 19490 17539 26227 11561 23460 2653 22101 12385 12197 13828 22769 7060 27926 21556 25653 1708 11609 12771 13229 18782 25198 1301 15968 9496 23711 14153 9709 14327 22045 20162 14522 21897 11952 21091 20284 17974 17589 9457 9991 9569 15645 1681 11391 28143 17757 23264 15052 9679 25176 2208 12465 11525 18973 21297 20931 10369 23950 24618

2756 3296 10059 5664 8788 4280 5760 5224 2604 8848 6335 5330 5337 7952 3371 5102 10000 9323 9129 6695 8626 7666 6969 3182 7136 4510 12508 8043 6091 8479 3050 10116 6003 8105 3362 8803 1113 6570 4460 4868 2802 3715 3457 7139 5518 2328 7509 5491 5395 670 9200 3787 3751 3381 4821 4367 5793 442 4340 2950 5694 5596 1912 4530 6722 4322 8688 7779 2373 4792 7278 2469 5236 4517 3654 4336 3953 6178 8902 4269 5143 3051 5949 6979 2836 7318 3666 7799 4403 7252 3660 4410 7623 6772 7529 4081 8063 1064 5904 3867 3439 5485 5753 2017 9011 7774 6412 452 3764 4974 4242 5399 8546 480 4644 3922 7911 4696 2229 4006 8280 7782 4592 8205 4276 7813 7054 6322 6832 3447 2830 3535 4639 506 3414 11395 5811 8153 4331 2929 8915 697 3797 4044 6927 8386 6976 3576 6673 8948
2490 2739 9123 5123 6106 3167 4722 3871 2191 7106 6210 3238 4373 4703 2345 4961 7087 8500 8622 5790 6615 7517 5461 3002 6444 3057 7836 7314 4505 5570 2378 9997 5050 4802 3214 8101 971 6560 4240 4047 2118 3259 3380 5319 5152 2150 6920 5337 4042 642 6946 3007 2435 3290 4567 3351 5620 410 4281 2464 5027 4259 1491 4453 4140 2961 6556 5520 2151 4196 6159 1995 5206 3796 2809 3894 3465 4697 8153 4252 4967 2864 5128 5856 2729 6791 3222 6924 3893 6429 3225 3074 4604 4241 7013 3746 6069 906 5862 3168 3392 3350 4812 1727 7965 7233 6108 437 2908 3385 3321 4266 5868 380 3784 2517 7398 3542 2208 3855 7919 6419 3137 6257 2650 7059 6308 6119 4525 2347 2434 2652 3787 484 2420 8947 5411 4685 3844 2900 7364 687 3014 3109 6778 4862 5306 3318 5416 6146
