150 9 2
145 270 138 157 54 119 28 1 260 194 217 84 132 93 404 78 143 132 165 38 164 38 303 217 214 177 152 190 103 80 143 50 194 36 231 43 262 246 82 29 178 160 337 33 160 1 89 110 76 44 94 103 278 132 186 85 195 82 1 1 65 150 10 1 215 1 25 57 230 28 1 6 148 166 219 232 117 113 47 161 138 107 4 114 154 145 16 230 61 164 16 92 1 179 37 94 296 63 79 90 31 4 158 1 146 52 314 93 110 5 110 145 138 91 28 1 203 1 104 36 65 1 1 80 196 1 76 100 20 36 142 285 43 1 89 6 108 122 69 48 107 77 39 1 196 143 180 115 326 128

1 20 9 26 14 35 1 15 12 39 1 39 2 24 55 25 34 15 66 49 1 53 44 14 1 36 12 46 19 18 20 6 14 18 36 1 43 42 44 10 1 14 45 30 3 33 50 37 26 23 22 29 1 15 16 11 22 22 13 13 5 3 12 53 43 41 49 1 25 30 8 1 25 34 38 13 32 13 38 25 1 1 1 42 7 29 12 31 2 19 1 7 13 10 13 2 1 34 17 6 40 9 26 6 1 1 15 30 2 20 9 45 35 39 35 2 1 20 28 46 69 8 10 11 2 39 1 17 20 15 11 30 2 32 1 37 1 1 34 24 26 7 13 28 36 6 48 1 46 10
7 26 19 30 18 58 31 28 26 40 12 52 4 38 60 38 35 16 72 53 13 71 53 23 21 37 14 48 20 43 21 12 33 22 53 19 54 61 46 25 13 16 59 50 23 39 59 45 27 24 31 47 12 16 30 20 23 32 23 19 12 19 23 79 67 44 65 25 28 32 13 7 29 45 50 36 47 14 47 40 16 27 20 48 8 36 33 44 3 25 17 29 19 14 21 10 13 42 33 24 48 21 41 7 4 24 25 49 3 29 21 51 38 63 45 21 7 32 33 57 93 24 27 26 16 40 3 37 28 23 24 44 5 33 16 51 2 11 43 41 45 20 16 47 46 21 60 20 55 13
19 35 30 33 34 66 45 39 33 55 20 78 9 44 70 54 59 22 80 80 19 84 66 39 30 50 22 63 28 44 25 22 48 30 56 20 66 79 51 44 35 31 75 53 25 51 66 55 36 34 48 71 16 31 41 36 37 47 28 30 21 28 25 101 83 56 66 36 44 48 19 14 42 70 60 41 60 24 62 47 39 45 38 54 15 49 44 49 7 32 28 38 20 24 24 29 26 55 53 37 59 22 45 18 5 31 32 79 4 47 25 64 45 80 49 48 8 39 36 67 111 42 37 27 24 52 16 63 46 25 36 63 15 48 17 55 4 18 44 53 54 33 30 50 51 29 72 36 60 20
21 57 31 37 42 76 54 45 42 62 38 87 19 53 85 55 76 40 81 85 30 103 84 50 31 72 30 69 47 56 40 28 53 56 64 29 69 99 59 57 55 35 77 72 30 56 68 56 44 52 49 82 22 33 58 57 42 64 44 44 38 42 26 107 88 69 67 48 46 55 33 33 43 82 61 46 71 44 69 56 47 61 62 63 33 56 60 54 13 43 43 49 33 36 29 31 35 63 58 49 60 37 55 21 15 36 42 92 5 56 39 77 53 94 59 64 15 41 37 68 128 52 44 29 26 64 30 79 47 35 40 86 23 61 46 60 12 23 45 66 56 54 38 56 67 38 81 45 64 35
31 58 45 38 50 81 56 64 57 78 61 102 25 71 108 65 85 52 103 93 39 111 98 61 44 93 31 72 61 60 54 41 54 62 77 30 73 116 77 59 56 47 83 75 37 62 89 60 55 66 67 94 47 36 63 61 50 80 58 48 49 64 46 119 103 74 72 51 54 57 41 40 46 83 74 49 82 54 71 61 53 71 70 64 42 57 77 55 16 63 56 56 38 51 44 44 48 77 60 86 79 48 65 40 31 41 61 95 13 74 46 82 64 112 75 83 22 47 63 80 129 54 55 30 41 99 50 84 49 44 46 108 36 74 50 79 15 47 56 73 60 57 41 62 70 44 108 54 80 51
34 68 47 46 82 110 66 72 68 79 82 119 33 73 131 66 105 63 116 110 40 127 102 71 50 106 40 94 86 84 81 55 55 72 81 40 75 120 78 66 70 59 113 76 38 74 94 76 74 67 96 106 55 47 79 69 70 87 61 49 54 81 49 145 104 89 93 54 72 70 64 54 70 99 86 65 83 69 81 68 76 79 73 65 52 58 84 89 26 78 67 69 46 59 62 50 67 81 70 105 88 59 74 47 39 44 76 99 24 92 54 83 67 131 93 102 49 51 64 91 136 59 66 50 49 121 59 102 60 46 66 114 39 75 64 85 24 60 67 86 62 77 62 78 81 45 131 60 87 62
51 73 63 51 94 123 77 95 78 86 85 130 47 74 140 83 119 88 132 115 44 129 114 94 70 118 56 106 102 96 94 67 70 73 83 60 94 125 85 78 75 76 123 84 45 91 111 93 78 86 99 123 69 60 90 70 72 98 66 56 63 84 65 150 120 97 94 71 82 77 79 60 96 115 92 80 100 95 90 82 82 96 77 66 60 73 93 105 35 87 77 79 49 61 77 63 73 93 74 130 96 65 82 54 43 49 78 125 46 105 74 96 84 142 104 106 66 63 78 95 158 69 86 59 65 125 65 104 71 70 78 129 44 94 76 91 31 67 77 92 75 81 64 97 86 47 134 80 88 71
59 81 83 52 104 126 91 109 98 90 98 137 64 79 153 103 136 89 146 130 52 150 123 110 84 134 58 107 117 110 97 69 82 97 87 80 99 131 92 88 82 83 126 89 60 112 113 108 81 98 118 142 76 75 91 76 79 113 85 73 82 86 71 170 131 121 96 89 97 83 82 77 99 148 93 98 111 115 93 87 102 100 106 72 69 96 97 113 36 89 93 98 66 78 90 70 94 97 81 136 97 71 98 73 55 71 82 149 49 115 80 111 92 157 113 113 72 74 104 110 170 84 95 66 84 132 81 113 77 78 88 137 58 104 88 97 41 74 83 105 83 98 65 102 108 48 148 81 112 79
68 108 93 53 108 127 104 120 118 105 113 163 65 83 165 111 144 107 161 149 56 153 124 133 94 135 60 113 119 122 106 81 89 108 88 85 101 137 99 92 88 99 132 90 63 123 125 115 103 104 132 159 96 100 92 87 89 130 99 82 92 103 86 189 150 134 98 106 110 90 99 94 100 153 94 129 124 143 96 97 124 105 113 94 85 110 103 121 50 95 95 101 77 81 94 74 102 103 87 137 109 77 107 81 65 75 83 153 69 147 84 119 109 164 128 134 86 75 106 121 182 88 107 67 90 146 92 117 91 99 97 154 59 105 102 104 51 80 86 125 85 114 82 104 117 66 175 94 113 88

1 9 9 1 4 13 27 14 7 11 6 15 5 12 17 27 11 20 16 6 16 7 12 16 13 11 10 1 7 10 11 4 11 10 14 7 17 9 6 13 12 12 6 1 7 10 1 19 2 10 2 2 1 16 6 13 13 5 23 14 10 5 1 20 9 5 10 14 15 10 1 2 1 14 9 4 1 17 8 14 14 12 9 1 5 15 1 3 11 1 1 1 18 23 12 16 19 1 20 20 13 12 9 9 3 9 8 11 6 4 13 19 2 4 19 12 2 18 17 14 7 4 6 19 12 2 19 6 25 10 17 6 1 1 15 15 12 14 7 6 1 6 10 1 7 21 12 15 8 5
2 10 29 10 9 31 48 20 11 13 16 25 16 21 29 31 33 22 20 23 17 27 26 24 14 14 24 7 24 21 17 13 14 16 29 25 30 11 30 25 16 20 8 14 23 17 12 37 11 19 4 8 3 31 7 28 15 18 36 21 28 11 20 24 27 14 14 19 26 27 14 9 2 32 22 21 6 19 14 20 17 17 17 14 22 30 4 11 41 3 17 15 25 36 26 17 27 6 33 24 19 18 17 20 6 32 12 24 15 13 17 21 10 15 32 15 4 37 25 20 24 5 8 21 18 4 29 14 49 19 30 12 9 8 27 19 13 27 15 13 6 16 24 20 11 30 15 20 28 24

11685 10460 12438 6022 5249 11275 5335 10116 8091 8365 9509 2664 7348 6779 8793 9003 8763 13850 4429 5861 10469 2401 271 5848 15087 5611 10981 1790 8845 14291 4460 3748 10506 7925 10352 8594 14766 6932 8017 10905 8674 13051 10853 9035 10117 11177 5157 4645 6882 9782 6256 4810 7460 5025 3583 5451 5336 12011 6652 12266 4994 5744 2258 4269 15431 9017 11276 8518 7156 8284 9463 9179 6381 10759 8622 8812 7509 6832 9792 2473 11794 9904 10797 10681 2674 5606 7354 7154 4451 3108 7242 9563 4732 10296 10356 4282 8846 5421 6705 7408 5015 9964 11866 7506 6702 9696 5683 6195 6437 9843 8577 7922 6964 10777 5454 9155 9761 3695 9078 6356 9677 6702 8816 10646 14661 10854 5551 11327 10525 11216 10854 14784 5153 3563 6757 10895 15851 4747 476 13121 10767 5750 11358 4789 6744 8924 9956 11729 10370 12057
13059 11723 13762 7524 5904 13690 5943 12267 9532 9682 11497 3157 9169 7466 10546 10198 10927 15365 5296 7092 12665 2664 329 6706 18553 6237 12633 2236 11014 17573 4964 4172 12741 8816 12381 10629 16575 7766 8858 13043 9763 14928 12943 10905 12497 13453 5935 5150 8539 12124 7617 5443 8658 5557 4244 6486 6199 14646 7917 14934 5855 6630 2582 4744 18463 11032 13392 9776 8420 9146 10562 10721 7298 13251 10256 10971 9084 7721 11673 2771 13671 11250 12739 12566 3110 6633 8170 8231 5561 3469 8048 11486 5516 11688 11801 5102 9975 6642 7400 9002 6001 11863 14049 8889 8011 11642 6444 7086 8000 11340 10632 9254 8540 12965 6152 10883 12135 4463 10615 7587 10706 7832 10545 12090 16770 12500 6405 13528 11801 12923 12912 18396 6415 4093 8101 13594 18281 5270 575 15287 12809 7027 14040 5807 8054 11123 11023 13505 12510 15067
14697 13924 15546 8527 6887 14863 6807 14726 11149 10569 12683 3637 10182 8154 12520 12075 12206 17997 5948 8513 14174 3071 371 8036 21433 7320 13983 2588 12721 19165 5810 5021 15050 10403 14792 11897 19295 8952 10330 14610 11091 16768 15428 12042 14941 15759 7209 6058 10122 13670 8589 6307 10370 6353 4806 7556 6835 16096 9330 17618 6508 7840 2854 5689 21297 12281 15377 10819 9145 10383 11582 12281 8585 14412 11588 12130 10618 9255 13260 3191 16157 13493 14359 13766 3469 7718 9376 8951 6043 4235 9558 13336 6049 13089 13077 5683 10997 7351 8459 9914 6821 13725 15798 10345 9381 12686 7828 8148 8721 12977 12578 10122 10101 14282 7167 13050 14064 5059 12655 8559 12218 8794 12620 13636 19714 13616 7376 16173 13214 14541 15281 20503 6973 4473 8909 14823 21115 6042 654 18320 14177 7647 16598 6553 8774 13299 12250 14971 14191 17155
16971 16131 18571 9541 7889 17226 7586 17171 12299 11924 14281 4002 11376 9553 13640 13242 14218 20967 6667 9130 16371 3476 438 8691 23365 8186 15560 2944 14585 21851 6852 5665 16641 11282 16865 13195 20975 10482 11162 16963 12735 19233 16558 14123 17103 17007 8295 6808 10858 15517 9251 6858 11898 7608 5216 8329 7721 18820 10412 19960 7693 8863 3326 6142 23906 13507 17351 12095 9979 11806 12915 14200 10154 16240 13218 13823 12296 10889 15559 3570 18931 15640 16492 15474 4076 8936 10513 10699 6730 4584 10808 15119 6963 14121 15516 6681 12908 8440 9824 10830 7919 15828 17018 11189 11039 13691 8553 9077 9388 15060 14564 11559 11675 16150 7922 14308 15533 5781 14555 9972 14050 10442 14244 15477 22659 14774 8163 18895 14666 16568 17971 23889 7856 5051 9588 16612 23361 6863 748 20654 15978 8222 18694 7469 9534 15042 14107 16334 16585 20162
19674 18128 20755 10878 8863 19330 8397 18492 13737 13965 15296 4460 12954 10333 14584 15275 15622 24124 7498 10338 18197 4056 478 10051 26773 9380 16924 3298 15748 23454 7346 6447 19220 12534 19305 14397 24605 11387 12232 19588 14495 20966 18007 15187 18382 19424 9533 7816 12287 17283 10060 7957 13294 8215 5896 9484 9023 20930 11269 22684 8526 9619 3826 6921 25867 14515 18626 13928 11676 13838 14417 16020 11581 18821 14532 14822 13084 11926 17383 4053 21179 17459 18907 16585 4632 9958 11614 11591 7183 4965 12207 17019 7509 15176 17201 7517 14768 9429 10837 12505 8867 17999 19768 12781 12636 15945 9286 10357 10846 16151 15540 12434 13064 17800 8818 15885 17959 6662 16405 10817 15272 12032 15832 17753 24680 15985 8915 21111 16380 18652 19356 26025 8384 5529 10836 18193 25007 7981 821 23706 17609 8969 21447 8155 10264 15976 15503 19133 19129 21990
21725 19278 22573 12161 9597 21171 9291 20780 15042 15464 17498 5048 14755 11672 15475 16406 17431 27264 8246 11091 20200 4560 533 11137 29168 10362 18440 3670 17252 26574 8123 6893 21201 13375 21733 16516 27983 13044 13202 21292 15984 23674 19836 16984 19735 21448 10171 8516 13136 19072 10764 8850 14267 9061 6615 10257 9853 23636 12571 25714 9227 10669 4342 7982 29681 15430 20890 15436 12942 15777 15418 17096 12399 20382 16451 15746 14802 12956 19576 4490 22904 19177 21014 18539 4919 11179 12565 12846 8246 5439 13129 18008 8392 16922 18570 8426 16153 10326 12282 13831 10078 19613 21907 14352 14292 17744 10208 11170 11639 17223 16444 14136 14558 19600 9977 17629 18963 7048 17616 12277 17607 13279 17159 18871 27188 18492 10151 22687 17772 20699 21571 28992 9654 6238 11608 20335 27032 8564 929 26901 19944 9592 23746 8925 11278 17730 17660 21632 20706 24870
23167 20421 24594 13116 10171 22722 10590 22472 16057 16552 18787 5327 16325 12733 16596 18532 19305 28672 9198 12320 22033 5134 565 12193 32749 11587 19621 4033 18720 28068 8966 7458 23305 14853 22955 17973 31452 14320 14812 23192 18075 25369 21333 18815 21854 23203 10928 9520 14251 21339 11690 9445 16068 10191 7324 11200 10484 25890 13981 27531 10264 11752 4839 8534 31710 17023 23044 16516 13714 17376 16697 19000 13333 22051 18082 17826 15805 14365 21723 5054 24201 20481 23644 20279 5440 11790 13635 14438 9104 6158 14607 19546 9102 18776 19724 9295 17486 11074 13367 15508 11048 21938 23229 15609 15492 19760 10883 11841 12437 18776 18455 15911 15788 21284 11215 18966 19943 7777 18771 13112 18746 14838 19074 20093 30757 21041 11022 23850 19473 22673 22822 31699 10482 7077 13089 22069 29928 9107 990 29264 22093 10750 25514 9538 11990 18762 19021 23446 22740 27522
25086 22753 27565 14474 11099 24386 11718 24876 17614 17897 20141 5723 17953 14159 18130 19488 20873 30062 10031 13464 24387 5545 627 13548 35621 12512 21437 4395 19709 30588 9954 8356 25455 16521 24717 19777 34588 15591 16444 25453 19710 27468 23319 20860 23112 24621 11777 10211 15175 22530 12354 10208 17763 11102 8121 12489 11058 27664 14840 30349 10798 12961 5244 9150 35472 19067 24599 17379 15182 18317 18287 21058 14584 23433 20092 18906 16727 15454 23913 5610 26034 22437 26140 22734 5793 12766 15089 15567 9687 6586 15600 21390 9929 21280 21128 9817 18374 11718 14955 16932 11891 23925 24440 17034 16457 21689 12292 12566 13131 20007 20411 16973 16905 23732 12292 20646 21381 8567 19801 14379 19952 16495 20868 22351 32736 22873 11601 26179 20924 23877 25369 35247 11534 7734 14587 23883 33800 10149 1089 31211 24132 12028 27332 10646 12736 20150 21340 25464 25180 29405
27309 24029 30152 15497 11871 25679 12938 26856 18725 19610 22464 6147 19376 15609 20225 21085 22100 31718 10710 14071 26846 5894 679 14837 38191 13657 23427 4690 21213 33291 10849 9148 26559 17651 27293 21284 36127 16424 17939 27612 21050 30515 25749 22737 24189 26784 12512 10717 16493 23648 13722 10996 19310 12017 8946 13620 12143 29495 15511 31651 11403 14143 5666 10195 37877 21308 26747 18555 16709 19522 20248 22748 15641 25150 22161 19787 18361 16597 25581 6095 27213 24165 27348 25299 6224 13470 16607 16330 10283 7261 16874 23478 10980 22409 23516 10847 20106 12633 16208 18694 12742 25246 26253 18088 18058 23140 13539 13228 13929 21263 22266 18572 18449 25407 13118 22827 22570 9410 21041 15704 21365 18083 21925 23635 35577 24352 12705 28989 23530 26333 26771 36916 12531 8438 15689 25382 35462 11069 1137 33052 25958 12613 28754 11286 14005 21568 23461 27666 26821 32089

9485 8462 9846 5312 4703 10046 3188 6697 5636 6954 8334 1969 6429 6100 6121 7766 6879 10795 3947 3646 9346 1491 162 4456 8502 4119 9475 1133 6721 11339 3517 3368 8270 6658 8196 5963 9480 6150 4846 8438 6490 10392 6026 6848 7669 9571 4351 2688 4951 8548 5491 3683 5764 3602 3017 4681 4633 9798 5406 10806 4246 4549 1774 3690 10490 6778 7986 7398 4879 6400 8446 7261 3859 9665 7347 6523 6738 4977 8335 2163 8545 8504 9178 8544 2226 2921 5768 6177 3426 2612 5322 7326 2796 7437 6407 2821 5355 3883 5190 5649 3836 7853 9787 4511 5038 7813 3296 5034 5308 8029 5136 5287 5945 8156 4768 6160 7589 2288 7037 5366 8702 5766 6728 8739 10489 8720 4183 8643 9238 6858 8833 13217 4314 2710 5585 8478 12683 3224 414 9918 7889 3785 8851 3370 5210 7303 8871 7617 8758 9094
8122 6256 9377 4202 3487 6690 2870 5531 5607 6277 6896 1755 4861 4764 5789 6697 5429 7920 3777 3129 6330 1467 154 4209 8139 3805 6296 1095 5638 7179 2697 2199 5273 4229 7674 5807 9290 5189 4710 5742 4455 10094 5736 5656 7354 6811 4226 2481 4758 8210 4284 3616 5325 2537 2916 3642 2854 6743 4598 8293 4122 4340 1498 2708 10012 4769 7418 5065 4290 5158 5377 6159 3476 7176 7240 4821 5744 4316 6674 1993 6181 5938 7019 8538 1945 2868 5654 3675 3378 1644 5215 5086 2440 7275 5416 2517 5041 3455 4136 4281 2560 5025 7152 4197 5023 6453 3241 4927 3720 6565 4644 4329 4601 5549 3463 5069 6032 2002 6074 3663 6948 5599 6086 8439 9808 8687 2963 8386 8017 6075 5507 11642 3611 2024 3785 7460 8245 3163 295 9354 6575 3151 7522 2775 4745 4536 7254 6122 8734 8968
