150 9 2
186 253 1 25 56 132 1 169 193 1 43 131 156 49 138 1 53 63 13 1 180 1 254 211 109 82 191 1 127 207 25 67 41 94 1 1 222 197 41 284 69 36 1 258 1 176 104 139 88 139 216 107 47 57 13 52 14 126 1 218 55 111 167 26 38 59 146 86 136 92 296 59 56 78 131 215 170 189 1 45 77 139 68 165 128 112 50 132 158 97 157 227 167 150 237 44 143 164 167 36 216 1 133 76 151 68 180 97 102 30 170 34 131 167 167 133 207 185 253 66 101 180 212 51 203 169 59 134 103 1 199 40 3 36 130 82 234 128 95 155 80 1 40 200 71 71 84 27 91 48

1 33 20 16 44 24 31 15 20 20 32 25 53 1 15 46 22 37 4 13 1 1 56 23 41 14 23 11 13 14 26 12 19 1 35 32 22 7 9 11 21 15 15 1 35 31 1 27 33 5 13 19 28 16 30 36 26 34 1 5 11 22 5 7 29 28 7 18 13 28 16 1 32 39 22 24 13 35 40 23 28 27 1 8 13 20 5 28 1 15 27 19 14 13 46 1 40 18 19 17 30 13 5 2 17 1 4 19 11 16 1 1 17 39 22 1 14 31 24 41 13 16 17 31 7 1 12 34 10 6 36 1 22 19 27 36 29 58 21 43 26 11 46 13 18 34 32 25 1 34
2 45 29 31 56 29 52 16 30 21 35 26 68 20 46 61 29 46 17 25 2 9 70 32 58 27 50 29 22 25 33 25 34 2 48 35 38 15 25 14 23 20 16 15 42 59 5 44 46 15 15 33 38 38 48 52 31 44 15 16 35 26 9 23 31 42 17 27 17 39 24 28 34 61 52 28 15 43 61 24 45 29 19 22 16 36 15 46 14 19 36 25 23 28 65 21 48 33 30 30 43 24 7 6 28 17 8 27 15 37 17 19 24 41 33 14 29 49 44 45 18 17 26 40 16 21 20 51 22 17 42 10 41 38 47 49 40 74 39 49 27 31 58 17 28 45 42 44 17 47
7 67 42 34 77 32 62 19 47 27 50 32 76 26 59 73 33 55 40 37 4 22 89 51 68 33 61 41 32 44 46 33 47 14 77 38 69 34 39 52 31 35 21 21 48 62 9 50 63 28 20 40 45 55 51 53 47 57 36 23 39 27 14 40 36 63 35 47 32 58 29 38 39 65 53 36 26 44 72 36 46 41 23 26 24 50 24 61 34 26 45 40 40 29 87 25 70 37 57 36 59 28 15 13 36 29 25 39 28 39 22 21 27 53 37 18 49 51 60 57 42 23 38 52 24 27 39 81 34 40 58 22 49 49 59 68 42 75 46 53 51 44 59 20 35 53 63 57 24 53
10 72 60 43 81 39 64 33 50 31 51 44 87 29 71 82 48 76 54 45 10 25 110 52 83 67 63 58 38 61 61 38 57 30 93 51 78 49 41 55 57 42 27 34 55 75 14 51 81 31 32 54 47 64 57 67 70 66 56 27 42 29 23 43 58 76 47 67 33 77 40 43 47 72 58 49 37 46 93 39 60 56 50 34 25 62 25 71 37 28 51 54 52 42 105 28 89 51 64 53 60 34 27 29 55 51 29 55 29 46 38 26 38 59 41 22 76 56 74 66 48 25 45 57 44 33 51 82 46 44 73 30 66 58 75 72 48 86 53 65 69 58 60 37 40 67 77 71 45 59
13 73 74 55 95 42 67 39 65 32 66 57 95 32 77 103 54 83 66 47 15 35 117 63 92 72 73 74 53 78 82 39 65 38 103 59 96 64 51 71 72 53 57 52 63 82 20 55 82 50 33 55 57 66 59 72 79 86 70 42 60 30 34 50 59 83 51 75 37 83 52 50 59 80 64 55 46 58 104 47 61 68 57 48 30 72 30 72 45 31 60 59 53 59 106 37 116 54 65 67 61 43 30 50 63 57 35 56 41 54 48 44 48 66 45 25 79 67 75 74 61 35 78 62 58 35 70 112 69 45 79 46 87 71 83 73 65 115 54 85 87 78 70 46 57 92 96 85 61 71
24 87 81 63 110 57 85 43 79 33 79 66 100 52 101 107 69 100 78 63 30 36 129 72 108 92 80 85 68 89 85 50 77 58 105 64 111 79 61 85 86 64 63 56 75 101 22 57 100 73 38 65 70 85 70 80 80 94 80 63 64 36 50 56 62 84 58 81 54 97 72 64 84 90 73 70 55 70 111 57 65 69 80 73 42 83 31 76 50 46 72 82 58 68 111 44 136 64 75 68 63 49 33 57 73 70 43 68 52 55 61 74 58 90 49 31 84 81 80 83 69 38 84 69 66 46 71 119 78 46 97 60 97 82 94 82 69 136 68 91 107 88 79 57 74 101 112 87 62 73
51 88 100 77 119 79 86 44 85 42 80 71 112 67 103 108 71 103 83 80 42 37 134 76 110 93 81 86 80 103 91 64 78 63 118 74 125 87 66 104 90 67 80 67 82 110 41 72 108 78 47 75 90 102 73 90 87 123 111 70 74 63 58 69 70 85 65 88 70 108 73 66 100 94 84 89 71 83 123 70 90 75 82 82 44 105 32 84 71 48 81 98 67 82 128 61 151 71 76 90 69 53 45 64 74 83 63 74 69 63 62 88 65 91 60 35 86 86 82 96 92 44 87 77 77 67 88 123 91 49 106 61 105 89 106 93 85 149 82 93 116 93 91 65 75 102 115 102 66 83
70 99 118 88 120 80 90 46 86 43 95 74 121 70 107 122 77 111 96 90 45 41 144 83 111 117 95 107 105 117 109 72 94 66 139 95 132 91 75 111 111 69 103 68 87 128 52 85 122 95 61 95 107 113 75 95 100 124 125 76 77 64 73 77 95 86 81 92 82 121 74 67 111 109 98 107 77 93 125 75 105 92 88 97 64 115 42 94 91 60 99 114 80 89 146 85 175 75 78 105 79 75 72 73 78 101 86 80 70 90 71 100 73 92 69 60 102 109 91 105 94 51 96 84 97 88 102 131 92 58 113 62 117 106 117 109 99 173 99 98 120 99 92 76 102 117 130 124 83 106
73 111 132 99 138 82 111 49 94 59 105 78 150 81 124 123 95 126 129 101 59 57 152 89 138 123 96 110 111 121 127 73 118 74 155 109 145 107 97 117 118 81 117 85 103 132 67 97 125 107 78 99 119 125 107 110 101 133 140 92 80 71 78 81 102 104 82 102 84 126 89 74 132 117 112 109 89 99 149 82 109 102 98 114 78 126 43 97 101 65 108 127 88 98 169 107 187 77 93 122 80 89 87 82 82 111 97 83 73 113 81 123 92 96 78 81 103 127 92 110 108 59 112 93 109 89 116 135 106 67 118 67 127 116 135 119 111 177 133 128 123 111 111 94 106 133 140 138 95 117

4 11 1 1 4 10 4 18 4 1 5 11 10 9 13 1 5 7 23 15 18 1 13 11 4 14 2 7 14 1 21 5 14 13 21 4 16 10 1 9 29 14 11 4 12 8 7 6 9 2 7 13 15 8 9 12 26 11 8 9 13 4 3 1 1 15 11 3 4 9 2 1 20 14 8 14 17 1 1 1 5 5 4 1 5 1 17 9 2 8 16 6 1 23 1 5 8 10 9 23 6 14 16 4 10 2 8 9 4 13 9 17 1 1 14 21 11 18 13 20 9 29 17 12 11 10 12 2 25 21 10 15 20 3 1 7 10 1 13 4 9 9 14 13 1 1 16 4 17 19
15 15 10 8 5 12 7 21 16 23 20 17 27 19 25 15 20 11 32 25 27 8 14 29 8 23 21 11 16 10 34 11 16 25 33 16 22 39 5 15 31 21 31 28 24 20 24 9 26 14 12 25 22 9 20 13 27 18 19 16 27 12 11 13 5 30 17 15 12 28 7 16 30 17 21 15 28 19 12 6 24 25 5 4 17 13 22 12 5 27 20 27 4 41 2 9 24 11 15 31 17 30 20 21 18 19 16 16 18 15 23 38 17 14 37 43 19 29 33 23 31 51 24 24 28 22 14 3 32 22 11 22 32 9 8 17 22 4 34 26 24 14 20 14 27 4 18 11 32 31

6001 6451 11225 9076 10267 7289 4365 4464 10644 2190 8928 9599 10920 2986 7624 863 11240 2032 6192 10636 4530 4414 8747 14513 5557 8023 10680 10813 15270 11144 7799 14612 5168 6032 8005 12907 5052 11208 8944 2192 6731 6313 11998 8660 5208 5223 7477 8090 10538 11129 11101 5970 8400 6499 6479 12470 10870 10356 11637 10983 10967 6097 15304 10424 9679 6252 5244 11203 10820 3941 14489 9114 7201 10819 8953 5124 6825 10299 4493 10633 14845 9338 1429 6275 10719 7936 5475 3569 2245 3135 10613 10398 10841 10398 2665 10419 7175 10616 2992 2612 8201 100 5013 9768 12558 14861 6860 11215 8694 5771 7123 6425 4487 4487 5786 9251 8860 9257 11169 9419 10417 9004 9404 5109 13828 8654 4762 13639 3047 4788 8447 1070 5250 6199 2888 5123 12048 9539 4295 6609 13648 9801 10663 3217 4929 13419 9697 9918 8209 4357
6694 8055 13735 10482 12386 8545 4807 5509 12088 2499 10548 10624 13531 3340 8929 963 13350 2452 7116 12133 5454 5397 10775 17418 6863 10011 12298 11967 17189 13062 9090 16359 5793 7356 9796 15568 5878 13135 10790 2503 7771 7296 13649 10657 5735 5810 9295 9555 11768 13059 13767 7435 10012 8062 7246 13871 12017 12716 14175 13124 12638 7121 17867 12206 11292 7047 5927 12786 13455 4816 16760 11314 7970 12031 10348 5885 7705 12837 5074 12668 16526 10639 1583 7160 12701 9255 6366 4039 2608 3661 11964 11850 13244 12467 3024 12724 8620 12542 3587 2895 9754 114 5678 11932 14053 18166 8410 13405 10618 6709 8875 7200 5058 5305 6846 10529 10163 10494 13429 11401 12265 10672 10904 5937 16689 10750 5551 16512 3507 5358 9879 1319 5914 7418 3195 5824 15043 11838 4870 7479 15459 11954 12224 3774 5853 16162 11804 11761 10025 5098
7909 9021 14989 11963 13701 9591 5653 6570 13958 3012 11639 12003 14719 3661 10668 1071 15623 2768 8523 14208 6468 6091 12950 20630 7927 10862 13699 13092 20539 14202 10684 18030 6367 8808 10959 18402 6599 15870 11736 2809 9302 8344 15749 12560 6767 6988 10729 11424 13491 14899 15265 8571 11833 9140 8745 15314 13381 15169 15920 14966 14006 7742 21111 14142 13419 8087 6802 15441 16027 5505 19853 12736 9096 13846 12563 7130 8592 14343 5813 14315 19050 12923 1872 8047 14267 10443 7687 4844 2981 4371 13091 14149 14330 13911 3524 13989 9957 14923 4110 3231 10674 131 6610 13371 16157 20321 9134 14588 11490 7803 9800 8283 5578 6339 8284 12528 11707 12763 14730 13107 13462 12696 13202 6864 18801 12254 6138 19754 4250 5936 11348 1572 7051 8133 3903 6606 16249 12815 5749 8371 18573 12976 13990 4176 6497 18248 14048 13508 11522 5645
8574 10333 17344 13495 16055 10356 6337 7041 15129 3402 13793 13939 16031 4055 12096 1182 17622 3065 9882 16758 7019 6590 14954 23779 9136 12534 16189 15248 24091 16966 12221 21017 7197 10107 12514 19935 7199 17382 13553 3253 10261 9691 17900 14664 8063 7646 11615 12504 15481 16050 17194 9993 13653 10602 10087 17639 15616 16761 18637 17320 15753 8467 23069 15238 15420 9479 7390 17623 18709 6014 21582 14210 10662 15119 13465 7734 9496 16816 6347 16944 21263 14511 2134 9594 15784 11738 8475 5451 3350 5134 14909 16301 16154 16401 3984 15583 11503 16312 4739 3659 11955 153 7401 15797 18056 23981 10432 16220 13362 9022 11087 9431 6663 7280 8966 13782 13579 13792 16131 14840 15358 14023 14652 7602 22113 13652 7068 21678 4588 6992 13260 1793 7684 9187 4279 7474 17702 14319 6280 9930 20226 14999 16286 4842 7085 21178 16288 14510 12983 6697
9868 11086 19600 15590 18385 11635 7100 8120 16688 3900 15679 15698 17700 4642 13560 1292 20376 3549 11029 18624 7477 7481 17034 26817 10133 14380 18101 17911 27865 19099 13008 23753 8222 10901 14117 22716 8390 18687 14904 3778 11370 11221 19589 15780 8726 8687 13318 14294 17523 17243 18512 10658 14960 12081 11200 19509 17598 18560 20359 19025 18202 9220 25177 16678 16986 10464 7942 19353 21338 6409 23806 16411 11488 17619 14762 8889 10692 18381 6946 18910 23804 16706 2407 11006 16985 13024 9410 5949 3825 5558 16505 18582 17805 17643 4548 17412 13276 18065 5200 3969 13424 176 7907 17125 20194 27353 12092 18650 14503 10265 12088 10165 7471 8030 10059 15101 15203 15798 17292 16533 16932 16003 15827 8586 25021 15507 7727 24456 4944 7964 15345 2008 8351 9808 4772 8606 20116 16538 6754 11200 21664 16418 18888 5603 7660 24114 17551 16620 14584 7683
10670 12513 21318 17137 19556 13315 7724 9229 18356 4284 16674 17302 19943 5236 14825 1396 23108 3809 11904 20166 7946 8281 18298 29073 10933 16163 19574 19246 30759 20364 14868 27097 9423 12229 16110 24434 9064 20272 16541 4105 12125 12037 20935 17141 9862 9665 14195 15154 19198 19215 19797 11827 16739 13613 12234 21205 19999 20493 22866 20973 19904 10640 28259 18646 19274 11937 8985 20955 22910 6900 27086 17529 12458 19966 16218 9995 12285 20829 7657 20225 26306 18903 2752 12155 18068 13975 10015 6440 4119 6182 17686 20726 19619 18774 4815 19454 14659 19425 5606 4335 15080 193 8778 18140 21961 29513 13415 19811 15712 11050 13132 11717 8414 8948 11035 17394 17152 17689 18781 18407 18989 17430 17687 9354 26772 17642 8290 26658 5429 8777 16518 2137 9542 11332 5487 9490 22667 18060 7245 11929 23301 17814 20664 6279 8849 25792 19533 18612 15589 8467
11961 13721 23239 19343 20932 14287 8679 10270 19680 4588 18344 18480 21532 5858 16652 1516 25269 4194 13247 21799 8924 8839 20278 31101 11803 17326 20719 21229 33520 22375 15929 29517 10361 13226 17598 27117 10093 22325 18046 4359 13035 12999 22372 18179 10792 10262 15656 16934 21166 20925 22355 12814 18556 14301 13828 24298 21976 22865 25369 22702 21424 11411 29807 19775 20697 13073 9760 23358 24082 7354 29992 19755 14086 21295 18135 11118 13302 23077 8319 22274 29101 20282 3084 13177 20069 15041 11152 6846 4618 6913 19055 22684 22010 19832 5174 21068 15388 20885 6153 4682 16571 212 9559 20314 24766 31441 14853 22105 16923 11749 14359 12471 9431 9697 12020 18406 18638 19371 19922 20322 21202 19679 18902 10283 29520 19317 8800 29167 5859 9830 18604 2384 10277 12116 5832 10733 24990 19192 8104 12780 25198 18870 23207 6715 9755 28582 21267 20925 16567 9371
12888 15309 25550 21475 22760 15130 9357 11220 21128 4844 19689 20538 23761 6475 18172 1652 26593 4403 14377 23585 9861 9730 21886 33725 12421 18729 22401 23001 35958 24453 17182 32370 11501 14282 19425 30110 11298 23626 19898 4853 14465 13758 25341 19343 11903 11030 16880 18396 22237 23506 24044 14067 20531 15066 15393 25553 23290 24457 27716 24851 22785 12094 33396 22044 22728 13982 10507 26142 25861 8144 32263 21968 15126 22907 19710 11686 14112 25558 9120 24483 31983 21541 3366 13903 21938 16599 12125 7412 5110 7450 21042 24216 23631 21330 5777 22256 16662 22342 6740 4943 17667 236 10476 21309 26212 32973 16013 24435 18153 12822 15358 13510 9955 10527 13210 20384 20222 21103 21650 22620 22410 20831 20310 10986 31313 21302 9744 31264 6471 10427 19683 2628 11345 13550 6529 11793 27909 20734 8591 13450 27991 20610 25039 7101 10325 31021 23451 22752 17790 10090
13530 15990 26776 23540 24272 16616 10425 12104 23687 5256 20667 21999 26085 6994 19771 1849 29009 4832 15188 25045 10857 10801 24071 35925 13271 20078 24551 24981 38553 26164 18310 35830 12103 15102 21050 31886 11971 25126 21776 5142 15927 14606 27542 20932 12977 11651 18546 19213 24139 25414 25986 15268 21723 16223 16373 27734 24750 26107 29380 26665 25288 12935 37048 24403 24030 14885 11772 28419 27908 9088 34567 23395 15903 24505 21178 12238 15683 27580 9692 25877 33484 22683 3630 14613 23337 17696 12831 7986 5537 7892 23096 26070 25417 23908 6206 23411 18387 23984 7073 5315 19167 255 10983 22698 28542 36469 16853 26677 20294 13411 17085 14695 10427 11082 14483 22485 21320 22674 23277 24902 24724 22273 21328 12078 32820 23387 10639 33125 6839 11601 21461 2751 12446 14697 6949 12600 29963 22462 9027 14161 30802 22557 26352 7667 10922 33349 25061 24016 19367 11088

4910 4790 9889 5456 9144 6095 3871 3887 9124 1971 5743 7512 9150 2102 6004 776 8922 1336 5421 6530 3499 2837 7228 11794 4910 6785 8238 8658 9002 6980 5853 12553 4311 4418 4699 9246 4202 9579 4823 1344 5840 4938 8090 6266 4533 4511 4053 6791 9096 7987 7516 4868 5660 4940 5507 8170 7276 8706 8171 7490 6594 5212 13368 7190 5126 5212 3932 9441 6261 3376 11040 7181 4633 8790 7995 4559 5393 7155 3377 8307 11674 7859 1024 5155 8684 6543 4336 2852 1872 2445 9233 8018 8270 6187 1856 9230 5474 8396 2370 2271 5853 70 4075 6804 10524 8455 5695 6509 6625 4269 4659 5688 3466 3603 4187 5691 7650 7602 9132 8416 9083 7808 8205 4590 11186 7143 4164 8891 2687 3790 5797 951 4578 4683 2451 4517 10049 7402 2901 5558 10104 8147 7885 2766 2979 8306 5677 7981 7268 2891
4651 4098 6085 5048 8321 5428 2343 3320 6407 1725 5107 5377 6281 1904 3966 558 8200 1273 4671 6430 3304 2625 7220 9071 3825 4486 6058 7028 8871 5998 5487 9733 2793 3284 4557 8444 2998 5979 4475 1152 5539 4362 7509 5566 2968 3227 4016 4276 6981 5928 7165 3204 5226 4271 3979 7598 5623 6751 7291 6108 6315 3873 12946 6522 5051 4130 3748 8500 5631 2005 7810 4896 4618 6610 5238 3501 4036 5825 3223 8063 10725 7812 754 4584 7953 5645 3327 2254 1819 2345 8267 6791 5710 6073 1549 7449 4446 8353 1546 2081 5587 66 2841 4928 9534 7658 4808 5725 5332 3888 3842 5382 2627 3538 4067 4661 7370 4868 6294 4947 7512 7511 5108 4168 8846 6187 3758 6881 1878 3398 4707 794 3585 4567 1552 3573 8842 6565 2381 4898 7655 6779 5761 2099 2810 7872 5095 6448 5322 2542
