150 9 2
1 1 47 66 131 33 209 119 178 174 58 15 1 1 25 80 133 132 37 143 195 92 164 124 249 140 142 117 1 11 122 79 124 113 171 149 98 117 15 166 138 119 180 1 121 38 149 31 144 135 61 46 145 107 164 157 80 113 136 126 272 84 192 237 234 154 115 103 154 199 52 73 56 68 47 125 120 49 158 74 19 62 211 239 185 62 12 138 1 83 96 275 67 27 31 6 143 96 30 36 105 150 9 291 230 114 141 227 1 105 136 149 207 79 170 193 25 52 107 1 148 182 134 165 70 113 9 1 111 22 174 114 137 255 173 62 113 92 102 121 133 131 39 58 305 33 267 115 170 91

4 16 25 44 1 36 30 39 26 22 3 19 48 10 6 17 36 48 1 30 43 28 1 10 30 23 27 1 4 27 57 3 43 46 24 10 21 14 42 11 23 1 17 13 8 7 46 30 23 1 32 20 4 22 17 13 10 47 38 1 36 21 37 2 20 15 41 22 20 17 9 30 13 44 16 24 27 40 34 19 36 26 1 41 34 27 33 22 32 1 9 15 1 5 30 16 43 17 20 28 16 14 22 30 1 25 3 23 22 17 31 10 1 1 24 1 39 15 7 1 7 1 6 11 1 19 6 28 21 10 28 18 39 30 23 31 13 21 10 27 30 7 24 16 25 11 1 23 5 16
11 20 36 56 9 42 47 53 28 35 8 22 55 16 21 28 48 52 22 40 48 49 5 21 42 37 35 7 9 36 63 15 55 66 38 16 22 31 59 18 40 16 23 33 27 8 56 37 41 3 55 32 23 34 46 24 16 58 50 14 57 49 48 9 30 17 42 23 33 36 30 49 28 52 19 25 30 44 46 20 40 41 17 48 59 35 43 35 39 23 22 24 10 24 31 29 50 26 25 36 26 17 29 52 2 36 19 28 29 21 40 22 13 5 32 26 46 21 23 5 16 9 32 26 7 35 7 47 33 16 35 27 54 31 25 42 29 28 22 41 40 14 28 35 31 33 19 38 6 24
27 26 46 62 10 51 50 56 36 48 9 26 61 18 36 29 69 61 24 46 68 65 17 31 47 57 36 8 19 46 85 17 57 76 48 17 36 42 62 28 44 30 34 52 35 11 76 63 51 8 69 39 27 51 56 37 24 65 65 23 72 52 62 18 46 27 53 42 41 58 43 68 36 57 25 26 44 50 47 34 43 48 27 62 80 49 56 52 41 43 23 47 13 33 49 41 63 52 32 52 51 18 34 84 19 54 43 40 42 34 60 26 24 23 40 31 63 26 30 20 27 17 40 28 14 45 8 57 36 23 42 33 69 55 34 50 49 33 24 50 58 37 38 47 55 51 31 49 12 38
40 34 72 67 16 52 79 57 58 64 22 43 74 25 51 50 80 75 43 55 80 82 33 43 58 60 48 26 24 52 90 18 68 84 49 34 48 58 64 34 59 42 40 59 50 25 85 81 56 16 73 41 28 64 70 46 38 91 67 41 85 59 74 26 49 30 58 46 55 69 55 73 38 73 42 34 62 59 57 37 49 59 28 69 82 65 71 57 52 58 31 64 36 34 65 54 64 63 49 54 56 21 38 97 37 62 54 50 45 51 70 27 45 24 53 41 72 42 45 35 37 21 44 29 21 59 20 79 47 34 57 52 73 64 35 52 61 46 41 65 64 51 50 50 69 64 36 64 18 46
41 57 78 80 32 69 88 80 65 67 38 68 75 30 67 51 92 101 62 64 83 93 44 77 68 82 49 34 33 58 105 20 74 102 66 41 49 61 65 40 79 57 60 65 63 39 97 85 82 33 75 56 31 65 83 60 49 97 71 55 89 62 75 42 64 54 61 64 63 86 74 84 47 87 49 40 66 61 83 45 64 71 39 76 92 81 76 70 63 60 32 86 45 53 67 78 78 75 60 58 59 33 48 104 49 73 57 66 62 66 83 30 63 41 54 52 75 44 67 38 45 42 47 40 45 63 40 80 51 57 63 67 84 90 36 75 68 60 52 83 78 52 51 58 84 80 50 82 19 62
59 70 79 98 54 92 89 88 89 73 40 82 81 33 94 71 100 104 63 76 97 108 53 79 83 96 50 40 36 67 111 28 84 118 68 58 60 71 77 49 89 67 75 67 85 60 107 88 93 36 89 63 52 87 100 80 67 109 75 56 90 73 82 43 69 59 74 84 77 96 89 85 60 98 59 47 71 73 99 57 65 75 50 98 111 100 93 71 68 74 54 96 56 58 72 80 87 95 76 67 60 36 70 120 51 79 66 72 71 67 100 41 77 52 72 56 86 59 86 40 54 63 55 52 54 67 53 93 53 59 69 79 95 91 52 79 85 66 54 102 86 62 77 62 93 97 60 89 20 76
74 75 81 103 66 105 112 95 93 89 47 86 84 34 106 82 121 125 83 90 110 109 69 93 104 111 57 43 49 71 125 29 96 125 85 78 80 79 96 62 105 77 87 79 90 66 111 106 103 49 104 68 70 103 104 85 86 126 80 67 91 96 86 44 91 71 80 85 83 101 99 96 85 110 65 48 81 82 103 63 74 99 59 116 114 120 104 85 78 80 63 100 61 59 73 102 112 117 77 75 67 48 81 126 58 87 71 76 90 68 114 54 82 62 85 65 89 81 110 51 56 64 73 68 60 78 82 96 71 70 81 89 96 99 56 92 91 73 55 104 96 67 89 70 100 109 77 103 36 98
77 93 89 133 85 123 129 107 105 96 49 92 98 46 119 101 123 127 106 97 123 127 75 95 119 130 66 48 62 75 133 51 116 146 88 91 88 84 99 76 120 79 89 90 91 81 127 108 117 63 122 75 86 119 112 86 101 129 95 92 95 110 101 65 96 75 81 100 93 119 109 107 95 118 82 50 89 86 107 64 75 127 83 117 116 126 115 86 86 81 82 113 79 69 85 110 113 123 92 86 69 59 83 138 82 106 76 79 100 70 123 68 83 76 99 76 105 82 121 65 83 82 77 81 77 86 105 106 79 90 88 100 109 103 58 93 103 88 64 113 119 80 94 73 108 113 99 120 46 117
80 101 97 144 106 133 133 130 106 98 50 106 112 48 123 105 132 135 109 116 124 135 80 99 134 144 83 60 68 98 144 59 118 165 89 94 95 94 112 80 125 80 112 95 94 93 131 117 135 77 135 88 87 128 115 97 109 139 107 97 103 119 111 83 118 77 86 112 104 126 121 112 97 121 102 59 93 102 112 75 76 128 84 121 130 131 132 109 96 95 91 114 91 94 101 121 129 132 98 101 79 69 89 163 92 115 78 81 120 79 138 69 93 79 100 79 115 83 123 73 87 83 94 85 81 105 114 112 81 96 89 102 126 122 69 110 124 98 70 131 134 99 107 87 118 126 118 139 49 120

2 15 11 1 3 1 1 1 13 15 24 19 6 8 6 7 1 19 6 1 13 12 4 23 22 5 5 14 14 17 14 6 4 9 1 1 5 2 28 14 2 1 7 1 15 1 11 15 19 10 10 26 20 18 17 8 5 5 1 1 1 23 15 5 9 7 17 17 20 1 6 24 27 10 13 25 14 16 1 13 14 2 2 10 13 26 8 25 19 8 8 19 2 7 33 1 10 3 12 4 1 21 15 15 18 7 2 2 14 19 12 20 19 4 5 7 4 4 7 14 14 9 16 6 3 25 15 10 3 1 1 20 1 11 3 10 1 12 11 7 9 6 3 6 6 15 20 1 3 20
18 26 15 12 9 2 15 4 26 22 33 20 15 23 7 8 3 39 15 5 40 19 19 27 30 6 18 29 37 32 18 17 8 28 2 13 27 16 34 16 7 24 23 14 34 5 14 39 23 29 18 31 22 20 21 19 13 17 2 28 15 29 33 18 10 27 33 27 21 20 9 37 34 19 29 34 31 20 17 22 19 13 10 38 14 37 31 35 32 25 26 36 30 8 41 9 19 9 25 16 13 27 20 30 40 12 3 16 24 21 14 31 34 17 15 27 21 5 14 15 20 10 21 7 16 46 26 11 6 19 2 37 7 35 7 20 3 20 28 24 10 18 18 8 15 20 38 8 21 33

10121 4472 8773 5636 7447 10013 7668 10255 5175 11035 4482 7195 8494 15322 2099 12628 6161 5302 10264 5186 9584 5828 14681 6784 7024 9585 15183 6525 7347 5907 1503 9100 8745 6617 3084 10714 8534 5963 4333 10831 12612 9637 6505 11372 7823 10896 9216 4915 6248 3048 6117 7005 8742 10454 6988 4697 6374 9924 2456 5660 10284 9218 1419 2721 9528 3440 6752 4977 9034 9582 9633 10273 11194 5320 8499 11587 6369 8779 4034 4871 6884 9277 10779 14526 5630 10297 6883 1940 6789 13841 9352 13100 10480 5413 10886 9966 5672 7387 5447 9368 8566 6170 10532 4944 10574 3399 7577 11633 6931 5294 5699 13075 3536 11153 13363 6536 9792 10138 5411 1289 10142 10340 2226 12824 6923 6832 4979 9814 6718 5407 11216 5872 10814 3380 7234 8843 11097 9650 6658 6553 8164 15471 15232 6061 8269 5856 7044 985 6104 10980
12354 5148 10449 6852 8197 11659 9465 12235 6262 12997 5080 8382 9775 18958 2622 15514 6967 6035 11993 6463 11959 6419 17095 8313 8273 11583 18229 7595 8668 6622 1861 10827 10417 7497 3584 13118 10288 6771 5350 13108 14184 11366 7831 13110 9245 13580 11294 6102 7099 3778 6786 8675 10414 11771 8199 5503 7456 12361 2760 6730 11332 10804 1626 3255 10673 3837 7683 5823 11276 10588 11197 12796 13974 5968 9389 13985 7869 10626 4913 5575 8269 11344 13216 16864 6796 12393 7995 2356 8042 15931 10309 15471 12175 6181 12675 12347 6480 8430 6258 11301 10204 7701 12221 5957 12214 3779 8737 13417 7914 6485 6566 14909 3982 12735 16013 7286 11563 11924 6198 1430 12026 12734 2591 14360 7748 7581 5989 10894 7525 6038 12770 7066 12899 3838 8488 10940 13365 10649 7785 7845 9132 18560 17476 7102 9735 7012 8731 1208 7063 12937
14812 6067 11538 7923 10020 14107 10798 14237 7311 15130 6015 9485 11180 22195 3091 17436 7641 7359 13228 7586 13339 7442 19985 9530 9198 13114 19871 8655 9990 7302 2059 12416 11521 8372 3999 15222 11290 7771 6278 14239 16526 13374 9082 14592 10058 15528 12296 6627 7957 4480 7879 9540 11726 14045 9409 6503 8634 14812 3110 7314 12629 12541 1795 3708 11920 4302 8862 6657 12810 11895 12221 14159 15240 6705 10650 16107 8851 11862 5565 6751 8970 13400 15540 20272 7744 13776 8940 2726 8884 17395 12173 18261 14375 6940 13938 13351 7848 10141 6843 13575 11901 8394 13898 6573 14627 4389 9771 14586 9501 7311 7777 17484 4821 13868 19090 8034 13573 13288 6955 1619 13932 14705 3064 15684 8733 8576 6967 12779 8635 6597 15210 8358 14971 4486 10213 12907 14617 12348 9297 8615 10696 21209 19328 8562 11081 8051 9545 1314 8563 14248
16677 7178 13194 9274 11486 15654 12317 16724 8280 17599 6709 10338 12267 25253 3603 19044 8494 8408 14958 8193 15613 8576 21837 10812 10912 14856 22734 9615 11138 8415 2304 13700 13370 9917 4457 16894 12633 9045 6936 15497 19186 15421 10530 17302 11516 17384 14342 7519 9388 4929 9346 10965 13896 16157 10234 7559 9600 16173 3585 8473 14446 13693 2029 4262 13123 5119 9549 7559 14724 14190 14482 16093 16728 7450 11846 18035 9529 13887 6533 7472 10341 14457 17939 22885 8564 16077 9868 2999 10019 19444 13940 20537 16149 7581 15415 15399 8831 11143 8042 15247 13332 9823 15126 7638 17001 5039 11249 16173 10759 8480 8423 18889 5529 16641 21254 9658 14725 15148 7916 1887 15400 16740 3541 18102 9455 9405 7532 13912 9319 7594 17366 9104 16328 5145 11098 14574 17024 14496 10285 10127 12506 23931 21314 9993 12336 8763 10298 1429 9832 16200
18948 8235 15087 10247 13062 17925 13088 18658 9469 18952 7554 11160 13140 27622 3860 20507 10005 9211 16401 9483 17887 9363 24244 11643 12007 16543 26319 10590 12623 9377 2578 15677 14523 10684 5082 18854 14172 9991 7776 17616 21643 17439 11281 19707 12766 19532 16258 8628 10752 5278 10152 11880 15431 17807 11715 8109 10700 17691 4122 9464 15936 14644 2368 4885 14237 5819 10396 8489 16712 15287 15818 17510 18238 8603 13330 20768 10806 15511 7098 8578 11044 16000 20439 24561 9732 17234 11035 3356 10727 22076 14935 23776 17362 8772 17579 17247 9675 12643 8939 16766 15316 10780 17305 8649 18468 5479 12139 17731 12314 9591 9196 21047 5912 18034 24222 10888 16499 16474 9032 2159 16970 18460 4021 19915 10703 10587 8071 15468 10769 8392 19503 9711 19003 5740 11841 15792 18894 16670 11608 10885 13681 27578 23120 10901 13962 10054 11491 1548 11352 18252
20983 9164 17222 11384 14265 20219 13925 20413 10233 20525 8168 12072 14758 29320 4307 22276 11458 10175 18508 10362 19615 10282 27520 12755 13138 18375 29588 11475 14369 10127 2912 17241 15497 11525 5710 21459 15684 10635 8469 19434 23881 19693 12073 22039 13700 21246 18356 9723 11909 5817 11492 13280 16455 19124 12764 8763 11353 19685 4392 10354 18346 16712 2654 5546 15725 6489 11777 9287 18683 16406 16844 18875 20427 9186 14973 22644 11578 17616 7566 9733 12553 18252 22840 27511 11006 19159 12754 3784 11796 25404 16666 26414 19014 9900 19842 18599 10965 14277 9712 17712 17016 11442 19074 9372 20701 6001 13551 20263 13422 10445 9903 23202 6660 20541 26818 12479 17602 17714 9780 2470 18137 20508 4352 22919 12286 11722 8723 17543 11710 9435 20751 10828 20360 6218 13545 17987 20131 18202 12544 11924 14969 31408 25204 12405 15924 10950 12336 1724 12515 20559
22543 9930 18566 12387 15246 21445 15235 21915 11019 21766 8871 13261 16534 32879 4822 25238 12391 11093 20990 11534 20987 11449 29191 14344 13860 19934 31473 12778 15145 11519 3255 18252 17572 13003 6276 23654 16965 11788 9422 20520 26423 21323 13063 23370 14601 23932 19486 10263 12907 6507 12938 14939 18261 20851 13943 9880 12803 21522 4716 11199 20394 17735 2835 5871 17375 6898 12836 10303 19900 18572 18879 21024 22923 10054 15956 25371 12506 19493 8216 10767 13492 19531 25371 29833 12317 21137 14187 4163 13157 27836 18315 27837 21531 10842 22211 20723 12314 15576 10658 19342 18619 12926 20134 10380 22238 6732 14691 21530 14576 10976 10529 24544 7441 23124 29939 13881 18938 19817 10353 2694 19296 21693 4884 24561 13175 12667 9782 18629 12686 10507 22658 11466 22187 6708 15230 18932 22671 20191 13712 12828 15903 34966 27881 13740 17319 12278 13295 1841 13227 22341
24469 10445 20215 12976 16485 22890 17042 23232 12214 24119 9858 14486 18156 34459 5200 27482 13513 12399 22262 12101 22022 12837 30708 15585 15606 22238 34859 14394 16857 12959 3440 20508 18623 13692 6623 25244 18261 12849 10432 21854 27699 22661 14078 24915 15948 26634 21701 10874 13962 6938 14193 15807 19290 22075 14995 10529 14178 23783 5166 11910 21437 19606 3111 6326 18436 7514 13989 11449 21531 20440 20621 22232 24494 10668 17676 27406 13746 21412 9170 11528 14560 21085 27166 31617 13605 23105 15501 4501 14677 29911 20479 29920 23101 11466 24614 22952 13627 17079 11595 20757 19919 14219 22073 10921 24311 7460 15571 23841 15740 11895 11579 27715 7938 25097 32815 15323 20848 21803 10997 2917 20888 22802 5213 27644 14154 13577 10336 20258 13716 11531 24530 12344 24339 7075 16604 20589 23831 22593 14442 13677 16923 37135 31105 15126 18331 13305 14255 2035 14726 23608
25936 11458 21980 13917 17448 24516 18140 25021 13152 25522 10395 15227 19660 37226 5636 29340 14361 13349 24579 13352 22995 13643 33701 16978 16902 23524 38547 15276 18609 13554 3714 22447 19576 15156 6971 27309 19929 13510 11443 24479 29050 24315 15604 26952 17834 27769 23921 11473 14710 7509 14947 16916 20193 24469 15823 11598 15529 25308 5457 13162 23186 21755 3371 6856 20017 8179 15571 12078 23095 22038 21811 23279 26262 11246 18694 29581 15275 22958 9848 12036 15791 23148 29141 34773 14826 24878 16317 4963 15422 32637 21916 32513 25213 12314 26779 25241 14802 18397 12844 22270 21634 15157 24627 11934 26517 8255 16897 25379 16884 12892 12836 30419 8487 26412 34956 16509 22564 24200 12307 3183 22054 25097 5470 29696 15538 14610 11319 21495 15105 12073 26083 13429 25631 7612 17425 22231 26152 24901 15888 14496 18380 39200 33376 15926 20154 14483 15747 2210 15536 24860

7576 2824 7107 4624 5657 6870 6664 6809 4459 9176 4031 4583 7044 8753 1423 10500 4311 3732 7933 3679 7079 3529 12259 5717 5716 6359 10276 5748 5733 3698 1343 7007 6972 5169 1885 9090 4866 5156 2696 6853 11145 7930 5592 7655 6940 9212 8213 4275 5565 1675 5474 5336 6980 8657 4799 3712 5091 6546 1887 3089 9031 8155 1230 2171 6121 2985 6053 3563 5276 6823 6167 8579 7779 3219 7411 7492 4772 6820 3287 3957 5729 6624 8848 11972 4604 6891 6037 1524 4561 7775 7789 8633 7666 3390 7819 8171 4160 5130 3511 5832 6844 5219 9111 3482 9423 2907 6426 10348 5094 4286 3674 10381 3061 9707 9947 4868 6423 7216 3841 744 5815 8129 1857 9019 4895 6139 4240 5442 5398 4624 9720 4686 9658 2723 4616 6418 8501 7403 5884 3302 5704 12092 12367 4209 7098 5032 5352 708 4863 7246
6075 2595 6001 4557 4561 6420 5845 6579 3883 5661 3513 3785 5132 8127 1147 7227 3807 3457 7814 2818 4904 3090 9828 3821 5678 6143 8629 5331 3905 3575 1260 5484 4971 4852 1674 8301 4731 4729 2354 5785 9589 7869 5331 7293 6939 8017 5917 3251 5088 1562 3675 4359 5786 7611 4774 2731 4803 4970 1230 3066 8280 7215 765 1894 5508 2833 4258 3458 5130 5256 4829 7581 7449 2991 7340 6688 3230 6215 2327 3582 4274 5141 8556 7270 3242 5291 3653 1219 4513 7208 4928 6949 5945 2925 6921 5793 2940 4804 2817 5523 4491 3832 8641 2793 8045 2682 4314 9413 4811 3861 3234 8198 2588 7476 7467 4192 6242 6785 3786 715 5473 7841 1171 7794 4496 4803 2757 5179 3609 3464 8333 3744 5496 2401 4536 4666 7208 6506 5217 3293 4595 9936 10470 3472 5520 4407 4827 619 4000 6976
