150 9 2
1 108 1 1 59 98 178 83 1 86 128 1 4 111 248 76 164 44 68 45 1 40 72 1 15 8 115 113 148 1 87 5 10 10 90 111 45 206 70 236 33 114 109 145 182 124 173 100 71 201 1 169 18 1 127 160 219 121 156 14 86 1 205 75 89 213 102 40 206 102 108 102 46 81 85 219 55 131 55 116 238 38 1 201 5 286 127 136 158 104 1 84 95 156 123 162 98 62 24 116 92 1 26 119 59 55 178 103 220 1 1 1 132 18 258 298 250 199 224 79 47 162 209 27 15 108 75 79 33 149 1 132 146 20 49 52 68 134 210 233 183 83 32 97 56 289 112 1 229 177

19 51 25 43 22 29 52 17 55 9 7 13 10 26 7 19 1 6 1 26 19 12 24 15 37 39 19 10 4 35 35 3 19 37 53 29 17 1 16 41 52 13 12 46 19 31 10 6 1 23 15 16 1 31 17 39 14 25 27 23 26 22 20 24 2 17 24 15 34 40 36 45 6 17 28 22 1 23 14 37 25 23 1 1 66 70 23 16 25 1 13 10 35 3 36 27 39 6 26 22 9 43 20 39 43 29 12 1 20 1 34 26 1 8 37 41 50 22 47 37 42 8 62 13 47 67 9 32 15 18 7 55 9 32 34 17 11 37 22 1 39 60 2 2 1 51 40 60 31 36
27 63 33 51 34 40 65 18 63 17 13 23 29 40 18 32 12 7 26 36 39 21 34 22 38 54 24 16 27 39 47 8 42 43 54 31 38 26 29 47 63 22 15 53 22 34 23 18 8 38 29 23 14 36 38 40 31 45 36 27 47 42 29 33 33 19 29 18 49 52 53 73 7 18 51 31 14 39 16 45 36 38 6 16 86 88 25 30 34 7 17 51 46 12 37 33 45 33 35 36 29 51 30 43 48 43 24 23 35 7 55 41 16 14 41 54 66 24 54 44 57 14 75 29 68 73 17 46 30 25 20 64 27 40 40 25 12 44 24 20 41 67 9 18 15 74 44 70 49 40
35 75 61 64 37 60 69 22 74 18 32 40 37 44 23 38 24 25 28 42 54 25 43 27 52 73 36 22 32 45 58 14 47 57 68 41 50 35 45 55 80 28 24 59 31 40 27 21 21 48 33 26 23 43 53 41 48 53 42 32 63 73 31 54 42 37 48 28 60 54 74 91 19 32 67 50 30 47 24 48 56 47 38 30 111 94 33 37 44 18 30 65 57 28 51 51 62 40 47 51 36 56 31 64 62 51 34 34 50 12 63 63 21 15 42 74 72 34 59 59 80 22 90 48 69 83 23 60 44 28 34 69 41 62 58 41 17 45 35 30 46 72 12 33 23 76 50 82 56 60
40 102 75 74 48 63 75 28 84 21 48 41 48 56 26 41 41 27 29 56 65 46 61 48 54 86 40 37 48 50 60 26 50 63 75 46 64 46 66 72 93 44 27 69 43 49 48 42 28 63 58 32 39 45 54 55 64 64 51 40 86 85 43 56 52 69 49 46 64 80 76 94 26 33 78 66 34 56 35 60 70 51 57 46 127 104 36 45 65 29 51 71 63 30 55 54 71 46 54 58 46 60 37 79 67 54 47 48 63 17 72 67 25 18 49 97 96 51 60 83 88 43 98 67 79 84 48 71 68 34 47 77 56 76 67 45 19 59 38 49 55 73 19 36 36 95 67 91 74 68
42 113 76 92 72 74 93 34 87 30 67 50 55 62 40 55 49 34 31 73 75 61 66 65 60 95 58 43 58 58 64 27 57 77 93 47 69 55 73 85 112 55 30 78 48 65 57 52 34 64 75 40 48 64 55 58 66 91 64 41 107 86 60 77 69 86 51 48 86 92 77 101 45 68 87 81 48 64 37 61 90 80 60 54 143 105 41 51 66 47 54 76 94 58 56 62 75 57 62 59 47 86 49 80 75 62 74 49 71 18 81 72 33 20 57 107 115 59 71 97 107 48 107 80 80 94 58 90 74 52 48 92 58 92 77 46 28 65 50 68 63 76 34 47 44 96 68 94 97 69
57 128 90 97 81 75 110 60 98 37 73 67 69 79 59 59 59 56 41 88 82 64 78 66 72 103 59 57 61 69 80 38 61 80 94 50 72 58 82 92 121 62 49 84 58 68 65 69 60 68 79 48 51 71 62 68 87 101 79 49 113 104 63 101 74 87 61 65 109 100 95 107 57 74 100 82 59 71 58 65 91 84 64 55 148 109 50 70 78 63 60 81 101 80 68 70 77 58 66 60 59 92 59 93 77 64 76 59 79 42 90 83 49 26 62 122 134 72 76 103 117 55 120 87 86 101 80 92 93 73 59 95 71 112 86 57 36 77 51 76 65 78 40 60 52 97 81 104 101 78
61 131 106 109 88 89 122 64 106 39 87 78 74 96 71 91 67 71 54 102 93 70 79 67 90 111 65 66 66 79 96 54 65 105 107 57 95 70 84 93 122 77 66 93 65 78 66 93 67 69 91 82 56 78 76 86 90 105 91 61 123 110 92 105 99 96 63 73 128 118 96 110 63 96 120 91 80 75 70 83 92 88 83 77 164 112 66 74 87 78 69 97 122 92 84 71 78 65 73 78 60 97 78 116 105 68 78 67 80 59 103 92 54 47 72 133 149 75 90 119 125 81 129 98 87 112 90 113 102 92 69 96 80 124 121 70 53 95 61 82 74 89 52 71 60 104 84 127 106 91
65 142 124 122 108 90 127 80 119 52 102 90 85 105 104 104 73 85 60 117 94 91 98 68 91 119 71 82 67 87 99 76 82 115 108 62 96 76 95 104 137 93 69 94 72 88 90 101 82 79 108 89 58 84 94 92 105 122 116 79 124 122 104 116 106 112 70 84 141 131 121 131 70 106 123 93 89 80 80 84 116 89 91 86 171 122 82 92 91 98 80 101 130 105 93 89 98 94 89 81 76 110 90 144 108 83 79 85 90 68 116 93 61 53 88 134 163 84 95 135 137 94 159 105 101 126 94 125 125 97 75 115 91 126 136 71 65 110 76 83 77 99 57 74 69 116 92 148 125 95
75 163 143 130 112 99 142 82 120 60 106 111 92 114 115 107 82 86 70 127 103 101 102 79 103 137 80 90 81 95 113 77 92 128 113 87 105 83 105 108 148 100 70 109 88 98 97 115 94 94 123 100 80 85 107 109 129 143 129 81 125 133 105 128 129 124 77 88 155 140 128 136 76 125 135 109 92 89 81 97 135 108 92 87 173 130 96 110 103 99 92 114 144 120 128 107 109 95 110 92 77 119 105 145 115 97 93 103 91 70 124 106 79 64 100 153 180 93 110 138 153 111 164 124 105 137 109 131 133 118 76 129 97 147 141 85 84 111 86 112 93 100 63 88 80 124 93 156 154 121

6 10 9 8 19 6 6 4 5 19 1 9 8 13 20 1 1 14 1 13 3 9 5 17 2 16 6 19 21 4 4 3 10 9 1 4 12 4 1 11 20 10 15 3 1 10 1 19 26 4 8 11 9 2 11 3 1 9 3 1 25 20 15 12 10 1 14 18 7 14 15 1 18 6 15 23 6 1 20 13 16 13 16 23 8 13 14 15 5 4 20 7 8 2 9 1 18 20 12 9 16 6 19 14 12 10 12 8 12 1 5 4 16 16 3 1 7 2 12 12 3 10 11 17 15 24 7 1 23 7 13 7 1 13 9 9 17 1 17 16 9 17 13 22 8 20 11 9 20 12
10 23 16 19 31 26 16 10 11 27 11 16 27 16 32 5 12 15 8 26 24 26 14 25 9 25 24 27 24 23 13 10 21 10 2 8 16 14 8 13 21 11 33 17 3 25 5 31 29 5 9 19 16 5 24 4 4 15 8 7 41 46 16 35 13 11 25 26 16 16 40 21 20 18 30 34 15 15 33 34 29 15 18 33 16 15 32 31 30 13 31 8 11 18 17 14 42 28 13 12 18 20 33 20 19 21 27 21 36 20 17 5 19 32 4 16 17 3 20 17 25 11 28 18 31 36 10 14 31 8 27 14 5 21 12 28 32 24 20 24 27 40 33 30 27 35 35 24 38 15

4127 8529 10231 8927 9602 5886 9732 10307 2392 5492 12852 8315 611 11742 2783 5920 4820 3784 5681 6745 9335 9738 4582 5458 9643 5888 10357 8054 11955 5963 8576 10247 4436 12882 5984 5203 5164 7599 6632 8278 10186 9836 2048 6567 10463 4835 6579 13195 3622 4055 3448 7777 9480 6049 9944 6294 5559 7180 5368 8821 11475 8481 4864 4920 4880 6366 8104 5902 9451 4869 8973 7461 9603 9404 8001 11301 6279 6366 10224 4032 7794 8683 4462 5742 12115 5598 8999 10940 4300 8406 9190 9217 3454 6224 7894 6063 13219 14091 8507 3957 5920 7543 10188 12803 6518 10255 6425 2078 8071 11483 8718 5865 4137 7924 4669 5885 5924 9982 8833 5900 4260 9073 4533 4044 9055 5341 5095 8198 7000 7752 7636 814 9996 11155 13926 188 3413 7798 6077 11749 10357 2375 10014 8374 8920 5182 8339 7697 8113 6899
4586 10320 11317 9919 11355 7135 11335 11377 2861 6462 15574 9700 756 14128 3414 6816 5817 4690 6900 7915 11137 11905 5376 6275 10840 6617 12294 9359 13730 6800 10500 11592 5009 15986 7141 6366 5858 8823 7771 10048 12004 11521 2284 7817 11944 5458 7810 15850 4161 5058 3809 8784 11549 7355 11661 7164 6120 8643 5905 10643 12957 10406 5436 5848 5505 7706 8997 6712 11421 5596 11096 8705 10624 10873 8890 13236 7033 7760 12522 4834 8968 9860 5241 7069 13913 6791 10494 13536 5317 9394 11102 10936 4191 7021 8924 6999 15271 16595 9802 4771 7038 8583 12059 15503 7567 12252 7706 2300 9207 14015 9713 7001 4599 8816 5722 6751 7088 11343 10399 6922 4915 10915 5034 4836 10133 6426 6034 9906 7711 8970 8632 983 12256 12756 16777 221 3867 8705 6695 14061 11901 2818 11228 10232 11073 6219 10238 8522 9002 7892
5544 12116 13661 11051 13228 7833 12493 13933 3237 7164 18509 10868 899 16352 3967 7610 6654 5459 8304 9047 12079 13288 6286 7338 12940 7975 14509 11268 16114 7544 11848 13349 5840 18785 7849 7309 6487 9887 8555 11546 13854 13046 2706 9274 14460 6327 8519 18006 4965 5908 4599 9917 12522 8769 13982 7885 7142 10113 6856 12667 15542 11601 5935 6472 6438 8773 9862 7313 13669 6595 12473 9670 12120 11879 10050 15810 8156 9101 14363 5784 10590 10971 5751 8240 16615 7894 12569 15093 6247 10378 13022 12857 4734 8340 10762 8396 16678 18614 10681 5664 8189 10230 13968 17597 9018 14457 8653 2679 11154 15406 11624 8348 5537 10308 6777 7433 8181 12565 11974 8114 5794 12028 5516 5844 11490 7579 6884 10973 8865 10478 10510 1140 13598 14738 19180 261 4626 9648 7304 15352 14027 3288 12616 11678 12189 7385 11702 10061 10273 9472
6245 13914 14983 12189 14786 8886 14095 15724 3768 8382 21403 12911 963 19185 4245 8902 7155 6234 9107 9843 13810 15382 7349 7892 15000 8938 15957 12439 17725 8922 13956 14968 6850 20724 8567 8580 7479 11037 10033 13287 16230 15029 2923 10312 16188 7488 9902 20434 5657 6728 5421 11364 14827 10187 15437 9349 8071 11035 7717 14539 16832 12730 6758 7534 7190 10195 11615 8364 14766 7596 14142 10718 13387 13295 11800 18208 9554 10226 16271 6454 12303 12725 6628 8907 18003 9257 14513 16456 6795 11594 14985 14113 5468 9757 12619 9230 18834 21453 12720 6413 9236 11060 15317 20153 10149 15568 9911 2898 12652 17047 13235 9255 6197 12279 7479 8765 8889 15004 13948 9543 6580 13090 6421 6629 13446 8774 7857 12466 10523 12240 11805 1248 15387 17081 21369 297 5112 10782 8314 18198 16119 3753 14152 13281 13566 8170 13078 11821 11879 10541
7079 15482 17261 14054 16598 9500 15466 18057 4052 9657 23468 13970 1061 21540 4834 10129 8095 6850 10092 11022 15147 16539 7945 8959 16770 10075 17911 13342 20121 9523 15619 17294 7848 22090 10042 9547 8356 11930 11021 14352 18451 17126 3299 11833 18383 8656 10683 22799 6048 7393 5766 13175 16306 11127 16783 10137 9029 12414 8455 16541 19139 13666 7611 8155 7758 10977 13039 9708 16195 8522 15139 12540 15468 15085 13248 20268 10195 11512 17977 7380 13814 14144 7650 10153 20791 10442 16602 18375 7561 12797 16372 15916 6277 10716 13442 10450 21120 24163 13871 7296 10581 11946 17516 22621 11470 17367 10792 3170 14573 19170 14392 10040 6953 13432 8405 9763 9556 17294 15443 10979 7428 14034 7058 7613 15412 9380 8765 14463 11632 13139 12696 1396 17003 18613 24411 318 5581 12676 9027 19909 18698 4265 15294 14231 15365 8939 14771 13604 13031 12211
7882 16672 18800 16274 17727 10422 17680 20196 4354 10371 26351 15512 1203 22910 5494 11554 9177 7561 11264 12193 17447 17851 8674 10228 18735 10803 19979 14979 21572 10504 16868 18763 8679 24540 11404 10193 9257 12972 12504 15734 19827 19054 3656 13225 19735 9631 12280 26074 6677 8012 6238 14011 18264 11777 18682 10827 10036 13762 9067 17714 20456 14874 8708 9136 8835 11618 14024 10561 17539 9733 16125 13304 17327 16885 14482 22880 11744 12974 19604 7886 15603 16255 8244 11078 22021 11473 18060 20691 8247 14406 18455 18183 6899 11751 14528 11874 23499 27495 15841 7779 11778 13508 19745 25075 12687 19100 11711 3402 15464 21455 15605 11343 7826 15238 9567 10514 10262 18417 16823 12308 8006 15471 7617 8298 17576 10532 9897 15574 12487 14978 14141 1530 18665 20212 26566 362 6395 14249 10233 22737 20356 4854 17077 15344 17360 9843 15890 15289 14239 13287
8748 17731 20090 17861 18984 11728 19526 22543 4724 11181 28046 16708 1303 25398 6145 12916 10058 8164 12568 13237 18965 19477 9438 11344 19848 11741 21488 16349 24305 11754 18034 20195 9286 27046 12586 11073 9873 14736 14029 17724 21752 20976 4029 14666 21879 10514 13732 28290 7082 8653 6673 15947 20267 13025 20185 12005 10739 14602 9632 18962 21634 15835 9882 9877 9407 13071 15972 11812 19213 10639 18314 14439 18481 18675 16434 24869 12706 13771 21140 8641 16601 17355 9207 11889 23634 12794 19589 22715 9265 16404 19807 19526 7704 12631 15815 12806 25097 28956 17264 8596 13026 14412 21280 28198 13629 21590 13287 3814 17441 24297 16836 12133 8668 17099 10448 11616 10997 20571 18899 13065 8814 16403 8602 8732 19282 11539 11160 17207 14229 16212 15238 1704 21048 22660 28482 404 7218 15504 11293 25423 22009 5376 18404 17017 18999 10528 17581 16718 15668 14193
9556 19628 22599 19229 21086 12763 20826 23849 5266 12019 30499 17779 1402 27380 6584 14168 11094 8909 13640 14657 20727 20543 9934 12250 21505 12585 22755 17928 27199 12919 19195 21595 9871 28607 13688 12304 11128 16270 15390 18949 23948 22110 4446 15394 23828 11205 14664 30092 7737 9444 7334 17004 21341 14450 21314 12829 11695 15354 10402 20307 24323 16780 10661 10780 10064 14138 17123 13127 20231 11424 20544 16184 19598 20231 17758 27298 14069 14937 22684 9254 18223 18987 9890 13104 25409 13956 21280 24869 10223 17388 20821 20600 8341 13741 16690 13916 27699 30387 19190 9342 13888 15576 23158 31078 14630 22824 14731 4222 18291 26696 18323 13469 9657 18827 11086 12328 11641 21653 20854 13843 9359 17974 9578 9140 20899 12532 11827 19165 15100 17175 16589 1890 22594 24954 31788 438 7717 17261 12068 28252 23637 5776 20193 18023 19952 11797 18428 18298 16965 15260
10569 20960 25105 21180 22416 13588 22532 25519 5740 13252 32744 19611 1468 28805 7209 14858 12296 9416 15015 16199 22644 22720 10625 13111 23063 13188 24336 18784 28739 13560 20939 22676 10913 30373 14802 13548 11738 17955 16966 20336 26387 23462 4866 16292 25741 11718 16082 32869 8100 10342 7912 18840 22830 15933 23402 14362 13070 16098 11653 22243 26991 17942 11607 11785 10804 14792 18645 13866 21304 12044 21564 17807 21246 22299 18839 29364 14724 16275 25000 9814 19666 21013 10353 13966 28077 15309 23520 27153 11151 18477 21762 21892 8778 15201 17794 15085 30977 33827 20222 10149 14666 17124 24878 34190 15866 25360 16182 4620 19490 28531 19915 14836 10514 19660 11945 13097 12504 23561 22755 14975 9953 20059 10208 9981 22346 13073 12894 21068 16297 18562 17932 2050 24963 26758 33620 473 8334 18751 13293 30646 25834 6041 22639 19508 21129 12894 20078 19483 18140 16254

3675 6573 8939 7543 6298 3681 7367 6634 1778 4122 11195 6554 516 9857 2315 5222 3127 2408 4029 5648 7309 7031 2577 3443 7488 4465 8119 6398 10281 4182 6242 9189 3044 10040 4418 3327 3751 5300 5430 6860 9110 8668 1537 5067 7795 3348 4821 8646 2527 2674 2956 5427 8479 4315 5701 4778 4432 4966 4302 5508 7926 7566 3034 3866 3565 4924 7009 4870 8448 4090 6567 5424 8331 5526 5470 9499 5399 5203 7892 3566 6791 6092 3545 4146 10871 3537 6977 8398 3462 6449 7190 7555 2300 3807 6097 4602 9770 10283 5713 2983 4872 6540 8660 11182 5778 8543 4926 1498 4975 9681 6902 5210 3403 5664 3339 4528 4607 8979 7618 5018 3661 6630 3956 3222 6544 4776 4057 4571 5762 4435 5657 611 8569 9079 10465 167 3052 4888 5026 9048 7986 1494 6662 6761 7648 3359 5167 4408 7009 5309
3346 4386 5380 6029 5897 3395 5254 5197 1649 2823 8372 5616 462 9350 1504 3275 2624 2234 2961 3607 6754 6812 2504 2794 5829 4063 7250 4606 6802 3342 4621 9071 2518 6632 3986 2648 3316 4400 3590 6126 5430 8544 1253 4796 5941 2423 4697 7181 1929 2458 2556 5213 7011 3389 5496 4556 3961 4762 2989 4900 7072 4690 2627 3404 3463 3993 4435 3245 6232 3306 6543 4646 4917 5401 5176 6479 4699 3446 5712 2351 6229 5788 2532 4101 10057 3201 6422 7418 3353 5468 5972 6097 2020 3527 5235 3114 7848 9846 4266 2549 3139 5954 5572 10948 3971 7333 4902 1077 4156 7895 4883 2972 2989 4311 2702 3891 3735 5228 7329 4526 3320 5771 3045 2186 6458 2826 3900 4493 4645 4074 5322 487 7074 8680 8302 117 1867 4626 4440 8785 5487 1247 5557 4968 5192 3158 4344 4355 6754 4589
