150 9 2
65 141 58 177 1 131 101 31 136 54 47 32 35 175 83 22 54 141 100 133 52 149 112 280 151 16 1 239 111 142 221 25 92 116 166 90 126 71 255 336 168 111 175 20 206 160 76 98 65 122 53 236 183 30 134 117 1 95 1 148 182 107 140 83 81 242 192 79 91 93 115 89 57 12 1 72 188 169 116 165 97 113 155 58 279 46 124 187 225 1 164 227 59 153 211 108 137 18 1 220 106 35 275 18 176 139 1 105 80 114 232 144 69 186 201 267 52 1 212 1 140 201 125 189 201 182 1 203 73 214 209 103 91 1 106 38 147 154 1 1 91 68 233 171 74 11 104 3 159 1

1 1 1 45 16 23 2 35 25 29 39 26 12 42 21 1 20 20 5 16 29 20 47 30 13 17 20 14 23 26 33 17 1 41 20 17 10 30 13 11 15 30 6 15 19 35 32 3 32 22 27 14 26 17 27 28 29 1 1 10 11 15 8 25 21 17 33 13 8 30 3 44 17 1 20 15 1 21 15 33 32 1 24 17 3 15 27 18 15 30 23 37 25 30 31 23 13 42 1 12 28 61 35 26 4 7 50 17 9 35 40 22 1 21 5 40 21 26 29 16 10 41 12 37 6 15 14 5 1 16 1 34 24 29 26 34 30 26 36 29 27 26 21 14 15 13 12 1 1 21
8 11 3 50 36 28 9 45 42 42 50 39 14 43 23 11 44 37 6 31 43 37 48 32 21 24 46 31 38 42 39 25 6 44 32 19 13 55 20 27 23 39 19 32 25 42 48 18 51 43 31 17 44 23 34 45 43 23 22 24 22 21 30 43 24 31 52 28 30 51 21 51 32 10 21 17 7 28 29 39 44 15 32 35 10 16 33 19 26 44 37 44 31 41 42 32 30 46 7 22 34 74 47 31 11 30 64 28 15 58 41 28 8 37 12 48 22 35 35 20 23 51 18 40 17 28 21 9 24 18 9 49 28 42 38 46 45 36 55 45 29 31 33 30 46 28 28 10 31 26
30 21 7 71 40 37 29 57 46 56 58 43 16 53 33 25 75 57 14 49 51 40 64 47 28 45 47 43 59 45 46 39 14 60 53 21 23 62 25 32 28 48 24 33 31 49 59 31 52 52 42 32 50 27 54 61 52 31 34 42 32 32 48 64 28 43 56 29 32 70 38 59 39 17 23 29 26 29 41 40 49 33 50 45 27 35 44 35 33 59 54 50 54 61 57 49 31 59 18 33 53 88 69 41 26 44 67 47 22 79 56 33 19 56 30 59 23 43 48 28 35 55 25 42 42 33 23 11 31 22 28 61 36 51 47 58 73 37 65 50 38 37 34 41 62 39 39 11 42 34
33 31 16 98 63 54 36 63 50 60 83 47 31 66 53 42 90 74 24 68 56 45 65 48 36 52 49 57 81 54 47 45 37 61 66 43 29 72 34 45 29 49 37 44 32 58 66 42 55 63 63 45 55 28 66 76 60 40 42 57 39 40 56 82 35 65 64 38 37 87 44 68 54 26 25 36 27 35 48 58 63 43 68 61 36 50 62 50 58 83 65 55 60 64 70 68 58 65 22 44 79 103 81 53 35 66 82 51 29 95 69 34 20 69 55 74 37 55 49 33 40 66 27 54 54 42 34 25 35 23 49 71 51 69 54 67 88 59 68 51 49 38 41 58 71 70 44 12 56 46
34 44 29 120 69 68 56 80 59 70 95 64 42 89 60 52 108 75 36 70 78 54 92 60 50 61 62 68 82 57 72 61 39 74 87 56 43 82 35 52 30 63 40 51 35 71 68 44 77 68 75 57 67 57 69 82 64 49 58 72 41 62 71 95 44 66 80 40 52 88 52 75 65 37 33 37 34 36 57 59 66 55 80 69 42 55 77 67 65 87 71 56 71 91 74 75 72 88 27 60 82 115 94 72 59 80 102 61 35 104 75 58 28 81 59 81 42 66 53 52 51 77 45 60 72 49 46 29 43 47 64 87 63 76 60 79 92 62 75 71 67 44 54 84 84 83 64 16 66 48
57 73 41 131 88 69 72 85 72 77 101 79 61 98 79 62 128 86 48 73 90 60 96 72 55 73 72 77 83 59 81 84 40 96 94 64 49 93 41 71 36 77 55 57 52 87 73 55 95 80 84 74 73 58 70 87 68 70 64 73 75 67 85 120 60 72 88 48 68 105 59 85 96 48 58 44 44 48 66 72 74 65 104 88 45 65 88 68 75 93 81 70 82 111 82 84 85 96 34 61 90 118 119 75 68 98 103 71 50 108 83 70 31 88 73 88 58 71 62 59 54 88 64 61 74 61 47 30 44 66 77 107 78 91 84 91 93 63 84 89 68 59 78 97 95 87 75 17 69 67
65 74 55 144 91 77 73 96 73 80 120 83 63 107 80 82 138 93 57 82 102 70 101 92 56 82 80 83 90 82 93 85 52 110 112 65 52 109 68 85 52 85 58 74 58 111 78 56 107 92 101 76 83 86 81 99 82 89 68 81 96 68 99 135 67 74 105 50 83 115 70 91 104 64 60 62 45 52 82 78 83 67 106 107 56 83 102 74 76 104 82 81 97 122 88 96 99 98 38 79 107 131 130 83 73 101 113 80 54 115 93 75 41 89 83 100 64 88 76 62 73 101 74 68 81 83 55 46 48 76 84 108 90 100 90 111 111 66 102 92 77 66 83 98 113 94 82 27 75 88
73 85 57 149 105 81 87 101 94 94 126 92 67 112 99 99 146 101 73 93 105 79 113 104 72 98 87 96 95 86 102 96 76 126 120 77 69 124 77 86 78 90 71 95 72 125 81 66 109 105 115 89 97 111 87 100 91 105 90 83 100 78 107 140 70 86 122 54 85 126 78 108 115 73 73 64 66 64 95 89 86 72 108 119 70 100 109 84 89 110 104 84 107 128 94 100 110 111 44 98 111 145 150 93 74 109 114 86 66 128 104 94 52 92 101 113 82 108 86 66 79 102 87 69 99 93 78 51 57 80 100 109 110 121 100 121 117 83 108 100 102 97 85 104 120 101 93 29 90 95
74 97 60 158 127 95 100 112 114 95 151 105 83 138 101 110 163 117 83 100 121 99 119 121 83 104 93 100 104 106 112 102 81 136 122 89 80 143 85 96 91 102 80 101 78 133 89 83 138 111 116 99 103 124 96 108 100 107 101 102 118 89 109 141 92 91 130 59 94 150 87 143 132 84 78 87 76 79 96 100 104 77 123 123 76 121 123 90 97 134 118 95 121 139 100 101 117 120 52 108 128 158 165 94 79 110 134 87 69 131 118 100 61 97 102 115 101 123 97 88 83 122 92 85 112 96 89 57 72 91 101 116 111 124 101 130 121 92 118 108 122 108 112 129 143 114 105 38 101 104

2 5 15 11 1 7 4 28 15 10 10 18 8 20 4 10 1 24 18 15 8 18 12 1 10 21 6 16 2 6 21 1 20 21 8 1 2 1 8 12 8 19 7 1 26 10 13 2 16 13 10 1 6 14 1 5 9 14 13 6 7 15 17 8 20 17 3 8 12 7 11 11 11 16 7 5 17 17 1 8 22 8 6 20 3 17 27 19 29 1 27 3 12 26 1 13 14 9 17 9 1 1 10 7 7 3 4 7 1 9 8 15 12 24 7 20 1 10 15 1 9 16 10 1 16 8 12 1 22 1 12 15 8 23 27 16 12 28 3 6 4 21 5 13 7 1 14 9 14 26
5 11 30 19 19 12 11 47 19 15 29 32 27 25 6 12 13 37 40 27 18 36 34 6 21 24 7 18 7 16 32 20 23 32 11 16 38 19 18 20 42 27 21 15 36 15 30 8 17 33 24 8 27 15 20 13 26 32 15 31 21 16 27 24 22 30 21 31 29 14 22 30 13 20 22 18 33 23 20 25 39 22 17 40 10 21 43 27 61 13 37 6 19 29 6 17 29 26 31 22 2 8 22 19 10 8 18 15 14 15 9 25 19 31 27 26 13 17 28 7 19 22 15 6 17 24 28 11 24 16 23 22 22 39 41 21 31 39 18 10 22 32 6 17 30 17 15 25 27 42

7350 14091 5348 5032 6839 9203 4904 10404 6445 7038 6030 15219 10298 10332 4789 4845 7977 9364 666 10345 16256 4916 11943 6234 11190 10333 705 10251 12848 4581 6061 7482 10765 7336 6076 9123 11667 11200 6036 10272 4981 10010 318 5569 4371 8855 12046 10915 3331 7432 12375 4642 5932 8340 12016 6080 11445 5309 10754 4432 5182 3644 4335 10889 7189 5799 7308 2442 4800 10162 6083 7733 7140 6010 6981 8108 4739 12017 13889 4739 8633 10041 11939 14902 7651 11015 11496 12197 15474 10175 7077 10790 8311 9307 3240 8625 7317 6803 10187 7061 5747 4389 10605 5140 6894 4380 11497 8879 8347 7729 11370 7626 9742 9722 4670 3556 9222 11774 13643 2709 10130 5864 8497 14434 11102 27 8030 11798 4773 10338 12475 9830 14139 6138 4958 14469 10787 5290 4619 4414 2126 5346 12047 8818 10700 292 11911 4572 9682 10312
8299 15709 6565 6106 7928 10324 5610 11928 7746 8500 6832 16771 11774 11506 5541 5633 9263 10427 766 11727 19815 5690 14723 7448 13847 12425 832 12532 14491 5548 7448 8601 12666 8418 6725 11221 13025 13194 7441 12141 6117 11912 375 6588 5314 10860 14226 12847 4162 8374 15190 5766 6719 9642 14017 6814 13271 5875 12454 5394 6359 4042 4938 12981 8532 6591 8065 2812 5916 12372 7176 9484 8267 6711 7879 8956 5319 14178 16074 5256 10428 12007 14093 18330 9498 13085 12985 14642 17701 12465 8836 12037 10040 10732 3581 9855 8755 8223 11408 7955 7124 4925 12244 6297 8584 5194 13903 11093 9497 8853 13374 8447 11827 12064 5664 4242 10687 14516 16390 3201 11412 6507 9387 17974 13783 31 9036 13916 5801 12123 15438 11305 16826 7178 5778 17630 13434 6607 5417 4986 2486 6374 14721 10262 12049 360 13379 5223 11219 11408
9199 18063 7585 7103 8730 12128 6510 13781 8480 9206 7847 18828 13661 13382 6209 6627 10516 12569 924 13032 23720 6348 17256 8412 16187 14176 914 14146 16035 6062 8617 9817 14788 10123 7474 12941 15137 15233 8467 13842 6718 13737 428 7978 6391 12288 15812 14068 4560 9184 17261 6554 7382 11188 16676 8324 14540 6598 14594 6018 6954 4583 5504 15212 10289 7521 9389 3074 6565 13869 8173 10606 9021 7704 8913 10757 5800 16383 19005 6058 11782 13356 15319 20819 11002 15486 15740 17223 20547 14428 9914 14723 11057 12253 4334 11587 10149 9079 12857 9482 7839 5907 14331 7003 9322 5674 15657 13080 10401 9903 15668 9914 14162 13460 6717 4785 11894 17218 19044 3563 12448 7447 10971 20580 15545 35 10720 15131 6471 14597 18251 13173 18502 8197 6756 19416 15101 7819 6176 5589 2921 6952 16138 11497 13473 427 15673 5690 13064 13931
10654 19575 8813 7657 9418 13468 7560 15875 9829 10681 8879 21364 14904 15894 7050 7533 11485 13802 1061 14661 25358 7145 20103 9331 18341 15432 1051 15618 18194 6732 9454 11153 16781 11088 8496 13885 16411 17605 9255 14913 7694 15327 494 8844 6893 14293 17941 15186 5159 9942 19573 7423 8118 12097 19265 9329 16104 7800 17042 6739 7558 5263 6451 17029 11860 8873 11174 3457 7318 16209 8828 12332 10178 9173 9669 11659 6593 17647 21189 7201 13892 14401 17821 23502 12267 18111 17344 19778 22519 16362 11205 16643 12925 14294 4973 13412 11781 9956 14252 10797 8731 6777 15677 8174 10845 6654 17059 14621 12205 11199 18289 11574 16079 15199 7287 5308 12981 19212 21199 3931 14962 8596 12750 22621 18242 41 12008 16404 7466 16142 19857 14988 20022 9718 7624 22890 16364 9037 7182 6352 3339 7513 17753 12907 15084 467 17594 6277 14568 15449
12009 21620 9566 8258 10310 14479 8209 18394 11058 12103 10230 23522 16777 17099 7996 8155 12610 15044 1218 15931 27164 8237 23034 9986 20400 16725 1195 17263 21142 7340 10529 12953 18324 12906 9292 15042 17771 20296 10189 15990 8335 17233 551 9594 7736 16472 20862 17214 5672 11042 22496 8152 8814 13507 21992 10533 17911 8381 18763 7526 8313 5648 6988 19412 12807 10242 12016 3878 8264 17600 9749 14254 11092 10350 11033 12767 7487 19109 24517 8315 15707 16552 19632 25956 13789 20802 19985 21609 25264 17386 12791 18551 13922 15592 5651 15546 12862 11434 15694 12002 9776 7245 16966 9084 12188 7417 19912 16731 13129 12278 19961 12439 18411 17608 7872 6113 13945 20768 24509 4475 17183 9834 14505 24149 20465 45 14007 17967 8141 17239 22294 16543 22029 10448 8571 25742 18663 9925 7714 7316 3676 8848 19963 15052 17080 521 19886 7170 16411 16869
13082 24656 10587 9460 11849 16204 9342 19778 11919 13558 10997 26639 18959 18855 8954 9137 13922 17067 1308 18146 31029 9427 25652 11433 21623 18415 1358 18363 23009 8389 11367 14766 19609 13942 10434 16717 20508 22647 10850 18509 8991 19029 615 10458 8535 17897 23345 19743 6174 11994 25363 8627 10075 15462 24400 11861 19993 9055 21393 8065 9465 6521 7472 21840 14009 11528 13590 4391 8973 19497 11147 16102 12483 11618 12066 13834 8512 21910 25993 8990 17296 17613 21018 29378 14973 23350 22433 23447 28466 19050 14232 20330 15865 16845 6045 17417 14558 12934 17797 13700 10785 7892 18591 10337 12986 8432 21908 18471 14705 13246 21842 13616 20017 19938 8891 6889 15807 22755 27453 4857 18434 10612 15535 26742 22947 50 15330 20800 8770 18928 23878 17600 25434 11765 9426 28688 19994 10914 8634 8208 4163 9456 22485 16866 18936 574 22574 7736 18048 18621
14325 27391 11326 10344 12594 17213 10209 20901 12946 14292 12003 29284 20633 20305 10093 10068 15156 19185 1388 20233 34176 10435 27838 12797 22946 20500 1519 20270 24535 9084 12748 15789 21080 14863 11723 18533 22648 24349 11569 20511 9600 20127 653 11603 9168 19734 25807 22368 6547 13575 27171 9293 10979 17341 25810 12849 22309 10202 23370 8853 10659 7044 8512 23276 15124 12731 15157 4730 9798 21555 12190 17544 13395 13091 13206 15622 9214 23667 28139 9839 19298 19920 23314 33081 16023 24613 23608 25481 30177 21087 15458 22627 17596 18064 6637 19005 16115 14367 19047 14761 12046 8573 20079 11450 13979 9526 24059 19574 16048 14360 24228 15047 22223 22015 9998 7531 17298 24732 30559 5278 20255 11445 17043 29057 24967 56 16251 23441 9407 20293 25177 19075 26862 13192 10191 32012 21700 11591 9414 9277 4495 10425 24650 17768 20365 621 24988 8416 19312 20644
15765 28823 12300 11031 13709 19064 11286 22837 14522 15901 12633 33032 22509 22753 10712 11273 16783 21171 1477 22810 37938 11007 30026 13563 24166 22087 1646 21960 27109 10097 13390 17381 22823 16664 13208 20008 24473 26049 12689 22540 10595 21289 697 12986 9758 21604 27747 24766 7093 14702 29308 9905 12223 19119 27493 14021 23475 11068 25995 9427 11788 7459 9309 24504 16268 13633 16130 5202 10641 23685 13347 18441 14561 14202 14623 17214 10081 26092 29905 10611 20920 21520 25483 36230 16858 26652 25702 27420 31829 23296 16296 23948 19267 20344 7133 20196 17079 16047 20735 15482 12738 9258 22342 12376 15368 10578 26897 20624 17652 15176 26467 16284 24540 23978 11048 8283 19040 27179 32608 5851 22229 12823 18646 30847 26234 60 17271 26326 9934 21979 27647 20540 28609 14461 11088 34294 22974 12291 9991 10159 4907 11183 26914 19221 22729 689 26346 9049 20761 21944
16579 32258 13242 12029 14583 20963 12441 24953 15491 17566 13824 36240 24500 24835 11195 12300 17955 23250 1583 24642 39594 12084 32364 14992 25815 24607 1763 23124 28721 10748 14577 18304 24263 17565 13846 21739 25886 27272 13878 23926 11313 23342 769 13934 10450 23726 29236 26610 7615 16367 30816 10796 13401 20720 30479 14669 25916 11719 27714 10052 12328 8094 10172 25950 17313 15011 16927 5747 11838 25908 14355 19975 16152 14892 16317 18177 11155 28346 32495 11599 22115 22663 26711 38053 17749 29388 28369 29502 34887 25828 17122 25392 20637 21579 7776 21092 18859 17516 22669 17203 13915 10338 23437 13561 16862 11129 29106 21719 18899 16172 28229 17152 25543 25758 12075 8736 20944 28553 35313 6501 23297 13922 20570 34421 28676 63 18427 28318 10533 23877 30630 21934 30600 15196 12181 37631 24224 13161 11084 10914 5360 12075 28673 20228 24079 741 27718 10071 22642 24109

5425 10505 4168 2684 4859 7679 3277 8360 4923 6198 4714 13542 7761 8812 4271 3199 5868 6473 586 7315 13511 3520 9719 5529 8398 8081 582 8711 10533 3260 3620 6281 7957 4602 5292 7283 9667 7713 3417 8487 4365 8600 217 3936 2686 6836 10377 9433 2292 5535 7087 3130 4866 5897 8855 3833 8809 4118 9306 3098 3110 3264 3024 8819 6273 3611 5107 1923 4123 8522 5339 5377 6147 4106 4741 7143 3814 10597 11358 3713 5769 6314 8931 9299 4445 9284 9450 8476 12783 6313 4976 9444 7344 7562 2294 7736 6084 6055 8403 5081 3960 3739 9250 3498 5980 2630 7529 6294 7155 4896 8161 6846 7971 5730 4021 2807 7992 8723 10331 2176 9088 4513 6993 12409 8995 18 7086 8816 2994 7623 10493 8124 8494 4913 4410 12543 9422 3806 3903 2579 1896 4009 7595 6032 8631 242 6622 4018 7441 7411
4290 9362 4099 2576 3971 6573 2506 5854 4658 5716 3696 13288 5988 7253 3169 2829 4223 6161 533 5736 13468 3235 9626 4041 6228 5512 542 6882 9335 2309 3407 5228 7256 4357 3926 5265 8239 6102 3357 8351 3204 5589 173 3144 2347 4615 9037 8035 2162 3800 6564 2720 4833 5386 8177 3456 6968 4086 9196 3079 3065 2636 2709 5843 4943 3001 3797 1671 3248 7378 5262 5089 3893 3199 3995 4344 2707 9734 9516 3224 5154 6171 6384 9225 4278 7944 9107 7634 9058 5498 4385 8961 4642 4791 1679 6939 4506 5818 7411 4630 3420 3693 8056 2576 5090 2340 7477 4509 7016 4783 7189 4737 5743 5043 3367 2417 6790 8591 10264 2107 6167 4085 6564 11136 5755 15 6194 6751 2437 6506 8891 6361 8228 4210 3737 10000 7053 3082 2447 2414 1240 3017 6613 5323 7555 227 6292 2879 6075 5799
