100 3 1
95 87 2 48 48 57 1 41 30 91 28 25 24 58 60 50 31 71 24 48 55 39 29 4 14 27 58 91 54 87 46 58 18 82 8 59 51 83 19 49 11 11 29 90 5 87 2 17 7 30 96 82 44 39 73 47 35 73 57 81 38 43 86 11 29 100 27 36 56 97 91 42 27 34 11 86 38 99 51 71 38 11 63 88 50 17 26 92 55 58 86 87 87 43 80 19 24 24 62 89

24 6 44 41 1 7 17 72 3 25 12 31 2 11 7 3 27 66 3 75 5 13 14 2 41 33 22 10 7 10 38 30 7 3 7 5 40 1 14 81 1 34 82 13 18 48 10 30 13 54 8 17 24 42 1 18 26 26 16 76 26 73 48 51 26 6 5 52 27 31 14 35 11 57 16 24 27 26 17 23 6 12 4 7 12 47 8 10 3 6 5 50 35 38 41 64 3 44 28 10
41 25 50 44 45 76 49 80 8 32 42 75 11 36 52 55 46 85 4 77 21 18 29 8 42 35 52 33 9 57 50 79 16 30 18 35 70 13 50 83 30 98 90 25 28 53 70 58 19 74 16 96 59 42 13 31 59 38 24 86 34 87 64 61 56 71 47 96 64 79 22 96 46 77 62 64 37 45 21 50 28 85 36 70 17 78 20 22 14 58 16 52 39 78 71 88 16 77 40 68
82 69 72 46 68 79 65 99 68 96 81 97 65 37 62 93 80 100 64 92 72 83 98 29 71 80 83 43 59 59 81 86 49 92 33 70 81 38 98 98 91 100 94 81 77 82 94 79 26 93 100 96 89 59 24 73 90 72 32 89 80 100 73 90 96 96 62 99 81 89 89 98 91 86 75 92 53 85 53 92 71 100 93 77 47 96 100 67 37 95 32 74 83 83 77 99 35 91 78 78

96 49 11 84 85 20 61 96 27 16 65 89 54 26 91 55 93 17 17 39 69 96 47 9 75 44 95 18 100 48 78 78 30 94 21 96 87 62 65 13 41 62 11 17 22 4 84 57 71 18 40 49 35 89 57 24 95 12 5 63 3 73 98 99 1 73 58 81 49 11 84 31 68 67 9 9 3 65 8 100 55 46 90 50 51 92 75 77 80 13 80 83 50 69 20 39 22 46 1 92

984 170 449 273 318 365 113 86 46 279 420 653 83 132 132 484 591 105 647 170 481 86 1025 339 708 262 291 183 277 256 676 1153 351 344 113 460 144 246 244 114 54 233 61 237 119 156 379 111 723 399 1119 539 95 491 113 54 231 173 120 183 164 498 343 15 142 347 229 115 292 112 712 598 186 340 90 536 376 1031 175 569 716 50 80 177 59 93 522 363 195 628 114 230 475 183 392 46 806 729 63 917
1361 210 762 1604 537 470 1154 200 1279 858 718 776 1530 138 210 488 610 392 1616 256 819 452 1150 352 1033 446 821 1456 296 566 933 1719 623 470 163 657 177 685 391 315 213 470 126 535 130 220 424 224 1128 409 1491 569 304 884 185 508 950 215 701 240 293 856 460 469 248 410 251 362 502 242 975 1218 220 403 265 695 492 1057 312 628 717 213 172 226 69 560 558 527 363 823 136 394 560 361 693 1752 837 799 408 962
1772 415 938 1857 868 703 1901 735 1762 1803 1356 819 1726 537 550 511 1294 418 1789 425 1991 504 1628 372 1891 484 1344 1684 490 673 1861 1920 1096 569 498 658 440 898 506 376 440 497 204 702 277 565 602 301 1820 493 1749 897 463 896 297 624 979 303 2016 936 1090 962 598 665 501 874 257 550 528 509 1009 1857 495 1381 378 856 499 1201 429 642 975 1011 382 498 385 698 940 1053 400 1044 842 541 587 487 848 2001 944 922 886 1901

136 10 125 149 65 249 28 77 9 19 48 393 79 112 54 316 16 71 418 143 351 77 841 23 172 214 31 165 16 164 646 664 170 305 92 300 78 1 172 96 20 184 37 93 16 40 354 15 511 115 579 457 51 238 101 3 212 37 105 95 142 392 267 4 99 96 207 108 88 37 167 456 119 105 69 504 62 939 45 88 476 40 57 121 14 65 468 19 80 550 47 37 37 177 14 26 39 376 56 46
