100 3 1
38 84 63 51 27 23 20 36 23 20 14 44 71 91 60 44 75 12 98 35 24 39 36 40 98 47 81 70 29 79 74 6 42 73 69 7 57 7 83 55 73 77 71 1 22 46 76 2 46 93 81 43 64 97 24 72 55 76 88 47 47 25 70 50 80 17 6 81 25 88 98 6 23 23 18 54 44 47 74 83 100 42 45 43 91 45 29 30 99 56 28 48 9 99 55 43 21 79 22 95

6 5 22 30 4 10 18 13 14 15 18 41 84 48 7 4 11 1 11 17 42 4 2 16 49 43 39 31 3 12 11 2 42 38 16 63 17 4 20 29 29 75 60 7 14 46 22 9 11 93 12 29 8 39 14 3 25 40 6 13 6 37 76 24 33 5 12 36 82 34 20 12 4 13 50 49 39 4 33 21 10 13 2 11 23 67 62 38 9 6 15 65 51 5 6 27 2 28 14 40
58 16 71 55 39 59 35 48 73 44 50 42 88 69 20 22 23 54 14 41 68 84 92 29 91 48 58 59 3 56 55 77 84 54 21 83 31 5 58 80 38 84 96 24 19 62 29 40 82 98 23 92 35 58 35 70 48 91 55 41 46 66 87 66 74 46 21 68 95 44 63 26 43 16 61 51 87 47 35 60 64 70 12 45 41 74 87 67 57 16 20 77 77 53 11 50 50 43 61 59
80 49 83 91 46 73 99 74 92 48 88 43 97 69 31 83 25 91 65 47 74 100 99 29 99 99 67 89 36 58 63 92 97 64 29 95 85 55 75 87 71 94 99 74 55 98 46 65 97 98 39 98 79 88 81 88 93 97 55 85 84 95 96 94 91 88 64 89 99 86 90 43 49 100 81 90 97 64 79 68 98 90 70 63 52 87 95 93 83 81 45 81 80 82 32 83 61 98 84 89

90 100 10 37 77 60 2 43 55 87 37 9 16 60 99 5 99 31 75 91 5 22 36 96 12 39 98 64 46 79 52 29 60 12 75 32 99 28 13 86 24 90 36 97 69 7 22 27 52 9 12 86 40 4 36 54 99 47 39 1 87 96 84 55 39 50 57 81 80 69 15 12 13 5 37 6 84 30 72 87 14 85 52 55 61 79 100 14 28 96 81 95 61 13 47 87 66 49 59 31

491 256 158 493 257 235 116 90 159 1146 62 47 287 1067 311 46 326 917 536 1235 295 532 177 1128 610 218 177 121 519 230 150 90 324 1111 185 491 260 281 658 307 261 628 704 17 335 418 261 641 218 159 269 844 692 128 47 216 453 140 463 298 753 139 304 298 95 292 277 422 202 779 424 304 645 600 381 553 106 393 209 185 342 419 118 360 199 1443 304 31 942 234 248 1142 387 215 284 489 120 639 312 1230
758 511 314 669 392 265 190 144 207 1307 619 108 420 1969 540 641 1240 1093 850 1522 466 688 393 1678 1791 360 408 347 1257 652 240 162 1918 1361 354 527 1676 568 1269 539 392 808 743 222 500 549 1161 1056 510 338 318 1329 1245 261 294 224 453 375 466 516 990 323 420 423 365 461 1255 895 287 855 435 393 858 860 423 1571 282 422 379 290 477 771 382 446 369 1896 331 32 1208 501 1089 1209 799 282 640 516 718 731 540 1554
889 566 325 1620 874 513 237 516 397 1671 898 509 426 2073 1001 847 1557 1462 1020 1704 696 704 413 1690 2037 642 548 964 1348 751 487 452 1961 1591 565 634 1703 1918 1883 963 1051 1050 846 482 680 854 1903 1629 519 687 1004 1815 2013 338 495 427 562 959 542 857 1989 355 537 652 486 995 1319 1264 476 1009 747 506 1938 1022 908 1762 539 1598 436 353 517 902 779 616 564 1924 332 434 1275 1008 1729 1931 973 389 1014 564 1003 772 773 2070

91 111 52 330 132 196 89 13 143 230 40 7 80 371 156 23 307 104 250 855 75 328 171 568 583 171 167 110 358 146 97 5 303 340 99 436 178 243 61 191 241 409 528 5 204 148 164 265 185 157 88 448 272 35 37 212 405 29 407 5 404 57 271 27 16 64 90 235 136 755 134 224 162 301 323 144 45 112 186 84 81 69 10 156 159 881 93 13 372 150 172 423 172 63 124 18 96 27 150 489
