100 3 1
99 30 39 86 25 10 63 55 16 91 16 28 93 4 40 91 36 87 27 49 34 64 58 44 64 45 96 60 16 44 68 79 22 75 49 51 23 35 61 2 88 74 23 38 45 24 29 74 76 1 18 36 18 87 62 76 10 9 10 30 36 67 38 84 87 75 57 39 36 5 87 14 91 25 4 13 100 50 73 19 43 69 49 70 6 68 82 52 46 82 14 75 41 27 7 82 4 81 27 16

16 13 64 48 26 32 7 60 35 4 9 3 35 16 13 17 3 25 24 41 29 2 45 15 46 46 13 46 17 6 35 24 14 25 13 46 10 14 41 37 35 37 3 10 18 1 28 31 26 17 5 5 13 66 1 23 14 16 18 69 10 22 13 40 2 9 40 21 1 16 6 2 45 2 38 28 24 48 9 25 32 15 51 13 9 5 21 54 22 35 3 27 17 25 16 6 33 29 10 80
39 15 72 82 33 42 41 93 48 43 49 53 52 49 49 70 28 62 46 47 67 9 51 22 56 50 58 72 25 57 49 34 22 65 39 56 77 39 68 65 86 44 10 45 51 36 90 39 53 41 14 39 46 88 70 37 26 18 72 91 24 31 72 44 8 17 45 56 27 27 77 28 46 28 44 49 74 86 21 45 37 33 74 39 20 13 58 81 41 46 6 67 32 26 31 22 37 46 43 92
71 92 77 92 70 50 94 95 62 68 99 71 73 64 83 80 33 94 76 52 90 92 81 100 99 58 64 82 57 93 98 62 87 69 44 92 84 39 96 96 93 47 97 84 63 49 95 49 100 99 62 91 49 88 87 52 94 66 86 92 61 33 97 90 80 66 98 81 46 48 87 36 85 32 81 78 79 89 54 50 58 48 98 54 55 62 85 84 83 88 16 85 84 84 91 95 49 76 79 94

13 42 14 59 22 45 25 89 36 34 92 53 73 45 7 25 70 26 18 67 71 25 72 53 20 17 73 99 54 77 58 75 24 99 59 50 17 45 90 63 29 68 50 72 34 89 40 49 19 86 76 83 81 45 61 71 10 63 84 30 83 56 74 29 23 72 4 94 24 33 81 53 58 94 40 10 74 68 15 31 16 28 41 8 74 72 39 9 22 77 83 96 15 39 51 23 14 53 4 85

166 85 878 276 1017 34 365 1007 211 168 130 385 138 47 62 730 36 691 276 114 95 160 277 78 649 613 165 274 395 63 172 95 106 275 486 232 114 604 119 318 241 1733 55 546 267 288 136 139 278 133 250 94 286 327 356 553 181 718 37 157 40 279 211 170 136 103 82 239 57 104 373 60 239 122 282 288 239 365 85 64 120 422 236 478 782 218 156 81 195 316 524 152 296 186 81 759 1044 233 443 498
404 213 1100 435 1661 494 530 1032 323 948 162 967 642 52 274 805 169 999 330 372 944 329 279 289 1262 827 286 964 1511 69 236 421 373 283 1213 285 481 735 299 321 374 1922 141 743 830 995 248 1799 634 140 433 209 438 898 1627 832 1167 1510 396 303 104 513 329 479 232 224 128 252 452 533 713 278 463 307 413 1292 449 765 321 93 256 510 322 505 846 347 626 155 408 333 1026 832 964 802 386 970 1553 349 913 658
650 481 1795 555 1755 656 736 1750 491 1088 461 986 1303 159 494 919 358 1522 891 429 974 467 350 593 1489 1578 560 1036 1755 427 1469 1058 434 426 1361 777 489 875 946 699 375 1983 538 1979 1000 1301 359 1936 814 356 483 299 969 1329 2029 1952 1580 1675 633 360 315 547 497 556 1692 538 431 396 454 882 926 889 526 521 923 1424 560 1640 572 397 261 563 345 524 1260 848 964 520 408 572 1180 994 1257 859 591 1047 1763 528 1306 717

130 71 389 39 138 24 301 538 6 86 20 317 87 17 2 554 22 516 55 90 27 33 65 72 160 470 79 223 300 50 153 9 43 195 477 140 91 357 21 29 190 1503 54 532 221 270 22 125 128 36 117 90 247 112 323 172 69 77 14 116 24 273 77 137 6 35 31 183 1 4 92 56 174 116 275 32 237 243 84 16 42 368 165 74 286 123 50 74 3 69 211 141 132 50 79 295 105 126 47 70
