100 3 1
82 91 77 74 45 71 34 25 61 16 73 23 39 34 35 61 3 35 60 91 54 35 1 51 100 9 30 36 65 81 51 99 24 48 91 22 100 76 37 76 84 64 87 77 99 53 38 93 68 91 44 83 48 1 1 73 48 13 45 13 7 56 42 70 43 3 63 65 42 38 69 33 61 71 82 45 26 36 16 57 23 25 28 48 83 72 53 79 47 99 14 90 55 41 52 62 39 90 85 14

7 4 47 6 60 44 15 31 21 2 7 16 58 39 59 13 49 28 33 52 42 9 8 12 5 31 6 43 1 37 35 33 1 41 14 36 7 42 19 49 8 37 30 39 2 13 13 8 12 4 39 8 28 10 9 14 65 55 15 63 2 40 26 24 15 12 50 38 11 84 9 12 9 45 20 13 16 6 41 25 19 14 24 41 2 9 2 3 24 11 82 30 30 1 70 31 41 32 23 21
56 32 68 18 71 56 30 78 37 27 42 50 59 47 83 24 80 42 55 62 76 83 27 49 34 73 83 69 53 38 72 45 35 71 62 51 46 70 45 82 37 47 69 46 33 45 31 14 81 36 57 27 29 12 38 47 76 59 18 92 52 42 70 57 22 91 94 91 65 94 15 56 56 59 31 26 69 12 47 55 40 23 53 53 16 16 47 61 31 40 89 69 55 32 77 70 61 60 29 28
63 35 84 96 92 71 40 91 53 56 69 90 63 82 85 70 99 72 70 63 76 84 63 86 53 90 100 87 81 45 90 55 55 93 83 72 84 80 55 91 95 70 91 67 44 99 37 77 92 88 65 44 68 64 78 98 98 100 30 93 81 97 77 83 99 92 95 96 73 99 71 69 68 63 53 89 90 43 68 80 66 85 88 94 38 94 92 84 51 85 97 70 56 86 91 92 84 66 40 45

23 30 52 36 84 46 66 36 1 50 87 57 31 80 49 94 81 22 90 7 31 62 95 22 20 42 43 3 100 34 91 63 54 16 79 90 67 48 87 58 64 83 97 43 21 36 48 30 1 6 11 66 31 45 85 21 100 14 49 69 35 80 61 5 62 73 77 42 60 95 22 24 97 24 88 23 83 38 57 42 29 71 58 25 65 74 71 28 87 57 86 88 57 33 10 6 68 70 13 93

300 144 690 218 385 151 341 44 85 28 425 78 139 98 601 621 190 448 126 321 798 37 51 99 506 116 50 115 98 807 94 120 500 260 249 975 218 128 255 165 498 208 222 369 263 350 302 588 433 594 130 93 867 39 4 151 172 191 478 223 533 58 214 281 134 213 241 665 203 267 183 198 306 126 766 74 313 71 91 269 220 121 133 497 163 128 850 149 61 125 395 165 356 442 65 298 233 293 105 245
389 172 1545 839 776 200 415 607 288 40 541 193 156 235 708 1234 373 501 519 501 1517 466 100 169 633 134 155 609 118 973 190 269 1043 344 497 1576 498 132 921 949 554 476 1262 401 353 1981 333 828 544 943 432 334 1222 992 241 287 210 340 1194 411 1366 327 466 283 1410 1518 454 727 694 505 1505 644 343 1748 884 78 343 198 243 862 272 537 432 578 450 195 1235 180 186 702 1254 628 467 501 118 757 266 324 174 315
511 253 1905 1063 802 524 457 705 543 1912 556 410 390 430 1022 1263 478 932 542 698 1957 881 192 1091 910 331 959 1564 247 1069 482 330 1658 460 558 2013 564 566 1034 990 575 510 1929 890 558 2014 640 1024 560 978 488 936 1721 1451 389 543 502 422 1561 461 1751 750 484 570 1755 1803 549 778 1021 908 1891 836 473 1849 1081 356 873 252 314 949 473 1848 516 1698 554 572 1869 1145 453 1026 1464 649 800 974 294 776 939 564 337 384

238 92 408 81 51 58 329 11 68 10 73 68 107 96 275 606 123 446 58 126 224 23 48 1 140 12 39 27 78 253 87 22 351 220 137 150 211 125 218 144 494 102 212 158 103 51 143 480 286 72 12 60 464 11 3 123 106 184 44 207 364 29 103 99 106 144 192 548 26 44 50 130 205 9 409 15 151 9 37 75 22 19 117 111 5 56 563 120 48 104 358 148 126 147 14 242 143 96 100 39
