100 3 1
55 32 33 50 21 68 81 16 62 84 30 1 43 78 58 51 68 84 57 92 37 46 22 38 30 97 52 39 26 15 18 19 26 88 75 43 54 53 33 38 17 7 100 89 11 32 41 62 95 3 44 98 13 24 78 12 42 100 62 87 15 69 98 24 59 84 84 47 49 86 40 53 32 70 83 45 14 3 16 99 95 89 8 11 62 93 70 38 91 4 30 16 72 88 36 2 25 90 93 12

22 20 18 14 36 90 11 27 56 7 32 1 10 5 11 19 22 19 8 49 4 9 46 47 8 29 15 13 2 12 66 52 73 6 7 10 13 66 67 12 32 80 6 38 30 37 3 43 9 39 31 11 38 39 16 40 28 45 4 22 16 12 20 15 17 15 28 36 6 3 11 7 66 8 15 27 25 71 24 37 34 44 56 4 58 12 56 32 71 7 9 28 27 19 6 2 28 46 2 53
27 45 20 42 40 97 17 86 91 23 54 32 55 33 24 64 48 28 9 61 18 64 68 80 61 38 59 21 27 30 81 68 93 30 79 43 55 86 83 55 58 83 54 61 78 78 19 56 33 76 59 28 65 86 20 46 39 61 6 32 34 69 69 66 19 48 69 76 15 44 23 79 86 22 47 36 31 78 81 78 38 87 57 10 78 19 70 40 82 61 44 66 64 20 27 30 29 70 47 80
29 69 30 55 81 100 26 87 100 37 99 81 63 76 45 94 58 52 24 98 82 90 76 96 72 78 90 32 62 33 94 69 96 95 90 63 74 95 85 61 79 94 55 98 97 81 91 72 59 79 63 68 93 98 28 71 62 97 65 90 68 86 83 78 58 93 76 95 55 72 30 82 94 71 94 38 57 86 95 86 62 99 97 41 89 93 92 98 88 89 99 73 78 56 36 40 85 94 87 98

95 5 4 45 45 73 64 49 77 56 43 32 39 71 11 18 74 36 38 54 59 27 45 31 68 41 23 2 71 61 7 12 13 30 31 33 54 26 99 64 76 60 3 12 79 66 64 97 31 12 2 90 89 51 75 40 26 54 5 30 33 54 44 6 57 31 54 61 100 60 9 35 75 38 98 17 11 6 56 56 10 16 82 11 82 68 30 29 72 65 89 63 68 55 24 98 29 69 27 61

360 114 95 1200 980 255 512 626 159 211 284 4 167 342 654 326 348 275 1099 102 185 410 136 137 159 949 440 185 76 37 353 65 130 98 191 365 894 350 899 372 261 589 121 116 828 72 450 408 147 1475 476 136 201 82 140 23 136 205 1748 296 66 575 1502 180 81 193 162 228 261 262 115 141 74 641 243 363 53 291 265 920 276 1224 374 454 282 144 228 272 747 173 332 109 799 105 133 240 117 180 175 13
1040 374 887 1615 1235 856 649 699 202 466 498 1467 232 447 753 740 1420 1582 1465 415 217 482 472 300 383 1058 1184 1202 279 1342 733 264 134 110 365 1056 998 531 1304 504 755 647 460 486 1498 538 806 862 353 1511 781 268 529 292 311 180 369 230 1837 426 95 733 1852 203 260 225 601 397 348 704 417 177 286 903 419 383 123 508 340 1326 366 1559 1399 629 796 529 264 877 1584 342 404 171 1306 425 756 334 141 260 265 143
1042 428 2002 1683 1724 1015 838 964 612 1008 907 1487 512 782 1599 1032 1793 1687 1533 713 488 543 641 518 945 1380 1669 1812 300 1949 877 476 273 440 632 1346 999 953 1671 1305 1190 654 507 572 1803 885 812 898 547 1712 985 796 1680 446 361 903 380 1256 1963 522 117 1884 1939 934 273 522 814 445 408 860 596 518 398 1067 440 960 430 1011 510 2028 570 2048 1951 946 877 898 455 1247 1713 493 718 452 1626 456 814 1470 428 571 360 459

187 101 24 872 259 71 178 581 97 177 40 3 61 312 637 216 175 60 19 10 168 174 66 69 96 271 15 114 75 24 1 46 6 42 36 111 463 258 175 337 99 503 67 69 403 54 79 278 138 238 22 88 127 29 20 14 18 137 1732 96 49 368 789 86 4 103 95 86 185 205 89 100 32 270 63 87 13 105 169 731 136 1000 361 62 48 125 66 270 730 23 265 50 368 87 33 188 64 138 149 6
