100 3 1
73 77 47 15 8 79 30 70 54 57 41 23 24 51 71 87 7 67 77 77 69 27 2 16 65 31 39 27 73 35 98 63 96 11 61 47 90 27 91 70 72 98 57 50 71 46 68 97 98 92 100 34 19 85 49 100 80 33 64 10 64 21 71 62 8 81 99 29 8 28 74 96 74 67 18 12 79 24 92 5 69 11 30 83 40 74 69 60 7 23 58 59 55 13 53 10 61 67 52 10

21 39 45 70 7 46 60 20 31 3 18 35 6 38 9 27 5 22 2 83 3 9 1 16 31 5 28 2 34 20 22 36 35 39 18 2 29 23 39 11 88 19 13 21 36 11 4 59 27 48 19 13 56 13 79 54 66 5 14 12 18 72 44 56 14 2 63 22 44 19 25 53 20 46 40 5 2 10 25 6 7 10 19 59 17 22 23 74 15 39 20 1 10 34 31 40 10 12 26 16
26 43 63 85 19 50 84 44 32 40 30 38 8 63 31 62 27 24 6 88 33 63 17 23 32 45 51 20 54 24 41 43 86 44 18 69 83 54 54 83 96 69 63 40 65 50 30 64 50 53 33 57 67 23 81 67 90 26 23 45 25 74 64 74 42 89 64 37 62 39 28 86 64 49 61 37 54 68 57 52 39 39 25 64 76 36 25 85 50 76 21 15 31 76 34 76 33 60 49 33
99 72 100 95 43 98 98 51 81 45 32 54 37 79 90 90 50 89 35 92 75 82 53 60 70 70 67 43 80 54 82 63 99 97 100 71 91 56 59 98 98 92 81 49 67 100 61 66 55 100 82 79 84 66 82 75 100 77 92 67 67 96 89 97 59 97 69 94 74 81 54 99 86 71 87 46 93 86 65 86 55 97 88 77 95 84 47 90 95 83 36 39 66 76 88 94 100 84 65 72

88 60 43 8 40 36 47 45 7 93 20 58 45 85 9 85 69 82 72 89 18 60 17 41 45 27 68 2 13 47 20 32 6 81 11 76 31 10 90 76 48 90 59 18 19 52 90 15 9 90 92 78 72 90 52 7 15 76 33 22 94 67 6 86 76 85 80 73 74 78 67 33 68 85 78 92 60 89 9 25 86 97 96 26 23 76 39 51 81 8 9 83 8 31 88 16 60 28 22 38

294 318 233 1648 18 867 829 545 309 88 234 1135 827 307 176 206 1285 850 129 833 742 101 475 196 891 391 162 1551 156 514 278 782 317 93 247 100 249 995 264 597 123 107 326 385 418 808 799 1411 314 187 440 460 127 241 144 265 1026 54 966 1286 267 57 255 123 123 757 105 120 526 114 270 208 195 288 516 1578 195 799 575 55 946 446 102 130 102 796 159 435 984 358 106 110 179 96 571 34 201 135 136 158
958 762 1040 1657 167 1064 895 915 1319 105 258 1348 911 420 254 306 1363 1430 583 1407 1077 218 781 479 892 825 293 1675 1074 633 507 1717 420 187 514 832 880 1474 317 622 216 127 636 436 450 1282 950 1798 351 322 554 593 230 1273 202 425 1175 147 1427 1686 447 246 1245 208 391 1818 765 130 993 347 1199 293 742 915 718 1852 273 1434 756 933 1123 463 414 141 261 1732 306 1418 1138 499 157 143 465 128 600 253 1211 196 212 464
1667 1494 1963 1732 237 1665 1003 1557 1432 245 540 1988 1302 1623 432 321 1568 1840 752 2036 1495 334 959 751 914 835 961 1793 1406 937 578 1836 789 385 1045 902 1042 1890 403 969 439 306 648 606 858 1866 1825 1894 676 963 615 969 403 1349 346 487 1921 294 1761 1741 452 303 1248 360 426 1967 1320 856 1479 405 1618 351 867 999 861 1877 576 1626 775 1632 1538 1558 945 389 431 1732 328 1955 1532 725 217 508 541 347 989 821 1904 808 400 500

26 270 89 892 13 78 672 445 191 74 189 437 779 163 77 147 1041 796 35 522 253 62 223 14 68 358 46 659 25 181 46 316 64 53 34 82 217 476 240 417 10 12 138 336 247 208 431 1248 27 74 271 147 6 29 104 200 321 17 21 983 49 30 130 56 36 99 33 80 399 65 56 141 131 173 255 220 174 433 261 31 785 16 45 96 89 572 157 252 972 263 90 62 72 60 93 1 107 78 132 77
