100 3 1
98 15 93 61 83 16 52 26 8 53 22 9 83 92 19 52 29 65 46 51 95 69 52 98 38 71 43 10 73 56 92 46 72 59 5 57 44 76 57 72 18 64 73 26 55 76 11 55 15 60 63 83 54 54 86 88 22 12 58 78 88 94 23 26 40 71 7 46 90 3 90 88 49 77 38 99 17 61 10 75 49 72 25 55 43 99 26 30 79 94 79 70 52 96 74 8 42 3 100 27

17 16 1 20 7 17 22 51 12 18 1 6 21 17 5 22 4 13 16 39 36 3 36 10 7 18 33 7 56 8 12 32 31 15 19 20 27 16 32 46 1 2 9 57 14 4 2 7 32 12 40 17 85 4 21 11 65 50 41 23 3 18 45 88 12 5 22 8 58 29 8 9 22 24 24 12 6 34 14 13 3 9 42 18 26 43 15 7 1 2 62 47 61 37 27 33 21 68 7 30
73 29 8 78 82 91 27 61 34 29 80 45 57 28 6 23 32 35 47 43 73 14 37 22 80 33 42 62 65 9 82 33 37 40 41 54 66 27 47 73 62 62 31 96 21 34 22 47 48 16 45 21 87 54 47 25 91 71 45 31 15 19 89 89 20 32 59 48 93 70 8 26 26 69 53 66 19 43 34 51 46 37 52 31 50 71 29 13 17 18 78 76 63 59 33 54 63 90 35 53
87 43 85 89 89 97 74 69 48 100 93 98 87 41 18 63 39 90 98 53 93 55 72 36 80 35 79 68 79 18 97 36 58 82 100 63 79 46 69 94 85 73 98 97 46 82 38 98 73 32 80 48 91 87 83 68 95 99 86 69 79 79 93 99 29 100 81 58 100 76 56 42 87 97 87 92 64 94 58 87 92 98 53 96 56 74 53 35 43 30 92 82 80 63 70 59 100 96 37 91

42 71 98 25 79 28 80 2 50 51 24 11 17 77 72 45 8 74 84 68 76 93 38 93 10 4 17 30 81 42 95 58 73 20 69 13 8 97 81 91 59 39 7 81 34 91 50 91 89 97 28 64 48 75 77 27 14 33 15 65 87 18 65 20 63 4 96 92 52 38 78 81 70 1 68 23 50 84 77 5 17 21 89 76 77 42 25 65 33 42 41 31 40 42 88 78 15 16 47 68

678 374 110 90 786 98 319 278 294 250 1359 417 152 148 265 132 808 90 598 348 230 280 935 220 838 100 380 66 562 493 483 56 105 373 200 61 580 133 216 410 315 231 436 304 128 307 307 69 777 175 755 456 333 122 309 181 65 62 250 255 1460 386 70 171 45 651 409 96 213 95 351 217 164 112 160 288 371 89 471 131 307 1005 780 204 167 100 603 141 204 110 547 550 859 477 130 812 1070 137 613 129
771 377 978 332 806 794 335 565 343 1155 1504 774 225 236 764 362 1516 221 917 446 251 392 936 240 919 360 400 222 1575 1294 829 214 154 574 749 80 772 575 395 418 448 546 1326 1109 209 394 337 1741 1184 439 1800 495 858 243 464 341 105 74 530 668 1850 540 876 517 179 695 464 591 221 97 1291 518 419 213 161 1029 1724 336 1021 845 312 1881 952 441 452 126 1556 438 472 121 663 650 1662 1068 838 1178 1568 332 935 153
1098 449 984 381 941 886 391 870 435 1910 1749 901 270 365 929 435 1736 457 971 884 460 547 1017 779 1797 1640 448 486 1739 1865 832 297 181 1387 1372 269 1348 1003 471 544 449 560 1457 1890 301 411 450 1949 1684 558 2005 534 864 334 579 511 884 416 672 795 1978 1050 983 778 427 1029 712 1268 617 294 1751 1368 504 256 287 1801 1819 511 1180 1796 393 1953 1423 502 519 264 1750 575 561 209 819 729 1682 1716 1182 1324 1937 702 1150 461

667 31 53 1 95 55 170 25 208 165 715 232 71 50 149 23 163 57 548 209 106 110 465 55 505 44 259 36 71 135 188 21 33 371 150 19 3 101 5 227 57 134 379 288 16 31 167 60 204 35 511 399 175 120 266 107 15 19 122 84 242 44 66 29 42 397 337 84 208 23 173 98 112 109 5 122 125 17 223 100 129 140 483 42 104 12 265 128 2 104 269 57 158 177 123 673 284 66 379 70
