100 3 1
24 33 25 27 60 16 66 4 69 12 17 32 36 85 33 91 51 3 34 52 52 90 86 53 67 32 2 70 18 4 84 26 15 65 67 59 87 6 70 83 26 65 100 6 20 40 90 25 75 33 53 48 74 61 70 34 10 15 24 26 94 75 98 79 54 98 65 60 63 2 55 76 21 3 33 43 89 41 11 26 100 69 80 80 12 30 53 19 8 12 37 8 53 33 75 96 24 10 1 52

51 3 66 37 39 8 30 6 62 16 1 41 53 14 46 1 33 28 34 5 4 12 27 49 9 88 14 45 12 15 41 69 31 15 28 23 36 7 20 36 20 5 32 42 53 15 22 23 6 15 8 1 40 4 4 16 22 55 28 18 16 15 41 6 22 34 37 40 4 27 53 26 25 9 50 32 17 5 50 25 10 3 8 30 9 40 11 28 24 64 28 34 23 46 19 12 1 6 8 21
89 6 70 72 48 24 40 81 67 45 50 42 61 24 62 16 77 33 62 7 47 26 84 86 19 97 68 49 28 31 42 74 47 24 34 85 76 35 53 85 40 12 62 53 56 32 58 41 10 32 86 22 58 7 49 58 35 95 31 31 22 15 48 22 50 57 55 73 24 44 62 40 30 85 63 40 21 18 75 46 35 57 23 65 44 80 26 40 35 81 45 66 32 78 54 15 84 9 21 26
99 36 76 75 68 97 84 87 75 54 93 64 80 62 86 41 97 61 96 25 88 79 98 89 30 99 79 72 52 90 53 98 51 96 56 86 92 95 94 90 62 13 68 77 83 48 100 44 45 61 89 57 64 10 97 73 54 96 46 99 82 51 76 63 74 77 59 80 84 63 66 68 69 90 85 96 96 92 88 96 81 62 88 80 92 94 83 48 98 99 84 82 39 96 69 52 90 22 92 50

5 22 57 11 43 80 54 58 25 20 51 82 86 63 61 70 99 9 47 52 77 48 81 42 52 86 53 43 80 7 83 6 40 74 84 36 83 90 78 11 54 49 21 20 69 12 31 47 19 72 70 8 41 83 83 23 17 72 15 4 95 2 83 69 88 15 27 58 14 12 52 33 75 100 65 23 43 92 17 73 60 54 2 85 92 2 64 100 91 65 41 37 41 50 73 37 1 82 56 38

38 105 548 45 215 109 377 111 740 133 132 156 182 93 263 561 285 99 116 621 438 375 248 262 71 144 363 528 214 262 128 379 309 262 381 252 123 177 836 156 73 392 128 269 932 182 464 123 676 976 107 61 321 164 265 104 27 90 862 80 499 635 389 669 737 253 803 114 331 904 497 496 291 313 599 104 479 211 364 169 111 645 493 379 127 423 74 710 356 1196 534 28 388 460 381 312 57 192 133 53
1318 474 656 968 323 169 467 852 893 334 333 174 371 473 758 1245 389 178 164 694 665 750 1040 777 418 153 877 537 302 377 612 441 387 512 552 337 363 326 1795 178 223 692 951 594 1872 291 550 249 793 1483 431 229 1029 270 346 106 146 194 1515 409 558 644 439 723 905 411 1225 1223 396 1364 663 919 348 339 654 327 481 560 600 588 305 1148 553 403 281 888 438 1028 1652 1353 1561 802 631 838 392 328 175 222 252 99
1931 549 1307 1968 446 308 475 1281 1366 368 686 912 506 516 1012 1741 431 731 328 752 834 870 1490 2001 432 312 1518 541 383 396 940 758 459 1031 993 372 567 930 2009 220 970 745 1113 853 1940 424 933 359 874 1587 667 454 1056 451 488 450 292 396 1603 498 569 1062 758 1523 1788 515 1685 1671 546 1890 782 983 503 469 926 536 549 810 878 657 606 1191 578 487 477 1913 449 1253 1796 1989 1726 1817 801 1226 400 360 348 327 310 366

36 97 85 41 137 65 240 105 78 92 6 64 156 35 27 350 58 76 55 543 381 313 236 127 46 137 240 151 3 177 108 259 31 75 6 188 101 149 217 153 39 17 59 170 834 25 352 88 561 601 102 14 234 7 260 95 13 15 728 46 232 352 111 168 687 206 531 113 206 272 439 377 243 228 141 83 414 46 128 149 66 30 290 134 114 232 7 368 348 837 310 14 38 417 158 70 43 3 127 10
