100 3 1
54 35 96 33 26 20 78 53 91 66 53 80 65 62 77 80 21 42 44 45 52 68 80 19 27 79 90 9 6 86 33 73 85 16 91 55 88 28 77 16 95 83 76 14 2 3 45 79 80 54 96 43 64 70 15 22 49 42 52 91 86 25 36 7 98 80 87 90 33 75 3 7 55 74 23 71 85 60 66 92 69 81 87 28 19 18 60 24 31 36 15 81 17 11 72 13 100 73 56 24

17 44 30 17 26 69 11 20 26 54 10 16 31 12 40 5 80 32 25 10 20 37 5 17 12 53 11 48 45 28 40 69 36 62 23 86 27 6 54 27 36 5 12 14 45 11 45 36 17 9 3 6 41 2 12 14 37 1 16 75 35 16 40 6 31 12 3 35 43 33 32 11 13 14 19 11 4 57 19 75 39 41 15 52 37 6 28 38 18 48 5 22 62 7 20 22 3 31 10 75
47 65 31 59 29 81 14 23 49 69 49 16 50 67 51 35 81 91 49 33 92 50 73 31 33 57 36 88 87 56 65 91 47 64 69 87 62 13 84 77 55 21 67 26 49 70 66 64 38 27 76 7 44 13 72 86 74 18 66 81 52 46 86 73 69 40 9 82 67 85 43 16 27 27 29 65 45 62 25 77 59 61 29 66 62 10 42 67 62 50 48 76 71 33 88 32 51 86 42 90
84 82 61 73 53 87 41 82 94 92 96 43 67 82 74 97 91 100 95 76 98 58 90 92 53 79 79 100 87 66 84 95 62 75 80 98 91 46 96 95 93 63 83 36 75 81 81 78 79 73 77 20 52 70 88 89 74 29 77 90 71 63 98 74 100 66 69 98 85 86 44 36 64 40 52 75 54 81 30 78 93 94 75 84 64 42 94 82 84 99 97 79 85 34 93 75 88 93 79 93

58 94 51 82 95 80 83 93 7 29 40 50 52 76 90 35 29 100 58 16 45 22 8 70 64 77 38 84 20 72 49 73 93 53 90 76 3 7 39 47 70 3 39 4 40 41 90 100 29 77 51 79 57 49 95 3 88 86 42 92 40 17 44 13 18 90 47 67 38 11 24 3 94 87 65 30 79 90 63 28 76 88 96 19 59 1 32 10 46 53 100 62 19 8 32 46 43 13 56 60

219 99 1071 271 221 269 673 595 279 648 137 280 129 441 1649 359 402 414 492 83 90 124 715 175 93 197 175 708 200 348 266 78 177 392 258 130 495 736 273 783 736 162 190 215 65 360 98 104 146 140 99 126 69 246 240 171 209 67 53 211 361 172 95 26 885 307 126 438 120 833 98 374 150 258 259 621 127 200 1153 883 116 794 150 153 33 230 135 686 97 1373 210 202 344 36 76 66 139 222 338 42
267 255 1572 809 257 416 1714 761 428 1858 450 608 248 676 1723 1240 728 704 600 89 223 348 790 332 227 915 231 818 396 632 323 177 265 626 428 360 518 880 403 1330 1008 1052 628 335 297 367 862 438 218 157 1079 289 349 520 355 790 445 200 369 234 461 558 214 30 1272 1529 252 1478 356 1531 461 415 212 277 328 721 551 281 1257 1456 315 1073 304 217 87 726 343 1463 108 1475 236 204 585 62 358 369 1721 325 487 422
540 775 1861 816 666 548 1962 783 772 1969 544 1022 289 1716 2017 1989 935 873 666 208 1037 464 838 441 357 1201 393 988 1992 1870 627 448 513 766 433 1051 547 901 451 1538 2021 1174 838 652 338 631 907 473 253 210 1761 602 410 904 934 995 698 317 508 501 532 857 532 81 1594 1908 295 1667 432 1795 491 841 434 487 527 1031 568 1057 1540 1581 408 1077 568 387 972 1603 469 1845 391 1545 359 397 1462 149 660 490 1782 442 551 508

81 58 617 203 22 116 520 229 60 174 14 272 114 345 163 103 49 340 357 5 27 70 21 125 63 59 19 438 117 26 200 37 28 188 193 52 449 282 107 457 218 55 110 158 44 72 28 30 126 89 41 97 52 49 118 30 82 14 10 208 67 50 94 7 655 162 103 59 58 179 49 103 29 247 157 88 23 51 1082 220 113 671 140 37 12 200 49 527 93 54 79 148 41 12 33 21 32 176 84 28
