200 3 2
66 1 1 191 167 125 11 203 125 60 75 167 12 50 40 135 134 137 72 234 231 123 225 1 172 190 1 228 1 169 67 17 157 233 123 1 1 126 97 167 102 1 196 236 1 284 40 76 111 16 83 42 1 187 184 62 64 77 208 71 4 170 130 1 238 1 119 24 114 1 3 172 139 50 188 123 140 1 56 42 109 34 299 156 148 20 1 1 116 9 75 188 53 124 68 160 123 284 44 102 29 1 1 174 56 1 36 1 130 185 110 1 72 90 1 111 124 95 127 136 192 1 24 197 119 34 156 146 96 177 102 145 194 121 64 1 114 94 107 72 270 1 87 21 221 104 66 206 111 10 95 107 149 79 74 65 17 41 60 155 42 130 1 82 1 199 113 85 85 40 145 53 121 167 3 152 133 16 139 1 173 23 223 189 18 141 39 38 100 81 174 152 193 240 259 253 21 48 77 1

8 5 57 45 9 24 28 27 43 41 53 29 1 10 12 48 4 12 28 31 49 10 21 29 28 10 13 1 48 33 12 1 17 30 4 1 32 15 35 30 25 8 8 5 39 23 38 8 14 20 1 16 1 13 25 27 1 8 1 6 26 57 32 18 15 4 8 35 61 35 9 10 10 23 11 15 24 26 6 1 32 27 39 23 19 22 22 1 9 24 19 9 36 36 49 32 16 24 10 35 25 36 29 21 55 13 40 39 43 26 40 41 21 16 19 5 13 11 19 1 10 1 16 27 33 19 1 22 20 4 24 2 23 7 1 1 31 29 16 7 16 1 26 16 3 17 1 47 8 1 34 1 14 20 29 14 40 7 1 23 36 7 13 39 33 13 3 31 1 29 1 32 34 19 16 25 43 49 22 6 15 29 49 33 31 49 1 26 30 1 27 41 42 9 30 13 12 4 7 9
19 16 59 55 19 39 54 52 59 56 69 36 6 16 25 56 6 21 41 39 56 24 22 41 52 19 16 23 57 53 27 11 29 40 19 16 46 22 42 44 34 13 10 6 48 40 42 18 19 25 3 18 28 16 31 44 8 23 7 15 38 58 33 31 27 5 15 36 83 38 14 18 26 33 17 26 39 39 20 7 36 29 41 35 21 30 23 23 27 33 25 14 42 58 50 48 26 33 31 39 37 53 33 33 67 17 50 40 49 38 62 57 27 24 29 6 29 37 29 3 24 17 34 31 34 21 10 27 24 9 30 6 30 9 8 9 47 39 31 32 18 19 56 20 13 22 23 70 24 16 40 2 19 41 37 35 47 20 10 30 47 12 25 42 39 29 4 41 2 40 15 52 46 20 17 32 57 63 44 14 19 32 78 53 32 61 6 35 40 5 30 52 53 22 38 38 34 29 11 11
27 29 61 73 35 51 55 67 75 61 75 44 18 32 30 59 23 30 42 51 58 41 28 42 56 33 26 38 61 58 37 23 31 46 34 20 48 39 57 45 36 19 11 24 55 53 52 27 43 34 17 26 35 17 44 48 19 37 23 19 53 79 50 36 34 18 16 51 91 44 15 20 29 56 22 44 63 58 34 10 50 44 57 43 36 44 27 47 38 41 47 15 55 75 57 54 38 42 37 44 45 66 42 35 89 19 58 55 58 46 77 66 50 29 42 15 35 40 47 24 29 30 36 52 48 38 27 35 26 10 51 18 37 35 9 10 65 40 39 34 20 33 69 30 15 37 34 89 28 18 46 17 40 47 50 36 69 43 26 40 63 24 26 54 45 40 5 44 9 43 18 59 65 21 19 44 74 76 49 28 32 43 81 68 46 71 11 36 48 6 41 61 65 27 48 50 41 38 17 16

13 1 16 9 8 3 11 13 1 9 1 16 1 13 12 9 7 2 12 18 4 3 10 18 11 7 9 18 18 14 4 13 18 18 19 14 17 9 24 18 1 6 17 15 19 8 8 18 1 4 8 5 1 12 6 24 4 10 8 1 4 5 10 14 1 19 21 13 11 4 39 11 3 9 9 6 9 4 18 11 14 20 6 5 12 13 9 23 1 20 7 23 12 5 1 15 6 11 1 11 8 22 15 5 15 3 24 12 7 17 16 10 9 13 1 13 16 9 1 14 1 1 30 8 18 4 1 20 10 19 1 15 6 1 2 7 11 8 15 6 1 15 24 1 1 1 10 18 12 7 8 19 15 9 4 1 12 17 12 11 7 20 1 14 34 1 21 11 16 13 1 5 27 12 18 22 1 7 8 11 19 15 21 1 4 16 14 9 10 1 12 10 4 13 1 13 28 26 11 1
26 19 18 32 28 12 12 28 18 20 14 27 12 29 14 24 11 19 18 29 5 21 14 21 18 21 11 26 20 19 19 14 23 26 33 21 36 20 32 28 8 15 30 26 37 18 10 19 11 14 12 21 21 32 7 25 18 17 17 2 12 8 34 15 2 34 30 23 14 12 56 12 10 16 23 7 10 8 26 17 18 24 14 16 34 22 22 28 9 24 21 26 28 12 11 18 16 28 6 21 17 28 22 8 19 12 38 32 10 23 30 14 14 16 19 28 25 17 2 33 20 4 34 29 21 23 2 32 23 21 9 19 7 12 9 12 25 14 17 9 6 32 42 12 11 2 24 39 25 14 14 41 36 35 5 10 13 30 29 20 16 31 3 29 49 10 22 12 44 23 19 27 33 32 27 25 12 14 28 21 30 22 24 3 22 33 33 10 14 11 24 28 25 21 17 25 39 34 17 15

10116 10596 11020 8272 9113 11505 6948 14144 11637 12659 15008 8719 12129 6147 5823 12243 13491 13857 11239 10864 12063 10895 7559 11772 3085 5163 10013 9468 11781 13293 13361 13500 6689 7168 13700 14518 12489 11713 1677 8570 4230 8365 7954 2436 9922 7671 6061 504 10019 11646 8414 13138 10402 11137 12905 11362 10661 8877 13351 17071 8266 12599 16356 5684 14647 3079 13066 10166 7811 8274 9715 9972 8652 14252 6069 10114 16004 7185 4338 6718 9580 8205 13822 10306 5451 6578 10567 5928 559 7101 10646 5216 7309 5840 8812 11135 7839 10085 10709 8915 13976 11519 13567 14657 5691 5188 6545 12653 13417 11177 7581 7282 16940 2179 8233 13913 5758 7749 8368 10926 6467 12811 3107 11846 13270 5741 11565 9608 17113 8242 11389 7695 11065 8108 7702 8045 5617 2244 6258 8384 9723 6027 10338 11749 7776 9297 9177 6615 5964 3776 12493 6345 13495 12770 10445 10635 7122 7723 18739 12270 11324 17750 12926 10687 17765 13672 11652 6254 11597 5761 12470 8679 5861 12868 13062 7255 11584 7175 9300 11061 10253 1387 7306 6770 6504 8372 8031 9357 3531 5788 11388 4311 7238 10284 11879 10912 10993 13331 2527 11852
11545 11934 12335 10034 10998 12930 8498 17242 13496 15684 17977 9644 14048 7276 6663 15245 16740 15322 13898 12220 13560 12858 8685 13265 3537 5806 11659 11180 13118 16564 14738 15890 8048 8732 15224 16891 14262 14273 2001 10137 4878 9361 9303 2870 11499 9493 6733 564 11976 14334 9800 14626 11941 12303 14592 13815 12533 9948 16192 19855 9171 14413 20158 6478 17174 3483 15404 11918 9064 9297 11015 11567 10201 15967 6775 12114 18109 8660 4868 7791 10664 9152 15732 12265 6269 7442 12347 6600 628 7879 12109 5801 8232 6671 10251 13358 8841 11522 12128 10992 17226 12941 16225 17448 6576 6248 7394 14097 15404 13202 8535 8830 18978 2686 9102 16007 7041 9082 9301 13249 7862 14756 3419 13115 15301 6411 14381 11757 19523 10157 13165 9601 12581 9417 8829 9727 6803 2660 6918 10130 11248 6815 12441 14610 9623 11022 11236 8000 6760 4675 14059 7579 16802 15520 12588 12514 8289 8889 22373 14313 14149 20995 15109 13297 21881 16941 12997 7629 13938 6844 15562 9827 6879 15810 15117 8850 14246 7989 11055 13491 11557 1539 8511 7473 7508 9390 9654 11219 3932 6567 13188 5132 8140 12616 14216 13631 12657 14793 3010 13455
14024 14062 14061 11149 12883 15712 9222 19372 15516 17277 19832 10839 15316 8745 7860 17296 19294 17668 16366 13802 16432 14770 9532 16149 4297 6752 12699 12736 14847 18895 16889 17960 9699 9644 17886 18715 16688 15619 2385 10996 5688 11340 10751 3458 12652 10500 7814 683 13760 16540 11659 17635 13350 13902 16133 15962 14519 11019 18221 23319 10984 16501 22060 7292 20599 3792 16910 13590 10044 10820 12855 12721 11165 18647 8092 13388 21969 10128 5497 8741 11824 10318 17528 13813 7248 8913 13715 7465 710 9541 13348 6733 9567 7587 11521 14473 9969 13540 14205 12437 19146 14733 19146 20386 7341 7176 8354 15678 18226 15612 10098 10412 21839 3064 10919 18662 7985 10331 11392 15400 8761 17687 4116 14317 18496 7229 16892 12862 22566 11252 15918 11359 14869 11364 10329 10544 7974 3044 8382 11756 12985 8053 14878 17452 10625 13316 12728 8854 7382 5534 15817 8529 19576 17071 14622 14987 9730 9745 26954 15788 16499 23619 17292 14980 24847 18440 14526 8861 16302 8276 17230 10756 8017 17320 16893 10603 16836 9230 13087 15120 12905 1841 9828 8560 8662 11090 10809 12840 4471 7523 14497 6156 9430 14806 16174 16065 14036 17214 3360 16226

6147 9233 9125 6382 7659 8633 4856 12726 7709 9789 12741 7362 10398 3659 5202 8866 11702 10787 8963 9213 8837 9257 6745 8902 2644 4338 7295 8067 9551 11157 7391 9210 5730 6019 8783 12865 10430 9749 1378 7413 2922 7506 5974 1865 6630 5880 4284 447 8637 9842 5552 10794 8734 8995 11222 9100 6577 6151 9938 15094 7254 10947 12399 3311 8700 2572 10957 8036 6765 6462 5236 7900 6027 9652 4407 5765 13728 5519 3379 4630 6565 7234 10591 8989 4701 5113 9013 5046 402 5915 7593 4418 6255 3974 5462 6320 6095 8838 6212 7417 9462 6499 9480 10475 4183 3923 5243 10122 10755 9363 5347 4872 12927 1538 7386 12058 5141 5558 6886 9238 3911 10582 2649 8894 11326 4988 8020 6258 11385 5482 9600 6775 8737 6375 5619 4911 4961 1524 4917 7426 8585 4707 9086 9489 6402 8185 6135 4653 5268 3252 9450 4848 10260 11320 6566 8532 6028 6267 15705 9240 9642 13043 11173 8984 9493 11234 10372 4911 9962 4607 10972 7467 4175 7536 9204 6208 7990 4374 7306 9770 6468 1217 6085 5211 5842 6289 7161 6514 2290 3859 9269 3760 5825 9206 8335 9798 9623 11561 1913 7463
5490 6461 8449 5096 4964 6495 3735 9351 7166 7160 9448 6520 7590 3483 4687 7693 9951 8926 7789 8947 7068 8803 4278 6969 2468 4085 7043 7122 8168 8408 6989 8403 4299 3605 7899 8007 6917 9352 1258 6073 2896 6839 5361 1629 5863 4391 3808 367 7695 6106 4699 8112 6614 8644 7581 7673 6226 5889 7992 14067 4703 7261 10356 2907 7604 2032 8403 7801 5952 6356 4943 5215 6018 8867 3266 5190 13140 5356 3249 3467 4889 6507 9430 8164 2836 5084 5326 3313 347 5896 6012 4398 4157 3811 4487 5858 4911 6677 6008 4679 8925 6474 8960 8443 3123 3688 4213 8379 10315 8561 3959 4083 10612 1456 7093 9438 4211 5515 6474 7929 3903 9090 1557 7521 11044 3477 7222 5524 9400 5474 7602 5154 8373 6167 5253 4333 2821 1253 4464 6415 5223 3107 8742 8459 4933 6758 5857 4092 3059 3080 6344 4401 8703 8532 5574 6103 4246 5886 12200 6845 7471 9421 9892 8149 9118 10860 7806 3265 6320 4494 10242 6163 3723 7151 8260 5705 7022 3762 6218 6490 6372 1018 5291 4417 4410 5303 7111 6438 1907 3717 8604 2954 3911 7184 7960 5793 9542 7072 1714 7397
