200 3 2
97 82 1 60 68 43 36 155 154 129 101 157 153 141 221 207 51 100 61 116 116 166 42 44 62 181 163 254 187 51 56 1 10 92 40 97 217 29 12 161 67 227 48 61 156 54 1 133 341 114 85 189 186 20 126 73 281 144 129 215 98 62 183 1 131 1 153 62 77 92 175 122 238 62 252 76 122 1 80 24 151 153 138 256 66 14 54 13 118 234 101 72 173 114 99 1 173 34 130 86 93 85 1 199 140 18 104 166 185 1 41 116 184 270 218 88 1 81 155 68 39 203 105 166 90 94 59 4 77 198 106 226 31 159 106 112 120 142 113 174 196 83 180 49 141 201 46 3 94 92 197 1 110 168 109 184 16 60 152 250 13 1 28 1 116 159 129 64 1 113 116 1 1 192 1 176 179 76 17 74 249 63 99 201 1 76 81 88 234 164 163 1 93 110 173 144 66 89 66 120

5 25 20 1 27 34 17 28 9 16 1 28 25 17 1 1 20 11 40 1 22 41 20 31 17 60 2 17 13 18 34 25 20 20 1 28 14 19 10 4 57 4 46 19 42 5 34 11 1 58 1 11 52 25 28 22 6 32 1 1 1 48 23 12 41 39 1 7 1 20 67 35 23 25 5 10 15 5 13 21 1 15 23 38 1 41 32 23 17 11 20 41 30 32 22 35 13 8 16 2 8 2 5 22 6 25 4 50 19 22 21 35 1 25 1 17 27 10 1 29 18 30 41 30 10 29 36 10 29 46 32 43 13 27 46 12 28 13 1 17 56 18 1 39 40 23 27 31 16 32 33 20 1 7 17 26 42 19 10 31 19 32 7 43 30 17 1 13 25 7 24 2 16 1 13 36 30 37 11 25 39 30 8 38 26 10 9 19 5 58 23 1 16 1 25 14 10 27 34 3
14 26 28 15 34 36 34 39 31 32 23 38 32 39 15 11 26 25 62 2 23 54 38 36 22 71 14 29 29 25 46 40 35 21 10 32 18 25 20 29 60 15 55 38 56 10 42 19 8 89 4 33 53 34 50 42 10 40 10 2 12 52 50 33 65 40 18 15 9 37 75 41 32 31 23 19 30 19 19 22 13 23 46 45 6 52 45 40 20 32 27 60 43 36 24 51 22 12 18 20 28 9 10 27 18 30 15 52 26 33 36 50 21 50 15 26 36 27 14 44 27 37 48 43 26 36 46 11 37 59 45 62 21 33 54 17 29 30 15 20 57 24 11 46 49 44 51 36 22 44 48 39 13 28 26 45 50 23 28 39 20 43 11 49 40 32 10 14 37 27 26 6 17 10 34 41 37 40 12 26 58 42 23 42 27 24 27 30 13 71 24 3 21 10 29 23 23 33 35 22
24 29 30 29 43 51 43 48 38 51 28 45 45 69 23 23 46 35 64 8 27 57 43 39 29 74 35 44 37 40 67 51 36 26 15 45 37 35 37 33 69 28 68 49 77 23 62 41 10 96 9 42 70 44 51 53 12 67 11 8 20 59 67 37 66 52 22 16 19 45 81 48 47 48 29 30 46 42 37 32 34 57 75 58 19 69 67 49 24 41 30 67 57 42 36 63 37 29 41 22 43 15 29 40 20 38 17 53 28 47 62 69 39 57 26 37 38 44 37 56 42 55 49 54 51 55 57 17 51 70 55 77 45 51 58 27 41 34 17 26 71 26 17 70 59 49 52 53 23 45 55 47 40 49 50 51 51 48 35 46 31 57 23 56 50 33 25 22 47 33 36 16 27 25 50 53 47 55 13 27 60 49 28 54 28 27 36 40 14 76 25 6 39 23 35 33 50 38 42 28

9 21 13 10 2 15 5 5 16 18 22 13 9 15 11 8 18 9 6 22 9 24 1 5 19 9 15 13 5 13 17 19 24 10 1 11 1 1 11 13 3 1 1 8 18 21 7 6 16 4 2 24 12 15 3 8 1 9 6 2 10 1 7 8 10 8 18 1 14 15 2 1 4 1 13 1 1 14 23 8 7 1 17 19 28 21 12 10 5 13 15 16 1 1 18 4 10 1 1 1 10 6 1 3 10 4 7 8 1 18 1 6 6 24 3 1 18 12 12 7 13 21 20 17 17 1 11 14 12 15 2 18 19 7 29 3 6 17 13 22 1 1 11 9 6 5 9 2 4 19 1 8 17 5 6 11 3 1 1 27 7 12 5 1 13 5 9 10 14 6 21 22 17 5 35 18 10 2 2 8 1 11 16 1 11 9 8 28 14 18 17 22 1 13 3 6 10 11 1 18
14 32 23 29 9 20 10 16 34 19 23 20 10 35 21 17 21 10 7 30 10 33 14 24 29 16 27 32 6 35 31 29 54 21 18 26 15 4 18 27 4 5 9 10 38 25 17 28 23 11 11 26 22 35 7 9 9 22 10 4 18 3 30 11 21 9 25 2 20 28 6 2 8 12 23 12 18 42 44 17 35 8 25 30 31 25 17 19 26 15 27 24 10 17 35 20 17 17 11 10 14 10 13 8 19 19 18 20 4 25 12 10 33 32 4 10 21 13 26 15 20 27 31 31 22 5 25 23 43 19 4 25 28 14 30 21 18 28 26 31 8 22 23 29 20 18 12 5 16 35 9 33 29 14 11 12 14 18 2 31 18 16 6 22 18 8 18 11 25 11 43 35 18 16 46 27 13 19 8 26 12 22 24 4 14 27 9 40 16 39 24 29 13 20 4 16 35 29 24 27

6255 10008 8845 5755 14209 3477 10500 11997 8733 20467 16489 2311 55 8337 11350 12722 18544 8825 7274 11489 5826 14929 14344 6027 6582 5177 12349 8788 4386 14488 14248 9474 19101 8322 13848 5558 11811 7218 5515 11108 11412 18966 13629 13930 16355 11320 12320 4441 14613 8950 12253 2183 17137 9208 14872 11064 5533 14108 9265 9945 10791 6600 6353 9471 5949 11831 7740 9580 14731 14202 6990 6081 11217 8739 6582 10818 11055 4677 16340 7273 14333 13142 888 7906 63 8826 12198 6943 8234 5604 12148 14645 14868 14190 15838 6359 10528 8525 13808 11284 10700 14784 3297 10928 12759 5970 6292 12817 6199 7275 15644 12113 17902 13671 9479 10560 10780 10884 8742 11170 7998 8114 14361 5979 10966 14974 4807 7848 8370 14404 14148 13407 9660 14370 7992 6118 11051 13563 15926 16850 13567 13980 6154 11384 11578 11241 14333 14933 13158 13037 11862 8840 3128 11264 5846 12107 17402 5416 13824 9692 11434 13090 10406 8900 7494 14974 8765 14204 8192 12724 6468 7700 11968 9159 9020 7144 7658 8836 10876 7881 8952 5890 1780 20279 8560 13920 5586 19923 14171 12124 6679 14184 6201 14215 12312 11804 7995 12639 3953 11253
7260 11778 11040 7174 16317 4014 13055 14093 10791 22906 18786 2849 61 9807 13559 15255 22437 10746 9009 14341 6956 18555 15995 6884 8086 5755 14964 10223 4893 16474 15708 11487 21491 10289 15691 6519 13891 7967 6068 13580 12563 23155 16518 17239 20220 13530 15359 5411 17890 10590 14002 2645 19157 11011 17436 13338 6761 16248 11102 11454 13467 7315 7515 10464 7032 13041 8544 11586 17838 17442 8235 7108 13597 10863 7481 12714 12507 5502 20273 8219 16546 15418 1031 9709 75 9738 13538 8293 10075 6708 14225 18025 18002 15960 17699 7138 12755 10027 16003 13027 12482 17082 3759 13437 15514 7002 7572 15361 7713 8559 18218 13367 22204 15485 11128 11639 12511 12491 10746 13081 9813 9304 17260 7111 13172 16657 5852 9767 9581 16205 16954 15672 11109 17094 9317 7288 12422 15764 19604 19035 16359 16291 6820 13369 13444 12448 16300 16999 15640 15621 14249 11001 3676 12691 7270 15103 21242 6093 15635 11764 13087 14998 12874 9837 9116 17109 9653 17357 9015 14354 7505 9431 13666 10811 10757 8358 9338 10533 12362 9790 11141 6970 2060 23332 10689 16735 6590 22269 16052 14555 8288 17219 7670 16359 13574 13899 9595 15612 4898 13188
8534 13864 12661 8403 19241 4736 14821 16979 12132 26663 22303 3151 70 10879 15727 18398 26162 12892 10740 16738 7877 20921 19274 7675 8845 6835 17736 12416 5653 19479 19194 13333 25012 12096 18215 7685 15447 9639 6686 14973 14453 27201 18681 20573 22890 15827 16801 6129 19784 12019 16975 3151 21593 13192 19609 14931 7451 18300 12643 13846 15092 8878 8754 12037 8508 14828 9892 13885 19408 20204 8989 8166 16067 12650 8271 13910 14830 6410 23105 9599 18092 18540 1177 11557 83 10857 15621 9350 11351 7694 16649 20235 20187 18490 20896 8305 14409 12107 18705 15472 13936 18595 4319 15589 18499 8402 8955 17726 9068 9427 20368 15097 24389 17147 12766 13991 14666 13640 11997 14868 10883 10571 19680 8273 15337 18532 6541 10923 11290 18851 19701 18022 12889 20352 10659 8461 14827 19061 23130 22344 19328 18689 7828 16118 15308 13768 19773 18592 17587 18105 16624 12733 4417 15164 8216 16745 24880 7228 18235 12844 14826 16908 15229 11883 10777 19093 10827 20095 10601 17476 8825 10250 15089 11962 12227 9710 10861 12422 13554 10821 13210 8060 2272 25855 12746 20023 7657 24810 17554 15802 9790 19954 8956 18230 15476 15236 10791 17347 5306 15056

5173 5281 5557 3327 9683 2945 6804 10099 7357 16256 12934 1893 30 6834 6927 9937 15834 6822 6520 9991 3937 9363 12869 4663 4463 4491 10182 6578 3887 12886 12720 5641 13169 6080 11862 4044 9390 6063 4667 7213 9302 15443 10819 8642 9776 8979 8214 2944 12206 6358 8550 1571 11998 8197 11601 8897 4824 11217 5267 8910 7538 5050 5341 6223 5338 8958 5377 7413 8287 12719 6228 4451 8248 6924 5148 8867 7047 4132 13785 4898 11236 11056 786 6731 35 7145 10177 5320 6464 4706 10672 12752 13161 8844 10048 5563 8859 5755 9816 8541 9305 13159 2600 8547 9990 5247 5464 11190 5283 4313 10195 10259 15683 8898 8215 9470 6921 9659 6260 9198 7084 4762 12669 4941 7731 9468 4017 5781 5034 11886 7874 11904 8396 12766 7113 5384 9599 9530 9613 14084 10074 9988 3916 8592 8713 9128 10241 10818 8532 10736 9581 7225 2300 8444 5065 8232 13877 4499 8751 7532 8775 11567 9365 7023 4736 11706 7434 12628 6139 10640 5716 6768 7443 7268 8010 6276 6550 4735 8613 7076 8050 3441 1501 14966 5729 12435 4683 15590 8491 10853 5007 12590 5567 10194 10652 7697 6595 10805 3250 6321
4797 5275 4731 3197 8753 1888 5472 8155 7183 12316 10620 1754 28 4921 6235 6954 10956 4573 4778 8668 3299 8604 12447 3581 3636 3994 8773 4547 2416 12362 10848 4774 11899 5367 8563 3797 6694 4091 3323 6184 7260 11662 8097 8447 8562 8358 6608 2411 11045 4982 6565 1393 11829 7959 8113 8097 4440 8357 4888 6013 7409 4191 5304 4770 5175 8046 4100 5870 7969 9842 3645 3366 7013 5852 4552 8501 6531 2621 12885 3895 8331 6623 468 6454 33 5712 9733 3933 4503 3139 6492 12555 10891 8506 8390 4124 8451 5404 7637 5875 8730 12725 2387 7183 7981 4811 4527 11047 4731 3879 10061 9066 11441 7270 6895 8553 5807 6883 5670 7893 4787 4195 10233 3797 7700 8280 2891 4234 4879 9902 7256 8986 5469 7366 4516 4250 8248 6940 8367 8865 8843 9819 3357 6374 6054 8061 9537 10149 7633 10152 6852 6302 1905 6040 4364 7938 9069 4312 7898 6177 6816 11282 6243 4457 4128 10378 5886 10300 5803 9313 3840 5121 7148 6494 5354 6064 4084 4693 5924 6886 4543 3113 1203 10983 4716 11104 4484 12118 8458 10235 3757 7794 4724 7769 7728 7148 6462 10498 3044 6186
