200 3 2
198 162 79 1 100 154 118 184 244 140 107 63 45 1 169 157 119 3 47 18 55 92 214 213 74 154 5 130 113 39 242 227 1 2 172 300 133 16 51 172 42 253 1 184 183 206 103 125 37 102 1 1 188 78 97 55 92 183 285 1 8 145 69 100 159 89 37 81 271 102 27 129 124 116 48 179 54 209 58 21 147 160 1 27 56 144 24 187 3 182 105 83 102 96 78 98 217 47 20 69 94 176 114 162 8 151 11 130 203 186 149 74 84 1 180 86 126 15 101 1 214 23 1 60 1 185 36 101 43 123 14 226 1 104 118 98 119 190 171 88 83 55 120 136 1 75 90 137 7 96 46 157 110 115 27 47 153 1 164 109 144 91 143 100 19 67 155 148 115 290 25 228 12 53 115 184 91 1 74 105 1 40 201 167 125 12 1 138 128 15 59 214 129 1 87 64 144 190 88 194

11 17 32 17 29 33 29 2 36 12 31 44 32 13 39 14 9 1 36 1 16 29 15 13 14 14 2 1 7 37 1 33 18 14 4 35 12 20 24 21 19 23 9 7 30 4 1 22 28 28 1 8 44 7 42 48 12 26 12 5 55 35 36 32 1 34 29 26 25 1 30 35 25 57 33 25 3 28 34 31 6 42 21 14 34 23 41 24 1 17 1 24 7 45 32 14 33 19 1 7 47 10 29 37 19 7 1 1 38 33 1 27 49 27 30 39 1 34 38 1 37 10 19 1 25 24 8 27 16 35 45 11 8 1 31 27 6 13 25 20 37 33 9 9 17 25 23 1 23 2 6 29 11 23 46 49 18 27 16 1 9 9 21 28 31 20 36 24 24 34 5 24 30 29 17 28 26 25 34 38 11 5 38 1 17 23 37 14 28 24 25 12 41 12 5 1 37 15 17 29
27 31 56 27 44 46 33 14 44 29 33 49 43 20 54 29 23 8 37 7 26 50 20 32 28 29 7 13 22 43 6 45 34 35 24 36 27 21 25 34 20 37 11 10 33 11 14 42 34 46 20 30 45 18 48 73 18 35 23 12 63 44 43 54 10 39 45 38 40 2 41 36 27 73 54 35 19 51 50 40 17 50 30 16 39 34 57 37 13 25 21 25 28 57 37 24 58 35 13 29 52 18 50 44 20 20 19 17 61 55 2 30 64 34 41 44 9 45 49 7 40 35 30 11 28 33 14 32 31 51 46 20 21 6 45 48 16 22 31 21 39 38 15 22 27 46 34 2 38 13 20 36 16 36 57 51 34 42 17 4 19 18 27 31 48 26 44 30 33 43 9 26 50 35 26 41 40 35 43 53 20 8 50 8 31 36 44 17 47 50 35 13 42 16 20 24 61 20 27 38
43 46 68 29 55 58 43 20 52 43 52 64 53 30 60 35 43 22 54 12 36 51 22 33 45 30 30 15 43 55 11 48 42 43 33 50 45 51 44 37 33 39 16 15 41 17 22 60 37 50 33 37 56 30 59 87 24 49 27 26 72 45 65 67 23 51 52 47 60 4 46 50 45 88 66 54 29 58 71 45 25 60 37 18 59 41 76 39 19 40 29 27 42 58 44 31 62 40 35 32 57 41 55 52 25 33 34 33 65 57 14 51 77 58 59 56 15 59 60 25 58 47 60 26 29 49 22 54 57 64 51 24 27 19 54 50 19 32 42 28 57 39 28 36 41 50 38 13 46 14 32 55 20 54 60 55 47 54 25 12 31 29 40 36 56 44 58 35 35 49 23 46 55 50 43 49 46 53 60 78 37 9 58 18 46 37 57 18 56 64 36 14 47 30 22 27 66 37 39 44

17 1 11 4 14 3 1 7 21 1 4 8 11 12 19 1 3 9 21 1 1 1 4 5 1 16 15 17 20 16 17 27 9 20 12 19 1 1 1 12 16 13 12 7 21 12 1 1 11 7 1 28 33 3 6 15 15 11 12 12 2 19 22 20 14 5 15 10 10 25 8 11 10 15 26 17 5 5 17 1 8 1 9 20 11 17 8 16 16 16 19 17 1 13 9 16 31 1 12 9 15 10 1 4 5 7 18 5 6 1 1 14 13 12 14 10 6 19 14 4 11 12 1 10 12 1 1 16 7 1 9 15 6 8 1 12 10 11 4 15 25 13 8 1 8 14 3 13 18 11 10 6 2 15 19 1 15 11 14 8 5 21 15 6 12 10 9 8 17 13 15 7 9 8 25 21 12 26 3 3 1 13 1 13 13 5 9 17 11 18 13 10 6 7 6 15 1 20 10 4
18 4 24 9 38 17 14 8 35 17 6 17 20 19 20 12 23 10 31 6 10 19 17 20 6 34 18 25 27 24 31 31 12 23 14 42 13 3 13 21 24 25 27 12 25 33 8 14 25 22 8 38 59 15 28 30 25 12 27 30 9 32 41 29 17 10 18 27 30 30 20 27 27 35 33 30 10 26 27 5 9 3 19 26 14 26 34 18 30 25 31 20 5 14 17 22 43 9 20 26 42 20 2 8 10 13 32 15 14 13 11 30 14 36 30 49 30 26 17 9 12 16 16 12 17 8 19 31 26 4 20 16 7 11 17 34 24 22 16 36 41 31 22 2 16 19 18 29 29 12 15 10 6 33 29 24 18 27 26 21 14 38 25 9 27 34 29 9 28 23 35 9 21 11 48 29 32 29 12 10 8 30 21 16 24 23 17 29 12 38 25 12 18 14 9 27 17 34 12 5

10278 5916 6304 12964 9488 13453 11071 4348 12720 17752 19184 10806 15622 11315 10803 9889 13984 8128 16426 7336 15068 6520 6791 16438 9176 8278 7890 7454 5933 8789 13223 8448 13606 10228 10932 720 11025 12989 5779 14203 7165 14281 11502 9170 8035 14195 10802 10841 9074 14044 11408 1426 13825 7716 12102 11370 10915 10603 17011 17324 7802 10247 13524 9918 10769 8935 6023 8929 11748 14954 7910 6687 18895 13913 6264 8172 8696 13403 11896 12534 18114 5830 5559 6681 12016 17457 13895 5345 5605 5708 11008 13779 16224 7475 7828 4104 12076 12223 13050 7287 1379 757 10852 12435 7060 5791 11213 8933 6510 11350 8178 5557 8859 13249 5889 7770 10650 5307 12525 13478 1177 121 6595 7888 6214 17963 3479 7979 13180 3352 12856 6618 14280 11641 7135 3880 13890 6937 5344 9090 6260 14145 7969 11132 8628 12463 13119 12435 9927 11633 7523 13190 11540 5952 11486 11658 7591 6830 6768 6791 7805 12153 5357 12246 8966 12980 9541 12401 2787 7215 13771 6493 8042 7745 7285 8571 12212 4799 5336 3383 10776 6326 12500 2743 7565 7735 6899 11370 8321 6455 10745 5149 6604 5358 12960 10454 6323 7438 14523 18849
12557 7091 7792 16030 11572 16233 12746 5109 14276 20723 21691 12324 17906 13880 13396 11835 15394 9189 20289 8764 17524 8054 7751 18955 11265 9995 9209 9305 6673 9729 14707 10312 15382 12301 13457 882 12694 15233 6418 15991 8405 16536 13461 10850 9322 17604 13464 13063 10972 16397 13878 1608 16425 9123 13674 13273 13105 12794 18963 21229 9553 11360 16150 11757 12095 10686 6902 10245 14568 17976 9794 7853 21588 15409 6941 10020 10169 14822 14593 14057 20178 7284 6377 8063 13337 21285 15312 6013 6781 7016 13738 16782 20138 9128 8868 4935 14271 14988 14507 8718 1579 881 12549 14269 7893 6404 12826 9826 7294 13468 9836 6388 10358 15209 7356 8674 13258 6307 14326 15601 1389 150 7928 9663 7197 21680 4251 8908 15472 3936 15472 7855 15958 13140 8491 4759 15363 8414 6627 10946 7142 16927 8856 13236 10500 13815 14456 13686 11166 14477 8406 14898 12774 6838 13547 14098 9374 8152 7661 8342 9738 14835 6292 14923 9918 15445 11407 15077 3348 8871 15944 7498 8849 8607 8839 10193 14317 5394 5892 4138 12788 7777 13796 3024 8994 8773 7896 14025 9331 7842 12945 5887 7594 6023 14565 12762 7223 8282 16371 21377
14070 8165 8718 17788 13573 18526 14717 5577 17176 23664 24395 14702 20973 16090 15563 13980 17743 11091 24259 9765 19592 9032 8886 20967 13182 11641 10193 10483 7524 11854 17667 11945 16863 14088 15599 969 13908 16788 7807 19360 9530 18829 15556 12730 10715 20579 14588 15298 12323 18010 15448 1937 18972 10400 16005 14864 15702 14298 22348 24546 11242 13251 18640 14102 13998 12353 7813 11535 17110 21187 11446 9273 26214 17484 8017 11021 11307 16283 17229 16454 24363 8333 7684 9445 15918 23775 18219 7319 8069 7996 15570 18877 22861 10618 10170 5738 15829 16437 15955 10429 1882 1041 15196 17133 9213 7425 14483 11051 8512 15180 10866 7311 12493 17858 8082 10275 15911 7588 16126 18677 1521 179 9085 11357 8350 24393 4608 9914 18443 4628 17271 8680 17612 14527 10126 5334 17674 9720 7622 12690 8160 20090 10223 15149 12350 16198 17336 15752 12158 16711 9951 16809 14525 8270 16013 15942 10716 9265 8449 9871 11638 17703 7035 17943 11885 16833 12965 17083 3795 10508 17413 8793 9909 10509 10152 12316 16390 5877 6917 4895 14999 8510 15995 3532 10244 9817 9466 15784 10754 8594 14765 6534 8823 7263 17018 15074 7978 9552 18987 24494

6363 5180 5457 11421 5522 11780 8077 3407 7957 13737 16585 8842 12226 9290 6986 8897 12418 5088 8641 5544 12337 4727 4653 13845 6297 6484 6314 6454 4964 6514 11747 6466 9526 6548 9196 601 9051 8607 4739 11495 6402 9703 9459 5903 5552 11344 7298 7448 5594 10539 6563 1264 10554 5302 10249 9813 7399 7211 14667 10298 6202 9073 10660 7807 8357 7956 4650 6180 10018 9480 6269 5403 14213 12457 5002 4715 7653 9098 10699 7172 11516 4025 4698 5967 10553 10425 12190 3494 4382 3340 6656 10618 12735 5455 5180 3020 10090 7060 10251 6543 831 484 9607 11173 5101 4810 7646 5388 5533 8478 6336 4108 5959 10763 4783 6713 6728 3736 9274 11707 796 92 5099 4739 4578 15773 2339 6962 7742 2969 10539 5531 11328 8712 6341 3241 11034 5383 4141 7561 5576 10531 4955 6742 7128 7638 10181 10437 5169 10156 5649 11423 7876 4084 7976 9719 4010 4912 4330 4623 6546 8372 4269 8302 6658 8835 8503 10750 2410 5909 11141 5085 5565 6352 6182 7598 8650 4176 4512 2459 9610 5327 10864 2153 4305 6953 4686 9503 5467 4854 8869 4177 4019 4519 9969 8830 4572 6644 11839 16156
6316 4840 3763 7132 4920 8660 6649 2527 7109 10402 15443 5665 8009 9178 6063 8845 10850 4896 8319 4577 11788 3423 3685 10376 6184 4755 5078 5163 4134 5478 7891 4560 6977 5367 7865 362 7142 8189 2935 11081 3911 7652 7888 5163 4536 10650 6002 6543 5568 7804 6292 834 9346 4643 8199 8908 5766 5837 9515 9188 5127 9071 9336 7231 5553 6245 3917 5496 6395 8479 5856 4054 14197 12217 4679 4684 5792 8013 7545 6287 11506 3576 3351 3415 7575 10406 11026 3257 3691 2994 5918 8379 11529 4272 4476 2683 7079 6778 6869 4461 799 402 7213 8620 4836 3752 5734 5113 4957 6164 5921 3694 5477 9998 3393 4233 5677 3108 7209 7250 682 81 4226 4170 4506 14766 2209 3999 7107 2545 8452 5218 7668 7804 3611 2602 8991 4550 3955 6456 4713 8311 4638 6149 5693 6706 7982 9570 5147 7461 4183 9243 7038 3510 6409 7477 3832 3545 3782 4534 5439 7170 2867 6220 4586 8543 6109 8989 2130 5057 10499 4522 4838 5230 6131 7056 8256 2513 4364 1766 9199 3752 9606 1451 4222 5611 4245 6720 4544 4815 7735 4074 3857 3462 9321 6729 4302 4918 8663 14937
