200 3 2
188 154 171 111 20 121 123 71 37 45 76 85 80 170 55 67 52 22 137 183 63 186 267 1 209 57 75 147 209 90 211 120 1 99 4 175 1 1 40 86 71 255 40 120 29 168 55 119 104 7 217 83 65 153 1 192 1 158 9 178 203 143 210 212 156 1 135 93 139 88 135 42 76 76 153 132 50 140 81 95 11 175 88 103 101 153 59 135 46 1 51 55 48 94 12 31 22 197 67 141 10 1 1 212 126 118 155 56 47 111 144 238 48 175 72 260 53 39 96 191 195 1 1 111 108 86 2 151 112 172 105 45 73 77 110 222 98 82 158 1 273 99 164 177 90 131 251 77 107 116 84 196 240 133 194 189 57 156 59 1 202 168 60 1 70 57 86 92 157 14 118 13 141 145 265 38 104 45 115 1 153 155 44 218 159 1 1 62 111 89 1 144 58 75 95 134 85 1 66 268

36 22 38 27 30 32 26 4 46 20 19 2 11 32 37 23 7 22 14 23 7 20 10 13 2 22 19 12 18 31 16 7 14 1 11 16 32 22 53 21 11 46 2 20 24 34 2 15 20 23 39 4 27 1 27 1 10 1 1 31 37 28 9 37 38 24 21 11 45 1 42 29 30 22 12 35 33 10 38 14 38 11 9 33 22 10 21 30 38 25 16 9 28 4 39 21 8 18 1 18 37 44 51 21 35 31 13 21 29 23 24 12 14 37 5 40 1 23 6 22 1 15 22 27 1 58 14 41 28 18 11 19 1 26 33 28 14 48 15 37 32 38 13 1 1 1 37 17 45 28 20 42 26 3 17 23 21 30 22 11 30 11 30 18 32 10 20 27 21 14 19 17 5 16 18 48 34 10 25 13 25 25 27 9 22 1 8 16 1 70 1 4 42 11 9 1 11 25 29 22
38 37 39 28 31 43 42 15 68 28 20 8 21 54 38 37 24 35 30 40 8 33 20 26 16 23 36 27 38 43 18 17 17 7 12 34 58 29 61 35 22 50 8 26 32 45 13 22 21 38 40 12 40 25 41 2 21 4 8 34 61 45 19 42 46 40 32 12 51 12 48 35 40 28 25 55 53 24 53 24 51 29 25 41 31 14 29 36 48 30 24 21 31 24 40 23 21 27 23 23 56 48 76 34 45 40 14 31 41 27 26 29 23 60 9 55 30 24 8 33 14 22 30 39 15 60 18 53 45 23 14 26 20 44 44 31 20 53 22 41 47 46 26 6 4 7 48 37 71 43 28 51 44 9 18 33 41 38 40 21 48 17 40 39 40 22 26 42 40 23 27 21 19 17 49 49 52 11 44 32 27 27 33 41 23 16 16 26 3 99 13 28 64 23 16 16 20 39 43 36
46 41 48 30 40 58 52 16 76 58 27 24 33 77 49 50 33 41 42 47 17 35 25 29 32 40 41 49 55 53 22 21 37 23 13 35 77 39 62 41 27 53 15 27 47 46 20 36 24 46 53 16 54 26 49 5 30 6 15 39 72 61 24 51 49 47 45 27 53 30 66 40 47 42 26 70 74 33 59 27 54 39 43 43 48 15 33 37 57 32 37 39 32 39 58 24 41 40 32 34 72 58 85 43 52 47 27 32 45 41 28 58 33 64 24 62 33 34 9 39 28 30 35 47 28 62 25 62 48 37 42 32 21 47 53 38 43 65 26 55 68 49 37 16 23 9 57 48 87 55 56 72 57 27 30 34 51 52 41 22 59 33 63 54 49 23 28 55 53 49 28 33 20 18 64 60 73 19 60 50 37 29 52 50 28 29 17 35 4 101 23 36 79 26 36 32 26 53 64 43

5 18 12 9 24 11 10 5 11 12 12 1 6 5 25 1 10 3 2 1 7 7 1 21 6 6 4 26 1 24 6 14 12 14 16 14 16 21 4 1 1 9 20 7 5 2 21 18 15 11 5 17 13 12 6 6 2 14 9 12 1 1 2 31 1 4 13 15 1 9 6 18 6 19 13 18 20 14 15 33 8 19 12 12 21 29 12 17 11 3 12 12 6 9 14 1 17 3 6 16 8 21 5 14 6 8 9 16 1 1 4 2 1 18 22 12 10 1 13 10 19 3 10 9 3 6 11 10 25 8 9 17 7 22 2 4 3 8 16 6 31 8 13 24 2 3 3 23 6 8 10 8 21 2 7 12 12 3 9 13 1 1 6 17 22 10 7 1 1 18 2 25 8 4 9 3 3 21 20 1 2 3 4 4 4 6 14 10 15 5 9 20 5 17 19 30 20 23 18 8
11 26 13 31 25 19 11 7 39 20 17 5 25 13 30 14 31 14 19 19 21 13 9 41 10 7 10 31 9 35 26 29 14 28 26 31 25 32 26 19 10 17 32 17 12 17 30 19 24 13 17 18 19 25 19 8 18 23 10 22 20 9 13 32 13 11 27 38 13 31 16 38 9 37 36 21 31 19 20 58 20 30 15 15 28 32 23 27 29 9 24 23 19 16 15 12 32 19 12 36 28 22 14 40 13 30 13 27 7 11 15 19 19 21 23 14 12 2 18 28 28 5 14 13 27 14 18 22 30 17 24 36 13 25 18 12 15 11 39 22 39 12 22 38 9 7 19 41 23 10 24 14 35 6 19 28 20 5 15 34 9 8 19 25 45 25 26 21 21 19 13 32 19 21 25 9 10 28 26 11 4 8 8 11 13 8 17 19 24 20 30 32 20 32 26 31 34 27 29 9

6897 2608 7708 6261 9268 14107 10866 8625 19115 9478 12946 11643 12262 5889 14351 7829 11875 14383 12197 4923 4447 7183 17106 7051 8686 8140 13849 10613 11899 6804 9678 16064 15875 10057 13038 5506 10950 6813 8816 5562 14651 8443 6116 19022 6518 11238 7366 6580 12034 14696 2928 11942 2395 6430 7649 10840 6879 6792 12100 12716 14370 15254 5617 12944 8626 16732 6971 17624 7027 6974 13235 10535 5198 10506 3777 5325 7005 10487 10042 8478 12292 9732 12375 8929 10521 7543 9027 2891 14251 5675 4608 13518 13449 14456 10670 7213 12125 12800 7704 7333 12189 5802 5878 11723 6311 10214 9837 8175 4124 17532 6498 15797 12050 1826 11375 10811 1328 10804 13413 9141 11103 12851 8173 2817 9108 8887 6935 14859 13432 11689 12036 8492 13826 7211 7911 12318 11472 10399 13247 6679 13571 10744 7207 17896 11983 6715 11580 8392 6801 721 5187 15381 13949 9184 5707 16200 11258 7111 7356 7489 6578 1307 12894 11067 8416 11147 1873 14845 16418 3170 6437 12151 14408 8768 11845 11915 206 7112 5829 12046 10807 5888 6934 9099 10588 9113 10563 12410 12205 10733 5775 14004 8736 7275 9397 13704 14286 6222 14363 10839
7889 3232 9048 6996 10899 15535 12904 10256 21343 11127 15049 13275 14874 7207 16967 9009 14716 17627 13563 5985 5329 8571 20815 8535 10278 9039 15687 12890 13423 8010 11628 18845 19578 11745 15459 6488 12886 8448 10536 6770 17599 10270 7388 23589 7951 13869 8667 7417 14065 17259 3570 13750 2644 7510 8414 12821 7895 7699 14025 14831 16186 18085 6508 15837 9964 20773 7861 21919 8589 8633 16302 12165 6417 12854 4661 6361 8303 11720 11180 10377 15070 11170 14934 10478 12637 8351 10636 3601 17041 6777 5648 15750 16034 16031 12038 8761 14651 14121 8901 8421 14326 6453 7262 14169 7350 12742 12234 9542 4818 20095 7380 17404 14568 2274 13015 12079 1498 12156 16018 11330 12525 15686 9081 3514 11015 10464 8050 18567 14957 12908 14795 9939 16449 8634 8943 14020 14063 12950 14747 7554 16290 12055 8216 21055 13616 7740 13709 9924 8065 812 5838 17102 15597 10811 6620 20073 12586 7948 8505 9120 7646 1599 14908 13267 10004 13773 2173 17808 18916 3920 7541 13888 16582 9792 14187 14865 256 8845 6697 13337 12067 6816 8025 11039 12650 10388 12685 14105 14554 13372 6912 16673 10532 8605 10576 15166 17461 6972 15839 13313
8926 3690 9926 8439 13024 17857 14325 12020 25047 12217 18261 14760 17810 8518 19658 10852 15986 20832 16001 6960 6095 9357 23107 9668 12219 10723 17502 15435 15748 9227 13710 21731 21242 13080 17287 7449 14222 9499 11518 8141 20786 11443 8561 26707 9088 16340 9948 8809 15856 19055 3929 15769 3156 8710 9227 15297 9461 8833 15603 17811 18430 19823 7209 17351 11298 23481 9106 25368 9674 10350 18476 14597 7009 14455 5114 7684 9231 13836 12860 11367 17167 12351 17239 11576 13836 9724 12347 4054 19336 8137 6450 17435 17536 17495 13558 9755 15945 15792 9991 9832 17066 7278 8663 15401 7986 14013 13712 11130 5576 24020 8811 20007 16631 2494 15562 13963 1729 13268 17509 12246 14457 18799 10712 3934 11941 11853 9268 20157 17167 15382 16709 11500 19274 10384 10270 16735 16036 14162 18018 8937 18917 13639 8981 23694 15383 9074 15772 11393 8914 931 6815 19041 18161 12388 7787 23044 14316 9658 9480 10565 8951 1914 16522 15953 11590 15980 2372 20117 22688 4322 8477 16477 20158 10967 15959 16485 307 10038 8151 15204 14063 7901 9508 12406 15264 12572 15271 15821 17388 14647 7897 19301 12469 9730 11694 17972 19563 7809 18900 15308

5912 1477 5625 5139 6017 10055 8031 7680 15087 8170 9660 6638 10203 4628 7703 6943 9501 11866 9789 4263 3581 4479 14463 4781 5777 7213 12153 9407 9630 5383 7631 11274 14131 7526 7666 4278 9688 5965 7848 4985 9795 6298 5060 13351 5785 7176 6026 4713 9667 10702 2161 9832 1665 4560 6060 9406 5554 4322 8640 7211 10569 12553 4369 8847 6353 12678 5317 13232 5974 5126 9595 8242 4238 8788 2501 4291 6281 7979 6533 7354 10536 8117 9835 6291 9121 3839 7174 2578 10790 3147 2545 11029 11461 12958 7978 6269 10071 9361 5740 6311 10365 3210 3377 7985 4480 7419 6404 6285 3318 12205 4803 13223 7713 1076 8734 8384 819 8056 11170 5017 9817 9124 6871 2241 5077 6994 4615 12530 11715 9756 10513 5119 9681 5858 5505 10176 10069 7717 10610 4656 11487 8300 5978 15122 10000 3839 8045 6556 3733 606 3949 11266 10624 5644 4548 11773 9760 6320 6388 4585 4882 1038 10945 7188 6588 8296 1306 12570 13367 2816 4877 10363 11274 6129 8996 7926 155 5430 5226 10094 8760 4889 4861 5957 8014 7864 9151 10761 10416 7058 4932 7469 6252 5140 6711 10130 12117 3853 8987 7972
5011 1364 4862 4287 4853 9884 6806 7624 11237 8005 7651 6389 8962 4518 7661 5314 9107 9764 8786 4259 3332 3864 12128 3803 4535 5037 8744 9066 6631 4012 5123 8055 9589 6232 6730 3089 6654 4928 7173 4672 9625 4401 4417 12919 3790 6614 4923 4600 9519 10374 2088 7109 1283 3443 5097 7911 5425 3644 8448 6412 9085 12399 3308 6769 5587 10021 5215 9792 3772 4327 8584 6131 3861 8410 2341 3899 4067 7083 6161 5734 7277 6476 7837 4903 6862 3798 5833 1865 9387 3142 2374 8892 6997 7769 6789 4098 9377 8334 4500 4338 6191 2963 3319 6037 3990 5495 5348 5927 2318 10588 4334 9565 7260 949 7366 7445 719 6204 9472 4662 8791 8023 5226 1742 4681 6412 4482 8152 10286 6377 6859 4821 9579 5243 4855 6242 10046 5787 7822 3822 7388 6637 5637 14164 7264 3553 7007 6376 3661 432 3334 8739 7710 5464 4517 11700 8492 3702 5140 4113 3876 944 7861 6272 5757 7194 1166 11677 12019 2730 3284 6927 10215 4483 6176 7479 136 3640 3276 8748 6131 3167 3548 5237 7728 4972 5699 10452 9982 6937 3069 7216 6229 4272 5118 8706 8949 3398 8733 7617
