200 3 2
58 225 169 49 1 1 17 109 140 135 25 115 71 1 137 39 90 171 102 105 174 52 72 117 98 1 249 89 32 23 90 41 64 64 1 208 175 1 94 59 91 140 92 67 156 77 30 97 48 1 49 113 178 1 186 206 126 181 98 224 1 1 86 176 31 183 1 145 87 50 109 59 132 200 1 196 209 1 198 145 261 47 99 52 155 207 224 117 41 111 45 1 124 234 133 106 137 75 52 133 130 152 143 66 73 86 91 126 102 67 1 119 69 1 86 181 340 171 1 1 208 126 286 222 95 212 54 1 77 195 1 45 127 88 111 1 18 230 87 186 67 44 148 53 166 1 150 113 70 1 100 62 43 238 191 36 111 96 51 100 101 1 68 130 1 266 77 154 67 143 172 4 100 104 11 1 171 95 1 46 3 68 85 38 63 112 165 175 117 222 70 147 101 80 119 119 78 96 103 112

1 15 40 41 50 42 29 1 39 1 11 25 35 20 54 26 30 27 43 18 15 26 22 46 42 13 26 5 32 28 48 9 2 20 24 18 28 41 1 35 1 25 1 39 21 13 1 39 40 36 31 6 23 2 21 30 13 20 12 1 1 1 1 31 15 40 12 35 17 10 4 33 51 23 1 27 29 45 46 49 18 24 30 35 14 28 33 12 24 23 1 1 1 24 20 38 21 25 8 37 31 41 43 12 5 1 41 13 1 13 4 5 34 1 24 44 42 74 1 1 37 1 10 33 35 29 1 69 5 10 10 29 1 20 17 41 20 25 25 1 28 33 18 11 12 8 5 13 40 46 52 1 23 8 9 13 14 22 4 44 1 1 25 9 23 47 9 20 25 25 27 17 22 17 30 24 31 20 25 32 39 1 8 16 4 1 17 1 1 11 19 12 54 45 26 19 25 33 1 48
13 22 60 55 55 45 43 11 49 8 13 32 46 24 71 36 35 36 55 19 31 39 27 52 43 30 50 17 45 61 61 17 16 31 32 34 35 54 2 54 7 37 23 47 32 28 16 51 48 42 37 21 33 17 34 38 30 21 22 5 11 4 2 32 16 46 25 55 20 14 20 37 68 33 7 33 55 50 59 51 35 25 37 57 28 35 39 25 25 25 16 7 13 25 37 40 28 37 12 43 43 46 51 17 7 4 55 21 7 29 19 13 35 3 41 64 47 87 25 21 42 6 27 34 42 37 4 76 22 20 39 34 22 42 33 42 21 46 34 7 36 49 26 27 25 22 6 24 50 54 61 8 35 9 24 23 30 41 24 61 20 10 36 11 30 54 13 28 28 41 41 29 28 19 44 29 35 36 45 47 58 19 25 36 17 20 41 2 14 28 24 22 69 54 33 38 26 41 17 53
32 39 70 64 79 48 53 16 79 22 21 34 62 25 83 41 36 51 59 22 37 50 28 62 45 33 68 33 54 84 69 21 17 38 49 40 42 61 5 63 25 48 29 71 38 30 34 64 57 55 56 27 40 28 51 55 38 43 28 15 22 28 4 37 34 73 37 65 28 21 46 51 74 34 18 38 67 64 60 55 39 40 58 65 40 55 41 38 28 40 38 16 14 34 49 45 38 44 20 48 49 51 52 35 8 16 63 30 8 37 25 18 43 6 51 83 73 93 28 27 57 20 35 45 44 59 7 84 23 34 51 50 42 47 44 54 22 53 37 20 45 61 35 41 40 30 15 41 56 76 65 16 58 17 44 36 43 66 35 74 37 23 37 13 33 82 19 37 46 55 48 44 29 23 45 52 44 52 49 48 68 33 30 58 43 32 53 19 32 50 27 24 82 71 45 49 32 42 29 68

3 26 11 9 1 6 14 1 17 3 25 16 3 11 2 20 10 4 18 7 1 11 31 19 5 17 4 1 5 10 7 1 18 1 3 1 1 6 1 16 11 16 11 25 1 3 10 4 4 8 10 1 16 5 12 20 12 7 10 11 2 5 17 1 11 1 13 14 18 11 14 11 19 7 7 7 6 1 28 10 13 11 15 16 9 6 13 1 12 8 15 14 16 11 1 16 11 1 1 25 12 5 9 12 20 11 22 10 18 6 1 1 19 10 3 19 13 13 14 21 7 3 9 5 1 15 23 19 4 4 18 16 7 1 5 14 20 18 4 1 17 5 16 15 14 7 24 16 1 14 18 4 8 3 18 9 9 7 14 18 14 25 18 23 3 1 11 11 12 2 3 1 1 26 1 3 2 20 6 17 18 5 1 17 14 9 10 15 2 11 19 16 13 23 1 10 9 11 1 16
13 43 23 12 2 13 19 12 18 5 31 26 15 17 3 28 11 21 22 24 13 27 41 25 31 26 11 12 18 19 23 8 25 6 20 11 6 19 10 22 34 17 22 34 14 18 27 15 8 14 11 18 35 8 23 29 15 22 11 19 14 28 37 7 38 13 30 18 21 13 37 22 27 12 28 12 20 15 42 19 27 26 19 25 22 7 24 10 16 31 29 37 17 12 11 30 20 14 3 46 17 24 13 19 32 16 35 14 21 21 7 13 42 27 17 24 38 20 36 22 24 7 17 10 11 36 28 27 19 5 30 31 21 18 14 22 23 25 19 8 39 20 33 16 36 17 35 18 10 26 31 21 14 18 33 19 10 25 27 35 23 37 24 40 20 15 26 17 20 15 4 8 9 44 6 10 22 36 9 30 19 7 9 44 33 11 11 37 10 13 24 21 29 32 5 25 17 30 19 19

7415 13676 6556 12541 7314 8971 15526 7052 8864 7884 10241 5997 11399 12089 17434 7769 6903 7403 9652 11690 8404 9341 10861 8189 9338 6755 8866 1932 6053 5064 12698 12224 13391 7049 11190 9800 12843 11184 11660 12475 5445 9154 12150 13111 13939 11421 9660 11088 6727 5858 12495 8163 10900 13622 8639 11011 11847 13099 13367 11283 5948 11755 14046 6028 7773 7901 13056 7618 17209 12207 7371 10455 6878 12490 8070 8621 7429 14491 8205 7078 5162 2682 12156 16820 10234 8279 5857 5886 644 13145 12610 13988 8180 8995 8064 11074 13822 6415 6270 5166 7651 7892 18205 3812 6523 10935 10989 10272 6331 10015 10517 5348 6172 8251 7643 7362 3275 6777 10213 5528 5642 12354 8673 17773 5730 14640 5139 12087 12312 5342 11577 12160 1581 8881 12919 5297 17091 8794 12555 5656 11445 7606 6860 6144 10971 13391 10920 11950 18742 11887 4478 13178 567 7360 5903 8733 264 12853 8323 4423 15309 1246 8521 13157 8416 6951 10429 17324 6160 16383 5526 12506 7853 13811 1112 7822 14431 8259 14174 7654 628 17446 17782 7432 18708 12536 6940 8940 5522 11411 11215 7636 13572 17129 5266 8441 5753 11474 12659 8268
9012 17057 7216 13949 8702 10215 18647 8524 10112 8786 12122 6946 12816 14730 19796 9477 7723 8936 11314 14351 10104 11242 13429 9358 10879 8442 11049 2346 7459 5887 14973 14759 15179 8589 13238 10890 15342 12781 13991 15042 6439 10095 13687 14456 16117 12764 11503 12838 7675 6812 14844 9841 12490 15063 9900 13258 14301 15037 15934 14093 7044 13829 16258 7378 8768 9216 15319 8746 20990 14860 8445 11807 8117 15008 8916 9913 8549 17104 9277 8101 5823 3170 13408 19101 12151 9724 7317 6726 718 15391 14216 17149 9268 10146 9704 12970 15605 7858 6908 6294 8424 9046 20907 4217 7430 13030 13538 11794 7402 11404 12884 5988 7194 9162 9182 8453 3952 7994 11493 6426 6794 14182 10232 22006 6341 17485 5968 13380 14630 6651 12822 14254 1767 10900 14869 6395 20360 10616 13863 6589 14212 9151 8447 7229 12570 16616 12693 13898 22804 14157 5199 15289 660 8143 6814 10565 295 15040 10188 5377 18482 1417 9993 14773 10180 7962 12478 19568 7069 19924 6569 13988 9034 16372 1285 8837 17559 9370 15957 8563 753 20747 21165 8816 21508 14071 8263 11107 6347 13081 12789 8852 16868 19584 6189 9395 7010 14140 15364 9685
10745 18845 8646 15709 9948 11924 21883 9332 11628 10714 13801 8342 14122 16225 21574 11016 8595 9803 13619 16156 11403 13358 14824 10654 12140 9297 12814 2719 8167 6911 16524 17187 17118 9440 15515 12117 17598 15041 15734 17543 7529 11693 15332 17273 19151 14229 13625 14130 8674 7694 16934 11506 14945 18201 11999 15778 15510 17332 18945 16307 8219 16040 19037 8213 9766 10866 18218 9782 24324 17447 9340 13249 9395 16624 10237 11919 9450 20036 10172 9295 6553 3653 15881 22365 13954 11360 8658 7672 784 18040 16582 19811 10830 11624 10847 15427 17595 9085 7746 7517 9691 10911 25302 4959 8529 15057 16149 13104 8058 12754 14381 7230 8226 10362 10657 9763 4439 8777 12579 7142 8061 16714 11626 25739 7464 19195 6501 15857 16934 7405 14836 16762 2121 12878 17284 7353 22828 11611 15209 7289 15537 10669 9330 8578 15076 18788 14361 16826 26033 16232 6312 17756 735 9844 7522 11701 322 17700 11655 6318 20032 1603 11539 17832 11407 9090 14817 21404 8128 23502 7318 15477 9996 19387 1466 9727 19658 10272 18900 9469 863 24934 25562 10176 24518 16994 9836 12574 7450 14331 15347 9809 19229 23310 7461 11402 8033 15776 17008 11749

4929 8267 4960 10025 6233 6330 11537 5674 7810 6879 8883 4668 9345 10552 13772 6168 6080 6346 7479 8894 6042 5478 8707 6640 7445 4673 6059 1069 4810 3593 9129 8490 8572 5177 9741 8355 10286 6642 10382 9624 4680 8073 8608 11623 10930 7363 7462 9771 5149 5213 9455 5424 8545 9260 6953 7130 9903 10778 9821 9797 5131 8693 11911 5174 6945 6309 11601 5821 14983 9619 5996 7781 4420 10335 6810 6498 6087 11829 7043 5012 4602 2374 10178 14613 8100 6907 5066 4981 547 10574 9688 10823 6354 8056 5501 9730 11880 5239 5496 4378 6822 5953 16240 3330 5743 7749 9807 8862 4858 7559 7676 3293 4628 5938 4336 5590 2464 5754 7593 4240 4621 10088 7546 11425 3879 12157 4577 8524 9582 4154 6931 8359 1200 6023 8879 4438 14137 5060 7403 3382 7833 6582 3990 4707 6758 8205 9732 8326 12313 9844 3888 10078 497 6097 4649 6608 223 10898 7335 2705 10026 1059 6206 10234 6542 5083 8983 13991 5403 9267 4461 8573 5302 8634 756 6825 11873 7315 11560 6547 479 15165 14368 6245 13635 9529 5934 7941 4716 8854 8140 5799 10829 13546 4675 6650 3210 9616 9809 6803
4063 7343 3634 8108 4122 4986 8389 5211 4493 6513 7487 3633 8863 9620 13373 4170 5507 5424 6534 8655 5336 5405 8540 6062 6773 3776 6026 970 4398 2975 7531 7653 6760 4868 9182 5975 7025 6590 6081 8717 3965 5483 6611 9438 10722 6093 5754 7379 4114 4795 6570 5007 7351 7881 5525 6411 7409 8216 9517 5881 3432 8671 10757 3569 6910 4200 8614 5730 14256 8559 5104 6738 4225 8566 4054 5126 5189 7734 4699 4277 4556 2288 9341 9163 6790 4779 3727 4924 392 8418 9334 10205 4774 7766 5087 8521 10455 4183 4171 3451 3938 5202 14777 2901 5111 7580 9674 5191 4242 6409 6734 2711 3447 4206 3993 4044 2055 4233 6618 2951 3694 9006 4593 11093 3653 12005 4156 6560 7648 2742 6861 6515 859 4972 6817 4093 11402 5015 7271 3047 7654 4207 3981 3695 6755 7170 8479 6163 9730 8000 3131 6925 361 5929 4003 6080 191 9385 6029 2264 8807 878 4313 8149 6354 5022 8726 9281 5385 8416 3991 8205 4746 7351 703 5201 10908 4530 7956 4308 428 12061 9687 4986 10838 9215 5916 6000 3314 6916 7474 5782 6979 9882 4259 5775 2944 9534 8672 6105
