100 3 2
56 21 73 30 98 27 57 88 60 71 37 97 11 25 96 31 87 16 17 57 1 47 91 5 69 7 67 87 49 18 29 63 38 66 24 59 28 86 74 41 10 58 72 50 28 91 51 25 33 62 52 34 54 43 9 32 37 83 99 43 87 97 22 65 58 11 65 31 26 96 71 24 85 80 82 16 3 13 98 46 37 23 74 72 45 5 72 93 28 13 17 21 79 18 26 100 95 55 77 52

7 11 3 26 35 4 19 18 8 60 12 43 15 41 19 22 11 29 28 24 23 22 42 9 48 38 71 5 25 68 31 10 62 15 79 45 65 4 80 17 18 15 5 29 41 13 8 8 3 11 39 26 63 30 46 48 11 14 16 60 19 51 31 24 22 41 41 33 14 60 1 8 57 61 8 21 87 23 13 20 30 11 44 32 1 35 18 10 43 68 8 65 33 6 30 20 48 20 5 10
73 69 39 27 36 18 51 42 14 73 45 87 24 75 91 24 13 31 51 83 23 25 66 25 80 57 82 45 70 71 40 17 73 66 85 83 76 24 81 62 22 65 11 54 45 15 19 68 62 36 39 47 94 34 66 66 72 49 43 64 37 52 65 62 48 81 86 44 15 62 63 20 77 86 38 29 88 55 68 57 39 20 59 43 39 38 68 94 87 70 66 70 60 67 53 27 51 82 64 39
91 94 49 48 79 74 60 46 53 77 53 96 49 81 92 32 81 79 68 89 57 84 99 60 82 93 94 90 71 92 96 46 96 73 90 87 94 98 82 80 64 93 76 99 69 34 28 83 94 91 97 59 95 53 93 91 82 57 100 72 59 65 84 88 84 85 91 78 74 79 81 83 87 99 77 37 97 57 91 94 98 69 79 94 41 82 80 95 92 92 86 92 87 92 57 80 93 92 85 57

21 39 29 42 47 69 14 28 16 5 2 5 29 44 7 49 77 21 24 22 38 8 34 31 15 53 29 64 10 13 40 64 16 12 26 15 10 60 85 37 37 7 27 58 30 50 10 8 57 42 46 90 27 4 20 85 24 29 4 24 89 26 34 37 73 74 2 41 25 34 5 59 41 38 4 22 17 26 27 19 50 28 29 64 11 62 10 35 4 30 3 31 5 13 24 13 70 43 64 45
75 46 52 87 82 73 41 81 64 33 8 22 100 85 41 78 88 64 51 82 97 56 59 38 38 83 77 72 39 18 78 72 33 30 39 36 98 91 94 61 88 79 66 80 91 87 60 52 83 81 65 98 78 97 35 93 95 69 87 80 97 49 47 97 77 96 37 64 70 65 34 87 87 48 75 67 46 73 56 59 95 92 91 76 13 97 83 54 84 40 41 87 40 38 75 100 85 51 81 74

56 433 103 169 378 1374 130 658 529 205 370 253 1187 365 1173 768 882 414 148 122 1033 83 640 532 188 652 313 243 426 146 79 228 591 1010 380 76 111 588 1215 237 181 701 156 79 295 480 232 765 123 282 198 510 215 277 333 475 45 115 323 180 406 411 47 273 1101 35 66 878 116 219 1220 120 495 402 565 37 375 311 103 87 120 68 112 1334 232 760 195 153 56 372 61 100 168 359 403 137 357 648 1023 741
116 735 219 330 705 1378 234 836 1100 409 777 290 1498 582 1316 876 1723 1530 1052 265 1182 385 964 797 192 1231 478 341 776 417 442 994 675 1228 380 353 184 1596 1851 394 525 1328 191 193 326 1023 965 892 148 463 307 517 1249 343 739 693 1600 340 328 199 721 415 180 1057 1484 45 1036 1004 810 365 1532 370 1715 899 614 61 761 567 1132 370 690 657 379 1487 852 851 577 612 119 673 87 345 286 431 916 426 448 774 1116 1188
1564 1261 449 430 753 1495 242 1500 1378 563 873 321 1827 908 2030 876 1912 1834 1697 472 1532 562 1648 975 244 1712 583 1219 1914 509 481 1025 903 1475 1679 461 428 1698 1921 490 800 1615 245 495 743 1619 1293 1505 361 725 359 1195 2053 715 943 1358 1710 429 594 350 903 586 488 1961 1746 388 1687 1188 1810 409 1789 401 1832 1008 1437 93 941 1722 2038 511 1121 926 507 2026 1331 961 1381 724 256 1213 194 554 570 823 1892 453 1120 931 1924 1793

40 273 47 25 223 959 28 552 419 107 219 52 350 265 109 513 777 310 147 92 930 43 565 412 125 213 251 106 348 64 47 128 261 297 213 27 40 554 1179 211 74 362 100 54 155 327 97 668 93 230 96 63 127 215 193 31 35 88 316 128 372 248 33 126 1054 34 28 455 69 43 1121 99 460 332 459 34 233 184 96 35 87 67 66 1288 210 218 146 151 34 120 31 18 114 273 259 66 242 591 644 441
18 67 22 11 78 52 1 216 54 13 82 40 67 48 27 338 691 294 35 30 202 2 477 351 36 19 157 8 341 26 38 67 105 183 195 4 11 496 1045 178 35 255 62 25 3 264 83 376 68 204 5 33 71 148 45 2 14 26 293 114 121 191 2 48 712 15 8 17 30 10 573 60 403 11 23 32 228 127 95 5 6 31 17 610 104 144 111 132 9 52 26 3 6 96 204 1 231 262 384 421
