100 3 2
5 51 97 26 50 27 95 15 61 11 25 37 53 13 95 89 37 41 37 66 34 16 80 79 30 55 41 88 14 15 47 81 81 56 69 63 88 6 93 11 46 99 2 33 17 55 20 57 59 8 66 26 13 29 57 97 53 20 87 87 14 78 52 57 4 67 80 41 68 95 92 60 63 65 54 85 65 59 43 13 72 45 19 7 58 64 17 26 39 86 25 54 87 25 19 73 7 57 85 73

36 3 1 9 8 32 2 1 40 7 28 43 43 14 35 28 11 55 3 1 27 11 15 29 38 70 25 21 32 62 32 20 32 3 29 72 47 16 17 56 3 30 38 49 27 29 12 25 70 2 31 65 3 36 14 16 18 1 17 67 8 20 3 55 11 11 3 19 27 26 59 8 2 28 2 11 8 16 16 30 25 2 69 5 10 17 47 24 8 29 55 41 7 34 71 11 51 10 54 25
38 48 63 27 27 64 36 34 54 14 68 84 47 73 42 60 40 56 28 11 61 26 25 89 70 83 69 38 48 70 50 45 52 33 85 88 50 66 56 57 42 32 40 50 29 96 39 35 87 23 52 68 11 54 27 42 54 45 31 85 15 34 14 61 42 40 20 38 36 45 92 80 7 39 33 57 93 20 34 34 26 9 87 53 19 35 47 24 33 39 75 64 34 57 91 82 59 37 82 58
64 57 95 40 42 80 61 85 92 91 80 99 67 95 88 96 88 71 81 35 78 59 63 93 91 84 76 44 80 89 61 45 86 38 95 100 77 80 93 84 57 41 77 64 73 99 67 66 89 30 82 74 60 91 33 86 81 63 92 86 23 45 59 92 60 86 30 89 82 68 93 80 81 51 34 61 100 31 62 98 38 33 91 64 53 69 82 64 81 48 88 80 44 91 97 95 97 92 93 72

43 31 17 3 10 58 63 21 12 1 9 22 92 3 6 1 33 14 46 16 24 41 38 7 15 54 56 50 11 10 19 8 31 44 20 37 67 30 39 10 21 58 6 37 51 44 41 52 28 47 69 55 6 8 66 48 17 95 92 41 47 46 37 87 34 10 27 10 72 53 41 42 57 24 20 63 63 31 17 5 75 58 4 68 17 16 17 6 49 35 45 3 11 36 6 44 24 5 36 14
92 55 46 31 60 90 71 75 69 85 88 72 97 73 96 11 33 72 48 33 55 91 68 90 16 78 90 61 48 90 27 50 40 91 99 63 98 78 84 71 86 86 75 96 78 58 68 95 45 87 90 82 54 52 97 86 18 98 98 70 50 57 85 92 42 83 58 40 99 97 41 49 88 32 92 86 72 96 92 82 77 66 78 98 98 56 29 92 99 97 84 10 89 50 87 92 33 94 62 43

761 274 659 216 265 496 526 33 323 113 41 320 57 69 543 395 73 152 120 406 1280 608 247 241 552 815 251 719 81 292 66 464 814 571 1517 110 1598 239 515 47 240 190 296 624 90 250 1342 215 245 84 1053 100 370 669 289 133 164 240 1052 297 147 379 1056 646 245 837 294 61 168 953 171 184 382 117 186 170 109 391 439 250 204 92 431 498 158 388 113 80 387 104 234 772 105 135 46 335 444 303 452 398
1382 362 826 391 423 501 1091 856 419 238 193 363 830 349 882 410 373 324 413 425 1427 765 802 324 665 817 274 887 388 311 218 898 834 596 1528 337 1914 322 923 138 243 563 839 1342 309 1188 1486 337 863 432 1907 662 943 927 823 137 591 465 1596 850 283 1033 1084 785 1263 865 697 529 195 1018 313 524 585 131 826 362 423 490 620 742 235 125 489 514 740 573 423 645 825 165 686 1195 430 224 273 387 1684 1474 712 1205
1905 378 1005 522 1003 1013 2049 1094 762 664 518 445 879 404 1811 513 392 509 813 788 1634 1163 1004 382 823 1799 513 1046 403 438 1323 907 838 836 1684 596 2087 334 987 420 542 586 846 1834 448 1583 1742 549 921 472 2020 796 1859 1029 885 345 972 612 2064 1058 462 1077 1749 910 1318 935 895 1479 493 1461 467 671 983 273 1844 448 444 537 802 962 551 131 530 1670 843 1726 532 901 998 801 944 1603 483 437 490 409 1752 1809 787 2037

442 240 496 144 126 247 329 24 101 51 31 277 44 58 416 352 58 108 90 145 993 233 118 211 467 772 221 248 65 291 42 282 651 146 1063 88 838 129 93 14 105 112 158 372 75 80 1312 102 90 79 589 36 210 637 33 119 50 215 663 255 76 183 629 216 149 263 288 53 115 891 91 183 250 109 182 132 24 245 152 193 124 81 416 235 96 247 64 30 131 50 165 555 19 48 42 172 437 195 313 230
241 227 64 115 114 202 274 8 33 22 15 148 27 2 27 60 19 76 15 121 120 79 87 188 307 232 218 151 1 123 5 65 204 46 999 22 465 126 12 11 80 38 76 60 21 30 695 49 76 63 238 13 64 97 1 33 42 171 213 97 16 4 609 124 57 10 18 29 23 213 10 55 76 69 67 106 4 210 73 9 89 19 286 75 84 44 14 29 1 12 129 319 12 40 7 134 207 14 56 69
