100 3 2
73 47 67 66 40 79 76 64 24 47 62 49 49 68 63 71 14 90 57 56 76 33 43 58 52 65 46 93 75 81 69 89 7 70 37 84 70 11 31 78 28 21 99 29 98 87 78 90 11 32 53 57 41 55 53 18 26 39 51 69 97 14 32 33 54 2 43 56 80 47 61 20 50 81 52 44 84 66 76 7 11 16 98 52 51 46 8 93 53 9 41 92 86 48 56 15 40 35 87 42

25 17 5 2 38 7 54 77 58 4 9 6 2 32 56 43 1 13 26 19 15 11 14 14 5 27 70 4 45 5 15 1 10 15 45 10 32 16 4 3 53 20 17 76 11 35 31 9 25 15 19 54 66 5 27 44 16 2 10 46 77 11 23 59 27 59 8 9 5 14 30 17 34 17 19 37 14 42 2 50 35 3 28 65 15 10 31 3 6 29 6 12 16 2 40 49 20 56 7 42
62 30 8 40 58 56 55 86 79 29 36 42 20 64 70 64 5 43 41 20 48 18 72 33 46 31 86 4 65 18 67 11 29 44 64 24 38 32 35 6 59 40 30 92 81 66 57 15 53 17 42 57 89 30 62 92 18 58 35 63 80 14 34 89 42 64 59 64 52 31 49 26 57 55 33 84 57 49 22 88 93 12 47 70 44 70 61 76 88 69 17 62 30 54 72 79 34 69 34 42
66 53 41 61 67 78 87 88 92 33 36 73 61 74 97 94 84 77 90 39 95 51 83 35 58 84 92 26 66 21 97 59 58 52 72 26 53 47 92 88 86 78 80 98 81 91 96 93 72 68 67 66 95 46 78 96 83 98 52 74 93 99 43 93 52 88 59 80 74 36 60 94 68 72 58 89 66 56 59 89 95 29 66 89 63 79 73 99 100 69 76 96 98 69 79 100 92 83 54 69

59 28 47 86 23 15 4 60 17 15 90 1 56 15 37 44 57 56 3 52 19 55 92 17 57 18 6 55 28 1 44 3 36 43 28 32 34 26 85 66 8 46 20 82 19 75 2 60 21 31 81 45 50 48 48 3 39 23 60 61 39 50 30 80 59 84 21 56 57 44 23 34 24 16 61 1 65 4 17 3 75 17 14 3 37 2 28 5 21 44 4 33 36 33 60 3 11 56 17 5
75 90 54 91 67 35 23 69 82 31 99 72 62 25 54 56 70 64 57 70 37 87 96 99 60 71 6 96 99 12 56 73 43 59 98 49 93 82 99 81 26 48 68 87 58 85 85 86 28 74 99 70 65 68 97 41 84 52 74 69 91 57 90 98 73 96 50 75 70 74 87 64 100 79 91 94 84 35 91 91 92 43 30 53 76 7 50 14 92 97 95 99 37 58 71 97 14 73 98 100

461 336 250 390 568 275 209 159 85 108 319 199 609 439 351 101 15 133 124 133 185 71 365 432 86 226 1168 215 147 172 312 256 24 669 188 351 507 297 375 359 340 277 433 354 111 151 129 261 111 43 181 263 366 606 76 698 437 194 138 151 498 712 32 190 296 569 164 680 94 352 101 826 308 281 818 53 99 398 567 135 140 65 535 987 156 119 98 378 590 680 115 861 143 184 351 104 92 197 268 474
511 583 854 746 759 394 931 403 863 394 707 334 617 534 457 444 351 674 258 648 932 761 491 662 477 503 1413 279 261 367 351 319 104 989 501 414 756 417 500 1690 419 375 992 786 142 437 227 365 472 53 343 293 385 829 129 776 557 922 241 322 540 1057 351 524 302 644 182 1201 421 793 358 1077 466 281 886 314 460 811 1235 1016 205 258 969 1561 1590 194 408 885 724 991 209 924 300 202 373 228 154 398 356 1397
1037 762 1011 979 801 412 981 1121 937 516 916 473 651 546 486 506 438 1305 464 1621 1745 916 824 918 941 638 1733 370 553 458 395 440 421 1275 530 567 983 906 916 1849 459 1649 1024 1993 428 467 354 564 903 293 844 501 454 857 155 1707 624 1780 456 445 1058 1119 485 1443 554 652 413 1350 1063 878 446 1980 722 377 1094 395 1813 903 1719 1029 254 976 996 1713 1904 1919 893 1053 869 1291 417 1017 519 250 430 245 490 811 1908 1761

433 258 45 193 481 241 173 18 82 79 306 105 514 341 325 50 5 112 107 51 182 45 274 155 66 166 1109 81 142 84 160 255 15 26 185 257 294 75 278 219 288 175 239 258 75 142 93 210 94 8 50 50 218 434 20 669 419 146 84 125 471 410 23 154 175 455 109 525 13 177 89 635 94 146 641 48 75 377 483 121 62 49 465 562 139 90 95 141 547 452 70 593 110 168 342 92 39 125 181 84
366 116 30 61 359 197 31 6 45 61 98 80 34 188 241 35 3 51 65 9 32 33 129 70 14 98 981 45 5 17 5 174 14 10 154 30 253 67 75 100 1 4 191 96 26 16 90 61 16 4 29 22 94 26 5 175 269 54 70 34 440 297 8 16 149 240 55 513 3 16 49 255 4 95 603 39 42 27 248 68 10 24 364 507 4 7 40 85 228 274 41 207 10 111 106 77 15 77 16 30
