100 3 2
7 87 51 99 69 77 35 43 24 61 68 76 42 57 9 99 80 15 64 40 90 63 70 18 85 34 23 74 21 49 73 15 54 1 19 97 34 100 89 39 50 55 97 97 96 100 18 92 97 46 65 43 26 27 26 42 88 81 50 32 93 25 9 83 96 56 21 82 59 20 90 19 60 6 69 31 87 61 97 26 48 47 80 90 21 76 84 98 67 35 41 51 67 66 87 37 79 35 71 64

13 5 5 19 16 69 11 7 34 15 12 67 38 32 84 29 31 32 9 4 43 23 6 25 15 20 16 35 47 84 10 16 22 31 25 48 51 28 8 37 68 14 57 58 21 69 7 2 41 10 61 14 67 45 2 2 24 49 45 62 52 39 25 25 13 17 39 12 4 16 65 36 3 19 24 4 18 21 23 21 15 13 34 29 9 39 6 1 1 32 25 28 16 1 2 13 6 10 72 24
55 38 33 34 17 83 52 25 48 69 81 69 41 39 89 62 84 53 53 25 92 36 28 50 42 35 50 64 76 87 15 46 75 56 36 49 82 62 41 44 76 63 90 72 32 78 22 13 69 93 81 36 67 74 62 33 75 49 67 76 69 85 35 43 30 25 51 21 7 43 74 41 21 28 92 44 59 58 26 71 51 31 88 62 58 48 19 3 28 38 58 47 59 44 63 44 44 24 77 69
94 49 44 86 55 89 94 72 50 90 82 92 98 39 95 83 87 81 67 48 98 81 75 75 91 69 92 78 90 96 36 54 85 79 74 61 89 85 51 96 98 66 91 82 45 80 56 66 79 93 94 83 77 81 89 44 92 94 69 96 95 87 44 79 46 45 74 69 89 88 95 66 36 74 100 58 67 63 84 96 51 41 89 82 76 54 69 79 36 46 97 74 100 91 98 78 86 76 93 74

75 5 19 60 45 41 9 29 20 10 52 5 12 44 84 9 42 35 22 12 40 2 23 62 4 40 22 20 38 41 9 59 9 30 6 1 29 21 85 84 8 54 19 22 67 31 40 57 78 38 31 2 1 30 40 25 3 57 2 32 74 30 9 11 55 35 16 50 83 67 16 25 88 31 39 13 23 2 40 18 55 21 22 30 1 35 53 7 49 47 28 1 25 75 22 80 46 6 33 63
92 20 28 82 57 83 50 66 45 57 53 87 55 52 99 84 93 76 94 45 44 37 68 72 41 46 45 74 40 61 90 86 66 79 47 2 99 79 91 96 81 89 58 97 73 70 88 96 95 90 48 25 44 40 48 65 80 72 28 84 81 70 82 12 67 55 55 81 100 87 96 62 100 53 40 80 99 54 66 26 55 47 43 34 89 52 71 59 70 95 84 77 63 94 41 84 59 29 36 67

228 330 316 688 135 98 359 183 221 139 532 1315 551 464 260 851 1484 47 640 66 196 288 98 83 391 69 617 271 109 347 291 540 170 173 49 335 236 137 365 124 97 161 954 1092 287 181 147 601 118 166 1047 230 272 77 384 61 275 81 90 247 835 102 154 260 429 80 518 261 357 129 370 413 761 669 411 266 171 137 186 194 94 258 218 973 116 202 98 250 154 144 321 241 434 174 462 570 123 395 330 387
530 421 658 802 1093 435 1191 534 1585 602 757 1466 1051 517 369 853 2057 164 665 702 324 292 159 282 624 107 812 440 278 392 693 1251 556 258 524 612 461 376 397 441 248 278 979 1511 499 464 373 1028 209 332 1708 296 343 352 419 151 565 2055 322 293 1717 775 262 425 476 115 833 381 373 1034 454 635 1404 803 470 666 385 474 276 330 804 1139 237 1780 446 1559 188 276 263 771 994 309 634 295 702 978 255 525 466 1052
709 602 1066 965 1679 445 1636 758 1718 726 1226 1613 1054 530 922 986 2078 436 778 755 422 403 929 808 1034 331 1352 515 629 953 2016 1931 951 281 731 617 721 530 524 449 653 282 1652 1941 524 558 471 1610 378 433 1733 796 526 486 523 373 1005 2077 341 1031 2068 1006 436 532 519 515 847 472 513 1901 551 765 1787 1451 950 1189 510 486 392 624 1892 1294 527 1805 794 1843 238 386 977 1489 1021 483 859 555 756 1627 275 949 919 1500

72 110 303 331 107 75 239 47 141 101 443 805 417 449 166 803 927 11 564 51 174 54 96 48 347 57 464 55 95 225 254 287 99 137 24 210 190 78 358 15 24 56 594 1063 279 103 139 421 92 109 601 195 182 36 179 57 235 17 78 141 486 21 114 219 383 38 185 90 208 45 273 63 730 590 141 72 96 42 46 41 56 124 109 783 65 67 88 219 115 125 153 142 319 39 402 190 60 191 112 314
52 35 210 22 23 46 9 40 31 89 56 355 138 443 118 641 254 1 253 28 56 40 23 11 40 40 346 34 45 115 64 75 60 2 14 44 172 33 298 3 20 6 180 1034 236 38 56 182 47 7 288 182 179 6 159 9 157 13 74 87 213 7 22 195 347 4 28 30 31 23 18 53 616 58 136 10 26 6 6 12 8 89 29 353 42 56 6 149 76 76 1 9 2 15 181 18 48 17 67 247
