100 3 2
23 94 88 46 97 89 87 52 76 15 51 8 25 73 70 45 74 10 3 41 35 26 64 39 84 98 75 42 47 42 3 24 97 35 92 82 84 96 28 99 4 22 45 25 44 26 32 38 79 32 68 77 72 11 12 88 93 98 89 19 96 58 30 72 85 28 22 62 35 30 39 76 78 58 85 77 85 55 84 62 93 65 34 100 50 73 1 11 39 79 18 22 35 41 99 32 91 94 69 79

8 3 27 37 16 17 3 43 5 1 7 8 38 17 33 5 2 21 15 23 3 3 1 34 21 16 17 65 28 9 13 8 31 14 26 3 68 11 36 35 23 4 33 8 44 7 15 42 4 32 52 64 61 9 1 10 7 25 54 6 1 33 25 18 21 10 36 8 11 4 3 5 32 2 29 3 42 39 24 7 48 33 14 13 47 61 49 24 42 55 76 3 1 40 20 43 5 19 70 52
38 8 40 73 28 19 23 66 18 81 32 31 47 77 60 34 48 27 68 63 86 35 5 40 24 83 41 66 64 64 28 70 48 44 71 56 81 12 58 59 47 40 49 29 46 55 16 61 33 75 66 97 67 49 28 67 19 91 60 55 48 74 35 63 21 39 56 66 55 21 40 7 65 56 35 36 66 67 45 35 49 54 24 46 86 73 65 36 54 65 90 20 9 43 23 84 78 51 84 85
90 18 47 74 66 64 24 98 83 100 76 69 55 92 71 67 84 60 88 90 100 66 54 80 73 87 42 76 96 70 94 80 57 76 74 91 95 95 80 72 65 42 77 46 74 95 68 93 37 75 86 100 99 99 36 78 72 99 85 73 59 100 95 99 52 57 82 98 81 88 51 70 87 88 65 40 81 77 90 45 87 73 53 54 88 77 69 100 66 66 91 28 85 77 94 90 80 90 93 100

46 73 14 26 58 43 76 49 34 54 15 16 6 6 74 6 47 44 68 5 55 61 3 76 14 83 33 52 71 44 67 36 39 9 1 5 23 10 51 23 50 41 12 6 39 12 54 48 21 3 5 47 72 26 13 32 45 12 40 67 48 17 64 64 23 67 78 20 13 8 24 29 24 8 5 16 10 5 88 82 29 8 23 12 7 72 20 11 46 9 1 8 21 36 33 11 9 21 16 15
91 88 69 90 97 75 97 70 67 86 75 28 33 97 88 48 89 75 98 66 74 73 48 90 52 90 63 76 78 100 79 38 76 88 85 60 44 25 56 89 78 75 56 34 49 21 88 78 25 100 51 96 82 39 23 50 94 59 58 75 92 87 96 78 82 68 97 93 100 90 60 98 69 79 81 31 26 20 92 92 39 94 87 79 59 93 85 90 50 48 66 70 80 54 50 45 31 27 42 87

390 228 120 333 159 430 90 376 101 52 121 256 1686 317 107 122 397 345 210 131 307 182 1157 432 765 480 164 866 140 156 1432 29 157 97 730 477 156 430 293 164 10 91 737 297 898 305 170 257 145 185 280 400 264 580 1247 200 241 195 279 45 168 174 248 280 324 777 259 144 48 175 51 88 1107 155 383 97 368 73 317 173 345 1107 53 227 132 1313 80 125 104 125 121 152 59 74 105 127 183 1183 118 1189
799 371 856 369 709 512 395 580 105 97 131 287 1879 323 175 278 622 681 343 291 336 337 1381 474 854 1336 415 1037 456 289 1552 454 880 218 850 872 591 442 628 211 274 230 818 571 905 450 771 457 315 319 311 605 1248 1030 1578 390 445 1124 1515 157 515 311 260 293 799 849 273 266 1362 421 454 953 1907 246 476 1228 407 424 1057 205 1489 1269 326 1244 499 1948 265 651 498 1032 372 462 357 77 133 135 303 1267 664 1238
1971 513 942 430 1069 1028 470 1043 304 286 292 353 1964 510 429 626 727 856 1052 791 446 427 1917 1430 1063 1844 492 1427 478 486 1799 554 1355 446 993 877 1418 563 889 531 400 324 881 887 1005 570 1018 537 534 1829 955 795 1577 1355 1641 939 834 1434 1745 186 537 683 460 468 822 868 413 301 1909 429 484 1827 2020 263 502 1445 506 588 1629 429 1593 1815 609 1373 1272 1965 440 1045 535 1633 420 795 552 418 479 150 418 1750 1444 1537

188 217 77 161 116 100 73 375 87 28 91 237 938 197 37 115 18 327 47 109 192 132 801 97 428 249 143 539 118 107 1113 14 154 60 582 342 107 173 212 10 6 72 578 211 489 250 150 146 133 50 149 328 121 339 671 162 175 171 158 19 91 149 150 103 201 673 130 73 27 81 32 69 343 29 371 80 157 65 254 63 123 963 44 191 50 276 79 27 64 83 63 105 47 51 48 103 162 662 32 875
130 5 23 75 37 36 53 274 39 9 83 180 738 37 22 61 8 214 32 75 132 12 34 15 399 147 123 124 103 30 503 3 78 13 562 187 43 166 79 9 5 63 277 40 214 5 30 39 16 25 47 217 81 71 302 9 123 42 115 9 52 142 20 100 7 321 112 12 26 23 27 32 28 5 75 38 148 44 164 61 10 474 32 77 7 3 74 14 17 18 52 68 38 11 47 58 46 380 17 805
