100 3 2
76 30 90 41 92 27 95 56 26 66 46 82 64 84 88 57 14 33 6 34 63 20 19 31 64 52 4 61 88 67 75 93 20 85 95 8 67 90 68 41 68 97 73 64 44 21 11 42 82 91 15 54 42 92 25 79 94 4 20 97 81 45 20 10 97 27 22 74 89 48 13 91 95 98 49 9 8 14 15 38 19 91 97 87 2 22 35 70 1 9 78 32 100 84 16 13 6 90 80 36

23 52 49 10 13 20 1 3 28 41 24 17 41 25 39 2 20 28 6 13 31 3 10 38 52 7 39 27 19 46 55 10 29 9 13 18 20 23 44 18 21 2 58 23 21 4 10 27 12 23 23 26 11 5 11 64 37 25 13 39 12 78 48 18 43 24 61 23 3 16 17 79 47 36 1 19 46 6 29 56 7 30 4 18 3 39 19 37 51 40 12 26 65 30 29 49 9 49 30 17
85 62 57 39 47 46 8 39 47 56 50 37 63 88 48 10 51 87 16 54 35 40 56 47 66 54 64 64 27 48 79 32 42 23 62 25 28 34 57 49 24 2 75 38 35 16 16 34 25 37 40 30 54 16 73 72 40 79 17 67 34 91 60 25 81 48 68 31 94 36 50 90 55 65 69 88 53 20 31 60 69 60 32 31 71 48 69 60 62 60 30 40 65 55 89 62 77 55 50 25
99 87 100 51 63 77 76 89 90 94 58 89 80 100 52 31 66 90 83 62 37 59 72 87 72 60 95 82 76 100 94 35 64 43 84 78 69 89 79 100 85 38 79 60 60 21 93 99 39 47 84 76 100 72 92 72 52 79 72 85 85 96 95 49 94 84 84 56 99 76 73 90 69 81 80 95 69 91 96 93 99 70 70 89 86 73 89 76 72 64 70 45 80 70 91 67 88 63 57 38

69 46 19 14 5 90 14 33 1 20 1 36 15 76 47 23 79 35 81 1 18 15 69 9 27 12 7 49 87 89 61 13 26 46 4 14 6 3 58 27 17 56 11 18 14 34 66 47 31 44 63 79 73 59 53 67 7 89 5 28 11 4 45 24 19 29 21 83 32 78 19 5 58 41 11 69 30 18 29 5 56 66 6 10 39 46 51 85 40 35 28 7 39 4 3 17 6 5 52 24
97 91 59 90 55 98 22 49 52 68 73 79 25 98 98 98 97 69 92 78 70 23 86 33 61 82 10 88 98 93 96 30 87 57 91 97 30 43 69 55 41 86 43 58 83 81 82 82 81 53 100 88 88 77 98 82 12 99 60 79 62 41 75 42 24 80 22 84 41 83 63 81 71 69 81 96 93 91 92 83 86 77 78 37 48 49 93 99 93 64 78 100 78 91 89 69 62 58 87 80

451 41 257 116 295 29 951 275 155 216 488 299 94 136 1245 706 42 1188 549 294 231 27 926 123 511 152 1024 288 913 399 118 1191 26 643 242 142 392 181 110 150 190 574 1043 606 58 59 43 156 83 716 77 225 499 388 161 83 243 15 108 347 302 239 324 340 1013 114 93 479 1676 124 259 744 184 292 280 39 328 182 198 175 127 507 883 170 410 135 273 144 215 14 477 223 112 245 33 759 441 249 871 612
605 207 1431 396 368 441 952 308 194 410 935 375 525 136 1303 806 67 1253 851 701 245 171 1138 342 761 707 1435 309 1272 503 361 1749 507 1150 402 354 439 346 429 223 201 1394 1663 831 249 526 116 211 330 1400 81 271 520 982 865 130 681 1144 184 368 1790 243 346 573 1131 204 1257 1684 1709 299 800 1038 215 305 299 97 338 368 244 486 386 664 1020 602 732 144 650 606 369 435 610 375 455 398 149 772 516 395 1339 1472
649 303 1899 925 471 1022 1090 433 469 447 1433 546 1016 559 1673 836 329 1477 955 1361 442 396 1653 519 1633 802 1647 519 2014 943 1814 1916 996 1779 497 465 592 456 1970 277 556 1924 2051 918 310 772 468 483 552 1946 276 409 536 1122 921 471 945 1353 189 380 1985 331 423 764 1486 491 1471 1909 1723 454 809 1173 394 534 360 800 503 1765 512 931 394 985 1040 1058 870 455 737 906 464 1399 773 518 462 512 212 772 632 635 1803 2023

78 31 157 51 90 28 422 102 76 178 288 146 85 48 1063 116 12 1179 454 152 220 26 215 97 476 86 581 245 385 372 97 761 15 125 160 130 382 176 109 139 75 408 383 561 57 54 29 76 70 248 71 199 307 224 131 14 216 6 98 273 119 166 137 338 912 78 46 201 1049 117 258 446 148 268 232 30 303 132 142 167 68 393 620 153 384 123 35 130 163 8 295 97 99 236 16 678 101 104 570 198
52 16 146 17 39 5 408 31 46 24 121 19 45 45 992 70 4 1128 203 143 183 6 17 85 198 43 268 92 78 294 33 122 4 96 33 125 254 85 65 112 26 42 376 466 8 38 23 54 34 29 62 82 169 116 74 8 169 1 5 208 26 73 74 58 95 35 30 49 548 49 111 402 140 98 20 15 168 99 121 119 24 352 603 142 375 92 33 63 12 4 214 79 77 41 9 22 46 34 367 103
