100 3 2
7 1 2 33 22 39 70 68 93 71 7 12 81 44 62 22 22 51 80 5 88 35 28 6 39 54 91 4 7 18 77 94 35 96 89 40 51 90 20 40 51 11 33 43 92 28 56 41 45 93 96 13 33 63 76 97 57 90 98 9 30 71 82 95 7 25 28 40 14 73 99 97 45 84 70 67 89 49 62 43 63 42 68 43 29 21 83 60 43 65 15 74 10 93 80 52 20 42 43 86

34 1 62 28 27 37 9 11 26 5 58 2 4 1 16 21 47 33 15 11 8 3 40 13 7 64 20 6 12 45 28 18 61 25 45 24 11 6 10 14 5 63 20 28 10 30 9 49 6 9 7 22 43 53 31 15 19 21 51 46 73 26 8 5 10 45 12 16 17 3 3 17 4 34 16 7 26 19 9 58 12 6 14 13 3 1 57 20 1 8 14 21 64 2 57 1 33 52 70 4
71 50 68 33 40 51 61 78 62 27 74 87 80 5 65 33 68 65 88 46 23 48 51 25 47 86 67 54 65 57 51 56 66 29 58 28 30 6 50 81 16 66 49 32 44 31 78 62 10 74 12 57 83 72 50 31 40 28 67 55 80 64 11 30 37 48 65 37 20 50 72 28 44 38 74 27 37 39 17 79 43 17 59 29 37 36 66 38 85 38 18 71 82 60 74 30 54 64 75 57
100 64 78 95 65 71 88 93 69 35 97 93 92 31 88 93 82 67 99 91 77 81 76 84 84 97 87 72 68 68 66 69 97 84 64 28 80 85 61 86 74 67 93 51 58 93 100 70 97 88 49 88 95 98 93 94 82 34 85 99 91 86 22 50 70 65 100 51 36 96 79 33 84 68 75 99 76 83 26 90 97 71 83 63 68 89 71 58 94 70 34 96 94 73 91 79 67 97 79 62

19 24 59 17 3 24 32 51 22 11 59 52 58 61 16 57 16 57 93 37 3 37 45 19 60 60 23 13 66 4 17 46 7 12 20 43 66 40 17 38 27 30 81 20 66 20 62 17 18 30 46 15 73 11 14 8 15 48 22 48 61 42 25 50 57 74 87 85 12 18 35 39 7 68 24 83 22 10 34 35 52 81 22 5 22 15 62 20 9 64 95 35 32 51 35 22 65 25 83 37
37 100 89 27 70 30 33 69 82 64 97 75 95 99 25 92 60 70 94 97 86 63 93 67 95 99 39 23 68 8 77 76 57 79 78 72 96 99 93 57 100 54 81 20 95 34 88 31 23 79 72 45 85 49 51 8 49 93 92 90 98 67 97 82 70 86 97 90 98 93 90 65 52 89 45 88 56 55 60 60 94 90 99 43 89 77 94 65 40 74 99 47 54 60 80 59 97 78 84 50

594 210 410 1071 854 1298 626 139 245 389 316 254 291 403 664 1020 123 596 294 80 268 371 54 236 153 762 265 175 144 50 227 159 581 877 405 96 191 1415 512 45 195 35 90 1231 607 169 796 450 142 644 144 64 589 489 187 267 89 114 212 822 258 332 229 155 69 491 417 1113 274 315 492 889 309 716 245 255 883 160 493 379 202 436 177 44 458 49 334 308 350 1304 592 380 563 377 1177 153 26 176 218 369
717 317 439 1317 927 1746 774 445 399 568 584 412 1218 484 694 1377 1019 710 472 192 586 993 166 1333 387 1294 414 239 360 141 227 283 976 999 449 299 1391 1907 1391 482 271 41 144 1305 1690 323 842 1309 542 877 441 270 1635 1005 456 893 178 487 253 918 909 615 357 380 85 512 914 1447 299 341 1643 1633 421 763 515 305 1617 829 522 484 740 705 374 202 1672 64 417 493 640 1407 780 798 1595 531 1344 444 97 345 346 889
916 387 784 1667 1440 1969 905 762 1007 856 877 451 1804 733 823 1958 1806 848 556 822 758 1566 958 1931 400 1880 755 286 890 325 230 450 1486 1056 1680 455 1772 1953 1593 494 473 1129 228 1745 1991 443 884 2000 790 914 485 462 1962 1704 769 1763 284 965 262 982 1019 700 511 391 247 572 1728 1798 388 508 2017 1795 670 1069 549 366 1851 1747 536 702 927 799 1000 524 1908 342 930 995 1712 1563 991 889 1955 570 1840 1467 297 455 573 938

450 106 367 294 168 1107 421 131 222 28 150 107 208 240 332 870 30 194 151 69 142 208 19 82 107 196 134 102 121 12 112 149 151 712 313 61 48 1266 160 22 41 15 33 678 252 142 609 335 110 369 63 35 465 260 88 132 11 52 174 588 154 329 179 114 48 412 349 697 91 304 419 685 185 670 211 224 562 121 339 343 156 431 176 23 221 42 86 251 330 604 268 214 478 302 697 140 24 151 216 154
200 74 190 51 50 83 80 115 16 8 144 67 101 32 281 297 15 90 132 12 84 198 7 37 101 145 74 1 3 8 90 37 76 24 46 12 25 1 21 17 22 1 12 81 155 20 525 273 77 99 55 26 354 155 43 71 4 48 79 484 7 212 41 111 7 1 195 606 61 191 65 504 99 51 142 148 121 11 185 321 60 261 84 20 147 28 70 6 322 453 257 45 432 171 488 17 20 107 25 91
