100 3 2
76 31 80 34 98 65 73 59 11 16 56 43 7 25 79 3 99 86 88 74 46 7 13 16 32 77 54 82 54 98 54 95 86 79 27 94 56 66 16 28 68 78 10 74 50 29 15 76 99 54 38 29 32 22 42 76 86 4 14 24 78 82 64 28 22 71 37 50 32 35 59 8 25 88 43 66 84 46 34 2 87 100 7 91 90 9 12 35 74 3 28 75 14 10 98 3 18 24 68 6

8 29 56 52 65 49 8 9 7 10 6 4 61 1 21 14 53 29 37 26 3 29 1 21 11 2 10 31 47 66 13 1 7 7 23 2 25 59 49 93 36 43 29 10 46 38 25 73 38 52 21 44 62 59 2 29 13 22 53 28 13 11 60 20 11 25 45 83 78 8 45 2 57 20 57 37 29 40 11 47 12 19 2 52 32 37 27 47 2 20 9 19 8 14 44 5 12 64 24 8
39 65 63 62 70 76 19 53 50 19 36 30 62 2 28 16 69 48 39 79 90 58 6 32 25 33 21 75 70 71 58 38 44 11 66 39 82 64 77 97 57 83 63 20 50 44 31 76 45 69 48 68 74 64 7 30 31 74 66 36 30 38 92 33 27 46 47 92 80 50 47 31 75 35 63 39 48 58 45 58 38 29 51 63 75 38 40 79 45 29 22 37 35 34 73 21 20 83 25 22
52 89 70 80 76 88 77 71 55 67 79 75 69 99 77 46 95 79 77 88 92 60 8 62 56 47 75 77 84 82 60 48 62 63 79 41 99 78 96 100 64 85 91 31 94 88 87 77 89 93 59 71 78 96 70 52 80 78 73 96 98 72 97 45 61 50 82 94 82 72 65 80 96 89 76 44 88 81 84 59 65 95 94 76 83 61 42 80 47 77 96 88 54 40 94 23 36 92 68 60

33 72 6 16 22 61 81 13 44 62 4 52 38 47 75 6 14 16 18 22 20 56 4 27 7 87 49 16 3 39 7 4 60 25 3 33 25 18 29 68 9 41 52 34 16 57 72 14 17 19 29 52 24 55 41 14 60 52 5 31 97 57 22 41 47 47 33 37 28 2 17 17 71 4 57 17 11 19 63 58 51 34 38 21 39 64 80 70 59 29 15 70 96 52 31 11 36 70 1 26
100 80 99 71 55 93 88 65 96 69 69 74 47 98 93 74 60 17 92 100 39 66 33 68 44 98 77 84 45 58 38 97 85 81 44 42 87 24 54 82 74 99 84 73 50 98 91 59 34 79 43 55 38 90 99 54 74 72 78 43 100 78 95 90 56 86 61 56 71 39 48 89 84 50 67 31 46 100 68 66 100 86 92 83 51 79 94 86 80 62 100 99 97 92 31 65 41 79 3 59

460 46 222 141 209 66 650 237 167 144 264 772 1366 118 181 174 195 1095 1423 342 414 1150 240 314 184 151 182 702 60 139 399 353 204 346 226 244 178 594 35 186 988 426 576 103 53 77 53 1145 585 56 210 42 360 62 224 183 383 23 19 887 356 592 366 143 614 1086 74 63 232 184 235 762 125 95 488 426 215 234 309 476 153 451 208 117 232 1438 709 346 414 542 366 653 1203 128 386 139 125 138 156 138
888 1323 311 379 384 453 880 241 229 240 580 869 1465 716 224 246 296 1139 1661 371 961 1774 1223 1720 219 335 443 877 323 168 411 444 281 388 1282 383 178 880 255 511 1343 834 1601 360 691 189 768 1726 1023 62 257 159 491 304 535 386 500 32 428 927 463 1046 662 383 920 1212 288 252 379 415 310 840 390 163 552 702 442 359 1379 1403 181 835 1627 1601 502 1754 1777 512 643 632 1432 832 1335 825 1284 217 219 148 335 446
1248 1549 540 438 486 863 882 323 590 415 983 896 1640 841 388 569 405 2073 1921 516 1173 1809 1745 1890 852 446 457 1014 1035 289 918 499 575 579 1468 508 247 1702 1379 870 1409 1065 1942 369 829 389 964 1864 1490 121 383 739 531 954 683 440 1621 495 481 954 751 1766 940 814 923 1220 327 433 651 473 452 902 755 223 1694 726 546 1638 1819 1725 259 1450 1660 2039 511 1981 2001 534 822 722 1496 997 1574 939 1748 385 322 385 1867 535

198 32 42 46 189 55 191 213 152 134 163 669 1087 76 152 157 148 413 816 135 214 854 236 103 111 116 179 335 16 122 359 226 172 284 154 208 72 530 15 134 537 327 304 94 33 66 29 952 427 34 132 32 305 30 216 79 218 13 16 700 326 255 165 123 355 854 72 59 173 105 75 626 108 87 468 218 73 214 69 284 103 288 36 93 171 1348 608 302 391 335 164 274 835 67 106 71 107 103 49 114
156 13 34 26 23 35 76 210 89 60 17 94 681 55 19 9 75 175 720 89 195 361 207 36 108 4 23 255 11 19 89 178 86 173 137 165 53 220 6 112 224 270 147 44 12 15 28 896 403 19 9 30 151 22 40 54 174 4 12 4 308 133 74 5 306 849 61 50 111 87 6 557 93 9 215 170 24 38 8 174 31 189 32 24 143 1273 557 278 58 83 5 109 809 2 12 3 73 84 28 98
