100 3 2
32 36 76 61 82 42 20 58 86 32 40 5 90 20 97 38 29 68 80 63 6 75 84 9 29 53 42 57 17 35 11 32 53 50 82 28 84 47 41 28 72 43 61 42 38 62 79 19 55 29 39 29 55 53 33 33 51 65 8 78 98 43 75 63 19 90 22 97 34 35 58 62 72 22 91 54 74 3 28 78 52 29 97 1 5 79 55 94 39 43 92 89 67 89 47 49 2 56 89 91

22 1 13 6 15 29 49 23 65 10 21 9 14 7 2 8 51 38 23 24 8 57 19 18 7 12 3 6 14 3 14 27 27 1 3 50 30 51 30 22 15 10 34 14 18 69 1 24 10 17 43 4 38 37 53 38 11 20 77 4 74 21 64 9 71 46 4 14 14 39 28 76 22 51 37 16 23 45 33 8 6 5 10 1 4 32 19 35 11 62 34 21 15 46 1 37 60 5 10 2
44 8 73 19 16 91 82 27 67 66 56 25 15 30 67 32 51 38 30 29 33 77 32 20 74 50 56 57 32 24 17 54 44 93 38 56 59 59 69 31 60 40 55 14 24 84 42 47 70 81 78 85 41 43 56 46 81 48 89 30 85 64 77 27 80 50 5 40 40 52 56 84 34 62 60 18 49 55 41 13 92 18 23 34 26 88 61 72 16 77 96 26 62 80 72 49 84 41 92 51
78 20 75 56 81 100 88 29 90 94 70 38 22 42 76 33 77 57 93 34 35 80 60 95 90 57 90 99 54 49 41 73 75 96 48 93 86 79 100 48 79 78 78 86 58 87 74 79 73 97 95 92 72 74 63 68 94 56 98 38 95 75 83 82 90 62 54 88 84 59 66 97 70 62 82 25 63 73 87 21 98 59 71 99 33 91 75 83 62 95 98 85 88 83 75 62 90 42 96 53

45 12 33 2 43 5 67 1 78 28 5 25 59 52 3 16 62 33 10 9 39 2 82 9 14 36 2 37 44 59 8 25 38 8 42 2 13 7 52 1 31 15 59 11 2 10 12 22 22 35 3 35 11 52 39 63 11 46 12 31 37 43 81 10 59 80 11 36 7 73 77 34 12 93 1 47 15 32 51 12 10 31 38 57 41 32 10 84 79 54 68 35 12 95 47 24 8 28 54 9
75 34 35 74 50 73 98 28 98 75 48 35 98 86 26 35 64 87 31 91 61 100 97 74 66 97 55 80 76 84 26 58 66 69 73 61 77 68 92 72 44 19 85 27 52 64 63 41 52 76 52 72 39 89 96 82 83 84 30 80 59 87 90 51 99 88 92 48 33 93 96 87 53 94 16 65 50 61 72 34 66 64 40 81 73 68 58 85 81 93 94 100 82 97 58 90 39 92 84 73

727 640 182 691 549 823 626 104 503 189 170 264 97 156 126 174 272 850 315 148 356 158 360 142 113 91 274 183 54 793 279 323 741 721 89 130 162 585 150 196 185 46 201 299 92 79 85 113 437 55 54 100 983 60 1069 106 91 258 359 369 356 126 269 84 329 191 349 313 248 154 707 182 250 40 625 134 92 11 296 1008 61 224 314 34 153 93 351 193 647 399 773 318 328 626 111 227 84 334 230 675
1668 1602 189 927 916 842 693 408 595 802 185 363 216 499 368 391 426 915 471 364 522 496 577 161 186 481 480 416 223 855 867 339 862 789 268 291 307 589 190 301 350 245 403 526 438 98 353 827 763 138 252 134 1463 199 1137 987 387 772 495 626 501 557 353 362 787 546 483 378 400 180 712 439 526 425 917 230 718 239 394 1280 224 324 344 89 189 307 406 211 747 748 908 1664 440 1564 781 421 188 344 432 979
1783 1802 332 1163 991 1609 1903 1054 1659 859 538 391 335 716 502 414 435 1553 543 808 718 538 601 435 324 912 509 712 1719 951 972 352 1455 1444 517 416 1791 796 225 503 565 746 530 536 2000 895 519 867 1049 208 521 797 1818 532 1261 1127 443 1180 1157 1016 514 2010 360 881 1464 546 486 419 473 817 923 495 851 516 1076 460 1954 783 803 1420 323 1080 849 405 222 333 446 276 917 935 959 1835 1054 1828 866 1323 277 637 843 993

558 196 168 651 382 798 402 22 229 140 137 171 24 101 69 93 190 220 262 106 56 71 111 118 54 80 82 146 38 181 74 270 543 539 17 32 117 425 120 119 158 44 42 194 45 17 74 92 362 34 50 88 278 48 745 86 77 239 240 256 229 42 251 13 301 50 272 112 165 75 549 180 98 27 463 60 56 9 102 677 59 214 251 15 134 75 324 35 313 234 689 159 150 350 61 98 45 332 217 464
151 153 163 109 78 275 95 13 162 130 84 168 4 18 48 4 11 94 16 92 31 35 63 30 30 32 30 46 12 71 41 186 375 252 15 4 52 145 95 104 105 2 16 36 13 15 52 20 277 32 19 34 112 19 45 35 47 129 40 188 50 5 130 7 210 24 252 79 41 60 231 9 62 18 175 25 32 3 65 337 56 49 36 2 125 27 252 31 145 75 107 76 138 200 43 50 31 90 98 299
