100 3 2
3 9 90 29 87 92 91 30 95 73 64 4 70 38 37 95 94 95 53 60 59 19 76 4 1 39 58 60 48 26 90 34 51 34 95 96 87 29 99 89 20 81 2 99 41 31 19 70 83 36 9 7 39 67 65 74 36 21 6 78 45 39 88 68 44 54 4 2 95 97 16 88 36 33 81 88 69 80 93 80 66 98 29 43 63 71 87 79 61 95 53 46 68 39 51 68 1 60 55 100

13 69 35 45 45 29 34 36 25 9 21 5 42 14 25 36 44 6 7 28 46 11 15 3 76 54 3 7 10 58 17 12 18 5 10 44 62 34 15 2 47 10 1 23 22 1 21 22 5 62 56 32 25 3 42 23 12 63 32 17 19 23 60 11 42 46 49 31 53 46 3 15 6 19 56 31 19 38 6 33 5 47 42 5 13 4 3 16 42 26 13 40 33 15 4 1 19 18 14 46
33 80 86 50 78 37 86 76 92 31 37 39 57 70 30 68 84 21 39 49 67 41 42 22 85 60 60 74 73 83 25 35 20 13 18 64 83 56 71 66 58 67 95 40 35 68 37 23 18 83 75 49 32 32 66 28 38 79 53 33 42 52 81 29 45 77 74 33 67 51 23 29 12 21 62 37 21 81 10 86 54 72 84 37 81 9 11 18 80 48 44 80 68 28 43 36 70 22 21 59
55 94 86 69 82 40 89 92 100 89 45 60 83 85 75 84 84 68 87 83 80 76 70 46 87 82 96 90 84 97 81 78 23 19 98 87 84 94 85 70 85 89 97 54 85 80 89 95 44 86 94 54 40 32 93 47 90 95 69 75 46 81 89 47 88 91 99 100 82 57 47 80 63 73 90 47 21 86 59 93 96 91 93 70 90 63 14 35 100 61 51 98 72 72 79 72 75 60 22 84

45 29 34 30 6 19 40 29 18 51 25 53 1 86 2 15 22 21 2 30 35 78 64 7 20 36 4 84 11 6 51 7 54 65 5 71 22 75 68 59 57 49 68 50 6 18 22 62 3 74 66 39 57 51 39 6 12 46 14 10 97 29 22 3 75 35 91 4 10 64 26 6 48 4 2 2 87 79 4 92 27 66 7 57 46 2 20 18 18 4 88 64 49 52 52 27 11 7 64 44
77 50 100 98 21 25 57 40 23 58 40 69 56 92 93 74 56 56 73 30 76 98 68 80 81 61 97 89 29 80 81 77 68 67 29 94 80 82 86 68 96 68 93 70 48 87 24 72 62 85 84 100 64 82 68 55 56 75 21 29 99 67 41 88 98 83 95 28 76 93 62 16 82 30 57 10 100 97 32 98 88 75 9 87 82 17 86 68 19 61 95 77 68 61 78 34 50 49 67 80

4 54 799 117 212 177 301 279 370 135 65 174 325 428 40 361 305 127 203 321 247 558 319 485 73 227 255 345 73 530 756 190 208 245 538 399 701 72 424 738 812 1215 601 479 124 61 274 233 416 496 172 303 416 203 258 438 40 189 78 492 255 140 308 711 291 151 283 261 406 533 94 769 887 1461 254 137 358 112 317 211 546 375 446 231 529 1565 776 383 651 216 650 404 129 1144 566 203 27 84 236 738
118 90 1145 383 392 666 301 397 380 241 564 583 508 514 318 551 499 1725 418 515 1134 738 513 1009 253 599 302 488 537 550 1558 205 1783 811 618 769 742 227 442 1556 1260 1340 819 811 189 76 287 320 1265 1166 423 339 618 701 500 748 59 272 137 1035 1306 281 388 1044 879 214 286 384 761 728 139 774 966 1703 599 207 367 226 326 422 558 395 1398 342 605 1579 1230 915 676 301 968 621 162 1265 1341 245 75 275 289 1666
858 665 1570 794 767 986 330 527 399 469 900 965 517 539 525 1011 699 2049 477 542 1899 807 619 1278 273 635 334 529 811 568 1843 309 1986 1480 660 1964 804 287 564 1567 1846 2028 858 930 352 272 490 388 1566 1906 440 1442 981 861 800 809 218 359 351 1446 1712 368 858 1997 901 267 310 394 794 1084 298 1074 997 1857 1739 545 1554 426 411 437 1795 577 1700 506 618 1812 2078 1042 680 304 1022 1678 238 2031 1844 455 111 282 405 1700

2 22 568 34 191 100 220 233 270 132 27 159 312 156 39 126 284 109 26 264 164 262 288 204 22 161 150 191 44 161 381 159 144 231 191 293 434 40 245 633 361 733 32 210 101 26 85 157 111 344 166 180 153 109 193 404 18 170 15 478 248 82 285 174 251 94 230 87 375 468 44 745 240 1092 177 31 288 38 288 166 381 150 248 172 118 846 402 366 602 206 435 134 47 379 200 135 12 81 154 211
1 11 558 22 164 56 69 186 29 13 23 2 111 104 25 118 162 106 25 202 99 8 79 43 18 157 117 37 21 160 55 19 114 107 64 67 194 33 226 175 108 349 3 157 66 10 32 53 18 160 97 110 98 43 149 112 6 153 7 447 147 8 25 144 162 84 227 27 349 378 41 335 194 782 68 5 59 36 143 83 41 93 17 31 109 144 61 117 511 102 375 110 18 166 140 61 5 17 107 156
