100 3 2
29 13 9 69 29 10 87 5 35 70 5 86 81 11 35 79 80 94 81 56 85 10 85 85 80 78 83 28 29 8 56 68 8 56 24 85 80 22 74 90 86 94 27 18 92 75 29 27 66 50 15 16 27 34 10 92 38 75 39 59 31 25 72 13 83 23 17 22 100 31 63 29 9 58 60 54 54 79 23 52 44 53 97 23 60 93 75 11 46 70 21 34 72 90 92 52 97 4 60 7

56 9 36 40 43 9 51 4 5 60 27 38 8 23 10 47 55 10 37 28 9 30 2 32 11 30 36 15 4 16 7 10 9 53 38 38 28 67 36 18 24 4 34 31 10 16 9 11 12 9 71 36 47 18 30 41 35 36 6 12 74 9 51 47 55 23 46 5 27 25 30 26 5 20 71 24 3 34 33 26 16 10 11 7 6 7 9 50 14 4 31 13 19 30 34 10 52 25 2 37
73 21 83 44 47 42 62 7 33 75 47 72 81 47 44 87 57 28 63 80 61 63 38 39 20 87 49 51 27 31 64 18 38 77 59 57 44 72 83 56 79 7 35 50 52 51 33 11 24 28 98 50 48 35 94 53 63 53 13 56 80 42 55 67 64 55 73 37 28 38 77 66 19 74 90 47 58 62 85 58 27 19 56 67 23 73 69 51 38 15 51 38 50 43 64 34 60 28 53 46
80 28 84 78 85 81 70 24 53 85 97 91 83 79 53 98 61 69 92 97 84 97 88 84 64 90 87 86 84 64 84 64 98 79 100 57 85 87 92 78 87 77 80 92 72 66 34 96 95 78 99 66 92 78 96 57 80 81 36 100 85 68 64 69 95 59 99 52 58 99 97 68 22 81 97 63 83 64 89 84 82 24 82 67 64 87 72 62 82 56 83 64 58 49 85 80 89 60 82 81

39 6 2 45 12 33 11 1 55 84 41 48 27 34 86 61 11 29 27 23 53 6 7 29 6 17 52 43 57 40 52 36 63 61 24 45 36 60 33 23 27 54 18 21 14 19 5 5 8 64 67 78 79 45 38 10 10 28 3 4 36 4 27 5 76 73 26 24 35 43 22 44 29 56 21 3 77 47 66 19 24 47 74 28 71 46 27 15 37 78 6 69 22 22 21 20 57 77 32 27
42 48 11 99 94 58 77 91 62 100 100 64 78 93 99 98 89 37 32 60 93 75 33 85 11 61 98 76 91 62 72 92 96 88 79 75 45 89 33 74 64 62 78 99 83 55 7 86 61 76 96 100 83 92 86 36 42 96 11 40 84 88 100 33 84 93 78 81 68 84 57 84 36 98 89 68 88 79 95 80 85 64 79 41 81 57 44 59 47 84 65 98 30 62 92 77 94 95 49 55

103 1107 228 852 159 137 220 171 89 195 1071 191 91 289 235 133 191 192 494 558 171 155 756 151 151 323 167 319 235 117 276 113 113 384 210 436 194 545 520 330 433 125 80 54 282 131 69 59 176 203 157 38 372 101 51 185 143 955 159 142 363 318 126 112 406 1126 306 278 334 391 138 1053 383 79 464 99 287 220 480 220 69 295 279 184 220 354 92 181 277 130 333 125 252 455 824 335 121 134 537 332
241 1190 519 925 423 185 417 858 313 209 1398 376 261 339 774 154 250 541 668 1105 1383 366 781 523 463 835 194 445 769 446 455 567 428 514 413 530 721 1038 721 382 437 282 105 630 1086 292 150 263 406 1246 1595 55 491 170 146 422 476 1246 268 880 930 877 428 338 485 1457 362 801 849 449 143 1473 437 228 466 104 335 596 742 1009 382 364 308 187 238 831 275 221 863 202 414 459 648 463 1034 758 349 247 614 500
497 1468 810 1040 1478 483 506 968 1369 866 1518 626 623 407 1019 224 307 1581 1006 1963 1424 873 1037 1000 468 1571 274 454 1024 463 555 850 1346 755 479 553 1698 1299 1749 516 613 522 225 643 1573 397 286 516 679 1729 1961 152 525 273 968 447 968 1753 530 1999 979 962 814 1946 568 1577 736 972 1035 981 469 1718 477 880 560 136 2048 1161 1464 1717 822 382 978 230 487 1113 515 481 951 330 769 507 1244 525 1115 790 728 400 835 864

85 746 141 674 121 60 147 156 64 165 692 119 48 185 172 89 81 153 301 405 164 96 338 123 132 294 100 203 223 48 262 111 73 106 198 400 150 431 180 247 340 122 69 22 205 70 68 36 79 100 79 18 275 57 18 139 93 722 91 83 160 202 45 85 395 790 154 228 112 370 56 796 342 67 246 98 239 102 152 179 49 145 271 180 155 334 74 164 60 110 308 85 25 411 195 92 72 66 452 316
23 183 140 262 69 55 132 33 25 75 51 21 15 133 133 64 11 116 139 23 125 94 47 69 91 189 71 88 125 14 89 73 23 45 178 225 55 153 178 144 315 89 18 2 34 58 65 31 74 57 19 17 88 29 14 84 53 96 54 30 147 58 14 19 297 446 16 8 75 354 17 365 135 50 134 81 102 47 15 151 18 6 5 104 92 63 9 14 24 38 213 75 12 62 123 36 56 16 229 261
