100 4 2
114 1 102 9 131 220 134 179 318 155 164 98 172 108 158 131 1 26 110 1 124 226 145 200 103 235 205 110 67 4 42 1 111 88 61 242 75 31 119 86 63 38 201 115 59 105 182 39 214 46 60 87 1 89 28 139 101 175 1 17 70 154 1 303 54 183 77 107 126 1 92 77 23 1 1 1 39 68 94 154 65 67 58 1 146 75 14 50 102 28 117 13 84 183 136 29 41 45 156 117

24 11 29 30 16 1 31 4 57 18 1 27 16 4 42 21 19 32 21 21 35 15 19 23 27 6 22 21 28 40 46 10 19 17 19 20 35 24 19 36 36 21 31 28 25 1 21 20 40 36 45 16 48 11 17 65 9 12 40 34 16 24 12 54 25 36 38 25 52 48 25 32 24 12 31 11 30 22 40 53 16 36 13 32 2 27 23 18 42 24 1 10 20 37 23 44 39 17 20 17
38 12 32 33 17 11 35 15 60 45 9 34 28 7 45 38 39 34 34 42 39 16 22 28 46 7 25 22 30 56 49 14 37 21 33 48 47 31 28 40 44 22 62 42 27 9 31 24 49 50 61 21 78 32 20 66 18 18 48 52 28 41 19 55 35 46 54 28 67 49 40 37 31 21 46 20 47 27 53 54 23 48 22 43 12 41 26 28 46 39 6 22 27 46 25 51 45 25 40 28
43 13 38 37 39 12 52 18 64 49 11 51 29 23 62 52 45 38 42 44 54 22 40 34 57 16 33 50 48 69 60 24 38 28 37 50 57 35 37 42 58 29 76 45 40 30 39 30 59 65 62 42 81 37 22 85 30 25 60 56 36 49 38 59 40 53 57 43 68 58 55 61 41 30 47 24 61 39 58 72 27 62 23 45 15 45 32 57 61 48 10 39 29 48 26 53 69 39 57 47
56 15 55 38 53 22 60 20 79 54 17 59 40 37 63 59 52 40 49 49 56 31 53 42 66 33 42 78 67 90 65 26 46 29 50 51 63 43 41 63 72 35 85 49 51 32 62 31 71 71 64 56 88 59 34 90 40 50 69 70 45 62 43 72 58 67 86 52 89 70 73 74 51 45 55 25 75 41 72 73 41 63 31 61 19 51 33 64 79 49 20 66 38 54 29 59 83 50 81 57

17 15 10 16 6 20 12 8 21 18 16 11 14 12 9 11 23 15 18 1 5 7 4 1 15 1 1 16 11 20 23 1 11 25 6 6 13 2 14 14 1 17 18 6 1 1 26 22 15 13 1 7 21 5 1 1 3 9 10 13 1 12 14 19 2 21 15 16 13 8 21 23 5 7 10 11 20 5 7 5 8 9 1 10 7 28 4 17 22 14 18 22 17 1 8 1 12 15 1 19
31 38 20 20 12 29 21 14 31 22 30 22 22 23 19 15 35 16 21 27 14 27 12 5 24 9 10 21 15 36 37 8 21 40 20 14 28 26 19 36 19 21 34 25 2 21 50 30 35 19 23 17 36 13 9 6 25 14 29 29 20 28 19 26 18 25 25 17 18 9 22 32 19 17 22 28 23 16 30 10 17 18 11 23 23 43 5 21 31 39 32 40 28 10 11 3 26 20 18 30

2797 5168 6689 6299 6443 3664 4059 4182 2625 2990 3529 3902 2424 5082 4279 6204 4622 4857 2528 5994 3443 4796 5088 5516 3642 7026 6276 6812 3733 2311 4927 5820 4513 4675 3464 7778 2258 5310 5794 3822 5516 8425 4021 3111 3197 6385 3627 6205 4796 5552 2454 6675 4137 3026 3926 4824 3736 3586 8527 3314 4481 6308 5917 4176 3342 3832 1649 4939 5235 2819 2535 6449 6250 6512 3166 3457 5144 5859 5847 3966 2869 3847 5771 6144 3422 2622 5446 3483 6290 4147 3488 5264 6047 3291 2508 4474 5853 7187 6128 5873
3098 5743 7889 7295 7330 4230 4544 4755 2921 3411 4128 4740 2704 5737 4928 7631 5582 5962 2826 6803 3857 5398 5783 6291 4382 8180 6998 8350 4557 2607 5710 6418 5370 5146 4105 9118 2506 6120 6679 4732 6613 9472 4478 3427 3590 7272 4158 7596 5855 6604 3066 8238 4813 3489 4900 5760 4253 4125 10065 4086 5276 7061 6684 5136 3991 4722 1871 5513 6122 3275 3072 7553 7745 7521 3754 3806 6384 6539 7279 4497 3326 4288 6393 7518 3934 3170 6335 4191 7169 5181 4226 6220 7144 3740 2983 5539 6786 8105 6893 7084
3724 6640 9231 8362 8576 4821 5109 5704 3456 3861 4560 5441 3028 6768 5421 8304 6488 7050 3197 7919 4488 6498 6626 7447 5166 9570 8141 9950 5417 3024 6362 7483 6136 5899 4548 10407 2981 7180 7734 5401 7829 11330 5077 4121 4044 8534 4919 9103 6979 7244 3637 9718 5640 4105 5560 6448 4803 4863 11810 4725 5855 8473 7923 5598 4483 5662 2040 6745 7105 3926 3504 8646 8833 9077 4286 4427 7231 7634 8265 5099 4004 4862 7734 8777 4463 3550 7411 4610 8572 6028 5081 7105 8366 4309 3404 5993 7707 9423 8340 7827
4140 7456 9967 9179 9487 5593 5533 6495 3810 4311 5176 6123 3444 7905 6313 9637 7015 7760 3656 8658 5003 7355 7573 8521 5642 10442 9626 11521 6079 3587 7268 8081 7219 6801 5180 11414 3230 8479 8633 6009 8997 13329 5945 4611 4838 9837 5724 9848 7965 8021 3907 10613 6181 4731 6342 7307 5576 5534 13402 5321 6510 9390 9305 6632 5050 6451 2444 7780 7806 4592 3919 9649 9467 10616 5024 5255 8316 8338 9022 5525 4485 5309 8850 10201 4903 4092 8191 5398 9999 7057 5480 7968 9722 4977 3753 6796 9125 10603 9476 8471

2246 3774 5712 3932 3942 3274 2866 3627 2321 2273 3090 2652 1584 3495 3167 5188 3996 4225 2112 5225 3098 4118 3189 3792 3178 5446 4780 3723 2600 1723 3346 5051 3117 3634 2689 6783 1335 4757 4596 2355 4171 6298 3246 2153 2005 5596 2958 5455 4069 4630 2080 5263 3250 2538 2977 4191 3310 2349 6769 2956 3832 5475 5226 2580 2682 2508 1121 3637 3749 2476 1780 5098 5500 5573 2633 2280 2913 4662 4591 2225 2290 2976 4593 4306 3026 2298 4901 2502 5390 3578 2849 3753 5108 2439 1845 3653 3046 5810 4396 4950
1654 2709 4018 3590 3381 2147 2200 2217 2061 1617 2006 1996 1459 3059 3136 3353 2840 3966 1337 4684 2021 2745 2729 2982 2760 4892 3508 3454 2278 1312 2479 2921 2387 3434 2293 6585 1130 3693 4125 2332 3236 5563 2230 1653 1902 3435 2425 4924 2437 4580 1942 4188 2274 1833 2803 3835 2918 2216 6250 2693 3222 3191 4499 2509 2311 2492 970 2472 3110 2302 1319 3630 3250 3455 1715 2144 2898 4355 4025 2054 1502 2626 3562 4150 2829 1750 2927 2041 3467 3356 2768 2641 4689 2118 1398 3098 3031 4596 3656 3447
