100 4 2
1 55 1 125 24 161 94 74 164 158 95 165 1 193 60 100 35 73 78 169 193 271 13 22 50 81 188 176 89 54 166 33 156 127 212 266 42 1 1 1 262 112 1 1 121 125 158 137 34 50 1 127 62 54 109 130 139 177 111 64 252 96 19 208 52 185 160 38 114 190 218 1 76 105 90 176 80 157 218 77 163 95 181 1 8 57 36 53 287 1 50 114 1 121 122 110 1 121 70 1

39 40 32 30 1 30 25 6 16 1 25 22 16 20 2 13 5 40 39 46 18 1 33 1 34 34 7 39 21 5 8 17 1 15 12 34 19 34 21 15 18 3 16 3 1 25 16 39 9 21 34 4 1 1 1 20 10 17 24 1 10 1 15 38 57 29 9 25 31 12 4 31 8 2 1 20 23 1 23 27 17 24 16 2 24 26 35 24 26 17 40 43 29 45 7 1 32 6 20 18
43 55 44 33 13 49 30 11 31 11 37 37 25 29 22 21 22 44 47 58 36 12 40 14 36 43 16 40 25 17 31 34 4 23 21 45 39 38 33 40 19 14 22 19 2 44 28 50 20 33 36 10 17 12 17 28 26 28 33 21 16 23 41 47 74 43 19 26 44 18 13 54 19 16 12 28 27 10 27 37 28 47 30 6 25 33 39 25 43 22 45 51 35 46 32 12 38 9 33 20
65 59 57 43 22 57 32 25 34 24 59 40 33 52 30 26 27 51 72 70 43 13 46 38 61 55 17 42 44 25 41 57 9 51 27 54 46 56 40 48 22 30 36 27 29 46 51 64 26 35 52 24 27 18 23 45 37 37 43 28 20 33 66 55 86 64 28 32 58 34 21 55 26 22 32 39 39 14 29 44 46 53 31 11 42 52 61 30 53 23 54 68 44 54 39 13 41 31 36 30
83 87 62 46 31 77 33 39 43 29 64 64 40 66 36 43 40 65 81 71 49 14 48 49 64 58 20 52 63 41 42 64 16 59 29 68 55 69 48 57 34 45 55 39 42 60 66 70 37 45 63 35 40 32 34 46 47 38 52 39 28 40 74 64 105 71 33 42 77 35 26 64 40 30 38 45 64 18 40 55 56 61 32 37 45 56 79 41 61 30 60 77 46 57 41 29 55 32 39 31

19 5 12 3 11 10 7 13 1 13 10 6 19 17 10 2 1 16 13 11 4 9 6 18 17 26 8 6 15 6 5 2 4 26 12 23 1 7 1 25 18 17 6 4 7 7 6 13 13 11 12 10 7 1 8 20 12 18 15 10 25 25 8 12 21 16 21 15 18 6 3 23 5 9 14 18 15 17 3 12 7 10 1 6 1 1 15 10 7 4 1 16 3 1 1 17 5 16 10 21
29 23 28 16 23 23 19 24 16 26 13 21 34 18 12 15 15 22 17 20 5 20 12 26 29 27 21 10 22 18 10 3 7 27 27 28 19 8 12 38 29 30 16 24 23 12 11 22 17 38 15 19 15 18 18 28 21 31 30 28 38 41 15 27 34 30 26 18 27 7 12 29 17 20 35 45 23 29 8 20 28 20 6 14 14 6 22 11 17 7 4 28 4 13 10 26 13 17 28 38

5652 2723 6492 614 2604 5457 4002 6490 4034 324 6404 1576 6492 4501 6892 3986 4689 6309 6635 3711 3075 2899 5533 6562 5725 8772 4009 6364 5863 2762 6351 4382 4220 7 6153 4447 3251 4088 4989 2622 4341 6671 5320 3726 6421 4115 1270 7757 4395 4417 6669 1011 5194 5315 7666 5595 3889 6351 5461 1909 9210 3217 5052 3940 4173 2821 14 5482 2611 4127 4032 6747 6287 7610 2837 6833 6341 4460 6017 2519 8761 2838 5745 6795 3027 809 9337 2476 5114 7475 5854 9040 6354 3355 1831 2928 4415 1807 1146 308
6489 3346 7269 721 2944 6088 4633 7553 4622 362 7542 1904 7340 5030 8368 4931 5623 7782 7985 4350 3710 3478 6301 7581 7146 9881 4940 7688 7252 3352 7849 5402 4844 8 6819 4914 3710 4886 5727 3113 4993 7509 5956 4250 7395 4898 1485 8718 5199 4965 8178 1164 5757 6122 9231 6363 4546 7037 6534 2301 10179 3865 6183 4361 4752 3374 16 6707 3211 4656 4599 7552 7742 8695 3133 8308 6985 5555 7006 2875 10470 3493 6871 7799 3364 898 10838 2877 6223 9145 7161 10489 7571 3954 2089 3334 5243 1989 1327 339
7282 3871 8654 811 3454 7091 5145 8487 5109 426 8583 2084 8764 6110 9324 5521 6258 9110 8717 4891 4302 3974 7414 8386 8003 11682 5557 8651 7903 4013 8887 6349 5738 9 7743 5908 4045 5329 6297 3480 6041 8648 6882 5098 8349 5488 1623 9495 6110 5895 9533 1412 7051 7016 10018 7475 5322 8491 7099 2508 12066 4664 6927 5209 5302 3888 19 8049 3853 5632 5024 8384 9211 10221 3636 9408 8459 6192 7865 3497 12333 3869 7715 8692 3920 1005 12974 3308 7443 10396 8342 11485 8795 4614 2454 3940 5841 2332 1482 384
7915 4463 10038 876 3799 7902 5973 10022 5516 471 9960 2427 9869 6672 10768 5927 7051 9815 10373 5671 4659 4675 8699 9066 9432 13373 6172 9781 8715 4617 9843 7343 6422 10 9099 6918 4570 5844 7465 4130 6834 9445 7796 5681 9832 6308 1912 11120 7077 6781 11098 1576 7643 8016 11587 8609 5736 9748 8273 2855 13193 5384 7757 6191 6223 4252 21 8651 4230 6603 6024 9590 10702 11889 4034 10536 10022 6922 9052 4116 14463 4395 8411 9720 4325 1128 14099 3642 8181 12202 9729 13239 9788 5238 2723 4491 6370 2617 1720 440

4796 2303 5498 517 2325 4878 3569 4770 3174 285 4112 1017 5025 3846 5338 3138 3300 4551 5698 2519 2370 2430 4829 4149 3402 6501 3165 4777 4904 2257 4941 3254 3429 6 3805 2939 2322 3550 2901 2352 3333 4173 4368 1960 5426 3484 1104 5512 3825 3301 4834 743 3186 4720 6720 4853 3336 5347 4757 1402 5467 2276 3942 3037 3732 2208 13 4670 2105 3338 3443 4926 3484 4457 2273 4498 5127 3566 5119 1965 7385 1857 4587 3619 2420 564 8106 1642 4555 6220 3552 7427 5421 2877 1518 2414 3628 1449 877 237
3632 1958 4793 483 2016 3637 2936 4236 2754 248 3638 897 4912 3177 4541 2709 2678 3851 4249 1982 2042 2010 3359 3355 3220 5239 2777 3866 3772 1774 4611 3050 2387 5 3461 2783 1872 2387 2827 1507 2503 3607 3233 1943 4695 2642 702 5086 2574 2716 3870 616 2803 4701 4422 3419 2563 3525 2967 1113 5335 1732 3881 2138 2906 1659 10 4573 1869 2860 2223 4905 3232 4205 2046 3815 4256 3149 3583 1926 6979 1455 4521 3484 1601 407 5226 1371 3197 6204 3048 7232 3907 2156 1332 2349 3394 931 773 199
