100 4 2
137 123 149 63 34 101 61 166 177 1 177 155 83 1 129 201 126 30 137 36 77 200 69 1 108 239 1 1 100 6 1 33 118 61 84 121 143 194 179 1 234 137 83 128 325 102 283 206 52 175 157 28 33 305 207 25 130 49 116 109 70 197 172 92 115 105 1 103 32 38 1 139 55 100 1 182 125 61 268 27 158 23 1 106 98 27 230 1 140 102 59 110 150 2 137 176 1 101 1 79

39 19 15 34 27 13 31 41 33 32 2 3 1 11 39 23 22 41 3 35 5 35 8 24 37 46 33 1 22 18 6 3 16 31 13 1 43 38 22 2 1 4 20 24 39 24 57 1 8 1 34 20 33 1 11 23 19 36 22 23 33 7 30 17 8 16 26 14 26 25 33 30 39 1 26 18 30 37 37 29 1 20 50 6 13 22 32 14 21 10 36 37 30 24 31 1 23 4 1 53
48 38 36 48 40 14 39 58 53 36 12 7 17 30 47 38 31 57 13 50 8 43 31 36 40 59 35 6 35 36 7 6 23 54 25 8 67 65 33 13 3 17 32 34 55 28 78 2 19 10 38 32 38 15 21 42 21 40 27 37 37 12 40 21 30 24 27 21 30 47 36 44 48 16 43 29 50 51 55 31 9 36 51 20 30 28 33 24 35 16 40 49 37 35 37 11 30 7 8 68
54 45 55 62 53 47 54 59 69 48 26 14 28 40 68 52 41 79 23 55 38 49 49 37 46 73 45 7 52 48 21 8 35 55 33 11 74 69 44 28 34 37 44 46 70 40 109 5 28 23 39 36 50 34 30 57 34 60 30 47 59 26 52 22 33 33 48 26 49 70 38 46 58 21 49 36 51 61 68 36 19 46 61 49 46 40 46 46 39 23 52 66 43 51 46 15 43 19 11 76
55 72 60 66 77 61 59 62 77 75 36 22 31 49 79 65 53 86 32 65 41 74 54 58 64 91 64 23 58 51 23 9 40 66 40 24 81 82 50 37 43 40 48 50 79 55 112 11 40 24 54 59 66 50 47 72 50 68 41 58 60 30 60 28 37 34 58 34 52 79 52 60 72 41 52 42 53 79 84 39 47 54 64 69 55 45 51 66 55 43 66 69 59 68 63 16 44 29 26 78

14 8 22 19 1 8 7 2 6 15 3 5 30 4 15 26 25 19 1 8 18 15 1 7 10 10 18 31 14 7 20 14 24 2 24 13 13 2 12 14 4 8 16 1 12 1 15 5 1 1 10 10 11 1 21 19 3 11 1 6 1 1 3 8 27 11 7 13 19 27 1 1 5 12 18 1 3 1 10 1 18 17 5 7 5 11 14 1 1 1 15 11 17 4 1 15 10 21 11 7
36 19 26 30 2 19 8 24 18 26 21 19 37 6 18 38 35 31 6 30 37 20 11 35 19 28 33 38 16 21 21 23 39 5 43 26 27 4 23 21 13 18 22 4 41 14 22 18 3 14 24 13 30 15 24 35 9 22 4 25 6 15 13 10 33 21 16 36 35 48 14 7 10 33 19 14 12 4 22 13 22 22 25 19 24 14 19 7 12 7 35 15 18 9 9 18 21 32 13 19

5253 3353 3313 2594 4508 6431 3873 1132 5609 2669 3063 4135 2659 2779 5641 3687 6293 2857 6586 5116 5464 3496 4703 2086 3686 3580 4213 5176 6902 2631 3385 5431 6414 6432 7142 5782 4055 1175 6815 6645 6654 4223 6183 1876 5418 6738 7009 1320 6714 2609 7061 6220 719 4744 6209 4738 4246 3893 250 5730 1323 5985 7177 6453 7867 5792 2963 5326 5535 4588 4096 2934 6467 6113 3220 1909 2683 7014 6792 4299 4587 6293 2779 9134 6140 5285 6317 4559 5522 5219 401 5439 1897 6905 2857 4556 2756 5540 9719 5201
6403 3927 3828 2853 5330 7978 4444 1371 6360 3059 3572 5046 2992 3352 6833 4280 6958 3263 7663 6328 6435 4140 5755 2561 4322 4258 5009 6283 8528 3053 3935 6596 7271 7651 8346 6615 4951 1451 8476 7322 7628 4800 7430 2194 6547 7628 8677 1468 7866 3162 8824 7512 895 5383 6931 5706 4983 4504 310 6633 1569 6689 8498 7857 9770 7001 3302 5932 6398 5632 4787 3282 7582 7364 4010 2104 3131 8289 8115 5231 5683 7597 3265 10332 7321 6437 7035 5230 6710 5784 445 6258 2333 8528 3570 5368 3254 6569 11355 6489
7655 4546 4565 3256 6013 9080 5038 1527 7190 3408 4193 5823 3615 4017 7807 4794 7783 3675 9155 7248 7071 4823 6387 3013 5193 5067 5946 7029 9327 3706 4368 7742 8730 8377 9426 7995 5593 1708 9355 8491 8951 5497 8262 2449 7811 9028 9946 1645 9234 3561 10231 8627 980 6522 8241 6571 5953 5237 337 7783 1714 7372 9628 9177 11187 7694 3759 6787 7700 6122 5755 3788 8560 8090 4700 2453 3612 9451 9604 5997 6819 8999 3828 11555 8689 7316 7971 6267 7730 6775 523 7536 2701 9866 4262 5943 3935 7318 13478 7735
8712 5032 5283 3873 6600 10010 5570 1696 8229 3989 4604 6406 3932 4385 9164 5248 9214 4049 10601 8436 8402 5407 7387 3521 5619 5440 6987 8019 10598 4141 4930 8600 10000 9438 11186 9326 6528 1942 10122 9204 10236 6454 9383 2781 8792 9791 11040 1967 9992 3859 11548 10123 1105 7523 9768 7076 6974 6146 364 9129 1927 8525 10565 10728 12085 8796 4342 7451 8985 7104 6744 4157 9800 9159 5325 2670 3965 10479 10916 6800 7745 10215 4255 13223 10121 8096 9001 7230 8906 7628 566 8491 3126 11100 4755 6831 4522 8229 14499 8578

4394 2655 2440 1510 3055 4689 2675 905 4939 2251 1845 3116 2154 1582 3280 2843 4149 1600 4833 2721 3995 2751 3663 1661 2496 2666 3761 4442 4063 1496 2895 3976 5630 4664 4689 5000 3516 847 5478 5905 4535 3387 3391 1460 4049 5764 5352 1075 5738 2204 6332 4982 596 3542 5506 3645 3806 3346 195 4947 957 4972 4597 4445 7030 5099 2363 3810 3867 3257 3593 2192 5097 5080 2104 1636 1559 4769 5742 2542 3336 4773 2180 6435 4117 4524 4209 3876 4258 3949 329 4884 1642 5116 2456 3274 2118 4301 8170 3876
2696 1699 1705 1358 2647 4596 2474 824 2936 1833 1731 2447 1762 1494 2982 1980 3563 1518 3800 2701 3031 2453 3605 1637 1937 2587 2615 4279 3795 1405 2398 3356 4369 4436 4446 4439 2223 737 4769 3869 4214 3375 3263 1088 3807 4747 4583 825 3893 2109 3786 3282 585 2958 4409 3269 3129 2959 144 3284 692 3719 4414 4146 5161 4859 1743 3526 2959 2923 2116 1476 3450 3699 1920 1383 1392 4677 5121 2519 2685 4602 1823 4914 3762 3525 4060 3124 3048 3725 321 2995 1451 3921 2371 2878 1947 3038 7076 3080
