100 4 2
205 193 93 204 108 117 77 1 197 90 173 69 85 180 181 155 195 51 68 1 67 182 62 58 131 31 57 92 51 172 115 101 173 80 59 91 258 60 1 139 149 29 203 95 99 174 9 35 145 118 240 59 25 27 53 123 142 1 166 237 122 1 170 257 177 235 312 74 1 34 145 70 81 157 76 1 96 60 178 38 112 176 198 81 184 9 1 49 1 200 64 142 24 1 35 25 147 309 1 174

23 34 24 33 7 26 25 16 13 15 32 10 28 5 57 20 9 26 23 1 2 22 1 22 14 27 25 8 1 33 16 18 19 1 42 8 43 38 33 30 7 51 5 44 26 41 25 37 19 1 18 48 10 8 44 11 1 9 16 6 53 15 7 39 34 25 20 15 39 1 29 17 1 16 34 26 6 24 1 7 1 24 21 11 1 1 25 1 1 19 2 49 33 16 1 1 40 21 1 10
35 35 35 40 10 38 38 29 16 23 45 27 31 14 83 29 20 38 33 8 14 30 17 34 15 34 45 18 7 45 20 29 30 23 55 13 58 49 40 50 20 70 10 61 49 59 41 47 21 17 21 59 30 21 55 31 18 11 32 14 69 42 16 54 39 26 28 27 59 7 42 25 4 19 52 47 13 33 13 29 3 38 42 29 23 4 42 10 15 24 36 72 46 21 8 15 47 23 14 27
55 46 46 50 19 47 39 41 28 42 60 32 40 18 94 39 23 48 49 19 27 41 35 49 22 41 51 28 13 65 37 31 40 36 76 14 69 50 62 71 32 71 16 84 65 60 44 54 39 21 30 60 50 34 56 56 39 27 36 19 85 45 35 79 50 41 40 39 60 12 52 26 14 25 54 49 21 43 24 38 8 40 51 47 37 17 55 16 31 27 45 91 51 35 20 28 60 31 19 49
77 66 47 57 33 58 54 57 31 64 61 33 46 30 95 47 41 54 62 32 51 47 40 51 45 42 61 42 34 74 60 32 45 43 83 18 83 62 64 90 43 87 20 106 72 73 61 75 41 36 42 66 56 48 63 59 52 41 45 27 94 59 48 84 53 66 45 47 85 40 53 32 21 42 79 50 41 57 42 43 10 50 54 53 59 22 70 28 35 38 52 93 67 50 31 50 69 38 28 61

11 29 14 14 20 6 1 10 21 23 7 14 7 16 6 10 10 1 8 7 1 14 11 7 12 11 25 6 9 1 7 12 6 7 14 6 12 2 1 2 5 9 14 14 4 13 18 9 10 8 32 20 8 15 12 4 19 5 9 9 6 11 1 14 18 19 3 7 2 1 11 11 14 1 23 11 3 13 12 23 1 9 6 21 19 24 14 20 5 12 7 8 15 12 1 15 5 13 16 8
15 41 28 26 43 25 5 27 29 25 19 15 14 30 17 20 19 15 18 15 6 31 30 23 14 13 38 16 11 10 16 13 10 10 22 21 27 15 16 10 7 24 24 21 26 26 26 29 14 28 45 24 11 25 14 5 22 25 19 14 13 12 16 33 28 28 14 10 14 11 15 20 25 11 29 24 14 19 27 27 6 17 7 26 23 28 27 23 12 13 19 23 23 28 15 26 9 31 29 9

3227 7520 6824 6651 5765 5527 6195 7515 7474 3927 5556 4423 7391 4587 4202 3629 9576 4784 7376 6133 6382 6130 4387 6056 6593 7223 6209 7886 1077 4822 4829 7130 3549 5993 8279 5703 7890 6645 6103 2867 9773 3531 9247 6761 3985 6872 6923 1537 8944 3941 4461 1715 3411 10038 6421 5278 2990 6451 7446 7495 6843 5604 3871 6952 5850 7158 5944 4544 6321 7532 5479 7357 3056 2918 3457 1043 4758 4666 6860 4698 8181 3604 6751 6907 2543 7260 6102 8089 3188 7068 6342 3272 4658 2943 3133 3107 3968 2436 3734 5809
3936 8491 7992 7404 6657 6381 7173 9251 8619 4810 6294 5007 8728 5495 4678 4057 11685 5488 8300 7274 7287 7554 4897 7295 8089 8560 6902 9606 1269 5546 5610 7946 4203 7387 9166 6952 9568 7546 6739 3495 11788 4110 11244 7936 4799 7688 8391 1733 10838 4554 5397 1960 4062 11328 7137 5875 3674 7336 8318 8996 8479 6426 4407 8679 6545 8260 7079 5513 7828 8904 6297 8687 3692 3543 4245 1206 5540 5596 7995 5865 9135 4090 8077 7963 3104 8742 7424 9898 3772 7978 7567 3788 5749 3598 3573 3487 4515 2891 4208 6440
4726 10074 9300 8098 7822 7538 7850 11038 9455 5655 7366 6108 9851 6348 5397 4677 12904 5983 9815 7948 8479 8347 5776 8427 8996 9394 7727 10439 1534 6465 6243 9056 4747 8330 10125 7993 10468 9005 7700 3878 14036 4966 13548 8728 5329 8720 9944 2033 11910 4992 6207 2264 4788 13358 8267 6935 4112 8003 9750 10830 9244 7476 5186 9966 7585 9024 7892 6198 8605 9740 7142 10347 4417 4188 5064 1318 6538 6256 9636 6971 10790 4965 8876 9508 3570 9987 8510 11388 4114 9173 9076 4264 6218 3915 3934 4132 5233 3252 5051 7431
5059 10975 10062 9110 8542 8725 8595 12557 10673 6505 8272 7149 10672 7309 5960 5326 14340 7045 10676 9197 9934 9813 6402 9248 9886 10376 8471 11936 1723 7291 7382 10445 5350 9486 11518 9149 12417 9677 8489 4551 15167 5601 14660 9412 5934 10062 11560 2254 13320 5635 7299 2688 5178 15425 9837 8094 4812 9363 11495 12191 10235 8148 6067 10696 8664 10261 9351 7116 9587 11217 8321 11536 4956 4549 5553 1491 7478 7277 10472 7892 12434 5515 10142 10342 4071 11326 9397 12483 4813 10119 9727 4786 6921 4638 4705 4556 5690 3812 5841 8082

2449 6081 4919 5840 5107 4876 5151 5098 5300 2843 4709 3361 4509 3721 2806 2913 6714 3836 6302 5299 4830 3766 3756 3948 4434 5778 4766 6965 682 4172 4330 4634 2239 4672 7155 5044 5992 5428 5205 2098 8272 2832 6046 3694 3367 6160 4580 1081 7543 2720 2990 1286 2818 5179 5155 4285 2569 4929 6569 4971 5648 4307 3418 5014 4785 4093 4979 4082 4169 6730 4712 6183 2400 2594 2323 853 3281 3695 5071 4096 5618 3210 5970 6053 1626 5373 5400 4626 2613 5161 5451 2499 3504 2093 2811 2727 3408 2182 3306 3150
2013 5169 3713 4787 3242 2935 4483 4711 4318 2810 3527 3288 3723 2430 2781 2631 5386 2602 4225 3278 3785 3143 3132 3292 3648 4744 3316 5164 598 2428 4131 4468 2225 4109 6575 4725 4074 3870 3293 2019 5005 2724 5838 3477 2807 5784 4512 1080 4546 2137 2479 1199 2419 5086 4123 3238 1684 4816 5320 4274 3595 2998 2959 4074 3173 4017 3400 2455 4099 5559 4304 4840 1965 2147 2302 585 3067 3124 5069 3979 4706 3193 5355 3824 1571 3836 3433 4055 2504 5063 3593 1694 2889 1477 2747 1556 2629 1337 2530 2925
