100 4 2
1 16 60 187 45 102 115 104 131 164 16 1 158 1 222 117 240 33 35 43 27 83 146 297 151 14 150 160 104 116 90 255 142 130 45 230 145 64 111 103 252 114 191 23 1 13 136 180 75 78 12 224 16 74 137 179 63 150 132 74 91 189 44 25 249 136 251 1 132 47 267 130 179 134 187 142 140 254 68 55 130 1 254 88 1 1 180 55 66 91 158 251 20 18 80 156 210 308 83 126

14 9 37 41 4 4 28 8 27 16 37 1 37 1 3 1 38 21 37 15 15 22 10 5 1 6 1 13 34 24 8 42 30 23 1 26 18 47 29 4 1 25 13 4 1 40 1 35 13 10 24 24 6 16 21 16 47 29 22 16 6 1 31 22 42 1 24 30 24 35 39 17 33 1 13 1 25 21 5 49 20 16 18 1 1 43 7 1 14 13 51 1 29 21 13 14 25 12 14 40
16 18 50 54 12 5 37 13 44 36 44 9 49 9 15 13 53 40 51 20 31 41 26 21 14 15 6 16 38 44 9 45 44 35 20 42 19 48 30 6 2 41 32 12 12 55 9 36 23 22 39 53 13 27 32 41 52 31 23 25 11 10 45 28 70 5 37 43 34 44 52 19 51 18 22 7 31 22 21 55 37 25 19 10 7 52 29 8 21 22 59 18 41 25 19 17 28 23 15 58
17 31 51 68 28 13 49 18 48 40 53 17 53 23 22 17 61 41 61 23 45 56 48 23 23 19 10 29 42 58 15 60 62 43 27 65 29 50 39 16 11 43 35 24 28 59 16 48 36 33 52 58 16 29 55 54 60 37 35 51 14 33 53 30 77 14 51 44 47 59 55 24 72 21 39 13 47 27 32 62 52 26 37 12 10 53 56 23 25 41 79 21 57 42 20 25 46 31 27 61
47 39 56 89 29 16 66 22 49 62 60 36 54 34 28 26 67 61 77 35 68 63 66 35 26 37 17 44 48 71 24 63 64 45 44 91 42 66 42 21 24 61 60 38 39 69 24 69 37 37 70 74 33 42 68 68 78 52 40 59 36 42 67 41 90 19 55 59 50 69 70 44 79 23 51 34 53 45 49 75 67 36 59 35 14 57 66 27 32 52 86 24 76 43 21 35 48 43 28 72

27 1 16 10 21 10 27 11 9 20 27 8 5 1 11 2 15 6 14 2 11 12 3 7 2 14 17 22 1 25 6 6 23 9 18 13 1 1 21 10 4 8 20 14 1 9 16 1 17 23 7 21 1 17 10 16 3 6 15 14 19 1 22 15 2 1 6 11 8 1 6 16 17 6 21 18 1 8 17 21 9 1 16 22 1 11 14 1 17 18 8 12 13 21 26 1 12 9 10 11
33 22 17 16 25 24 35 30 32 24 30 9 9 15 12 5 19 19 31 10 12 34 13 8 16 17 22 28 21 34 21 14 32 10 22 26 4 30 22 40 8 28 35 19 19 10 20 2 19 31 8 41 7 18 28 17 6 27 33 20 36 2 26 27 3 9 25 25 27 15 8 20 20 12 36 23 10 29 27 31 14 3 21 34 21 29 21 2 24 24 15 22 20 33 40 13 18 10 22 12

6448 3189 7118 3085 6655 6100 4302 1180 1380 6581 1211 5138 9536 3828 8754 5161 3212 5478 8556 7360 7798 6862 5823 7284 6512 2998 1550 4290 1520 6690 6000 3708 3152 2969 3623 9881 9980 4859 742 3553 6502 7961 5902 10881 7757 7617 4004 928 750 4736 4866 7077 5834 7596 2339 7369 6258 4074 3517 3567 5082 299 3792 3245 6411 4065 3255 10003 5521 3223 5902 7605 6409 4591 3266 4087 3944 6480 1327 3155 3135 1882 4958 5714 3982 9741 7002 4696 1452 5079 4205 4193 6566 5946 5992 4618 6677 5773 4808 3976
7951 3779 8646 3788 7351 6781 5264 1306 1648 8023 1498 5995 11258 4584 9993 6270 3825 6481 9601 8713 8828 7873 7106 8546 7289 3525 1722 5291 1730 7811 7013 4190 3925 3410 4448 11632 12184 5513 917 4152 7524 8760 7093 12465 9613 9221 4433 1063 885 5696 5945 8480 6872 8418 2597 8461 7201 5029 4030 4126 5716 351 4177 3881 7447 4925 3759 11224 6199 3848 6522 9029 7377 5442 3963 4992 4558 7930 1494 3826 3759 2102 5681 7000 4906 11906 8084 5783 1665 6182 4656 5150 7925 6987 7105 5111 8266 7121 5886 4787
8894 4425 9615 4367 8568 7495 5984 1454 1826 8829 1750 6610 13107 5457 11443 7438 4592 7814 11387 10394 10391 9586 8140 9769 8544 4019 2006 6263 2103 8912 7967 4584 4522 3798 5286 12783 13551 6662 1098 4797 9120 10119 8432 15116 10546 10864 4842 1168 1002 6822 6951 9624 7857 9735 2906 9904 8294 6019 4452 4503 6337 398 4667 4328 8207 5645 4223 13275 7015 4564 7794 9942 8476 6275 4497 5888 5423 9343 1801 4574 4345 2454 6698 8426 5744 13758 9029 6606 2021 7047 5432 5606 9169 7834 8175 5842 9104 8168 7075 5643
10293 5037 10435 4980 10045 8616 6769 1735 2045 10386 1929 7436 14979 5887 13614 8373 5155 8533 12712 11474 11607 11217 8832 11281 10122 4346 2301 6787 2341 10296 8872 4967 4959 4345 6189 13883 15293 7516 1276 5337 10628 10924 9099 16786 11592 11735 5611 1302 1127 7956 7909 11185 9299 11125 3141 10721 9498 6693 5193 4960 7085 452 5587 4885 9504 6354 4837 15353 8245 5360 8875 11197 9273 6946 5130 6760 6092 10340 2092 5124 4820 2686 7569 9422 6418 15265 10747 7183 2335 7625 5963 6223 10462 9077 8957 6814 9774 9515 7812 6462

5283 2822 5991 2381 5702 3932 3553 729 802 4185 1073 4415 7838 2760 7241 3059 2582 4264 5432 5832 6768 6082 5137 4786 4747 2615 1354 3665 1112 4038 4662 2764 2804 1835 2423 5649 5364 4297 524 2767 5786 6735 4557 6162 6889 5949 2617 516 528 4065 3897 6305 4751 6138 1841 6409 5515 3630 2854 2267 4410 240 3402 2288 5668 2852 2733 8501 3877 2341 4938 6056 4689 3911 2051 3355 2371 3859 815 2562 2674 1639 4263 3980 3579 7903 5019 3531 1174 3710 2787 3570 5369 3821 3968 3728 5204 4150 4050 3488
4226 2290 3817 2368 5422 3570 2705 715 768 3308 1006 3375 5397 1957 7136 2784 2530 4099 4292 5419 4810 5497 3847 3664 3474 1611 1129 2896 806 3880 4633 2564 2196 1741 2396 5557 5226 3193 494 2448 4243 5305 3795 6159 4584 5351 2195 466 465 3373 3621 4822 4007 5427 1292 4574 3560 2285 2265 2124 3049 151 2605 2015 3613 2590 2609 6052 2950 1614 3468 4023 3683 2643 1662 2232 2143 3728 798 2186 1836 1012 2600 2994 3561 7401 4729 2921 1169 3366 2430 3482 3600 3098 3465 3049 3738 3688 3829 3341
