100 4 2
195 1 156 1 134 120 130 176 1 1 142 112 172 140 82 223 175 81 258 336 156 1 1 101 140 1 199 106 109 159 56 170 65 246 228 143 1 129 50 50 154 129 15 44 140 101 141 17 33 98 120 93 150 186 65 75 87 194 168 53 48 105 215 164 135 122 40 2 133 150 65 127 1 63 198 118 126 144 12 1 15 160 228 99 13 133 46 1 1 163 236 185 96 109 72 1 142 301 51 62

1 25 22 27 11 52 1 11 28 20 9 26 38 19 60 48 23 21 21 9 11 29 44 44 1 20 59 17 27 30 23 6 20 47 6 1 9 18 39 24 1 3 25 34 35 3 35 16 24 10 26 23 30 1 20 9 9 31 21 37 48 26 9 49 14 2 19 20 34 6 16 21 39 1 31 31 30 15 1 3 14 6 20 52 1 18 10 14 14 32 3 1 16 28 20 56 3 1 1 19
9 35 43 48 14 55 3 15 30 30 27 36 53 31 74 69 24 22 36 18 18 39 49 63 14 26 80 26 31 50 32 12 38 48 14 15 25 36 51 28 13 12 33 44 36 34 48 30 34 21 33 28 32 6 29 28 26 39 41 65 53 40 17 59 16 28 25 33 43 16 37 24 40 5 47 44 36 20 8 17 22 12 38 64 7 36 26 15 37 42 8 14 25 36 30 65 14 18 2 41
13 52 45 60 32 60 11 25 34 54 28 52 56 35 91 83 38 31 37 19 28 51 55 78 36 44 96 27 44 58 59 17 49 54 24 24 31 42 70 30 23 14 40 51 53 54 52 37 36 26 51 48 46 31 42 40 30 60 42 79 61 44 32 64 24 30 31 58 56 32 38 37 50 22 56 61 53 38 21 18 24 13 46 69 19 44 27 32 50 51 22 20 34 43 33 75 27 29 6 42
14 63 62 61 44 66 27 38 40 73 30 59 65 60 112 85 51 32 46 21 42 57 56 98 39 49 97 29 57 59 79 21 50 67 35 33 57 45 76 36 35 27 51 52 57 67 63 41 41 30 64 52 60 32 50 59 46 67 49 103 62 57 43 81 39 46 36 67 60 33 40 45 57 35 71 81 65 56 26 44 37 17 66 70 33 56 38 49 67 52 33 21 58 47 43 98 30 30 26 61

14 12 1 15 4 8 5 2 16 6 15 24 7 12 15 1 6 1 10 3 6 1 11 7 9 7 28 26 1 7 12 15 4 34 24 11 18 11 15 1 15 20 2 9 14 24 9 13 8 18 13 15 3 8 1 8 18 9 9 9 3 5 1 1 12 9 1 28 17 13 7 12 17 28 25 1 9 9 7 15 15 11 8 1 4 13 29 24 11 15 11 4 15 18 23 12 9 17 2 16
35 13 2 36 19 21 24 31 44 16 21 27 11 14 27 7 22 11 14 10 9 19 22 8 28 12 34 31 13 12 21 25 16 44 39 25 29 23 23 23 30 40 16 11 24 37 10 34 14 27 17 32 18 17 24 18 19 21 14 19 15 21 3 17 23 27 2 51 18 14 18 23 25 35 43 2 31 21 12 36 24 18 36 17 14 21 38 38 17 29 31 5 30 32 29 21 19 29 15 28

3391 2754 4250 2828 6240 6286 5127 6160 7386 4630 3761 6339 7663 6716 7006 3722 6507 7947 5197 3497 6207 8961 3646 3924 5889 3217 3874 3936 3425 7272 4215 6569 4756 6109 3808 4221 551 9136 5520 4690 764 5937 8033 7123 8942 6002 3346 5627 1777 5657 7374 3367 3088 6159 7558 3094 6062 3497 3942 3782 6691 5412 2265 3313 5340 6458 1554 2808 6757 7005 5506 3754 7755 3302 7343 7476 2992 6897 4614 2928 6941 6255 7191 4512 6284 6111 10305 243 5297 5481 976 7333 5724 647 4459 9547 9787 2952 3369 4322
3759 3325 5151 3255 7378 7149 6367 6985 8301 5507 4298 7388 8769 8282 8578 4559 7977 9214 6056 4133 7385 10880 4399 4571 7293 3898 4765 4459 3793 8300 5073 8108 5462 6982 4208 5119 623 11332 6643 5797 896 6581 9580 8160 10394 6624 4147 6421 1990 6490 8960 4121 3641 7319 9172 3553 6965 4133 4666 4518 8310 6698 2561 3669 6192 7739 1849 3308 7512 7958 6461 4350 8641 3756 8981 8446 3739 8220 5474 3382 7678 6928 8964 5410 7078 6789 12649 275 5934 6127 1192 8952 7079 807 5524 10504 11041 3582 4180 5304
4168 3810 5926 3756 8324 8165 7505 7653 9294 6625 5182 8427 9709 8996 10208 4989 9566 10662 6821 4890 8172 12598 4887 5127 8218 4252 5182 5203 4273 9485 5750 9205 6482 7754 4739 5714 700 12672 8006 6369 1073 7803 10645 8964 12409 8122 4706 6994 2365 7667 10199 4933 4378 8464 10090 3945 8441 4681 5577 5104 9466 7306 3067 4087 7020 9237 2043 3692 8955 9021 7443 4815 9957 4562 10002 10133 4167 9103 6075 3811 8572 7951 10626 6454 8169 7437 15192 314 6548 7012 1304 10579 7961 881 6610 11693 12799 3914 4744 5760
4943 4396 6548 4175 9000 9530 8604 8785 10435 7461 5803 9367 11262 10443 11176 5389 10379 12286 7358 5655 9225 14263 5692 5869 9631 4923 6104 5864 4864 10308 6761 10048 7133 8987 5307 6207 822 13896 9359 7139 1215 8581 11969 10620 13409 8885 5118 8235 2616 8611 11438 5659 4865 9380 11723 4347 9145 5380 6038 5732 10378 8025 3415 4485 7989 10582 2310 4062 10490 10396 8039 5522 11414 5028 10867 11835 4591 10040 6992 4134 9570 9305 11510 7047 9427 8284 16303 363 7593 8002 1430 12408 9234 990 7555 13825 14509 4247 5369 6558

2960 2027 3551 2477 5236 5456 3858 4470 6028 3378 2609 5573 6884 4911 5036 3227 5821 6409 4548 2529 4187 6808 3180 2486 4923 2299 2209 3285 2962 6287 3454 5430 4252 4902 3366 2818 447 6186 3329 4127 578 4337 6632 6133 7020 3920 2831 4207 1543 5016 6322 2802 2540 4834 6613 2229 3431 3060 3113 3346 5916 3933 2021 2565 3549 5265 1081 1662 5230 5363 4605 3043 6566 1817 5618 4766 2409 5971 4101 1933 4574 5539 5621 3911 5144 4290 7029 198 2957 4742 827 6347 4523 578 3089 8566 7906 2441 2905 3680
2542 1789 2274 1508 3672 5051 3770 3689 3764 3226 2322 4764 5613 3833 3579 2687 4380 4454 2941 2266 3927 6458 2639 2101 4091 1734 2172 2500 2604 6050 2835 4562 4010 3694 2803 2717 328 4965 2907 4049 395 3364 5306 4071 5452 3133 2819 4035 1461 4050 4955 1708 2365 4801 3951 1689 3301 2375 2909 2193 4669 3356 1877 1924 3067 3613 825 1641 5046 3727 4502 2997 5933 1799 5488 3966 1861 4492 2421 1859 4198 4138 4163 3129 4570 4229 5364 188 2853 4710 675 5162 3463 383 2379 8060 7850 2307 2661 2858
