100 4 2
256 224 112 27 1 121 64 145 127 261 2 1 1 278 85 118 105 122 146 26 98 141 39 42 148 178 40 168 131 35 1 30 96 36 11 133 131 126 24 15 83 3 72 188 140 152 25 1 151 240 89 195 144 265 1 1 10 136 37 138 69 105 269 176 132 56 45 56 89 58 66 217 58 74 71 10 224 1 51 1 65 148 46 144 36 120 1 84 225 161 21 93 182 59 211 146 122 49 175 177

1 21 29 18 26 20 13 54 25 23 14 19 15 29 10 51 15 15 1 32 35 23 19 54 9 1 27 13 21 12 7 40 28 9 18 23 50 25 41 9 1 26 18 54 1 27 28 22 16 29 8 22 41 8 6 9 1 44 33 16 2 21 38 1 33 1 22 46 15 1 33 1 1 1 18 10 30 1 16 7 1 17 37 12 3 35 30 16 16 50 49 32 23 34 2 18 16 15 20 8
18 22 31 23 29 31 15 59 37 36 15 30 31 35 14 76 17 31 5 46 38 36 24 55 13 2 29 22 26 14 31 41 45 30 19 27 54 32 44 35 5 28 27 63 10 37 34 24 19 36 27 44 53 24 25 25 17 65 43 50 23 26 52 6 40 8 42 47 21 17 52 2 5 20 19 15 31 5 33 8 11 35 38 13 6 38 40 20 17 67 54 59 35 37 28 40 23 20 34 17
26 38 42 27 52 61 19 73 48 59 37 34 36 40 20 91 19 39 12 57 40 49 33 67 22 16 32 38 32 21 36 42 51 36 22 29 69 34 69 38 8 47 37 76 15 41 36 46 30 48 35 51 75 42 32 40 18 68 44 70 37 32 67 25 52 27 60 64 33 19 64 9 9 37 26 27 44 22 35 20 30 37 51 14 10 54 53 23 18 88 63 69 36 40 42 41 33 21 35 23
37 46 55 39 54 68 27 80 59 66 48 48 45 59 33 113 23 56 20 71 55 65 54 85 41 28 33 50 35 30 71 43 64 41 23 45 85 50 79 47 20 65 50 89 21 55 52 63 47 49 44 64 76 55 42 50 19 75 58 83 52 33 68 49 66 35 62 88 37 22 65 13 25 38 34 28 46 32 40 23 40 46 60 27 11 71 69 36 25 91 74 80 59 44 49 55 52 32 52 36

1 3 18 17 10 1 8 24 11 21 12 15 1 2 1 18 20 1 12 19 28 11 19 14 7 12 18 4 12 3 27 1 9 25 9 1 16 34 8 21 14 17 1 2 1 14 6 7 1 8 13 12 14 23 12 15 14 1 5 24 24 14 1 6 1 4 1 1 18 10 5 25 6 6 17 4 21 8 16 9 1 1 17 23 1 1 5 1 14 1 12 10 3 1 1 6 1 12 17 10
11 24 24 41 15 2 16 36 12 43 38 27 8 12 18 33 23 4 33 39 34 24 20 28 10 37 23 21 13 26 37 11 14 33 10 7 17 46 10 31 26 33 2 13 15 21 24 25 10 25 31 17 15 25 24 16 21 18 6 29 32 21 20 12 11 13 5 2 26 37 19 26 16 7 20 32 28 28 20 17 6 10 28 34 7 5 16 13 19 4 14 14 8 11 9 10 17 24 25 18

4218 2726 5047 2478 6884 4146 8485 6299 3563 2750 6532 5189 4945 5289 5736 5038 2856 4284 3693 841 9041 5236 6361 5641 3732 2932 6714 7823 2665 3016 3144 6030 8008 3823 8528 6586 6828 3653 3855 3422 8977 3976 6539 5870 6932 4391 194 2696 4099 4647 3085 2584 3367 4238 6200 6566 4114 2736 6757 5161 3448 6969 3830 2879 2659 1000 3160 9029 9507 5456 5796 5881 3826 7004 4797 5021 8008 2865 4339 6827 3498 5313 2713 5224 4464 5797 2627 2904 5156 6906 5950 4628 5034 4065 6213 943 3161 6506 2507 5621
5089 3348 6160 3071 8476 4863 9468 7694 4196 3371 7839 5823 6129 6126 7105 6097 3313 4803 4283 940 10805 6432 7756 6873 4287 3254 8194 9550 3142 3514 3829 6831 9531 4695 10447 7394 8472 4465 4504 4152 9914 4714 7298 6574 8250 4880 226 3014 4897 5526 3512 3177 4202 4716 7100 7796 4709 3279 8445 5799 3863 8364 4756 3500 3214 1114 3757 11043 10558 6315 6936 7279 4451 7804 5375 5880 9940 3259 5285 8269 3983 6340 3029 6197 5020 6754 3089 3197 6365 7810 7417 5717 5690 4736 7560 1085 3683 7945 3097 6957
5947 3848 7176 3528 9497 5445 11213 8434 4905 3871 8677 6596 6648 7447 8476 6914 3960 5409 5018 1090 11949 7376 8907 7924 4860 3789 9849 10635 3757 3941 4600 7531 11315 5291 11822 8480 9952 5016 5096 4776 11531 5509 8781 7368 9805 5584 261 3517 5311 6303 4135 3684 4976 5504 7980 8530 5656 3780 9318 6623 4594 9416 5582 3837 3620 1260 4294 13252 12917 7209 8327 8603 4999 9205 6175 6481 11519 3649 6186 9658 4358 7178 3456 6831 6052 7380 3407 3601 7468 9308 8479 6873 6490 5525 8287 1187 4185 9123 3645 8036
6821 4261 8436 3946 10542 6260 13173 9658 5712 4512 10224 7428 7298 8740 9145 8042 4535 5922 5558 1178 13939 8537 9837 8946 5663 4184 11414 11831 4230 4576 5030 8418 12209 6040 13224 9613 11040 5611 5918 5396 13145 6101 9916 8708 10707 6038 305 3837 6224 7143 4696 4261 5595 6116 9015 9528 6148 4159 10148 7259 5067 10171 5985 4213 4260 1466 4631 15454 15211 8038 9298 9934 5391 10655 7278 7582 13154 4310 6851 10430 5016 8124 3840 7959 6721 8027 3759 4042 8400 10818 9113 7580 7712 5984 9427 1360 4863 10468 4237 9302

3761 2289 4417 2114 5994 3358 4771 4115 3192 1832 3783 3680 3938 3846 4650 4483 2523 2730 2736 709 7931 3243 4851 4345 2192 2453 5049 6199 1921 2424 1766 3392 5876 2630 6613 4672 5723 2039 2240 2553 7992 2700 3911 4778 5094 2946 110 1549 3619 2911 1918 1702 2693 3098 4980 5872 3432 2017 5219 3928 2815 5240 2376 2314 1452 740 2241 8047 6856 4839 4264 4920 2969 5863 3582 4018 5398 2371 3235 5138 2445 4267 2418 4628 3805 5040 2335 2144 3189 5171 5325 2602 3837 2190 5122 755 2354 4831 2088 4454
2337 2177 4267 1782 5568 3186 4768 3303 2692 1443 3768 2894 2978 3717 4128 3260 1570 2708 2517 516 7640 2951 4077 3326 1902 2264 4914 4430 1841 1573 1619 3123 4977 2172 6428 4275 4716 2007 2087 1755 6807 2329 3903 3211 4348 2767 100 1390 3251 2899 1755 1468 2169 2861 3170 4476 2857 1725 5190 3815 2331 4165 2092 1613 1419 714 1774 6828 5451 3633 3583 4132 2398 3669 2986 3670 5271 2129 2558 4632 2126 3036 1772 2656 3182 4272 1570 1991 2604 4128 3151 2540 3596 2172 3228 561 2182 4566 1695 3792
