100 4 2
226 148 82 81 39 14 206 116 118 40 139 198 158 63 23 41 3 104 206 118 112 199 106 220 54 22 84 102 143 217 1 7 179 158 110 49 126 1 176 78 90 90 132 99 116 177 206 122 110 165 232 25 92 45 248 70 1 53 44 13 175 203 77 237 103 99 137 85 33 34 173 144 59 43 101 173 12 26 149 98 139 276 112 211 94 195 141 15 203 109 176 165 56 142 1 99 79 149 26 105

17 46 49 16 48 1 39 1 14 16 23 1 1 26 35 1 61 24 8 1 16 1 9 43 6 10 16 18 24 1 27 6 40 41 16 1 15 20 36 24 38 18 39 29 19 36 5 15 51 17 4 29 26 18 20 23 10 18 70 29 12 17 39 1 23 26 22 23 39 24 35 35 34 38 17 18 14 40 16 26 20 10 31 39 31 14 22 27 16 37 9 22 1 18 11 22 27 27 17 11
24 59 64 24 54 15 50 4 15 35 46 16 15 43 49 11 62 25 28 4 20 20 11 47 14 21 22 19 31 17 38 28 52 52 24 18 18 24 42 31 45 27 58 51 39 52 13 25 52 26 18 37 29 20 29 27 19 23 92 47 13 29 68 3 34 27 31 38 60 34 52 58 37 44 27 29 15 57 17 30 37 15 32 44 45 25 36 29 29 51 22 25 8 34 12 28 49 34 32 22
42 67 70 25 61 23 57 18 28 53 54 23 27 50 68 23 81 44 38 28 36 28 16 48 15 27 26 32 50 21 51 44 68 68 40 30 45 27 43 34 53 39 72 70 45 56 21 26 89 32 44 39 41 31 34 46 42 33 98 66 31 32 74 14 49 32 48 51 82 41 76 62 49 66 53 48 22 61 26 43 56 20 34 64 46 30 49 35 31 64 38 41 9 38 17 30 70 38 33 23
57 78 79 49 69 37 70 35 41 56 55 34 43 66 88 24 93 60 46 29 37 44 23 61 16 39 39 56 64 31 68 56 79 84 43 39 46 33 61 53 72 42 76 90 48 59 26 36 111 45 69 53 49 46 40 74 61 34 111 73 47 46 78 15 65 48 53 72 97 59 77 67 58 72 59 52 26 91 39 47 62 38 44 66 65 52 52 53 43 66 61 47 32 49 33 31 73 48 44 56

10 1 5 10 11 7 8 19 1 5 4 1 1 8 16 4 1 33 6 12 21 21 1 12 26 7 32 15 6 19 1 21 20 14 1 12 8 6 7 9 8 22 7 1 2 1 25 8 23 7 5 7 18 13 10 1 9 7 15 22 15 2 2 9 13 5 5 7 5 9 1 2 20 1 9 6 16 20 7 11 9 1 15 13 1 11 15 6 12 2 4 17 10 8 7 7 13 13 11 1
11 11 23 25 17 15 22 24 16 12 15 2 2 12 31 6 11 37 11 14 53 43 21 26 41 9 36 28 16 43 9 22 24 23 14 17 16 28 21 10 24 40 19 19 16 7 30 16 30 18 9 30 22 25 12 12 15 24 19 34 35 18 3 23 16 12 14 12 24 16 5 22 22 2 23 18 18 24 26 12 10 7 21 31 7 33 22 13 26 11 21 21 27 9 8 31 16 23 26 7

7539 6045 2972 812 5923 6430 6768 1919 9938 4894 4120 3784 4555 6828 7161 6491 7222 6146 4921 3378 3412 3927 4242 6109 6987 7040 5542 832 3867 3702 5924 3241 5552 2868 10258 3572 1920 6010 8021 7201 3542 1782 7652 4951 5920 4329 7284 1614 3771 9546 2816 3841 4586 5847 3280 6077 7393 4275 7762 5502 7622 4212 6884 2529 6727 7527 3506 3535 10179 5739 7223 5890 10396 3142 8975 3185 3607 6048 9086 635 3532 3701 10341 4372 6905 3855 5108 5809 9101 4406 2896 4776 3440 3828 8741 4446 2926 659 3123 9178
9209 7328 3360 926 6645 7409 7952 2227 10963 5494 4986 4453 5538 7839 8933 7299 8548 6924 5437 4047 3967 4854 5218 7298 8550 8278 6460 1038 4274 4379 7065 4005 6570 3549 12470 3940 2314 7273 9458 8258 4398 2056 8545 5744 6819 5222 8987 2012 4422 11215 3117 4743 5371 6655 4056 7289 8453 5119 8601 6699 8896 5018 8529 3106 7577 9303 4331 3891 12236 6917 8285 7266 11442 3823 9945 3633 4376 7162 10752 786 3920 4418 12727 4900 7793 4519 6024 6862 10990 4863 3278 5594 3976 4224 10180 5231 3228 750 3607 10163
10489 8137 3981 1115 7392 8556 9347 2656 12598 6508 5866 5307 6104 9205 9893 8044 9664 7771 6232 4674 4442 5291 6060 8056 9774 9342 7537 1238 4913 4797 7907 4706 7215 4152 14824 4402 2555 8122 10522 9532 5202 2393 9917 6378 8093 6159 10058 2193 5270 12300 3556 5138 6341 7824 4751 8283 9822 5575 10399 7313 10739 5535 9346 3412 9053 10607 4855 4272 14103 7645 9981 8466 12851 4437 12180 4327 4836 7924 12766 926 4343 5225 13961 5859 8545 5283 6540 7925 13177 5416 3780 6669 4759 5146 11426 5865 3663 888 3944 11349
12007 9158 4674 1280 8383 10152 10995 3071 14016 7600 6445 6093 6811 10121 11462 9059 10616 8708 6797 5229 5280 5690 6526 9372 11137 10847 8551 1371 5373 5299 9178 5427 8503 4536 16615 4840 2749 9360 12256 10909 5607 2605 11219 7153 9480 6692 11386 2411 6164 14221 4246 5664 7224 8989 5499 8907 11367 6633 12316 7985 11870 5969 11040 3739 10477 12360 5520 4649 15313 9032 11208 9328 14472 4899 14141 5049 5339 9267 14064 1031 4937 6058 16325 6518 9532 5908 7127 8915 15292 6205 4335 7531 5564 5761 13207 6315 4309 989 4486 12678

5139 5064 2397 718 4891 5059 4442 1574 6601 4213 3268 2756 4032 4451 5893 4662 5910 3739 3830 2874 2971 2904 3587 5340 5987 5915 4691 741 3113 3109 5195 2233 3208 2196 9170 2435 1261 5100 5694 4900 2613 1438 6375 3951 5136 2634 5297 1205 2725 7457 2278 3051 3845 4903 2748 5412 6373 3766 6867 4812 6768 2611 4118 2002 5062 5737 3127 3122 9135 4333 5848 5130 8209 2217 7417 2564 2825 4806 5693 405 3126 3140 6302 3534 5176 2962 4357 4485 8189 3601 2133 3228 2805 3142 7723 3578 2471 560 2345 7400
4087 4868 2346 624 4082 3457 4233 1093 5752 2966 2558 2214 2615 3843 5575 4145 4977 3116 3164 2396 1757 2306 3367 3107 4845 5190 4221 670 2064 2622 3788 2173 2884 1757 6938 2111 1220 5027 4976 4378 2154 967 5685 2672 5015 2452 3650 1144 2236 4975 1513 2685 3058 3616 2704 4394 3761 2369 4782 3055 5542 2446 3714 1897 4104 3980 2919 2230 6201 3048 5460 3590 7463 1735 5597 2212 2097 3880 4823 353 2170 2244 5381 3303 4905 2887 2890 3870 5531 3321 1912 2666 2244 2084 6489 2313 1643 373 1639 6423
