100 4 2
29 1 112 109 146 62 196 77 95 145 37 77 184 11 1 1 83 98 114 96 145 80 122 132 95 19 5 129 1 1 32 208 92 88 57 13 120 46 12 161 187 70 192 85 53 75 19 201 108 61 83 137 164 206 1 1 14 1 362 215 70 122 118 107 161 194 188 204 1 6 165 118 37 166 1 88 2 56 289 106 144 113 72 81 175 224 78 251 210 134 154 123 195 180 73 128 153 44 92 150

38 29 22 31 29 25 11 13 19 28 22 17 4 1 17 45 9 22 35 40 18 42 26 42 36 1 35 7 24 36 34 14 30 12 1 29 22 48 9 35 19 15 11 1 1 42 8 1 5 11 22 20 1 14 56 46 37 3 8 22 50 1 9 18 15 5 13 11 30 12 23 2 21 1 30 44 6 12 16 17 16 41 29 15 29 26 24 15 27 23 16 25 21 9 35 50 30 1 18 45
44 48 26 39 34 36 25 34 32 29 44 23 12 11 24 46 22 45 38 41 36 52 40 51 47 13 52 17 34 47 37 25 44 13 7 38 28 51 15 63 33 20 20 6 23 51 11 17 17 21 32 33 11 18 63 61 53 20 18 32 62 8 22 22 18 18 30 14 37 31 37 21 29 7 42 59 8 26 24 31 35 60 33 22 44 29 26 16 37 31 18 29 30 26 38 65 43 5 21 61
47 66 38 55 42 37 32 51 33 38 45 49 13 29 44 52 32 46 39 63 55 58 49 57 48 25 68 35 44 64 46 48 45 27 24 39 58 76 32 89 48 21 25 20 33 66 29 28 27 30 48 42 16 21 76 67 60 31 33 39 68 15 25 32 21 30 35 24 38 41 52 37 33 15 57 68 17 35 26 46 44 61 41 34 65 37 43 18 53 32 19 36 37 35 53 71 63 20 34 63
69 67 62 79 60 42 33 57 34 50 46 61 25 37 57 66 52 57 50 74 56 83 50 74 58 31 70 49 49 70 53 67 60 33 50 54 72 83 57 100 57 25 40 24 34 78 47 38 52 37 50 57 23 34 96 82 64 45 49 42 80 17 30 33 25 31 55 45 47 47 63 38 52 29 66 76 24 36 30 47 74 63 42 46 67 54 46 30 64 43 21 43 39 47 73 84 71 36 36 69

22 14 7 13 27 4 2 6 1 14 9 14 1 2 1 12 1 15 8 4 37 1 5 19 3 13 14 19 11 20 26 1 20 1 13 6 9 11 16 11 1 10 13 16 10 12 18 1 15 1 2 12 9 7 7 1 16 5 11 14 14 21 1 1 15 1 1 17 24 24 9 12 9 1 12 9 18 7 1 1 6 9 1 4 7 4 1 1 5 13 11 3 1 15 18 22 4 1 3 8
35 29 19 19 31 17 25 11 6 16 20 21 7 10 17 18 27 26 21 5 38 3 12 24 9 14 21 20 20 38 28 11 33 13 17 24 10 28 22 20 13 21 15 25 11 23 22 20 18 21 13 17 24 23 31 9 27 6 29 34 23 34 13 6 28 12 2 25 43 33 21 25 15 17 24 15 31 15 11 19 19 15 8 11 13 24 12 20 12 24 22 4 6 22 27 25 15 14 13 19

3022 7156 3350 4244 3626 6335 6023 5967 5956 5823 5304 9751 2516 3929 5927 7074 3415 7083 7991 2803 3602 3097 5645 3414 7929 5369 6413 2811 5341 1971 3418 4607 5236 2609 3732 4379 391 5782 1961 2807 7084 1698 1608 5669 6515 2784 6525 4021 6581 7740 3193 7101 6343 6742 2896 4201 5618 6514 2730 2615 5805 6235 8960 8601 3411 6888 6600 6613 6629 4698 6482 2692 4533 6639 4143 2980 9473 9682 6164 5220 5578 6214 3942 6820 5156 6246 5460 9454 7454 3163 6350 1446 9856 3183 3170 6039 3796 576 2693 3920
3508 7906 4155 5034 4093 7403 7313 7323 7012 6655 6547 10871 2845 4427 7341 8662 4232 8550 9574 3471 4083 3815 6260 3980 8865 6079 7683 3339 5984 2453 4145 5572 5889 3244 4405 4871 449 7127 2323 3454 8759 1990 1961 6947 7257 3214 7607 4867 7523 9385 3589 8213 7813 8009 3187 5224 6731 7516 3024 3052 6739 7305 10719 10719 3825 8171 7649 7888 7643 5375 7449 3123 5583 8123 4795 3430 11726 11627 7614 5794 6506 6888 4432 8521 6174 7340 6395 10580 8936 3593 7387 1720 11354 3782 3836 6875 4444 693 3132 4545
3865 8900 4601 5534 4527 8686 8647 8326 8161 7309 7403 12691 3331 4893 8699 10134 4882 9804 10759 3797 4548 4543 6850 4727 10312 7335 8593 3722 6839 2933 4973 6550 7159 3814 4857 5371 519 8541 2601 3979 9931 2405 2201 8304 8350 3633 8574 5568 8967 10903 4207 9018 9360 9010 3890 5944 7794 8387 3693 3434 8088 8042 11784 12255 4231 9724 8949 8648 8538 6508 8279 3628 6553 9201 5248 4105 12972 12599 8856 6806 7273 8270 5077 10021 6764 8226 7392 11577 10236 4099 8309 1909 13423 4317 4272 8248 5178 752 3654 4989
4246 10391 4993 6211 4905 9658 9727 9354 9360 8457 8592 14121 3784 5397 10028 11105 5691 10972 12464 4168 4968 4890 7638 5069 11697 8651 9699 4179 7870 3364 5414 7433 8083 4396 5463 6369 595 9780 2823 4291 11639 2657 2459 9361 9532 4310 9414 6570 10548 12499 4594 10265 10274 10631 4263 6991 9153 9740 4339 3919 9384 9244 12876 13434 4587 10687 10323 9515 9710 6987 9018 4189 7551 9990 5835 4561 15007 14014 9654 8076 7990 9330 5833 10731 7939 9034 8231 12850 11709 4559 9621 2263 15070 5091 4726 9104 6009 864 3932 5699

2605 5999 2781 3629 3229 4584 5176 5245 4958 3433 3933 7479 2217 3083 4845 5873 2339 4765 6386 2029 2811 2713 4650 2828 6695 4040 4470 2414 4718 1497 2673 4013 4471 1821 2242 2987 310 4834 1478 1713 5736 1355 1342 4732 4279 1977 5509 2719 4962 6384 2275 4797 5299 4816 1573 3545 3400 5146 2213 1911 5056 4186 7153 5380 2529 6182 5360 3921 3920 2972 5160 2291 3887 4086 2920 2059 7906 8429 4354 3046 4573 4346 2840 5018 3813 4792 4702 5695 5839 2835 5504 984 7430 2684 2467 4146 2968 444 1850 3320
2604 4731 2139 3044 2981 3819 5019 3965 4308 2956 3449 6941 1585 2076 3705 5023 2159 4435 5938 1923 2245 1683 3274 2384 5807 3028 3915 2106 3435 1476 2548 3542 2872 1366 2226 2759 297 3847 1198 1434 3896 1302 1297 4221 4071 1408 4293 2087 4677 4066 2003 3967 5282 3664 1561 3443 3399 3659 1862 1313 3126 4152 6770 5219 2406 4046 4740 3832 3590 2399 3985 1930 3844 3419 2679 1506 5474 8131 3339 2829 4013 4001 2829 3931 3252 3624 3063 5421 4620 2825 3727 975 6563 1965 1712 4042 2057 425 1359 2268
