100 4 2
262 26 39 72 161 1 79 1 1 86 176 74 296 99 144 38 90 136 1 122 156 312 1 190 45 110 50 85 98 60 68 33 1 1 138 198 169 185 139 103 93 75 22 182 1 127 224 174 145 124 97 196 46 71 9 72 122 70 147 159 198 1 159 137 186 241 100 126 127 74 173 62 182 172 243 40 108 39 127 1 257 91 137 118 86 124 76 151 151 170 103 143 179 72 114 187 225 1 73 200

19 18 8 42 19 14 15 23 41 25 16 21 23 1 21 8 15 37 20 8 10 12 34 26 26 1 24 3 1 19 19 10 1 27 1 8 3 23 43 3 31 18 1 1 12 22 24 47 5 1 25 1 13 30 55 16 23 1 1 1 1 18 21 33 56 18 25 13 1 6 1 33 21 37 5 41 1 8 1 34 19 23 8 4 32 26 27 20 49 1 1 28 42 20 14 18 29 36 9 19
41 19 18 43 20 18 20 29 53 40 23 27 34 15 29 25 25 38 22 11 16 35 40 29 44 14 26 8 6 28 43 15 2 28 18 12 16 35 58 10 43 35 11 5 21 37 44 58 23 9 27 7 33 50 61 23 24 13 12 2 12 24 45 36 59 22 31 21 2 11 7 38 30 56 19 42 4 19 7 35 25 33 22 5 38 35 34 21 57 2 13 37 58 34 20 30 42 42 24 26
50 32 26 44 39 39 27 39 68 47 24 30 35 23 30 34 26 45 32 17 22 52 51 44 63 21 41 9 24 57 63 29 7 47 38 17 17 44 60 20 58 36 16 18 39 41 51 70 46 23 31 8 58 51 65 47 36 31 23 5 27 26 59 42 76 38 41 34 21 23 22 42 45 62 26 47 22 22 13 39 39 38 29 17 43 48 42 39 62 16 28 56 76 35 27 55 50 57 30 36
54 39 36 70 54 40 29 55 80 54 29 35 46 34 39 46 40 53 51 21 41 66 61 60 73 30 48 25 50 71 79 37 8 76 44 18 18 62 68 27 77 66 19 38 40 63 60 81 49 25 54 12 66 57 84 53 45 49 27 11 46 35 77 59 80 60 59 35 23 31 26 62 67 74 30 57 28 38 35 47 58 48 35 18 60 59 56 51 72 17 53 63 97 57 35 69 61 62 43 48

1 19 11 16 17 5 1 1 4 10 14 16 13 9 16 17 12 20 6 16 8 5 4 1 13 1 2 2 7 9 1 8 1 11 4 11 16 24 10 14 4 1 18 5 3 8 6 15 19 3 8 12 14 1 7 23 22 1 15 11 15 16 8 14 24 1 21 1 5 15 7 12 14 22 1 23 11 11 16 8 10 17 17 1 14 17 19 22 5 8 1 20 2 1 1 1 17 9 1 17
3 22 15 43 30 8 20 16 5 11 30 20 29 19 27 22 22 31 9 17 21 24 12 5 20 8 13 12 26 21 2 41 10 17 9 18 19 39 36 37 14 10 26 10 7 28 15 45 29 6 15 23 15 12 18 25 41 8 24 27 34 27 28 22 25 17 28 2 18 26 22 27 15 33 10 27 29 29 19 15 11 27 44 11 30 24 25 31 15 16 5 30 4 6 3 17 20 10 20 36

3930 7542 2450 7054 6475 6652 4525 3717 10109 2328 7889 6917 4582 4672 3381 3597 6178 4975 7540 4687 1230 4928 9271 6407 7633 4748 1634 3157 7143 5934 3494 5224 6191 10337 2245 9235 3046 7824 7885 3882 6727 1441 5772 840 6150 6697 9833 2207 4741 8885 6528 3101 3671 5857 10582 8185 7139 1223 7928 6027 1337 3796 7231 2815 7931 2474 5967 4935 5327 6989 4653 4888 6253 201 7309 7864 5806 6098 4897 7576 6882 6604 3391 8412 4131 9728 5708 4722 7845 7765 6295 2308 3797 4591 8770 3368 7566 7848 4146 7890
4437 9018 2992 8672 7681 7864 5168 4110 11392 2811 9291 7649 5635 5364 4045 4078 7315 5565 8583 5401 1482 5597 11018 7899 9504 5679 1888 3684 8779 7171 3942 6375 7152 11968 2615 10556 3747 8807 9639 4472 7951 1747 6559 1009 6828 7511 11764 2757 5616 10404 7742 3495 4481 6603 13113 9934 8868 1351 9814 6854 1501 4330 8852 3388 9146 3077 6731 5552 6193 8052 5654 5462 7457 243 8295 9632 6461 7236 6039 8475 7688 7954 3743 10103 4649 11386 6651 5383 9274 8621 6962 2824 4711 5323 9845 4153 9095 8766 4747 9635
4989 9963 3276 9520 8615 9122 5636 4823 13576 3346 10638 8445 6405 6419 4659 4586 8361 6084 9730 6195 1735 6669 13059 8975 11220 6571 2213 4378 10101 8359 4706 7282 8036 13020 2963 11690 4225 10598 11143 5106 8712 1983 7543 1180 8035 8793 13321 3088 6105 12478 8733 3828 4858 7601 15107 11345 9790 1521 11412 8125 1795 4871 9944 3754 10446 3452 7343 6446 6747 9531 6647 6005 8466 288 9322 10593 7696 8215 6619 10117 9170 8789 4132 11470 5151 13090 7657 5959 10240 10376 8449 3084 5130 5884 11067 4630 10111 9964 5635 11394
5719 10795 3800 10937 10058 10717 6739 5477 15475 3653 12280 9198 7430 7512 5169 5146 9263 7091 10771 7158 1992 7788 14428 10400 12093 7614 2470 5132 11102 9751 5560 8560 8726 15534 3363 13311 4829 12207 12970 5941 10359 2139 8511 1344 9187 9892 14330 3460 6649 14094 10257 4305 5518 8669 17072 13365 10660 1740 13355 8869 2075 5693 10921 4341 11952 3734 8695 7327 7321 10495 7354 7143 9478 331 10947 11732 9016 9478 7247 11479 10609 10252 4626 12373 5981 14198 9044 7045 11128 11263 9440 3369 5633 6981 12372 5014 11731 11626 6573 12313

2481 6217 1779 5568 5423 4559 3882 3008 7813 1651 5677 6067 3898 3983 2390 2022 4569 4430 6050 2855 959 2885 7797 4460 5122 2597 1461 2633 4606 4893 2588 4279 5322 8669 1808 6354 2713 6299 4807 3263 5146 1272 4216 744 4170 5758 6042 1560 3931 7027 4719 1812 2826 4062 9176 5239 6283 1025 6596 3887 904 3270 4442 2327 6628 1929 3626 4117 4467 5636 3583 3043 4632 165 6477 5550 4555 5472 4087 6051 5970 4875 2860 7097 3061 7410 4808 2937 6880 4232 5407 1864 2601 4115 6220 2669 6080 6030 3335 7018
2343 4798 1382 5404 4779 3656 2739 2967 7673 1366 5425 4405 2876 2589 2000 2005 3562 2957 5972 2576 861 2741 6411 4075 4313 2441 1250 1777 3853 4826 1818 2828 4856 5443 1564 5232 2103 5984 4200 3101 4128 1126 2936 674 3696 5616 5775 1372 2775 6893 4468 1577 2385 3672 6686 5147 4637 617 5582 3669 861 2332 3815 2234 5686 1259 3450 3667 3961 4519 3566 2663 3716 109 4515 4664 4158 5340 3549 3945 5206 3303 2166 4571 3025 7042 3811 2584 6717 4163 4805 1574 1939 3188 5301 2009 5740 5982 2534 6843
