100 4 2
184 89 176 111 193 246 90 228 154 118 71 175 32 1 157 38 125 13 1 39 132 30 255 67 166 88 149 1 2 117 157 159 25 8 123 166 77 197 89 69 101 81 162 157 103 122 92 91 25 115 1 59 189 145 105 163 126 27 1 39 188 1 1 195 214 171 1 1 92 34 227 218 37 1 71 158 149 91 124 134 121 1 4 116 129 27 99 57 70 1 187 329 24 32 40 1 164 1 27 1

21 1 6 19 1 15 10 49 39 19 30 38 11 17 23 1 47 11 9 1 7 5 22 16 20 16 15 11 20 1 27 23 36 27 17 1 22 18 42 58 22 10 12 32 1 13 5 38 55 30 1 27 5 32 4 17 13 37 5 11 23 19 51 5 67 22 14 16 17 27 42 1 29 51 13 27 57 46 1 24 11 10 7 6 26 55 24 11 13 18 20 25 44 27 36 16 32 1 12 53
25 7 19 33 10 31 13 50 46 20 48 42 12 34 26 21 59 23 17 10 16 31 23 37 21 29 43 16 28 15 39 40 38 38 30 13 37 41 58 67 32 17 23 49 12 29 32 53 63 41 19 53 11 42 14 23 25 50 8 31 41 42 70 23 77 43 17 26 23 30 49 10 39 58 23 34 80 47 12 28 16 11 28 15 37 73 33 23 14 30 23 28 47 46 52 19 46 8 20 77
28 22 30 37 11 37 29 64 50 25 49 58 29 38 34 22 77 33 39 27 30 32 34 44 34 51 62 27 35 20 63 41 58 49 53 36 43 60 66 85 33 36 27 54 33 37 35 56 69 43 23 63 19 46 21 38 48 57 23 47 59 54 91 30 85 54 33 34 26 36 51 13 40 63 36 38 92 55 27 44 20 18 29 32 54 82 36 30 16 48 25 37 55 63 77 33 54 12 34 88
47 37 37 57 17 48 31 67 55 49 53 59 57 39 46 23 89 41 59 44 31 46 44 62 49 65 83 33 51 43 72 44 59 50 54 58 47 82 81 96 48 41 45 74 40 43 36 62 74 57 46 76 23 60 22 47 55 73 54 49 73 66 107 50 96 58 34 47 44 43 55 22 57 68 53 59 110 57 32 55 28 35 30 41 60 85 42 50 34 63 34 38 68 74 86 36 56 13 54 103

1 8 1 1 16 12 13 16 19 8 17 21 6 1 1 8 21 6 1 25 1 13 12 1 9 1 14 6 25 20 7 16 2 13 19 1 13 2 12 1 1 7 13 4 1 2 11 12 11 8 11 9 17 29 11 12 6 13 8 9 14 13 5 30 15 16 1 13 13 6 31 14 17 14 8 16 12 3 4 15 14 1 1 14 21 1 7 12 20 12 2 15 1 1 9 20 7 17 1 18
2 16 17 14 30 15 26 18 32 29 18 31 30 2 4 22 37 23 12 34 20 23 21 21 19 21 38 23 33 24 10 37 3 14 38 21 26 23 32 16 10 12 16 34 19 23 27 20 22 30 36 18 32 39 31 21 25 30 11 26 25 21 19 51 29 20 12 20 31 16 42 30 21 35 14 34 19 8 12 24 25 2 2 22 30 5 19 13 29 21 11 23 17 2 18 21 12 37 6 23

5912 5483 4496 1644 5170 5268 4352 6374 6197 2975 3395 5430 3465 4046 584 41 3785 3132 5500 6185 2697 3582 2743 5354 5406 5144 6304 3728 6555 2917 5667 6544 3952 4430 2537 2836 4216 3015 3250 2759 5921 3260 5817 5254 5101 2474 1848 3002 6012 5788 4277 5825 4199 5667 6684 6572 4096 4687 3186 4491 5163 3910 8703 5327 5021 6148 5408 5797 1397 1102 4674 2513 6727 5970 3799 3127 2761 8377 3040 3791 2741 3544 3796 4056 4127 3026 5949 2908 3782 4492 4803 5362 2794 5283 3012 5779 3047 3290 3504 6712
6998 6467 5512 1840 5997 5927 4898 7959 7399 3318 4105 6656 4205 4955 700 47 4406 3454 6062 7513 3330 4034 3164 6319 6162 6387 7382 4279 7904 3407 6861 7424 4930 4963 2910 3337 4979 3458 3856 3257 6689 3906 6416 5966 5977 2924 2160 3391 6623 6403 4810 7241 4953 6428 7789 8054 4802 5159 3708 5132 6329 4872 10506 5865 5946 7557 6119 7090 1552 1301 5789 3023 7882 7311 4377 3864 3263 10076 3420 4587 3127 4232 4285 5061 4835 3410 7109 3401 4351 5048 5552 5933 3280 6544 3585 6716 3551 3911 3950 8091
7752 7074 6505 2227 6917 7062 5402 9415 8700 3730 4768 7799 4687 5541 808 52 5103 3881 6984 8792 3738 4618 3489 7216 7201 7573 8306 4725 9393 3879 7964 8453 5892 5598 3515 3886 6007 3938 4442 3769 7880 4329 7649 6633 6552 3185 2427 4095 7497 7191 5267 7829 5625 7075 9137 9016 5231 6243 4062 6058 7396 5747 12599 6485 6751 9077 7284 8163 1758 1570 6384 3407 8634 8682 5219 4477 3946 11494 3803 4971 3511 4599 5185 5906 5521 3782 8346 3785 4966 6070 6745 6552 3796 7462 4018 7715 4235 4508 4564 9576
8457 8338 7087 2506 7685 8331 6246 10433 9929 4394 5322 8498 5342 5964 870 61 5794 4505 7752 9900 4224 5104 4093 8340 8366 8109 9295 5163 10966 4183 9346 9438 6413 6681 4061 4505 7055 4553 4911 4328 9349 4731 8393 7596 7182 3498 2880 4495 8276 8195 5970 9164 6374 8389 10681 10617 6202 6993 4429 6677 8020 6271 14489 7694 7537 9718 7840 9611 1943 1761 7112 3697 9663 9394 5716 5208 4380 12807 4403 5700 4071 5316 6004 6841 6158 4523 9140 4090 5413 6532 7904 7222 4325 8100 4434 8407 4768 4874 5168 10624

5194 3913 2884 1186 4035 4035 2882 5710 3440 2574 2524 3888 2881 3339 434 32 3055 2546 4665 5427 1839 2346 2053 4479 3026 3944 4565 3294 4367 1876 3799 4860 2921 3251 1962 1956 3013 2680 2370 2448 4600 2259 4129 4508 3676 2071 1573 2302 3688 5003 3667 5215 3584 4777 5544 4872 3247 2905 2358 2856 4169 3066 6861 3976 3862 4868 4721 5083 972 856 3073 1771 5510 5210 3225 2213 2223 5147 2444 2626 2145 2902 2253 2950 3254 2251 5183 2486 2828 3507 3898 4298 2447 4346 2676 4514 2502 2692 3103 5284
3752 3654 2386 1021 3349 3489 2779 4996 3392 2025 2426 3304 2280 2136 412 21 2339 2528 3384 4656 1361 2195 1951 3340 2725 3017 4201 2201 3752 1623 2935 4488 2806 2313 1526 1945 2259 1563 2321 2044 3857 1780 3407 3071 3038 1908 1153 1617 3243 4568 3546 4651 2138 4375 5065 4662 2697 2546 1895 2315 3407 2208 5256 3077 3344 4779 3396 3265 784 777 2923 1636 4800 3583 2386 1834 1740 4532 2394 2189 1831 2551 2102 2584 3114 1711 4476 2485 2168 3431 3562 2818 1524 4268 1574 3178 1828 2112 2771 5275
