10 9 1
3 50 79 35 3 79 57 72 60 27

1 1 1 4 1 2 11 4 9 6
7 8 7 15 27 21 12 12 20 20
38 29 37 21 39 24 57 12 28 26
42 41 37 25 43 29 60 35 28 29
50 54 48 34 62 41 61 38 43 58
56 84 60 48 66 45 66 46 55 60
66 90 79 55 70 48 71 66 75 66
70 91 80 59 70 57 87 82 78 73
82 92 82 74 100 89 98 96 99 79

37 69 41 1 37 18 100 14 61 87

27 50 88 38 15 80 71 73 60 45
33 51 141 49 15 89 75 87 61 75
54 64 149 67 33 89 86 87 62 98
76 67 177 97 85 98 97 98 76 100
130 86 206 102 86 99 105 118 77 101
140 95 223 155 142 103 138 151 91 106
146 98 239 160 162 110 141 160 100 116
165 98 253 176 164 111 149 164 105 126
196 100 257 202 199 111 151 167 107 127

2 28 61 34 8 1 33 68 24 17
