10 9 1
39 3 71 67 56 93 5 95 79 55

2 15 20 5 3 7 8 8 24 2
10 18 25 9 25 18 11 18 28 6
31 58 34 11 35 29 24 49 51 51
74 76 39 36 55 33 32 52 62 51
75 80 43 51 61 46 50 54 62 52
76 85 46 56 64 65 56 72 84 55
79 90 80 71 64 79 72 76 85 64
84 91 82 77 80 82 86 83 86 83
95 93 91 81 95 89 91 88 97 90

13 83 6 43 67 11 50 55 53 92

48 9 75 78 64 93 29 99 79 68
64 18 90 82 65 93 53 116 80 68
71 32 92 83 66 97 61 124 80 69
97 71 99 92 85 117 95 133 84 81
99 132 104 94 92 122 121 136 94 88
120 155 104 97 96 122 152 178 96 92
143 159 108 101 100 124 182 209 114 93
190 177 116 108 102 125 195 245 118 96
235 200 117 112 105 135 200 282 122 104

44 3 33 56 53 66 6 87 73 45
