10 9 1
44 46 3 68 83 4 84 5 44 7

5 2 15 3 7 27 1 1 3 10
7 7 27 16 17 47 6 2 11 17
45 9 40 43 23 48 8 13 15 19
48 24 53 48 42 51 14 20 34 22
65 28 64 56 46 55 22 31 51 52
76 48 65 57 80 57 59 33 52 56
89 51 69 62 83 61 64 52 52 83
91 54 79 89 86 72 67 65 64 89
98 90 95 99 92 99 70 99 73 92

56 77 67 86 69 42 98 77 40 60

55 54 13 69 89 6 96 5 50 13
57 55 26 79 95 7 99 5 132 35
91 62 33 85 95 16 100 11 162 42
99 82 105 98 100 17 102 27 169 43
150 85 115 103 104 29 104 34 177 82
184 119 151 124 104 31 115 58 180 83
199 120 152 125 114 35 122 68 191 92
203 141 159 140 124 39 126 131 201 102
204 145 195 146 130 41 128 143 224 107

24 17 11 12 58 3 18 2 23 12
