10 9 1
40 75 82 66 97 74 32 78 58 47

5 22 30 8 6 11 3 40 17 12
33 50 35 20 52 25 9 51 24 35
34 58 35 23 58 44 26 67 24 46
34 60 67 34 70 53 28 70 33 59
43 78 84 35 72 58 38 80 40 67
51 84 84 36 80 59 64 85 60 74
57 89 89 40 82 62 82 87 73 79
64 94 99 79 92 69 90 93 81 82
75 99 100 99 92 71 93 96 81 86

46 8 29 69 26 16 10 93 64 19

83 77 90 74 116 87 40 108 77 52
86 92 100 81 121 88 42 108 102 60
100 126 112 95 124 95 52 179 158 97
116 231 124 101 129 96 59 184 168 101
124 244 139 103 130 113 62 186 180 103
131 253 147 105 137 130 80 186 186 105
142 256 148 108 141 133 92 254 222 117
200 256 151 110 141 136 94 261 245 130
208 271 174 111 143 158 126 276 246 134

7 72 46 41 80 45 34 22 18 29
