100 4 1
68 32 63 24 51 23 88 99 95 75 37 82 57 16 89 87 11 51 66 10 59 91 39 51 73 18 19 51 23 81 99 39 19 13 93 87 94 12 68 80 7 84 50 12 10 69 40 87 75 14 86 27 83 14 11 6 48 8 65 92 39 44 2 46 98 28 40 57 61 6 50 21 62 60 27 40 19 91 51 92 99 11 72 59 23 65 9 51 47 56 24 18 17 68 91 88 9 62 82 39

22 13 7 3 43 25 61 22 34 5 29 12 20 25 18 6 60 27 48 11 16 31 1 36 39 62 12 33 48 44 41 61 39 9 9 2 15 37 7 16 45 61 6 27 10 58 5 41 36 13 3 5 5 1 10 17 29 19 25 3 38 20 2 44 34 16 30 18 17 42 35 28 22 11 5 54 10 47 9 28 10 2 29 7 37 39 8 21 5 37 3 18 58 1 26 61 29 6 1 5
23 24 50 13 69 40 72 22 37 17 30 22 34 27 49 67 76 78 71 33 35 45 40 61 92 84 24 37 56 49 60 64 47 54 41 15 27 39 45 23 52 69 7 55 22 66 28 51 46 85 22 21 35 5 12 61 54 35 45 17 62 58 26 68 86 53 37 24 28 80 42 31 41 19 41 57 19 53 21 33 23 20 39 16 43 84 20 56 58 40 40 19 66 20 34 72 50 16 28 6
42 64 53 46 70 62 73 36 45 24 33 24 42 66 52 79 83 94 81 88 56 56 60 83 98 93 84 84 71 64 73 66 90 70 63 64 32 55 47 24 61 74 71 80 24 78 38 62 59 86 65 29 56 16 35 69 65 74 65 54 70 65 61 71 89 68 79 34 36 88 64 42 44 27 84 88 21 82 84 36 72 54 57 44 83 92 57 60 62 42 71 52 79 67 89 73 83 84 67 33
53 90 89 93 94 78 79 95 62 35 43 65 47 85 65 91 90 98 81 100 99 80 79 86 99 97 85 85 82 69 94 73 98 78 98 90 78 70 95 29 82 90 76 83 87 99 51 99 82 93 81 55 70 50 86 73 76 82 95 98 81 66 68 79 91 79 84 75 52 89 68 92 48 32 85 98 93 90 87 69 84 70 83 96 95 97 88 83 87 83 94 63 79 99 93 90 98 97 73 54

7 72 4 52 30 73 76 62 41 93 33 40 33 45 27 81 46 56 54 49 74 98 53 45 29 87 45 10 68 39 5 18 95 35 97 5 20 98 2 3 84 11 69 13 94 15 73 83 95 22 38 23 95 58 86 44 20 29 64 64 91 86 39 87 17 3 10 46 3 11 36 46 96 22 83 49 54 13 61 69 75 57 26 41 95 31 8 29 42 91 89 22 96 35 59 11 4 56 38 37

188 151 167 121 488 331 395 239 114 179 206 172 64 398 256 198 15 85 100 334 121 98 287 349 1223 27 154 1052 154 764 783 440 352 43 208 95 206 27 427 226 569 463 334 90 31 128 168 398 377 98 111 119 158 32 255 657 160 443 231 379 430 212 179 212 149 233 52 171 123 81 1351 91 131 66 144 133 1127 120 545 378 291 389 790 308 74 241 1127 102 1005 63 259 288 136 160 318 441 204 66 960 117
283 183 370 394 850 419 432 433 227 473 1122 249 254 839 438 324 183 259 101 366 678 122 445 383 1328 115 356 1185 417 855 989 569 774 318 276 140 578 612 630 245 864 488 1521 207 464 304 206 414 409 609 136 176 182 125 435 802 300 1603 261 417 940 627 219 393 251 322 224 189 234 360 1395 137 262 228 202 174 1437 231 604 490 293 1205 860 356 313 428 1459 298 1804 674 350 327 141 423 465 571 602 137 988 146
511 203 393 480 1005 819 577 629 347 523 1225 687 393 1263 469 469 191 308 237 491 683 197 706 486 1475 338 689 1939 560 1838 1008 789 1307 320 372 145 995 749 744 286 1222 514 1573 619 1081 448 306 854 448 778 430 338 188 374 501 819 394 1844 358 533 1392 664 810 409 632 353 243 391 415 676 1543 259 305 713 536 256 1439 526 994 711 589 1677 887 400 551 947 1602 311 1910 1722 811 436 163 438 513 646 1352 525 1067 246
558 389 556 499 1050 925 582 640 560 804 1970 951 543 1649 578 477 362 532 268 758 789 331 769 746 1481 485 833 1950 657 1866 1044 1611 1488 324 549 345 1590 760 804 480 1516 781 2030 692 1132 768 681 1912 486 919 574 704 365 489 1874 965 498 1921 416 592 1850 1489 943 974 791 901 642 412 493 1780 1855 424 397 918 629 393 1952 1087 1643 931 599 1818 1038 459 806 1627 1671 815 1990 2013 844 496 452 440 1046 868 1928 545 1455 265

143 22 157 80 137 86 98 10 24 78 63 3 10 206 180 4 14 65 48 286 36 56 282 317 702 7 56 108 22 408 687 300 165 36 143 13 18 6 398 201 409 311 134 46 9 54 135 321 64 22 66 9 148 20 132 500 145 396 23 140 283 89 167 75 3 177 49 61 40 79 697 26 31 56 13 60 270 103 184 77 277 10 414 54 69 186 97 21 14 5 210 254 44 124 113 152 125 14 573 83
