100 4 1
42 12 98 81 12 37 19 28 17 89 59 6 40 35 79 87 63 69 91 49 38 82 34 54 88 58 21 92 56 30 35 55 59 71 45 71 62 48 71 93 68 54 14 59 10 7 23 21 90 21 12 43 64 22 8 73 50 47 41 9 34 18 3 17 12 44 57 68 89 15 92 85 16 52 67 32 79 55 35 6 90 21 19 59 38 57 66 10 16 7 51 70 100 86 100 39 67 78 66 76

14 22 35 64 29 25 13 17 21 28 27 12 6 17 1 13 19 3 61 12 17 32 32 18 39 4 33 18 8 21 9 12 4 5 5 22 9 20 33 13 24 2 23 1 10 8 8 43 32 24 15 18 19 15 5 10 5 42 11 49 36 1 38 11 8 4 2 72 3 1 41 18 7 23 21 13 3 10 4 1 8 14 31 8 63 6 1 10 13 7 17 13 21 11 50 28 13 42 9 59
90 66 41 90 44 39 29 53 27 45 64 33 47 18 50 31 41 33 69 39 47 42 49 29 77 78 47 26 49 60 20 12 5 29 5 39 22 41 51 17 32 19 34 44 10 18 13 80 57 72 22 25 34 30 34 32 18 53 45 51 88 28 52 13 37 49 40 72 38 21 50 54 77 38 31 17 20 52 50 15 40 21 59 27 82 19 28 77 15 39 38 24 34 35 51 50 19 54 68 85
94 80 72 92 52 57 31 72 69 75 67 58 52 61 57 93 43 97 74 74 71 80 66 35 85 89 50 36 82 62 35 31 12 69 79 45 79 91 68 39 53 22 60 68 29 50 77 98 59 77 28 87 55 78 34 72 34 85 53 82 92 61 58 86 85 50 70 77 39 79 75 95 86 52 43 28 30 68 79 22 57 70 66 35 92 31 28 99 32 56 40 66 54 37 52 72 46 86 86 89
96 93 79 92 98 94 82 80 91 100 95 69 69 71 97 99 45 97 78 93 95 84 84 52 96 90 78 78 84 66 78 58 38 78 87 90 84 100 90 97 70 66 61 70 78 69 88 99 71 88 70 100 85 79 83 100 43 90 59 95 97 88 66 94 86 96 86 91 97 96 80 98 89 63 100 60 89 78 100 33 98 72 90 79 93 69 60 99 79 98 41 88 62 44 52 99 61 99 93 94

17 55 66 57 54 74 71 57 1 44 90 65 26 64 60 4 40 72 43 43 39 49 22 16 90 55 81 12 27 45 58 77 15 70 21 88 75 79 19 84 3 81 16 78 33 83 1 64 18 44 95 31 43 64 65 5 40 84 56 16 97 72 37 88 42 36 57 40 9 75 6 98 34 56 44 35 25 20 37 79 39 23 94 53 56 24 56 94 86 61 61 41 67 73 41 23 21 48 47 61

61 23 682 101 257 320 159 44 138 153 270 897 349 51 221 174 71 440 1137 142 405 1053 122 130 127 95 225 172 87 343 167 70 261 175 185 113 213 227 93 126 221 685 42 1163 235 16 639 236 422 223 199 86 112 755 157 97 79 60 69 39 488 19 1199 74 731 316 64 253 157 16 535 569 122 311 75 70 176 202 385 1338 190 83 565 123 218 159 607 129 59 169 191 90 160 373 531 126 80 584 125 727
207 405 841 301 451 333 236 285 443 899 324 1005 404 68 451 259 490 487 1172 151 1027 1059 290 141 314 591 535 331 109 434 261 121 321 211 208 289 219 366 157 580 236 994 103 1172 743 402 965 236 1461 232 307 130 201 848 421 125 285 477 250 547 546 308 1311 333 840 578 131 1080 314 1820 1009 707 161 619 125 121 1275 1530 709 1634 596 97 1660 299 348 354 817 171 137 1169 433 445 656 605 1173 282 120 1267 320 882
461 681 1248 385 760 723 289 541 722 1547 875 1726 704 422 645 264 520 692 1428 359 1369 1170 420 151 497 714 620 334 222 810 453 881 352 427 218 372 232 485 326 754 560 1170 198 1520 795 402 1066 273 1778 244 371 299 201 1509 720 472 403 680 340 1158 565 419 1362 338 1075 711 338 1169 501 1858 1248 871 261 1315 237 324 1576 1605 943 1727 721 435 1806 368 350 643 1184 235 479 1678 910 469 1385 1035 1718 406 478 1308 336 1925
591 827 1968 418 854 866 846 930 788 1683 880 1780 1352 499 1737 502 544 1014 1433 922 1763 1700 462 365 578 845 754 400 500 970 482 900 462 562 713 531 322 603 438 1061 1386 1618 316 1668 1528 470 1166 711 1960 401 723 409 525 1819 1146 572 504 787 805 1709 794 508 1587 450 1216 934 543 1959 1047 1918 1728 1655 445 2040 504 346 1832 1823 961 1984 836 456 1868 469 382 773 1542 508 512 1983 1044 854 2047 1949 2026 455 1008 1770 955 1971

35 19 582 19 144 245 98 29 107 152 94 563 142 13 217 21 63 322 469 123 220 417 65 88 103 74 134 100 4 41 124 22 107 133 76 33 119 202 40 116 139 535 34 115 233 12 378 219 271 14 55 46 15 377 121 38 46 32 30 35 277 9 1189 53 15 259 61 147 28 10 269 545 87 129 51 32 160 11 32 1032 87 22 177 15 74 81 571 5 33 106 73 58 8 25 489 110 13 408 19 140
