100 4 1
78 65 69 29 67 84 67 70 6 63 74 93 82 34 42 3 49 23 90 29 38 75 4 53 98 62 67 40 18 25 49 96 10 20 19 73 48 11 50 66 63 79 27 27 11 57 12 70 64 32 14 76 57 8 31 64 25 28 9 11 28 68 19 66 76 8 21 42 14 65 97 84 40 7 30 38 50 47 88 60 19 96 99 17 41 56 19 86 64 3 28 99 89 86 66 35 52 30 67 100

3 36 52 23 23 19 7 48 45 55 15 12 36 26 11 12 38 26 55 17 2 48 23 38 1 1 26 6 13 32 2 50 27 5 5 34 2 24 2 1 4 12 23 6 8 4 30 66 28 15 21 6 5 3 32 15 23 13 62 5 3 39 34 4 19 1 1 9 9 24 30 40 3 3 4 54 9 20 19 5 16 58 48 59 32 42 7 4 3 17 30 33 23 64 21 38 3 2 1 2
10 37 70 27 61 28 17 85 49 65 40 22 45 29 48 29 68 68 76 28 54 68 56 66 18 16 55 34 41 39 19 67 50 8 42 42 32 34 11 29 33 29 44 34 15 23 72 72 29 32 28 6 11 4 53 19 48 69 66 29 11 47 48 16 23 18 11 20 20 42 38 56 20 53 45 59 84 37 22 17 17 62 86 66 47 61 30 33 15 69 56 38 67 72 32 50 6 25 30 14
45 68 91 38 88 37 20 86 52 72 42 71 67 58 50 69 75 72 94 61 56 87 56 75 26 69 73 48 45 57 59 84 61 62 89 44 56 40 57 31 75 81 56 66 41 62 90 76 31 38 55 10 57 11 77 28 67 70 68 43 46 89 48 28 42 32 17 30 35 50 47 78 48 56 80 73 96 53 37 26 55 62 86 70 77 70 53 57 86 99 59 71 75 80 79 74 65 34 48 39
99 95 92 55 91 51 56 92 64 100 89 77 99 73 77 78 94 93 97 79 56 89 67 83 74 73 86 70 80 95 74 95 100 81 91 78 69 55 81 90 89 99 94 97 100 100 91 95 72 89 80 65 98 38 88 79 72 91 95 89 60 94 60 36 64 63 76 42 47 61 88 89 85 88 100 97 100 66 68 76 81 63 92 91 91 91 91 62 99 100 82 87 78 81 83 87 91 39 49 43

80 88 36 79 12 65 98 76 43 84 99 24 48 94 64 58 49 70 17 88 15 33 87 11 2 32 91 52 60 6 88 57 82 39 93 54 15 55 43 77 32 78 30 9 22 4 47 47 42 95 95 23 37 77 76 48 7 58 51 29 62 63 37 24 34 35 14 98 45 27 15 18 49 64 63 3 11 34 68 91 23 28 66 36 58 18 60 43 98 1 84 36 71 5 84 93 14 24 73 2

176 392 388 315 876 133 1577 161 44 136 240 133 217 46 171 111 107 287 227 95 1235 272 353 1078 527 104 114 51 989 351 125 382 117 255 40 513 280 413 194 483 146 806 219 27 53 243 261 351 64 121 22 162 167 81 149 155 57 243 884 443 79 239 72 941 477 501 230 181 89 129 122 128 137 518 31 94 288 136 362 145 70 206 349 61 108 101 115 278 67 223 37 421 128 103 456 419 319 1151 165 221
245 995 673 376 1087 147 1603 524 112 184 273 391 970 818 181 133 476 336 284 201 1345 377 569 1184 877 313 276 1009 1000 358 191 841 412 636 52 656 344 1865 299 1500 234 882 256 195 368 279 261 366 64 208 41 261 249 134 332 340 84 524 1634 939 219 481 128 1087 1090 552 378 199 142 180 318 195 170 937 243 404 316 913 922 351 100 574 373 88 140 249 141 451 194 282 57 559 1626 242 1199 640 431 1370 780 232
415 1496 675 567 1307 334 1887 668 143 1519 293 1667 1047 1159 395 228 703 357 434 278 1489 532 608 1301 972 749 457 1224 1139 814 284 1350 566 1483 268 669 355 1915 365 1513 387 928 384 243 433 404 489 378 79 700 253 303 319 203 471 363 1055 847 1687 1496 383 1335 168 1182 1342 704 380 288 243 602 331 240 243 1048 309 712 415 916 2086 366 192 807 441 393 146 435 827 459 374 329 283 595 1767 885 1519 839 446 1450 1425 342
528 1569 1187 1018 1920 492 1987 1030 322 1647 414 1756 1148 1189 451 428 1020 394 485 412 1494 552 845 1614 1053 941 565 1329 1474 1015 390 2013 849 1685 463 748 380 1957 396 1627 389 947 795 460 703 427 504 559 100 978 381 382 549 373 489 501 1734 1015 1799 1537 421 1482 193 1975 1842 857 388 372 261 827 400 384 536 1289 366 979 441 962 2088 629 417 1068 1005 469 295 454 1002 658 495 353 481 677 2057 953 1757 977 512 1493 2025 415

120 376 362 139 530 7 645 20 3 41 209 123 115 29 84 62 37 271 39 83 142 75 253 801 442 50 87 23 188 26 42 33 93 26 37 151 131 360 88 140 12 408 46 4 38 178 22 179 41 108 18 76 110 32 36 47 51 217 793 301 42 19 18 386 161 126 206 175 43 63 9 67 62 275 14 29 169 84 265 91 62 2 135 36 8 86 27 65 28 148 23 55 125 71 380 132 309 266 41 4
