100 4 1
11 86 31 78 47 76 10 92 88 67 63 84 27 84 58 37 32 23 22 32 48 92 34 67 25 47 59 88 100 26 3 76 6 16 38 77 27 88 43 69 85 57 53 78 52 9 98 96 53 76 69 52 13 8 11 64 43 63 54 9 20 11 45 50 63 100 37 67 41 65 10 78 89 1 31 76 77 64 82 53 49 92 65 7 81 50 20 70 74 56 12 98 29 2 72 35 39 8 22 46

39 6 16 14 19 46 6 46 7 13 11 21 18 21 11 25 3 47 58 4 19 40 27 37 2 22 16 7 25 38 16 33 20 28 2 5 3 26 31 23 6 7 14 39 15 7 52 28 37 10 11 50 19 12 12 19 3 22 11 31 48 44 18 19 8 7 29 4 12 9 5 5 7 9 3 24 13 41 2 35 6 12 18 19 8 11 49 28 1 21 36 14 5 3 2 5 5 9 1 52
64 16 24 50 41 67 20 46 28 18 19 34 28 48 43 57 63 53 78 40 60 54 58 71 12 44 35 19 48 81 43 43 64 42 27 11 7 27 32 41 9 15 19 40 20 11 58 40 57 35 39 53 34 16 21 52 60 37 29 32 73 50 30 34 29 8 31 22 40 36 17 17 9 62 19 31 21 55 24 37 17 36 28 23 29 17 55 51 26 22 43 54 55 50 55 9 15 18 22 59
78 54 43 95 41 94 49 74 32 30 42 69 33 52 58 63 66 72 79 59 62 57 74 80 73 76 80 47 51 85 93 91 73 50 53 49 9 57 52 49 24 69 40 86 25 47 77 53 84 79 81 64 39 20 57 76 70 43 34 56 97 60 93 61 31 10 52 36 46 60 23 30 12 64 64 59 24 92 59 44 55 74 62 73 44 18 62 68 77 90 54 60 80 53 85 52 57 60 71 92
92 83 76 99 49 97 51 76 54 83 96 88 78 81 90 72 79 79 93 64 98 97 74 86 74 99 91 62 58 99 96 92 96 78 95 49 12 90 74 71 44 80 93 90 36 77 79 60 99 86 93 69 81 37 94 92 75 68 98 93 99 86 95 82 43 61 63 43 50 91 66 51 51 91 96 68 33 97 73 71 96 81 66 76 51 53 88 90 81 91 54 77 85 73 97 58 84 65 81 99

66 54 39 97 24 44 87 17 60 89 36 46 98 45 86 93 62 72 84 19 26 89 16 1 14 93 33 23 35 43 94 11 88 68 33 18 83 7 26 80 77 29 29 58 28 47 2 1 59 30 62 13 20 59 74 14 75 92 18 33 64 14 98 18 7 10 99 69 89 56 44 84 9 69 72 52 55 52 13 93 23 31 40 50 83 34 78 65 33 80 5 40 59 54 5 51 67 40 71 14

26 87 142 205 464 206 84 360 450 240 181 167 84 157 199 485 47 595 70 54 513 131 111 98 59 451 86 147 250 412 17 178 727 53 83 90 359 153 198 102 429 110 159 1567 79 15 99 263 54 103 178 147 177 242 33 446 248 445 157 37 134 146 61 169 778 191 204 93 560 115 97 85 213 120 192 91 243 171 90 55 134 147 265 25 85 533 135 124 307 564 111 272 64 346 135 195 120 424 165 98
69 116 491 260 855 387 253 527 483 281 340 585 99 181 446 698 761 1202 226 228 1176 995 708 262 69 617 260 184 308 477 76 329 787 347 557 279 403 491 308 220 878 196 663 1723 354 77 451 335 255 250 326 340 559 412 60 646 597 1196 628 172 589 209 105 399 1501 497 277 104 930 293 232 295 215 215 588 524 457 179 323 137 1164 149 285 359 103 792 272 135 887 697 446 360 375 376 445 228 470 657 224 143
165 433 739 382 1246 435 884 1631 516 784 465 608 190 229 667 891 1864 1422 249 237 1885 1201 810 267 144 647 408 401 479 630 304 971 992 403 682 492 1461 791 445 422 945 233 725 1772 412 116 734 448 543 392 409 483 618 677 344 1401 633 1791 846 688 659 311 834 1193 1898 754 391 370 1316 438 242 347 274 269 753 686 491 338 383 325 1483 236 762 360 109 815 360 1094 994 795 785 428 470 893 662 612 508 1501 246 205
451 441 1914 566 1820 568 912 2027 536 1521 645 675 218 469 924 987 1942 1603 480 364 1890 1872 1351 454 167 995 534 994 519 898 415 1026 1463 443 932 515 1489 860 451 456 990 343 823 1844 472 395 945 473 1015 563 459 531 819 984 346 1718 1722 1825 1669 990 741 468 937 1923 1980 868 520 478 1646 557 960 481 491 935 800 843 501 507 464 358 2043 536 1015 412 518 976 471 1826 1287 814 970 564 490 977 861 620 577 1581 501 277

2 13 3 17 138 24 28 8 114 49 170 28 64 151 140 453 31 63 67 50 89 59 76 17 34 322 59 59 217 319 5 90 37 34 53 56 337 108 62 89 59 43 107 771 69 12 77 98 2 57 90 15 28 2 12 379 91 251 150 5 50 69 32 21 207 186 61 11 388 33 44 24 47 106 153 87 24 168 16 22 8 133 264 17 1 521 42 65 236 187 92 219 40 273 101 140 52 129 39 86
