100 4 1
89 21 97 92 86 46 94 77 69 98 100 57 84 53 91 63 1 77 58 39 20 19 32 78 15 87 70 44 66 63 95 2 46 100 88 33 75 55 58 30 100 1 28 4 47 34 97 84 60 57 86 47 56 61 70 97 38 23 74 25 89 5 87 59 32 87 50 85 71 33 99 77 15 12 5 100 83 5 92 14 54 53 63 100 41 44 40 79 78 73 6 56 62 47 75 37 4 52 16 4

8 17 60 17 19 42 28 25 23 19 1 28 34 29 27 15 25 44 19 21 28 9 11 9 4 37 14 5 7 19 16 19 2 6 10 1 24 23 24 48 22 10 8 6 7 36 15 3 25 2 53 24 32 14 11 6 24 8 9 79 26 5 12 7 9 12 4 5 16 9 3 17 21 27 14 16 14 13 22 29 29 1 35 24 12 7 26 4 8 7 9 6 24 38 4 16 2 18 31 9
10 58 62 41 34 49 51 46 31 65 12 76 67 51 30 20 50 52 25 55 35 18 45 12 25 38 23 10 15 42 25 38 20 9 23 14 27 33 36 60 33 15 15 7 16 57 19 49 29 21 66 42 52 22 29 29 31 26 12 85 41 6 19 25 26 21 34 21 33 23 17 54 70 33 58 45 54 38 24 41 39 88 46 58 37 21 48 9 46 23 23 16 30 53 36 18 18 36 71 25
65 88 68 82 45 80 66 62 72 80 20 84 79 72 57 61 84 81 57 69 36 27 62 19 37 80 33 22 75 45 62 79 59 39 23 67 29 39 59 92 58 39 46 41 34 61 49 78 30 46 71 47 57 91 89 29 35 62 28 95 87 17 73 72 78 92 40 69 70 32 44 64 75 85 70 47 61 39 26 72 43 93 69 73 41 46 62 52 80 64 32 51 64 65 88 19 72 47 91 41
88 96 84 92 84 93 69 100 91 81 83 100 92 92 87 95 100 92 93 70 73 83 76 58 86 95 84 77 75 48 68 94 62 42 83 90 47 81 92 98 87 87 54 78 63 74 52 82 54 59 87 88 90 95 100 96 76 68 77 95 96 92 96 74 93 100 51 85 100 68 85 79 88 95 91 99 76 52 59 80 61 98 92 84 46 73 98 68 91 82 60 65 75 77 94 75 87 87 97 66

12 94 99 75 57 46 24 100 98 49 28 18 66 72 72 91 23 27 58 4 54 8 54 89 37 79 3 21 6 79 62 79 99 71 91 24 74 88 59 69 73 33 32 91 84 97 41 38 69 94 37 17 62 47 6 98 98 20 29 81 68 81 81 32 76 66 73 27 32 28 12 7 54 73 66 18 52 82 86 61 65 62 32 82 26 73 54 38 65 32 16 73 83 83 89 81 43 51 49 68

142 78 362 557 266 719 149 470 248 378 161 1178 148 169 404 758 78 141 81 865 92 319 111 282 573 1442 220 592 151 88 573 183 143 203 662 128 164 229 788 148 145 5 162 245 93 254 174 967 225 563 189 70 145 480 124 580 117 84 192 186 197 583 895 70 203 111 538 94 301 897 172 105 263 182 87 194 182 22 128 602 186 65 135 196 111 269 635 194 110 603 1176 632 942 225 180 247 701 184 95 808
271 265 461 803 293 848 431 505 587 675 194 1669 232 217 541 784 367 226 416 1595 292 419 242 399 1519 1801 680 920 596 266 805 241 1279 225 861 165 256 237 1016 852 332 20 251 641 173 313 274 1029 266 1419 218 523 386 651 281 733 383 234 778 1141 291 965 1713 143 832 307 704 149 375 1279 437 268 625 191 792 195 325 238 735 731 928 262 290 583 138 607 664 688 224 737 1415 1209 1289 1197 524 513 1386 250 327 1240
677 343 468 1388 363 1581 460 781 668 722 523 1708 244 269 671 1161 1129 900 418 1607 791 526 930 653 1615 1886 761 1412 759 338 1065 257 1802 445 1026 169 847 637 1308 1136 419 144 352 906 223 420 445 1425 479 1697 333 951 466 962 435 918 769 249 845 1344 338 1121 1761 179 1194 328 771 182 893 1575 465 513 974 395 1283 582 354 304 1584 824 1887 635 363 756 422 1317 984 934 297 965 1620 1279 1662 1288 762 531 1535 307 502 1911
691 476 475 1998 379 1710 483 1029 683 917 590 1887 518 307 677 1604 1775 966 551 1994 798 728 971 1018 1816 1910 893 1597 806 502 1620 402 1804 595 1439 222 1024 743 1726 1186 600 969 438 957 543 524 1009 1564 706 1809 468 1026 640 1360 499 1050 1003 461 982 1460 501 1607 1937 385 1717 482 1079 411 965 1737 543 544 982 507 1398 600 471 397 2054 841 2016 1469 396 1053 482 1728 1972 1168 553 985 1648 1747 1836 1736 2033 928 1896 527 604 1997

22 17 49 18 30 50 86 216 79 165 88 893 88 1 156 165 65 98 10 742 76 247 9 263 112 505 204 537 137 21 386 80 122 148 624 80 52 146 10 117 84 2 62 201 24 118 17 536 65 485 17 10 34 17 1 340 109 62 19 170 176 521 231 12 139 40 525 91 244 541 17 41 177 39 12 49 94 1 38 221 47 26 70 68 2 240 37 1 85 348 379 94 245 122 62 166 389 101 54 390
