100 4 1
77 53 45 59 72 64 64 99 22 33 72 66 63 61 8 88 92 24 13 50 24 100 14 71 26 81 56 4 20 10 23 60 51 30 57 24 13 22 29 85 16 24 89 16 86 21 92 54 74 23 44 6 4 21 94 41 63 54 40 16 90 84 63 57 53 94 31 34 41 83 46 77 55 25 96 71 9 19 48 45 19 31 70 34 48 94 60 44 69 47 92 4 34 36 9 59 69 62 28 35

4 13 8 13 8 17 9 13 26 36 7 28 30 11 5 35 22 8 26 24 4 49 12 37 28 8 46 15 10 23 9 7 25 34 28 4 30 15 3 19 6 30 45 4 24 49 28 3 1 15 13 5 16 16 24 11 24 22 9 9 38 17 2 34 8 5 18 30 1 24 13 6 25 16 4 4 9 44 8 39 2 11 24 48 37 31 16 25 33 24 33 1 24 9 2 3 16 14 56 6
17 28 15 25 12 34 27 38 31 74 60 55 32 14 35 48 75 27 33 59 17 57 19 51 41 66 62 26 14 67 15 47 65 43 36 16 33 32 20 20 38 35 53 34 26 53 32 34 16 35 47 80 27 67 40 15 44 69 41 9 49 20 9 44 29 11 44 30 22 40 34 84 53 53 35 19 71 50 60 64 30 30 38 52 46 32 36 72 43 37 54 18 71 36 9 20 28 31 88 7
34 33 38 30 19 49 58 39 37 80 74 63 75 15 54 87 84 77 61 74 42 71 45 80 54 70 68 64 45 77 34 57 71 47 60 32 39 73 31 48 44 43 74 54 26 72 72 67 21 39 65 83 89 68 83 27 68 76 51 64 81 46 22 85 50 24 63 46 52 55 47 85 61 55 39 47 87 55 61 75 31 40 43 58 63 88 60 98 64 72 88 70 86 64 65 66 42 72 90 56
52 86 99 80 92 67 68 81 48 95 88 96 78 45 98 97 93 96 92 77 62 91 84 84 75 95 84 93 76 99 98 58 85 87 61 59 59 83 94 91 69 54 90 75 33 72 76 72 67 89 68 84 97 93 85 59 86 100 93 95 86 46 38 87 77 66 88 90 98 73 67 93 91 98 79 75 97 68 81 78 48 74 68 62 75 96 70 100 67 93 88 98 96 78 92 77 89 79 93 63

24 95 53 82 81 23 33 93 8 49 9 89 94 34 52 21 100 19 92 58 53 32 29 56 100 59 87 57 49 17 54 57 78 60 14 44 5 17 34 10 24 54 87 94 88 54 63 86 42 42 5 45 90 55 28 28 4 38 76 36 51 57 60 32 98 38 60 79 44 27 5 26 55 100 77 94 88 87 4 18 93 96 66 83 72 3 54 96 27 9 59 5 21 4 84 35 11 85 48 90

108 154 721 160 333 1868 73 133 37 200 333 148 104 122 217 376 141 33 958 539 62 243 797 229 261 86 74 25 274 588 147 561 265 632 421 342 107 137 810 240 419 281 246 290 350 176 772 464 209 142 214 36 499 66 107 153 567 91 55 266 243 233 284 157 699 288 59 617 48 727 1346 190 149 52 126 128 117 251 1123 872 310 205 813 58 223 119 1178 234 72 58 329 33 162 363 132 699 144 103 315 1001
374 420 899 421 334 1878 92 689 61 543 438 219 320 182 537 1049 438 98 1231 789 758 328 808 263 332 282 424 303 405 692 168 1177 407 759 458 575 145 761 1304 357 643 373 303 503 711 480 867 472 379 159 656 238 499 331 382 390 699 215 191 409 261 827 290 226 743 466 136 908 51 1664 1396 383 156 79 476 131 194 276 1266 1288 483 364 964 109 286 187 1187 321 151 314 501 446 343 521 232 704 346 120 336 1451
474 503 1766 424 398 1915 254 1493 389 1073 491 296 539 508 1084 1144 449 145 1553 1534 1017 423 1080 296 877 326 501 1445 956 704 430 1214 425 1388 1669 735 632 1156 1319 437 706 477 522 760 772 480 945 504 571 557 811 325 1276 512 542 404 887 288 378 438 295 998 517 325 1710 479 136 1731 154 1889 1875 450 431 240 522 296 264 582 1792 1289 952 541 1196 170 291 282 1399 645 387 376 614 447 357 985 273 1047 430 180 1590 1740
590 505 1843 897 843 1986 380 1907 485 1286 527 325 545 512 1977 1914 508 381 1609 2023 1020 434 1630 392 957 416 520 1633 1554 941 475 1248 427 2026 1914 859 937 1652 1720 492 1337 911 533 806 833 508 1070 549 685 590 1205 447 1601 915 565 500 1598 542 478 501 300 1052 762 477 1975 488 502 1932 238 1929 1915 921 998 296 579 351 276 1157 2013 1532 1961 866 1900 408 504 400 1436 778 499 475 752 480 392 1026 634 1482 536 545 1739 1945

40 131 590 40 226 745 68 84 30 38 315 22 24 120 124 372 89 18 881 86 52 54 91 93 5 56 57 21 10 330 137 362 55 3 283 36 69 123 402 45 248 68 208 112 236 113 360 442 192 98 97 30 497 24 66 125 218 6 36 57 159 162 243 141 97 81 28 578 34 582 1158 87 30 49 59 63 111 1 50 384 33 121 753 45 30 96 768 68 41 14 73 12 116 313 68 637 25 76 84 235
