100 4 1
86 49 29 53 23 20 16 35 24 60 37 73 35 62 51 54 86 69 10 17 60 49 16 54 18 73 70 12 47 93 7 83 67 2 4 4 55 49 42 93 17 45 47 20 54 82 75 28 98 89 30 65 48 16 84 87 76 40 87 10 40 64 16 86 39 66 8 66 16 20 84 58 27 36 62 51 28 92 42 47 75 59 97 10 66 29 58 74 39 73 74 65 10 63 99 27 56 5 65 38

8 20 11 29 19 14 36 8 48 21 8 8 13 13 3 15 1 32 6 16 4 21 12 8 16 29 27 50 15 34 7 21 25 14 1 7 9 2 27 33 9 2 8 27 45 56 4 26 9 30 8 11 15 41 55 18 41 10 23 29 1 6 19 15 39 26 35 43 50 18 4 27 33 30 32 29 24 15 13 25 17 28 34 12 5 13 57 48 33 5 60 7 15 2 5 27 5 8 7 7
9 44 29 53 43 17 79 68 50 48 58 38 32 14 13 54 3 42 19 64 34 22 26 27 20 38 56 54 25 54 9 28 30 43 14 42 30 4 61 62 15 33 61 27 60 71 18 49 17 41 24 39 72 51 71 78 67 20 41 32 14 21 20 23 39 32 43 57 80 25 62 59 68 58 33 35 34 65 40 62 40 57 57 41 48 33 76 71 37 7 79 22 30 24 16 35 32 80 21 26
62 84 47 61 54 47 85 70 95 61 60 54 48 39 25 57 4 75 59 80 38 48 41 78 81 77 75 65 40 67 76 31 47 44 62 57 48 66 64 81 18 41 88 60 66 85 66 81 25 44 60 53 74 70 89 80 75 42 41 40 36 43 30 47 50 52 51 60 80 40 62 79 82 93 59 75 39 85 68 78 50 81 67 53 65 60 92 73 57 40 79 68 35 39 33 41 98 91 63 49
84 100 95 100 71 82 99 97 100 66 66 83 100 92 30 99 89 88 89 99 83 74 42 91 87 80 82 81 44 74 93 66 67 64 67 73 80 99 97 98 100 89 94 65 100 90 86 90 33 56 76 73 85 78 93 98 90 74 73 57 57 90 73 71 79 90 66 96 86 71 74 91 96 95 77 78 44 88 86 96 57 89 88 78 76 76 96 90 60 60 97 77 49 93 50 47 100 96 92 95

58 19 73 87 57 30 20 36 64 62 24 95 32 56 36 38 97 83 45 29 18 52 99 33 6 66 78 33 59 18 6 7 96 38 66 36 96 59 57 98 29 33 59 5 41 36 14 13 7 85 80 21 17 79 41 43 29 15 79 14 88 69 83 44 50 61 37 84 16 55 55 35 86 58 36 6 80 26 56 75 97 10 38 11 63 99 2 24 9 74 89 32 70 94 66 25 1 79 69 94

117 912 105 399 389 56 508 326 126 299 262 229 347 142 95 250 484 231 177 311 428 188 30 367 39 367 104 175 87 127 237 167 180 159 36 13 217 121 259 419 95 62 143 176 1308 110 157 116 255 205 328 436 358 353 166 118 110 174 310 421 383 72 245 345 440 196 220 219 66 100 149 518 101 342 287 479 254 494 177 324 96 336 230 97 231 54 233 343 681 317 238 162 125 350 108 778 87 168 78 92
159 1037 139 430 472 597 583 334 530 317 536 272 1045 1257 321 442 628 282 535 314 1209 636 256 378 214 1029 298 262 176 335 345 220 480 440 53 350 456 299 317 906 162 110 289 431 1639 711 220 345 532 518 605 594 609 626 486 442 320 426 410 653 543 183 299 453 533 224 359 334 83 213 210 644 279 479 479 657 591 566 364 333 536 391 382 153 1347 57 525 469 961 1057 243 172 218 459 153 1136 138 241 230 94
193 1825 190 701 1005 668 1603 694 920 675 765 434 1885 1849 515 459 642 393 799 677 1524 1349 369 676 495 1223 354 364 379 413 584 975 521 1181 259 605 471 385 354 969 235 230 466 812 1678 845 798 626 759 644 834 786 745 965 488 1395 470 487 499 1597 1259 393 335 480 646 800 459 414 454 280 436 651 336 544 765 782 1516 930 445 433 607 418 618 269 1509 127 623 732 1843 1258 251 400 236 1755 184 1730 194 281 423 679
304 2003 224 824 1102 682 1645 723 956 835 1028 436 1952 1884 523 855 879 532 1259 896 1734 1386 618 766 569 1277 371 490 456 426 674 1207 865 1411 335 956 676 481 424 1081 358 320 468 999 1782 946 1014 678 864 928 900 932 1101 1403 569 1710 497 566 795 1852 1542 451 451 518 681 822 468 1754 499 396 527 939 751 623 945 1014 1692 997 490 441 965 428 823 492 1622 457 1118 898 1964 1550 263 623 300 1951 242 1961 419 369 500 687

31 315 69 331 288 4 16 33 20 227 71 39 264 83 24 22 244 196 71 253 8 176 25 355 24 76 8 65 35 109 92 3 5 142 18 10 178 86 221 306 41 40 16 172 102 92 138 110 220 71 48 266 263 296 74 83 86 136 67 295 375 21 228 170 25 72 201 78 29 25 11 506 55 59 135 338 69 114 149 127 6 88 125 82 5 3 1 174 355 316 67 105 107 289 35 349 2 150 62 78
