100 4 1
29 6 65 27 10 19 14 24 52 67 69 39 88 48 5 77 6 30 54 62 79 42 11 81 48 91 4 73 100 61 76 28 6 2 96 31 25 31 12 74 60 11 52 77 83 11 76 14 52 1 27 97 69 83 84 69 20 39 61 40 92 2 17 31 45 44 65 9 27 37 16 21 71 34 100 61 39 100 40 76 6 47 69 95 55 9 88 30 69 31 42 37 22 61 58 17 42 47 66 33

8 23 5 14 1 20 27 13 25 12 20 54 22 34 14 19 25 3 55 10 6 11 1 13 19 11 3 20 7 62 8 4 29 2 6 43 14 12 13 29 15 19 35 7 26 17 12 19 29 10 15 49 11 10 3 9 50 18 8 8 15 2 29 11 25 5 23 25 26 18 21 29 47 13 30 5 13 22 53 39 36 1 29 16 47 1 9 5 42 12 11 10 9 22 10 1 18 1 34 58
11 50 74 34 53 29 34 39 31 31 36 56 27 83 32 23 31 18 56 71 69 56 38 27 49 20 24 56 17 70 58 14 29 12 50 90 47 14 19 47 37 45 46 47 38 32 17 32 42 36 39 49 28 19 3 35 52 53 50 33 23 69 48 14 29 15 46 41 80 24 32 66 50 16 45 7 23 50 79 51 65 47 43 18 67 17 51 29 45 18 22 15 44 50 31 40 36 91 35 64
84 56 76 53 54 50 56 46 65 84 61 56 32 84 38 34 42 63 58 77 72 62 50 32 87 23 42 77 26 77 76 84 33 18 68 93 78 71 35 77 47 57 82 48 50 53 51 55 43 62 95 76 59 48 86 50 52 96 67 34 40 71 72 34 43 41 76 88 90 80 51 71 64 55 57 22 50 55 84 60 71 100 48 54 69 21 72 70 47 56 47 81 45 51 67 78 51 97 46 70
87 60 77 88 90 71 91 88 79 88 97 95 66 93 48 62 93 71 94 80 73 65 73 37 90 49 96 79 32 87 78 85 34 20 74 95 86 72 93 77 62 99 89 73 66 66 97 64 79 90 97 83 65 62 95 81 62 96 89 76 54 96 97 69 69 72 76 94 99 98 54 82 78 79 100 57 61 84 89 76 99 100 75 80 93 98 83 91 94 87 87 91 61 94 98 96 67 97 47 85

57 49 30 13 28 8 12 70 75 85 25 88 96 40 20 80 50 21 81 59 37 87 46 26 6 60 94 2 91 56 36 17 92 30 20 5 23 22 21 18 68 16 57 14 75 39 8 54 84 23 13 10 16 62 36 81 6 62 20 31 2 37 7 56 26 5 84 77 93 17 14 23 20 84 8 14 77 97 48 94 86 52 4 46 68 59 57 85 58 83 4 48 38 29 21 29 40 74 58 72

223 45 285 86 520 91 22 66 634 118 152 86 195 51 286 165 82 93 370 126 450 61 121 599 285 237 117 122 173 272 85 59 713 742 734 449 103 86 33 470 202 263 181 103 144 89 325 25 166 39 76 213 84 361 144 85 445 120 96 138 1336 71 28 278 53 267 199 213 233 72 56 73 123 91 732 120 52 390 151 490 6 183 113 451 57 236 273 911 370 84 70 582 50 269 570 89 697 160 103 903
323 111 401 178 881 256 47 294 746 755 202 222 888 167 530 240 127 269 410 224 712 264 156 684 445 382 763 203 399 680 123 156 772 1313 814 464 105 289 36 504 299 622 689 286 407 563 814 268 264 96 716 354 346 1422 205 132 663 276 121 692 1874 355 397 694 1509 508 231 909 471 74 211 805 341 196 759 125 118 503 237 547 385 286 761 768 395 305 504 1286 442 1088 75 1425 154 428 669 150 721 217 996 1276
438 452 404 286 946 330 52 350 1347 871 432 289 1110 172 625 248 132 317 431 443 723 725 228 774 670 895 1146 534 864 707 226 325 1083 1523 1118 822 217 311 56 1021 372 698 990 711 443 987 899 406 308 327 1106 831 393 1458 1147 260 893 635 220 767 2001 630 870 707 1654 1010 342 1232 929 190 372 975 385 585 1177 473 136 507 270 842 491 436 860 1033 395 400 504 1566 541 1608 210 1477 588 1229 686 326 1679 643 1415 1447
504 470 422 304 1304 474 181 894 1895 1989 587 452 1365 273 830 367 489 438 1037 527 885 965 358 859 738 1009 1971 549 867 1029 235 391 1338 1730 1978 957 364 479 372 1666 425 984 996 1005 519 1186 992 430 341 424 1882 868 517 1587 1422 527 959 780 303 832 2081 699 1383 751 1955 1274 431 1612 981 346 431 1707 478 1028 1272 528 182 1363 463 976 699 581 1364 1043 468 414 552 1972 645 1889 441 1514 868 1444 1053 982 1760 987 1925 1771

97 11 112 65 456 12 7 37 260 2 61 28 71 49 240 156 23 26 53 8 30 30 84 219 54 184 82 106 102 21 54 7 374 325 207 167 95 44 28 1 43 196 125 84 17 46 146 8 69 38 62 94 12 212 113 3 389 105 39 14 1048 31 20 190 33 185 144 44 55 14 39 8 71 67 108 42 20 189 2 314 3 81 43 428 5 208 201 885 185 64 27 205 42 190 134 61 53 22 6 330
