100 4 1
58 97 94 74 72 64 45 61 16 73 94 47 21 11 65 98 65 3 89 28 83 78 3 89 45 96 15 41 28 37 31 90 25 67 12 80 31 75 83 33 80 80 1 76 1 69 41 13 27 98 17 93 72 76 18 13 33 33 35 46 7 24 46 60 40 83 19 4 16 59 69 88 83 38 65 83 58 43 27 90 59 38 5 31 95 19 50 72 21 84 55 17 13 22 92 85 14 64 51 84

2 5 16 45 56 10 32 5 9 60 32 25 3 23 15 13 34 16 17 38 2 3 22 13 3 23 7 32 36 23 32 5 3 7 8 14 10 3 29 22 20 5 2 22 13 22 20 2 35 1 79 2 25 38 3 3 2 19 40 6 8 25 5 10 7 9 20 33 4 43 18 22 7 1 55 37 4 7 27 20 1 86 29 25 20 18 7 20 26 3 60 10 18 7 38 46 21 10 9 3
41 64 43 51 56 35 51 25 10 77 46 28 50 64 22 44 61 43 60 68 16 33 26 19 5 43 58 62 43 69 93 30 60 66 38 58 33 28 35 45 31 22 53 28 21 49 65 33 82 11 81 47 50 47 86 37 48 78 61 26 24 53 8 40 43 46 27 91 17 53 23 56 25 10 58 68 5 19 51 63 22 90 45 52 50 24 19 29 40 11 76 21 39 55 62 49 26 18 67 12
71 92 66 64 66 40 63 32 24 88 48 66 63 90 77 76 70 70 85 82 57 39 84 70 85 50 81 73 79 93 95 31 81 66 60 69 44 85 50 57 49 52 57 57 46 58 66 47 85 29 92 70 63 49 89 64 61 88 83 38 41 57 37 41 69 68 67 93 31 85 75 78 68 19 69 80 43 83 91 79 38 92 76 89 65 54 26 46 51 26 78 40 45 67 79 81 82 53 74 43
85 99 67 98 67 41 98 40 60 100 92 94 71 92 80 89 89 80 98 98 70 98 98 90 90 55 91 95 93 99 99 75 91 84 97 77 77 100 58 66 94 100 85 98 82 89 69 94 99 38 97 86 82 89 98 87 70 89 85 85 73 95 43 87 76 93 72 97 40 89 79 95 71 66 72 81 46 93 91 89 63 95 98 90 69 61 32 90 61 77 99 93 62 85 82 86 84 89 86 56

6 61 86 94 47 76 57 45 65 61 73 33 85 27 64 7 69 9 39 42 87 26 41 74 36 39 70 81 90 52 99 37 59 10 31 68 89 89 89 94 17 67 21 80 32 47 5 92 65 85 46 76 22 86 14 49 2 74 12 41 17 41 20 6 19 69 92 78 80 5 87 62 70 96 74 9 82 72 67 10 99 46 2 30 12 17 33 78 73 48 46 5 52 11 20 69 39 43 28 29

73 172 607 236 118 444 57 157 37 216 278 388 59 300 260 196 67 166 102 227 149 97 192 126 66 285 132 153 534 43 34 151 703 129 160 121 184 129 116 275 141 103 22 277 77 310 98 19 212 1123 117 276 137 328 214 273 153 238 137 342 430 423 90 147 222 348 53 157 80 62 103 146 232 133 399 426 83 281 149 118 143 195 5 41 218 266 187 211 299 286 200 214 90 50 106 702 358 107 850 126
91 475 992 282 125 551 112 371 178 651 896 474 131 674 380 1307 89 512 456 428 404 150 425 570 83 339 169 213 719 274 94 261 1365 170 322 147 327 202 347 474 150 234 114 461 488 319 245 54 254 1573 141 278 194 459 434 936 180 283 256 700 1162 634 92 329 535 782 247 207 187 137 121 324 323 1099 937 511 84 409 396 177 1131 280 231 898 223 359 504 309 524 323 248 368 863 354 256 1538 422 126 1528 1054
466 742 1608 496 306 970 241 416 577 714 992 648 489 771 907 1430 446 634 496 490 527 155 660 944 637 404 244 1390 843 385 147 406 1699 186 1189 719 439 251 718 562 180 378 540 586 897 432 351 479 451 1792 345 465 203 723 507 1093 426 362 280 771 1281 1189 255 958 900 979 324 354 206 450 225 498 518 1415 1986 518 149 733 815 769 1301 592 263 1875 426 1588 553 407 856 469 306 439 961 445 350 1563 422 310 1816 1156
482 837 1616 732 547 1040 505 471 1009 774 1055 1004 989 936 1035 2001 555 769 540 517 556 509 1195 1071 1063 425 456 1456 899 432 440 922 1756 278 1720 956 483 423 915 624 352 414 874 880 897 803 396 505 483 1804 441 504 376 1034 681 1372 432 399 490 847 1976 1588 427 971 1001 1433 488 428 274 540 564 577 533 1828 2021 1069 216 872 1150 844 1395 603 328 1929 430 1653 1938 567 930 544 661 442 1005 466 493 1896 513 403 1927 1682

68 98 531 184 108 145 1 130 36 209 27 287 52 33 78 90 1 23 46 216 28 69 181 32 8 62 60 27 367 41 31 40 384 105 79 109 45 24 105 225 91 22 3 275 11 107 80 11 74 86 113 153 25 97 60 207 122 34 121 156 252 412 59 16 101 284 10 30 33 19 29 49 201 102 45 202 30 220 1 103 25 130 4 13 75 10 130 48 26 118 142 157 81 6 65 14 186 22 436 69
