100 4 1
42 1 22 44 59 18 99 79 62 8 82 25 94 32 1 82 95 3 65 74 13 72 89 56 2 56 85 21 74 1 35 24 4 1 86 73 53 40 10 58 45 15 9 73 71 74 36 63 13 92 42 51 82 20 5 2 67 63 60 79 43 91 100 91 43 28 47 55 45 77 2 64 50 74 87 18 19 54 12 18 24 15 8 28 60 92 78 63 10 19 53 59 45 45 74 94 22 38 38 72

16 5 3 20 13 36 12 51 17 33 26 15 58 12 32 13 9 3 81 44 31 79 9 11 18 18 42 18 59 14 56 62 36 39 35 12 13 19 17 35 5 21 7 60 6 30 6 3 26 32 17 25 1 15 3 4 40 1 8 1 5 8 19 28 2 7 1 37 3 40 43 22 12 21 18 38 38 3 5 4 13 29 29 2 24 1 17 24 17 9 29 10 2 4 3 37 18 6 41 63
19 12 36 47 31 40 77 60 49 33 52 39 58 31 58 20 33 50 84 47 48 81 26 13 41 37 59 46 60 20 83 66 44 44 60 19 33 57 54 79 42 39 7 62 42 39 35 57 79 51 79 47 30 59 43 22 43 34 24 13 37 20 47 60 5 32 16 39 15 74 49 34 27 43 29 50 51 47 91 46 30 68 30 36 28 65 25 26 27 17 40 13 13 18 30 50 33 8 79 65
71 27 44 84 37 89 85 91 75 40 77 56 90 42 90 22 84 51 94 57 92 99 81 47 51 50 70 65 73 38 88 72 62 80 67 19 55 68 66 88 64 63 20 79 65 78 44 72 93 55 95 81 40 72 55 72 82 45 49 56 42 32 49 81 26 73 33 83 16 75 74 76 81 92 36 68 81 58 92 73 69 69 44 39 58 76 42 37 28 72 50 29 33 31 56 65 48 65 87 70
71 28 57 88 55 96 93 92 76 66 84 74 99 53 97 31 97 79 100 88 93 100 95 85 99 66 84 94 87 82 96 75 89 96 69 97 63 70 87 93 93 84 25 85 94 78 83 81 97 81 96 88 44 90 62 82 94 71 62 59 88 44 95 96 27 100 74 92 45 76 95 82 85 99 53 80 84 79 93 98 95 99 95 84 67 82 74 98 58 81 74 72 89 90 95 83 55 76 100 70

7 79 47 25 46 8 42 51 65 100 46 24 12 42 27 1 41 29 69 43 89 59 41 4 3 61 32 29 45 58 91 56 6 17 84 69 76 65 19 94 31 79 89 33 75 39 6 24 19 36 81 6 68 24 73 15 31 95 51 50 42 46 23 97 6 41 44 45 35 94 39 84 96 8 94 81 4 4 24 29 35 56 53 31 51 32 59 48 10 56 71 98 23 33 45 1 92 43 98 44

48 210 198 271 72 72 298 576 260 136 268 201 414 303 74 162 444 241 634 174 60 152 109 261 54 343 99 30 247 28 561 32 50 203 400 285 107 367 84 187 908 100 96 355 399 115 368 102 772 230 782 55 606 246 89 109 419 417 274 119 62 149 108 144 88 42 339 136 160 348 168 91 208 86 287 454 22 176 166 768 44 91 130 513 840 446 205 144 20 967 88 105 193 128 232 194 114 58 192 89
134 938 330 319 145 228 352 808 862 203 571 611 1195 828 274 512 1391 721 869 251 71 156 210 394 637 1290 293 158 248 62 749 99 80 255 439 341 114 470 124 365 1081 275 260 547 432 223 423 179 980 575 1509 151 723 307 321 193 886 596 427 513 212 1109 178 209 188 142 1120 139 345 354 250 518 490 972 683 456 41 200 301 930 441 110 921 564 964 1399 295 287 24 1013 363 406 351 138 275 246 531 1152 448 1171
428 1222 872 456 147 283 676 891 1738 383 721 637 1305 1351 411 609 1777 867 1153 620 80 157 279 431 785 1626 315 549 349 221 1265 796 96 344 547 667 314 1054 347 439 1262 720 346 754 540 858 682 298 1370 672 1906 533 833 370 333 252 982 1062 444 1185 464 1175 217 355 314 474 1468 559 600 454 271 573 497 1248 962 1373 339 450 349 969 746 204 968 842 1446 1926 335 365 156 1273 618 1751 1409 267 390 294 603 1253 762 1208
496 1429 995 459 192 344 1909 1064 1934 457 864 1594 1399 1576 454 1030 1884 897 1377 1704 392 367 378 468 935 1648 536 852 660 487 1830 1609 705 354 556 793 340 1148 411 443 1538 926 445 788 565 1895 894 483 1946 1934 2022 780 933 385 416 502 1021 1126 524 1235 521 1707 357 517 721 502 1746 1035 980 520 831 847 767 1462 1047 1816 481 518 375 1642 888 216 1028 1024 1712 2061 501 1431 506 1531 741 1982 1788 435 421 329 1001 1992 794 1682

35 138 122 195 35 60 45 349 210 65 141 100 203 196 17 59 334 178 373 74 16 123 18 68 52 226 88 13 187 13 335 7 9 25 169 219 100 208 9 58 60 58 88 17 77 8 189 16 212 66 527 43 501 139 84 68 346 21 204 108 29 121 11 70 1 26 238 94 30 94 155 36 136 65 175 46 18 104 112 642 23 54 47 97 140 290 162 86 11 642 49 60 99 24 107 166 106 34 82 69
