200 4 1
263 117 263 213 1 93 68 17 59 165 166 98 111 110 241 94 134 139 139 1 89 1 79 54 121 160 126 101 33 51 185 126 109 92 164 145 134 58 1 1 128 179 179 1 1 244 205 144 92 84 182 82 1 96 49 1 137 174 1 201 175 138 1 1 191 176 70 160 150 153 151 116 3 14 80 129 1 123 169 1 37 284 153 1 103 166 145 1 103 16 43 152 198 163 99 105 26 61 89 171 181 307 1 185 38 1 134 158 24 114 1 290 82 144 165 1 118 156 90 105 128 280 35 132 191 23 14 210 229 197 97 229 228 131 155 19 94 106 1 138 98 121 140 118 127 1 155 1 1 16 60 33 2 171 42 205 184 112 106 203 215 171 1 124 1 148 113 49 1 169 88 90 21 52 95 198 112 46 80 84 86 211 83 112 233 152 150 142 168 1 1 58 94 1 175 83 195 206 257 147

3 7 24 38 29 53 33 1 18 21 51 33 4 1 1 1 28 24 24 30 23 7 41 1 5 27 10 1 5 25 10 51 37 26 7 25 42 15 41 33 27 26 16 1 1 21 14 24 48 3 27 7 32 11 13 11 36 21 32 1 32 37 13 32 3 39 45 22 1 24 29 16 12 35 6 16 45 6 16 13 19 39 34 34 25 28 16 44 1 22 24 10 5 40 37 37 17 49 32 14 9 27 14 21 16 24 20 4 20 5 27 8 22 15 48 33 23 22 23 26 41 25 18 41 27 1 13 12 1 1 1 1 1 22 31 1 44 19 12 1 18 25 9 11 24 31 16 25 28 5 63 2 13 23 16 7 52 31 34 5 16 24 32 10 13 1 1 51 17 23 42 62 3 11 3 18 27 31 1 26 28 21 12 38 1 1 7 22 41 27 1 39 24 43 1 25 57 30 16 5
16 14 48 62 41 67 49 2 19 36 52 34 6 17 28 12 38 32 40 38 48 15 42 2 14 45 25 25 11 30 17 66 50 32 21 41 47 18 48 34 41 29 32 3 23 31 22 38 52 17 47 17 55 23 15 35 37 32 41 12 55 43 17 42 9 49 50 28 9 27 43 29 28 43 15 24 49 16 39 27 35 46 60 49 26 40 17 52 12 34 27 20 10 58 43 43 28 57 48 26 18 29 26 22 31 30 48 19 43 11 39 18 29 23 64 53 30 26 25 40 49 37 27 43 33 15 29 16 15 19 11 2 13 32 36 14 59 24 26 16 27 37 28 17 28 39 34 44 32 16 80 6 14 25 22 12 54 42 35 21 39 31 44 42 33 2 20 54 21 24 47 63 18 22 15 41 28 50 10 41 30 22 21 47 4 10 19 23 49 31 12 50 44 57 15 39 63 32 19 21
26 36 61 71 48 71 59 30 31 57 70 36 7 26 35 21 77 45 57 58 63 33 50 3 28 50 41 43 28 38 30 81 55 50 28 44 65 20 50 62 57 35 33 22 25 42 26 50 68 27 51 32 68 28 16 46 63 45 42 24 56 49 33 48 15 62 73 31 19 30 54 47 41 45 25 42 52 27 43 28 39 54 70 62 38 44 40 59 27 36 28 33 17 76 44 60 41 83 56 42 31 36 38 33 44 38 63 32 54 16 41 44 33 28 68 59 40 28 28 55 50 47 41 64 34 18 32 35 23 40 17 11 15 44 53 16 62 36 61 29 37 51 32 24 34 48 43 51 42 27 85 17 17 42 33 19 58 43 50 22 57 36 45 62 34 3 40 61 34 25 55 84 22 23 29 57 37 56 12 67 52 32 30 52 7 13 24 32 68 40 33 59 45 60 17 45 79 43 33 28
31 41 79 75 62 78 69 43 48 58 81 43 17 27 36 33 85 49 72 71 72 46 60 6 36 64 55 53 39 75 42 89 69 73 39 59 68 33 64 63 85 46 55 43 26 60 32 64 83 47 67 47 82 29 25 59 70 57 46 32 70 50 35 53 19 81 98 39 43 32 57 59 46 67 42 56 55 46 71 33 49 69 81 75 43 62 52 60 29 38 33 47 31 85 49 61 48 99 66 59 32 44 53 39 45 62 67 39 62 29 63 67 53 49 77 70 49 40 35 63 60 59 60 72 43 28 42 53 32 52 29 19 23 64 61 27 70 44 74 51 38 82 33 32 53 54 53 60 43 30 86 20 23 55 38 32 67 46 73 25 61 44 65 71 46 19 55 81 44 42 58 99 34 24 43 73 54 79 13 84 60 46 43 57 21 20 32 41 74 42 38 64 46 72 37 65 94 54 37 30

27 17 16 3 9 16 7 1 2 31 7 2 10 7 21 16 10 31 7 18 1 7 8 5 12 20 6 6 24 10 24 2 1 6 9 4 8 16 15 6 4 9 7 10 16 5 1 1 8 12 5 1 1 1 9 18 18 12 23 4 7 13 17 13 13 13 5 11 7 19 21 17 6 20 7 1 14 4 29 26 7 7 4 2 6 1 28 6 14 14 5 9 20 1 8 13 9 4 13 1 17 4 12 10 1 1 9 20 11 5 7 1 27 1 1 13 15 4 21 13 13 6 16 13 17 24 3 5 14 1 7 20 12 15 13 9 8 18 5 17 4 14 2 1 13 10 1 9 13 23 25 1 6 3 12 15 1 19 2 12 10 5 17 15 2 22 9 1 14 1 12 22 11 1 17 10 5 5 8 8 7 11 1 21 1 5 7 2 33 6 9 8 15 1 12 15 15 4 2 9

6047 7782 7630 9519 12947 9444 6102 17149 18003 9402 5753 9048 8734 7739 4979 12075 12049 7674 14684 6068 9537 10957 16599 11062 3130 5276 6656 12774 11821 14831 6929 6604 13558 12791 8323 7766 7895 10842 6051 14357 11231 15285 5301 5611 6720 9763 7087 14644 15944 7248 10990 16658 10435 8337 10687 8777 12781 7039 11142 14323 14812 14077 11165 9724 20621 8150 14249 9474 1797 6462 9066 5617 12689 13205 15031 10657 15756 7687 14633 17860 9790 8587 12528 12556 2936 5648 14091 7427 4021 6976 7628 10643 7583 8373 12681 3735 6127 11806 11009 19895 6262 12681 5527 5951 13138 7070 1195 7932 5824 6215 14151 11920 6937 9706 11848 9995 14284 7915 7879 7269 14437 12515 16440 6666 10928 4131 12315 6971 9671 13839 5806 7899 20180 9766 13745 8261 12474 7391 9126 6641 8159 12817 6900 9593 7571 14023 1499 9317 8991 7164 8264 5796 9201 1794 9274 8248 13951 12402 276 14323 18738 20161 301 10968 1440 15309 7302 7267 9132 11423 14413 12371 14439 12891 12615 13633 16849 13138 6121 498 11289 13170 11809 2272 8870 8628 11330 9339 9084 7922 11947 9922 15243 12632 14518 12537 19679 5627 15569 13349
7292 8985 9229 11370 15995 10466 7495 21328 20903 11259 6536 11161 10775 9355 6166 14785 14684 9562 16544 6952 10497 13291 18925 12418 3457 6400 8033 15506 14280 16748 8406 7451 15438 14383 10112 8705 9137 11993 6713 16936 12563 18169 5954 6505 8016 11226 8664 18278 17989 8412 12988 18553 12402 10150 12292 10544 15179 8109 13217 16008 17396 16089 12458 12035 24017 9768 17476 11472 2172 7959 10889 6679 14291 14931 18457 11782 19321 9269 17873 19713 12057 10524 14965 14823 3487 6935 16025 9130 4754 8549 9519 12045 8872 9582 14970 4543 6851 13157 12529 24643 6955 14005 6359 7085 14553 8079 1478 9843 7232 7301 16963 13646 8254 11847 13230 11041 16094 9242 8861 8032 16726 15624 20457 8318 12312 4930 14107 8321 12082 15556 6872 9498 22609 10860 15217 10084 13776 8808 11002 7830 9842 14609 8466 10784 8583 16798 1822 11166 10311 8840 9493 6718 10317 2031 11503 9903 16404 15275 329 16168 21021 23995 362 12306 1594 17705 8702 8118 11313 13887 17737 14215 17610 14690 15298 15156 20411 15609 7074 564 12843 15171 14677 2650 10091 9583 13990 11632 10243 9560 13561 11651 18071 14701 17086 15186 22372 6908 18694 14940
7931 10254 10927 12794 17519 12614 8392 23590 24236 12866 7738 13409 11880 10468 7226 16354 17220 11320 19654 8364 11711 15325 21196 15136 3819 7643 9256 18278 16962 18740 9108 8754 17388 17359 12082 10558 10939 13845 7610 19181 13973 20723 6950 7308 9304 12684 9885 19806 21409 9455 15157 21718 14311 12175 13655 12167 17039 8960 15789 18291 19966 17570 14922 13572 28464 11693 20625 12667 2491 8759 12220 7607 17295 17807 21006 14123 22704 11182 21278 23134 14297 12013 17901 16267 4183 7759 18848 10652 5648 9524 11173 13968 10316 10578 17867 5408 7863 14417 15129 28093 8441 15893 7550 7824 17770 9557 1769 10758 8054 8451 20326 14900 9784 13305 14655 13468 18719 10252 10598 9673 19724 18234 24043 9263 13475 5699 16027 9848 13228 18987 7643 11352 25430 12495 17405 11338 16348 10569 12526 8873 11224 17705 9481 12178 9962 18630 1993 13103 12169 10606 11494 7328 11303 2292 13399 11561 19481 17863 394 17828 23205 28952 416 13693 1857 19928 10112 9815 13221 15563 20930 16438 19922 17023 18342 17963 22421 18659 7887 656 14259 17842 16299 3059 11279 10721 16255 13290 11212 11011 15864 12937 21177 17712 19447 17500 27075 8277 22001 16481
9391 11744 12654 15053 19440 13645 9376 27063 28603 14583 8547 14977 12792 11819 8130 18366 18768 12265 21797 9563 13551 16630 24291 16552 4472 8484 9982 21013 19554 21748 10390 10365 18947 18994 13050 11478 11969 15647 8970 21965 15529 23071 8197 8397 10581 14617 10967 21311 23522 10463 17707 23834 16387 13567 15598 14055 18414 10270 18353 21745 22558 20006 17671 15378 33409 13012 23820 13835 2717 10345 13796 8496 19606 20339 22825 16634 26545 12728 22966 25286 15921 13831 20259 19229 4812 8984 20845 11736 6643 10635 13073 15719 11423 12486 20907 6306 8653 16428 16273 32564 9606 17187 8395 9189 19865 10589 2008 12050 8956 9251 23765 16951 11328 15232 17480 14603 22279 11632 12001 10500 21511 20281 28044 10139 15295 6164 17426 10621 15171 21757 8417 12734 28269 14718 19550 13200 17807 11602 13996 9991 12358 19546 10900 13879 11402 21757 2192 15110 14145 11618 13014 8776 13479 2729 15253 12447 22149 20062 434 20237 27037 33990 450 15462 2145 22395 10992 11099 15264 18254 22595 19515 21412 18350 20890 19406 25890 21863 9356 740 15718 19859 18193 3447 12237 12590 18262 14241 13166 12357 18499 14151 24291 20394 21367 19207 30959 9227 25350 19463

4040 5540 5715 5126 8573 6926 3509 9578 13324 5927 4989 4564 7610 5431 2779 7870 7935 5225 8915 3768 7438 9706 10398 6323 1786 3104 5758 10170 6855 12392 4625 5345 8789 11298 5611 5768 6854 9003 4876 9373 8919 10564 3077 3193 4272 5072 3812 11376 8199 3727 8611 12114 5934 4309 9536 5832 8100 5634 6338 12256 10604 9084 6784 7909 12086 4818 9602 8295 1392 4362 5339 3487 7859 9563 11077 6098 13753 5347 12105 14933 5156 6400 7488 10892 1959 3281 12324 6168 3258 4143 5355 7693 6546 7017 9251 2109 3089 9199 5536 14701 4248 8396 3183 4908 9493 4396 684 4056 3597 4316 8673 9087 4299 5940 8789 7232 10610 4070 4144 6153 11489 8430 12775 3587 6228 3588 7599 5446 6087 10356 2943 4038 16090 7907 9089 6672 6912 3897 7681 4008 6973 10952 6064 5428 5985 10138 1310 6018 8014 5215 4931 4135 6185 1562 6902 7006 8168 9524 247 12082 14110 10641 162 5926 936 11617 3678 4921 6209 6580 7525 10161 12699 10139 9944 11368 12725 9045 4735 280 8219 7674 8645 1570 7919 5657 5757 5648 8024 5891 9920 5535 12585 8106 9458 7317 11052 2997 8629 10885
