200 4 1
155 201 95 171 92 139 148 73 67 142 44 170 122 268 73 11 36 187 98 158 215 54 97 136 87 119 131 167 252 81 128 260 80 111 38 126 21 71 155 106 14 1 58 76 95 171 43 94 18 57 183 178 136 291 143 52 117 59 127 161 31 113 1 120 37 14 108 86 69 161 277 177 169 25 129 131 167 150 118 112 9 120 132 127 24 24 36 46 179 50 185 218 123 90 64 95 156 1 189 91 56 95 192 1 78 1 188 142 186 148 151 47 101 201 241 170 227 41 152 190 230 135 97 96 244 157 1 52 45 9 140 206 25 58 1 126 89 55 52 134 102 122 114 197 1 41 127 90 112 222 173 217 50 104 10 205 62 66 121 75 1 194 164 81 124 137 51 33 77 84 140 128 177 246 142 256 134 116 174 108 103 82 167 122 72 39 61 121 148 112 80 160 59 159 1 134 147 56 1 33

22 45 1 1 1 39 18 35 19 19 14 49 6 1 39 50 8 21 1 25 1 49 37 13 7 27 7 8 18 16 1 7 1 1 1 33 9 23 54 44 29 33 53 33 29 18 3 30 28 33 4 17 1 14 12 8 24 33 16 11 46 24 24 38 34 24 40 1 9 15 1 17 6 49 33 1 5 26 18 41 1 17 7 11 51 19 1 1 35 17 22 12 1 16 32 23 14 16 35 18 23 18 23 23 18 17 1 3 21 5 24 15 1 47 20 13 51 14 5 42 39 30 16 36 12 32 22 14 10 1 22 30 21 9 25 18 1 14 10 34 30 19 27 1 40 19 35 16 10 35 34 24 30 5 10 14 36 37 27 17 14 40 16 36 17 23 21 5 19 25 11 26 36 32 38 25 18 42 28 34 12 27 39 7 8 27 37 22 1 22 1 1 6 24 16 39 34 17 4 1
43 46 13 11 7 44 27 37 20 36 38 68 18 6 40 74 9 31 14 33 12 62 48 19 35 29 11 17 31 29 23 29 25 16 7 39 20 48 58 53 49 34 55 39 59 25 6 39 49 35 17 36 5 25 20 11 44 45 28 13 58 29 36 46 35 25 51 8 16 17 24 23 7 69 49 15 26 28 28 51 16 33 16 29 55 26 2 17 42 25 35 21 28 35 42 27 22 26 52 25 30 26 41 39 37 31 7 6 37 28 33 22 9 48 28 22 59 19 15 53 56 43 21 45 13 52 24 23 11 15 30 48 24 26 45 27 24 26 11 40 35 20 51 8 57 30 41 37 11 45 37 26 41 16 34 31 53 39 34 30 22 41 20 45 24 27 30 14 42 41 20 52 46 44 48 49 30 56 51 43 32 52 44 27 10 28 47 32 10 23 6 11 22 44 25 54 44 30 29 15
49 56 19 21 13 61 41 40 40 45 43 75 19 14 47 82 22 32 31 56 25 79 49 29 42 43 16 19 43 42 27 40 26 19 28 57 33 57 61 54 55 39 69 46 78 37 22 59 63 39 23 53 7 30 34 20 55 49 33 33 65 54 44 53 44 36 67 23 23 25 48 25 27 83 79 16 38 39 34 64 25 55 25 46 69 51 18 36 48 42 45 22 44 56 44 31 48 48 68 40 31 35 57 57 50 36 15 12 43 46 37 26 12 61 36 44 81 38 32 57 62 58 39 46 23 62 48 39 27 17 39 52 26 52 56 30 27 45 15 41 53 26 59 12 58 42 42 45 18 61 43 41 49 36 39 52 65 46 38 48 28 49 26 54 25 37 42 28 54 43 38 63 47 49 61 63 40 79 60 50 56 62 64 37 11 29 58 44 14 37 13 28 29 56 40 67 55 37 42 33
57 69 38 32 28 71 59 58 47 59 47 80 37 30 62 88 23 47 40 66 32 103 68 42 47 47 22 29 44 50 33 49 27 36 52 71 45 58 69 69 57 55 79 61 84 49 29 72 65 44 33 54 13 44 38 35 58 66 52 41 66 60 50 62 65 46 85 29 28 27 65 38 43 91 101 34 40 50 50 80 32 57 32 64 75 68 37 42 62 59 58 35 58 64 58 49 65 69 74 54 36 51 68 76 51 58 38 28 61 63 48 41 18 62 40 60 87 53 39 73 94 64 53 55 34 77 54 69 60 37 58 64 44 63 63 47 37 46 29 42 63 50 60 36 76 59 49 62 20 65 64 48 51 50 42 53 74 56 39 57 44 58 44 72 45 44 48 51 64 46 62 84 65 71 66 79 45 82 62 60 58 63 82 41 21 47 59 57 28 44 22 39 44 65 44 85 56 53 45 49

1 18 10 10 18 20 1 7 20 10 9 1 6 17 30 11 9 8 17 19 24 24 1 4 17 17 22 7 19 5 4 10 10 16 9 1 1 5 7 16 33 20 8 6 1 22 12 2 20 4 21 1 11 17 12 16 23 9 8 17 3 31 9 8 6 1 1 15 8 12 21 3 1 16 1 2 18 3 25 4 8 1 20 21 5 16 17 10 15 1 15 16 12 15 9 10 10 19 13 4 10 16 5 13 22 13 12 28 14 1 15 1 1 1 22 17 6 1 9 17 11 14 1 6 14 24 1 5 5 13 18 6 10 3 12 8 22 1 15 10 29 1 1 18 1 6 1 11 6 3 16 10 3 3 2 3 11 14 27 10 14 6 20 2 3 7 10 15 21 4 2 5 17 25 20 1 12 28 28 14 21 28 4 12 1 3 18 7 6 4 13 9 2 8 25 10 4 16 9 3

6833 8338 13022 809 15552 9666 11995 1588 13450 11512 3606 917 9490 15605 12156 9462 13220 5851 19525 12392 9199 10172 2048 15103 7670 13111 6401 7914 12628 8840 20754 11692 1278 19209 14432 11734 10885 9846 11331 6617 5968 12705 13446 13039 15870 13136 5870 12271 14247 5982 12077 11320 13062 13176 11642 6804 13348 10148 8559 11288 19489 17552 6438 12127 19844 11686 11323 7745 15221 19973 17872 986 7572 9281 11948 13145 16183 12460 12972 15130 5496 8785 12951 9838 5687 3048 11686 14632 6793 15420 7670 122 5546 871 5070 3034 11860 11448 7446 11266 15119 12336 14401 13657 9548 5972 6457 13669 14205 7720 6811 15539 8390 10281 13616 13719 5712 1437 14983 1704 13686 9870 15210 14948 5908 480 11772 21137 14075 7576 5025 9748 13031 3135 12962 9775 14355 12966 6403 15196 9672 6901 8721 13165 8015 12355 6465 18792 2419 11486 15075 14439 6396 8020 12640 5978 5146 12223 12494 9264 14860 8333 14150 15039 14625 12248 1959 9338 14744 12066 6323 6542 12559 8757 7993 9232 12491 11551 13537 13636 12646 14286 7413 13202 210 10769 9419 9052 11006 14774 9687 9958 7675 7686 18097 13661 9277 15077 14174 14416
7949 9735 15559 1009 19419 11533 14611 1905 15670 14286 4001 1113 11235 17875 13542 11483 14892 6853 21803 14543 10512 12092 2558 18102 8946 15654 7650 9389 13943 9767 23173 14091 1424 22025 17452 12913 12541 11532 13270 7624 7334 14716 15960 15699 17943 15271 7332 13648 17071 6775 13311 12667 14988 15265 14304 7840 16586 11443 9637 12869 23152 20482 7683 15030 21834 14465 12959 9615 18670 24620 22196 1087 9023 11187 14201 14997 19636 13799 16136 17346 6855 10542 15868 12054 7022 3636 13598 16493 7724 17852 8838 136 6843 1061 6186 3526 14711 12770 8920 13843 18189 13577 17548 15082 11650 6708 7635 16999 16902 8901 7834 17424 9407 11991 16177 16883 6465 1767 17794 2032 16457 11441 17618 16483 6995 575 13673 26383 15833 8838 5549 11811 15138 3767 14474 11522 17586 15202 7524 17154 11168 8298 9625 15466 9410 13775 7591 22897 2877 13137 17784 17807 7846 8935 14854 7043 5934 13518 15026 10889 16600 9382 16453 18683 18276 15247 2274 10688 16919 14968 7685 7600 15532 10821 9880 10856 14813 13185 15199 15120 15116 16290 8637 16299 235 12531 11271 11128 12147 16279 12045 11231 9072 8798 20223 16714 10688 16641 16488 17363
9596 11419 18350 1105 22243 13441 16134 2080 17318 16597 4433 1251 12571 20442 15168 13410 17904 7922 25883 17477 11546 13790 2871 20139 9825 17614 9205 11351 16912 10750 26970 15513 1577 25151 19218 14192 14073 13096 15002 8647 8263 17328 18307 18353 21181 17035 8244 15906 18909 7504 15987 14865 17416 17784 15613 9078 19409 12549 10619 15072 26366 23746 8476 16563 25948 17262 14339 11006 20650 27534 24423 1217 10709 13362 15720 17554 22195 15706 18282 20921 8147 11530 18361 13834 7975 4117 15163 18937 9075 20554 10526 164 7475 1217 7059 4054 17322 14635 10498 16509 20548 15748 20243 17130 14029 7621 8500 18969 19747 9917 8632 20748 10577 13700 18728 19018 7592 2011 19698 2295 18546 13268 20653 19672 7737 668 14920 28769 17771 10450 6604 13066 17415 4174 15842 13218 20182 18044 8921 19261 13372 9554 11027 17987 11346 15585 8513 26636 3448 15680 19919 20229 9243 9867 16671 8402 7036 14774 16623 12913 20094 10289 19519 21002 21777 16525 2707 11856 18703 17862 8861 8442 16898 12813 10955 11859 17675 15130 17761 16931 17645 18947 10008 18692 270 13615 13228 12850 13369 19628 13696 13659 10681 9780 23194 18981 11689 18833 19447 19188
10706 12718 19954 1252 24410 15740 18669 2345 19207 18498 5035 1361 13637 23534 18031 14687 20395 8941 28545 18745 13162 14859 3089 22013 11545 19513 10145 13109 19240 12248 31172 17624 1840 29609 21703 16744 16225 14477 17668 9889 9193 20087 20716 20921 24580 18617 9127 18272 21362 8465 18500 16050 19749 19911 17214 10628 20934 14576 12591 17496 28601 27539 9385 19446 30839 19542 15651 12206 24044 29974 28436 1365 12349 15163 17360 19599 26026 18713 20683 24320 9084 12843 21341 15374 8745 4586 16933 22093 10478 23069 11988 181 8165 1431 7993 4610 19089 17372 12301 19032 23336 18293 23315 19917 16371 8278 9989 21128 23041 11126 9943 22932 12488 15599 21684 20889 8642 2326 22089 2465 20726 15684 22322 21249 8449 738 17862 33957 21220 11350 7667 14992 19291 4826 18570 15225 23077 19695 10463 21985 14833 10706 12785 20921 12934 17353 9522 31297 4036 18481 22331 22887 10411 11386 19023 9582 7718 16213 19246 14342 22517 11493 21711 23347 24039 19024 2980 13131 20366 19328 9683 9634 19086 14528 11843 14025 20112 16929 19838 19324 20802 22483 11518 21759 303 15330 14859 14545 15194 23005 14813 15825 12082 11423 26844 21520 14007 22011 22282 21685

4271 4180 8554 680 12056 5448 7642 1241 9244 6035 2098 590 6596 9874 10206 4974 8604 4817 15903 10144 6911 8912 1056 11015 6712 8906 3772 5369 7018 6481 14837 6156 684 12302 11625 7574 7358 7436 6290 4722 5130 10423 7527 11522 12628 8083 4960 7135 7989 4389 10609 6402 8452 9817 6312 3941 11502 7128 6595 6795 16532 10216 3284 8145 15676 6023 8890 3942 13511 11254 15611 529 4817 5995 6233 11655 12246 6568 7289 11988 2775 7108 10038 8120 3464 1749 6573 10954 5628 11659 4869 69 4494 736 2954 1635 8326 8429 5889 9338 11842 8461 8329 7417 7460 5369 4403 6931 9170 3891 3599 12173 6181 6425 11252 11860 4261 1247 13063 917 11201 5513 7721 8249 5121 420 7139 13201 10067 6451 4155 7666 8527 1771 9168 7838 12410 10348 3668 13291 6678 3583 6363 9295 7158 9083 4710 14631 1906 8568 12403 10065 5100 6025 6613 4627 3409 8091 8191 6745 9632 6265 9685 7930 8071 9443 1464 6406 8890 9823 4352 4541 7831 7028 6000 7865 8115 7049 7917 7898 9145 10351 5930 8485 125 7254 5214 7286 7147 7546 6115 5137 3913 4443 10850 7336 6534 9193 12280 11312
