200 4 1
96 234 100 1 173 75 84 170 127 176 291 56 185 135 122 54 152 5 47 156 233 92 102 117 26 145 149 242 233 132 169 84 37 164 1 76 103 61 25 95 102 1 300 136 99 56 60 118 55 92 204 93 69 1 219 89 133 101 45 16 124 77 7 103 1 121 93 127 1 1 305 85 44 141 111 113 117 73 145 18 6 1 66 1 1 87 52 1 194 195 149 24 1 122 8 103 176 124 1 72 19 1 66 86 213 28 48 179 24 43 240 217 86 53 70 106 141 100 214 128 50 215 224 172 217 52 1 1 210 85 227 157 1 51 196 31 262 46 212 52 70 69 111 60 106 81 39 204 49 58 9 1 22 33 33 54 180 76 78 195 88 39 161 1 123 126 216 145 140 1 74 1 92 292 1 200 364 1 96 175 84 56 1 114 44 1 77 220 54 65 236 54 218 1 40 46 132 1 177 92

11 42 8 23 18 23 36 1 35 22 9 21 17 11 2 45 23 46 26 35 20 18 38 12 5 32 20 2 13 26 22 4 8 8 1 36 3 10 36 22 18 1 54 37 32 33 14 55 1 28 10 31 30 5 10 40 26 27 8 1 28 1 27 31 39 34 16 5 1 36 2 7 25 20 31 23 15 39 29 24 50 27 44 17 36 10 17 27 24 53 17 1 15 17 31 6 8 25 41 14 8 1 24 1 38 24 7 16 42 51 31 1 1 33 11 30 46 20 13 34 12 24 8 1 19 21 41 3 20 42 23 1 35 22 31 56 16 32 1 28 49 16 12 25 10 20 16 10 28 28 1 1 21 8 1 12 39 23 1 13 39 13 16 1 7 46 23 21 4 13 33 1 23 30 36 1 37 27 9 22 21 52 27 33 30 10 39 36 68 11 43 18 35 22 4 7 16 14 21 44
30 49 15 25 22 35 39 15 46 40 31 23 31 18 13 57 42 56 28 40 38 32 50 18 38 48 23 14 27 35 27 19 20 12 2 37 24 18 51 32 34 6 67 42 42 42 32 60 7 37 11 36 48 15 25 48 32 28 17 15 33 9 56 33 64 44 19 10 9 41 6 18 35 28 42 35 18 59 44 36 55 30 45 30 37 23 23 29 40 60 21 6 21 24 43 36 15 45 47 28 17 14 35 5 58 34 21 25 44 57 40 8 9 55 14 33 50 40 22 53 24 32 36 2 33 28 44 14 21 63 34 2 55 34 43 70 38 41 12 39 64 20 26 44 16 25 27 23 46 36 13 2 39 28 2 13 44 32 8 14 40 14 33 15 20 52 29 30 17 14 74 16 35 53 38 8 43 30 32 43 41 63 29 49 43 25 54 42 90 18 49 36 50 23 9 17 19 24 28 48
51 70 17 43 28 42 58 28 57 61 40 24 47 20 25 75 52 58 43 47 55 44 67 30 62 53 40 21 45 65 32 21 33 19 12 40 31 21 53 46 54 22 70 45 48 49 37 67 9 53 19 43 62 16 43 54 33 29 30 16 34 14 64 34 80 49 34 18 12 43 12 24 53 50 60 42 38 65 48 37 64 46 53 41 39 24 28 32 49 73 28 20 32 38 53 42 41 49 52 43 22 19 45 10 73 47 28 49 64 82 57 30 27 65 21 45 59 42 33 54 49 34 41 29 47 33 50 17 38 68 43 26 60 35 65 74 55 43 26 47 80 24 32 48 20 38 29 28 52 54 33 20 40 40 7 25 53 42 18 25 47 24 44 38 26 77 39 33 24 15 84 28 49 77 46 27 54 32 41 53 44 69 37 59 47 35 64 46 96 26 57 40 56 30 21 41 46 45 42 65
55 72 20 51 51 46 63 54 62 66 43 25 60 22 44 78 62 64 53 64 73 45 76 47 77 54 47 26 52 73 37 25 51 20 17 53 35 31 81 67 64 37 76 52 49 58 63 68 24 73 30 59 76 33 51 72 40 37 51 26 54 42 66 41 90 51 65 32 21 53 31 51 63 58 76 53 41 71 64 58 82 47 64 49 44 33 35 34 56 83 42 31 34 51 55 43 57 50 67 46 47 29 52 19 74 62 34 65 79 96 69 44 36 80 26 51 69 43 49 59 58 38 49 42 58 51 64 24 40 71 57 33 68 38 73 84 61 59 28 64 94 25 37 59 37 42 34 29 64 66 41 28 41 50 13 37 58 57 30 35 55 41 60 51 41 90 60 48 27 39 91 47 60 85 58 34 65 45 50 65 56 76 44 61 61 47 76 59 120 27 80 48 57 53 22 52 48 48 55 84

16 6 4 13 16 16 10 12 21 17 21 15 12 18 16 5 2 10 23 2 6 19 6 14 9 1 7 18 18 22 11 8 5 1 18 17 7 7 26 1 25 7 19 15 16 9 10 3 15 1 1 1 8 1 17 13 10 1 1 1 2 18 2 34 7 9 3 12 12 1 16 13 7 1 1 3 12 5 13 6 22 1 4 1 10 1 13 16 6 12 11 12 22 8 3 1 16 1 1 4 4 1 13 29 1 8 11 7 1 21 10 1 10 1 1 9 16 11 6 7 17 8 16 8 3 1 15 23 11 16 13 11 1 23 15 12 11 1 9 6 8 1 8 19 10 10 12 16 19 19 18 30 12 9 7 11 22 7 9 23 14 11 4 1 6 1 4 12 14 20 13 16 18 16 17 1 11 22 20 16 13 3 11 1 13 14 1 21 5 3 1 8 6 9 14 13 19 3 3 5

11670 13977 5754 6753 7071 7477 6454 14151 6661 5004 8180 7044 5242 5704 623 11975 12722 10387 16458 12237 7968 8232 16677 1310 12287 12155 7432 13189 3726 12439 11136 10257 14263 10538 5260 5248 12371 8947 5962 7499 25 9194 12555 2514 4129 13173 1789 7793 6077 10283 7585 13018 11465 8519 11681 2312 7813 4361 7793 12583 16204 372 8022 4914 12229 5822 8045 6546 16235 11913 12154 6146 8524 12514 3771 6327 13953 11379 5813 12010 8136 12998 8537 10481 5836 10226 8387 10264 8123 8811 7973 7808 12447 12721 13199 11023 6720 11538 15151 1491 16409 5132 5879 8504 6532 12365 7880 7181 13704 16131 13436 11884 12774 10302 11303 13274 16755 15438 5248 6415 13599 8561 12810 12454 13666 7885 4576 7575 10321 10749 10787 7837 13290 8163 13836 6764 5226 15169 727 6536 6427 12196 10621 10588 7348 12354 13606 6779 13867 6452 5729 11130 11744 5790 4960 12872 10804 13255 10249 10341 2945 11150 10438 272 12966 13214 11229 11804 7515 13883 14003 6538 6049 7910 7498 5122 8770 7097 15488 10424 12621 12915 11854 15607 1613 1824 12729 11982 10219 1997 12684 5415 7463 6996 7497 12074 11516 10409 12897 6490
13553 16121 6908 7698 8482 8838 7471 15931 7565 5594 10204 8802 5942 6810 728 14943 15361 11539 19710 14484 8993 9216 18886 1562 13902 13716 9218 14755 4379 13735 13465 12662 16880 12531 6338 6164 13931 10514 7152 9024 30 10616 14948 3123 4676 15422 1985 9319 6710 11575 9131 15119 13963 10319 14195 2712 9434 5023 8858 15513 19546 439 9196 5729 14624 7186 9188 7458 18419 14279 13699 7576 10177 13952 4439 7762 15466 12707 6733 14419 9578 16123 9991 11558 6579 12649 9877 12731 9318 9865 9596 9005 14033 14749 16161 12319 8301 14167 18119 1862 18368 6288 7255 10625 8134 15269 9591 8441 16414 19066 15445 13370 15036 12691 12921 14766 20443 17547 5790 7635 15716 10674 14415 15381 16781 9022 5620 9244 11462 12272 11875 8981 14922 10005 15580 7713 5890 18242 862 8079 7926 15149 13101 13208 8430 15072 15289 8045 15899 7551 6801 13047 13484 6488 5594 15461 13182 15813 11973 12800 3651 12279 12494 312 15192 16381 13239 13470 8414 15710 15953 7857 7346 9586 8700 5842 10659 8381 18836 11909 15284 14544 13246 17996 1935 2093 15843 13204 12261 2478 14986 6189 8268 8380 9236 14930 13866 12725 15185 8101
15116 17943 7754 9124 9287 9722 8376 18022 9221 6409 11577 9519 7076 7602 852 16305 17611 14009 22788 16380 10345 10217 21668 1855 15984 16349 10585 17851 4941 15998 15067 14113 20149 13723 7414 7391 15789 12712 8089 10265 33 12491 16243 3557 5655 16792 2297 10113 7959 12675 10444 16869 16221 11365 15895 3121 10827 5931 10483 17953 21320 500 10725 6953 16094 7844 10276 8714 21331 16533 15772 8300 11035 16710 5322 8513 18092 14771 7644 15872 11604 18497 10877 13273 7232 14455 11396 13879 10492 11791 10665 10780 16879 17257 18378 14987 9232 16749 20436 2151 20611 7238 8293 12199 9219 18336 11350 9422 19437 21649 18019 16211 17165 13765 14983 17452 22588 19588 6563 8826 17955 11631 17199 17379 18693 10255 6464 11048 12591 14618 13131 10071 17577 11852 18898 8653 6929 20287 944 9575 9287 16469 14700 15541 9804 16796 18306 8770 19214 8273 7508 14315 15918 7220 6199 18148 15617 17324 13602 14436 4327 14695 13607 360 18368 18558 15409 16393 9915 17900 17911 8862 8004 11076 9450 6715 11682 9725 21294 13445 17904 17123 16041 20838 2262 2338 18276 14543 14625 2952 17164 7516 9322 9084 10865 17827 16734 14944 17055 9328
16844 20292 8904 10330 10699 11135 9256 21329 10506 7012 12797 10679 8019 8431 959 18346 19280 16302 25814 18673 11580 11162 23406 2025 18477 18553 12003 20475 5646 18778 16481 15225 23148 15265 8196 7921 17510 14346 9195 11472 38 13969 17526 3938 6148 19807 2719 11000 9208 15045 12082 18304 18919 13017 18164 3415 11895 7008 11890 20156 24034 574 11949 7738 18358 9044 11722 9935 23487 18797 18145 9043 12699 18401 6190 9690 21330 17055 8237 17452 12460 21028 11940 15053 7924 15758 12766 16025 12237 13244 11875 11571 18210 19723 20600 17257 10080 18471 23123 2500 23454 8000 9289 14132 9948 20782 12195 10410 21906 24407 21085 19062 19144 15490 16339 19280 26741 21293 7565 10206 20098 12696 20134 18709 20939 11101 7078 11818 13758 17189 15326 11192 19006 13082 21713 9921 7960 22957 1093 10483 10243 18531 16353 17516 10893 18749 21278 10337 21376 9366 8567 16759 17383 8407 6969 20521 17572 18788 15644 15895 4850 16538 15974 398 19838 20665 17370 17947 10752 20123 19671 10419 9136 12093 11084 7862 13270 11497 24043 15191 20596 19422 17935 23241 2602 2672 20192 16397 16341 3411 19820 8528 11080 10702 11851 20178 18262 17156 19125 10091

7499 9973 4767 6056 6329 4580 3251 9968 5356 3334 6158 6160 2918 3626 524 10695 9133 8585 9770 8219 3985 6690 8751 756 10604 7357 6221 8743 2127 10106 9234 7724 9806 8951 2636 3616 6518 7491 4651 6032 17 4897 9742 1457 3243 11126 1378 6358 5283 6652 6165 6893 5741 4876 10457 1221 3924 3280 5096 10258 9323 189 4233 3175 7486 4367 6792 5026 11486 7616 8680 4791 5427 10754 2194 3912 7125 7890 4106 8090 4211 8069 5622 7349 5234 6875 6928 7195 5535 7545 4701 6699 10529 7320 6807 7722 3483 7231 11411 1316 14131 2835 3060 6959 5040 7406 4516 4135 6894 10401 9492 6092 10985 8651 9592 8539 12346 8714 4675 5667 11579 7455 8126 9331 11963 5521 2818 5517 5396 7460 5936 3941 6674 7188 8315 5755 3026 7864 422 5779 5469 8643 5397 8400 4685 7014 8633 5343 6996 5604 3175 8597 9488 4976 4045 9094 5532 6674 8478 8365 2466 9450 5525 158 11479 10052 7087 6101 4428 8385 9226 3593 4567 4491 5283 2804 7707 5410 13524 7988 11187 6872 7599 10284 1301 1634 9326 7182 6467 1612 9782 2854 6375 4168 3936 6650 6362 6643 8859 3335
