200 4 1
27 12 59 120 81 131 1 136 209 51 7 272 137 159 66 41 181 33 123 267 181 118 1 175 219 142 57 27 68 102 100 262 211 170 90 53 49 83 1 1 254 46 1 106 144 1 71 176 194 213 312 58 48 34 207 145 20 110 94 51 43 225 100 249 193 67 112 1 1 1 48 134 1 254 207 114 154 54 87 89 152 219 165 143 42 193 141 1 172 13 27 115 45 60 24 91 165 1 228 55 54 154 226 3 136 122 253 1 128 61 203 165 152 181 27 68 59 1 161 244 57 86 217 1 93 177 151 83 137 204 238 332 143 5 1 1 124 51 39 117 23 99 196 62 152 1 242 1 130 163 143 1 1 49 103 6 65 144 101 153 152 122 136 115 208 34 76 1 106 122 1 1 102 54 1 83 271 2 177 78 208 162 109 70 42 127 103 234 236 69 101 29 125 151 1 153 135 231 67 156

12 13 26 39 34 37 8 34 28 15 17 9 4 39 35 51 30 7 1 22 29 50 30 10 1 30 1 1 36 15 20 27 44 20 45 33 10 15 39 31 8 51 35 15 16 1 30 33 30 53 17 2 3 62 1 1 31 23 14 37 45 1 20 12 6 1 14 1 26 46 1 10 10 27 1 43 27 14 1 1 20 26 1 1 29 31 8 1 48 14 29 4 41 17 9 30 16 1 19 11 28 22 39 29 28 36 33 49 1 29 1 41 1 18 21 21 16 17 14 35 29 1 21 18 32 43 23 33 11 48 24 27 34 19 30 22 26 35 57 1 12 27 22 24 28 12 18 21 39 24 15 16 1 12 23 10 29 9 28 24 7 1 2 50 7 13 19 11 20 1 11 11 33 18 40 2 14 30 33 12 30 10 6 25 21 50 1 11 32 26 16 22 38 1 11 23 10 2 34 22
30 18 31 54 42 44 16 44 38 20 26 25 13 57 45 70 38 35 2 39 43 64 34 31 12 42 7 24 41 29 22 38 62 39 53 36 11 31 50 47 19 69 49 30 22 3 46 53 42 70 19 4 17 68 3 16 39 38 15 40 58 20 25 23 31 3 18 14 38 56 17 13 23 39 5 54 39 36 10 13 25 33 22 21 40 46 22 4 49 32 31 20 50 20 19 40 26 12 20 27 33 46 61 50 33 52 40 78 18 30 9 47 4 23 38 22 33 40 31 57 41 5 35 30 35 50 28 42 14 54 47 35 39 20 44 37 27 37 76 15 16 45 34 26 41 18 27 22 48 35 34 30 3 13 37 12 42 25 39 41 35 25 5 51 24 40 41 30 25 19 19 18 36 31 41 9 24 39 37 20 37 16 11 31 28 67 15 22 58 39 32 40 45 16 36 34 27 20 58 34
31 32 32 69 53 75 36 56 49 32 46 26 14 67 46 84 50 40 14 55 50 86 54 44 17 54 19 36 47 30 29 39 74 58 55 48 20 44 76 50 35 75 52 51 39 11 53 59 66 87 33 17 18 74 23 24 51 48 32 62 65 28 39 29 43 16 25 16 55 58 35 23 37 51 16 58 50 64 17 28 29 47 27 31 41 50 23 7 50 42 44 28 71 23 28 51 29 34 31 44 54 55 64 63 48 58 55 84 28 42 29 63 15 25 60 36 39 50 44 64 45 10 38 32 41 60 37 52 22 55 65 50 54 33 45 49 40 43 81 40 34 54 60 28 51 39 34 38 50 36 41 49 21 15 50 13 68 29 46 55 37 26 7 52 41 48 54 38 30 25 37 21 39 45 49 24 25 55 45 41 41 25 28 46 55 68 26 39 61 53 40 41 52 20 54 45 55 21 75 36
39 41 40 70 72 79 52 63 62 38 48 29 26 69 63 105 62 59 36 66 79 105 78 60 22 72 20 55 64 35 37 56 88 64 58 57 40 56 87 56 52 81 75 67 63 25 61 66 79 94 58 30 35 82 40 38 64 65 33 75 79 35 44 56 56 19 41 17 68 59 49 33 38 72 17 71 64 82 32 38 44 48 28 46 61 51 40 8 61 54 60 31 81 37 31 52 47 42 43 56 63 56 78 64 64 59 78 100 39 56 45 65 32 34 81 51 60 71 53 72 62 17 46 35 50 65 39 63 24 58 89 66 86 34 56 60 57 59 87 57 48 56 83 44 69 52 53 52 53 45 60 50 29 21 65 22 78 30 55 56 50 38 16 65 53 68 70 51 42 35 50 44 45 70 65 41 32 65 57 44 50 39 35 49 72 78 38 45 69 59 41 61 71 34 70 55 68 38 80 50

9 16 15 8 5 27 2 8 18 17 15 9 10 12 21 19 9 1 8 5 20 10 16 1 6 12 17 11 1 12 4 1 5 1 11 14 4 14 13 6 13 9 13 14 14 7 6 26 20 20 8 14 12 1 1 10 12 7 12 7 26 11 13 8 1 12 3 1 11 12 7 13 1 8 8 16 2 11 7 1 15 10 11 25 15 9 11 4 14 8 2 6 16 24 1 13 16 12 5 16 19 3 4 3 5 6 5 14 6 6 3 19 18 4 7 9 14 15 1 12 5 5 1 9 10 10 24 2 8 10 17 15 7 20 15 19 16 8 11 1 9 8 14 21 16 15 1 5 10 13 20 5 13 10 1 23 8 8 19 13 18 11 10 5 6 10 1 16 20 36 8 13 17 1 12 3 21 14 5 1 9 8 24 3 15 1 2 11 10 7 1 10 18 15 5 7 13 9 10 10

7966 12266 10000 11955 12523 14232 7773 3596 11663 11642 12723 12213 4102 13080 12577 8136 12017 13297 7830 15084 10795 11420 12053 7971 15093 8783 11642 6006 4019 11964 4686 6807 5075 556 13482 1410 6162 13610 11088 6943 14161 12056 8146 13217 7822 5194 6318 11646 14336 15226 2712 14416 12882 11249 9385 12860 6333 4011 13261 15026 20157 7696 12501 14622 18474 9635 2610 9197 19457 10891 2015 7190 9662 9983 5975 12864 1537 12171 4555 12239 7267 14069 17550 11253 11903 12713 10099 8768 10907 3810 9755 14244 7752 13567 7419 10421 5989 18506 19340 8323 9265 14701 10892 12562 6790 12357 9313 15679 14660 11338 1167 13573 7849 6524 17220 6670 9301 5617 10542 5685 1642 7923 5215 17362 13507 5941 7174 6222 13960 15938 2065 13864 11584 11565 15300 12968 9541 6048 12992 14727 15283 14835 6667 15134 13991 5999 12178 12498 9172 11180 11756 934 10416 6938 7470 7828 13020 14455 12389 12269 18371 8014 13791 15351 4702 14531 16240 13669 8205 7659 8417 6451 13245 9328 19509 11718 5631 1447 8336 8063 14731 6209 8959 7782 12056 13062 6360 19820 12888 7509 8322 19511 6363 7768 12981 11028 5548 13106 9651 3129
9660 15067 12099 14134 14283 16053 8628 4241 14155 13617 14097 14686 5080 16233 15207 9958 13241 15180 9194 17418 12303 13784 13976 8854 17778 10096 13029 7454 4517 13226 5426 7608 6205 659 16820 1701 7559 16060 13295 8476 16435 13654 9682 15650 8962 6065 7092 12851 16765 18173 3082 16413 14300 13821 11081 14532 7655 4833 15421 18006 23956 8581 14979 17093 21160 10943 3046 11248 23130 12375 2394 8217 10772 11602 7002 15404 1829 13873 5659 13893 8086 15530 20419 13560 13326 14319 11619 10095 13114 4468 11455 16463 8987 16016 8467 12764 7046 20987 21512 9467 10558 17246 12623 13837 8273 14258 11514 19016 17306 12702 1450 14985 9014 8140 19519 7831 10636 6207 12885 6567 1989 9227 6200 20288 16201 6845 8584 7180 17252 18298 2364 16492 13424 13436 18191 15120 10668 7225 15557 16982 16835 16786 7445 17307 17239 7464 14508 15098 10308 13645 13775 1099 11579 8130 8373 8880 15818 17476 14370 13843 22108 9826 16276 18520 5674 17084 18830 15695 9345 8511 10074 7105 15741 11551 21831 14283 6468 1751 9934 9913 17932 7686 9872 9377 14638 14921 7597 22529 14735 9368 10350 23053 7146 8723 15375 13758 6249 14661 11137 3880
10877 16481 13990 16496 15837 18741 9643 4971 16880 15498 16918 16706 5785 17673 17309 11750 16141 17322 10344 21060 14098 15409 16482 10485 21258 11466 15036 8485 5135 14695 5998 9208 7381 716 18560 1879 8829 18461 14636 9578 18151 15852 10572 17751 9914 7259 8370 14362 19333 21334 3592 19415 17204 15309 12433 17536 8681 5779 18729 20139 27738 10401 17019 19461 23462 12886 3413 13036 26937 13544 2854 9472 11835 13048 8293 16732 2118 16232 6292 16741 9548 17325 23687 15755 15894 16858 12986 11706 15150 5057 12493 19985 10423 18979 9749 15011 7796 23167 25051 10835 12711 20481 14084 15855 9473 15898 13608 20990 20227 15484 1665 16603 10886 9718 22564 9475 12894 6791 15446 7423 2280 11155 6945 22159 17836 8233 9710 7963 19092 20515 2627 18950 16285 15119 19936 17399 12557 8282 18005 20110 20365 20289 8350 19812 18988 8737 17082 17356 12332 16325 16183 1218 13298 8909 9243 9930 18950 20233 16227 15540 26079 11679 18572 22310 6639 19815 20497 17286 10329 9805 11313 8412 17362 12787 25640 16699 7465 1987 10893 11846 19884 8355 11657 10926 17453 17594 8505 25473 17305 10139 11363 27197 8354 10105 17781 15889 7469 17495 13068 4394
12611 17872 16097 17698 17089 21800 11283 5503 18432 17143 18760 18098 6239 19034 18913 13072 18030 19190 12279 24345 15483 17058 19009 12475 24121 12368 17937 9540 5883 17591 6709 10110 7987 829 20640 2034 10360 20016 16154 11182 20547 17238 12417 19994 10905 8155 9850 17196 21692 24207 4244 21951 19536 17010 14674 19664 9733 6632 21301 23298 31526 11226 18648 22841 27220 14587 3985 15091 31524 15214 3079 10307 14211 14253 9260 19018 2316 18498 6974 19027 10424 19504 26631 17080 17461 19587 14845 13699 17084 5905 14182 23069 11339 21886 11417 16720 8648 26453 27896 12684 14348 23619 15948 17295 10752 18280 14760 22879 22728 16685 1950 19245 12574 10507 25980 10701 15017 8087 16644 8625 2580 12849 7784 24254 20019 9151 11078 9183 21096 23937 3058 20749 18091 16839 22242 19583 13640 9000 19868 22812 23611 22999 9316 23547 21315 10116 18812 19098 14394 17698 18016 1383 15372 10431 10358 10929 20700 23220 18609 17444 29658 13606 20640 24285 7384 21495 23539 18736 11168 10992 12310 9911 19689 14027 29063 18082 8064 2265 12499 13361 22479 9820 13593 11755 18878 19881 9956 29840 19503 11724 13311 32008 9796 11912 20326 17918 8178 20028 14421 5098

6495 7087 6518 6592 6451 9870 4994 2704 10058 9881 9416 6227 3140 8617 6576 5318 8787 10042 4658 11928 6245 7019 9256 6592 12127 7539 7423 5135 2197 10635 3279 4712 2589 358 10183 955 3379 11706 5976 4946 7354 9986 7276 8478 4828 3180 3216 9631 10054 10089 1511 9298 11215 9613 7564 8330 3275 3410 11276 8747 16160 6370 11247 11493 12068 7298 2093 4941 11038 7638 1355 5615 4934 6930 5127 6550 824 6558 2956 8825 5486 11406 13312 9144 9924 9634 8120 6004 5679 2341 5946 11016 6768 9050 4705 6809 5117 16186 14841 5579 6856 7628 6416 8114 5147 10777 8301 10019 8054 8672 800 10739 5305 4355 15071 3455 7640 4375 8699 5110 874 4268 3630 11863 10612 3494 5559 4602 12458 8424 1511 11408 9412 7243 10580 6744 7503 4495 9054 7984 12272 10520 5153 9415 11871 3309 8440 9497 4612 7608 7126 497 5373 4109 5431 4223 9136 11368 10702 8014 15066 4377 10118 8235 3975 8804 12718 8018 6371 4487 5180 5088 6894 6622 11652 6183 4565 968 6774 4292 9182 3479 4917 5747 9611 10107 4119 14503 9378 5528 5289 17279 3890 4279 9549 5785 4745 8932 5734 2432
