200 4 1
123 189 139 138 7 12 122 135 69 124 128 83 166 47 217 174 30 72 162 173 94 113 109 149 89 6 69 65 219 79 50 50 110 200 53 178 225 65 112 120 185 133 1 201 38 102 59 174 3 1 9 198 129 150 1 171 108 45 1 1 1 91 91 256 42 49 1 203 64 149 146 92 64 15 68 191 30 227 106 132 133 189 1 92 34 93 78 115 10 1 89 25 183 217 1 171 1 127 117 42 23 187 97 168 117 64 44 1 153 48 169 117 41 144 1 42 42 263 63 168 174 189 1 119 1 23 13 7 1 117 209 69 164 101 184 95 49 1 1 237 190 143 50 98 120 93 124 84 1 17 165 167 181 162 146 48 76 1 139 144 77 273 53 291 79 51 141 99 1 4 135 183 111 123 124 144 88 272 42 181 149 182 96 25 101 176 27 158 31 1 130 186 139 51 119 238 199 237 236 128

22 3 8 1 22 39 15 33 13 31 21 1 17 31 38 5 12 42 1 28 22 19 1 47 20 1 5 29 18 18 15 66 68 15 25 25 22 6 1 22 4 13 45 1 54 13 10 9 1 29 1 1 23 31 33 10 34 1 38 34 1 1 11 41 32 27 19 19 30 1 57 32 14 17 17 3 17 1 21 24 18 33 27 15 15 39 26 9 14 29 45 35 21 33 15 34 3 49 38 8 11 24 60 16 22 32 35 1 1 29 40 41 1 25 44 48 69 17 34 38 49 24 34 15 12 8 27 23 1 27 3 12 1 15 1 19 21 41 34 35 2 11 37 19 25 23 1 29 32 5 8 35 3 22 26 32 18 29 15 16 8 17 34 4 35 1 40 1 23 32 22 11 26 25 1 15 14 19 15 34 55 1 1 51 30 3 31 40 12 70 18 16 28 24 29 41 32 18 1 7
27 10 10 27 31 48 27 55 16 35 31 16 31 32 57 12 21 45 11 37 25 30 15 60 28 16 30 34 27 21 37 83 71 27 33 34 39 12 21 33 16 20 50 3 56 19 17 14 5 30 2 10 42 48 36 26 40 8 50 47 13 14 19 42 35 35 32 35 31 11 60 57 18 21 42 16 28 3 28 51 29 55 36 21 31 52 29 24 30 34 62 49 23 52 22 45 11 59 63 13 23 35 67 20 35 38 57 2 21 40 51 42 6 29 48 73 71 38 39 39 59 32 39 27 21 18 48 40 7 29 5 17 16 30 12 37 22 51 51 56 5 12 38 40 29 51 2 30 45 15 27 39 22 38 39 40 25 31 25 17 9 25 53 6 50 7 46 11 35 39 30 17 38 45 7 24 25 25 25 42 58 10 26 69 41 20 49 57 18 71 29 27 34 30 32 42 33 23 14 27
39 18 23 38 34 53 44 57 22 74 43 33 39 44 64 17 29 56 19 45 36 47 27 84 29 40 39 50 60 32 45 85 78 37 42 50 60 20 22 46 40 31 65 5 64 28 18 22 12 37 32 15 54 50 46 41 52 11 63 56 26 20 40 46 41 40 38 45 36 23 63 69 37 38 52 17 42 34 49 68 37 57 53 32 32 55 34 31 42 54 70 70 36 83 35 46 15 63 81 17 39 36 68 27 50 58 59 9 39 57 62 52 9 47 67 90 83 39 51 54 71 45 60 39 41 23 73 50 9 40 20 30 31 41 23 45 23 52 52 65 26 21 49 42 33 60 3 35 57 32 37 47 27 49 50 42 41 34 30 22 11 42 75 25 59 25 61 25 44 60 47 38 58 52 19 34 37 33 26 69 69 30 32 71 62 33 57 58 21 77 38 29 41 31 42 55 50 30 29 38
47 22 29 48 36 58 69 76 33 85 61 41 41 50 67 19 36 73 43 51 65 64 54 96 37 56 40 52 71 43 52 102 86 40 56 58 64 26 36 47 48 32 69 10 73 29 35 29 16 38 53 26 71 63 60 61 64 17 80 66 36 31 55 63 49 41 39 60 53 24 75 70 38 53 60 22 47 42 53 91 39 73 75 47 54 58 44 33 43 61 82 71 40 87 38 57 19 76 92 28 47 37 74 33 51 68 61 17 56 58 74 67 25 61 79 108 101 54 53 55 87 66 81 53 47 26 82 59 27 44 42 32 50 52 25 46 28 55 53 73 27 32 55 57 34 63 16 38 58 44 42 52 35 51 53 64 53 49 44 33 25 56 87 33 76 43 78 44 46 70 53 54 59 62 20 42 51 53 34 80 70 48 41 83 80 45 60 78 25 81 43 38 48 32 51 71 51 43 40 59

7 9 14 21 8 13 1 1 15 7 11 12 23 3 16 1 6 1 3 9 15 1 5 23 11 1 3 6 7 24 2 2 17 1 6 12 6 1 10 3 26 5 12 4 16 8 18 17 15 16 10 25 1 1 1 4 8 15 19 15 11 5 15 7 10 5 7 7 26 10 15 6 16 23 17 19 25 11 14 4 18 11 8 26 13 8 2 14 8 10 21 16 7 19 13 21 16 29 3 7 1 17 12 8 1 1 28 7 15 3 4 6 12 1 15 13 17 8 15 8 14 11 19 18 1 21 21 5 4 7 6 5 9 18 15 7 21 3 3 22 1 12 1 22 1 6 3 5 21 12 5 15 17 5 24 12 16 4 11 15 12 1 18 19 7 4 15 1 20 17 10 21 4 1 4 28 9 17 2 7 1 10 15 6 5 14 10 5 6 8 16 14 11 13 10 9 1 1 1 15

5269 8204 17480 8929 4260 12602 5925 1234 5729 11572 1455 2599 5268 10896 10656 12609 5081 12217 7421 12968 13707 12618 4631 7542 11244 7825 15958 14396 9811 13704 9968 17952 5233 13110 5593 8143 14853 8318 8418 7520 7330 10642 13003 5810 6760 7725 6263 9483 10790 408 5397 10501 5548 13357 11644 12560 18547 3076 7505 5735 5982 12681 13225 12317 13421 11116 9653 8253 12619 2026 5306 12740 7957 7958 6125 11403 8306 11464 8580 19472 12773 3824 12547 13992 1216 14148 6094 14466 19019 8308 17236 6575 13586 7369 11673 14021 11930 13711 16825 9117 3997 7858 6445 7545 6496 6519 5394 9670 11087 12532 19620 19787 10774 12943 9284 16455 8196 12594 19008 10753 17643 5726 5984 14372 15585 7430 14114 9163 11403 13107 6564 8086 8894 8369 12869 12269 8221 13103 9078 14996 4622 9391 15201 2422 12656 12018 1576 13875 11718 8836 8791 16417 13200 9890 13292 14066 19564 5894 7250 12922 11569 13160 7534 12976 10974 10830 15452 13414 13963 11042 8322 6126 10918 5865 5529 13070 8938 6894 13945 8095 12945 11160 150 11813 1700 5345 8192 6753 8462 5143 14395 10717 13301 11263 5585 7592 10730 5831 12219 7963
6207 9964 20217 10462 4976 15048 6532 1512 6429 13841 1647 3107 6520 13517 12767 14201 6067 15020 8889 14758 16278 15352 5500 9045 13676 8719 17562 16025 11483 17056 11358 21413 6394 15867 6206 9431 18036 9928 9456 8573 8493 12402 15301 6805 8174 9209 7187 11766 11874 463 6485 12517 6123 14713 14354 15465 20708 3709 8369 6644 6703 14832 16503 15192 15002 12257 11128 9594 15378 2457 6427 15813 9208 8957 7204 13613 9278 14054 10042 22240 15402 4230 15373 17135 1410 15882 6733 16037 23223 9703 20978 7417 14960 8874 14156 17512 13150 16090 20812 11358 4928 8969 7282 8558 7315 7574 6514 11412 13685 15640 22160 23847 12858 15823 11076 19790 9838 15584 21303 13301 21411 6967 6688 16060 18900 8186 15920 10329 12680 15508 7547 10027 10483 9367 15244 14431 9801 16027 10487 18471 5443 10799 17553 2773 15809 13459 1893 15694 13719 10457 10718 18156 15906 12153 15127 16813 21606 7327 8311 15018 14096 14542 8564 14309 13006 13141 17674 16705 17008 13072 9790 7589 12785 7149 6835 14975 10936 8241 16067 9448 15988 13847 171 13664 2089 6324 9362 8382 10164 5738 16159 12195 16291 13211 6355 8731 12848 7084 15065 8885
7489 11189 22769 12408 5592 18037 7282 1698 7179 15731 1796 3679 7227 15648 15348 17113 7088 16462 9867 17735 18230 18360 6044 10828 16406 10130 19925 17626 13025 19881 13204 25165 7697 18288 6827 11032 20249 10776 11115 9648 9630 14730 18082 8113 9393 10568 8215 13920 13048 505 7265 13809 7292 17544 16611 17616 23295 4057 9565 7461 7417 17614 18677 17546 17212 14997 12672 11293 16772 2919 7244 18319 10135 9904 8711 16385 10497 16334 10932 26754 17287 4664 17957 18997 1576 18179 7533 19377 27729 11055 24928 8702 16621 10707 15849 20087 15692 19394 22713 12426 5425 10306 8352 9602 8454 8965 7528 13182 15678 17560 24285 28022 13973 18168 13138 22377 11398 17374 25410 14766 24740 7790 7395 19337 21791 9122 18643 12496 15485 17492 9107 11170 12134 11322 18241 16054 11006 18713 12442 22155 6164 12327 19859 3376 18305 14907 2166 17278 16444 11676 12575 19950 17709 13808 18048 18447 24478 8142 9327 16644 16500 16948 10250 16588 14797 15542 21361 18313 18494 14305 11707 9006 14406 8610 7742 16914 12216 9028 18840 11321 18819 15717 208 15354 2364 7638 10953 9383 11314 6795 18274 13946 18228 15739 7029 9697 14779 8520 17270 10610
8447 12742 26072 13791 6080 20423 7907 1953 8327 17392 2155 4264 7780 18167 16948 19857 7982 18133 11330 20229 20402 20805 6811 12067 19039 11450 22551 21075 14057 23140 15632 27785 8419 19819 7472 12251 23770 12121 12681 11201 10667 16599 20579 9062 10238 11965 8935 16194 15558 605 8339 15154 8179 20500 19392 19813 26494 4730 11072 8436 8864 19420 21063 19943 20229 16699 13864 12188 19802 3307 8323 20846 11724 11502 9885 18930 11640 18041 12988 30326 19909 5148 20523 21229 1698 21453 8414 22311 32313 12635 26746 9787 18911 11538 17693 21715 17285 21437 25785 14141 6184 11432 9540 10533 9424 9972 8299 14872 16832 20360 27972 30866 16481 21120 14352 25091 13151 19646 28855 16668 28912 8731 8423 21587 25478 10159 20823 13654 17141 19983 10094 12144 13435 12748 20907 18401 12210 20305 14120 25160 6973 13989 21549 3841 19685 17431 2356 19267 19164 13518 13471 22719 19641 15748 20843 20029 28655 9185 10224 18948 18335 19967 11587 19190 16904 17843 24710 20521 20710 16240 12795 10341 16540 9697 8342 19706 13335 10622 20570 13320 22038 17521 224 16679 2666 8729 12682 10097 12733 7653 20582 15162 20058 18125 8081 10758 17308 9438 19243 11503

4024 5519 12580 4912 2455 7554 4829 1078 4281 7232 1060 1925 4400 9641 6557 10331 2857 7012 5486 8282 9717 8231 3389 6320 9601 4109 9017 9461 7290 9683 7375 9321 2636 11644 3938 4094 12838 6671 5033 3985 5530 5619 8548 4614 4094 4702 4107 6441 6819 213 3733 7701 4850 8891 6717 7964 15065 1574 5528 2914 4939 8384 7611 7813 7156 7678 6013 5358 10221 1514 4238 9251 4506 4017 4626 5788 6737 9174 6900 12034 11061 2688 7947 11043 747 9904 4001 8568 15514 4991 13378 4708 8924 5015 7652 7951 7894 11406 8549 7786 3059 6760 4120 5828 5246 4981 3867 4969 9641 10371 14356 17301 5930 9251 7637 9890 5011 7520 11485 7461 12624 4109 3642 8531 8575 4264 9399 8047 5751 11408 3376 6076 6803 7530 8051 10752 6288 8900 4558 12559 3065 5121 8236 1735 8143 10622 854 7767 6307 7607 7653 12785 9984 8286 7243 11642 10826 5064 3811 9460 6268 8588 6780 11393 9386 7013 9657 8086 10377 9139 4677 4619 9582 5026 4376 8527 7937 5341 9195 5951 8755 9434 125 6225 1247 3422 6519 3663 7147 4163 9946 5888 11803 6183 4168 4377 7467 3038 6125 4066
