200 4 1
143 70 98 142 170 119 150 55 144 140 31 8 151 108 1 230 109 128 142 116 201 30 216 116 18 74 137 99 143 65 132 117 102 1 139 96 64 135 43 26 189 22 101 100 78 170 85 60 118 137 1 165 178 54 117 94 261 48 141 170 137 65 140 115 179 33 232 193 145 1 45 1 16 41 211 84 157 1 155 1 6 1 2 259 21 78 24 84 11 232 55 203 53 94 95 108 94 110 116 59 146 96 61 246 26 92 204 81 78 105 50 76 104 1 86 119 1 214 71 174 191 59 56 183 103 85 109 81 47 80 90 85 192 123 160 1 45 139 127 148 64 13 209 42 1 14 1 147 61 57 98 164 70 21 130 168 128 45 81 67 54 164 80 144 113 82 212 157 148 165 323 73 25 210 179 47 142 41 87 41 134 82 302 7 1 1 71 12 286 164 91 259 78 93 56 30 102 1 125 133

38 8 63 45 1 49 7 1 25 43 8 23 21 5 30 18 21 1 15 36 25 64 37 30 30 11 24 30 38 2 3 25 30 4 12 8 7 21 10 19 50 39 8 1 47 1 11 31 19 29 1 3 15 10 12 1 20 1 7 25 1 20 1 44 1 36 48 1 37 38 15 12 60 1 42 32 27 14 9 32 66 30 39 8 10 4 1 7 42 1 28 26 1 2 1 10 16 32 3 6 4 1 18 1 14 58 7 1 34 1 11 1 15 1 28 31 27 28 25 14 26 49 21 28 1 31 15 8 35 39 14 7 4 8 1 1 6 1 19 20 1 11 30 42 48 15 37 11 10 30 40 49 37 25 44 20 39 40 12 19 17 34 35 33 19 17 44 39 42 1 12 50 16 2 33 38 1 8 25 13 5 21 15 7 1 26 12 41 37 5 17 54 38 1 46 3 18 36 43 4
47 22 69 53 17 56 9 13 39 51 26 49 35 15 42 19 30 3 22 40 30 82 57 42 35 23 42 31 51 8 20 30 55 10 16 23 24 39 24 27 66 63 11 2 57 3 34 43 25 40 10 18 26 28 13 14 22 25 31 48 12 26 8 52 16 41 58 6 57 39 24 21 61 2 43 42 40 21 10 36 67 47 48 10 20 16 3 14 45 15 43 43 2 14 13 18 34 53 4 13 5 15 29 6 27 73 17 8 35 4 21 12 26 15 30 34 34 43 26 34 29 69 30 44 2 43 34 25 48 46 15 31 18 11 10 12 16 7 21 27 16 32 47 50 49 24 46 33 18 41 44 59 45 30 48 25 53 65 15 23 32 38 46 44 35 35 63 63 64 16 31 75 33 20 48 52 5 25 27 14 13 38 28 9 27 30 30 57 42 7 32 66 42 11 54 13 30 43 64 20
58 39 80 57 18 72 19 17 40 64 41 68 50 25 59 21 49 4 24 47 37 88 73 52 47 29 55 32 55 14 45 45 56 30 24 53 33 53 27 28 73 71 19 7 65 4 38 59 35 45 20 22 40 45 20 32 42 34 32 55 17 34 15 53 21 57 65 10 70 47 31 24 72 15 50 54 53 36 20 57 68 53 56 40 28 26 14 24 66 30 54 49 15 20 25 23 48 70 11 17 17 33 46 10 34 96 30 15 45 5 36 18 30 23 41 51 38 49 48 44 36 87 33 52 19 48 56 26 50 60 25 44 37 14 17 20 40 20 22 43 21 39 62 64 58 45 48 34 28 48 62 60 54 41 65 38 54 68 16 24 35 51 54 53 38 52 69 66 92 32 51 98 34 21 65 62 6 53 36 18 33 55 46 12 42 37 46 58 69 12 34 67 50 35 55 33 39 55 74 29
70 45 85 59 36 74 37 33 43 69 59 79 72 48 81 36 71 29 25 64 52 89 97 60 51 52 76 35 68 31 60 59 76 38 52 71 43 59 38 40 74 73 24 32 75 7 41 62 43 49 31 33 45 46 30 43 51 35 42 65 19 49 33 54 28 62 69 25 84 57 44 28 81 29 54 87 80 53 27 62 73 62 61 52 30 28 37 39 67 37 55 50 24 25 29 24 49 77 27 29 22 50 52 12 35 115 37 31 52 13 40 24 41 35 65 56 41 61 52 53 38 91 43 73 23 55 79 37 71 74 27 64 56 15 29 21 53 23 26 60 36 44 68 83 71 53 66 46 34 78 81 78 64 56 70 43 61 73 30 41 54 70 74 61 39 53 74 80 93 42 57 117 36 22 79 73 19 78 55 30 49 60 66 27 53 44 65 70 97 27 36 71 51 43 58 41 40 67 83 48

18 1 5 9 9 1 16 12 17 9 13 21 6 12 16 16 3 2 19 11 1 1 26 11 9 18 8 6 11 6 7 19 17 1 10 17 2 5 21 1 13 11 13 7 14 20 10 5 10 8 11 17 15 5 17 3 16 28 15 2 2 4 17 3 22 12 26 8 1 7 11 16 22 4 8 1 24 17 16 13 4 14 1 11 11 20 16 2 18 11 20 4 7 3 5 15 10 3 6 9 20 3 2 1 17 26 1 13 11 1 6 19 10 12 27 20 6 20 1 24 15 5 9 24 7 21 14 8 2 1 12 1 19 8 6 19 17 3 6 20 3 11 25 2 10 1 11 18 15 22 13 5 7 1 21 12 10 9 12 6 4 16 1 9 2 12 13 12 15 2 3 1 5 13 13 13 4 22 6 14 6 16 17 6 12 16 1 23 9 6 6 11 1 4 11 18 1 13 5 15

10638 13881 17655 10516 6837 13205 10222 12560 5699 9096 12712 10329 12133 10674 13474 4918 2319 8178 12459 6319 17608 12840 8012 3258 5542 6116 12726 13814 7227 8187 11990 11379 6995 5156 8615 15870 4524 11153 7736 17719 9934 7054 15716 7534 10776 6547 11293 6943 18545 9078 10515 13913 5888 7565 12291 4832 489 2729 7436 13038 7093 5115 18318 13682 7463 10268 6386 12447 5725 9132 5204 12420 13233 14077 18783 12128 8149 12349 13340 5331 1345 10692 11572 11242 8364 8449 12037 5486 5371 6951 10750 12708 13069 6945 5572 15301 13339 7496 10441 7783 6152 8860 10309 11714 290 14231 5601 6365 6500 8139 10271 10358 14098 5778 11702 5536 5958 6572 9547 7888 8940 14200 5255 7005 10945 3318 5146 6014 10950 4355 10476 10664 7673 18235 11547 8604 7541 333 3962 5190 13881 6392 11272 9343 5107 12040 9079 10699 17536 7463 13337 7823 13456 3121 12104 7991 13119 18863 5906 7546 13029 10921 5657 379 17694 18248 11537 14095 13341 12484 13427 10563 9615 7085 11711 5283 13652 7190 10867 8589 12721 9050 11735 14071 6978 9693 11464 7961 10321 6583 8766 10477 7487 13528 6882 5638 11072 8788 7263 7699
11968 15741 20435 12303 7569 14641 11595 14083 6413 10637 15810 12426 15107 12950 15562 5600 2578 9330 13916 7653 20111 15472 8905 3671 6873 7508 14051 15860 9025 9764 14420 12685 8068 5827 10543 17583 4999 13246 8907 20304 11540 8135 19378 8919 13407 7918 13791 7835 22124 10697 12602 15463 7006 9032 13800 5410 538 3101 8937 14786 7952 6260 22424 15278 8267 11873 7264 14036 7134 10720 5797 14090 16042 15885 22748 14766 9462 14604 14757 6204 1569 12516 12855 13727 10149 9529 13624 6812 6495 8263 12911 15656 15649 8053 6644 18279 16406 8411 12527 9241 7090 10288 11344 14048 361 15679 6754 7866 7319 9926 11961 12529 16389 6786 13507 6140 7444 7729 11711 9238 11161 17372 5933 8339 12921 3837 6115 6646 12153 5173 12209 12784 8894 21829 14323 10027 8823 387 4524 6150 15696 7971 13304 10422 5750 13932 11039 13328 20551 8983 15228 9108 14993 3883 15084 9442 15953 23454 6737 8584 14431 13142 6916 448 19539 20570 14365 15594 15270 13912 15050 12650 11065 8831 13582 6423 15511 8019 12296 10673 15513 10124 14510 15878 8051 11211 14289 9408 12785 8040 10666 12684 9122 16469 7949 6513 13234 9731 8806 9082
13539 17317 22637 14305 8956 16547 12627 16496 7527 12471 18679 14385 17036 14523 17965 6549 2966 10569 15821 8707 22255 16911 10560 4179 7474 8869 15853 18972 10223 11015 16422 13992 9585 6379 12076 20022 5568 14488 9906 23642 13209 9634 21168 9958 15544 8643 15299 9173 25623 12384 13775 17822 7854 10292 15164 6536 589 3414 10160 17995 9121 7113 26858 17779 9261 13717 8319 15532 7808 11862 6405 15477 19148 17683 24833 17383 11410 16480 17926 7116 1866 14039 14641 15356 11814 11549 14844 7418 7373 9697 14731 17480 18387 9158 7347 20238 18218 9613 14412 10207 7850 11725 12408 15928 391 17452 7537 8860 8058 11257 13765 14382 18376 8204 15612 7254 8506 8458 12931 10986 13231 20664 6990 9181 15017 4513 6946 7605 13697 6236 14413 14682 10708 24102 16956 11068 10271 448 5413 6979 17904 9534 15215 11909 6783 16449 12343 15035 23108 9830 17519 10486 17788 4417 17703 10290 17813 26037 7425 9610 17053 15623 8097 496 22556 23362 15931 17782 16607 15532 18257 15009 12789 9941 16178 7638 16940 9414 14795 12411 18371 11099 16827 18805 9268 12836 16485 10562 13936 9663 12197 14677 10620 18448 9548 7372 15789 11889 9755 10093
15362 18946 26708 16900 9702 18491 14741 19562 8564 13468 20748 15466 18360 15638 20594 7376 3267 12182 17291 9522 26073 18710 11874 4939 8829 9556 18285 21360 11087 12969 18884 15916 10978 7213 13628 22723 6465 16602 11452 27717 14371 10470 25092 10796 16622 9426 16695 10236 27482 14547 15261 20599 9156 11716 17191 7513 667 4089 11730 20491 10199 7964 29583 20413 10529 15089 9280 17449 8932 13706 7200 17896 21464 19787 28916 18624 12591 19321 21209 7981 2194 16016 16698 17031 13446 12437 16071 8279 8101 10759 16699 20512 21349 10504 8285 23472 20546 10627 15495 11241 8863 13793 13770 18687 435 20035 8645 9834 9287 12110 14919 16133 20639 9062 17764 8406 9442 9398 14748 12262 14451 23958 8056 10674 17401 5055 7602 8560 15512 6829 16417 16779 12388 26022 19665 12973 11539 485 6397 8179 19493 10277 18014 12966 7968 18124 13870 17072 25046 10759 19120 11519 19750 4859 20069 11430 20953 29870 8557 10869 19859 18279 9339 544 25660 26216 18761 20822 18663 16975 20501 16596 14796 11235 18819 8583 18324 10729 17167 13956 20191 12148 18473 21494 10592 14894 18866 12418 16069 10436 13817 17010 12422 20201 11112 8447 17360 13420 11025 11133

6916 9486 9532 7131 4472 10369 6101 10125 4474 5882 8119 8947 9296 7538 7059 2680 1249 6045 6369 4507 14619 11165 4825 2730 3921 3651 8666 7321 5405 5644 9618 9084 4774 3019 4319 12384 3310 8935 6318 10954 6906 4928 14142 4687 8700 3602 6314 3558 16209 6448 7523 12445 5083 4414 10203 3978 299 1606 5262 8553 5110 3123 11521 7007 5566 7789 4836 8920 2940 6676 2606 10221 11060 11472 15565 7248 7068 8339 9990 4733 877 9118 6835 8182 6745 7386 10454 3901 2767 4116 9301 8554 8905 6028 3335 9909 7528 6383 8500 4428 5037 6521 9111 7722 195 12232 3101 4933 4320 7169 7998 5608 7672 5100 9825 4654 4025 5564 8189 4317 5104 11671 4294 3767 9807 2528 3447 4804 5486 2286 8661 8890 5259 9240 8361 7423 6286 280 2374 2807 7366 5561 7647 7903 3850 8549 7238 5635 11368 4874 8802 5348 7393 1985 9401 5148 10008 13454 3632 5740 9829 6661 3066 241 14864 12738 8036 9661 7232 8061 11740 8521 6644 5950 10049 3924 10600 3843 8673 6257 10301 6092 9143 11890 5195 5663 9421 4255 8020 5448 4804 6970 6520 8764 5222 3958 6887 5111 4916 6142
