200 4 1
1 75 40 92 28 61 1 1 174 1 58 1 121 154 174 1 100 127 105 180 201 114 51 157 135 90 193 114 48 147 54 127 1 120 135 1 81 111 67 100 199 31 146 1 108 42 15 1 258 24 48 120 51 122 97 67 173 209 57 83 142 139 203 1 1 195 125 137 1 199 150 72 62 55 187 159 187 154 132 120 1 131 141 113 66 222 219 184 165 188 165 68 137 97 201 117 126 119 154 68 124 24 167 19 45 107 89 1 100 93 1 1 70 3 155 41 134 1 65 121 43 1 26 147 154 77 114 173 79 226 234 269 86 140 1 127 31 1 1 81 243 230 151 1 47 1 143 131 137 246 145 206 48 291 112 47 1 22 47 153 54 1 245 127 192 11 122 166 48 178 120 64 6 201 57 205 191 43 207 303 105 206 108 196 181 139 160 30 91 105 278 1 272 20 39 1 118 70 94 1

23 12 15 1 18 16 20 22 26 37 30 18 4 4 5 22 40 1 32 35 44 43 25 6 1 10 49 13 46 4 6 18 23 18 25 18 27 23 1 17 11 59 29 25 33 8 3 9 1 11 45 1 1 20 28 20 1 43 4 14 23 20 21 31 25 15 34 20 14 7 17 32 39 10 24 28 24 51 25 1 14 11 1 27 1 44 6 1 16 8 46 36 1 1 27 15 27 10 15 1 20 1 12 12 1 4 9 1 14 7 15 6 33 31 10 36 48 39 27 25 5 29 27 41 12 14 36 44 37 31 9 31 38 51 1 49 8 40 52 1 26 6 2 19 12 3 19 24 42 36 5 28 44 17 24 19 1 21 32 31 21 22 23 22 27 4 26 24 1 28 16 5 21 1 10 16 18 6 26 13 10 17 1 1 20 24 1 45 39 30 24 7 18 47 16 31 1 15 20 1
29 23 16 15 20 28 28 43 37 44 45 30 24 5 6 25 42 22 42 44 56 58 34 25 13 13 54 16 61 22 17 32 35 28 34 31 49 30 11 39 17 71 34 33 41 21 5 12 3 14 55 3 13 24 34 34 3 53 6 28 31 34 36 44 33 25 45 21 17 12 36 39 52 19 34 40 35 66 34 2 30 12 10 37 8 59 14 6 23 11 50 37 11 8 41 43 35 24 25 11 21 16 22 19 39 7 12 29 28 23 25 9 34 57 18 50 63 49 44 43 13 30 32 46 25 21 51 57 47 47 19 50 46 69 9 55 25 57 66 8 29 11 12 41 23 25 20 41 60 57 16 37 48 29 42 35 3 25 35 51 34 29 30 34 37 10 34 31 3 38 24 16 22 2 17 27 23 13 35 20 17 20 11 18 34 28 2 51 50 44 43 14 23 53 17 49 10 16 41 17
51 39 28 24 27 49 43 52 56 45 57 64 35 30 20 45 51 33 64 49 68 72 40 41 18 18 70 20 62 34 18 34 51 50 48 38 65 56 23 46 28 76 38 47 51 37 6 18 7 16 71 5 20 30 48 48 6 62 20 45 39 61 43 51 54 33 57 38 29 24 53 50 53 26 36 49 54 72 56 4 35 18 13 57 11 75 36 19 24 16 66 50 23 16 60 55 47 36 30 15 35 27 25 31 50 16 19 45 42 41 31 22 45 68 37 63 65 50 51 51 18 35 35 64 31 30 62 58 57 48 32 72 66 90 28 66 26 58 102 13 46 28 21 42 25 27 24 67 76 64 20 42 57 34 46 45 18 42 40 76 36 41 37 44 44 20 35 38 20 54 29 17 39 5 32 29 42 26 39 25 26 34 28 19 45 29 21 73 60 46 60 30 24 68 29 53 24 37 48 21
55 40 33 29 36 59 64 67 59 52 60 71 49 40 28 46 73 55 73 51 69 87 53 46 19 30 84 31 73 50 27 43 72 72 50 40 83 77 32 48 36 79 44 61 56 47 14 25 9 29 94 17 26 35 73 74 22 65 28 48 61 72 66 66 55 35 88 55 48 38 71 65 74 43 64 59 61 90 73 5 50 25 27 66 12 93 48 36 43 20 67 54 24 38 65 65 51 37 37 32 46 29 43 39 51 17 25 47 48 55 46 25 48 89 42 80 83 54 56 58 47 52 46 80 37 32 64 69 60 53 37 82 81 95 44 71 34 65 115 18 61 54 23 53 34 42 32 87 93 80 29 44 63 52 52 51 33 50 42 83 61 53 52 50 54 38 38 54 23 65 45 30 44 9 41 36 60 29 45 29 36 49 46 27 58 44 42 76 70 59 74 40 39 79 36 58 35 57 51 25

29 12 5 15 10 2 19 1 12 6 3 4 11 1 1 13 2 1 3 1 5 1 22 1 16 1 4 9 3 1 5 8 4 1 1 5 8 5 20 1 6 24 9 11 19 5 13 10 10 11 8 7 6 1 5 3 29 10 4 8 7 12 13 7 18 2 1 22 18 1 1 30 18 4 7 11 1 10 1 13 18 23 17 4 3 7 14 13 14 5 14 8 15 6 10 6 14 7 1 19 1 12 24 12 22 10 32 16 21 1 19 16 10 14 18 10 6 11 17 15 15 18 9 24 1 5 19 12 12 10 18 10 21 13 15 1 5 2 20 1 1 14 5 1 9 3 1 18 1 15 13 16 1 25 13 25 2 12 6 15 9 15 6 8 16 1 13 4 8 5 6 11 9 6 1 14 12 1 21 1 15 1 18 4 22 18 8 1 14 13 4 10 15 2 19 16 4 7 1 8

10016 17259 7768 18399 12922 5676 7708 12262 14136 7162 8598 13657 6786 6132 5823 13654 2637 5395 13469 8430 9717 5871 13643 14666 15152 10308 8893 12057 12618 11439 9460 6070 8934 6034 8304 13623 6519 1230 7611 8076 16310 6132 17149 8264 7969 10744 6284 5809 9069 8202 11357 7683 13678 4837 5698 8845 6395 5727 988 5540 13438 6783 2534 14096 7261 9727 3820 4965 4184 8045 8480 6585 5548 13011 6481 12968 11267 15567 1185 7960 6506 13892 17083 10667 6060 5991 5961 8092 6116 7651 5486 7240 4105 8807 11027 14470 5668 10500 6317 6116 13524 11529 14416 14599 7491 19667 8317 257 13980 18137 6372 8753 14886 8009 6883 1628 9162 14952 12020 10596 11116 17014 19926 6734 9904 13606 5876 12487 10153 8508 4690 9753 8782 7612 14198 13863 10198 11436 13477 13955 8014 15686 7987 18263 7210 17326 13669 2646 7482 5320 12295 15837 8390 13129 8937 11348 5598 15519 7410 11535 5664 8833 13032 13326 8072 636 6787 6466 8442 5742 7546 7934 11522 16514 5748 11553 13803 7496 958 16822 8268 5562 2355 5698 7795 6847 7119 13220 8385 14036 9302 10991 12628 10865 5935 8370 6101 5313 11945 14296
11652 20479 9663 20275 16117 6660 8899 13494 17232 8424 9994 15146 7466 7601 7007 16092 2947 5990 16809 10046 11615 6539 15270 16489 16816 11764 9860 14282 15239 13140 10464 6682 10749 7442 9806 15612 7818 1437 8579 9292 18397 7435 20636 9120 9259 13396 7014 6498 11147 10237 13621 9191 16841 5982 6710 10221 7953 6450 1195 6319 14992 7780 3151 15760 8128 11949 4276 6101 5163 9964 10174 7510 6592 14882 7235 15282 13599 17475 1462 9109 7334 16314 20761 13262 7401 7235 7403 9116 6780 9182 6061 8852 4536 10889 12440 16691 6427 11555 7265 7505 14902 12992 15894 16306 9155 22192 9966 308 15909 21300 7788 9745 17986 9834 8432 1814 10136 16604 13610 11741 13829 20202 24171 7697 12177 15447 6602 14791 11543 9770 5500 11904 10537 8537 17282 15705 12174 12804 15568 15388 8929 18980 9907 20147 8163 20068 16896 3157 8255 6589 13525 19219 9500 15589 10311 13168 6296 18763 8829 12725 6429 10168 15426 15416 9179 774 7698 7851 10216 6951 9340 9693 13166 18763 7061 12713 16674 8358 1128 18922 9644 6383 2603 6453 9390 7666 8258 15454 9511 16386 10694 13581 14636 13401 6563 9989 7550 5981 14543 16815
12809 24382 10685 24556 19322 7695 10760 15076 20023 9957 10897 17395 9132 8365 7672 19251 3506 7315 19050 12119 13743 7288 17982 18422 20133 13504 11735 16863 17784 14428 12325 7623 12549 8068 11738 18554 8862 1725 10007 11078 20394 8083 24715 10619 11128 15317 8307 7208 12569 11386 14938 11003 19238 6634 7418 11566 8769 7069 1422 7668 18247 9106 3781 18340 9658 14345 5220 6628 5677 10820 11561 9089 7584 16937 8454 18448 15363 20914 1622 11095 8925 18716 22521 14830 8718 8635 8475 10397 8058 10823 7304 10294 5251 12480 13786 19053 7019 13469 7934 9025 17434 15084 17339 17989 10328 25560 11751 335 17510 25599 8734 11882 20342 11011 9497 1982 11615 19555 16596 13999 15463 22310 28682 8475 13731 17941 7530 16795 14051 11238 6504 12946 12469 10220 20705 17704 14402 14280 18340 18794 10826 21242 11831 22967 9929 23980 19625 3684 9074 7503 15583 21851 10541 17413 12386 14987 7667 21519 9942 14856 7803 11315 18393 17359 10185 876 8572 8951 11568 8134 10112 11531 15532 22292 7719 15305 18481 9642 1288 21490 11183 6941 3158 7300 11115 8487 9385 16941 10512 18639 12829 16235 16275 16066 7553 10876 8507 6835 17203 18699
14282 27006 11761 28342 21428 8574 11683 17025 23398 11128 12673 18846 10607 9539 8459 20887 3997 7869 20457 13357 15709 8750 20075 21865 21866 15504 13385 19233 19676 15911 13653 8380 14778 8879 12664 21772 10467 2019 11763 11892 23951 8820 28695 11693 12514 17914 9352 8146 13763 12215 16111 12251 22652 7718 8112 12640 9696 7802 1591 8283 19696 10597 4253 21433 11163 15982 5722 7274 6484 11676 13546 9870 8965 19749 9511 19855 16856 23736 1857 11920 10192 20856 25466 16184 9421 9902 9708 11876 8889 12575 7986 11305 5896 14312 15033 21765 8099 14830 8629 9823 19216 17614 18838 20183 11571 28557 13395 396 18937 29909 9469 13714 23331 12795 10522 2261 12994 21489 19165 15601 17894 26040 32626 9658 15428 20499 8775 19769 16153 12260 7137 14318 13935 11467 22305 20016 15781 15646 21286 20342 11684 23910 12747 25303 11286 26286 21983 4093 10598 8333 18429 25744 11752 19823 14547 16369 8248 25322 11258 17537 8899 13444 20854 20486 10995 948 9607 10309 12880 9398 10967 13100 16906 25650 8554 17952 20166 11174 1418 23605 12852 7531 3598 8510 13029 9207 10693 19485 12258 20800 13852 18132 18771 17428 9026 12200 9619 7628 19206 20259

7697 8925 6393 11821 9666 4612 5879 6197 7788 4429 5386 9344 5682 4390 3085 11861 2011 4175 6756 4286 6964 3857 6833 9945 10537 5899 5427 10312 11195 6948 7844 4970 6632 4983 5121 10050 5417 841 6033 5394 14238 4129 13615 6769 5279 9462 3942 4495 4568 4141 9418 4672 10419 2629 3541 6393 5490 4308 549 3296 9431 4187 2143 7839 3757 5131 2327 4001 3238 6943 7326 5857 3603 8099 5656 11205 10140 8710 718 5057 4095 7053 11999 9277 5174 3812 4830 6728 4645 3895 4102 5342 3015 5886 9502 7572 2924 8863 4007 4085 9475 10160 12177 9750 4231 16506 6209 129 9140 15457 4437 5270 10902 6746 4840 1097 7410 8164 10580 7585 8315 15187 13602 5648 8836 10299 4619 9237 6711 5126 4116 5514 7804 5875 12753 9664 6491 6908 10485 10049 5176 8524 4326 10115 6269 15097 7496 1876 3866 3408 10598 8642 6467 11452 4951 7904 4498 11006 4162 9083 3140 4447 9539 8104 4609 371 3445 4807 7521 3480 5782 5000 5867 8846 4792 9961 11752 3775 733 11041 6957 2855 1849 4583 6250 4021 5074 11874 5989 7048 5253 5962 10756 5762 3518 7234 3157 3923 6474 9815
