200 4 1
218 190 192 12 1 182 200 58 150 136 229 67 66 263 76 1 74 143 1 124 1 226 201 1 50 109 284 161 120 6 212 64 68 112 17 188 170 123 181 96 127 191 45 200 42 149 1 147 15 16 214 138 1 98 249 86 48 206 44 1 217 116 1 20 44 90 135 159 1 165 49 116 57 1 1 1 126 154 212 16 22 1 180 81 1 155 87 1 1 72 56 225 74 93 27 115 237 250 1 4 174 107 325 171 214 145 93 57 209 1 123 134 67 11 21 63 59 142 1 87 94 129 1 189 8 174 35 144 1 255 1 52 1 219 35 136 104 21 70 130 45 90 256 1 65 219 98 40 1 186 30 113 59 139 1 8 68 149 1 1 266 1 60 152 27 62 183 144 92 120 165 169 50 84 87 80 239 64 85 23 171 77 22 170 86 1 69 228 112 1 79 1 83 116 108 168 1 99 1 70

13 21 10 1 21 45 1 39 31 30 14 4 1 13 22 17 18 25 17 45 30 30 18 9 42 34 8 15 51 43 14 55 26 46 10 3 30 1 7 1 44 17 19 1 1 34 12 31 10 20 1 15 28 11 4 36 35 37 1 25 37 24 25 28 15 25 9 6 39 15 4 19 17 1 50 45 1 23 7 11 25 1 31 23 30 21 47 31 21 15 15 1 13 11 1 19 5 14 1 11 1 28 2 26 23 24 1 33 22 1 33 1 3 20 18 25 12 26 6 34 26 14 1 3 13 29 25 44 30 23 17 7 37 25 11 26 24 15 24 24 22 22 20 15 17 3 23 47 19 23 24 39 26 19 26 25 11 1 8 22 2 1 38 26 1 20 2 35 1 23 41 21 12 34 27 56 3 24 19 18 39 32 43 27 12 23 27 36 25 9 1 31 28 14 1 7 54 14 1 51
28 29 28 16 25 54 11 45 42 37 26 31 2 29 27 19 31 32 25 59 31 44 40 20 43 44 23 27 63 58 30 68 45 64 33 4 43 2 30 11 49 20 38 16 35 49 22 33 12 21 18 17 35 12 22 37 50 53 13 39 47 26 43 48 16 36 11 16 57 17 24 29 24 21 64 61 16 35 21 30 38 11 59 34 41 35 53 37 41 25 16 8 17 14 10 27 13 29 7 13 19 29 3 34 28 32 7 35 31 15 41 15 13 23 41 34 21 27 20 42 47 39 10 25 16 31 31 63 37 29 23 18 38 36 20 32 27 38 33 38 36 45 31 32 30 12 34 63 35 34 30 59 39 43 36 38 12 7 15 36 4 11 44 42 9 21 14 51 3 34 45 25 20 47 38 62 9 37 21 25 45 43 52 28 23 30 31 48 44 11 6 40 36 23 2 13 70 28 22 62
35 34 38 18 41 69 14 54 58 41 36 37 18 36 30 22 43 50 47 69 41 61 63 33 48 56 24 39 64 67 36 71 74 78 47 11 50 8 32 17 50 21 39 24 39 50 28 52 21 50 22 25 51 21 23 41 56 64 17 42 60 45 48 50 38 37 12 31 58 25 26 33 25 29 76 68 17 44 34 51 39 14 63 48 58 48 76 41 65 27 20 11 33 17 18 39 23 36 15 32 28 41 4 41 36 38 9 37 32 25 64 21 32 28 43 42 28 34 36 47 48 63 22 46 30 39 40 64 50 37 38 28 52 50 36 42 48 53 44 50 51 59 42 54 46 32 59 80 41 49 31 60 54 54 53 43 13 8 34 46 17 30 65 53 20 31 23 52 17 42 54 30 36 61 56 63 10 47 22 32 50 53 56 43 30 40 46 52 51 12 7 54 51 33 4 21 74 36 37 69
49 35 49 23 42 90 23 78 66 52 48 43 21 39 39 56 56 51 60 78 49 68 83 53 58 65 36 45 69 74 39 89 92 92 57 19 63 27 45 20 58 32 54 47 43 75 29 66 25 57 45 39 74 34 26 48 78 67 27 58 78 46 59 57 52 50 37 32 68 34 32 45 38 64 92 76 31 62 57 73 41 31 77 58 66 56 95 57 79 46 35 29 41 31 30 60 28 51 21 46 43 59 10 63 57 43 12 47 46 39 68 46 42 36 44 57 35 43 51 49 51 64 25 67 35 70 59 73 59 48 42 33 64 52 39 48 70 65 51 57 68 65 48 66 50 41 78 81 49 57 44 66 59 73 68 52 15 12 41 55 18 39 67 63 45 46 29 66 19 49 61 31 46 73 72 72 28 48 26 47 68 67 66 48 45 49 51 65 61 30 12 75 66 39 7 37 78 56 40 75

21 3 15 13 7 14 26 21 1 12 9 21 8 16 14 20 1 1 1 1 1 21 11 15 1 2 17 3 28 17 12 9 16 8 10 23 1 9 15 10 5 8 21 3 18 20 22 16 5 1 18 12 1 11 14 20 5 7 11 16 11 17 4 1 4 14 25 17 5 2 6 6 13 18 11 18 2 15 7 19 17 3 21 12 6 13 9 1 12 12 1 10 12 13 2 12 16 15 1 24 2 6 9 5 5 13 17 13 19 5 12 1 10 17 5 18 2 10 1 21 10 2 13 24 8 10 1 9 11 1 7 4 10 11 11 12 11 13 1 1 20 5 3 17 9 17 14 8 1 6 13 15 12 15 13 1 16 9 16 5 4 16 8 12 4 30 13 24 3 20 11 20 27 18 12 22 10 1 2 8 8 13 18 1 14 1 5 6 28 7 9 21 11 1 7 6 1 3 3 1

8828 7193 8632 12470 9486 11699 6683 5385 5030 12609 10393 11420 5084 13060 8721 10658 13420 6701 12009 5696 6834 17285 11791 15706 14275 11014 5539 12007 8805 11060 12219 12939 1656 15138 7786 13342 6340 12241 10109 15753 14728 10718 7261 11753 10334 6222 4922 11879 8136 8220 11010 10705 8567 12237 12059 7427 12078 7211 1931 12064 12330 11186 8170 12031 11034 10965 10467 5823 13183 6249 11439 6868 7468 9435 7147 3875 6341 10447 6569 11249 6441 9993 10136 13516 4262 7430 13273 5182 10169 7575 7931 16088 18360 7315 7744 7228 18532 10261 13088 12884 11917 8688 5395 12480 7497 5231 4190 13084 11601 11406 6858 10358 8024 11184 9955 16206 13148 12231 6655 10152 3232 10329 5801 15044 10287 13015 5595 2873 11730 3540 10187 2894 5525 14434 8503 10820 6499 12921 5394 6188 6932 12864 5153 6952 6769 5200 11844 7599 8454 5010 7648 12321 11842 11340 6358 5323 18365 4923 13558 8701 5597 5895 10374 9089 7951 11825 5256 11509 6045 10281 9931 6685 386 4925 6675 12675 5008 7996 8822 2156 9831 9245 5531 6798 8768 7957 10500 9042 13613 7927 12236 6158 5671 6519 13268 11465 4980 6880 6209 12209
10189 8319 10261 14989 11336 14369 7620 6510 5681 15322 11809 13195 6182 15163 10802 11832 16190 8283 13481 6315 7810 19134 13487 19037 16180 12973 6481 14847 10021 13684 14391 16167 1868 16908 9471 15758 7661 15247 11410 17983 17843 12139 8681 14260 12562 7624 5629 13107 9124 9840 12642 11838 10417 14520 14339 8442 13777 8208 2362 13399 14437 13386 9447 14027 13676 12839 12266 6986 16361 7516 12868 8151 9043 11090 8274 4285 7847 11638 7580 13980 7701 11544 11405 14938 4704 8500 15848 6207 12001 8695 9275 17897 21780 8746 8557 8320 21313 12313 15720 15385 13166 10806 6547 13829 8511 6538 4741 14862 13261 13023 7759 12121 9685 13141 11888 17837 16434 14650 8165 11797 3750 12591 6415 16709 12560 14511 6435 3302 13451 4249 12194 3214 6425 17807 10364 12507 8021 15765 6572 7344 7638 15561 5799 8006 7922 5752 14147 8426 9791 6097 9309 15383 14121 14093 7434 6197 22248 5846 16386 10659 6241 7005 11995 10688 9002 13016 5827 13018 6700 12504 11606 8078 453 5556 8264 13974 6091 9296 10282 2686 11270 10952 6223 8043 9830 9329 11712 11237 16279 9862 13829 6901 6530 7887 15439 13793 5976 7884 6942 14187
11752 9048 11555 17886 12623 15941 8945 7258 6639 17524 14157 15174 7110 16982 12059 14342 17630 9694 16338 7646 8932 21724 15648 22615 18254 15020 7797 17433 12217 14981 16680 18865 2113 18649 10839 18019 9094 18106 12819 20989 20762 14388 9727 16144 13686 8501 6742 15159 10882 10911 15153 13363 11423 17306 16274 10260 16072 9542 2695 15200 16697 15271 10709 15855 16036 15335 14835 8054 19387 8506 14110 9197 10050 13121 10047 4984 8721 13750 8551 15711 8530 12563 12656 16660 5538 9857 18219 6977 13392 9642 10138 20725 24118 9517 10362 9109 24410 13795 18248 17322 15999 12340 7784 16169 9506 7652 5462 16353 15894 15150 8785 14367 11164 14938 13082 19696 19098 16005 9659 14176 4284 14375 7821 19847 14649 16760 7589 3880 15150 4994 13984 3565 7387 19961 11782 14884 9377 18439 7302 7997 8534 17443 6861 9443 9533 6591 15899 9248 11751 7187 10270 17104 15778 15873 8430 6864 25941 6404 19272 12342 6827 8025 13826 12438 10754 15262 7083 14991 7548 14527 12620 8998 530 6053 9802 16132 7067 10697 12287 3149 13690 12845 7310 9085 10906 10474 12808 12598 18896 10682 15816 7699 7198 9442 17137 16279 6677 8657 7814 17118
13243 9928 12461 19237 13680 18330 10263 8045 7514 19581 15337 16827 7980 20245 13186 16617 19224 10551 18045 8491 10491 25111 17387 24204 20675 16851 8623 20412 14405 17140 19050 21482 2356 20263 12693 19763 9815 20731 14725 24859 23003 15917 10633 18966 14977 9276 7402 16540 12795 12222 17713 15275 13232 19728 18364 11225 18342 10599 3068 16937 19477 17804 12598 18585 18780 17930 16651 8930 21196 9593 16562 10320 10986 15213 11757 5578 9800 15742 9438 18471 9434 14367 13761 19412 6499 10717 21389 7533 14743 11340 11780 23167 27498 11173 11519 10588 27665 14871 20255 20018 18210 14422 8433 19276 10495 8197 6210 18749 18289 16811 9781 16133 12870 17372 14935 21876 22382 17398 11038 16248 5076 15949 8738 22444 16739 19850 8859 4551 17976 5543 15365 3973 8638 21430 13253 17269 10607 20441 8573 8632 9904 19451 7978 10267 10327 7403 17885 10208 13573 8295 12033 19766 17762 17127 9299 7814 28056 7403 21951 13645 7532 9453 15791 13844 11646 17295 8257 16300 8383 16675 13892 9723 616 6657 11352 18208 8097 12056 14332 3402 14959 15113 8313 10731 12222 12200 15026 14767 21889 11785 17162 8466 7997 10296 18666 17507 7471 10262 9188 19435

7278 4652 5542 6501 7738 7684 4714 4181 3644 7442 6656 9950 4571 7057 4729 8782 10949 5201 10628 3328 5848 10228 6252 10817 11792 6366 4371 6117 6773 8965 8333 11087 1278 8033 6501 9849 4881 9471 9000 9211 12556 8275 4453 8007 7164 4366 2756 8886 6656 6155 6344 9162 6239 9311 8602 6487 10781 4920 1099 8345 7692 6094 4617 7595 7554 6803 9159 3564 7296 3529 6593 4623 5289 8030 5066 3065 4417 6717 4235 6839 3732 8795 5975 9379 2702 4627 10921 2951 5732 4008 6524 10832 11128 5100 6717 4703 12561 6245 8062 10542 6963 5843 3752 10956 4496 2989 2687 10098 7378 7953 4538 7092 5035 9137 7557 14440 10566 7643 3500 7641 2464 8591 3109 7791 7014 6982 4310 1785 7940 2511 8614 2535 2853 11880 6865 7985 3379 9477 4205 5476 3757 8687 3596 5079 5154 4507 10351 5672 4944 4313 5099 6737 6192 6298 3358 4341 16053 3965 11039 6537 4560 5271 5497 6352 6954 7867 4615 8858 3788 6318 5123 4678 294 4242 4092 10705 2753 6938 7860 1739 5173 7435 3405 5816 4670 4706 6050 8077 9789 7124 10257 5375 3133 3454 9208 6072 2906 4451 3424 8624
