200 4 1
60 48 70 175 57 130 162 149 17 188 34 114 67 55 48 53 1 165 102 114 63 103 142 193 116 101 16 49 83 44 177 184 155 84 69 139 287 102 123 23 27 67 170 147 47 1 185 32 151 135 1 59 138 96 101 168 69 248 149 1 61 57 31 173 169 195 75 144 196 63 177 1 173 191 28 195 88 30 145 90 42 77 1 150 174 247 125 22 135 240 154 202 40 142 7 194 21 153 74 222 173 89 81 128 200 115 181 194 80 87 246 147 25 121 80 1 14 136 219 133 192 229 123 54 183 112 215 72 61 134 110 23 135 69 1 218 182 1 142 118 25 91 169 124 112 67 34 54 97 167 1 204 194 48 159 151 10 11 174 25 81 262 126 74 8 145 77 32 104 85 43 1 46 230 119 1 134 49 109 159 1 85 20 146 109 154 232 104 1 98 1 195 24 77 146 217 281 59 85 105

23 4 4 42 9 25 1 3 1 12 10 16 30 1 23 4 20 35 3 26 5 26 4 24 47 24 7 39 1 48 1 19 1 13 6 4 7 19 19 15 22 31 9 4 16 18 35 6 29 32 36 24 5 12 39 24 51 29 17 6 16 4 33 29 1 6 35 14 29 1 39 10 19 1 34 1 26 3 31 26 9 11 1 28 1 10 25 5 40 23 1 18 36 25 24 1 21 15 24 32 1 12 41 1 19 21 11 27 19 40 27 15 16 6 28 32 20 1 10 16 24 1 29 33 4 1 20 24 44 38 14 32 20 30 21 5 20 20 23 1 1 37 18 16 44 30 21 40 11 47 19 14 28 39 1 23 6 20 20 24 16 12 1 42 6 12 4 1 36 16 23 29 26 25 27 14 24 2 56 50 2 7 7 43 28 36 2 29 23 46 30 1 40 31 1 16 16 1 38 11
27 14 5 53 12 45 6 13 18 15 20 20 31 9 37 8 28 36 11 30 8 44 12 40 48 25 8 44 7 55 4 38 3 21 18 10 17 27 32 16 25 53 18 14 17 31 53 9 30 41 42 29 20 17 48 31 56 30 24 12 29 15 50 50 20 19 65 16 42 5 43 29 37 2 47 5 35 6 51 33 13 23 18 30 5 20 26 8 61 27 22 34 37 39 38 17 37 20 47 51 29 19 52 2 37 35 24 34 30 50 39 27 23 7 30 41 21 26 19 20 34 16 47 42 25 12 38 46 60 43 15 38 30 37 33 17 29 29 25 14 5 47 24 21 58 39 34 54 23 50 33 17 36 53 20 49 9 25 26 32 17 31 11 56 12 24 9 18 40 25 36 31 45 40 40 28 29 9 69 63 10 31 14 53 42 58 21 41 39 53 33 6 47 47 15 28 36 2 44 24
46 15 24 60 15 56 14 30 22 26 30 23 41 16 59 9 31 47 29 43 23 48 13 51 64 26 23 47 28 61 17 45 7 36 23 24 18 28 56 32 51 61 23 35 19 38 77 10 46 59 47 48 23 34 64 39 73 41 55 21 43 21 62 63 28 34 81 31 56 20 57 46 52 6 54 11 36 7 64 38 27 32 25 45 20 29 28 11 64 43 23 43 45 50 48 28 42 30 72 61 30 32 61 26 48 44 27 55 50 56 62 31 30 17 33 47 30 39 36 26 42 20 70 45 28 30 68 62 70 65 16 55 39 50 52 32 33 33 29 29 18 48 32 27 61 54 47 55 30 60 56 30 53 60 21 72 23 31 30 43 24 47 29 58 24 45 26 33 45 37 45 34 50 46 53 38 30 12 84 87 21 45 19 72 50 73 28 51 57 68 41 15 51 48 31 52 48 15 47 46
56 29 35 68 30 57 33 37 28 42 32 32 48 31 64 23 54 55 42 53 35 51 25 61 65 30 41 58 33 73 22 46 29 48 33 25 34 43 70 40 61 71 30 40 28 61 80 32 50 69 50 60 32 44 71 48 86 60 68 30 60 24 73 64 47 40 84 48 61 26 65 48 57 7 60 21 49 13 81 44 45 44 32 57 25 46 39 12 65 49 37 53 47 56 55 40 45 31 87 63 31 48 76 42 50 49 40 61 57 60 76 34 48 39 45 66 49 45 47 34 71 37 74 58 50 39 78 75 73 87 40 58 58 61 56 36 35 43 35 38 27 52 55 29 75 56 52 61 34 78 72 35 58 81 26 88 24 37 47 55 34 60 39 82 39 46 32 41 48 54 46 35 73 48 70 39 35 30 85 106 34 57 24 76 51 74 33 52 67 83 43 25 52 77 42 65 55 27 58 53

3 21 12 16 1 19 25 2 4 1 15 15 13 1 8 6 17 4 27 22 1 8 17 14 1 5 1 1 13 23 7 6 9 7 1 1 23 23 2 7 16 2 4 15 1 5 13 14 13 12 1 7 7 22 7 10 16 2 18 17 5 14 18 16 2 6 18 13 20 1 5 7 15 9 9 11 12 9 12 13 13 16 5 7 13 14 3 4 1 12 17 10 7 14 22 17 7 11 16 11 5 3 4 3 1 1 10 6 8 14 12 15 1 16 18 9 18 1 13 2 11 1 10 8 22 18 3 17 19 17 19 7 1 6 3 6 4 25 1 1 13 2 10 29 1 7 5 22 1 1 21 9 5 10 15 10 10 14 16 28 2 1 1 1 16 1 1 6 1 18 14 1 12 5 20 10 15 20 8 12 5 17 22 31 17 10 11 23 13 13 4 1 11 19 14 11 21 1 17 1

5982 13528 6758 8111 5233 2393 14749 9348 13462 7378 8714 7720 5980 10799 13027 15006 7373 14305 1785 18558 6283 8757 6721 9873 7640 12413 7691 12826 13388 1785 5565 7437 1625 11512 13909 12156 6127 15058 14868 6756 14957 5899 12189 9241 12132 2566 13880 9678 5907 14054 9573 8199 14518 9492 14409 7698 7236 6894 9056 7687 17679 12216 8904 6233 5656 11438 10867 6081 12698 17222 1844 12597 10066 11142 7201 14493 9355 16599 9316 14099 5952 10323 1166 13762 12748 14362 12190 13180 7052 9097 7261 13886 8107 9021 18565 6858 12973 11076 13681 7119 11946 9459 7106 8493 7794 7237 5572 3896 7129 11473 13897 18324 13397 15920 7883 9665 12768 7272 13336 18101 8812 14292 6865 6549 7945 7462 18873 6856 14461 16344 11076 9650 4647 13554 7869 12146 12899 14816 8587 9531 7374 7837 13954 4597 1634 14724 9234 6377 8839 13276 16643 8778 12231 5751 6734 14514 6825 11286 6350 1562 12942 13809 9253 14201 13094 3361 7915 12918 14382 6322 8953 14400 13003 11939 9289 5490 14960 9799 2224 12283 3588 11472 13980 11350 8423 1376 10233 14430 13615 1752 8272 1180 18975 4479 13474 7504 12390 12581 18290 9520
7250 16692 7632 9094 6519 2851 16628 10998 15134 9063 10680 8975 7324 13019 15587 18246 8266 16247 2095 22871 7654 10058 7866 10968 9208 14606 9258 14850 15581 2092 6623 8227 1789 13587 17056 14209 7331 16889 17261 8031 18459 7149 14034 10776 13354 2985 15931 10835 7278 17556 11601 9939 17945 11772 16193 9015 8179 8060 11113 9389 20035 13783 10482 7672 6822 13938 13116 7543 15273 21267 2156 15742 11735 13162 8594 16114 10496 19192 11497 16587 6985 11943 1365 16382 15773 17210 13931 15710 8312 11067 8111 15412 9250 10484 23106 8460 15138 13328 15484 8125 14555 10833 8076 10316 9685 8953 6557 4462 8501 13262 16106 21054 14867 18510 9248 11373 14181 8620 15540 22294 9762 17509 7555 8154 8750 8750 21294 8088 16958 19917 13508 11062 5523 14989 9411 14339 15100 17055 9862 11387 8127 9627 17028 5116 2014 17634 10568 7319 10482 16591 19460 9738 14986 7096 8091 16637 7975 13321 7540 1939 16076 16817 10345 16721 15619 4136 9087 15020 17430 7733 9968 16896 14609 14755 10597 6179 18156 11118 2550 15276 4419 12771 15685 13710 9703 1664 12731 16645 15649 1964 9382 1347 22712 5100 15270 8399 14211 14395 21730 11714
8409 18628 8665 10939 7763 3295 19974 12905 17757 9842 12554 10499 8553 15087 17858 21187 9399 18097 2491 26804 8440 11485 9473 12568 10402 16872 10181 16651 18068 2298 7892 9883 2123 15770 20154 15807 8499 19966 19633 9190 21686 8003 16463 12439 14904 3535 17470 11959 7956 19915 13937 11076 20022 13102 17977 9909 9215 9577 12656 10609 23062 15904 11773 9153 7468 15408 14543 8199 17402 25567 2420 18304 12942 15669 9319 18811 11449 22859 12919 18813 7915 13517 1570 19543 17229 19398 16583 17243 9269 12542 9530 18452 10282 12251 25741 9285 17266 15441 18087 9348 16157 12666 9470 12427 10980 10235 7526 4964 9606 15448 19361 23604 18031 20434 10824 12730 17080 10283 17420 25624 11415 19852 8723 9701 9895 10043 23780 8965 20180 23688 15115 13174 6498 17794 10298 16644 16567 20403 11721 13137 9586 10467 19777 5777 2223 19889 12421 8629 11463 18209 22229 11674 16473 7866 9002 19269 9132 14589 8731 2097 18727 20035 11884 19235 18621 4654 9898 17201 19061 9187 11132 19848 17483 17497 12303 7119 21823 13223 3076 16631 4992 13929 17993 15499 11307 1848 13938 18227 18094 2246 11070 1571 27097 5693 17666 9214 16904 17282 24018 13444
9379 21602 9754 12910 8926 3567 21559 15141 20541 10804 13443 11993 9511 16271 19957 23835 10149 20275 2754 30369 9544 12941 10936 14833 11357 18890 11929 18258 20806 2731 8834 10909 2529 16951 22386 17591 9558 22917 22587 10462 25188 9418 18032 13689 17885 4142 19822 12994 8998 21611 16167 12193 21579 14765 20078 11054 10758 11032 13714 11727 27458 17243 13312 9847 8587 16748 16680 9569 18712 29193 2613 19621 14339 17570 10958 22118 13066 24519 14127 21804 9288 14553 1734 22665 19955 22234 18562 18906 10192 14368 10649 20396 11285 13982 28223 10529 19140 16549 21354 10615 18175 13905 10221 13659 12189 11822 8466 5915 10367 16942 22525 26208 20237 24360 12087 13781 19233 11979 20419 27839 12866 22912 9880 10460 10761 11149 25768 10372 22311 25598 17500 14833 7199 19603 11101 18373 19309 23142 13594 14327 10922 12073 23228 6417 2568 21980 14253 9573 13609 19924 24348 13150 19488 9146 10615 20865 9828 15811 9438 2298 21596 22942 13067 22199 20934 5284 11549 18786 22479 10091 12159 23439 20340 19064 13870 8217 25186 15275 3417 19687 5560 16556 19824 17685 13248 2139 16052 21576 19893 2597 12812 1830 31656 6234 20371 10422 19960 19719 26598 15087

5260 6849 3598 6995 4228 2006 11628 7215 9570 6445 4530 5731 4313 7612 9783 13338 5884 12156 1573 16192 3534 7315 5009 8509 6035 9574 4513 8892 7923 1569 3630 5698 1096 9473 8785 8760 3426 10952 9864 4389 11323 4433 6845 5362 9045 1451 11830 5804 3992 11491 8536 4608 13008 5675 10613 5515 4164 5246 5896 6386 13231 10501 7704 3990 4278 8474 6750 3072 11033 13188 1607 8048 8428 8777 4994 8025 6119 14579 6740 7769 4630 7671 684 9611 10687 10659 8120 10053 5360 6910 6150 10793 4780 6759 16423 4974 9571 6700 11706 4882 9618 6175 6364 5424 6359 5027 4345 2484 5457 7403 8892 9451 11037 12561 6660 7018 7037 5173 9170 11957 7203 11219 3786 5417 5158 5255 14616 3916 8593 14561 7172 8601 2955 10346 6307 7842 8521 9155 7366 4883 3726 5581 11306 3148 1338 11144 7658 5146 4438 6808 13391 6163 7139 5154 4946 8207 3573 8122 3692 1367 8622 7673 7144 7802 11218 2578 6337 7669 8413 4374 6104 11417 9226 10444 7443 4508 9004 5735 1333 9840 2888 7226 9910 8578 6620 1092 6368 11838 7413 1043 4654 798 16919 2796 9608 5216 6836 8786 10960 4878
