200 4 1
199 228 63 41 117 169 124 133 1 194 64 66 129 96 37 87 1 221 44 23 143 75 79 1 155 118 121 295 289 192 166 109 37 69 124 139 75 1 74 102 157 110 1 112 121 162 116 48 226 1 179 167 82 128 164 111 1 117 96 111 209 134 267 84 94 162 101 83 139 78 170 248 201 70 1 95 81 150 93 184 109 265 161 135 156 122 139 143 283 99 1 179 93 105 100 190 172 81 1 56 98 262 172 85 191 4 67 103 117 1 128 170 15 36 101 40 94 152 118 80 36 27 1 110 146 134 96 78 95 117 185 124 148 207 244 139 144 184 164 106 141 168 1 117 182 255 123 162 12 73 1 249 147 1 26 131 109 192 148 145 84 145 139 67 1 97 125 1 1 183 129 1 142 128 60 150 69 140 81 59 138 108 111 102 84 131 83 47 1 189 211 103 174 100 265 59 144 84 171 146

35 18 18 47 11 30 27 43 18 25 13 4 25 1 44 29 20 26 17 9 1 20 1 18 1 7 3 25 10 7 18 1 50 17 11 1 1 19 35 1 22 16 1 13 28 24 61 44 24 26 27 34 18 1 11 19 8 28 1 31 18 7 15 17 45 30 14 43 9 1 50 1 37 18 31 43 22 23 53 24 1 1 10 17 1 13 42 31 4 11 35 18 29 8 22 3 4 14 26 15 29 1 8 1 24 1 1 6 6 33 18 14 17 31 49 57 1 18 43 27 11 1 10 32 53 16 1 26 9 10 42 1 44 20 29 8 30 12 2 10 46 11 21 30 1 16 34 24 34 28 9 18 35 25 16 1 17 23 1 62 33 13 11 28 17 24 29 35 33 1 9 7 27 46 1 12 19 14 16 20 18 10 14 24 44 1 19 25 25 19 17 22 43 15 24 40 30 19 8 1
39 35 19 64 13 50 29 50 25 32 25 13 27 19 60 39 27 32 29 25 9 25 18 20 13 32 12 31 18 37 39 29 58 18 14 24 16 21 64 16 31 29 4 19 38 27 69 61 30 31 31 46 31 6 15 41 15 36 18 39 34 17 25 29 62 47 32 53 16 9 65 3 47 33 39 58 34 26 61 43 2 15 11 23 27 15 47 32 7 16 48 38 63 17 41 13 5 19 39 19 52 8 12 3 27 15 17 25 20 50 32 18 25 39 55 66 12 21 63 28 31 20 12 40 65 23 10 28 12 29 53 5 53 37 46 14 40 20 24 20 47 27 27 43 2 39 48 35 41 35 25 26 54 43 17 16 19 27 2 73 44 24 27 44 20 28 42 38 50 11 29 35 47 61 2 30 25 17 27 22 37 33 28 35 55 11 36 47 35 31 19 33 46 26 31 61 35 30 11 9
49 56 22 77 31 55 35 69 40 48 29 21 37 22 70 40 38 48 41 35 14 46 23 35 33 46 19 43 33 38 40 56 61 19 16 45 32 26 89 23 45 33 17 38 52 32 82 72 38 40 32 48 42 23 29 42 28 49 21 55 40 20 33 30 74 67 36 54 21 26 69 24 61 34 48 67 41 33 80 51 9 30 23 39 38 33 52 39 17 17 59 44 64 25 42 28 9 20 57 37 57 28 14 27 36 26 32 27 30 65 47 20 40 50 71 80 15 39 66 37 43 28 27 56 76 30 23 36 19 31 65 18 63 42 54 21 51 23 38 27 71 41 42 55 14 51 61 39 58 36 33 37 60 72 25 28 25 34 20 85 74 32 33 45 23 29 59 41 54 23 49 49 48 69 3 53 36 33 41 25 54 45 31 41 56 23 46 55 42 44 27 44 53 27 45 64 40 40 12 10
61 68 37 89 33 72 41 73 61 53 43 25 52 32 89 48 48 72 42 48 18 61 41 44 41 53 25 51 45 55 55 66 84 25 30 60 40 38 100 37 59 49 34 46 55 34 89 73 46 56 46 55 49 24 40 43 40 56 22 67 44 37 44 40 84 72 49 73 38 43 77 26 77 46 70 84 49 37 92 68 27 46 43 53 62 53 56 52 33 33 67 63 65 36 48 46 10 33 62 46 73 41 31 28 59 49 38 28 44 72 50 25 50 70 86 93 25 40 71 46 68 33 32 69 89 42 28 45 23 36 75 20 70 54 63 23 67 24 59 28 76 47 54 60 52 55 69 50 76 42 43 43 79 79 26 46 39 36 26 87 83 39 44 54 41 51 60 56 67 36 69 50 49 77 9 56 56 55 51 29 55 55 34 50 57 28 58 65 68 66 54 58 58 35 48 86 59 56 14 31

10 7 1 11 11 1 5 12 29 1 8 10 13 1 18 19 16 18 3 12 24 1 5 18 5 19 9 14 21 18 13 6 9 11 12 23 6 3 22 19 1 18 10 11 17 1 12 9 17 9 3 19 9 3 4 9 13 18 6 21 10 20 8 10 1 16 1 7 12 9 11 10 10 1 11 11 8 6 24 10 20 18 14 1 5 27 18 24 14 29 1 1 27 25 15 13 12 6 10 12 17 5 16 1 1 19 25 6 8 11 14 15 9 28 10 1 9 24 1 1 8 10 2 13 19 18 5 4 14 12 13 8 5 17 1 7 11 11 20 19 17 10 3 14 16 1 16 23 3 14 21 15 16 18 7 14 30 1 1 12 10 3 25 1 23 14 18 5 16 9 2 3 1 21 11 10 10 16 9 3 18 6 9 5 5 13 23 3 16 18 4 20 1 15 14 1 24 9 4 28

13180 6072 19371 14572 7719 14092 7308 5462 9392 5349 5952 8918 14687 19748 12062 6599 12637 15512 10173 14800 20029 15167 7290 20928 8870 10774 11877 16077 13019 18344 10269 16032 15007 18664 13441 6915 9007 11015 7325 12612 12902 21832 15757 10262 5845 12580 3002 9935 8851 13795 7117 7602 7459 10469 11390 13178 7794 168 4246 15897 11727 9257 7029 15321 4026 14589 9973 19374 9789 10057 9623 15258 12677 7795 14068 7258 5311 20172 7839 13597 11077 7685 14483 14195 12833 19139 17412 3991 6333 15974 9209 13062 11573 15809 6331 6997 6825 14451 13521 12280 14212 21566 13823 13934 11651 7942 20303 12425 14559 6657 14538 4975 14232 6995 8511 13481 13563 15200 15348 14338 16032 12665 9042 15570 8976 13373 13476 10332 8993 13625 11947 895 15668 8455 9172 4765 5505 14413 4924 20470 4992 15975 13973 3450 4287 18687 6533 6871 14155 5294 14416 3515 19689 15577 8257 12036 14152 6677 13145 7152 667 14036 9366 13054 21310 15715 8891 838 8312 14834 14868 10086 9835 11812 6563 9262 8708 7694 12391 8884 14711 5960 15668 8764 11265 9777 8142 8059 14318 11610 7682 9628 13478 838 12242 14290 8129 13613 9651 17360
16002 7302 23690 17971 8575 16669 8105 6142 10765 6570 7017 10696 17537 22769 14764 7347 14710 18512 11718 16540 24039 17559 8389 25234 10241 13077 14211 18740 15030 22670 12689 18774 16604 21477 16404 8328 10452 12175 8971 14628 14254 25449 18990 11542 6627 15198 3569 11222 10083 16326 8735 9408 8789 11608 13933 15148 9372 194 5028 19263 13300 10226 7865 16992 4981 18105 11200 23618 11239 11676 11643 18714 15316 8588 17199 8910 6379 24702 9432 15539 12916 9580 16104 17385 15099 21117 19496 4765 7324 19719 10399 15450 13741 17814 7376 8278 7591 17916 16235 13905 16819 26271 16285 17181 14133 9338 23886 14841 17351 7643 18047 5801 17043 8509 9950 15943 16046 17977 17796 16343 20017 14167 10219 18699 10703 14842 15078 11853 10110 16852 14430 1099 18612 10394 10822 5881 6845 15904 6017 23261 5928 18673 15672 4060 5072 21483 7576 7848 16364 5942 17613 4086 22429 17833 10250 13512 17139 8294 15202 8845 791 16511 11481 15508 25034 18523 10753 1018 10239 16561 16640 12060 12119 14046 7362 11381 9642 9197 15326 10452 16804 6839 19419 10807 12765 12005 9040 8929 15875 13062 8479 11120 14839 938 15000 16363 8959 16339 11923 21116
18838 8039 27860 20867 10248 19186 9050 7169 12127 7249 8245 12481 20873 25932 16720 8823 16347 20551 13399 19432 26365 19582 9535 29996 12413 14305 16990 22078 17719 27145 13998 21192 18506 25336 19588 10025 11767 14058 9955 16311 16363 28870 21908 13656 7954 17382 4022 12844 11163 18697 10064 10563 9882 13922 16509 17772 10607 228 5455 22110 14486 12307 9455 18605 5958 21673 12219 27966 12965 12921 13916 20966 17100 10000 20508 9979 7078 26998 10696 17374 14961 11063 19574 20734 18034 25451 21937 5633 8366 21723 12293 18481 16397 19596 8024 9487 8546 19443 18121 16819 18683 29118 18669 19111 15936 11024 27227 16186 19320 8513 20408 6933 20122 9806 11172 18351 18420 21433 21517 19367 23965 17039 11425 22038 12052 16348 17819 13661 11212 19345 16723 1304 20752 11629 11756 6463 7725 19218 7086 26612 7131 21268 17929 4467 5724 23439 8884 9541 19052 7226 19885 4524 25922 19657 11190 15005 20148 9006 17238 10314 942 19093 13638 18214 27662 20280 12251 1165 11695 18537 18676 13333 13345 16381 8113 12449 11659 10619 17220 11531 19187 7612 22765 12286 15491 13557 10186 10852 18228 15951 10370 13205 16230 1057 17750 19616 10582 18979 14270 23780
20474 9016 31485 22520 11298 21771 10124 8503 14222 8371 9122 14619 23740 29778 19355 9895 18193 22884 15741 21838 29828 22159 10398 33428 13774 15992 19397 25176 20275 29119 16179 23344 20285 29954 22829 11643 12834 15537 10960 17860 18602 32790 25318 15322 8687 19585 4548 13893 13261 20519 11218 11601 11186 16174 18719 19093 11763 262 6090 23779 17376 13423 11205 21978 6482 24522 13581 32320 15077 14373 16211 23221 19516 11038 23619 11743 8015 29379 11559 20259 16089 11995 22486 23873 20147 27813 24763 6532 9105 23654 13506 21209 18625 21676 9059 11010 10145 22654 19611 19886 20495 34216 21969 21496 18630 12017 29700 18702 21132 9306 23421 7703 23258 11169 12466 19927 21144 23125 24227 21049 27741 18720 12400 23905 12964 19254 20138 16013 12532 20895 19571 1526 23194 13437 14018 7420 9035 22037 8289 31136 8299 23475 21247 5226 6199 25851 9810 10889 21208 8440 23228 4958 29625 22171 12052 17183 21919 9987 18587 11242 1079 22241 14975 20071 31641 23413 14197 1309 12941 20127 20777 15500 14477 19161 8888 13780 13527 11425 19575 13206 21214 8890 26228 14370 16748 14611 12218 11797 21297 17295 11767 15278 17928 1262 20146 21885 12204 20916 15649 26676

9633 3549 13870 11202 4585 7258 5892 4273 8450 3998 3758 5845 12396 14757 6221 3837 10307 9250 6727 12028 15336 9810 5545 18557 6767 6152 8014 9923 8988 15153 9004 12581 12121 13638 9764 3672 5418 6798 4025 10348 9353 14059 13012 5596 4956 10254 1870 5425 7470 10146 5870 6428 5710 7825 7829 7079 4088 128 3160 14056 9566 7371 4727 11047 2061 12281 6255 12281 5484 7986 4823 8392 7302 4982 9554 3933 3265 11419 5998 10113 6216 6156 11233 12452 10467 13080 12884 2450 5467 10473 4747 7991 10226 11697 5134 6226 5184 12794 9933 7244 9734 11854 7740 9423 6567 5258 11904 7764 12551 5568 11623 3965 7265 4310 5864 11951 8524 10542 12916 10038 11826 7920 6780 13896 4796 10619 7006 8933 8043 7751 9500 722 9202 5594 4788 4210 3263 8264 2929 18276 3881 9963 9168 3072 2624 10612 3571 5844 7843 4164 12055 2361 13841 8363 5518 7175 9910 5103 9606 6149 509 10504 5625 11183 18024 12914 4893 461 7130 11746 11409 6850 6947 9050 3405 6740 6192 5891 10100 6142 7691 5165 13965 6032 9029 6855 6399 6643 11368 7464 6230 4825 11383 475 10710 10576 6105 11468 6723 15200
