200 4 1
110 74 1 105 1 92 92 199 39 98 151 79 171 101 1 101 70 1 159 137 15 56 51 153 1 39 147 1 95 27 152 79 132 25 55 1 39 18 162 208 88 100 170 37 50 91 17 16 57 179 72 174 1 57 132 144 77 50 195 7 279 96 32 96 151 184 68 99 1 1 158 339 93 40 174 102 152 121 168 23 203 1 165 92 167 115 187 193 76 151 66 121 110 139 53 7 218 112 69 62 259 134 77 58 37 187 50 136 126 6 200 74 212 133 29 217 81 72 87 17 61 29 128 111 27 195 51 71 150 94 40 95 95 39 110 87 165 152 101 238 161 1 40 7 149 1 111 93 1 103 200 69 44 84 80 81 1 158 98 151 114 28 141 37 10 123 12 127 98 1 153 27 113 5 77 82 56 135 24 50 1 70 101 1 35 106 117 1 70 79 1 176 161 245 126 118 77 81 84 208

18 36 21 54 1 13 34 12 24 23 20 1 33 16 1 1 49 24 38 1 1 44 28 28 1 44 7 29 26 32 1 13 27 25 13 34 16 25 23 17 26 2 1 20 12 28 17 44 5 31 1 28 14 1 5 40 22 28 5 24 13 31 1 11 26 22 31 26 47 23 71 36 3 25 44 8 42 13 16 1 48 29 29 17 9 1 19 30 28 12 6 28 21 20 7 28 9 22 36 32 13 34 47 25 11 21 1 30 37 28 1 29 36 33 31 37 23 15 4 29 7 32 43 31 32 47 47 46 29 15 7 1 13 28 21 10 32 13 16 51 31 29 6 1 29 28 22 25 26 33 33 18 32 12 1 29 7 15 27 4 1 5 29 29 1 26 5 26 19 12 35 63 36 22 2 16 16 43 14 18 43 14 58 7 1 7 8 1 11 12 28 37 26 21 4 30 1 22 27 25
27 44 30 56 8 18 55 13 36 38 23 25 57 25 3 8 55 32 46 16 12 58 37 45 22 52 8 50 45 41 19 18 36 48 33 37 29 38 35 27 30 4 6 43 32 57 24 57 19 34 13 30 30 2 6 43 46 29 12 28 23 40 19 18 29 27 37 39 55 26 90 42 19 28 62 25 53 21 17 10 49 32 33 19 17 9 30 41 40 36 40 33 23 21 18 45 24 27 45 33 26 36 48 44 24 39 23 45 55 33 10 34 43 53 36 49 30 19 18 31 10 37 54 35 45 60 54 49 51 28 15 18 18 47 22 14 51 22 33 59 35 42 25 20 34 36 37 37 32 42 42 30 40 15 22 44 16 16 37 12 9 21 34 39 21 32 17 37 28 23 37 69 44 33 29 35 28 49 34 33 64 23 62 10 17 19 16 12 13 14 29 44 51 36 19 32 7 33 28 28
43 47 37 59 14 43 65 19 39 48 31 35 64 32 18 29 79 44 52 32 14 67 64 48 27 63 25 69 69 42 37 32 50 61 34 59 37 40 48 44 38 17 13 52 38 72 34 68 32 38 30 34 47 11 16 45 56 41 29 29 34 51 37 27 50 33 67 62 62 29 92 54 30 34 76 35 57 23 18 23 52 40 48 30 30 25 41 50 41 53 56 52 31 41 19 47 26 50 46 40 45 37 50 45 39 52 41 53 66 37 22 58 52 66 44 66 37 45 38 41 45 54 56 43 65 61 72 56 65 34 18 28 24 61 30 27 57 27 37 78 36 62 39 21 43 43 42 45 36 43 52 49 42 25 37 53 29 17 46 34 24 30 47 53 34 41 35 50 39 43 38 73 50 47 47 37 35 53 41 58 89 38 63 26 24 22 22 17 14 25 44 46 61 43 45 36 14 35 32 35
50 56 39 60 32 59 73 24 43 57 32 56 65 40 23 30 92 61 72 42 20 77 74 59 28 76 35 78 79 43 46 50 61 68 40 74 59 55 71 46 54 21 25 86 55 95 54 85 53 41 35 46 62 16 27 60 72 61 30 38 35 56 50 44 63 40 68 81 66 35 93 55 40 38 98 44 74 26 40 38 73 61 55 33 45 51 43 51 51 62 66 57 43 62 21 61 29 65 53 52 48 47 70 60 48 82 42 58 85 50 27 59 57 83 65 76 48 63 54 54 50 72 68 46 75 65 96 61 79 72 25 35 28 72 39 29 64 42 43 96 37 63 53 39 60 55 60 57 39 73 68 50 56 40 50 69 31 43 57 44 40 46 48 61 48 51 47 55 50 50 48 75 65 53 61 47 40 58 43 67 99 46 89 37 25 32 31 27 32 37 54 60 66 60 54 55 32 40 40 38

14 12 6 6 2 1 6 14 9 13 1 15 11 11 8 8 1 19 6 18 19 8 13 3 1 11 12 25 16 6 36 8 6 10 6 11 7 1 8 3 20 3 17 8 19 6 26 12 12 1 13 9 22 6 22 14 8 16 11 1 8 17 11 14 18 9 17 27 11 15 15 12 7 16 1 5 21 15 7 11 15 10 1 31 17 21 10 9 1 9 15 1 6 22 12 1 4 10 9 5 11 3 1 5 11 10 1 14 1 4 9 1 9 13 9 22 6 9 24 1 2 1 4 12 4 15 6 1 24 8 11 6 14 19 26 17 24 15 38 6 6 11 1 16 15 17 10 17 9 1 3 2 7 12 6 7 8 13 1 5 17 6 3 9 5 11 15 7 9 13 1 1 16 8 21 9 1 14 14 1 18 13 16 7 10 7 1 11 1 20 13 9 24 1 9 9 3 9 12 3

5267 6257 8514 7603 5817 12219 9537 5357 8060 9650 6110 10755 12737 7376 7861 12296 9526 11719 11670 8470 12300 8025 10964 7847 11938 8481 10891 4627 2415 13551 14312 8140 4860 13480 5544 5638 10981 5974 9501 5454 9851 6144 6400 10345 5068 4869 9896 5555 4605 7087 6083 9864 4710 13059 8872 3000 12163 17177 6471 10982 6905 14613 10696 12981 8311 9531 6547 12405 7722 12626 6884 9390 10279 9429 6611 11460 2220 12718 13262 7090 6050 9020 8519 13045 9794 6301 9599 11523 6051 7230 7948 8117 11252 7478 16296 12380 11599 9550 11118 11757 9707 13042 13135 11827 9426 11434 5489 5048 8709 14095 12065 13638 5160 10141 11642 9772 9857 12451 2 1741 10950 5810 8729 7055 8137 4814 5700 12765 10397 12762 7385 5749 8333 6994 8394 16241 6719 8098 5165 9756 5707 4352 2012 8255 6406 14258 17768 930 4607 11684 10946 4716 2020 11896 7639 7637 4727 12752 8530 10133 10690 11401 9992 6529 9787 11213 5159 10090 12196 6596 9435 15064 7065 11148 6761 5847 7786 666 12128 4727 5740 9980 8344 6177 12764 8444 4863 8877 6032 11864 6192 12872 11070 5984 8286 10065 6700 11740 12853 8228
6483 7049 9833 9394 7001 14749 10642 6236 8891 11162 7612 12328 15270 8266 9272 14111 11338 13981 12948 10302 14287 9327 13570 9214 13211 10264 13425 5701 2772 15716 17428 9587 6072 15354 6204 7020 12357 6719 11040 6264 11921 6802 7908 11812 5704 5501 12289 6709 5711 7965 7448 11788 5331 14584 9779 3437 13665 19478 7438 12602 8321 17464 12835 15406 10106 10688 7952 14500 9325 15739 7993 10977 11645 11486 7391 12865 2697 14016 16517 8667 6790 10865 10146 15130 12217 7627 11619 14033 6987 8157 9146 9070 13693 8421 20013 15308 13442 10541 13200 14365 11117 15323 14743 13254 11094 13205 6528 5602 10786 16257 13531 15023 6256 12571 13385 12089 11127 13743 3 2077 12301 7133 10092 7879 9428 5550 6960 14148 12313 14973 9196 7139 9989 7987 10345 19016 7808 9460 6440 12183 6957 5081 2295 10118 7296 16517 20153 1055 5673 13197 13334 5365 2231 14627 9109 8935 5455 15191 10182 11797 12060 12831 11767 7544 11360 13443 5928 11694 13757 8056 11259 16830 8520 13578 7443 7203 8875 762 13563 5388 6462 12465 10367 6979 15603 10301 5949 10537 7312 14675 7086 15454 12502 6743 9553 11816 7517 13337 15327 9986
7638 8396 11142 10424 8157 16377 12131 7053 10522 13027 8543 14794 16791 10090 10400 15653 13007 15216 15280 11253 17111 11047 15386 10724 14599 11345 15908 6279 3286 19020 19044 11152 6612 18294 7187 7635 14991 7711 12751 7210 13370 7675 8576 13115 6758 6329 14710 7546 6715 8958 8657 13811 6503 17847 11187 3826 15279 22320 8885 13846 9028 20362 14125 17410 11114 12483 8672 16208 10135 17391 8991 12663 12843 13280 8512 15203 3052 16759 19359 10347 7786 12920 11987 16959 13980 8573 13010 16089 8013 9400 11095 10623 15274 9518 22086 18151 15714 11978 15836 16221 13124 18128 17808 16149 12644 15491 7644 6761 12926 18091 15241 17032 7166 14612 15680 13893 13481 16735 4 2261 14229 7865 11426 8856 11172 6445 7851 16304 13958 18055 10439 8300 11015 9635 11379 22780 9004 10886 7695 13635 8315 5721 2526 12051 8050 19469 23837 1214 6367 15235 15045 6232 2620 16378 10729 9786 6261 17290 11388 12988 13831 15198 13776 8658 12503 15881 6818 13369 16361 9499 13458 18357 9739 16251 8215 7925 9683 829 15076 6424 7672 13538 12285 8021 17194 11223 6808 11985 8480 16201 8232 18472 15121 7970 11617 12992 8190 15635 17384 10900
8181 9646 13102 11342 8835 19037 13943 8271 11883 15211 9869 17169 18243 11891 11581 17591 14202 17286 16698 12481 19679 12780 17891 12481 16436 13429 17271 7108 3573 22156 20633 12709 7777 21025 8299 8792 16188 8878 14340 8069 15446 8638 9337 15699 7899 7091 16005 8604 7180 10393 10078 15755 7455 19388 12569 4536 16671 24205 9889 15422 10390 23357 15971 20430 11992 13815 9695 18660 11898 20111 10497 14487 14151 15452 9723 17699 3309 18163 21079 11157 8467 15149 13866 19850 16270 9940 14193 18949 8645 10593 12521 11878 17201 11052 24259 19391 18106 13451 17239 18965 15289 21147 19269 19023 13644 17522 8947 7988 14051 19718 17870 19235 8165 15987 18139 15742 15627 19717 5 2504 15965 9106 12523 10256 13141 6949 8988 18389 15651 19369 11774 9181 12139 11053 12673 24552 10610 12131 8522 15890 9347 6170 2750 13291 9468 21276 26809 1337 6831 17305 17523 7121 2915 18581 11986 11053 6760 18790 12893 15063 14931 17500 15141 9621 14439 18534 8044 15366 19034 10473 15342 19921 11086 18661 9675 8634 11107 950 18010 7513 8337 14702 13557 9557 19511 12867 8007 13066 9272 18107 9439 20288 17402 9348 13492 14619 9713 18081 20200 12570

4641 4312 6506 5571 4697 10476 7559 3965 7145 5152 4344 7900 11003 6249 4710 6682 5306 6386 7315 6819 10455 4404 8177 4301 6967 4628 7474 3812 1739 7469 8480 5910 2752 11801 4076 4862 6452 4385 7432 2878 8215 5115 3337 5452 3305 3532 8592 2950 2940 6102 4026 8434 2690 7074 7809 2654 8304 10651 5730 7300 4699 10734 6014 8573 5785 7790 5619 6617 5794 11305 5510 6692 5659 7191 3772 9786 1153 6593 10230 4927 4599 7476 6824 10896 8049 3438 7350 7558 4689 4187 4534 6518 7100 5202 8839 8224 7821 8372 10004 10258 5267 9094 10143 8039 6801 10226 3662 4061 5916 12515 6200 8485 4129 5786 10019 8668 7529 8090 2 981 6644 4471 5805 3577 6033 3490 2960 6585 8789 7541 6392 4931 7110 4143 6796 8531 3669 4562 2853 8662 3773 3367 1066 5840 3597 7627 12193 565 3118 9163 9621 2681 1688 10605 5759 5105 3452 7062 7018 7617 6658 8320 7647 3346 8065 10032 3492 5422 8180 4060 4723 11355 3817 8302 3692 4551 5242 535 10886 2899 3240 8835 6318 4975 8760 6110 4358 5002 5058 8469 4722 9911 6807 3297 5980 5799 5367 5989 9904 7097
