200 3 1
58 118 1 1 44 68 148 140 57 278 49 40 27 142 157 36 256 1 243 119 208 104 343 184 18 94 126 18 90 102 27 90 90 139 1 1 110 149 161 68 125 32 76 136 208 123 219 189 134 66 1 39 113 1 248 48 38 83 21 117 209 162 128 240 171 201 211 138 7 230 1 98 57 105 162 66 18 111 1 133 62 236 6 189 130 101 1 4 161 93 1 107 99 44 139 1 105 160 1 99 84 1 160 159 85 32 187 163 182 71 45 173 38 1 248 85 134 89 129 30 27 112 131 42 115 124 100 250 1 162 123 71 107 57 65 167 46 197 58 165 188 84 133 65 41 105 54 1 176 129 173 93 42 97 155 23 134 35 135 13 196 97 117 124 1 1 99 64 118 115 124 13 235 87 219 124 83 53 40 104 165 104 121 250 1 89 166 59 1 236 54 104 1 47 162 1 95 192 30 101

27 11 46 26 10 33 34 1 38 13 14 18 1 30 24 49 29 19 26 37 1 26 26 6 12 36 8 41 7 28 14 1 11 34 1 14 11 16 33 1 11 16 6 32 40 34 31 35 17 9 20 23 29 37 16 49 17 18 11 8 18 19 26 14 27 32 16 16 1 16 16 45 9 43 1 8 32 17 34 13 8 1 25 11 32 35 51 28 24 23 1 24 26 8 1 41 44 15 34 44 25 24 7 9 1 32 20 3 44 10 22 41 28 22 3 12 25 30 30 22 32 18 1 29 40 16 13 39 44 28 20 40 37 27 1 8 7 42 1 1 25 3 19 19 16 8 10 41 15 1 37 7 28 14 32 48 34 2 7 60 45 19 14 8 1 16 19 29 10 16 17 12 11 1 37 6 1 58 14 28 46 23 21 26 1 1 1 1 6 19 7 20 24 3 17 24 29 2 13 4
28 13 47 41 20 46 46 13 42 15 30 19 15 35 30 73 44 24 39 45 18 38 44 14 27 48 15 59 15 39 31 3 31 37 6 34 28 21 51 14 23 21 7 42 67 47 52 49 21 37 35 30 44 38 20 50 35 41 20 10 35 29 40 34 40 49 36 26 2 25 21 46 15 49 6 16 41 18 35 24 15 10 30 15 33 38 74 29 28 36 12 28 47 33 12 43 52 22 63 45 39 31 26 11 36 34 31 13 57 31 36 53 33 33 12 20 37 39 32 23 43 27 8 39 41 47 32 46 49 29 39 46 38 30 4 15 18 51 5 13 38 12 32 29 22 23 11 46 16 8 57 11 37 22 33 65 48 8 8 77 50 24 20 19 4 24 22 58 18 22 38 33 13 12 50 8 16 73 20 43 48 31 51 41 15 25 6 22 7 23 13 24 29 4 33 35 41 12 21 21
47 24 50 55 28 50 72 26 56 29 35 28 31 59 40 74 45 29 48 56 21 47 54 31 46 56 22 71 30 43 49 4 57 50 19 35 45 22 63 22 24 39 8 55 75 61 53 69 41 53 36 38 71 54 30 78 53 60 27 16 41 38 58 38 62 64 37 27 33 31 35 53 16 69 16 17 48 22 38 46 22 13 42 17 51 52 86 32 49 42 41 44 50 37 20 46 62 35 67 49 59 53 34 19 45 38 34 21 60 41 47 58 34 34 20 28 38 50 45 26 46 28 11 55 55 62 54 47 57 35 40 49 49 34 24 16 31 52 14 18 44 29 43 45 29 27 12 47 39 19 62 32 43 28 51 67 64 20 17 91 65 36 29 32 9 36 46 71 33 28 39 34 32 23 53 22 31 78 34 61 61 43 67 44 32 28 17 32 15 45 19 42 32 37 40 40 43 29 30 39

5 15 1 14 1 9 5 2 12 1 5 16 11 8 1 9 9 1 3 1 3 15 18 9 13 21 17 11 9 12 15 1 1 7 8 2 11 14 8 1 6 3 10 8 1 16 22 4 18 6 11 2 22 12 10 6 1 15 2 19 9 20 29 9 13 25 2 11 1 4 5 16 21 9 17 17 14 15 1 1 10 4 28 10 14 22 1 15 18 20 17 16 11 5 10 18 6 17 22 1 16 8 27 18 1 5 12 1 14 1 26 9 5 1 11 3 8 27 14 3 5 11 10 19 1 11 5 11 1 6 27 11 11 6 12 13 3 6 14 1 1 24 1 17 17 17 16 10 12 11 6 7 11 1 1 18 15 16 1 20 20 17 17 10 23 11 12 15 8 10 4 1 20 1 4 1 24 3 19 15 1 1 7 3 7 18 17 1 3 12 20 7 25 1 13 6 10 13 16 13

6822 11625 14710 12147 5045 13760 8156 8790 6508 12452 7570 10791 11709 8976 1056 11229 4911 8954 11588 2817 887 3218 8418 6990 1230 18575 12034 8276 7247 5147 13100 8417 918 14041 10333 5736 9943 14174 10205 351 14207 13018 12089 9015 7765 14088 6799 5934 10851 5462 13671 8889 9661 6230 7807 13582 7616 5268 15088 13061 11089 8703 6453 13632 13685 10602 13703 9365 4336 6025 5461 5254 6177 7520 6247 7787 5165 10646 8749 8461 14245 13281 13307 16798 16012 10055 2827 11849 9032 6458 14802 1037 13612 12647 12175 6921 7197 8142 14263 6375 5164 12073 8938 5933 5271 10455 5187 11876 14076 8804 14053 8327 10716 16747 9176 9078 5369 18469 14005 6135 18601 12835 8921 5472 6067 8628 7131 11968 2440 12638 7541 6436 15012 11748 12972 12227 7999 10862 6680 11433 10562 8692 16503 10433 11336 10472 12542 13220 10612 6677 13428 1421 5674 17552 4242 5981 13800 7141 9944 5767 11011 13758 11464 10390 9606 12020 6054 11723 1938 8998 9813 7845 7624 19270 13342 10597 6847 7705 14003 8447 10877 5416 1057 9082 14142 6347 3267 8049 10648 10992 11322 7090 13598 14127 13059 10547 11211 13165 14135 8496
8494 13044 16731 13753 5775 15909 9709 10569 7941 13799 9322 12471 13977 10655 1300 12387 5901 11164 13648 3279 998 3771 9947 7710 1436 20969 14570 10101 8141 6029 16206 10276 1037 16345 11954 7166 11201 15926 11614 412 15929 15920 14744 10601 8748 15870 7892 7054 13289 6533 15939 10124 11080 7727 9273 16628 8909 6195 17936 16242 12448 10439 7849 16591 16367 13140 15398 11567 4930 6646 6529 6066 7623 9103 7544 9351 6279 12065 10685 9779 16259 15334 14973 20216 17768 12408 3138 13071 10618 7742 17181 1254 15352 14857 15171 7800 8010 9325 15837 7209 6223 14978 10516 6568 6515 13004 5711 14705 16553 10150 17434 9944 13031 20776 11395 10186 6704 21680 17050 7572 22897 14809 10768 6459 6751 9919 8309 14055 2718 14347 8486 7473 16651 14041 15932 14959 9512 13019 7488 13938 11733 10003 20299 11585 13061 11525 14454 15775 12043 7381 15065 1769 6568 20614 5281 6855 15457 8454 12240 6869 12646 15314 13790 11910 10791 14015 7469 13653 2352 10551 10829 9752 8759 21958 16032 13108 7731 9303 15513 10396 13391 6195 1203 10894 16613 7625 4060 10020 13238 12435 14014 8050 15856 15744 15690 12586 12898 14747 15902 10000
9860 14644 19746 16524 6473 18466 10697 11559 9193 15939 11036 14598 15818 12288 1412 13880 6427 12702 16195 3571 1169 4413 11459 9335 1603 23247 17249 11910 9403 7062 18963 11159 1147 19086 13308 8259 12764 17691 13436 468 18408 18968 17377 11576 10100 18411 9073 8246 14389 7889 17889 12028 12199 8836 10289 18269 10348 6924 19892 18903 14360 11664 8950 18355 19753 14590 18573 13205 5931 7387 7396 6923 8968 10684 8753 11078 7134 14631 11852 11590 19051 18056 16994 23106 19585 14246 3550 15557 12067 9265 18780 1388 17813 16291 17258 9483 9748 10828 18529 8662 7287 17383 12224 7824 7789 15467 6250 16583 18881 12181 19537 10965 15136 23721 13035 11208 7717 25120 20210 8734 25587 16097 12015 7501 7970 11301 9189 16462 2999 16321 10271 8969 19718 16845 17642 17958 10936 14463 8268 16708 14249 11586 22416 13035 15747 13930 17006 18388 13534 8083 17433 1948 7951 23971 6065 8250 17126 9860 14414 8147 14764 17045 15813 13843 11861 15433 8982 16490 2572 12474 12869 10573 9536 26333 18422 14939 9048 10935 18748 12239 14860 7056 1354 12218 18446 8340 4691 11799 15392 13733 16337 9523 18428 18347 17600 13811 14574 17714 17953 11631

3713 9405 11239 7201 3674 9347 7181 5255 4507 10455 6470 6945 6768 5440 691 9434 2735 7427 10324 1751 568 2084 5992 4149 875 11367 7930 4335 6450 3220 11539 4482 600 11327 6819 2981 5745 12125 8389 201 9361 7876 8981 7786 6405 11080 4215 3791 7034 3651 11654 4748 8011 3248 6801 8884 3998 2904 12060 9310 7409 5040 3860 10848 10621 8820 9781 5927 3725 3217 3445 4538 3659 5179 3563 6102 2875 6807 5670 5884 9431 8977 9306 11589 8583 7322 1657 9981 6379 5173 11328 623 11432 7580 9044 5603 5418 7101 8379 4479 3958 6843 6622 5330 3404 8273 4331 9425 8756 7419 8647 4207 6150 10419 7888 5889 4617 16411 11976 3907 10902 9735 6738 4075 4213 6449 4669 10045 2163 9236 4415 5430 11112 8791 8249 6878 6412 6519 5679 8159 8451 7414 12764 6186 7148 5565 10165 9788 6509 4105 7694 1200 4360 11657 2960 3035 12313 5366 7826 4874 8773 10124 8804 9322 5277 6367 3918 8257 1737 8022 5903 4342 4716 16154 7942 8328 4445 6388 11586 6471 6043 4104 547 4804 10179 4448 1642 4977 9335 6389 7102 5372 8298 8827 9368 8999 8745 11714 9418 5193
