200 3 1
42 240 99 117 193 1 94 103 1 55 184 22 27 33 34 161 1 251 1 178 23 170 200 1 100 1 109 1 142 51 158 63 123 112 142 177 30 106 179 1 130 171 37 156 13 100 81 141 52 212 1 156 127 74 94 183 46 153 252 179 187 30 151 87 157 52 59 28 140 27 99 123 205 88 135 49 227 1 118 149 47 182 104 82 47 67 230 183 73 90 107 97 155 238 141 184 48 104 141 77 89 128 257 148 153 182 59 66 20 1 160 55 154 158 7 1 1 117 79 150 35 55 38 1 123 246 82 117 164 105 120 78 64 158 96 126 157 109 1 1 95 23 1 122 20 119 29 1 1 67 196 1 184 117 122 93 77 67 105 78 1 1 149 25 157 108 72 113 50 87 1 1 149 225 78 191 180 24 39 57 155 149 98 104 170 141 232 97 84 176 131 162 202 203 64 41 241 101 188 191

15 32 38 26 12 3 35 35 18 28 27 34 1 21 13 20 18 10 26 32 19 16 32 12 17 18 33 42 13 21 11 16 29 28 1 18 23 13 25 27 40 33 6 43 27 32 9 25 18 4 12 21 31 17 32 4 54 27 28 5 19 1 28 4 40 2 1 37 27 13 46 1 22 8 21 58 29 1 20 12 25 27 11 1 17 1 13 25 19 32 18 25 9 16 10 20 33 2 11 1 26 1 24 25 41 22 7 3 20 29 17 30 15 25 35 4 9 19 1 27 21 40 39 38 9 36 8 13 53 15 28 10 1 9 3 31 38 58 9 13 38 1 61 35 26 7 27 15 16 27 1 1 15 7 34 34 37 7 31 27 12 36 33 10 16 13 1 56 13 29 44 5 21 33 34 30 27 20 1 4 9 31 2 46 16 5 21 26 14 44 32 33 19 43 35 22 15 20 1 19
21 38 51 45 17 6 47 43 48 31 28 43 12 24 26 37 24 22 37 34 33 22 35 21 20 28 54 45 32 28 13 37 39 42 15 20 24 14 39 37 56 34 16 44 39 53 16 41 24 12 15 31 44 23 39 7 56 44 30 10 28 13 33 19 41 3 17 59 43 16 49 17 33 33 22 68 46 14 36 27 36 45 18 12 36 11 29 26 32 49 36 47 17 39 12 28 44 17 20 6 27 17 43 34 55 34 9 7 29 30 26 32 28 30 52 15 21 38 5 28 32 59 55 40 26 50 9 14 63 43 38 18 15 27 11 41 41 59 11 17 39 16 80 51 31 20 38 29 25 38 16 22 28 9 57 52 52 8 32 37 20 48 49 11 28 46 9 61 20 36 61 15 25 38 46 41 32 39 9 20 42 35 13 47 35 13 37 33 39 46 49 59 31 61 38 36 33 32 12 21
47 41 52 62 32 12 58 57 68 39 30 66 35 28 27 50 32 24 42 60 37 41 48 22 28 30 60 58 35 32 15 41 55 44 16 25 46 25 47 42 68 45 21 56 52 66 30 61 38 17 24 43 65 34 50 15 60 56 38 15 29 26 41 20 50 4 32 75 46 27 71 23 44 55 25 74 59 16 42 28 47 57 35 27 52 31 47 30 39 58 37 72 33 48 17 40 54 34 22 8 47 19 49 47 58 45 23 16 40 49 38 48 32 44 67 21 34 53 23 42 38 66 65 54 38 63 20 16 76 48 51 48 29 29 15 51 43 71 25 25 47 22 81 63 43 32 44 38 28 41 22 27 33 15 75 53 64 13 44 48 29 57 62 31 32 56 14 72 21 57 74 26 27 39 57 42 46 51 16 33 51 63 14 73 43 20 38 43 57 72 75 72 48 69 45 52 37 36 22 26

16 13 27 10 16 7 1 5 3 4 9 19 20 10 13 8 2 10 27 14 5 22 19 11 22 14 1 3 5 2 9 22 1 1 7 8 11 22 1 16 11 15 13 8 16 5 7 15 9 1 11 9 11 12 19 13 17 1 1 10 12 12 8 4 10 10 5 25 1 15 2 27 7 3 17 13 9 7 6 11 13 6 17 2 1 10 10 12 18 19 15 12 10 8 1 12 12 3 1 12 4 14 12 13 10 3 15 8 6 14 1 11 7 4 10 22 4 11 2 6 12 34 13 14 10 14 9 12 23 10 4 1 19 18 25 5 2 26 4 2 7 14 13 27 23 14 12 12 11 11 13 1 8 7 13 13 10 10 17 17 1 7 13 7 1 5 19 14 1 14 4 8 2 8 1 10 16 7 5 5 6 1 8 20 14 15 10 4 14 16 6 1 13 1 31 7 2 18 15 12

10840 13024 7258 10615 9531 4010 7817 9806 13029 8027 14412 12289 4390 11037 7473 7089 15574 9728 11709 5696 6197 18919 9662 12954 6839 13519 7756 6642 8383 5970 5944 6091 12800 12558 11356 4076 10205 12588 16140 16450 7632 8501 12679 10448 11604 12924 7612 15660 8588 1244 17558 7841 15243 14039 18903 18327 13635 2239 15921 14196 7012 10852 3407 12223 3615 6279 6744 6178 9899 13708 7529 11234 9065 13300 12929 13019 11294 12414 11660 6119 107 7223 19246 5407 13064 5575 6416 7473 4503 10776 3528 11040 12571 12520 6300 17309 6893 2873 3796 6775 12545 10799 7595 381 3300 6366 13514 12418 19171 6241 5427 14423 8972 7643 12609 12282 5881 5479 10852 3613 6183 5708 4505 11744 12697 8937 11328 18513 5588 7255 12812 7512 236 10826 17619 12910 9047 11801 8393 5257 17177 8317 13456 7933 7868 12304 11912 16395 10870 11137 10346 14202 11285 5896 13255 14002 10572 9266 1509 10939 8549 6865 5341 17508 5893 4449 11394 1801 11374 11014 7948 10391 11345 8780 12265 10948 5433 5204 16395 7610 8086 10838 14957 6808 6220 11879 9128 5336 11386 8614 6903 7670 10610 9417 8248 5673 13389 1155 14122 10030
12960 14952 8267 12608 11843 4740 9588 10801 15433 9251 16262 13777 5283 12442 8883 7881 18907 10939 13828 6528 7627 23329 10880 14459 8267 16179 8863 8133 9610 7368 7346 6726 15124 14930 13992 4976 12515 14408 17767 19796 8791 9896 15706 12582 13930 15503 8826 17456 9573 1442 21022 9712 18087 17342 20847 21048 16987 2623 17744 16757 8450 12338 4233 13662 4366 7174 8253 7622 12178 15915 9403 12867 10639 16510 14433 15394 12629 13972 14425 6872 124 9021 21195 6179 15337 6927 7520 8597 5521 12301 3946 13397 14762 15250 7697 21329 7888 3552 4304 7764 13879 12877 9220 475 3918 7901 16434 15052 22525 7156 6174 17313 10211 8799 14940 14815 6984 6048 12521 4090 7162 6385 5351 13275 14123 10755 13777 22631 6226 8230 14158 8328 266 13255 20022 15947 11262 14564 9278 6055 19969 9288 16720 9699 9121 14540 13873 19736 13181 13571 12695 17675 12669 6871 15926 16696 11856 10348 1769 13563 9655 8219 6578 20428 6581 5500 13502 2136 13998 12782 9082 11757 12626 10448 15114 12834 6238 5810 19143 9111 8912 11921 18487 7732 7701 13959 11017 6218 12811 10311 7879 9427 12883 11269 9695 7059 15383 1344 17250 11147
14576 17534 9779 13881 13356 5630 11207 12057 17554 11007 18700 15869 5909 14412 10193 9217 21738 12834 15267 7752 9043 27344 13148 16965 9522 19319 10411 9413 11685 8761 8427 8073 17423 16737 16747 5750 13704 16634 20539 22371 10424 10981 17715 13944 15362 16869 10065 21195 11356 1618 25154 11537 19809 19991 23406 24216 19566 3152 20744 18433 9410 13844 4801 15838 5063 7822 9828 8936 13260 18690 10448 14784 12624 18531 16634 16887 14872 17057 17107 8046 144 10020 25807 7225 17482 7776 8585 10062 6482 14224 4414 14578 16265 17101 8852 23505 9481 4225 4896 9248 16356 14001 11014 543 4647 9244 17975 17144 24647 8112 7030 18853 11418 9621 17457 16612 8206 7256 13613 4709 8681 7511 5902 14742 16118 11717 14954 25815 7306 9841 16084 10025 311 15740 22523 17924 12229 16744 10615 7224 21708 11207 19239 11411 10177 16749 15637 23504 15069 15902 15203 20983 13809 7534 18967 18437 13685 11771 2082 15343 11468 9588 7904 24198 7464 6395 15134 2332 15170 14919 9967 13284 14057 11463 18150 14122 6899 7067 22824 10336 10456 13576 20284 8481 8636 16891 12547 6830 14166 11800 9353 10995 14910 12683 11444 7655 18673 1612 19728 12609

8000 9383 3724 7626 7421 2301 5626 8811 9327 6394 9556 7080 2364 5601 5223 4295 9038 8632 10269 3422 4362 10076 5393 10282 5749 8167 4744 5380 5479 3595 4405 4329 6641 7087 7567 2044 6974 7454 11419 12175 3894 5999 6401 5758 7424 11632 5454 7873 6080 1109 14832 5511 9433 11343 11254 13616 9069 1550 11907 10838 3960 7571 2062 7793 3067 5575 3945 4140 6961 8013 5854 9402 7586 8223 6989 10319 10046 6215 9233 4078 55 4507 9904 3790 7718 4628 4000 3983 3028 7167 1802 6655 10235 6990 3855 12475 5878 2359 1977 5965 9031 9670 4968 192 2137 4299 9638 11015 10011 5617 3856 12099 7441 6164 7324 10778 4034 3152 6171 2618 5201 3596 3402 9878 7862 6427 9016 11446 4689 4982 8462 5396 121 6598 9839 8567 6642 6208 6156 4349 14227 4177 10401 5476 6114 7949 7268 11715 5748 7444 7523 11291 9120 5100 8083 10025 6984 4955 1348 6936 4374 6170 2691 13717 4994 2410 6104 1601 9772 7387 6992 6112 9389 5010 10431 9825 3201 3548 10859 3949 6462 7098 9139 5096 4346 9858 5552 4691 8578 5952 5535 6699 6556 5044 4173 5033 8633 941 9388 8408
