200 3 1
82 228 145 32 314 1 24 108 89 177 162 141 1 167 13 6 75 1 198 75 126 86 144 79 65 77 9 278 110 54 7 17 115 187 1 66 98 115 207 80 77 1 105 179 272 99 158 43 115 99 66 203 140 130 192 87 46 79 186 69 96 243 1 1 34 154 98 35 76 195 1 62 71 1 16 91 115 66 1 31 124 129 47 59 33 1 133 65 141 96 167 1 80 180 1 169 55 211 131 113 168 40 237 150 36 31 61 86 1 182 2 100 137 1 1 155 110 25 192 1 122 105 50 114 74 155 123 125 247 61 140 113 29 1 90 1 168 1 51 130 109 174 85 104 41 77 1 121 160 1 1 29 71 5 101 93 1 94 36 22 36 176 287 96 217 175 1 198 155 111 185 148 109 47 121 110 134 147 81 1 138 54 122 137 88 241 1 96 116 98 181 250 69 52 130 141 91 200 136 29

34 7 20 24 12 24 53 31 14 21 49 12 26 23 13 22 39 8 10 29 20 43 11 20 34 3 32 11 2 1 9 1 13 19 15 12 48 26 1 32 23 3 1 14 7 29 9 45 33 14 21 13 20 15 18 1 6 10 5 12 7 1 12 32 41 1 9 36 4 20 25 1 14 25 9 20 17 33 25 20 20 1 20 3 28 39 24 52 11 3 1 49 55 10 1 25 24 16 40 12 4 22 45 1 33 28 3 33 1 9 9 26 26 18 54 6 11 39 30 3 1 32 43 14 30 31 36 13 18 21 31 33 12 11 20 43 1 25 29 38 41 9 19 11 23 34 28 17 51 25 1 1 41 2 31 19 51 31 10 1 13 1 1 20 27 37 42 20 39 75 41 18 19 5 52 30 8 25 6 26 7 39 15 16 5 14 28 34 17 24 23 26 16 1 15 16 30 43 16 44
55 14 33 41 15 26 70 54 26 28 54 14 37 28 35 43 64 14 22 30 31 46 21 33 44 16 40 30 13 16 23 14 15 20 24 14 55 29 17 51 46 4 18 15 23 39 14 48 39 40 36 18 29 28 26 3 39 35 27 24 19 29 30 51 54 11 19 37 12 35 33 12 26 32 14 33 18 53 30 42 33 28 29 8 38 57 37 59 17 20 6 69 64 11 15 38 36 42 61 27 9 47 64 10 39 33 4 46 3 11 24 44 34 36 74 22 19 52 45 20 9 44 51 15 37 42 51 30 31 23 44 36 18 22 33 50 11 35 35 55 50 13 26 32 28 37 36 36 57 43 16 15 55 21 32 26 67 40 11 15 36 7 13 35 36 38 48 21 49 86 61 38 35 10 70 41 14 40 7 36 15 45 23 17 35 24 46 48 36 43 30 33 20 11 22 20 40 44 33 55
63 26 49 51 22 27 78 60 48 57 74 16 47 33 37 44 81 15 45 31 33 59 22 55 45 22 58 53 19 24 45 21 20 36 42 24 68 47 22 53 50 12 30 29 36 54 23 60 46 56 45 27 49 33 30 27 61 39 28 37 28 42 44 77 61 20 28 41 27 45 42 14 36 57 22 49 21 67 36 54 45 29 57 16 42 70 39 63 23 28 24 72 67 39 39 50 45 54 75 31 21 50 66 22 49 37 17 63 13 18 39 47 40 47 83 38 23 55 59 33 11 64 74 25 40 64 52 43 32 32 57 52 19 26 39 65 12 40 39 70 69 24 45 44 41 40 49 42 68 66 22 22 56 23 54 29 76 55 21 16 39 22 18 51 37 42 59 26 58 96 69 42 40 15 77 56 24 53 8 41 21 59 37 24 45 41 61 64 43 56 40 39 32 12 46 30 53 54 51 78

1 3 5 13 19 13 9 22 5 16 23 20 33 4 6 5 17 11 16 23 28 12 22 7 4 22 16 10 1 1 7 12 11 9 6 16 16 11 1 12 12 9 6 8 20 17 1 1 10 8 13 18 23 4 1 4 21 13 11 5 7 22 14 20 1 25 2 2 9 1 5 12 1 17 9 3 1 18 1 10 1 9 5 23 9 10 14 2 5 16 1 2 1 9 19 1 26 7 1 16 3 8 2 1 16 7 11 20 6 29 16 3 13 15 16 12 12 17 1 16 16 6 9 1 18 16 1 8 11 12 17 1 4 6 18 1 1 17 14 10 13 7 8 14 13 10 12 11 3 34 13 6 1 24 4 19 17 2 12 7 7 9 1 8 3 14 5 21 6 1 2 16 7 1 10 4 10 1 8 14 1 9 3 20 21 12 6 1 5 14 1 16 1 5 7 23 19 6 3 16

12121 5078 6430 3440 5600 6906 12238 5739 10971 12260 7226 5692 12332 7331 9813 11785 11282 8144 5253 17015 6474 11503 10489 7046 11884 7224 7066 18109 4735 13377 12077 16025 8505 6455 9996 6900 6850 83 5322 12157 7661 11281 7078 8322 5472 17463 6249 13224 14673 1475 1838 9267 5897 10198 9931 10002 11664 17017 7009 11966 6816 9803 11755 15246 8210 5841 5133 3501 5230 12925 10323 12447 11563 4808 13980 9750 5901 5785 5025 17506 7608 12424 10819 7304 7747 7051 7054 14770 8369 18087 3814 7076 11761 5834 10134 9848 879 8633 3245 13856 5729 11664 7119 4220 10394 264 7229 16289 5555 10743 2195 6180 6508 7165 7070 10014 12343 13245 1621 13630 6947 9007 11551 3514 8038 8959 6956 708 6056 7304 14664 11430 12388 8322 6508 12380 9034 7320 9734 12179 11051 6884 12127 5334 13146 5711 12277 6355 7781 951 3696 13478 280 11177 11271 5825 10379 13551 5633 5160 11662 16278 1550 6518 11692 3737 12219 5648 16769 16137 12896 10088 3072 6048 7518 6565 5952 6317 6065 5282 13763 8280 7977 10084 8064 4900 7486 7104 5022 7710 8473 9133 8314 10107 13516 12986 863 6855 16697 14905
13886 6119 7406 3801 6882 8487 13991 6333 13287 13592 8007 6265 15265 9064 11977 13807 13284 9782 6159 20585 7152 13451 12201 8123 13652 8355 8389 19972 5455 16428 15032 19687 10363 7818 11571 8283 8490 91 6432 14285 8579 13811 8602 10195 6148 21619 7175 16444 16488 1679 2182 10822 7045 11877 11519 11303 14544 20159 7796 14204 7962 12128 13755 18574 9655 6536 6017 3892 6403 15970 12568 14522 13692 5326 15793 10791 6734 7207 6243 20957 9421 15275 12849 8649 9164 8105 8662 17895 9617 21510 4699 8126 14494 6883 12350 11128 969 9860 3694 17142 6599 13989 8771 5247 12461 295 8046 20072 6892 12847 2477 6877 7819 8204 7837 11272 14649 14809 1792 15502 7789 9968 14366 4153 9807 10271 7748 850 6947 8317 17097 12834 14571 9305 7937 14416 10716 8666 10773 13580 12533 8024 13725 5903 15618 6684 14873 7666 9193 1134 4477 16675 332 13729 14088 6981 12748 16516 6991 5739 14251 19352 1824 7470 14502 4452 14704 6770 20869 19716 15754 12255 3793 6892 9017 8108 7262 7231 6838 6350 15502 9135 8887 12159 9898 5916 8557 8234 5739 8664 9477 10432 9976 11204 16643 15406 1070 8509 18514 16578
16767 7100 8232 4356 8079 9797 15914 7474 14731 14820 9045 7600 17161 10017 13280 15389 14539 11051 7035 24516 7800 14802 14167 9215 15112 10088 10077 23525 5961 18961 16887 22954 12014 8825 13770 9279 9824 105 7000 16711 10289 15270 9893 12139 7399 25230 8500 18349 18788 1908 2510 12309 8305 14143 13880 13505 16795 23236 8832 16616 9371 14486 15955 22124 11683 7484 6629 4761 7033 18056 14197 16750 16487 5966 18556 13105 7741 8564 7426 23655 10498 17030 13935 9627 10699 9447 10055 19608 11451 25403 5406 9017 16278 7663 14016 12338 1121 11252 4372 19404 7446 15800 10079 5766 14309 352 8813 23148 7808 14135 2909 8146 8878 9402 9306 13601 17711 16887 2189 18316 8675 12219 16166 5007 10961 11692 8591 999 8368 9446 20090 14822 16411 10212 8641 16237 12283 9770 12555 15997 14293 9514 15959 7159 18113 7522 16134 8978 10890 1344 4921 19894 381 15596 15364 7932 14169 18253 8008 6530 16595 22328 2063 8926 15832 5087 16728 7435 22901 22469 18508 14503 4165 8148 10062 9182 8325 8287 7513 7426 18499 9995 9929 14288 11074 6659 9644 9958 6253 10413 10632 11681 11497 12946 19827 18460 1226 9321 22286 20176

10672 2877 5626 2994 3972 4199 10964 3557 9152 9971 6387 4659 7651 4126 7125 10130 6809 4815 3667 9994 3545 6636 8329 5926 7892 5647 4938 16171 3724 9147 10553 10951 7081 5324 7706 5012 6157 65 4743 10437 4020 7450 5349 6193 4343 13712 3777 7135 9323 939 977 4679 3128 5585 7994 7324 7630 15058 4750 7276 4433 6792 10377 9760 5749 4082 4257 2628 4371 7734 8112 7538 7167 2645 11624 5954 4970 4782 4229 13621 6224 10187 6602 5536 6871 5696 3552 12399 6267 11357 3209 4293 8411 4210 9043 8468 687 7646 2253 8721 3405 8388 4740 2954 7171 167 6299 10863 4909 7373 1441 3728 4036 3609 5203 8514 8994 7589 1356 9135 5795 6665 8406 2642 5518 7793 6117 560 3298 5402 9903 8582 9605 6636 4668 8853 6531 3905 5408 6864 5990 4096 10772 3320 10560 4346 8044 4039 4460 481 2231 10120 232 9881 8530 3687 7979 7736 3648 3315 6026 8663 1274 5116 8481 3347 7484 4271 10866 13564 9703 8442 2200 3432 4199 3289 5213 4635 3051 3119 9300 7384 5234 5165 6711 3936 6236 3659 2828 5789 5208 7516 6924 8837 9112 7109 729 3538 13074 10429
