200 3 1
1 43 94 46 99 128 50 252 142 1 76 6 164 143 126 170 221 276 1 189 71 8 115 138 67 55 165 104 9 244 206 79 64 174 132 119 131 158 1 30 281 157 89 1 62 142 11 70 125 218 142 117 14 220 1 144 68 62 1 94 139 166 142 166 27 102 153 254 213 55 27 109 91 46 27 97 118 129 219 18 123 94 1 115 1 253 1 216 93 180 158 98 212 120 127 182 165 245 237 162 180 142 188 63 114 221 108 10 19 1 4 51 43 246 71 96 188 1 110 141 102 81 210 62 170 83 101 173 53 82 134 92 21 19 86 123 1 1 193 26 88 134 89 197 183 1 1 110 121 154 1 222 30 1 1 17 105 92 34 17 169 136 44 1 285 113 114 172 244 1 45 139 114 84 96 77 190 252 63 16 84 144 32 57 75 73 191 122 48 217 70 72 63 199 61 59 1 209 151 69

17 20 11 7 30 30 45 5 6 5 21 1 18 40 8 35 24 18 11 1 43 18 29 27 45 28 19 1 6 7 17 1 28 44 23 33 40 1 1 28 6 9 23 12 24 1 21 30 1 6 8 7 42 16 1 31 43 1 19 1 50 9 25 1 38 34 61 46 28 40 43 26 3 36 39 15 1 1 4 40 43 18 48 3 29 30 28 25 20 1 22 14 36 28 30 40 29 11 14 57 33 31 16 10 21 33 8 26 17 41 37 23 46 10 21 26 18 40 22 16 15 14 45 22 16 20 3 1 35 22 13 12 1 34 4 46 20 26 47 18 18 19 35 21 1 29 15 35 51 18 18 31 29 5 7 36 36 11 9 1 32 14 29 25 13 24 46 29 9 27 3 9 1 19 29 41 2 57 13 2 22 58 21 24 7 37 28 30 14 34 24 16 30 16 47 28 1 26 19 12
25 24 22 17 51 39 49 7 31 13 30 23 30 41 9 56 39 33 25 12 58 33 35 30 46 45 30 19 15 16 32 2 55 54 53 38 52 11 12 50 7 23 33 17 38 10 22 37 7 9 38 16 43 18 13 32 51 8 28 11 70 11 28 13 39 49 63 59 33 52 51 27 12 39 54 25 4 15 16 46 46 20 68 19 41 44 55 35 22 24 29 27 37 30 52 44 40 25 30 59 52 50 30 32 25 36 11 44 30 54 44 24 50 16 46 47 30 61 38 22 27 23 54 47 17 21 7 14 43 36 19 35 6 48 15 55 24 29 53 35 19 34 46 24 21 43 24 47 59 29 33 39 30 8 16 52 47 22 14 7 51 29 30 44 24 35 59 48 28 36 19 14 18 26 31 50 11 66 16 11 24 65 43 28 30 46 43 41 32 37 34 37 33 33 52 36 19 33 28 29
26 41 34 30 66 40 65 12 38 23 50 33 50 42 24 58 41 35 46 15 68 36 40 32 57 46 31 30 28 22 55 3 61 64 65 51 67 20 16 59 20 28 39 30 50 11 40 42 14 18 50 22 57 23 23 33 58 9 42 20 82 36 51 15 63 52 84 79 51 56 72 46 13 51 55 29 7 35 17 51 49 22 75 21 58 54 62 40 27 27 38 33 60 40 55 70 56 34 38 64 62 56 31 45 26 45 23 50 31 74 58 29 57 17 72 59 36 66 39 46 28 25 74 56 45 29 21 17 73 53 24 60 24 68 32 66 51 47 69 52 37 50 54 41 49 53 37 76 69 43 34 50 37 29 30 54 67 26 15 16 65 46 42 60 37 58 71 55 48 46 33 24 28 29 40 52 36 80 22 29 28 68 57 31 36 48 59 57 42 46 47 67 35 36 64 50 23 35 40 49

7 13 8 4 13 3 17 9 9 5 13 16 4 9 1 13 1 15 9 24 1 9 13 9 19 1 23 12 13 25 15 10 1 4 4 11 11 15 8 8 9 1 12 6 8 1 1 25 28 12 23 18 1 5 3 1 8 19 3 14 2 11 1 23 13 5 16 11 11 1 9 19 4 12 8 9 25 8 21 7 1 10 18 1 16 1 2 1 9 12 1 31 1 26 14 1 17 17 7 2 13 11 3 1 13 8 21 14 1 8 17 13 8 32 9 6 1 1 13 29 16 3 16 6 15 16 10 4 1 12 5 14 10 1 6 11 3 14 14 9 20 1 13 5 11 1 1 14 1 13 5 6 8 9 1 6 17 15 18 3 6 1 7 23 9 6 9 12 11 4 28 11 16 10 19 1 8 7 8 12 23 6 10 19 12 17 13 14 14 1 31 5 9 9 1 15 7 1 5 5

11827 14365 6644 10835 18855 7532 9190 6603 6462 12121 1587 7587 9449 20065 7369 14052 6434 13517 12257 10013 7453 8877 14480 15337 8357 9718 12902 11700 12208 6465 4339 9088 5456 13595 6189 14546 13721 8100 12991 4493 13275 11255 14195 12560 6788 10023 10496 6405 3815 18519 13749 11379 10597 13722 10343 12044 13166 12365 5988 9135 18899 12308 13624 14673 12675 14775 11335 19293 13973 16952 7780 6177 12767 8287 6078 6092 13030 12035 9403 6240 11538 5936 13126 19500 900 5976 11851 5414 6444 5795 6871 10067 18522 12834 12308 11625 7484 14250 11194 13722 14100 5817 12191 10896 13461 19046 6045 13998 8281 7641 7501 7280 10783 6215 5501 12331 15141 12309 12605 7986 14046 9132 12829 19132 13521 10085 14709 11887 8191 13729 5309 944 13056 8596 12171 9318 12590 4732 7759 13521 9385 14569 9348 10045 11445 17063 11063 4536 9850 9028 12353 6979 12322 13003 11714 10874 12633 10797 12143 8903 14044 6492 5635 10993 12391 14350 5475 16434 9861 8808 13694 8347 6661 7744 16366 7080 16706 11317 15443 10037 11483 8891 1811 587 14291 7874 5082 14469 5783 12134 6868 19061 6364 12270 8212 6958 18732 7934 12935 14562
14619 17696 8210 12172 23192 8664 10992 7577 7872 13413 1792 8843 10612 22879 8385 15756 7729 15305 13588 11101 8951 10830 17279 18150 9413 11552 14275 12932 15111 7616 5053 11274 6202 16052 7004 16150 15422 9357 15097 5324 15220 13029 16009 14641 7572 12269 12825 7690 4717 20809 15782 12565 11847 15632 11464 14809 15499 15315 7024 10845 20901 14004 16703 16596 14887 16419 13355 22763 15664 18976 8704 7358 14808 9866 7582 7603 15610 13520 10636 6883 13979 6967 15849 21682 1099 6986 14136 6383 7406 7054 7800 11444 22928 14501 13541 13803 9285 17311 13872 16116 16810 7082 14356 12596 16151 22148 6826 15833 9214 9290 8292 8816 11862 7481 6827 14719 17584 14231 15519 9170 16892 10822 14189 23242 16099 12172 16785 14830 9010 16446 6561 1169 14428 10048 13740 11020 14964 5512 9355 15311 10906 17239 10759 12163 13015 20335 12680 5207 11193 10520 14045 8577 14151 15901 13819 12707 14844 13465 14806 10543 16993 7461 6944 12849 13703 16479 6487 19550 11937 10062 15158 9231 7815 9672 19678 7893 20544 13403 17585 11120 14032 10153 1999 723 16969 9471 5960 16023 6778 14094 7597 23815 7197 13719 9692 7940 21718 9319 14744 18045
15958 19896 9547 14153 25524 10253 12357 8836 8595 15986 2141 10679 12078 27745 10003 18295 9314 18654 15668 12775 9729 12092 20734 20365 11369 13415 15632 15765 16670 8911 5974 12684 6924 17788 8114 18421 18179 10711 18042 6122 18245 14512 18278 16821 8772 13382 13907 8350 5442 25082 17254 15369 14176 18304 13034 16069 17950 17210 8408 12224 23592 16356 18100 20223 18036 19865 15623 26485 19137 21113 9488 8085 16442 11665 9030 8387 18756 14822 12162 7892 15387 8436 19120 25640 1310 7672 15682 7004 8431 7812 8915 13957 27109 15965 14775 16040 10178 20825 16550 17703 19911 7802 16546 13947 17702 24993 7977 17901 10555 10810 9630 10487 13546 8155 8119 17552 20028 17031 17538 10335 19306 11912 16723 27400 18010 14223 20354 17260 10696 19068 7637 1349 16827 11835 15806 13122 17223 6595 10766 17947 12578 20106 12777 13871 14428 22439 13882 5719 12455 12490 15853 10216 16471 17472 15210 15280 16453 14715 16044 11839 18602 8681 8343 14500 15765 18731 7043 23389 13914 11037 17887 10843 9372 10962 23261 9243 24707 15747 20545 12492 16709 12349 2253 863 19920 10259 6550 18414 7586 16578 8593 26257 8397 15675 10890 9376 26142 10720 17641 20742

7442 10740 4199 6495 13915 6593 6930 4982 3568 6207 1165 4174 7343 15360 4552 11686 4588 11660 7495 7489 4474 5716 11291 9400 5385 7049 7569 6003 6108 3308 3720 5582 3153 10712 3730 10875 7441 5908 10442 3613 6858 7187 12307 8189 5281 5274 8487 3913 3421 10963 11911 5978 9322 7933 7823 9868 8906 8064 5144 6714 11993 7303 8629 10043 8897 8487 8542 13140 12051 8547 5821 4980 11436 4248 3919 3788 7763 7705 8021 5161 6072 3088 8930 17183 792 5378 9188 2881 5620 4092 4568 7582 10922 10927 8488 8135 5485 12556 6301 7735 7374 4350 8408 6000 11339 10217 4625 8882 5791 5237 6251 4701 9229 5312 3575 10291 11669 7536 10055 6754 10959 6844 9436 16166 10792 8878 7766 10188 5328 11403 3723 687 9504 6272 7840 5883 9050 2417 6684 8603 5355 12032 7478 6193 9952 8984 6357 3151 5897 4641 7536 3966 8074 11386 9810 9548 8706 9095 7688 5356 11159 3435 4569 8345 11130 8439 3731 14343 5377 4429 11938 5311 4715 5553 13594 4823 9045 8135 12693 6916 9957 7146 1451 446 10766 6227 3940 7473 3516 7416 3748 15206 5051 7348 5720 3588 12733 4204 7285 8499
