500 9 2
44 30 82 16 58 66 31 75 52 98 21 72 67 27 13 33 50 70 26 17 11 85 24 88 33 24 60 17 38 87 54 7 93 88 80 66 25 33 68 77 24 40 74 43 37 27 85 53 80 24 45 40 63 56 56 60 10 25 37 36 49 93 15 70 59 29 20 61 3 57 24 9 92 58 56 13 22 39 74 31 3 72 85 36 23 58 18 56 79 4 36 28 37 11 36 2 93 11 75 100 72 71 34 38 58 42 51 70 88 32 24 16 20 6 67 63 15 48 31 49 38 96 85 28 39 17 44 78 96 16 47 38 42 84 8 34 88 66 60 41 69 99 78 20 24 91 30 68 28 94 80 100 23 6 48 40 57 20 39 65 15 86 30 51 57 5 19 36 71 49 80 97 5 65 69 60 20 66 10 58 21 93 70 7 59 86 98 32 45 29 62 87 30 82 45 65 85 65 84 60 84 28 15 8 10 50 4 35 41 54 96 5 53 54 92 31 56 34 49 92 61 19 51 13 62 76 85 18 10 75 26 63 59 29 80 91 33 59 99 55 59 6 100 100 63 73 86 54 61 17 12 88 14 21 49 96 52 97 25 95 62 37 62 80 75 42 50 8 65 68 16 21 85 5 62 57 22 94 32 86 48 2 7 51 77 67 90 48 49 70 4 71 40 7 74 71 73 17 83 93 4 44 15 55 83 74 62 6 37 10 99 88 43 58 62 16 36 30 14 97 17 9 4 70 91 2 79 41 48 23 84 82 47 38 17 29 94 7 13 16 38 3 4 66 59 78 31 3 61 41 91 38 48 3 40 95 22 17 48 10 93 85 66 67 57 26 54 60 46 97 55 81 92 17 8 51 45 82 76 19 18 30 90 65 78 89 59 62 64 1 22 21 31 40 3 5 71 88 53 41 20 50 89 12 45 15 7 11 32 37 2 60 79 54 32 36 31 32 30 40 31 47 76 42 34 38 3 65 54 3 45 22 88 8 39 99 59 15 84 67 62 32 20 33 17 73 90 23 22 69 4 24 41 72 31 35 42 63 92 27 11 24 46 46 40 6 42 50 57 21 31 91 62 66 80 74 68 72 33 17 65 15 36 14 7 53 10 6 63 7 68 3 1 68 92 68 15 25 75 14

7 5 6 5 24 9 11 3 11 32 13 4 9 2 5 2 1 10 27 1 5 20 35 6 4 23 11 13 14 7 34 1 52 16 1 4 14 2 16 3 2 4 16 8 3 10 30 22 24 5 41 2 10 6 11 8 10 8 1 18 9 13 1 19 16 14 5 3 9 7 21 1 8 4 4 3 1 11 1 2 22 3 10 43 7 30 6 16 13 1 2 13 6 14 2 19 24 8 8 3 3 5 20 24 14 9 29 2 3 3 1 1 30 8 15 28 11 7 16 3 19 2 14 20 6 2 7 14 1 11 7 8 15 4 1 12 11 10 7 7 48 2 13 12 25 15 2 12 6 1 13 2 8 18 4 3 2 25 5 7 6 4 19 3 11 1 5 3 12 28 6 7 4 14 9 9 21 5 2 5 13 14 27 18 3 12 9 12 1 16 13 1 26 7 20 5 17 2 22 4 17 6 1 3 5 7 9 7 6 23 4 21 11 7 29 7 20 7 24 7 31 2 48 9 23 14 4 12 2 2 12 34 2 1 4 13 3 2 19 25 2 5 7 7 3 8 6 6 3 11 12 11 7 12 3 1 7 1 4 9 5 11 7 3 30 7 1 10 5 8 4 3 12 12 1 2 7 5 4 4 12 11 6 12 14 15 9 2 31 7 4 2 13 5 4 3 7 30 4 12 4 17 23 22 23 1 1 3 9 7 23 4 14 22 19 14 3 2 27 18 3 4 15 27 21 16 7 11 4 7 15 5 6 3 5 14 8 16 16 17 3 12 22 8 17 38 2 3 4 7 3 17 5 34 10 1 20 3 9 12 3 2 2 3 13 3 25 2 10 5 1 31 2 3 10 16 1 4 3 11 4 12 12 2 6 50 16 41 12 21 24 4 3 13 3 8 14 19 20 18 3 5 10 6 4 4 1 6 1 26 8 19 5 10 10 13 8 2 31 1 5 5 12 28 3 4 4 9 7 15 1 29 4 7 19 13 6 1 15 5 5 4 17 6 16 3 21 3 4 2 5 22 3 1 2 22 4 29 31 9 22 3 27 9 9 3 16 6 47 4 2 6 4 5 9 2 9 11 21 21 4 3 8 3 4 25 6 12 16 17 15 6 4 18 3 11 3 3 2 12
17 8 26 13 49 10 13 7 34 34 31 10 11 20 12 7 26 15 30 4 8 22 40 10 7 31 20 26 14 30 39 8 57 30 28 11 24 10 36 12 5 18 26 9 17 15 31 38 26 13 42 19 13 13 31 8 11 33 19 20 30 22 1 29 27 35 18 5 28 8 27 2 8 6 38 5 2 23 22 7 31 7 11 58 10 36 13 22 18 12 21 24 22 21 9 23 33 31 16 21 3 6 58 33 24 12 33 27 11 25 6 11 40 45 18 30 18 33 17 11 24 7 17 22 11 4 16 30 21 35 25 25 15 23 20 30 25 16 21 35 53 28 19 32 26 18 21 32 8 11 21 5 30 25 57 10 8 35 36 18 7 6 23 5 12 20 16 15 17 30 13 7 5 40 25 15 26 14 15 19 16 17 32 21 15 20 20 23 2 28 24 7 30 22 26 10 26 10 36 7 39 18 20 4 7 18 25 7 10 32 8 22 15 8 33 15 21 14 31 9 41 12 50 12 42 24 11 21 22 5 26 51 5 15 5 18 7 4 40 47 4 12 8 7 6 10 15 14 19 22 53 15 20 23 20 10 14 4 21 15 24 58 10 20 33 10 2 11 7 37 5 18 36 30 12 5 9 29 23 11 14 20 29 34 17 16 32 22 42 9 14 16 23 9 11 5 14 33 4 23 27 36 25 30 33 17 7 15 28 8 32 9 23 41 21 16 6 15 32 32 8 36 30 29 29 32 7 12 35 31 32 12 23 19 31 16 14 23 21 19 20 36 30 8 32 40 7 6 6 26 22 18 6 51 15 26 22 32 36 20 10 8 2 13 21 8 45 15 29 6 2 34 3 4 15 27 10 19 14 15 32 28 15 30 10 53 20 61 15 22 25 18 11 28 14 11 22 20 23 21 20 6 21 9 12 24 9 18 23 35 9 33 6 13 31 16 9 7 46 17 10 11 37 39 10 4 9 21 22 25 6 45 12 31 25 17 14 6 24 7 7 12 24 16 27 18 31 7 17 34 20 24 9 10 5 34 16 35 32 13 44 17 37 30 24 5 16 7 53 38 16 7 13 7 11 2 11 12 35 42 17 13 21 8 4 50 29 18 28 25 30 11 17 18 8 20 6 4 22 47
28 22 32 17 55 12 31 9 40 58 37 30 35 31 36 12 28 22 60 15 16 30 53 19 10 34 20 37 35 35 48 14 64 46 43 26 29 12 46 16 12 33 34 29 18 24 44 40 33 26 45 26 32 28 36 18 27 39 31 40 34 23 9 47 43 36 21 9 29 13 31 17 9 18 61 15 8 28 25 34 43 30 13 66 21 42 47 42 37 22 27 30 29 44 23 24 38 44 38 22 4 23 58 40 24 28 37 38 18 49 6 19 47 50 27 39 33 36 17 14 30 11 22 32 12 12 22 39 31 44 28 27 58 27 24 37 32 34 38 49 54 36 26 46 59 18 47 45 34 11 21 18 38 32 61 47 16 35 37 35 43 14 24 8 19 29 27 16 18 37 25 8 12 44 30 16 32 36 20 24 17 26 39 23 16 28 24 31 12 31 42 24 33 27 27 18 28 51 40 13 53 25 29 12 16 25 29 37 11 37 23 23 16 12 57 50 33 15 32 20 50 19 50 43 61 26 48 27 53 23 31 63 20 20 8 27 31 28 40 51 22 25 8 14 11 14 39 20 34 28 55 23 24 37 42 14 37 21 29 52 37 59 15 30 36 11 3 15 29 42 24 21 44 42 14 6 33 31 27 14 17 43 29 36 17 26 35 26 51 31 32 30 41 10 17 9 37 34 6 25 63 45 43 50 37 60 17 16 30 44 39 39 30 48 43 19 21 22 33 33 9 41 44 30 47 32 28 23 49 51 40 50 27 23 35 19 24 24 26 31 29 37 35 9 44 48 7 9 7 31 38 22 22 61 18 38 41 34 49 23 26 42 24 13 26 12 53 41 32 27 19 44 6 6 22 54 18 19 14 22 40 63 20 36 12 53 27 64 38 52 50 31 27 31 22 21 26 42 40 33 44 22 45 15 14 37 16 30 40 44 18 60 27 44 34 22 55 18 49 25 47 18 38 56 15 27 11 22 27 48 12 56 17 40 27 30 21 13 37 28 19 32 27 24 42 40 61 23 43 42 22 28 19 41 12 47 25 37 38 14 46 41 47 36 34 36 18 24 58 45 48 20 19 24 29 8 18 21 52 49 38 38 29 47 9 50 32 27 36 33 42 16 20 22 21 20 9 16 29 49
45 29 35 37 57 23 42 40 60 63 43 34 58 37 39 24 34 51 60 24 22 36 55 22 21 35 22 62 45 39 58 28 65 46 44 41 55 23 52 34 21 43 34 49 37 34 58 49 50 36 61 28 33 29 44 28 28 46 32 46 35 46 30 50 59 41 24 23 51 17 32 27 9 43 81 24 16 43 55 61 56 56 24 70 33 72 55 44 55 35 30 36 31 47 26 28 46 46 45 36 45 64 59 44 26 32 61 51 32 53 16 29 58 56 49 45 39 37 35 19 41 16 26 58 22 42 29 45 32 49 30 28 72 38 27 44 33 46 56 50 56 37 42 50 59 27 53 47 41 23 30 24 49 38 73 50 18 48 55 45 55 17 44 9 21 34 35 24 42 65 46 14 35 46 45 18 38 49 39 26 43 36 40 56 19 38 33 49 23 35 49 27 63 49 30 21 40 60 48 18 55 33 31 23 16 52 48 44 21 66 40 52 42 19 59 62 52 17 35 21 60 21 52 47 63 32 57 44 69 33 60 71 21 30 18 28 51 45 47 59 25 28 30 21 28 18 41 20 34 40 65 30 50 48 44 18 57 48 51 56 38 65 26 34 46 13 3 31 64 45 27 29 44 46 27 51 44 35 29 16 21 48 41 59 44 41 55 27 60 37 45 33 58 65 25 10 39 34 12 30 67 47 63 56 40 75 24 24 33 53 41 48 40 51 50 36 25 25 42 45 14 51 47 55 67 36 53 34 52 65 52 51 35 40 36 20 35 31 39 33 33 67 37 12 57 52 14 11 9 55 49 62 23 65 38 45 59 36 59 29 42 52 40 29 26 19 61 50 38 32 56 51 12 41 29 56 22 29 34 55 43 70 28 40 24 64 59 70 42 69 50 32 51 45 23 24 55 52 72 36 46 34 64 24 34 59 19 43 40 49 21 65 30 59 37 55 62 26 50 39 47 23 38 64 41 32 28 35 31 58 42 65 31 53 34 33 34 19 38 50 22 53 27 28 48 51 61 40 51 43 28 30 20 46 44 71 41 51 39 28 54 48 51 39 44 53 24 27 72 50 63 28 38 39 33 10 29 22 53 50 39 48 39 60 12 60 58 48 59 36 52 31 28 26 26 44 28 19 45 53
52 36 42 49 75 28 45 71 66 65 59 71 67 37 41 27 37 58 63 35 41 44 58 23 28 62 23 63 57 43 63 32 66 50 59 48 59 30 58 47 25 47 37 51 47 47 67 55 58 40 68 49 67 35 47 32 61 52 40 51 47 53 37 57 61 47 52 29 61 46 57 42 17 44 81 32 16 53 57 67 76 57 28 77 64 74 72 47 62 40 43 41 54 51 28 63 56 62 50 40 57 67 72 44 43 43 71 53 42 59 39 61 59 60 58 61 45 50 44 32 41 18 49 64 23 48 42 58 61 66 50 31 74 39 38 47 38 57 56 63 64 72 58 57 60 53 53 51 49 49 45 45 77 42 74 51 20 73 55 50 58 47 47 9 42 35 44 31 43 74 52 15 46 56 47 23 40 55 41 40 49 55 52 63 42 43 40 51 25 41 59 48 68 70 33 41 81 61 65 36 63 61 44 32 22 64 56 54 33 71 68 61 55 30 62 68 58 35 54 34 72 25 52 51 66 45 69 52 86 39 61 78 70 40 24 44 51 45 51 59 46 58 53 23 36 18 47 23 57 50 66 38 58 56 52 57 62 48 52 56 43 78 34 36 46 39 14 43 68 46 64 49 49 61 42 58 57 39 49 37 22 61 47 66 45 43 57 44 65 49 52 35 59 67 45 21 54 36 23 38 73 56 70 59 57 77 45 81 73 54 49 65 42 58 61 54 35 44 45 54 32 54 53 61 70 38 64 42 55 71 56 56 37 46 44 36 36 37 63 46 36 81 44 53 61 55 24 15 21 72 58 63 44 78 56 55 67 41 63 51 65 55 42 37 29 74 62 54 47 32 59 69 15 48 40 60 53 44 38 56 51 72 39 42 38 77 59 70 59 81 54 41 58 53 23 42 64 80 76 48 70 44 71 32 62 68 46 52 57 50 59 74 31 66 65 59 78 34 71 64 58 42 44 69 43 41 28 43 63 68 50 73 47 53 37 38 44 23 40 75 54 57 31 54 51 52 64 61 57 58 40 35 24 53 70 79 43 54 57 55 59 50 60 41 47 76 30 27 81 59 79 56 42 44 45 26 33 25 69 58 50 64 47 72 12 66 61 63 62 63 55 38 42 27 33 48 50 22 45 58
75 59 43 78 78 64 46 72 72 66 67 75 83 40 79 31 40 58 74 37 44 52 59 30 50 63 25 81 67 58 75 41 71 56 77 50 64 33 85 53 56 57 37 51 53 58 67 64 61 70 70 50 70 56 62 37 61 59 64 66 49 58 69 66 69 63 69 29 69 63 58 65 30 64 89 43 34 54 62 88 80 73 49 82 69 79 75 82 68 41 63 48 67 57 35 74 64 65 66 78 68 71 82 51 43 44 72 65 60 63 57 62 74 62 63 70 76 56 60 43 42 26 64 74 38 75 46 61 73 82 54 41 88 65 48 73 46 73 62 64 64 74 61 65 73 60 73 53 53 59 49 46 79 45 82 51 39 75 58 74 66 49 51 53 63 44 59 33 53 75 58 25 75 59 70 23 67 63 67 56 53 73 66 67 44 69 41 75 35 45 69 49 70 83 45 44 87 63 70 39 79 63 52 50 50 73 59 95 43 83 81 75 61 67 63 82 65 62 62 56 73 29 59 62 69 48 85 62 88 46 67 80 80 56 35 49 70 51 52 66 61 65 76 31 74 28 75 39 62 51 72 41 60 66 64 59 66 74 64 71 48 91 57 55 56 52 60 49 70 49 69 51 55 78 59 61 62 42 55 44 55 79 48 69 71 58 71 68 67 56 53 43 69 70 58 25 63 50 25 42 76 65 76 62 66 82 46 83 77 62 63 68 48 64 74 72 39 54 56 63 46 81 60 63 76 48 66 55 75 81 61 77 38 58 48 47 46 43 67 77 45 84 48 53 70 59 25 18 24 72 66 85 49 79 58 61 67 42 65 56 76 60 45 38 49 79 66 56 66 33 61 79 21 54 61 66 61 82 69 79 54 82 71 60 67 77 62 73 66 81 58 73 74 69 45 58 80 84 88 51 73 58 81 46 85 72 80 58 60 70 64 74 39 78 79 63 79 37 73 78 60 71 65 74 69 54 30 54 79 72 58 87 58 67 41 40 50 62 48 79 60 88 33 54 61 87 68 63 59 60 43 42 57 55 70 87 55 75 69 63 65 61 69 46 62 78 45 34 87 68 81 58 80 49 86 27 40 58 77 77 51 73 66 74 26 68 65 64 76 84 72 41 47 43 46 53 55 36 63 61
78 67 79 82 85 66 49 72 75 81 82 82 84 74 82 33 53 66 84 49 56 69 71 32 53 63 60 88 70 80 77 61 71 61 79 82 89 48 86 53 59 64 53 51 55 65 70 68 69 74 72 55 84 60 74 50 72 74 64 77 84 65 74 84 74 67 73 50 70 76 59 75 35 64 95 53 44 77 64 89 90 90 60 82 87 82 81 89 70 55 67 62 68 67 59 76 70 69 79 80 85 72 85 79 78 52 92 67 63 63 61 91 86 70 78 73 80 59 70 44 50 34 69 96 55 82 64 69 76 84 57 65 94 73 80 76 51 77 71 72 64 82 73 84 80 82 84 80 54 70 57 68 82 58 85 72 72 86 63 74 69 66 52 67 76 76 84 36 65 78 64 48 78 77 80 51 71 66 74 74 59 78 80 70 47 73 62 89 51 59 86 67 75 87 51 46 88 72 83 41 83 67 63 56 60 77 59 96 53 88 89 78 68 77 65 82 74 73 66 64 79 31 73 62 83 57 90 63 89 67 67 85 87 57 59 70 81 57 59 69 72 76 82 40 78 28 80 47 82 67 73 59 70 75 67 61 82 77 65 78 52 93 79 60 59 56 76 80 86 50 78 56 67 91 65 67 68 81 58 61 66 84 56 71 77 85 74 69 73 57 60 61 69 88 64 27 73 56 49 48 82 70 77 63 80 85 74 86 86 63 76 78 68 65 75 75 69 65 67 84 51 87 66 84 86 48 72 56 78 83 76 89 43 58 82 49 50 45 72 78 61 87 49 60 84 90 26 29 41 74 82 94 49 88 83 62 69 62 70 65 80 87 46 43 62 81 67 60 75 48 65 94 32 55 80 68 68 90 70 83 57 84 75 92 76 92 84 74 79 83 62 76 87 81 50 58 80 91 91 56 82 59 83 76 86 76 88 75 65 92 81 76 49 90 80 69 92 40 86 83 60 94 91 86 80 71 43 66 82 91 86 93 66 81 63 61 70 79 51 80 74 90 33 56 61 88 70 65 65 72 68 49 87 61 72 90 56 78 73 71 72 66 90 48 75 85 53 74 92 88 81 61 84 54 89 30 73 59 81 88 74 81 68 91 47 68 78 66 88 84 75 79 53 64 58 53 61 50 67 64
93 70 92 89 94 88 65 82 78 86 85 89 93 94 87 37 94 72 91 80 65 95 72 50 93 71 73 91 77 83 89 62 98 62 80 83 91 76 96 55 67 81 74 78 59 77 75 78 80 95 76 86 86 79 77 87 74 75 76 92 85 77 79 97 77 72 93 60 87 78 65 79 41 85 95 65 48 95 71 97 97 93 60 84 87 93 92 92 94 59 69 85 70 80 82 78 77 91 80 95 92 74 96 90 81 83 99 90 76 70 82 98 89 75 88 74 95 81 73 69 50 47 83 96 59 85 70 77 82 90 79 79 96 94 82 84 51 82 78 72 91 95 76 99 90 86 85 82 54 83 82 78 90 69 91 85 74 88 72 95 85 87 57 68 78 79 89 45 65 89 71 60 87 81 89 56 91 70 76 89 84 80 86 74 54 91 67 91 56 83 87 91 79 90 82 52 91 77 94 79 86 72 72 58 68 80 76 97 75 90 96 90 75 80 80 90 81 82 79 64 80 32 84 65 89 85 96 68 98 95 85 93 90 73 71 72 92 58 81 85 77 83 91 96 92 94 81 65 84 67 75 67 88 82 89 79 84 84 75 83 72 96 85 76 84 62 84 81 97 86 94 58 76 92 78 68 72 84 83 71 69 92 67 74 81 96 75 74 97 64 71 70 94 91 78 66 83 64 53 66 94 74 83 65 85 92 88 87 92 69 86 82 83 90 85 97 77 67 81 95 73 88 75 84 98 49 77 86 78 84 81 93 65 80 92 78 81 63 76 95 82 92 58 67 92 91 26 39 52 75 87 96 50 91 94 64 80 84 74 75 99 92 47 49 76 91 81 84 84 75 73 94 94 60 88 70 83 99 80 89 60 85 91 93 90 96 86 75 82 83 78 88 88 90 70 61 99 95 92 57 87 59 86 79 92 96 95 86 85 97 90 80 49 92 89 71 97 55 94 84 85 94 91 89 88 90 55 81 85 94 95 93 67 83 79 76 72 86 62 80 97 100 33 71 67 91 79 73 75 80 70 58 89 63 86 91 73 85 78 74 81 67 92 57 78 91 73 93 98 91 89 66 86 79 96 59 83 64 86 89 88 82 70 92 83 84 81 86 91 86 91 96 69 65 66 64 82 73 80 71
99 84 97 98 97 97 89 96 81 96 97 92 95 96 90 42 97 80 97 99 91 99 83 82 97 91 100 92 79 89 99 63 99 86 83 100 95 100 99 61 81 88 77 80 70 96 100 95 93 99 99 89 88 85 88 99 83 86 86 99 94 86 85 99 79 82 96 80 91 92 70 87 87 98 100 67 86 98 77 98 99 93 76 93 100 99 93 95 100 99 88 97 79 87 91 100 96 96 82 97 96 76 99 93 96 94 100 93 87 72 97 100 99 80 97 99 98 89 75 95 53 92 85 98 82 89 83 92 86 93 85 86 100 94 90 97 99 91 91 77 94 100 83 100 92 100 86 100 81 83 99 86 96 93 92 94 76 93 86 99 85 93 96 96 80 85 92 95 84 99 76 89 91 100 90 56 91 81 92 98 88 93 100 80 66 92 72 94 80 96 99 99 100 99 100 71 93 84 99 98 93 78 89 59 70 83 84 100 99 95 97 97 87 90 89 96 84 96 94 70 85 58 93 78 94 90 97 73 98 95 93 100 97 85 79 80 99 91 98 86 79 96 98 98 95 95 94 75 100 92 80 80 95 89 98 96 89 99 83 95 80 97 100 96 91 97 94 96 100 95 96 87 99 97 89 96 77 90 84 98 86 100 95 98 84 100 83 90 100 65 83 100 98 97 97 99 93 77 81 70 94 99 100 94 93 95 95 94 98 73 88 87 83 98 90 100 78 98 90 100 91 96 99 98 100 56 93 99 88 94 99 100 84 83 94 83 100 82 99 97 95 100 68 92 95 94 74 73 100 97 94 99 88 94 99 71 85 96 81 99 100 94 55 51 92 100 96 95 89 80 95 100 99 63 100 76 87 100 91 94 93 86 94 99 96 98 99 83 87 100 97 100 95 92 70 77 100 96 100 70 97 61 93 84 100 98 96 96 86 98 97 96 62 99 100 96 98 98 100 93 100 100 95 92 89 90 75 96 95 96 96 94 85 88 94 78 92 100 71 93 99 100 80 76 89 97 89 76 99 93 82 90 96 72 95 94 93 100 92 92 90 88 97 78 97 99 76 99 100 98 90 84 99 93 97 78 93 77 92 92 95 97 94 96 100 99 92 88 96 95 98 100 71 85 67 71 97 96 83 90

57 65 10 38 54 44 24 55 33 23 87 32 41 35 9 1 35 11 17 48 72 26 45 28 76 15 37 64 10 61 38 48 46 7 35 58 8 10 47 33 16 16 36 29 3 8 11 36 81 15 25 2 25 2 2 75 32 75 32 19 2 35 15 4 39 9 27 10 1 8 26 34 22 92 11 85 74 36 52 68 57 30 50 21 2 13 31 2 16 38 77 71 21 13 55 13 4 48 15 20 25 74 24 60 7 13 95 88 13 7 19 43 9 72 63 80 9 2 42 5 68 72 3 35 16 63 26 67 25 6 35 73 9 60 48 1 39 25 60 52 13 66 19 14 23 16 76 1 44 13 50 12 40 80 62 1 2 10 60 13 7 33 1 34 70 14 37 28 53 27 17 51 32 8 53 89 26 1 20 17 8 34 1 80 21 23 10 1 36 19 73 85 3 11 44 12 57 5 10 43 32 37 20 67 34 62 49 20 21 73 43 26 28 80 46 7 35 53 48 60 11 65 10 56 52 22 33 5 13 22 77 7 67 69 51 17 98 25 89 29 39 14 61 4 54 32 62 26 23 32 26 43 11 38 15 2 66 34 10 29 64 27 2 27 9 25 20 11 56 88 62 27 31 23 9 43 34 10 33 8 65 85 37 35 56 5 57 15 61 70 66 59 10 34 57 58 16 19 51 56 52 49 52 9 52 32 25 40 26 36 5 21 43 25 19 2 22 2 34 62 29 56 28 5 4 6 39 6 13 39 14 61 46 62 33 15 47 80 7 30 38 58 30 62 7 82 21 23 16 9 8 6 13 40 29 22 23 8 51 44 40 7 15 57 45 53 46 12 17 21 20 20 15 2 17 63 2 17 44 24 36 25 70 12 66 22 21 6 46 54 13 14 31 20 86 46 12 30 36 46 4 25 53 82 31 3 91 34 27 6 17 41 2 23 76 19 23 74 7 25 75 18 29 1 32 80 61 57 70 47 34 12 55 16 52 76 59 74 22 62 21 9 8 6 43 33 2 64 13 12 11 11 7 9 53 64 41 26 2 23 28 64 23 3 33 17 37 14 24 20 10 33 34 26 6 46 32 20 50 40 82 63 20 34 39 48 7 4 22 69 64 27 75 8 64 17 47 15 60 60
86 69 87 82 64 64 58 70 54 93 100 51 55 81 37 60 81 93 84 63 89 43 70 37 100 83 62 85 14 61 83 52 59 85 73 61 20 28 62 46 20 74 91 39 71 52 22 45 99 50 89 40 62 67 49 93 99 90 43 48 27 64 22 86 61 17 52 62 52 56 39 50 99 99 21 92 98 42 83 83 63 44 51 81 8 25 34 89 78 58 88 92 82 94 75 68 40 91 42 24 47 79 94 82 72 25 96 93 35 85 65 66 94 83 73 93 9 61 89 41 81 92 61 49 99 75 96 69 48 99 68 89 95 94 60 95 56 28 94 59 15 75 29 76 46 23 80 69 94 39 78 71 64 100 75 94 46 27 69 33 52 35 93 62 88 62 72 49 61 99 43 71 42 39 59 98 89 13 81 71 32 45 71 85 79 71 85 83 84 58 93 94 84 13 62 22 80 40 19 51 62 87 59 88 84 81 56 89 61 99 75 66 50 99 79 60 77 73 96 67 92 94 24 83 86 47 55 8 54 62 89 20 100 76 70 61 98 51 99 69 69 73 77 63 64 83 100 41 75 97 39 81 35 45 69 91 74 76 59 100 74 36 60 49 10 98 100 100 67 90 77 61 87 78 91 45 76 46 61 15 88 100 40 71 97 40 73 98 67 81 96 68 15 96 88 100 39 51 57 80 100 68 100 38 100 54 58 45 29 84 73 67 85 73 81 70 29 86 84 93 56 84 38 21 85 97 51 37 85 42 57 62 59 94 90 61 77 94 9 66 77 78 76 93 34 85 46 43 83 96 45 59 45 88 84 98 42 87 72 61 88 94 28 87 86 90 95 29 49 98 53 93 94 12 60 70 42 34 57 51 90 55 85 61 97 70 29 7 77 60 62 30 96 21 89 80 19 77 47 54 88 83 58 82 50 38 94 79 33 44 20 48 7 44 94 71 59 88 24 88 85 22 53 61 91 86 99 79 72 97 49 39 74 35 77 79 61 93 88 73 49 18 11 28 83 67 27 72 97 81 92 94 29 13 57 89 62 76 49 50 87 69 76 80 59 64 97 52 83 64 48 90 77 29 35 98 47 92 67 62 86 82 49 88 70 73 22 68 27 88 80 32 90 12 79 48 77 92 78 84

740 190 286 994 556 246 999 1052 727 1292 26 1252 332 261 47 153 375 155 580 228 406 155 449 107 249 174 228 162 680 1085 653 243 152 1293 366 529 139 58 89 458 1429 1641 1105 533 1243 516 1130 268 1039 2197 964 161 211 111 738 413 199 858 1329 42 1668 552 1471 251 1161 975 89 68 116 3066 24 1541 176 517 70 883 643 573 174 94 591 1358 585 314 447 434 107 486 284 674 278 32 222 72 838 32 352 1304 1564 296 460 750 2388 198 244 207 105 662 349 76 94 148 782 392 1017 229 333 457 736 108 149 1174 812 143 2333 57 112 255 194 35 492 335 45 283 300 408 504 1816 527 316 2541 141 1489 202 476 246 942 1378 619 1593 114 278 320 650 118 240 125 374 641 1601 622 1169 54 512 1344 775 94 151 614 160 244 128 741 555 1514 794 2412 265 695 851 921 658 727 70 1089 250 2009 798 2349 158 156 103 684 217 109 911 94 665 127 304 305 439 96 133 99 427 1475 325 196 1330 1775 619 467 200 1178 109 2736 306 221 955 3384 64 830 89 1141 533 111 2178 464 514 1631 231 3158 719 1632 1065 285 90 2824 109 1424 276 417 733 73 511 1109 146 702 1083 231 1510 377 857 131 717 507 504 706 199 101 86 185 170 203 356 230 3227 295 1694 2196 1731 140 1080 719 3194 166 1459 149 284 3384 138 64 260 1212 84 239 122 244 724 968 605 389 590 206 394 670 200 373 665 1764 402 1442 1242 185 1605 224 278 1146 340 475 625 650 562 863 44 1976 787 158 347 1371 190 505 800 129 213 427 41 592 636 362 148 115 347 82 1685 349 1088 532 391 668 303 271 134 2488 120 210 586 219 156 428 2868 533 43 109 1058 550 163 1328 2809 587 119 579 766 1858 1751 161 128 130 738 1131 164 135 97 396 718 1048 685 89 992 292 102 743 141 730 1366 148 385 665 751 464 344 369 3468 284 266 255 128 394 2508 76 60 132 240 201 2887 66 207 419 1790 147 245 1268 438 614 1071 58 984 299 250 349 97 859 356 1069 224 17 138 115 811 1138 118 2534 536 128 488 979 330 445 313 192 1916 227 172 1242 503 1564 30 1681 531 651 436 208 380 946 91 760 519 220 270 315 380 252 212 1107 592 693 221 222 3384 173 291 1351 288 1332 143 1724 625 182 538 303 75 2237 145 1022 943 163 40 143 70 213 303 948 499 862 548 409 400 720 114
990 328 5366 1184 678 740 1046 1057 1064 3689 294 1426 1604 842 357 317 411 870 3778 2620 410 174 465 147 409 233 439 263 2341 1184 739 763 295 1542 1084 626 495 635 356 638 2027 1756 2096 664 3476 781 2820 445 1118 2620 1044 358 826 258 889 1901 256 2120 1569 200 2019 794 2747 726 2389 1064 317 1361 123 3179 201 2594 318 964 506 972 831 1074 1436 333 1168 1847 1161 425 1459 831 769 863 1286 1686 581 229 257 173 1247 271 4469 1315 2073 474 2114 763 3404 777 1754 293 127 710 1297 644 216 840 789 952 1888 517 1825 2234 2015 647 1213 1343 1114 922 2393 340 825 864 541 1114 683 526 414 1277 341 551 867 2235 621 411 3573 1176 1526 347 489 310 3169 1668 934 2872 543 788 932 1314 302 834 443 712 1158 2780 1167 2474 1931 548 2546 1106 388 534 942 227 258 514 758 582 1835 1084 2973 937 2965 3438 990 3190 1062 130 1375 956 2932 1326 3995 209 245 188 839 3177 484 1089 462 1145 575 798 623 640 344 325 639 447 2571 863 459 3285 3901 800 707 428 1180 437 2881 442 587 1361 6934 73 1448 976 1511 892 688 2832 704 710 2281 2991 3530 873 2454 2277 443 344 2952 310 2573 1363 1986 1419 405 841 1472 490 892 1542 465 2265 1166 936 244 1832 916 830 1136 615 1886 216 208 607 672 1586 260 4234 502 2729 3453 1919 285 1595 766 3384 166 2908 233 539 3637 1894 795 1640 1921 184 302 1453 660 815 1420 785 1190 835 1716 558 1028 292 1231 3049 2091 417 1907 1486 923 1815 948 647 2350 696 660 1139 1228 668 1090 149 3173 1308 2436 846 1646 807 2136 1873 316 227 584 93 929 636 1468 810 754 569 1454 2106 522 1449 2545 407 1454 2088 352 184 3092 255 320 661 293 393 1007 3098 1644 1078 514 1833 1051 355 1825 4424 632 2017 1359 868 2978 3494 369 172 160 1341 1712 1097 431 743 563 1112 1845 2662 658 3791 848 391 2234 430 2187 1523 481 1188 677 1103 719 459 672 3952 292 315 395 798 415 2900 221 455 1062 1922 1209 2947 1351 431 3485 2023 155 552 1441 1622 670 2179 232 1876 730 270 2134 531 1501 1089 1906 1012 1871 912 239 2083 1449 576 2870 1498 722 657 1166 579 862 1083 484 2912 613 583 1394 1109 1800 347 4765 592 833 1264 785 636 1108 227 1683 806 1130 751 408 2911 274 399 1155 4014 904 457 1279 4770 231 466 1960 2419 2367 365 2230 664 726 935 861 1181 3604 356 1198 1094 457 80 1808 108 1871 377 1101 683 1916 969 548 447 1142 160
1284 1457 5431 1214 733 843 1352 1077 1080 3803 351 1711 4059 933 853 2974 476 2018 3869 3305 429 2201 1041 1875 953 344 486 691 4164 1267 1103 778 726 2362 1455 851 563 1493 774 1710 3460 3078 2206 995 6991 813 2976 628 1942 2689 1084 709 2722 321 983 4108 323 3613 4263 223 2276 1174 4223 1927 2596 1093 362 2488 1743 3498 1136 5838 640 1040 933 1392 2100 1749 1475 376 1282 4942 1402 555 1795 858 788 873 1569 4664 2085 1474 367 274 2230 320 6170 1332 3179 632 3170 1179 5655 2325 1905 879 326 840 2443 926 614 1826 1227 4601 2190 627 2358 2457 4489 1113 1408 3706 1586 998 3857 368 1045 914 1027 1471 1960 2263 610 1327 589 556 1451 2506 780 555 4730 1413 1529 476 818 571 3274 1756 1173 3123 636 854 1397 2319 644 996 900 1292 1511 3421 1315 4323 2018 719 3702 1371 883 1571 2727 843 697 717 844 643 3139 1252 5283 1255 4323 3900 2034 3761 1389 174 3251 1057 3433 2332 4255 220 937 211 1396 3404 1186 1383 1263 1267 844 888 1021 1069 441 332 685 789 4460 872 820 3551 5083 1055 1483 775 2117 640 5039 1400 775 1668 7261 118 1609 1214 3229 1083 1236 2904 1668 1608 3333 3200 5140 1004 2793 2337 611 429 3503 593 3350 1626 2115 1627 697 1133 1735 2592 1314 1723 1591 3875 5939 1300 625 2643 992 1159 2121 2129 5908 1417 1236 1863 680 1645 379 5710 624 3054 3565 1989 702 2974 992 4350 822 3370 612 1157 3998 3028 2459 2787 4705 491 627 1833 776 817 2414 812 1320 924 4327 809 1386 754 1361 3923 3240 574 2120 5946 1284 1873 1154 930 3492 1141 1323 1184 3818 693 4539 260 6180 1746 5257 1980 1684 828 2835 2833 583 1011 649 456 1096 1168 2688 889 770 747 1530 2168 1184 2523 4754 491 2796 2647 417 267 4485 471 464 1031 577 702 1752 3320 2435 2377 735 1968 1562 1327 3916 5072 638 4026 1481 2244 3675 3623 702 392 445 1417 2823 1480 1039 1049 777 1223 2110 3959 710 4308 1624 659 5686 612 2917 1765 799 1289 909 1173 2013 1008 905 5472 1084 466 564 2092 496 3011 1503 1546 1151 2159 1410 2947 1659 1197 5359 2187 288 668 1566 5226 1075 3544 1277 4411 1294 1102 4001 653 2016 1684 2231 1040 1949 1257 576 2580 1580 638 5676 2529 864 679 1660 980 946 1367 760 3640 1370 728 2560 1135 1996 402 4915 1503 1812 1521 2062 848 1183 366 1950 2124 1633 3118 498 5697 568 836 1367 5629 1351 559 1305 6626 545 637 2218 4098 2968 596 2338 3893 2443 1356 1560 1850 4017 627 1394 2164 2818 1140 1879 113 3540 382 1575 846 2588 2430 1761 547 2172 776
1553 1884 6296 1693 1222 7555 2178 1787 1845 5642 692 1953 4968 993 1440 3598 760 2051 3952 4161 654 2585 1399 1984 1215 627 577 988 4514 2127 1323 4845 1605 5153 2163 1100 747 1535 1063 2685 4440 3581 2788 1212 8592 1075 3332 730 2867 2845 1677 904 2891 916 1068 4347 635 7654 6035 768 2537 1323 4880 3846 2889 1120 914 2867 1883 6486 1144 6474 997 2053 947 1481 3405 2591 2956 566 1316 5242 1780 596 1847 1150 1009 1621 1976 5118 2440 2036 604 876 2429 327 7180 1369 3755 1164 6399 1430 6583 3319 2030 1322 582 877 2548 1155 1377 1877 1370 6181 2489 750 4439 3544 4614 1404 2465 4020 5239 1002 4084 397 1590 1456 1375 1958 2781 2264 1297 1405 839 939 1807 3744 1439 772 7265 1460 1546 610 1317 779 3671 5806 1713 3621 667 1382 1512 2371 1189 2659 1300 2364 2228 3490 1459 5045 3152 1454 3770 1443 2398 2124 3095 880 741 732 902 1693 3606 1456 6617 2207 4353 5273 2338 5101 3593 363 3720 1194 4528 4017 4569 1012 1720 515 1508 3599 1269 2883 2275 1346 1545 1331 1431 6561 1016 489 868 860 5338 935 950 4938 5841 1084 1695 1244 4833 714 6878 1554 825 3489 7365 468 2518 1488 3269 1303 3415 3420 2067 1713 4652 4032 5884 1503 3438 3308 992 1097 3862 654 3577 1673 3151 1679 2063 1326 1748 3019 1505 1834 1625 7033 6060 1422 1602 3738 1232 1234 4467 5281 6873 1511 2084 2824 1027 2369 1414 7232 1023 5551 5120 2937 714 3024 1178 5023 3500 4105 1008 1386 5755 3623 2462 3497 4988 1050 642 1834 1052 1118 5615 913 1360 1089 5326 972 1882 867 1476 4827 3320 1508 3155 6158 1554 3830 1310 1274 4790 1985 3107 2211 4216 2579 4825 1724 6690 3193 6525 2265 1801 1035 3275 6351 733 1020 1155 592 1807 1175 4354 1122 1243 798 2206 2452 1257 3333 5533 1138 4172 3376 1109 1379 5771 679 1327 1597 888 780 1909 3351 2457 2827 1193 1987 1609 1420 3943 7035 728 5156 4847 3615 5927 4318 1009 1139 627 1548 5333 1483 1209 1248 899 1436 3754 5768 941 4841 1966 1113 6169 895 3087 4837 1117 1345 979 1214 2699 1483 1371 6960 1845 712 864 2321 1049 3809 1775 1618 1377 2592 1569 3677 2370 1228 5377 2208 1102 827 2915 5698 1695 3568 1456 6117 1572 2029 4498 738 2751 2265 2768 1473 2573 1273 965 2945 1754 794 5972 2683 959 949 2010 4878 1186 2511 1086 5369 2120 1838 3037 1594 3149 702 6756 1890 2518 1972 2261 1195 1543 406 2620 2208 2195 3735 923 5767 795 1162 2185 6316 1595 1085 1404 6881 1043 997 2301 4606 3656 675 2829 4750 4498 2227 1855 1968 5773 832 2194 2542 3170 1142 2354 1173 5477 410 2234 2274 3391 5572 1894 717 2354 934
1992 2373 6545 2112 1525 7587 2653 1815 2349 6440 782 2184 5571 1636 1740 4532 1294 2345 5620 4349 1247 2621 1401 2380 3004 889 969 1479 4731 2427 1525 4874 1864 5624 2231 1175 1039 2845 1531 3444 4650 3807 3481 1289 8660 1331 3900 2675 3223 3898 1967 1532 2994 922 1463 5597 960 7782 6589 1354 3392 1609 5542 5328 3025 1151 1095 3098 2281 6822 1460 7960 1003 5618 1266 2120 4004 3037 3380 1000 1929 8454 1878 1496 1859 1428 1656 1839 3472 5537 3876 2174 608 935 2700 549 7550 1374 3921 1885 7537 1604 7628 3599 3658 2671 773 1667 3108 2960 1616 2560 2040 7378 3553 941 4618 3671 6176 1470 3019 5697 6602 1133 4789 774 1656 1477 1748 2243 3625 3012 1574 2587 2972 1094 2778 4788 1493 2267 7349 2267 1681 619 1722 1003 4051 5986 1753 5790 1186 2981 2476 3072 1535 2733 2970 2884 2298 4187 1744 5277 5997 1820 4305 2412 2866 3083 3454 1711 913 1770 1392 2390 4471 2141 8434 2219 5016 5525 2430 6865 3985 440 4650 1753 4563 5857 6641 1041 1980 1249 1517 3733 2251 5044 2494 1507 1559 2460 1462 7404 1081 542 934 1100 6919 2013 1270 5232 6586 1222 1971 1349 4957 793 7589 1774 1475 7118 7734 1202 2832 3858 3272 1425 3557 7255 2331 2525 4763 4235 6027 1660 5017 3308 992 1549 4410 1597 5567 1955 3278 1794 2086 1334 2459 3058 1671 2940 2491 7276 6280 1561 1687 4954 1645 1239 6582 6715 6907 2868 2304 3937 1181 2596 2079 7319 1055 7142 5462 3016 1009 3040 1191 7238 3704 4201 1801 1670 7054 3679 2537 5373 5040 1084 1065 1952 1275 1334 5917 1089 2184 1826 6245 1157 3286 1463 1745 5421 5862 1795 3738 6434 1589 3874 1585 1706 6601 2112 3885 2714 4376 3520 5196 1907 7719 4706 6982 2987 1857 1375 3975 6696 1867 1041 1404 707 1848 1369 4407 1172 2061 799 3891 4043 1371 3488 5624 1275 4736 4457 2505 2456 5899 974 2004 2296 2781 1231 3005 4182 3611 2899 1416 2969 2385 1523 3975 7388 907 5491 7025 3829 6260 4372 1218 1706 957 2255 6437 1974 1773 2050 995 1446 4240 6167 1171 5754 2121 1183 6321 909 3654 5530 1586 1620 1495 1244 2750 1568 1866 7620 2172 1158 899 3321 1068 4474 2131 1976 1933 3460 1799 4403 2869 1743 5550 2365 1174 1006 6202 6707 1781 3935 1542 6863 1726 2194 5532 1295 3031 2395 2858 1857 2606 1526 1048 5979 1810 814 6257 3822 1174 1032 2013 7245 1411 2907 1474 7179 2726 2167 3149 1636 3785 1532 7769 2681 4218 2290 2807 1267 1951 412 2701 2224 2532 4492 2136 5779 1023 1657 2362 6437 1780 1586 2064 7690 1448 1673 4347 6612 3728 1268 2879 4825 4676 3069 2061 2992 5949 910 2988 3167 4068 1317 3508 1763 5692 464 2946 2841 4514 7841 2341 826 3363 1040
2144 3794 8757 2624 2376 7620 3161 2192 2485 8296 1140 2451 6606 1866 1758 5233 1581 2659 6711 8199 1254 2983 1671 5749 3667 990 1395 1619 5530 2801 1648 6367 2523 5731 5449 1346 1149 4079 2746 3567 5329 3849 5532 1555 9069 1694 4296 3845 3325 4321 2801 2244 3509 976 1631 5784 1154 7990 6744 1428 3586 1768 6915 6235 3986 1281 1412 3393 2440 7320 1558 8144 1241 6679 1397 2806 4791 3380 3670 1427 4448 8928 1925 1980 1995 1524 1957 1943 3800 7732 4825 2771 924 1891 3486 1710 8711 1869 3995 2094 8081 1812 7697 3919 4642 2938 993 1672 4247 2984 1806 2925 2777 7702 4117 1235 5534 4605 6335 1888 3250 5727 7622 1573 5254 1651 1860 1677 2172 3371 3948 7431 1887 3221 4544 1161 3362 5557 2116 2344 8203 2326 1899 991 1853 1031 4405 7612 1767 6437 1260 3476 2820 3821 2081 3827 3339 3283 2886 4347 2487 5277 6004 5684 4702 3046 3062 3327 3798 2022 1192 2121 1508 2772 4574 2646 8650 2229 5699 6027 2740 7591 6421 639 5526 2607 5350 7099 6885 1318 2028 1414 1752 4069 2283 6793 2899 1510 3832 3203 1563 8099 1739 931 935 2092 8116 2019 1419 5910 6990 1239 2098 1441 8163 795 7735 2278 1690 7433 8265 1475 3418 4221 3511 1503 3950 7467 2373 2577 5807 4261 6103 1887 6137 3645 1303 1909 6329 1616 7056 2610 3844 1801 2269 1493 2851 3436 1789 3133 2622 7375 6954 1853 2338 5304 1753 1297 7835 7523 7477 3540 2505 4057 1291 3235 8367 7365 2090 7180 6563 4265 1034 3808 1231 7280 3791 5037 3285 1736 7705 8702 2841 5588 5113 1434 1141 2066 1914 1425 6070 1237 2440 2516 6426 1405 5974 2903 1933 5885 6427 1819 4133 7009 1634 5640 1650 1751 6995 2432 4086 2766 6115 4110 6268 2169 7783 5973 7039 3065 3377 1887 4693 7623 1887 1102 1933 1079 2776 1469 7577 1646 2100 1370 4190 4341 1550 4426 6454 1359 4995 5082 2852 2483 6640 1534 2493 2791 2980 1250 3061 6819 4743 3284 1877 3911 2604 1609 4647 9593 1018 5946 7515 4201 6553 6739 1906 1722 1190 3414 6448 2153 3868 2438 1356 1808 4272 7397 1367 6088 2282 1753 7178 1425 4153 6516 2017 3028 1561 1285 2927 1758 2012 8928 2616 2216 929 3901 1145 4685 2868 2235 2150 3867 2244 5274 3288 1793 6036 2928 1351 1125 6953 6930 1852 6328 1937 8678 1877 2402 7205 1349 3434 2437 3486 1960 2635 1696 1501 7813 2009 957 7705 5097 1406 1273 2025 7421 1919 3676 1508 7509 3277 2328 3340 1751 4028 1552 7961 2858 5058 2366 3052 1503 2972 865 5092 3248 2844 4555 2600 6945 2479 1752 2605 7916 1818 1634 2482 7777 1917 1712 4976 7046 4110 1855 3158 4920 6105 4857 4312 3325 6636 1633 3398 4523 4500 1706 3830 2432 7926 623 3754 2945 4639 8141 2950 959 3602 1540
2305 4087 9211 2851 2438 8078 3165 2291 2581 8502 1474 2643 6663 2155 1904 5636 1743 2839 8137 8746 1892 3452 2114 7146 3673 1010 2077 2034 8108 3785 1952 8629 2797 5955 8757 1468 1591 4161 3175 3636 7251 4919 5897 2283 9092 1773 6064 4493 3466 4398 3161 2616 4239 1548 1703 6118 1409 8096 6989 1542 3819 2013 7496 6477 4546 1918 1434 3786 3639 7573 1738 8687 1353 7119 1481 2836 5085 3595 5743 1520 6248 9341 1929 2056 2109 1807 2081 2237 4027 8104 5749 2823 1225 1903 4367 1815 8817 2072 4187 2246 8518 1906 8528 4695 5319 3596 2113 2185 5194 3554 1843 3124 3757 8105 4246 1704 7554 6157 6824 2103 3582 7721 7810 1632 5999 2046 3315 2243 2433 3567 4518 7597 1992 3624 4958 1320 3394 7546 2163 3030 8828 2503 1952 1735 2109 1644 7025 8389 2033 7466 1318 4119 2988 3952 2246 4043 3394 3317 3165 7222 2691 5629 6173 6471 5534 3504 3097 3339 4606 2199 1696 2133 1749 3590 5423 2762 8858 2258 7133 6610 4090 7870 6595 1198 6298 4037 5518 7663 8887 1479 2218 1701 2359 4237 4081 8009 3148 1827 3993 3354 2007 8173 1949 1749 1138 2123 8548 4596 1956 8526 7020 1388 2209 1842 8564 1959 9072 2704 2107 8237 9094 1869 5475 5337 3874 2226 4073 7912 2971 2718 6891 4322 6352 2675 8585 3957 1525 1916 7045 1804 7464 2937 3888 2694 2310 2057 3512 3467 1957 4060 2869 7462 7272 1875 3101 7372 2386 1548 7935 7699 7791 3550 4314 4147 1431 3257 8719 8298 2110 7339 7487 4623 1539 7968 1438 7609 3792 8602 4006 1960 7802 9078 3061 5652 5724 2185 1257 2396 1920 1551 6448 2213 2600 3330 8605 1872 6377 3157 2209 6943 6475 2082 4466 7274 1997 8066 1660 1848 7644 2631 4387 3174 7415 4149 6859 3625 9014 6511 8451 3779 4085 2041 5046 7702 1978 1303 2231 1490 3390 1722 7943 1754 2303 1384 4460 6019 1561 4585 7054 1878 5106 6042 4270 2550 7122 1543 3351 4051 3318 1410 3350 8763 6911 3418 1925 4191 3184 1682 5329 9612 1079 6312 8182 4493 7566 7860 2017 2033 2042 3431 8180 2200 4172 2989 1438 2014 4297 8047 2001 6234 3158 1761 7381 1611 4485 7992 2168 3498 1667 1841 3464 2065 2040 9542 3021 2230 1431 4002 1700 4951 3766 2258 2362 4157 3929 5313 3317 2194 6749 3835 1468 1651 8450 8264 2152 8412 1985 9072 2018 4331 7646 1670 5314 3529 4045 2116 3170 1838 2065 8156 2256 1621 7872 5973 1540 1459 2099 7854 2275 4387 1539 7526 3873 3664 3442 1823 4191 2326 8096 3171 9239 3454 3418 1884 4287 1572 5150 3265 3026 6077 3490 8049 3982 2103 3267 8287 1970 2321 2662 8516 2078 1942 5058 8110 4199 1857 3999 6513 6557 6236 4562 3788 6869 1787 3436 7734 6063 1727 4026 2661 8533 1016 3878 3394 4686 9227 3446 1605 4046 2023
2340 4697 10031 2854 2809 8616 3338 2403 3394 8580 1750 3665 6701 2161 2000 7823 2107 3160 9020 8972 2298 3521 2137 8704 3793 1267 2502 2037 8378 4520 2422 9178 3276 8179 9127 2107 1908 4439 3671 3951 8946 7889 5974 2844 9382 1937 8338 7261 4314 4468 4014 2951 4664 1580 2036 6458 1949 8155 8016 2283 4077 2220 7962 7620 5512 2088 1502 4202 4585 8322 1942 8865 1484 8371 1522 3061 5600 4465 6326 2262 7427 9434 2046 2410 2266 1835 2246 2264 4373 8277 6546 7253 1390 2279 4674 1831 9187 2075 4591 3991 8780 2160 9573 4699 5551 3767 2221 2310 9162 3628 2211 4490 4611 8772 4495 2058 7731 7511 8647 2277 4329 7917 8131 1879 6216 3016 4009 2451 2502 3846 4802 8946 2275 4026 5515 1653 3409 7595 2319 3832 9083 3234 2210 1850 2347 1699 7764 8735 2146 8842 2027 4955 3628 4182 4660 4270 3734 6750 3594 7294 4147 5986 6828 7749 8865 3837 4755 3409 4666 2453 1817 2344 2397 4576 6589 4320 9170 4092 7204 8253 4701 7924 9869 1597 7998 4521 7957 9067 9590 1947 2272 2018 2490 4331 4131 8504 3651 2097 4008 3942 2454 9094 2149 2009 1287 2214 9284 4727 4724 8605 7768 1662 2437 2046 8989 2387 9239 2853 2236 8315 9542 2199 9154 6760 4168 2335 4592 8917 3035 3891 8798 4680 9120 2877 8985 4655 2061 2267 7536 1969 7715 3283 4595 2997 2435 2212 4161 3866 2260 4719 3911 8002 8988 2015 3255 7860 2778 1978 8455 9272 8745 3709 4524 4421 2192 3473 8867 8901 2299 8087 8785 5504 1860 8275 1922 7780 3825 8781 4215 2201 8852 9266 3664 8325 7864 2192 1581 2809 2071 1583 9166 2243 3584 4365 9485 3840 7766 4093 2255 8959 7118 2977 4521 7284 2406 8960 1893 1924 9259 3285 4561 3928 7804 4755 8445 3991 9803 6937 9530 4250 4361 2386 6952 8092 2100 1852 2990 2188 4218 1967 8537 2342 2305 1515 7589 7226 1947 4700 7689 1904 7887 6131 4471 5023 8805 1976 3800 4068 4506 1463 4722 9111 7145 3814 2400 4448 3855 1904 6560 9673 2086 6881 8801 6963 8485 8033 2414 2160 2098 4638 8271 2511 4675 4049 2040 2336 4600 9252 2246 6436 4252 1992 8669 1676 4622 8306 2848 3872 2310 2317 3835 2145 2151 9575 4244 2396 1857 4350 2035 6418 3809 2350 2448 4384 4347 9129 3775 2220 8202 4869 1603 1965 9554 8343 2244 8859 2056 9877 2168 4715 8828 1888 6670 3581 4149 2127 4119 1962 2185 8624 2286 1798 8337 6543 1648 2064 2260 7860 2913 4974 1640 7761 4248 3913 4030 2254 4753 2365 8360 3664 9295 4154 3864 2133 4826 1935 6656 4863 4019 6913 4184 8781 4088 2117 4058 8487 2300 2328 4160 9019 2340 2060 5094 8651 4567 1889 4223 7313 7416 8538 4651 4357 7003 2098 3590 9260 6255 2040 4053 3804 8800 1136 4607 3704 4887 9525 3947 1729 4172 2167
2486 4706 10059 4232 3023 9765 3865 2481 4097 8639 1897 4698 8587 2192 2117 9121 2176 4906 9381 9417 2337 4320 2392 9236 4931 1429 2540 2402 8428 4534 2464 9646 4352 8850 9260 2561 2014 4628 4873 4389 9527 9296 9598 4917 9624 2018 8853 8496 4423 4778 4358 4087 4862 1671 2280 8764 2346 9612 8439 2309 4668 2394 9794 9152 9137 2142 1819 4998 4747 8669 2377 9389 1510 8695 2074 4186 9401 4949 9650 2396 8812 10048 2414 2501 2348 2418 2306 2318 4445 9255 7348 7954 1981 2410 4947 2137 9716 2350 4622 4580 9061 2365 9836 4766 5866 4654 2355 2518 9702 4934 2433 4789 4788 9261 4595 2135 9254 8995 9993 2546 4347 8923 9274 2372 9795 4081 4930 2518 2511 4970 4928 9151 2362 4541 6112 2489 4595 8847 2382 4735 9935 4313 2479 2491 2417 2508 9724 9780 2440 9719 2268 5044 4934 4500 5048 4451 4323 7693 4925 9952 4470 5990 7354 9021 9894 4658 4993 4478 4963 2500 2071 2528 2449 4671 9811 4725 9474 4095 9477 9947 5011 8548 9957 1685 8321 4993 9238 9389 9637 2414 2334 2576 2519 4401 4218 8778 4029 2127 4054 4131 2581 9218 2316 2038 1677 2298 9575 4900 4916 9010 8952 2261 2547 2398 9060 2388 9259 4861 2547 8317 9824 2361 9537 8755 4854 2336 4801 9143 3723 4109 9893 4684 9901 3059 9403 5072 2433 2331 9325 2317 9579 4591 4934 4970 2482 2319 4253 4401 2464 4922 4115 9917 9974 2444 3331 9489 4471 1993 9964 9701 9097 4894 4701 4977 2317 3752 9727 9333 2519 9530 9013 8796 2020 8635 2546 8995 4827 9700 4698 2478 9248 9784 4877 9526 8297 2274 1750 3745 2505 1864 9531 2296 3991 4601 9824 4403 8839 4771 2575 9893 9356 3070 4856 9001 2461 9283 2062 2413 10009 4228 5023 4147 8122 6635 9818 4082 9964 7258 9960 5032 4430 2439 8135 9940 2114 1923 3684 2321 4752 1999 9898 2549 2528 1629 9173 7245 2029 4906 8599 2389 9464 9047 4895 5032 9314 2281 4428 4553 4892 2480 4724 9482 9401 4147 2430 4866 4626 2279 9157 9955 2271 9812 9328 8624 8825 8764 2548 2535 2201 5003 8341 2570 4885 4159 2058 2437 4930 9859 2297 8995 4445 2091 9069 2147 4886 8696 4775 4334 2497 2363 4179 2375 2174 9835 4816 2455 1896 7974 2453 7580 4388 2356 2544 4968 5038 9941 4633 2259 9258 4997 1930 2154 9841 9881 2294 9634 2190 10017 2231 5001 9857 2332 8116 4174 4400 2305 4384 2299 2286 9963 2304 2106 9455 6852 1686 2480 2377 9704 4369 5035 2026 8745 4487 4047 4377 2266 4940 2519 8843 4225 9719 4612 4841 2146 4902 2392 9078 5017 4551 9028 4807 9994 4461 2347 4195 9200 2370 2419 4366 9996 2373 2070 5328 9368 4917 2452 4703 7793 8474 9835 4938 4484 9388 2327 4203 9526 7876 2322 4639 4174 8898 1657 4991 3920 5062 9844 4176 1871 5041 2288

656 189 170 836 477 204 781 1039 275 990 19 771 217 159 19 88 293 57 425 224 232 154 178 68 132 132 154 81 248 753 508 137 81 771 335 396 48 40 40 274 262 1477 967 205 981 323 996 208 817 1548 443 67 109 109 710 279 96 697 996 41 1389 410 1041 44 942 467 75 36 17 1935 15 405 87 495 51 369 294 465 97 90 371 1105 327 257 193 384 81 417 274 426 231 31 46 53 799 11 306 1094 1437 268 391 672 1313 104 156 90 93 586 326 53 78 76 49 46 774 65 191 321 589 76 74 980 521 98 2158 37 96 193 185 29 487 258 36 161 294 356 102 1195 441 201 1794 54 1142 133 435 207 512 1046 354 1478 75 219 270 126 103 195 114 373 630 508 183 817 51 271 478 768 52 104 593 77 60 48 225 534 1038 247 400 261 438 557 745 234 184 17 917 85 1816 659 1877 107 79 79 416 101 75 782 48 508 122 245 142 206 83 123 37 405 1392 212 139 1258 1218 563 303 199 276 95 679 271 37 595 776 25 721 66 596 399 66 1495 409 383 636 110 2859 550 1603 1031 153 84 2277 70 401 223 211 169 65 316 649 135 652 586 196 1454 286 794 53 299 191 486 629 144 76 68 161 152 53 343 211 1476 221 828 186 1429 125 525 461 1411 75 1205 140 146 3271 119 28 234 1103 43 163 32 154 582 815 499 86 515 167 254 617 181 85 223 1734 377 159 1045 172 985 175 31 735 247 382 589 626 485 369 25 1823 426 65 278 607 110 46 696 87 205 379 28 502 487 235 114 99 106 56 1632 284 992 142 363 161 267 235 119 1748 117 74 445 204 115 157 2524 255 8 94 620 338 112 1000 2803 564 111 510 227 719 1243 118 120 116 166 660 65 67 29 349 527 926 629 78 620 186 65 489 92 708 1340 24 375 245 730 227 341 320 3145 216 162 11 125 102 1396 29 53 44 204 53 2253 57 42 167 1469 129 195 617 417 510 482 57 900 182 226 112 33 608 200 155 197 15 134 16 782 1092 114 2004 485 114 242 941 75 33 299 149 1234 133 141 767 440 1176 25 980 350 561 282 160 271 796 42 724 341 217 239 236 262 187 116 1013 189 577 141 76 2292 155 132 961 287 1211 17 1586 538 92 474 241 46 1505 92 887 834 154 38 24 16 74 80 550 203 619 486 314 281 463 105
109 166 31 228 273 168 300 53 246 686 9 163 190 155 12 44 112 23 382 108 15 153 87 29 105 118 148 68 2 513 211 116 17 406 288 163 33 19 5 250 225 493 404 70 776 181 56 142 502 1373 426 66 19 105 414 35 43 548 789 32 1382 86 846 34 922 414 1 32 10 645 4 358 34 382 30 180 218 185 68 65 365 522 101 204 13 83 46 38 208 369 79 28 34 43 586 10 258 95 745 180 284 380 1312 57 32 42 26 45 85 24 48 16 13 43 699 63 12 63 459 73 70 655 102 89 229 34 39 191 52 3 82 34 3 20 134 10 80 337 35 192 62 12 159 87 301 43 436 106 267 1132 48 58 63 30 90 98 86 177 172 182 29 60 38 236 420 758 21 82 376 23 41 1 23 250 218 24 38 49 360 35 476 213 30 2 906 84 214 490 456 41 17 21 135 40 70 664 47 247 102 114 29 137 64 50 25 30 1256 34 137 326 1034 290 167 153 176 50 239 71 6 403 720 10 173 62 532 63 12 575 61 20 22 34 1067 337 906 242 150 34 1990 6 366 125 67 133 54 173 194 63 43 470 126 825 66 228 4 43 151 155 307 24 56 34 31 147 36 306 127 1062 142 724 71 771 70 5 427 203 13 895 137 9 3005 95 5 156 3 35 36 18 78 376 622 474 21 351 97 97 537 120 75 135 994 179 8 903 28 109 167 11 142 32 142 323 459 299 181 16 1193 405 62 74 287 92 35 232 69 154 75 23 498 16 105 12 80 12 32 1454 282 184 8 168 134 165 124 32 781 97 19 50 137 74 18 1781 29 4 16 96 322 103 721 2002 367 54 276 226 22 1193 85 72 71 67 418 64 40 25 55 117 108 609 31 528 143 28 358 59 136 1062 23 183 214 448 6 171 105 2349 174 26 4 20 88 26 28 29 8 128 29 663 26 29 149 1448 35 15 605 124 480 76 6 117 101 134 111 26 537 155 131 63 14 92 11 636 264 31 275 37 67 25 53 71 19 105 90 490 42 138 413 300 1018 12 279 63 392 279 73 72 607 36 74 322 38 178 31 146 153 9 453 51 420 58 16 1261 57 21 845 65 1180 15 188 301 20 337 194 35 839 53 433 90 81 24 13 3 48 18 232 107 425 337 99 10 423 42
