500 9 2
95 56 47 57 85 44 84 65 76 8 41 45 94 4 72 75 24 55 54 10 53 72 13 1 59 23 6 68 56 45 98 41 98 81 14 13 23 38 90 82 90 44 100 24 19 67 34 38 13 12 97 98 39 88 34 24 5 88 28 53 33 42 7 36 81 75 80 6 75 57 42 76 41 18 64 68 96 83 82 63 95 63 21 51 73 68 4 5 7 53 39 61 3 58 87 93 80 38 81 44 71 36 82 46 61 20 78 100 15 72 73 14 33 12 41 12 55 39 46 30 41 68 21 64 11 26 81 85 63 16 1 61 94 98 40 44 85 42 97 96 93 82 96 55 93 45 67 69 8 84 3 58 83 22 49 13 90 15 38 81 43 48 3 61 41 86 68 17 84 73 66 98 10 24 86 16 95 26 71 52 56 37 76 52 55 15 84 49 4 12 75 2 37 2 17 74 73 97 4 32 13 65 85 5 96 66 92 5 4 92 15 99 77 23 92 56 19 36 85 91 15 4 79 40 84 1 68 88 5 11 81 80 42 87 60 46 3 12 34 40 65 65 49 62 71 24 39 100 92 61 66 82 40 18 64 92 55 93 58 65 1 21 29 29 86 68 98 97 85 87 98 54 88 78 30 4 25 10 17 46 3 4 59 74 4 36 42 62 62 6 89 1 69 66 34 66 17 90 90 70 63 74 99 99 64 30 68 23 33 34 10 16 97 31 8 1 70 53 23 40 74 73 47 7 35 64 88 86 52 67 73 20 79 39 78 9 75 36 83 50 10 70 26 94 29 60 47 62 69 58 17 81 84 16 3 11 84 59 39 51 93 58 42 11 57 97 35 51 36 90 10 30 87 94 23 36 32 65 15 83 14 19 75 30 83 21 66 46 37 99 33 96 61 100 35 75 41 33 43 55 95 81 53 72 44 61 56 23 13 87 69 5 31 70 68 88 18 50 33 35 27 54 57 37 1 41 66 29 68 83 41 26 6 92 85 13 12 20 23 99 68 66 68 73 18 27 55 78 42 93 61 22 23 39 82 35 81 66 21 94 55 11 16 29 5 37 65 51 39 33 57 31 55 13 96 92 27 78 79 96 83 67 6 62 27 94 63 3 42 37 72 1 89 70 2 26 22 39 91 26

43 9 5 6 9 4 6 39 8 1 10 10 3 26 19 20 7 5 15 10 3 36 4 4 3 27 7 11 17 1 4 1 21 5 5 5 5 17 12 12 1 5 10 4 1 7 6 15 6 13 8 18 18 17 10 6 4 1 25 13 2 22 1 12 1 1 26 20 10 12 2 2 29 8 5 3 12 15 3 1 22 23 19 6 2 12 6 13 14 18 3 4 4 16 1 9 2 8 2 7 12 10 4 7 2 3 16 13 13 15 16 10 15 4 2 12 26 22 2 7 19 9 4 2 3 14 15 11 5 5 19 7 11 4 1 3 5 4 1 18 2 19 10 4 28 15 2 3 6 3 27 4 7 15 10 16 12 19 26 1 20 10 2 8 4 51 12 9 13 5 8 3 2 2 5 12 15 12 26 21 9 14 8 19 2 7 15 37 6 15 13 17 14 18 4 22 12 3 3 7 7 1 7 8 1 5 29 5 6 8 34 11 14 8 2 4 4 14 12 18 15 1 8 13 15 2 4 5 3 17 15 4 3 14 8 11 6 3 11 12 4 8 14 1 7 21 6 20 38 10 18 2 13 11 4 4 5 12 5 8 23 7 14 4 13 17 10 17 3 2 6 1 16 26 1 17 8 10 13 19 1 15 3 4 6 10 8 20 2 4 2 12 2 6 19 6 3 11 27 9 12 4 1 2 15 34 15 23 9 4 10 13 6 12 4 1 3 12 12 4 3 33 24 3 14 3 23 14 8 6 8 13 3 12 1 19 1 3 21 8 1 2 17 7 12 6 4 2 12 8 6 39 16 22 29 2 11 36 2 3 20 24 6 9 12 2 1 2 24 3 3 2 18 6 2 3 2 3 17 3 7 6 1 2 30 18 6 14 5 17 7 6 2 6 9 13 12 3 15 16 23 5 27 1 6 3 26 2 2 7 8 10 7 2 11 5 14 31 3 14 16 34 39 4 6 17 8 7 29 2 4 18 11 5 19 3 5 1 14 22 35 33 4 16 1 20 8 5 4 1 25 8 4 5 28 23 2 5 4 15 1 7 14 6 1 1 10 2 5 4 8 18 15 1 2 5 2 11 2 28 23 3 3 2 4 10 1 2 13 7 1 4 12 4 4 8 21 4 13 9
47 27 8 9 20 15 17 52 32 21 14 18 15 29 39 25 14 14 36 56 9 44 7 17 13 38 10 37 37 23 11 2 24 11 12 41 12 19 28 29 10 11 15 9 18 10 8 31 16 14 13 44 28 21 17 14 32 9 30 32 15 23 8 16 39 19 27 45 22 17 7 3 53 18 5 4 22 26 15 14 36 26 21 10 4 38 15 29 20 26 9 14 24 27 7 11 17 18 6 12 14 14 18 8 5 15 16 17 36 18 19 20 23 5 34 34 38 43 12 40 22 14 5 8 7 20 20 38 16 19 26 9 41 20 5 5 6 7 11 23 3 20 20 40 61 19 9 19 25 9 27 13 9 17 13 28 31 49 27 1 22 19 3 15 6 54 14 13 17 16 11 63 24 43 20 24 15 24 29 25 32 35 17 25 7 13 35 39 7 21 22 39 19 33 48 25 20 9 6 11 16 15 12 9 2 25 35 30 8 20 39 11 18 9 4 13 9 17 18 23 15 10 12 15 28 9 15 20 22 38 24 11 25 15 12 42 20 12 17 38 10 15 19 14 34 26 10 35 40 20 31 14 14 11 13 16 10 37 11 13 35 17 15 5 32 23 47 27 9 14 6 17 16 32 8 22 15 16 29 25 13 25 10 14 16 25 10 31 20 5 26 22 6 9 29 9 6 38 35 16 39 33 17 8 28 35 23 27 43 16 18 14 30 24 12 9 19 16 20 16 3 39 32 15 25 27 26 21 54 19 8 30 5 13 12 24 7 7 30 17 2 8 19 14 25 13 28 37 21 12 8 50 35 26 36 17 14 59 32 11 27 29 9 12 19 3 22 3 26 8 45 5 33 40 4 16 7 6 23 40 13 9 6 7 31 27 17 35 23 26 8 12 10 26 31 25 13 24 16 22 30 10 34 12 13 15 28 27 11 8 16 12 11 9 31 17 20 48 4 19 35 42 41 6 22 18 12 12 39 3 10 32 18 7 20 12 8 5 20 26 43 34 21 18 3 32 13 5 6 2 28 15 45 8 30 25 13 12 17 19 7 19 14 16 2 44 26 27 14 11 22 18 19 1 14 18 5 17 3 29 47 10 6 14 6 23 5 4 18 12 25 31 14 5 28 15 31 23 33 32
63 32 21 23 21 23 21 53 39 28 28 21 27 45 43 28 28 44 50 72 11 50 25 18 43 50 31 51 53 24 13 14 49 26 37 41 19 27 43 38 45 15 54 12 40 41 10 33 21 15 19 54 29 31 28 23 34 16 50 35 27 39 21 17 40 33 50 49 40 18 32 17 58 18 9 28 26 53 32 24 49 35 28 12 12 39 28 44 21 27 16 19 28 37 30 19 35 20 23 15 24 14 19 38 9 15 28 29 53 33 33 58 26 11 45 35 42 53 13 65 25 15 31 24 56 22 21 48 19 26 28 11 44 22 6 17 49 46 13 30 11 21 38 52 62 27 41 34 28 18 28 17 14 37 24 33 48 65 32 7 32 31 9 20 22 56 14 18 28 17 19 64 28 47 48 43 28 26 41 27 56 44 17 43 22 25 36 39 7 24 37 40 35 34 60 34 21 13 41 17 16 44 50 36 6 25 44 35 14 27 50 26 50 19 16 22 17 22 30 29 23 37 22 18 39 12 29 25 26 46 39 16 42 15 25 61 31 14 19 40 17 16 29 24 45 29 10 44 43 24 32 14 55 47 15 18 12 45 29 28 63 17 28 23 48 44 48 40 12 24 13 25 24 42 46 36 17 24 41 27 36 32 35 21 29 35 23 35 37 38 55 28 13 17 45 24 16 40 36 23 53 34 25 27 44 44 33 28 55 19 31 23 37 41 34 14 33 26 22 36 15 44 35 27 48 36 29 29 55 25 11 31 22 25 20 30 12 10 32 32 26 30 29 21 32 35 32 53 57 19 15 57 37 38 65 25 17 67 35 13 44 51 13 37 28 10 27 5 28 17 50 26 37 40 19 20 21 25 24 45 16 21 11 27 51 29 19 40 44 29 20 50 40 32 51 34 45 80 21 23 49 16 40 15 18 42 38 30 26 25 24 34 19 27 35 36 24 62 15 23 39 43 51 11 40 31 16 15 54 11 15 36 20 8 38 24 27 32 27 29 55 44 21 33 42 40 17 48 16 18 51 32 50 20 45 26 38 20 18 20 11 37 15 16 43 53 27 28 59 34 31 34 46 5 28 25 9 37 7 43 52 11 41 17 26 26 9 14 23 29 25 36 30 28 41 24 34 38 38 35
71 42 45 51 23 42 27 58 49 39 38 29 38 49 43 28 47 53 54 74 26 50 30 40 51 51 47 76 62 52 37 31 54 37 42 60 28 34 52 41 56 20 70 18 41 42 22 45 21 17 29 55 30 44 37 49 45 23 58 47 53 42 45 19 44 47 59 62 40 30 32 24 68 32 20 69 27 54 38 33 52 48 29 26 13 40 38 47 40 36 16 32 43 46 43 22 42 22 37 28 69 54 22 45 10 26 54 60 55 34 35 61 35 58 48 38 80 59 16 74 32 32 37 26 62 29 22 50 31 41 38 13 47 23 27 30 54 46 21 57 26 33 51 54 77 30 50 47 44 45 46 23 22 64 39 36 51 68 32 27 40 49 23 30 27 56 32 48 35 25 26 75 33 55 53 58 39 34 56 29 60 50 23 52 32 28 40 43 11 51 44 54 43 46 63 36 64 14 64 30 26 45 61 41 28 48 55 39 23 33 64 37 57 23 21 35 20 29 34 59 27 39 24 24 42 14 33 27 42 58 45 22 51 24 36 75 33 20 19 63 19 17 42 27 59 33 11 48 43 47 39 26 57 48 29 18 23 48 30 36 70 28 33 46 54 65 58 51 20 29 15 57 33 45 56 41 45 36 45 41 48 50 38 29 31 36 27 40 41 40 63 40 21 26 53 33 16 45 37 24 64 51 45 41 53 57 40 44 67 32 39 44 61 44 40 58 52 44 23 41 57 46 36 36 59 50 32 35 63 30 17 38 32 31 20 38 45 11 34 54 33 46 29 38 40 46 33 56 60 30 27 59 39 49 68 31 58 71 38 15 55 66 14 38 30 44 38 30 33 22 51 32 47 42 27 23 27 31 28 54 25 22 21 30 76 43 26 46 61 34 24 51 41 34 67 35 59 82 27 29 63 27 61 20 21 62 53 46 34 29 25 45 22 30 49 43 35 69 44 36 73 57 53 12 50 36 26 25 57 16 30 42 41 19 54 37 29 39 30 33 70 50 26 50 48 47 52 80 18 20 57 34 54 30 45 33 53 24 45 25 12 44 37 17 47 59 45 48 73 45 33 45 52 31 33 39 19 70 23 60 57 24 71 29 35 27 26 26 49 39 43 38 54 32 43 24 34 40 41 36
79 47 53 58 25 52 54 67 57 55 42 30 58 49 51 41 48 63 62 78 30 69 31 57 53 55 56 79 64 54 45 58 56 42 44 79 50 65 66 79 67 39 79 53 41 46 34 48 27 18 30 56 53 59 73 67 47 28 61 67 71 70 61 33 53 65 61 68 50 44 53 50 80 34 30 69 45 55 63 48 62 60 60 58 28 48 45 55 41 61 36 38 43 55 46 35 47 40 44 33 71 56 24 76 23 27 61 72 66 36 43 75 42 64 58 40 86 61 21 77 39 58 44 40 68 31 42 61 34 59 40 27 72 35 55 36 67 51 35 59 42 47 52 70 78 36 89 59 62 74 61 38 25 67 42 42 57 71 33 29 41 51 45 46 33 59 34 64 42 54 52 76 63 58 55 63 69 46 73 75 66 66 35 64 39 31 41 46 20 55 56 57 59 67 69 40 64 27 66 60 40 53 80 51 32 66 56 48 27 37 68 43 67 26 42 48 25 42 38 65 30 40 67 26 49 15 44 39 74 85 46 24 68 31 54 75 45 34 47 76 35 27 43 36 66 50 47 66 58 48 39 44 62 59 41 25 35 67 51 40 72 41 40 63 56 73 62 53 23 31 16 58 55 52 63 63 71 40 57 44 59 60 43 50 50 40 33 41 42 56 63 60 27 32 54 36 25 48 45 60 66 59 59 51 56 58 57 51 67 43 49 51 65 60 60 63 58 44 36 61 73 53 38 45 59 52 33 44 79 37 38 74 46 36 21 51 55 26 35 58 57 60 31 38 57 79 70 57 69 43 35 59 62 53 81 46 63 77 48 21 58 76 60 56 34 60 43 35 33 32 78 36 59 51 47 53 29 36 34 61 48 40 27 50 77 53 53 59 63 34 40 57 50 39 75 45 60 89 32 30 63 42 63 31 34 69 63 47 42 36 65 57 24 36 58 61 41 75 50 49 73 63 54 17 55 48 26 43 86 27 39 51 45 23 56 60 54 40 41 42 79 62 36 60 81 49 73 83 42 49 58 48 54 54 49 36 64 38 56 57 21 70 44 59 50 59 66 72 74 50 65 48 61 35 54 62 62 82 44 62 63 38 87 34 36 33 36 44 55 46 44 58 69 48 51 29 35 43 44 45
84 51 68 59 58 78 81 73 87 61 58 30 79 68 56 56 57 82 76 81 36 72 48 64 66 73 61 80 64 55 74 62 78 53 64 83 52 76 69 91 71 63 80 57 60 51 59 74 59 67 49 60 55 70 78 69 47 54 67 76 77 78 71 77 68 77 74 71 53 66 78 58 87 70 61 80 55 68 65 50 80 68 63 66 59 54 59 62 52 77 37 47 62 58 58 44 62 68 47 45 73 70 29 84 58 34 65 81 72 39 44 79 48 67 59 55 88 74 46 80 54 61 47 47 69 45 53 69 54 73 49 29 77 38 75 44 67 61 67 62 43 47 57 91 80 45 91 62 68 82 67 52 74 69 60 42 69 76 43 41 48 58 48 60 63 74 45 70 54 63 56 77 70 78 68 85 71 58 76 84 69 73 48 76 41 57 41 50 26 59 64 65 70 76 71 43 69 43 68 90 54 63 82 66 51 73 70 58 27 50 76 66 67 29 69 49 48 61 54 76 33 51 71 36 59 21 56 53 75 92 63 26 78 34 69 77 56 53 74 83 46 47 72 45 68 50 69 80 66 52 66 62 67 67 42 26 39 72 55 42 85 46 59 78 76 75 64 66 38 56 44 68 61 67 71 70 73 41 58 62 59 63 52 57 67 48 33 52 50 62 65 62 27 45 70 37 29 60 63 68 66 83 67 54 57 66 87 56 75 82 65 59 67 60 70 66 58 46 56 61 75 57 71 48 78 65 35 48 85 67 58 86 58 42 23 64 56 32 48 69 57 70 69 49 60 82 71 75 80 56 47 60 75 68 85 60 67 82 54 41 60 76 64 71 48 66 45 55 51 37 79 37 59 64 49 54 35 44 60 62 59 40 29 52 94 71 63 61 72 52 49 63 51 50 76 49 64 89 48 54 91 45 65 45 60 83 67 52 44 72 69 58 32 40 64 75 45 91 52 57 83 75 64 34 59 57 32 49 92 42 41 64 51 26 64 70 57 47 50 51 82 69 52 83 83 69 74 84 47 79 83 61 66 62 54 64 71 54 83 69 38 78 48 76 53 69 79 77 76 63 84 49 87 48 64 69 80 83 54 64 78 48 89 49 38 35 43 67 58 53 50 72 80 84 65 39 47 48 49 55
92 54 82 81 88 86 84 95 87 70 65 47 83 73 59 94 80 85 81 85 52 77 73 75 76 83 62 92 75 75 83 64 84 73 69 85 60 76 70 96 91 66 86 77 69 67 86 81 65 68 71 70 63 80 94 69 61 66 80 91 80 81 80 82 75 85 77 80 66 71 84 69 92 86 68 81 62 87 65 70 88 69 63 71 64 59 62 66 67 79 44 59 63 64 68 58 79 70 65 61 75 74 36 85 65 34 66 88 72 43 46 93 57 67 83 88 91 77 62 90 59 86 73 59 73 46 65 73 68 91 71 41 83 44 75 46 77 83 76 70 44 64 81 91 82 53 91 82 84 93 85 62 78 71 68 44 70 77 49 51 57 71 52 89 75 76 55 71 57 74 80 93 82 83 78 87 80 70 78 84 73 88 52 86 43 59 62 52 67 60 66 65 71 79 72 71 74 50 69 93 66 70 87 69 60 81 77 82 54 52 79 69 72 29 84 60 60 83 90 82 77 52 82 71 63 27 66 61 89 95 96 39 83 38 70 81 65 54 80 91 52 52 79 46 70 64 87 83 71 72 80 77 71 69 71 32 71 79 59 47 90 79 62 78 80 85 64 77 61 77 48 76 67 74 72 75 81 71 73 64 66 72 75 60 78 60 41 69 89 82 70 70 65 47 70 45 32 68 77 78 75 84 72 55 71 79 90 82 85 94 80 63 83 61 83 72 61 65 63 67 84 61 74 50 84 85 85 86 89 73 69 87 76 45 30 87 73 37 53 74 58 71 79 67 82 83 72 76 83 68 50 82 88 74 85 62 71 90 65 46 75 79 70 87 62 72 75 56 52 45 89 55 66 66 51 74 47 68 66 81 61 52 35 60 96 77 68 62 74 66 51 65 56 69 79 51 89 96 53 68 96 69 88 57 70 96 75 67 54 78 86 72 35 43 83 76 60 92 79 61 89 77 66 45 73 62 43 62 94 46 57 89 52 36 81 75 74 68 51 76 84 78 70 84 85 71 75 87 52 86 91 67 86 75 81 64 76 73 84 78 41 82 63 84 72 80 82 83 77 91 90 49 89 53 69 81 81 90 67 73 90 54 91 50 73 78 59 78 64 68 80 77 84 90 79 48 75 49 66 55
94 62 95 84 89 94 89 97 93 73 77 54 98 75 82 97 91 89 95 85 53 80 93 94 76 93 66 96 88 88 90 70 93 75 72 85 72 82 79 96 94 73 92 96 90 71 92 89 74 68 80 88 75 95 96 78 73 72 85 98 84 83 81 88 79 86 93 89 76 92 86 73 95 94 84 86 66 87 74 74 90 71 84 87 79 69 73 66 75 87 66 79 73 94 75 62 89 75 86 68 94 80 80 89 70 58 74 93 79 46 57 93 87 94 87 95 95 87 70 95 69 91 85 71 95 68 88 93 76 91 91 56 93 64 89 75 89 83 86 91 72 66 95 92 100 54 92 90 100 96 87 69 85 93 85 47 74 85 84 70 83 73 61 97 81 89 73 84 84 80 80 94 91 87 94 94 85 70 80 84 77 96 77 90 89 62 81 81 77 72 94 76 74 84 77 81 74 53 69 94 74 79 94 91 63 94 79 85 59 85 92 77 75 43 89 65 76 90 91 83 93 77 94 86 67 55 69 62 90 98 100 55 90 52 82 88 66 90 86 91 77 63 87 75 80 85 93 83 85 75 85 83 83 82 84 82 79 85 83 52 94 81 86 81 83 98 72 87 85 85 92 83 76 78 74 75 89 72 75 68 80 78 94 74 79 68 77 70 92 84 78 75 70 69 77 73 46 80 80 82 88 94 72 63 74 81 92 83 86 95 94 73 86 64 88 82 67 70 74 82 84 86 76 55 87 92 87 87 90 78 74 90 77 53 31 88 94 53 62 77 59 74 84 68 89 88 83 97 83 71 56 82 91 85 91 84 73 96 71 68 85 84 91 97 63 96 75 91 56 87 91 57 84 76 57 76 66 90 71 86 66 56 60 94 96 91 93 83 78 71 55 92 58 74 87 68 90 96 65 72 100 70 94 80 88 97 97 78 77 83 88 81 36 71 85 92 72 93 98 71 95 91 79 62 76 68 47 71 96 54 85 93 58 65 84 77 96 86 70 90 88 78 86 92 89 87 84 88 74 97 93 86 87 77 97 73 83 85 86 93 54 83 65 89 75 85 87 97 78 95 90 76 97 63 80 93 86 90 71 86 92 86 92 65 76 91 73 78 81 82 92 81 89 95 81 59 88 53 71 62
99 90 100 95 95 100 91 100 98 95 99 74 99 95 92 100 96 96 98 100 63 85 97 98 92 94 100 98 93 99 92 100 99 77 77 88 99 87 100 98 99 79 97 100 90 78 100 98 95 84 90 94 83 99 100 80 84 93 90 100 88 85 95 92 79 99 94 100 96 98 86 91 97 100 93 96 77 88 80 97 96 96 90 88 80 90 84 82 100 89 71 91 82 99 89 78 91 76 94 76 95 89 86 94 79 68 99 94 89 49 83 98 94 97 99 99 98 89 100 100 71 94 89 99 99 77 94 94 84 95 96 57 100 82 92 86 99 92 88 96 89 89 100 96 100 61 98 96 100 97 95 89 86 94 96 50 93 86 97 81 86 97 84 97 90 99 87 96 88 99 89 98 98 90 100 95 95 87 95 98 89 100 90 98 96 94 91 89 100 85 100 92 94 92 99 98 82 98 79 96 75 95 95 92 87 97 82 89 94 93 97 99 78 86 93 65 94 98 96 90 100 85 96 89 95 63 98 87 92 100 100 78 96 81 92 89 80 96 98 98 79 87 100 90 100 93 97 97 97 96 96 100 89 99 100 85 91 94 97 97 98 92 86 81 89 99 88 95 86 95 96 85 100 90 94 95 93 95 75 100 99 92 97 96 85 98 97 79 93 97 97 77 88 91 85 74 80 89 99 94 92 97 81 87 75 94 100 90 96 99 100 94 97 89 95 95 94 73 96 88 85 94 77 60 97 100 100 99 92 82 96 91 93 71 37 98 100 98 87 79 60 80 93 77 95 93 89 98 92 84 74 95 97 98 94 96 95 97 83 75 100 99 95 99 96 96 76 97 87 90 100 58 98 76 91 94 78 90 86 90 80 70 79 97 98 95 98 95 91 73 68 95 72 79 91 86 95 98 72 81 100 90 96 91 93 98 97 86 82 94 98 99 46 81 94 95 80 99 99 78 97 96 85 92 81 94 50 73 98 83 92 93 64 74 89 98 98 97 76 95 92 84 98 100 99 97 89 99 96 98 97 98 89 80 97 87 89 89 96 99 100 90 78 96 90 88 95 100 99 98 92 99 100 100 100 94 93 94 86 87 93 93 93 83 79 97 74 82 88 82 95 83 91 100 99 84 99 69 88 87

6 14 3 63 2 21 49 66 91 34 27 18 10 28 29 79 64 51 38 12 13 7 13 76 13 29 41 51 9 8 40 43 1 2 45 54 39 27 75 53 43 66 54 67 74 8 2 28 6 33 43 43 29 58 21 40 1 23 11 25 14 30 38 92 67 44 29 60 46 75 48 8 91 51 40 34 19 2 13 49 10 49 90 45 55 12 9 7 20 59 16 19 38 22 24 73 42 60 17 21 8 28 43 63 1 7 23 47 38 41 27 20 10 19 25 68 46 40 29 12 59 43 38 73 44 7 39 35 15 49 1 5 7 16 22 19 14 8 50 41 57 39 20 55 25 35 62 10 60 28 7 69 36 25 50 28 51 20 93 47 3 6 8 62 13 24 65 72 53 38 11 17 48 23 84 11 29 6 24 49 41 40 39 5 75 18 3 30 59 43 24 8 56 53 37 63 28 5 19 6 7 43 66 29 34 38 17 53 31 84 76 21 52 69 72 72 1 62 45 5 8 23 39 4 52 54 52 93 13 38 19 40 35 55 22 23 4 74 58 8 24 8 16 52 46 76 44 39 57 47 57 22 8 11 14 34 57 57 71 12 26 1 41 16 78 10 68 62 19 66 8 56 48 8 14 82 7 93 33 35 26 12 37 24 16 26 35 16 7 45 20 38 46 22 39 1 5 1 26 63 6 19 35 72 9 6 22 10 65 16 53 24 47 20 91 19 23 56 67 18 12 10 7 63 41 15 21 5 12 80 38 51 6 60 19 34 76 5 10 75 65 3 92 51 46 58 8 28 3 1 62 2 16 39 58 11 58 64 32 41 20 14 20 78 4 4 71 26 22 24 22 41 62 93 27 74 27 11 40 65 22 45 9 33 56 87 33 64 23 78 90 100 37 21 38 4 51 47 32 23 46 4 91 32 12 6 15 29 82 75 25 30 10 46 40 23 6 22 39 47 5 1 47 72 39 8 38 56 2 28 84 1 45 17 98 77 10 14 63 43 29 42 6 36 63 34 16 46 21 2 42 31 5 22 85 4 49 47 37 49 39 50 68 11 16 51 38 10 8 3 42 59 74 6 45 45 19 1 58 40 8 58 2 68 32 55 32 13 50 2 72 33 52 4 49 83 20 39 11 38
91 86 53 69 65 26 82 95 97 36 55 26 26 49 49 92 74 58 69 67 45 21 28 98 82 89 46 55 39 58 40 55 51 94 49 96 48 53 80 65 52 67 63 83 88 100 24 61 76 69 67 84 37 88 76 46 58 68 31 52 73 34 90 99 90 98 38 77 94 98 97 71 98 60 87 41 74 96 84 51 95 80 96 68 62 86 97 60 31 72 42 61 46 52 47 80 43 77 56 28 92 73 62 91 70 8 28 61 70 87 76 25 90 81 73 74 58 99 40 60 81 71 90 81 57 7 51 36 32 98 75 40 50 41 25 96 40 75 67 50 84 49 87 84 69 67 85 29 98 50 86 99 70 45 65 57 72 63 93 63 9 80 45 63 78 85 75 99 86 82 85 32 91 86 88 74 80 33 53 86 97 59 51 98 92 77 79 87 84 88 70 25 63 61 46 91 38 58 58 10 67 55 88 60 49 69 85 90 70 88 88 73 54 85 87 96 98 78 56 35 46 72 75 12 77 92 98 96 52 49 75 41 51 99 23 87 68 97 62 13 83 100 17 55 73 95 57 80 65 67 67 71 84 92 44 87 94 90 93 82 83 76 74 27 83 72 93 64 58 99 60 63 82 88 30 90 45 97 75 93 60 32 83 25 45 32 40 55 24 96 59 79 74 97 47 33 95 9 98 84 55 78 65 82 61 93 65 52 74 78 89 53 88 20 93 83 46 98 69 20 71 42 26 85 70 66 73 55 86 87 93 51 11 77 24 56 89 75 53 84 72 84 94 90 51 96 27 57 5 24 76 76 37 63 96 64 71 76 71 63 69 67 84 99 10 43 88 31 88 29 27 50 74 96 51 99 38 55 69 100 49 79 12 86 82 98 62 98 58 91 92 100 52 53 82 71 68 98 81 38 90 6 92 75 36 24 26 81 88 98 78 32 64 58 83 66 94 47 58 81 21 46 71 93 91 12 94 77 49 57 88 46 45 89 100 79 79 64 99 84 46 90 79 67 70 85 68 82 88 91 86 56 79 53 95 19 80 78 87 88 57 93 91 66 47 62 62 61 93 54 79 91 89 15 100 63 60 88 79 67 86 77 46 80 52 56 74 68 62 25 87 63 91 4 69 95 75 82 14 51

246 210 226 794 666 369 426 248 339 628 434 280 709 237 258 1293 1074 1674 663 230 542 147 1281 448 398 1039 4220 230 304 2532 285 575 1139 388 2951 1044 209 878 145 212 818 601 125 265 111 1670 288 118 378 1770 1498 1009 276 622 685 230 1648 331 73 78 199 567 144 317 414 370 687 27 534 1936 874 104 550 70 80 207 322 139 478 275 3227 1104 1383 215 982 315 141 25 1669 1001 224 379 57 711 1217 1023 198 297 1677 533 76 822 440 494 202 840 113 1370 48 170 571 1327 104 98 258 1211 304 127 548 32 99 116 540 783 79 56 212 1053 75 24 527 267 163 782 2556 65 401 898 119 738 166 513 1372 1397 204 148 1480 189 796 1531 14 253 293 2344 241 294 251 60 578 593 1109 490 47 344 361 184 217 229 343 589 145 551 311 2029 557 115 337 179 835 141 541 234 771 678 2365 193 427 995 422 537 273 80 253 430 639 2409 507 2057 825 679 755 265 813 431 434 418 121 1004 313 297 387 936 170 225 336 145 255 172 594 372 73 191 541 287 491 2256 148 3130 712 444 334 899 406 193 1240 258 212 1023 360 102 69 668 180 194 1067 499 1382 776 542 1367 4152 375 1044 280 316 195 317 735 310 389 925 499 166 297 148 96 296 224 166 672 418 550 1851 407 91 620 475 2122 57 974 327 209 119 712 667 652 402 901 120 367 270 1003 786 663 393 664 28 272 245 359 163 597 748 315 1958 120 286 57 663 4249 630 896 1379 181 519 1248 164 712 1836 731 198 852 261 219 125 106 932 286 1023 952 823 194 788 1231 739 108 3401 608 901 61 1233 272 890 1027 1411 4035 495 1137 539 2071 393 3290 103 1098 48 1288 745 209 351 302 548 1082 926 31 1067 893 406 632 151 699 2600 163 489 935 3846 4102 264 508 2166 1319 828 175 2401 265 727 76 667 204 164 632 80 466 384 176 92 281 1700 904 58 336 1202 271 71 179 686 1431 448 569 767 235 512 769 37 1184 111 264 211 123 83 123 639 676 243 2105 820 295 298 64 349 1459 256 274 157 2333 184 140 61 26 1104 844 297 95 682 504 131 84 1043 1234 418 420 65 725 611 556 155 279 485 728 2118 586 992 716 2112 514 502 121 134 2254 409 99 67 150 232 172 499 484 508 206 181 238 291 88 433 104 222 857 620 529 227 84 304 533 298 392 65 71 131 93 265 306
1057 1135 3855 954 2323 416 564 305 1002 1932 873 353 863 391 1444 4210 1576 2635 870 265 1121 289 1342 481 1156 1555 4311 1746 849 2732 1269 1009 2551 600 6205 1102 1600 893 771 3848 1790 2428 132 626 177 2245 489 201 502 2011 2068 1271 632 1384 1212 624 1975 1084 391 495 528 588 336 338 1258 1495 823 136 2168 3268 3932 342 940 178 1396 307 2592 207 3249 927 3674 1338 2011 299 1142 1409 465 552 2643 4297 836 1422 220 1139 1494 2032 267 517 1710 926 980 1771 2509 913 3161 863 1077 2588 811 312 621 1551 355 147 751 1579 833 333 1073 772 388 1239 1121 797 145 1227 254 1124 419 99 1105 1077 299 1327 4426 225 464 1717 284 812 260 621 1442 1899 945 325 1635 677 1052 1712 207 737 343 4568 617 1581 594 340 1192 798 2704 837 699 536 662 465 680 410 1023 762 641 3251 840 2136 696 748 449 388 4717 235 899 691 1659 951 2399 639 468 1047 1041 2716 1773 166 945 1291 1536 2545 650 2848 1272 906 1141 577 826 1737 598 1684 151 1249 497 914 730 1796 1013 372 392 224 1867 993 822 617 833 402 600 292 3239 3530 537 3254 1467 1671 422 1396 526 326 1417 572 839 2221 1055 264 1926 1062 998 272 1479 1060 2090 878 638 1422 6579 468 2485 708 822 227 732 2972 949 397 1832 865 590 806 274 4691 1030 1786 937 857 853 606 2022 656 355 871 713 4527 115 1033 921 642 154 1446 1125 705 770 1233 170 1548 295 1354 1424 1129 486 1620 73 585 283 631 275 779 1107 398 2928 360 816 323 1980 4340 912 932 2379 437 784 1297 285 1022 2666 2243 1002 1718 1387 1129 534 301 1507 1865 5363 1993 1523 375 2448 1370 1390 2969 4032 1397 1300 1030 2130 984 1139 1545 1662 4617 1315 2151 708 2598 549 4099 1954 1234 599 1329 1556 259 442 1646 1366 1853 3001 403 3386 1567 621 922 893 782 3747 232 679 1398 4709 5023 290 509 3929 1435 1237 654 2634 748 1227 208 1262 616 1960 779 180 547 1031 397 323 542 1974 1806 702 372 2665 289 1060 483 2001 1811 1030 1426 1744 282 1428 1111 245 2224 254 1915 1973 389 348 163 1940 953 891 2874 1067 2570 873 542 807 1554 258 1121 212 5685 327 766 519 73 2210 1249 368 499 1842 2058 197 93 1351 2862 1230 484 1065 766 1399 1523 1160 388 886 5899 5315 1135 996 1228 3111 1015 620 127 137 3396 2042 170 1271 438 1541 713 878 550 1782 1355 1008 428 2450 105 688 530 878 1237 636 2272 696 120 939 866 656 790 147 83 1846 262 286 674
1115 1442 3923 3261 3965 496 850 601 1856 3403 1509 373 926 522 1615 5249 2866 2954 1250 1357 1446 378 1892 962 1436 2235 4413 1784 980 3137 1294 1202 2563 1727 6790 1339 1735 994 844 4758 3182 3444 887 832 349 2867 1511 204 1378 2757 4062 1491 692 2214 1827 2684 3187 1657 892 543 596 678 933 909 1358 3797 3857 364 2894 3609 4051 630 988 254 1883 2046 2736 651 3612 1121 4094 1628 2504 588 1169 1829 1491 626 2838 4667 1338 1605 430 1273 2052 2303 639 587 2525 2301 1635 2076 2555 3243 3480 1106 1143 5632 1992 452 689 2053 358 1076 1196 2132 1081 451 1200 2172 1328 1525 1563 901 637 1894 933 2054 1249 536 1130 1354 455 1940 4500 344 2007 2118 902 1774 449 3428 1692 2202 1856 872 2283 1479 1434 2212 363 800 1248 5025 1388 1851 1222 739 1542 1093 4191 864 2368 786 917 480 1007 475 1656 859 1923 3394 1048 3768 1861 1595 1467 455 5932 721 1006 1195 1876 1350 2735 964 1234 1300 2569 5421 2430 254 1177 1392 1550 2841 678 3419 1357 2063 1534 652 1321 3324 863 1762 210 5295 558 1220 1108 2375 1064 415 796 322 2793 1216 3584 810 1238 724 654 719 5162 4787 756 3827 2062 1749 607 2288 836 573 1421 907 3350 4150 1189 369 2157 1150 1561 299 1980 1300 2534 1164 873 1636 7175 564 2856 1885 3451 1440 945 5886 1038 555 4067 1493 1387 2125 1343 5130 2880 2458 2110 908 885 1111 2652 1592 562 947 729 4529 917 1141 1477 694 179 2274 3620 1386 1192 1336 188 1652 336 1754 3660 1937 935 1898 925 661 623 683 510 1764 2026 485 4445 521 862 1130 3342 4418 1973 1216 2841 1059 831 1650 358 1393 3817 2467 1982 2289 1487 4568 658 350 1679 5178 7469 2203 2794 570 2918 2087 1398 3617 4551 1450 2064 1531 2258 1185 1220 1924 3049 5651 1527 2457 935 2646 1086 4643 2475 1873 906 2343 1738 291 821 1776 1578 2184 3709 758 3890 1868 1006 1416 2499 2434 3877 566 1243 1813 5272 7416 310 1024 4437 2429 1377 962 3403 1718 2318 982 2127 1063 2142 829 293 983 1502 488 355 2926 2568 5829 1689 400 2845 1259 2024 679 2889 1914 1437 3156 2923 455 1901 1352 457 2620 755 4616 2065 2837 542 818 2151 995 1285 2933 1669 3434 1532 654 1388 1889 682 1235 314 5807 1373 1242 1417 284 4275 1882 443 1191 2516 2505 568 273 2001 3120 1384 852 1643 1173 1465 1967 1208 468 1761 6071 5444 1398 1433 4889 6800 1098 632 336 896 4063 2228 510 2941 565 1931 949 1202 711 2458 4953 1744 823 3602 1853 1180 661 1288 2510 803 2424 881 277 1516 1402 694 1072 1686 282 2308 1107 978 952
2070 2437 4004 4762 4572 796 964 954 2151 4368 1592 629 1360 1279 1808 7138 3527 3116 1259 1662 1737 529 2019 1458 1732 2849 5409 2297 1256 3587 2934 2166 2716 2803 7139 1644 1823 1403 2825 5780 4452 4156 4270 1034 1147 2991 3333 1589 1640 3131 4985 1753 1278 2287 2085 4110 6010 1902 989 921 771 887 985 1472 1504 4962 3960 456 3414 5549 4188 831 1395 711 3677 2523 5200 1655 3797 1303 4307 2903 4284 668 1619 1853 1622 787 3435 5358 1464 1757 474 1400 3870 2345 921 780 3906 2326 1648 4672 2622 4817 7250 1355 1163 6494 3790 1423 806 3103 541 2198 1227 2463 3091 554 2586 2468 2035 1846 1918 1781 902 1916 933 2238 1335 1035 1155 4894 1829 2840 7926 540 2073 3561 965 2217 820 5882 1748 3376 1913 1257 3995 2319 5764 2641 554 821 1972 5231 2034 2141 1798 2476 2529 1134 4474 927 3093 1260 1041 774 1295 1049 2488 925 3626 5110 1265 4283 1889 1632 2495 658 6414 828 1149 2942 2207 1424 2783 980 1753 1543 2788 7552 2633 441 1318 1547 5375 6387 820 3859 1443 2216 1583 1459 1447 4408 997 1768 756 7632 1075 2530 1349 4055 2507 793 1443 1376 2872 1347 7280 1097 1269 805 737 745 5695 4892 1110 4488 2376 1941 651 2403 840 640 1639 987 3774 4961 1319 388 2304 1257 1713 608 2849 1508 2562 2584 1017 1939 7735 713 6422 2148 6093 2675 1467 6593 1098 974 4133 1653 2250 2403 1973 6856 2883 2573 3114 964 1249 1245 3014 1706 743 975 3286 4591 1757 1270 2056 1051 502 3012 4676 1581 1342 1428 293 2424 982 3965 4088 6361 2166 3175 1431 1144 963 1192 709 1805 3591 632 4821 1342 997 2146 4671 4641 2929 1277 3084 1171 847 2337 428 1602 4926 2628 2114 2357 1853 5211 994 702 2253 5393 8704 2914 3183 627 3111 2645 1725 4989 4693 2777 2234 2060 2539 1533 1838 2371 3320 6116 2836 4004 2344 3257 1209 7731 3003 2273 946 2783 1939 423 1087 2120 2293 2353 4131 835 6689 2588 1021 1536 2788 2516 5708 585 2256 2036 5541 7606 825 1108 5181 4763 2364 1467 4350 1851 2493 1750 2927 4298 2565 1054 415 1409 1715 783 766 3427 4093 6153 2030 453 3611 1391 2134 753 3017 1926 2231 3500 2952 572 2021 1458 473 2813 954 4786 3860 3171 948 819 2591 1316 1655 3770 2012 3457 2072 1053 1666 1934 1152 1393 437 6129 1434 1441 1565 608 6063 2462 766 3520 2798 3081 925 467 2127 3806 1408 1034 2413 1857 2828 2100 1547 551 2852 8280 6539 1760 1685 5884 7142 1714 1269 554 1092 4198 4753 1361 4293 693 3760 1658 1483 1550 2664 5182 1882 886 6225 2668 1768 733 3232 3214 947 2664 886 340 3014 3126 1061 1082 1756 690 2710 1382 1438 4005
4702 2630 7959 5028 5457 1004 1233 1102 3738 5812 2332 1249 1576 2095 1983 7186 3944 4745 1463 1999 1934 699 2680 1529 1747 4557 6643 3766 1857 4446 3404 3247 3644 3710 7222 2231 3758 1413 3383 6617 6699 4721 4684 1064 1152 3601 4930 2226 1742 3845 5952 3174 1384 2543 2970 4591 6755 2162 3118 1815 946 1132 1680 1593 1512 5052 4526 725 3474 6299 4582 1359 1544 1246 3705 3322 5563 2715 4051 1326 6377 3516 4836 1264 1783 2177 3194 1920 3653 5409 1487 2068 760 1554 4124 2410 941 1416 4264 3503 1693 5603 2708 5363 7410 1358 1780 8081 4783 2196 864 3200 937 2518 2185 2699 3107 784 2691 4160 5658 2840 3361 3424 990 2699 1257 2722 1460 1401 1175 5805 1968 2873 7996 2133 2091 6826 1446 2277 1923 6681 1807 3698 2723 1631 4090 4370 7527 2922 581 821 5775 5925 2599 3067 2423 2556 2713 1259 4973 997 6810 2481 4292 3263 1303 1083 4271 1088 4056 5166 1288 5840 1917 1875 2547 1109 6739 1307 1367 4493 2320 1443 2855 1277 1772 1849 3841 7655 4157 549 1744 1670 5486 6611 1946 7337 1596 2588 3235 1571 1501 5326 1170 1953 1036 7825 1079 3272 1518 4791 5264 1018 1522 1723 3577 1427 7573 1539 1528 1142 787 935 5771 5691 1457 6495 3986 2978 885 3261 918 861 2838 1058 7051 6115 1813 427 2650 1506 2021 743 2988 2326 2706 3076 1346 2192 7958 1175 6990 2706 6704 3070 1587 7029 1301 1284 4443 2085 2385 3406 2536 8765 4899 2773 4560 2309 1592 1327 5138 2041 793 1658 6869 4894 1882 2029 3239 1164 634 3178 4729 1621 1588 2262 352 3257 1186 5438 4929 6811 2981 4072 1730 1407 1095 1198 1292 3877 4881 741 4994 1596 1701 3073 5391 4745 2993 2100 3667 2177 1317 3739 567 1772 6557 2640 2346 2444 2226 7239 1408 2311 3437 5721 8706 3072 3778 1096 3508 3085 2610 5587 4713 3875 2494 4036 4019 1692 3178 2754 4101 6186 3953 5401 2815 3433 2021 8189 3186 2610 1065 3289 1957 1686 1819 2147 3004 2659 4184 2416 8492 3033 1058 1675 4879 3851 5792 1624 2334 2780 6061 7759 1383 1496 5313 5580 3005 2330 4631 1939 2709 3149 4330 5349 2680 1307 749 1424 2249 1068 974 3674 4651 6891 3484 1051 4250 1984 2292 989 3450 2234 6207 5626 3089 692 2719 3631 1181 2946 1528 5266 4361 3315 1060 1086 6596 1588 2081 4452 2224 3461 3561 1375 1701 3070 1678 1788 999 6368 2641 1478 1784 1066 6742 2969 1488 3903 4795 3815 1305 804 2638 4309 1811 2774 2964 2255 5766 2390 1679 586 2858 8827 7796 1777 2376 6168 7848 2109 1947 844 1159 4475 8124 2260 4559 733 4093 1771 1698 1681 3675 5320 2276 1231 6946 3188 3086 1281 6109 3349 1444 2763 1029 1150 3128 5106 1188 2008 1994 1340 3372 1603 2912 4992
5580 3649 8388 5168 5512 1329 1379 1754 7508 7977 3312 1355 1995 3132 2112 7381 5561 4847 1549 2439 2003 888 3185 1608 2455 4755 6979 5594 1953 4604 3950 3897 3694 4464 7275 2580 5066 1593 5084 7455 6789 6837 5874 1598 1353 4577 6606 3334 1795 6037 7197 3924 1405 2684 3339 6388 7377 2609 3755 3021 1088 1202 1686 1628 1556 5794 4550 817 3678 8828 8075 1524 2711 1812 4145 3492 6424 3348 4120 1589 6410 4583 5477 1333 2016 3106 3908 2108 3694 5449 1570 2762 1022 1872 6361 3228 1788 1908 4450 3508 2039 7246 2891 5489 7737 1466 2043 9383 6015 2366 1925 3709 1505 2658 2452 3164 3785 1343 3563 4456 5863 3597 3391 3667 1024 3303 1272 2892 1559 1509 1267 7041 2157 4199 8247 2403 3148 7364 2471 2656 2268 7025 1995 4107 2770 1668 4258 5506 7578 3243 923 1105 5978 7646 2655 3350 2458 3352 3692 1311 5029 1030 7087 3005 4406 3904 1365 1110 5663 1668 4273 6081 1879 6316 2172 1931 2624 1295 7097 1491 1657 4988 3039 1725 3889 1615 1856 1952 5386 8075 4429 843 1812 1692 5743 7274 3600 7831 1722 3401 3763 1683 1834 5678 1285 2445 1173 8469 3691 4319 2528 6239 6994 1109 2233 2076 3670 1646 8131 1651 2137 1876 960 1310 6014 6165 1817 7039 4454 3229 1426 3940 953 1309 3836 1651 8264 6811 1947 714 3038 1534 2881 1444 5104 2534 3726 3214 1372 2857 8179 1597 7167 2773 7752 3230 2100 7171 1399 1302 4548 2169 2950 3511 3493 8800 5306 3451 6125 3149 2057 1475 5438 3024 1239 2043 7880 5517 2193 2574 4700 1690 660 3375 5825 1782 1729 3025 422 3942 1197 6398 5147 6905 3980 5204 1751 1430 1112 1723 1403 4306 7699 1368 7498 1639 1850 3609 5819 4767 4251 2135 3698 4481 2118 4790 751 2253 6744 2998 2359 2542 2832 7868 1521 2821 3516 6722 8962 3604 8434 1188 3652 3305 3185 7282 6432 5925 3105 4178 4057 1915 3233 3090 5018 6838 4555 5548 2852 4519 2371 8211 3250 2804 1749 3756 2219 1838 1873 2296 3335 3119 4301 2503 8890 3304 1262 3021 5193 3922 6508 2085 2888 3002 7098 8421 1475 1836 5650 6369 3454 2359 5536 2565 3799 3555 4430 6165 3581 1493 788 1521 3381 1598 1050 4996 6290 8273 4470 1355 5624 2531 2385 1750 3473 3054 6538 6223 3273 1232 3453 4791 1267 3179 1535 6118 4726 3539 1164 1600 6770 3411 2132 4936 3525 3966 4295 1857 1765 3195 1813 2127 3734 7333 3195 1957 1819 1495 6767 3619 1578 4195 6405 6070 2031 1054 3285 4675 1905 3374 3210 4062 7807 4591 1689 1721 3168 8921 8121 1911 5320 6690 7944 2748 2105 1000 1162 6215 8269 2722 4771 748 4180 1872 1743 2219 3897 8538 2990 1466 7037 3719 3244 1323 8019 3564 2218 2920 1354 1698 3334 5321 1436 2028 2500 1948 4020 1685 3547 5011
8420 4300 8566 7500 6997 1717 1400 1786 8539 9245 3885 1595 2035 4701 2318 8663 8537 6563 1776 2455 2058 2122 3624 2093 2599 7693 7555 5915 2396 5543 4023 3947 3790 7243 7553 3015 5337 1913 7281 8944 7520 9270 6136 1849 1451 5137 6607 3755 3420 6834 7241 3956 1750 4633 4709 7000 7498 3310 3939 4119 1316 1989 1766 1888 1570 6856 5221 1847 3698 9025 8284 1730 3063 1863 4242 3637 7255 3405 4334 2040 7140 5188 5687 1374 2151 3564 4287 3328 4366 5508 1581 2816 1896 1918 7139 3472 2578 2338 4638 3965 2952 7739 3395 5659 7824 1523 2287 9501 7690 2386 1986 4296 2008 3451 3829 3460 4384 1552 3584 5934 5932 4990 3493 3842 1188 3445 1425 3315 1599 1618 2241 7101 2177 4778 8629 2605 3170 7544 3604 3171 2317 8434 2012 4241 3447 1671 4280 5887 8568 3453 1164 1816 6896 7851 2705 4158 3196 3458 4191 1481 7553 1183 7890 3371 4565 3957 1506 1472 8040 1719 5607 6765 1903 7603 2762 2096 3604 2242 8256 1500 1752 6277 3454 1908 4469 1710 2718 1982 6180 8401 5618 1112 2348 1935 7967 8475 3845 8344 2074 3643 4240 1928 1958 5700 1500 2866 1921 9254 4114 4499 3718 6760 8043 3587 2268 2157 4097 3200 8330 2118 2362 3018 1488 1406 6347 6284 1867 7972 5439 4065 1517 4151 1083 1649 4389 1717 8831 6944 2224 879 4089 1859 2894 1857 6880 2646 4184 3303 2162 4104 8237 1720 7436 3924 7925 3733 3228 7233 1634 1335 4859 2206 3742 3829 4043 9470 6043 3952 6459 3482 2383 1901 6255 3508 4277 2076 8719 6357 2198 2864 6030 1769 1411 3538 7865 1853 2217 4280 554 7334 1692 7011 7029 7491 4316 6553 1805 1489 1219 1757 1781 4399 8825 2022 8115 1960 1957 3920 6142 6245 4289 2174 3920 5189 3088 4870 933 3267 8046 3759 2695 2933 3493 8162 1540 2973 3881 7027 9430 3935 8874 1446 3722 3709 3707 8770 6458 7128 4124 4251 4175 1989 3361 3556 6566 9156 6232 5763 3057 4767 2840 8604 3563 3011 1800 4677 3700 1901 2005 2346 3540 4548 4414 2625 9671 3807 1263 3344 6203 3953 7411 2564 2920 3177 7610 8928 1676 1897 6244 8427 5259 2501 5696 2865 4516 3763 8198 6790 4252 1513 2116 1652 4297 1736 1875 6739 7682 9326 6136 1567 6498 2968 2912 1802 4675 3207 7717 7007 3560 1640 3506 7979 1994 4199 1923 7793 5733 3595 1712 1800 6786 3799 2323 7988 3735 4763 8411 1911 1979 3752 1892 2194 3877 7751 3882 2080 1847 1628 7320 4206 2130 4216 8397 8067 3903 1880 3642 4708 2256 3501 3584 4924 7818 6424 1763 2353 3336 9592 8312 2160 7017 7185 8330 3540 2205 1196 1889 6435 8668 3150 5431 1888 4271 2072 1808 2280 4036 9212 3327 2170 7521 4377 3623 2091 8082 3907 2281 3324 1576 2191 4211 6364 1606 2061 3279 2011 4023 1711 3650 6867
9527 7513 8679 7613 8757 2239 2013 2128 8553 9371 4849 2392 2510 4849 2481 8877 9299 7658 1984 3172 2388 2160 4168 2471 3793 7980 9581 6452 2684 5584 4188 3951 4006 8328 8301 3019 7747 2364 7750 9318 9453 9599 6836 1947 1465 5328 8532 4789 4328 9017 7730 4577 1980 6330 4855 8850 9498 3622 4004 4273 1940 2224 2047 1949 1735 7208 7277 2288 4223 9058 9195 2003 3788 1954 4532 4166 9254 3716 4648 2173 7376 7078 6742 1962 4795 4590 6823 3700 4431 8054 1819 2875 2239 2021 7809 3877 4159 2438 5443 4230 3092 7776 4001 5992 7855 1700 2503 9517 8875 2407 2016 4392 2030 4040 4005 3921 4388 1644 3899 8003 6039 5893 4176 4452 1285 3604 1652 3631 1734 2297 2254 7293 2306 5018 9372 2992 3211 9231 3680 3187 2390 9258 2271 4592 3489 1897 8684 8795 9097 4593 1330 2426 7419 8283 3129 4314 4159 3985 4668 1530 7795 1572 8276 4146 4939 4694 1678 1505 8985 2200 8330 8697 2171 8909 3154 2381 3769 3843 8272 1682 1792 7168 4677 2253 4548 1870 3305 2117 7685 9937 6208 1982 4556 2206 8155 8554 4100 9063 3570 4566 4296 2482 2012 9045 1729 4035 2035 9355 4173 4916 3837 8714 9387 3912 2387 2316 4258 4216 8412 2169 2399 4219 1614 1451 6789 7345 2096 9800 6750 4724 1608 4243 1142 1695 4546 2306 9183 8692 2325 1765 4243 1906 3788 1993 9643 3451 4841 4259 2203 4569 8544 2003 8458 4522 8864 4094 3598 8116 1701 1468 5703 2302 4512 4248 4135 9815 8979 4084 9515 3625 2408 1935 7404 4517 4460 2101 9060 7223 2265 4404 6405 1896 2091 4136 8585 2049 2406 4365 977 7399 2281 8217 9265 9507 4418 8562 2196 2551 1388 2152 1908 4412 8883 2797 9584 2022 2317 4586 6172 7014 4688 2177 3921 5873 4324 4917 1535 4231 8381 4201 2912 3613 3712 8947 1899 4348 4682 8043 9466 3986 8935 1705 4659 3916 3985 9414 6981 9144 4425 4413 4177 2135 4768 4040 7306 9300 8143 7739 3743 7571 3932 9272 3958 3414 1859 4943 4101 2155 2046 2432 3914 4725 4628 3027 9708 4518 1291 3601 7185 4275 7538 3874 3550 3274 9745 9275 2137 1974 6714 9159 8871 4364 5856 3954 4537 4255 8801 7497 4260 1635 2349 1803 4548 2202 1978 6866 8143 9384 6987 2245 7362 4272 3213 2359 4743 4469 8113 7589 4456 1648 3714 9096 2117 7399 2748 8448 5999 3636 2294 1990 6820 3990 3883 8345 6921 4963 8822 1980 2304 3875 2439 2233 7959 8055 4219 2326 1976 1713 8328 4901 2171 4357 9056 9227 4105 1922 3901 4897 2340 3823 4106 5152 9003 7739 1972 2767 4059 9597 9311 2399 8244 7562 8422 3684 3147 1447 2079 6906 9334 3188 7983 1987 4437 2370 2523 2378 4346 9427 4430 2197 8204 4656 4382 2191 8648 4932 2496 3500 2021 3975 4507 6406 1876 2098 3921 2059 4924 1971 3678 7055
9976 9330 9745 7872 9961 2266 2492 2431 9645 9595 4879 2403 2592 4906 2570 8895 9562 9166 2410 3770 2453 2183 4798 3997 3971 8234 9622 8494 3232 7313 4656 4744 4412 8706 9630 4492 7765 2498 9197 9762 9958 9825 9560 2273 2105 9893 9942 4971 4330 9473 8562 4662 2355 7022 4988 9031 9819 4774 4223 4339 1960 2494 2248 2429 1958 9667 8787 2330 4969 9423 9809 2205 4533 2411 4863 5023 9470 3789 5062 2350 9782 10059 7429 2346 4873 4976 7614 3808 4918 8247 2030 5059 2309 2399 9970 4408 4524 2524 6372 4560 4713 9297 4786 7844 9330 1826 2521 9673 9733 2516 2283 4615 2369 4288 4348 4057 4785 1731 4090 9376 8625 8368 4601 4508 1460 4137 2258 3747 2374 2418 2294 8308 2412 5058 9697 4745 3937 9625 4373 3893 2541 9423 2295 4939 4158 2011 9908 9849 9705 4941 1805 2535 8667 8702 3890 4599 4419 4700 5009 1931 9358 1856 8353 4766 5010 4830 2158 1824 9783 2571 9800 8908 2448 9944 4168 2425 4250 3885 8952 2405 1945 7960 4705 2255 4961 2421 5062 2208 7867 9967 6914 2284 4940 2375 9734 8577 5025 9157 4906 4699 4989 2563 2175 9547 1822 4316 2116 9355 4845 5008 4594 8835 9614 4860 2475 2449 4453 4639 8901 2454 2424 4658 2467 1632 9128 8770 2503 9980 6799 5003 2485 4314 2218 1865 4850 2456 9438 9820 2418 2415 4726 3211 3983 2039 9975 3752 4913 4591 2265 4886 9066 2244 9957 5009 9145 4149 4321 9571 1978 1692 8126 2684 4701 4825 4632 10022 10080 4142 9867 5003 2535 2287 9242 4595 5011 2319 9536 8258 2274 4973 9365 2363 2509 4910 9502 2335 2486 4730 1820 8727 2565 9350 9451 9761 4888 10018 2379 2578 2325 2565 2065 4915 9799 4991 9938 2154 2345 4609 8889 8592 4774 2444 4501 9327 4573 4929 1728 4319 8896 4667 4840 5050 3779 9824 1934 4708 4720 9761 9888 4192 9455 1869 5038 4048 5037 9639 8065 9217 4927 4447 4200 2288 4800 4709 9339 9600 8718 7788 9399 9767 4201 9914 4555 3992 2427 4985 4720 2310 2369 2481 5046 4824 5037 4228 9859 5080 2323 4327 9928 4743 7659 4419 3569 4687 9878 9658 2273 2103 9770 9628 9503 4741 9709 4635 4873 4697 9687 8225 4446 2575 2532 2450 4801 2474 2001 8101 8143 9387 10021 2436 8380 4409 3670 2398 4884 4735 8210 9817 4808 2275 4583 9634 2251 8042 4605 9116 9106 3777 2328 2175 7829 5051 3891 9193 7413 5014 9873 2322 2316 4322 2463 2343 8102 8803 4729 2498 2193 1926 9246 5044 2352 4382 9951 10004 4545 2168 4272 4969 2533 4616 4633 5619 9129 9957 2184 3249 5038 9698 9832 2500 9865 9059 8726 4642 3291 2519 2138 7019 9792 4262 8982 2436 4681 2371 2555 2548 4677 9708 4698 2549 9298 4741 4845 2360 9009 5044 2532 4469 2304 4009 4670 7656 2008 2484 4551 2475 5003 2351 4432 10008

121 96 191 570 185 315 372 93 293 194 340 231 152 230 119 937 725 851 499 71 150 142 1268 300 307 992 3553 35 231 2339 270 483 1066 218 943 874 56 759 127 169 732 342 69 156 82 1047 77 88 174 1131 1271 335 235 360 595 189 1350 222 63 48 101 275 120 255 330 84 614 18 192 1583 676 75 475 27 50 185 285 124 431 202 2587 323 655 86 684 297 94 24 1185 731 77 223 21 277 795 296 154 290 508 272 9 701 202 403 143 762 94 1234 35 97 476 853 76 91 173 1183 256 98 478 17 96 37 391 131 60 41 198 221 33 22 215 91 142 686 1580 52 398 590 116 243 120 496 1318 406 113 61 1013 170 603 922 7 157 198 971 224 27 47 50 458 147 848 433 22 291 138 179 175 73 331 386 52 374 232 971 340 99 111 178 560 79 290 227 514 574 1259 189 93 600 367 507 204 53 200 419 559 2239 318 1221 621 454 752 154 219 406 115 325 73 496 234 255 250 126 138 200 193 133 215 159 139 290 14 10 291 162 355 1938 103 1648 481 248 31 740 301 114 1064 160 115 719 247 66 55 74 152 77 322 374 480 575 220 1047 2437 235 998 153 302 173 161 164 191 208 518 459 150 41 114 88 244 171 10 644 131 460 1604 406 87 155 205 2084 32 641 84 196 37 327 321 66 361 221 78 254 139 839 754 510 279 485 7 207 169 312 25 318 678 314 1303 102 175 48 111 1367 298 623 531 36 188 791 150 507 869 705 118 792 156 138 110 63 766 64 227 431 463 148 560 299 418 103 2455 498 555 55 694 134 852 755 1133 2327 494 672 85 1966 363 3008 89 590 44 1079 565 52 281 237 499 884 378 22 191 540 303 373 138 666 2417 92 334 522 3712 2709 179 445 1605 927 664 107 1902 163 627 49 134 177 45 495 58 425 260 154 33 116 1047 711 52 209 867 142 69 106 194 999 385 493 436 216 142 420 32 897 83 115 73 94 61 67 204 599 164 1682 665 169 227 33 318 1198 185 69 82 1932 183 63 38 25 956 301 90 69 418 444 130 34 834 768 342 262 58 720 485 393 57 239 369 473 1188 373 840 462 1931 484 477 102 116 2226 152 35 62 112 176 140 257 232 216 191 106 81 153 58 382 72 116 312 489 501 157 57 76 216 285 229 54 70 40 34 120 174
17 93 17 424 65 120 20 45 106 99 83 200 45 199 3 320 285 194 445 2 11 76 1102 241 222 573 2755 10 112 913 35 470 220 59 844 312 41 521 32 84 130 72 64 76 53 270 44 37 128 790 326 152 188 185 428 143 1240 76 26 9 84 25 7 75 37 11 567 14 184 661 672 55 303 21 2 146 71 57 103 61 218 312 126 45 106 79 85 11 154 133 64 39 14 79 416 52 79 85 254 109 2 292 132 100 90 713 63 900 19 19 229 608 39 46 8 647 93 75 163 5 58 35 240 113 3 10 196 102 27 7 55 75 127 243 586 19 149 579 90 201 107 419 25 133 6 23 437 84 218 921 6 14 11 6 145 11 23 1 304 108 218 322 8 180 83 69 117 46 51 82 24 59 75 556 222 68 110 174 129 53 75 136 29 177 373 185 83 371 45 466 131 31 82 22 223 1850 13 735 85 181 548 49 47 123 88 204 50 304 211 5 148 35 97 68 6 109 21 123 109 141 11 5 120 43 336 1109 19 1411 219 194 14 527 69 106 105 55 43 65 174 32 19 9 44 37 222 118 150 363 100 452 700 217 605 20 296 96 148 106 190 96 101 420 41 25 86 76 218 43 7 493 3 197 247 361 66 1 177 1702 27 542 58 181 34 15 270 54 240 39 20 205 23 36 430 235 238 186 1 179 164 310 15 44 78 305 129 46 138 1 15 627 192 594 243 31 177 290 140 260 185 335 102 312 71 110 82 4 171 48 122 130 343 10 90 85 110 64 1549 385 521 16 245 69 335 101 218 1880 79 625 48 990 221 17 21 258 29 562 84 5 172 9 122 527 308 10 73 165 134 344 129 139 1825 57 212 267 1689 1647 59 337 1572 854 613 82 542 94 192 15 132 18 26 10 10 76 141 79 7 52 914 324 49 124 45 135 35 26 33 157 377 134 252 29 14 199 18 210 18 6 69 51 47 16 120 525 113 62 433 33 88 7 119 237 55 49 41 1059 163 29 30 22 724 168 49 2 324 37 23 19 419 209 74 167 42 100 387 28 49 9 163 301 274 72 240 128 837 199 115 78 76 1533 68 2 38 84 1 77 193 149 145 34 37 46 143 10 45 13 42 297 92 411 134 38 31 195 120 228 49 5 16 23 63 152
