500 9 2
98 84 88 63 73 13 47 38 98 70 93 52 84 62 28 44 76 30 77 64 4 3 77 95 35 87 11 86 99 20 87 11 61 94 19 69 24 37 99 18 3 33 43 94 38 85 55 9 61 21 100 10 4 26 20 64 55 26 74 78 5 50 25 60 67 49 63 60 47 10 97 51 88 65 41 63 4 41 27 35 53 92 86 88 44 38 40 11 71 70 72 29 30 98 97 93 45 44 40 14 60 97 87 4 79 2 47 59 87 61 21 61 69 40 91 94 84 84 88 69 40 31 75 85 71 45 44 60 43 13 20 43 21 39 88 4 29 79 98 28 65 23 54 46 40 65 78 42 88 46 38 57 5 96 7 17 85 86 19 98 48 24 9 62 22 8 67 47 32 89 83 60 79 85 84 3 12 54 76 55 51 74 22 99 73 77 82 75 46 66 37 90 93 15 61 16 57 44 99 77 19 11 43 43 17 87 55 75 95 90 92 34 52 29 10 59 84 59 57 66 51 8 93 72 78 52 30 58 45 78 28 26 56 60 46 47 83 50 41 30 89 89 40 78 11 16 26 29 94 93 4 74 96 94 63 99 9 84 56 18 58 62 60 88 97 92 77 2 65 65 30 2 51 19 24 18 16 99 81 85 43 35 61 8 42 54 17 17 11 80 40 81 50 99 1 60 22 10 71 85 57 4 95 100 43 35 50 56 11 35 77 24 17 76 31 27 48 55 27 39 61 53 53 51 49 25 5 6 39 67 55 31 62 55 41 15 73 25 12 89 44 29 5 46 56 24 92 33 63 11 69 39 68 81 68 58 68 79 90 39 1 3 67 2 100 25 41 71 62 97 58 65 35 80 64 72 11 66 21 62 70 41 68 83 95 52 78 1 61 28 77 96 55 91 100 20 47 55 91 24 90 98 60 82 38 7 25 76 98 73 11 20 51 99 59 87 92 60 3 77 21 41 59 35 3 72 93 27 42 7 15 48 90 22 42 81 14 24 42 93 92 6 79 55 38 51 69 11 5 52 1 63 61 40 73 1 31 32 65 90 48 16 20 93 27 78 8 58 3 26 22 37 3 36 76 59 56 59 30 40 69 15 47 25 29 52 12 46 9 25 4 4 83 29 38 32 58 26 34 21

12 2 4 6 26 7 5 1 9 16 2 8 17 4 2 16 2 24 19 5 9 15 4 4 4 8 8 16 6 17 4 10 1 4 32 20 1 5 6 11 8 3 2 24 12 5 1 9 29 7 16 10 2 16 20 14 30 4 31 1 5 7 25 1 16 12 15 16 7 25 7 15 14 13 17 2 3 4 19 23 18 43 9 19 21 9 10 15 4 6 4 6 2 1 15 15 12 1 3 6 6 3 6 6 17 6 46 1 13 16 22 8 3 5 6 11 7 16 14 5 6 9 19 13 15 33 16 6 19 3 18 3 15 19 4 14 4 13 23 1 2 44 1 6 3 26 3 15 31 3 13 1 6 35 18 1 10 4 20 26 8 11 15 4 1 1 11 2 25 4 12 7 13 1 19 7 23 23 13 1 8 1 7 6 1 7 24 6 2 7 23 2 20 16 30 5 8 4 1 44 1 9 5 3 11 4 3 35 9 1 6 9 8 12 4 1 14 20 8 23 28 8 6 3 8 4 22 2 5 21 33 12 6 20 1 14 13 5 8 1 20 1 2 1 14 3 5 5 4 16 8 14 12 2 1 5 32 2 1 13 10 9 18 3 1 18 2 6 5 39 28 19 25 1 11 2 6 1 2 27 19 8 20 2 9 4 12 14 13 1 1 2 6 3 15 3 17 54 30 2 2 4 21 24 10 2 2 10 5 8 6 10 26 10 4 13 6 10 14 3 2 2 5 14 5 3 5 24 11 22 8 13 31 4 25 1 23 4 22 4 16 5 12 3 19 7 22 27 4 6 5 2 38 3 1 8 1 12 50 1 1 17 1 19 11 7 3 12 37 4 7 11 24 4 1 6 12 3 7 12 3 19 5 45 4 7 45 9 9 2 15 32 7 20 2 5 3 2 1 15 9 7 1 30 1 8 4 12 19 3 6 1 18 12 2 25 12 5 15 8 28 16 23 1 4 2 12 14 15 6 5 29 3 1 13 10 4 1 5 26 3 4 4 7 4 11 6 8 4 3 12 5 5 7 26 28 7 10 2 6 20 7 13 5 19 1 22 5 7 21 5 7 4 27 3 5 18 13 7 7 8 8 11 7 2 9 18 3 15 7 8 25 4 20 5 12 7 7 13 7
12 9 32 8 31 7 11 7 15 22 5 11 28 33 15 20 15 29 28 9 11 19 4 15 18 14 24 21 17 22 19 15 34 4 42 26 13 29 14 30 13 7 9 37 36 17 3 20 50 8 32 21 3 23 32 15 46 16 41 11 13 10 32 14 17 16 18 20 17 27 36 26 15 23 36 19 10 4 22 58 28 57 11 44 35 17 23 23 13 8 30 27 8 2 20 30 20 8 14 7 9 7 34 8 19 7 56 7 14 33 22 25 4 6 10 15 25 21 16 7 7 18 29 20 16 54 19 21 29 16 20 23 36 20 16 20 8 27 31 5 33 46 32 44 5 36 5 16 48 21 16 2 19 37 23 21 12 9 21 27 42 21 20 19 2 2 18 20 30 7 14 9 26 5 44 12 25 30 35 2 30 9 17 8 8 9 26 7 31 10 27 11 20 52 43 11 13 22 15 46 6 16 14 27 15 8 5 52 13 9 19 10 9 16 14 3 33 28 11 49 31 14 9 6 13 33 27 14 11 44 35 16 16 21 21 18 34 23 12 19 34 2 14 20 32 38 7 8 15 20 20 15 31 3 1 20 40 4 3 32 18 10 24 19 19 41 3 13 7 47 50 24 35 8 44 22 16 10 12 35 29 14 48 7 10 15 18 28 22 8 1 11 19 52 24 12 20 56 34 22 7 16 33 35 29 16 3 23 11 23 7 22 39 14 5 17 34 35 33 6 5 25 7 18 9 10 31 25 15 30 33 29 37 8 33 16 34 19 60 18 34 16 14 8 19 21 38 44 20 16 19 4 41 25 23 12 28 12 52 1 9 28 15 20 20 11 15 12 37 20 7 13 32 37 7 25 17 8 30 13 24 23 13 59 4 9 49 10 18 17 16 44 34 27 13 27 25 14 6 23 47 36 4 31 8 28 15 15 21 7 6 9 29 50 4 27 28 7 21 20 41 23 30 12 39 6 18 32 21 16 6 30 16 4 23 27 32 51 12 56 6 10 9 9 18 46 16 9 15 4 15 7 17 45 33 28 13 13 6 21 22 42 20 14 22 20 28 21 12 30 32 37 12 31 10 18 41 23 12 10 9 15 27 14 4 15 24 16 30 7 17 34 19 22 21 15 9 11 27 13
18 19 44 25 36 16 13 8 18 26 28 29 38 54 26 25 20 41 52 13 12 20 9 50 31 24 45 23 19 27 52 20 37 11 42 53 13 42 20 47 40 20 15 44 47 31 17 41 61 24 32 30 23 27 34 17 48 26 50 18 43 17 42 22 22 17 55 26 23 28 49 36 21 28 46 24 15 32 26 62 43 63 12 59 47 27 31 25 14 9 35 57 17 14 35 49 20 17 14 14 15 15 48 11 29 18 61 8 29 33 32 36 34 18 10 22 26 33 28 9 9 19 35 40 28 58 28 33 38 36 45 32 41 29 17 38 19 28 44 10 35 53 40 53 5 72 9 36 55 31 24 3 34 49 26 29 15 35 26 38 48 28 42 21 11 11 38 30 31 22 16 13 35 42 48 36 29 32 46 12 32 13 33 17 33 16 34 18 41 61 49 11 37 60 45 18 20 22 24 53 13 25 19 55 18 10 9 54 15 25 21 20 13 24 28 12 39 48 16 62 38 19 34 30 42 40 49 39 18 58 63 17 45 34 30 19 36 57 19 30 54 20 27 21 32 46 51 19 19 27 34 18 39 9 9 35 53 8 10 32 29 16 32 20 23 47 13 42 31 56 60 35 57 12 57 23 40 17 46 41 40 20 49 10 40 24 19 38 46 14 5 21 22 57 32 27 23 57 38 23 22 26 37 36 41 21 10 38 27 29 9 39 47 16 9 18 34 53 39 15 23 32 15 26 27 20 42 40 20 33 57 31 39 13 56 18 38 38 60 25 48 17 28 17 36 85 40 47 46 17 39 5 43 51 27 24 29 29 52 5 17 29 15 22 38 17 25 13 43 36 8 25 36 42 12 41 20 11 35 15 52 30 42 61 20 19 61 22 33 51 21 60 44 27 36 28 47 17 9 38 56 39 9 33 12 29 38 18 40 7 9 41 43 53 11 44 41 15 22 41 47 23 32 16 46 40 21 35 26 17 19 37 24 8 42 40 33 58 21 67 21 12 14 20 26 48 23 25 27 28 30 12 23 48 43 30 20 48 8 29 32 44 27 15 30 20 50 44 13 41 64 49 23 46 25 30 64 36 20 24 9 19 37 42 25 20 35 17 35 35 28 43 34 23 39 32 18 15 38 15
64 20 61 36 37 29 15 29 23 58 33 31 46 58 50 37 21 41 59 29 33 36 22 61 42 25 59 30 36 54 61 22 49 13 46 60 15 56 34 78 41 24 30 67 67 37 18 41 62 46 34 31 35 29 41 25 48 50 59 24 73 19 49 28 31 32 61 43 31 42 70 42 33 40 59 39 27 47 41 71 60 63 59 66 51 44 57 27 47 12 45 57 35 15 35 52 22 18 16 34 18 29 67 31 29 19 62 11 49 36 39 44 44 40 22 42 58 62 39 17 18 37 46 43 34 63 31 54 43 41 81 41 47 51 45 56 29 30 60 19 42 56 42 57 13 73 47 41 55 60 25 13 36 76 29 34 25 37 29 50 54 39 57 46 13 14 44 37 33 35 31 15 38 47 50 39 59 37 49 16 44 26 40 20 42 34 55 36 47 63 59 17 57 63 46 22 30 24 25 64 19 30 21 57 36 44 12 56 23 54 21 24 20 34 50 16 41 52 46 63 47 20 35 43 58 41 55 42 25 59 70 21 50 48 32 26 43 77 40 30 54 25 47 28 35 47 57 23 29 29 77 21 49 24 14 39 72 10 35 40 32 17 53 36 27 67 43 50 35 56 68 37 65 30 64 26 46 20 55 45 49 45 57 18 67 25 25 41 62 24 39 54 24 71 32 29 34 59 39 40 31 41 51 44 42 30 27 41 28 34 9 39 50 32 22 39 48 56 63 46 36 32 21 30 37 33 45 44 21 38 57 38 39 14 63 19 39 50 61 25 53 24 34 17 50 87 45 73 53 41 47 22 62 55 30 36 32 30 58 41 21 35 17 26 45 27 26 40 54 44 12 32 56 46 30 48 34 12 42 21 54 44 47 65 28 29 63 45 34 53 43 62 46 30 41 32 48 28 43 40 59 39 10 35 22 44 45 25 57 10 16 62 48 63 23 50 44 31 39 60 51 26 32 30 50 62 35 49 27 36 41 37 26 42 42 51 46 63 24 74 24 15 42 21 62 53 28 31 35 69 33 40 41 69 56 44 24 52 64 30 48 48 37 22 34 21 58 47 64 47 74 51 30 50 34 52 64 41 24 38 11 21 43 62 34 31 37 21 44 58 34 46 40 31 48 49 39 16 45 29
64 43 70 55 41 34 26 58 25 70 43 47 73 62 58 42 27 57 70 32 37 53 22 65 61 30 69 46 59 60 77 38 59 27 56 70 16 69 36 79 49 33 47 70 70 45 30 42 71 58 46 33 37 61 46 29 71 72 64 29 85 32 70 49 34 49 69 70 66 49 85 45 51 49 64 39 34 49 49 73 61 64 71 75 60 52 63 35 71 13 53 65 76 43 39 53 27 34 33 40 25 33 79 33 36 19 80 36 50 37 58 58 74 42 47 50 65 71 58 24 44 40 49 71 59 74 38 57 44 48 82 43 69 57 63 68 45 34 63 20 67 66 44 61 17 74 48 54 60 70 36 15 72 80 53 34 70 41 32 61 56 39 78 60 68 38 56 53 33 48 40 18 55 54 53 53 63 52 55 34 48 27 43 38 50 40 57 39 55 67 72 20 65 74 50 22 33 26 43 66 53 36 37 77 45 61 14 57 51 67 25 25 29 49 61 55 47 57 55 64 56 21 36 60 69 48 56 51 32 64 71 23 52 91 45 49 44 80 56 31 63 37 60 36 38 47 79 34 37 29 82 61 57 33 17 39 72 24 45 69 37 26 63 38 62 73 54 76 42 59 75 39 72 49 64 28 52 35 59 70 58 49 62 24 67 56 41 47 73 36 45 57 25 72 64 32 36 78 54 65 58 64 53 58 49 43 31 50 64 62 29 45 52 48 48 57 55 57 68 49 60 41 53 37 42 58 49 46 23 54 78 43 49 29 67 64 59 56 87 46 53 43 48 24 54 88 47 77 62 57 51 36 86 66 37 46 34 42 65 53 28 43 19 36 52 52 45 47 56 51 43 40 66 46 31 50 61 21 63 45 67 45 56 76 32 47 81 63 38 54 47 68 71 56 73 45 52 35 49 56 64 46 78 45 29 50 68 26 66 52 24 63 56 72 50 57 56 45 51 69 53 38 50 41 66 79 59 54 46 38 60 39 36 53 43 56 61 64 33 75 24 29 51 28 63 53 40 46 45 71 53 42 56 72 57 52 38 54 65 47 61 70 47 27 42 48 60 54 66 51 74 55 32 62 41 62 82 59 26 40 11 41 51 75 39 32 52 23 55 62 53 58 67 53 61 61 42 43 70 50
77 49 79 59 47 41 89 66 54 76 57 51 81 71 68 51 35 57 70 34 64 61 23 65 72 67 72 62 61 64 80 58 66 36 83 72 36 87 47 79 54 45 66 83 71 47 39 62 73 91 66 36 55 66 49 29 72 82 67 66 89 45 71 59 45 52 72 82 83 54 90 53 79 57 67 51 41 74 54 75 63 76 71 78 61 71 66 36 76 17 53 81 76 46 42 77 28 36 35 68 29 46 82 38 43 75 82 59 67 57 76 74 76 48 57 57 78 74 73 42 59 57 68 78 66 81 60 60 62 50 84 68 71 66 65 69 85 45 71 26 74 69 47 68 55 79 51 55 62 80 78 28 78 81 58 65 76 57 53 73 59 41 83 70 77 49 57 59 70 48 49 36 67 58 77 68 73 71 55 58 64 27 45 50 68 49 58 42 56 87 80 74 67 76 57 36 37 31 49 70 56 55 48 82 48 66 36 76 77 68 32 30 33 54 63 57 48 77 60 76 59 24 51 80 71 48 67 66 70 66 78 24 67 93 51 53 45 82 60 33 70 46 76 47 41 52 84 41 42 49 84 68 64 49 20 42 74 31 65 74 45 46 69 41 74 79 67 82 60 66 78 57 83 80 70 30 60 37 68 77 60 52 64 30 70 63 53 67 86 50 63 59 41 73 70 54 39 87 58 67 68 64 69 59 55 60 48 51 84 66 30 46 55 77 69 60 83 80 82 51 70 43 67 51 70 63 70 62 25 78 78 50 55 49 73 64 66 66 88 54 56 50 70 29 66 93 49 91 67 78 58 41 88 69 58 59 40 49 71 68 42 60 28 48 55 71 70 59 72 74 51 40 69 57 47 75 71 25 74 51 69 52 61 87 55 60 85 70 62 55 58 72 79 64 75 45 60 47 73 57 67 62 80 74 60 66 84 29 72 54 46 67 76 80 52 65 60 49 57 70 78 43 67 47 69 83 80 57 50 39 67 52 40 55 74 56 68 66 44 76 36 77 51 38 75 76 42 55 50 79 69 51 62 76 67 52 52 59 78 56 70 76 50 27 61 64 60 80 74 58 77 56 32 86 53 70 84 63 27 59 24 55 53 77 52 34 55 32 73 70 62 61 77 54 61 74 46 58 73 50
86 64 82 83 64 53 93 80 64 85 58 62 87 75 73 76 46 66 75 50 78 70 35 72 73 73 78 68 77 80 81 66 87 37 85 81 53 89 68 92 59 53 71 90 83 86 44 69 79 94 72 71 63 68 77 45 72 83 81 71 90 51 87 72 67 73 74 83 87 71 98 55 83 69 84 63 81 84 65 86 74 82 86 81 87 71 67 47 89 37 67 87 90 54 78 91 41 56 72 88 66 50 87 49 74 85 83 82 78 84 80 75 77 48 58 69 82 76 77 61 59 64 68 80 90 83 70 60 67 54 89 87 88 66 79 73 86 57 73 36 75 72 62 93 63 83 58 77 89 83 81 55 87 84 64 73 87 91 56 75 81 58 90 75 78 63 65 74 87 64 61 46 67 73 85 69 81 87 62 58 68 56 54 52 70 51 77 66 76 88 80 75 72 86 64 41 64 53 61 71 58 87 68 86 74 76 52 77 79 70 60 44 36 90 63 69 49 82 64 78 77 45 65 81 77 71 81 69 72 68 85 44 71 97 67 94 54 83 71 39 80 71 78 81 53 65 85 49 46 74 89 74 64 51 26 54 79 39 80 78 55 52 79 63 96 81 83 88 73 69 82 72 85 81 81 46 72 55 71 80 78 56 72 44 76 64 60 67 87 72 67 90 85 77 71 76 72 96 81 73 81 79 81 72 60 73 51 75 88 73 67 47 55 79 71 62 91 82 84 66 75 44 70 60 79 69 82 64 51 80 85 54 65 65 78 68 68 73 90 57 59 60 86 54 85 99 59 93 73 90 80 55 94 70 64 65 70 58 81 69 54 83 30 52 84 72 76 63 80 82 55 63 76 62 50 81 74 32 76 58 80 73 76 88 55 69 92 70 68 60 62 77 85 82 97 49 70 66 75 60 77 87 80 85 64 68 86 53 81 66 57 68 84 87 60 79 67 62 59 78 79 44 70 49 77 84 84 69 59 73 72 56 61 69 75 72 69 71 87 80 66 78 62 63 80 79 55 55 91 90 76 57 76 77 74 54 58 75 93 74 76 83 80 31 77 69 78 87 82 63 79 58 49 88 54 71 85 71 31 83 58 68 53 86 65 72 61 71 85 80 76 62 80 79 67 84 81 65 75 67
93 65 91 92 76 72 95 80 74 90 62 70 95 79 73 86 77 73 84 72 82 73 84 94 96 97 88 76 79 82 83 72 99 55 92 85 67 96 69 95 84 57 74 93 89 87 76 85 87 97 83 74 86 78 89 81 73 84 82 72 94 81 89 90 87 78 96 93 94 84 98 61 94 74 84 68 94 94 69 91 75 90 90 88 91 72 70 65 91 47 75 89 97 54 88 91 47 88 77 91 66 89 92 61 75 87 98 86 86 89 82 78 95 73 87 76 89 79 79 69 67 69 91 89 92 84 72 66 90 89 92 91 96 80 91 74 89 70 77 63 76 89 69 94 74 89 72 81 91 83 94 69 92 91 65 74 90 93 83 97 91 71 90 77 81 73 66 89 88 68 71 52 89 85 86 77 88 89 88 59 75 58 62 77 71 93 77 72 77 100 97 85 74 93 82 48 85 79 94 77 72 94 79 90 85 78 64 84 81 73 85 69 77 90 82 85 66 86 83 89 77 78 77 84 100 80 82 78 77 81 90 48 83 98 72 95 60 83 71 45 98 94 84 87 66 70 95 51 73 77 94 82 80 77 51 81 80 59 87 87 68 78 83 73 99 91 91 89 79 75 90 79 91 82 86 58 92 63 87 92 78 62 92 81 78 95 65 72 89 75 72 90 94 95 83 91 90 96 83 78 81 94 87 79 78 81 74 81 88 75 69 81 71 82 85 90 93 83 89 73 78 73 83 62 81 71 86 78 69 83 90 57 72 89 89 79 70 82 97 71 73 66 95 66 92 99 65 94 98 96 87 63 97 77 73 89 81 80 92 72 60 83 46 88 95 72 84 84 88 89 58 64 91 72 51 92 94 56 82 69 97 80 86 94 95 76 96 72 86 88 67 87 87 83 98 70 78 93 79 69 78 93 83 90 82 87 91 65 82 69 82 69 90 88 70 87 77 86 82 80 92 48 85 57 85 86 94 70 61 76 84 87 84 81 86 77 88 92 88 87 83 85 80 84 94 81 84 83 93 90 79 71 80 81 79 94 67 89 96 79 94 88 80 40 92 72 87 90 91 84 85 72 62 90 65 88 89 86 32 83 72 83 59 86 82 79 85 91 97 90 84 70 85 88 82 85 85 71 93 68
100 78 92 100 87 76 100 87 84 100 65 91 96 85 77 90 91 90 95 97 84 98 84 94 99 98 94 93 99 91 93 78 100 75 93 89 79 98 82 97 96 59 85 96 95 93 78 86 89 98 88 89 98 83 93 88 97 88 86 81 95 94 92 95 93 92 99 99 99 94 99 91 98 92 97 88 96 99 88 96 84 99 95 95 99 88 78 86 93 59 90 98 100 95 95 94 81 97 89 91 72 89 98 97 86 87 99 95 96 96 98 93 97 97 88 98 94 85 95 97 90 85 97 93 93 88 99 73 91 94 94 95 99 87 98 87 94 86 94 85 88 92 95 100 81 100 90 99 97 84 95 80 100 99 66 96 97 100 87 100 93 94 94 89 97 99 89 100 90 76 91 86 99 100 97 91 91 100 92 100 94 94 69 84 100 94 92 85 100 100 99 92 86 95 91 81 92 81 97 95 82 94 90 99 99 79 94 89 84 97 88 98 92 93 84 100 87 90 92 100 86 84 86 95 100 98 87 79 93 95 93 95 87 100 78 99 92 86 85 83 99 100 94 94 71 73 98 66 93 82 100 90 82 88 78 90 91 65 91 99 70 96 99 98 99 91 96 97 86 79 100 96 93 82 95 60 93 98 98 95 90 87 93 83 83 96 71 86 90 81 92 93 97 98 88 93 97 99 96 78 84 97 88 82 87 96 93 95 92 93 78 83 79 85 94 93 96 88 94 82 92 93 92 79 96 87 92 81 82 92 98 64 82 98 89 95 97 91 100 93 89 80 96 79 99 100 85 96 99 98 90 97 99 77 89 91 94 95 96 96 88 96 88 90 96 82 91 98 96 96 80 95 95 100 71 93 96 70 93 83 97 88 94 98 96 77 99 95 90 89 100 97 90 84 100 92 89 100 83 79 84 99 90 95 84 90 93 92 98 97 94 95 91 89 99 96 90 93 91 97 94 100 95 93 88 90 95 79 90 84 92 95 86 100 88 79 99 97 96 98 95 100 94 86 98 92 85 89 99 91 93 93 82 95 89 98 78 100 97 91 97 96 91 72 94 93 87 92 92 89 98 99 69 97 73 90 97 88 52 96 79 92 63 98 100 99 92 97 99 93 87 92 97 97 96 90 94 81 97 74

15 47 26 4 55 52 6 35 30 32 17 53 27 1 57 65 13 44 32 29 43 31 22 20 5 7 7 86 54 7 14 24 58 31 10 35 15 88 32 23 25 31 11 21 70 10 23 4 65 3 9 34 17 50 10 15 7 44 40 59 10 21 27 59 15 46 65 2 21 21 17 87 22 7 11 7 49 52 11 33 22 4 5 34 13 2 41 50 74 10 8 10 19 10 75 48 17 25 3 59 5 4 53 48 19 78 48 10 53 36 36 64 5 2 10 26 21 21 56 17 40 20 9 89 21 58 81 34 45 50 35 4 78 49 37 62 31 27 57 29 45 52 34 36 29 3 48 4 61 34 19 18 67 29 4 5 10 48 8 61 1 44 5 52 47 81 14 31 5 1 38 30 62 15 47 39 7 43 23 15 69 27 56 36 41 67 44 27 8 51 50 78 16 72 40 30 8 60 19 2 28 14 36 23 46 60 26 68 22 28 25 30 9 40 68 64 8 2 28 8 51 59 16 60 46 14 68 3 21 93 36 14 5 59 26 89 66 2 24 71 21 1 70 16 59 14 44 2 11 68 13 4 9 58 44 18 63 17 36 31 9 41 19 43 29 7 16 8 23 15 29 68 5 15 68 17 32 31 44 50 74 68 15 29 30 49 56 25 27 27 55 55 53 18 35 31 16 26 27 15 51 62 44 46 53 12 83 52 58 35 79 88 61 18 9 39 63 24 11 42 57 73 74 6 33 35 10 63 38 13 7 13 25 42 74 22 9 69 88 10 48 30 2 62 37 29 22 53 13 2 36 40 4 6 24 11 75 39 50 7 10 36 18 51 8 84 23 16 59 32 21 52 73 14 22 24 62 16 69 15 14 15 34 7 2 56 43 13 14 46 42 46 13 19 36 26 39 64 49 56 74 15 29 28 34 19 28 41 22 15 46 33 57 73 64 17 6 46 43 24 6 20 48 28 32 80 22 5 76 49 23 53 40 3 2 53 58 15 5 70 10 35 62 46 9 47 11 50 26 30 63 22 27 23 7 3 33 4 24 29 34 13 58 8 33 6 10 3 38 60 10 63 64 66 23 20 18 37 24 100 51 4 44 39 71 67 19 13 5 15 2 30 6 78 9 50 15 87 17 1
28 56 88 76 92 69 57 46 55 59 53 93 88 70 69 87 14 49 47 60 47 46 25 29 93 17 85 86 89 59 85 58 65 76 60 96 46 100 42 56 54 68 68 77 91 52 89 98 92 37 12 61 87 91 38 72 70 55 81 89 29 57 73 94 28 91 92 84 58 89 58 87 95 95 64 32 95 60 71 68 32 61 97 35 52 19 85 62 83 26 56 56 40 47 90 84 78 47 63 60 74 58 58 85 42 96 57 75 96 60 53 95 38 92 47 54 38 80 99 85 82 77 77 99 42 100 100 79 58 63 42 99 97 70 95 84 71 90 60 74 54 69 44 84 97 95 96 99 82 73 37 28 73 66 68 52 89 64 91 99 28 66 95 63 48 97 79 31 59 75 61 91 69 20 64 94 37 95 50 90 80 36 95 76 48 73 77 47 61 73 67 87 26 87 65 33 96 81 65 72 100 46 96 69 57 74 50 85 42 93 29 38 81 54 78 71 72 24 87 90 85 71 30 62 55 92 89 42 74 93 91 90 29 68 26 95 97 92 33 93 100 22 84 78 74 54 73 90 16 99 84 49 32 89 82 41 82 57 70 53 96 75 84 92 51 30 33 58 80 49 88 80 71 89 74 37 94 57 73 52 89 92 78 48 77 94 71 46 50 31 60 57 91 45 94 42 59 30 88 17 99 98 53 57 90 40 100 62 80 38 94 93 67 20 74 84 83 84 45 87 81 97 89 87 34 67 56 77 44 63 53 64 60 57 76 28 30 76 90 49 95 46 41 78 58 30 24 96 79 51 62 53 47 41 32 61 88 76 94 33 83 97 64 58 10 97 84 42 61 92 26 81 97 68 28 50 97 28 77 63 59 70 43 23 71 72 90 64 45 48 72 65 82 83 80 30 62 67 50 68 86 83 31 98 87 70 82 48 57 91 97 47 80 95 82 73 56 62 79 72 37 30 89 76 94 82 37 84 87 89 32 60 62 68 90 83 63 55 91 79 53 53 88 94 64 58 61 98 50 85 94 40 58 83 66 51 82 55 41 87 87 69 62 17 57 100 83 62 62 74 83 93 70 82 67 70 32 98 43 100 75 60 89 84 83 99 41 47 45 82 9 36 89 82 78 86 89 92 35 50

328 922 437 691 113 71 176 584 212 73 218 678 1514 2121 469 1046 127 400 392 314 19 565 539 239 73 984 17 992 1147 818 391 945 1142 416 121 558 294 59 364 516 17 65 154 1102 353 421 96 47 238 47 215 407 400 720 856 671 65 1256 97 234 2575 556 314 245 162 811 1077 1223 75 248 1207 94 491 445 564 736 81 241 117 385 181 203 1215 104 603 835 198 1830 507 360 234 1536 265 327 823 771 620 692 904 375 263 190 276 431 650 104 991 419 497 97 243 1531 331 1273 2176 286 513 382 1581 740 437 549 544 482 396 86 305 724 1365 3413 93 1388 861 581 164 988 357 112 114 216 910 145 1304 95 505 1872 179 305 1787 236 608 428 558 345 218 509 439 950 276 682 56 362 160 1299 147 1316 480 1076 278 239 251 214 241 509 200 1757 473 387 1371 535 1584 318 2528 699 211 375 260 421 66 944 3010 271 879 565 554 169 388 259 1214 1273 2029 2752 2213 308 246 975 891 1361 710 729 440 643 64 539 362 1789 1567 1467 1470 1280 793 24 1050 781 1414 95 1795 1327 115 654 1202 376 56 65 457 311 855 315 558 605 154 245 352 107 250 41 44 442 215 500 949 198 199 210 156 166 399 760 281 513 969 107 2045 505 1318 1113 158 98 355 107 44 139 316 167 866 309 54 777 856 1471 576 449 751 1441 133 240 85 1012 179 268 478 430 777 567 2538 1047 2997 396 1471 1911 1051 1830 631 472 247 1081 127 2339 2409 1144 374 171 195 629 1063 201 186 843 671 615 230 590 182 742 118 113 567 340 897 68 689 387 211 949 264 714 862 65 126 476 427 83 116 552 416 235 3324 132 338 276 970 101 1488 1169 120 161 332 232 1383 1034 281 837 397 271 677 304 334 927 267 2719 182 188 244 409 1092 353 878 142 1137 659 518 76 89 84 450 399 445 2529 522 1661 455 391 1129 181 972 385 199 809 212 103 327 329 201 1234 851 18 1034 301 144 187 176 1946 418 349 191 288 170 249 1046 786 125 168 577 156 34 918 1207 295 1027 90 454 194 173 765 529 117 1413 813 992 362 1965 166 101 747 1056 66 246 1992 1926 236 1366 884 63 619 844 714 901 1256 235 3064 612 317 191 451 289 472 994 280 502 2551 147 880 397 1250 668 1130 407 767 628 87 1552 715 1285 291 489 53 30 1572 230 587 409 881 648 466 1486 180 537 306 878 2736
443 1430 826 1296 325 74 895 1302 946 763 476 844 1664 2925 810 2122 337 1491 724 688 58 654 1113 3534 105 1180 92 1496 3340 1140 480 1087 1941 481 272 815 808 660 824 1059 1153 1230 335 1403 591 508 337 96 285 1109 254 463 1366 880 1007 971 97 3696 201 710 4520 750 391 330 245 1313 1132 1340 1207 1991 3918 281 612 470 695 872 2729 1627 793 2119 645 425 1490 310 3592 932 315 2013 1309 1061 1081 2216 440 814 908 1071 786 1234 1106 424 386 1120 789 777 662 139 1965 431 822 257 1151 3153 1636 1929 2318 822 2056 472 3492 835 1043 705 554 587 461 444 494 1457 1568 3606 119 2008 927 811 387 992 2586 507 758 505 1586 395 1942 2965 536 2055 609 410 5345 1340 1759 547 841 362 390 1998 1164 1561 393 2321 133 557 713 1836 454 4093 857 1474 1150 1245 374 279 881 1716 516 1935 1185 2281 1697 1998 2140 436 2794 1320 1111 1143 492 700 431 1371 3875 1384 1492 792 1024 296 758 449 3497 1414 2138 3338 2627 1154 1065 1439 1129 1526 1075 2386 546 987 1275 1505 1684 1891 2323 1830 1642 1444 810 153 1103 1302 2170 677 2371 1433 856 948 1341 1175 157 114 1758 690 1509 3668 1408 612 1331 364 1016 110 1165 444 207 911 316 533 1379 430 257 385 254 995 1350 1589 784 1345 1559 234 2409 1037 1547 1238 243 320 630 1064 134 265 343 1593 1818 1045 327 779 1426 1818 579 1069 3515 2996 451 603 401 1817 186 295 966 692 876 1154 2762 1632 6114 1406 1763 3263 1956 2356 736 501 1219 1287 335 2739 2795 1271 452 750 206 1152 2212 1373 307 1556 1180 818 339 1375 890 769 1329 242 3003 496 4083 72 1026 844 224 1083 4412 3211 946 81 534 1814 2796 214 301 552 624 406 4018 484 1136 308 1017 795 1599 1263 1065 841 418 1433 1566 1193 1067 3068 711 416 2388 1140 480 975 541 3369 463 558 1149 971 1133 528 2619 332 2062 783 1407 192 122 377 604 420 1801 4190 1157 1881 763 1222 1178 187 1757 773 252 854 217 386 409 609 1512 1326 1349 3714 1643 327 1036 247 209 2561 531 354 525 604 206 407 1080 1287 1221 459 1096 645 169 1283 1232 369 1493 188 455 315 274 1000 1017 682 1428 1475 1785 440 3070 208 1306 1242 1100 232 360 2715 2826 493 2136 1347 155 1691 1273 716 1415 1486 708 3695 880 629 223 644 615 929 1112 292 680 2914 1517 1350 736 1759 844 3412 544 1381 640 1328 2046 891 1336 405 1584 185 35 3432 341 1218 796 2525 1273 504 4583 944 708 3574 994 2828
604 2670 839 1362 684 114 918 2081 1040 2398 1068 881 1669 3227 898 2626 598 3461 1243 892 180 773 1135 4167 1832 1345 123 1617 3623 1236 866 1351 2407 754 1209 1382 886 668 2194 1062 1639 1370 400 1517 728 716 737 277 914 1422 270 662 1882 1385 1062 1087 182 4655 461 1157 5977 1207 415 1185 259 2050 1322 1992 1556 3657 4146 474 1320 516 1573 1178 2894 2092 1047 2568 2984 612 2068 876 3719 1154 880 2700 1435 1632 1535 2362 508 1021 1100 1503 1237 1600 1354 508 1849 1353 845 1001 1003 1157 3249 431 1079 335 2064 3415 1812 5423 2648 1522 3154 872 4616 906 2304 4703 706 657 1301 781 599 1556 1608 3658 241 2118 1576 896 699 1404 2920 1439 818 594 3036 1054 2086 4010 746 3419 1193 442 5544 2017 3421 1228 1178 682 1145 2244 1349 2741 1485 4177 899 643 1477 2271 1209 4151 949 1526 1462 1261 496 380 998 1837 998 2136 1457 4261 1731 2141 2795 713 3061 1492 1178 5400 544 734 875 2121 4077 1970 1812 967 1348 389 1411 532 5329 2122 2704 3939 2734 2004 1110 1547 1430 2023 1900 3601 2160 1388 1607 1522 3841 2834 2709 2055 1719 1972 2333 252 3294 2591 3429 692 2500 1775 1046 1068 1681 1379 283 240 1854 1542 1691 3991 1440 787 1593 801 1072 559 1580 1209 573 1615 506 569 1874 750 797 533 558 1056 1719 2263 821 1874 1696 603 2594 1192 1823 3727 310 1204 793 1560 145 1210 384 1685 4024 1210 393 906 1748 2744 639 1070 4109 3404 491 1089 3697 1939 314 757 2485 1203 1064 2453 2787 2561 6745 2078 2182 4752 2066 4852 1075 939 1356 3333 1104 3694 4206 2508 589 1022 1398 2033 2864 2057 466 2263 1256 1311 1048 1511 1372 913 2291 390 3356 682 4636 186 2453 1092 670 1274 4583 3899 1178 120 888 3216 4299 465 578 854 1058 622 4090 701 1177 507 1091 2315 4803 2057 1073 883 665 1480 1755 1675 1562 3241 1824 832 2482 2227 643 1186 1237 4827 919 561 1732 2264 1232 598 3344 536 3618 827 1466 234 1439 919 1233 523 2337 5279 1232 2212 1677 2457 1188 432 2614 1053 275 1460 1790 1453 486 3399 2784 1612 4069 4591 2586 527 2020 315 490 3093 840 391 1032 662 396 467 1368 2149 4619 783 1149 1255 672 3185 1833 1087 2429 510 700 366 1763 1387 1167 1649 3403 2389 2525 895 4239 717 1539 1251 1514 456 637 3914 3442 545 2635 1700 607 2478 1327 880 1586 1860 730 4178 1301 767 2695 886 1877 1096 1762 570 933 3102 2993 1587 845 3261 1138 3804 974 4937 1599 1929 2210 962 2133 2318 1849 241 2449 3543 342 1726 1286 3560 2020 876 5399 1901 1424 4152 1780 2992
734 3587 1225 1463 1702 1015 1079 2654 2135 2463 1757 1271 2226 3823 1433 4746 1302 4581 1989 1332 564 932 1154 5776 2771 1408 225 1828 6736 1327 893 2702 2608 796 1513 2880 1108 959 2852 1201 3311 2686 978 2220 851 1108 1325 372 992 4626 1179 1713 2307 1595 2500 1347 333 6384 765 1397 6641 1646 456 1408 268 2612 1550 5281 1650 3744 4455 1322 1488 807 2758 1595 4960 2121 3269 2838 5079 839 2571 1284 8534 1485 1144 4222 1995 2214 2195 2646 973 1763 1166 3207 2079 1888 1818 800 4415 1541 2893 1433 1112 1354 3917 734 1522 881 2655 4062 3264 6252 3851 1937 3921 1057 5081 1462 2389 5195 708 750 1748 831 1526 2552 1616 6382 517 2384 1653 1114 1254 1775 2951 2100 1058 1157 3121 1317 2609 4309 992 3856 1293 859 5733 3031 4409 2247 1256 850 1711 3329 1675 2926 1641 7159 1291 728 1644 4070 1487 4375 1420 1573 1916 1542 598 988 1022 1961 1558 2476 1525 4341 2250 2931 2889 2242 5519 1608 1230 7921 921 1018 876 2206 4600 2058 2169 1387 1415 1023 1572 586 6385 3254 2800 4522 2860 2650 1118 1709 2083 2054 2594 4229 2806 1439 2472 2391 4680 5127 5016 3152 2592 2350 2350 1897 3735 3027 4752 794 2516 1931 1068 2240 2494 2232 1512 615 2312 1850 2115 4884 1683 991 3633 1878 1711 690 1969 1216 2751 2225 663 1205 2518 926 1067 536 643 1122 2340 2321 826 2325 2339 1159 2845 1633 5007 3952 413 2054 849 1626 285 2220 1287 1784 4306 3257 499 1033 1962 4057 643 1954 4869 4143 539 1326 3979 2240 496 1087 4009 1449 1382 3445 4190 2744 6794 2774 3297 6057 2878 5034 1087 1041 2232 3775 1399 3889 4420 2751 660 1126 3348 3230 2880 2645 630 2926 1495 1450 1377 1923 1567 1280 2313 535 3653 770 5395 277 5582 1124 822 2735 6150 3978 1243 331 1636 3810 5025 835 797 903 1173 796 4986 850 2957 713 1252 3787 4911 2419 1405 2327 1240 1488 2082 2581 3167 3242 2088 1147 3365 2862 1040 1757 1701 5541 2146 982 1928 2379 1347 1712 5069 585 3692 2964 1731 238 1742 1328 1585 678 2618 6337 1347 2567 2375 2739 2300 919 2944 1298 381 2419 3535 1470 785 3516 2811 2457 5254 6727 3031 1479 2106 506 636 3136 1065 643 1116 935 1083 592 1445 2479 6337 2648 2635 1317 956 3416 2626 1477 2738 696 1443 774 4787 1605 1325 3058 5539 2995 2966 1095 5699 943 2486 1314 2571 752 740 4494 3668 581 2800 2378 616 4736 1774 1290 5109 3446 872 4194 2952 1006 3738 1539 1953 1310 1868 1085 1416 3440 5275 2803 909 3393 2509 4035 1490 5310 1650 1987 3040 1048 2289 2759 2017 318 2992 5218 916 2168 1311 4364 2088 1308 6324 2964 1746 5033 3273 3482
933 4020 1943 3191 2604 1471 1326 2820 2781 2613 2130 1369 2695 6597 1472 5746 2526 5668 2451 1587 801 1279 1912 5777 3746 2457 336 2305 8307 1334 1214 2732 2724 837 2252 3115 1363 1023 3808 1364 5295 3151 1034 2432 1594 1409 1450 1085 1109 6552 1235 3122 2429 1729 2625 1905 823 7920 840 1541 6960 1957 585 1443 325 3282 3394 5315 1878 4509 6576 1686 1830 1687 3512 1730 6229 2319 3272 3798 6586 897 3596 1432 8597 1585 1857 4576 2089 2675 3169 2909 1149 1794 1466 3342 2177 3347 1958 1234 5194 2688 2931 1605 1615 1367 4438 793 1580 885 2788 4109 3538 6346 6855 1941 4161 1099 6408 2128 3019 6319 1118 787 2328 1406 1682 2940 2351 7701 569 2471 2488 1257 1420 1884 3043 2213 1304 1202 4243 1605 2833 4787 1210 6149 1703 925 6778 3182 4575 3783 3190 924 2005 3730 1790 4427 2149 7252 1962 901 1752 4729 1856 5183 2087 2149 1964 2024 1146 1067 1640 1991 2653 3107 1881 5051 3587 4875 3187 3284 7619 2043 1293 8745 1583 1913 1543 2737 5315 4304 2270 1809 2205 1053 1783 705 6601 3550 3472 6032 2948 3971 1472 1711 2825 2479 4063 5140 2849 1547 3709 2563 7062 5748 5118 5751 4464 2915 4870 3044 4027 3580 6711 977 2870 2156 1603 3153 2723 2377 2727 1142 3694 2535 2290 4937 2566 1120 4352 2491 2154 1097 2477 1236 3216 5045 996 1507 3387 1179 1120 870 805 1313 4144 2641 1097 3241 2385 1197 3808 1649 5968 4498 558 5712 1166 2630 516 2223 2591 2121 4882 3858 556 1237 2618 5743 2297 1955 4960 4498 1765 1548 5433 2704 1446 1222 4790 1638 1491 7271 7009 2826 6876 3004 4162 6232 3585 5645 1390 1370 2687 3913 1405 4406 6980 3151 788 1295 3488 3267 3427 3077 740 3048 1563 1458 1591 2545 1756 1338 2323 541 3759 1247 6832 375 6461 1369 1150 3442 7324 4459 1250 364 3157 4011 5988 1124 2714 1270 1344 1021 5553 888 2993 816 1330 4580 5160 3202 1744 2780 1633 1805 2372 3733 4233 4027 2911 1195 3958 2967 1360 2160 1851 6131 2412 1116 2089 3178 1721 1836 6436 588 5212 4431 2301 1376 2526 1485 1724 1486 3381 6511 1436 2958 4519 2954 2412 1871 3033 2541 610 3861 5929 1756 1170 4305 3569 4066 5605 6852 4057 1555 4012 808 1218 4107 1085 1436 1698 1477 1362 695 1547 5597 8353 2765 2854 1467 1306 3831 2877 2586 3631 1129 1482 1042 6810 1678 1954 3237 6002 4712 4581 1540 5807 1484 2711 1639 2939 1014 1101 6056 4153 1244 3788 2908 1323 4926 2174 2087 5691 3826 926 5104 3067 1118 4404 2054 2494 1770 2355 1119 1518 4951 6626 3630 1342 3604 2913 5270 1543 6606 2363 3002 3221 1098 3418 2986 2648 1543 3402 6937 971 2207 1786 8088 4452 1354 7081 3743 1907 6248 4256 3949
1022 4150 2430 4247 3740 2005 1437 3867 3116 3355 2234 1430 8067 6715 1672 7717 2550 6362 2610 3028 1098 1359 3099 6940 3862 3154 742 2529 8333 1718 1217 6153 3162 1498 3464 4823 1595 1029 5457 1801 6624 3584 1385 2833 1768 1496 1610 1205 1485 6842 1287 3491 2852 1812 3978 1952 1031 8215 1416 1897 7571 2126 613 1506 376 4919 4571 5495 2314 5686 6923 2174 1900 4499 3858 1932 6379 3132 3368 4492 7453 1800 3750 1617 8626 1809 2974 6437 3266 2795 3431 3231 1318 2193 2255 3630 2657 3714 2930 1765 8031 3246 3021 1669 1836 2293 4734 1001 1840 1244 3220 6329 3611 6456 7881 1966 4542 1545 7045 2236 3106 7472 1387 1123 3811 2771 1813 3652 3166 7974 1732 3775 3016 1521 1563 2024 4063 3544 1431 1646 4693 1687 3029 5782 1372 6744 1787 1209 7305 4261 4812 4737 3592 1546 2206 5813 1852 4650 2451 7547 2076 946 2075 5490 1910 5713 2167 2299 2074 2258 1184 1336 1752 2748 2771 3413 3792 6653 3903 5008 3202 3555 8404 2227 2583 9279 1585 3205 2371 2823 6157 4856 3284 1815 3377 1090 2723 1048 7672 3900 3488 6057 3053 3995 1629 3291 3686 2621 6149 5918 3035 1703 4954 3268 8008 5949 6410 5918 5389 2997 5212 3161 6239 6149 7901 1725 2971 2289 1927 3248 3352 2595 2954 1396 4441 3128 2595 5850 2620 1524 4439 2728 2404 1543 2771 2411 3296 7015 1687 1858 3581 1273 1288 1122 968 1339 4719 3102 3311 3343 4578 1715 4875 2745 6160 4679 1482 5952 1415 3238 524 3908 2606 4432 5854 4389 1185 1547 2768 6326 2734 3538 5903 4675 2329 1768 5806 2748 1595 1793 6431 1879 3781 7342 7820 3725 7139 3121 4751 6282 3600 6099 1636 1733 2757 4266 1879 4545 7022 3312 1807 1934 5618 4529 4716 3338 1788 3683 1786 2256 1695 2620 1821 1630 2859 1764 3804 1502 7846 567 6614 1587 1491 3504 8023 6561 1364 454 4178 6998 6499 1172 2992 1349 1746 1258 6831 1285 3916 856 1382 4584 5485 3229 1893 2956 1694 2050 2398 7060 4603 4398 3492 2582 4207 3008 1683 3223 2805 6732 3498 1429 2621 3460 2394 1874 7302 1027 6399 5205 2595 1399 2697 1507 2068 1544 7081 7255 1709 3011 5243 2998 3266 2991 3280 3100 1129 3863 7850 1951 1379 5333 3877 7221 5690 8607 4388 3093 6999 1238 1432 4795 1215 1963 1808 2035 2481 874 1584 5712 8531 2794 2944 1737 1522 3959 3075 2767 4194 1188 1620 1104 8869 1734 3023 3265 7294 6278 4817 2219 5903 1796 2872 1738 3245 1374 1457 7573 5480 1303 6264 3875 1406 5401 2246 2089 5919 4058 976 5221 3548 1604 5254 2525 2686 3174 2565 1295 1641 6922 6721 7478 1447 4452 3054 5546 1973 6677 4347 5279 3249 1752 3746 3255 2712 1550 5507 7447 1207 2881 3885 8274 4581 1364 7388 4143 1933 6762 7845 5003
1334 6728 2497 4379 4175 2031 1938 4169 3678 3418 3140 1846 8617 7522 1674 8545 2994 6821 3717 3930 1233 1511 3167 8124 4367 5365 1402 3686 9054 1926 1824 6726 3516 1883 3512 9535 1813 1459 6975 1837 7167 3661 2090 4186 1900 1793 1840 2337 1660 7044 1469 3682 3250 2091 4313 1992 1369 8569 1755 2125 8452 2330 1048 2178 1155 6050 5470 6048 2385 6242 8759 2336 2068 5323 6584 2206 6620 3339 3805 6528 7524 2300 3858 2045 9769 3274 3436 6757 3708 2971 4126 4592 1420 2214 2619 6334 3187 4106 3745 1918 8895 4231 3568 2261 2212 2775 5127 2119 2246 1983 3877 7291 3662 7065 7907 2040 6207 1660 7162 2266 3777 7521 1408 1191 4219 2804 2037 3720 3441 8001 1932 5420 3586 1797 1656 2051 4077 3839 1966 2016 5538 1886 5929 7605 1413 8177 2140 1457 7522 7338 7178 7585 3974 1778 2402 6679 1865 5232 3345 7676 2321 1094 4308 5509 1920 5868 2200 2325 2335 3805 1577 1652 1851 2917 3943 4244 3948 6849 4165 5745 3416 3959 8871 3179 4158 9285 1741 3355 2388 5407 8245 4985 3504 1983 5561 2523 2911 1456 8160 6700 4202 8461 3177 4092 1998 3719 3966 4456 7655 5975 3327 2415 5789 3274 8324 6339 6931 8602 7446 4467 5464 4857 8450 7414 8335 1828 3205 3001 2104 4572 4520 2694 3237 1887 4867 3326 3323 5939 3196 1538 4723 3480 2693 1813 3116 2675 3687 7924 1706 2115 4776 2030 1393 1172 4786 1532 4919 3322 3718 3790 7724 1736 7436 3977 6933 5622 1870 6002 1537 4138 808 3909 3486 5530 5990 4651 1570 1826 3004 6909 3801 4405 6455 4874 2708 1791 5945 3318 1828 2150 9133 1905 4164 8532 8079 3885 8994 3785 7748 6840 3985 6819 2190 1777 4279 6188 1966 5443 8035 3332 1956 2121 6147 4736 5032 3664 1831 3710 1978 2325 1925 5442 2110 1649 3249 2807 4133 2201 7869 961 6925 1793 1503 4594 8114 8455 1434 697 4220 8877 7095 1655 3712 1981 2185 1358 7229 1307 4104 948 1386 5745 5668 4237 2346 3788 4037 2089 3671 7080 4806 4473 3558 4263 8219 4616 1810 3355 3734 7571 3702 1773 3367 3853 2965 1932 7428 1617 8225 5829 2854 1599 2917 2198 2115 2001 8252 7732 2223 3365 5726 3297 3694 3332 4032 3447 1457 4381 8231 1989 1414 5363 4996 8323 7185 8886 4488 4088 8728 1639 1446 5318 1283 2015 2157 3204 2674 947 1939 5737 8893 3023 3173 2096 1665 3964 3740 3700 4488 1922 1759 2080 9029 2020 4039 3802 7936 6998 6568 2411 7547 1855 2940 1995 3970 1582 1768 8606 6287 1574 6634 4060 1829 7009 3503 2093 6180 7535 1426 5960 3712 1959 6699 2651 3478 3234 2696 1870 1899 6969 7398 8945 1572 5449 4331 7322 2012 6715 7961 5347 3833 2073 4131 3490 2800 1798 5734 7470 1860 3021 7669 8425 4976 1801 7731 6447 2127 8077 8026 7350
1705 8279 2541 4498 4327 2077 1971 4276 4397 3916 3160 2010 8862 8277 1769 8681 4158 6903 4638 4396 1447 1690 3918 8383 4381 8755 2060 3882 9503 2374 2108 6773 3605 2444 3997 9909 2106 1520 7026 1877 8695 3897 2111 4625 2230 1874 2027 2396 1762 9301 1646 3999 3735 2147 4619 2017 2181 8764 1844 2251 9002 3791 1290 2275 1405 6573 8585 7067 2488 7322 8998 2344 2393 6403 8381 2421 7538 3805 4119 7958 9534 2445 4255 2137 9956 4482 4469 8466 4616 3301 4231 4895 2259 2326 2879 8096 3919 4533 7448 2426 9807 4265 3659 2345 2486 3235 6773 2445 2272 2027 4102 8350 3987 8142 7928 2160 7988 2382 7319 2327 3961 8821 1473 1817 6067 3978 2113 3928 3723 8214 2003 9020 4209 1805 1733 2057 4333 4940 2036 2065 7315 1932 7464 7674 1531 8903 4996 2079 7598 8111 8387 7643 4582 1821 2711 7278 1898 6723 3821 8586 2335 1227 4625 6151 1958 6353 2219 2481 2426 3965 1995 1769 2468 4394 4006 4271 4394 7979 4532 6606 3516 4200 9371 3949 4323 9505 1875 3374 2470 5423 9121 6002 3691 2174 5620 3405 3620 1861 9311 8122 4503 8628 3587 4162 2385 4299 4150 4727 8024 6285 3695 5668 6136 4631 8548 7506 7040 8683 7970 6488 5493 5267 8585 7625 9176 1921 3534 3497 2268 4779 4936 4159 3673 2157 5920 3661 3475 6293 4031 1675 4763 3989 3133 2254 3741 2921 4054 9361 2077 2288 5103 2191 2134 1331 8790 1766 4932 3854 4736 4047 9065 2044 7933 4726 8393 8257 2082 6506 2038 4283 1138 4197 3525 5964 6991 4727 1877 1952 3876 7947 4625 4668 7230 6433 2906 2268 7710 3404 1920 2373 9227 2136 4243 9604 8183 4584 9146 3944 8453 8253 4090 7448 2192 2256 4324 6398 2323 6707 8239 3434 2120 2311 6167 4838 7284 3836 2051 5883 2278 2355 2076 6667 2152 2019 3406 3213 4783 2218 8181 2087 8652 2250 1581 4628 8531 9141 1690 1099 4559 8996 8955 1944 4808 1989 2468 1454 8694 2297 4148 1449 1730 5889 8328 4457 2407 4614 4283 2255 3754 8480 4814 4619 4114 4509 9038 4656 2106 3519 4253 7738 3764 2004 3755 3899 4434 2338 8019 2005 8510 6333 3861 1748 3085 2217 2224 2496 9358 7881 2256 3445 7280 3336 3873 3346 4056 3483 1526 4386 8470 2333 1917 6479 7911 8340 9114 9136 4739 4510 8833 2383 1608 7739 2211 2347 2540 4780 2934 1040 1965 6927 9538 4620 3809 2172 1898 4092 3820 3883 4502 2019 2188 2129 9301 2145 4343 4853 8315 7042 8627 2441 8389 2171 3368 2165 4655 1686 1821 9096 6355 4588 7708 4358 2339 8774 3554 2139 6191 8343 2220 9918 4350 2331 6910 3464 4088 4549 2821 1880 1979 7327 7664 9204 1622 8542 4333 8149 2052 7376 8559 6170 4811 2226 4436 3804 4195 2453 6496 7675 2143 3097 8214 9737 5619 2116 8392 8375 2227 8204 8517 8207
2064 8479 2564 4705 4881 2343 2095 4976 4491 4146 4520 2157 9092 9019 2299 9798 4852 10002 4870 5056 2115 2233 4645 8759 4838 9750 2274 4304 9998 2480 2580 8955 4432 2590 4520 10038 2289 1790 8785 2407 9204 4795 2312 4945 2507 2084 2273 2490 1944 9989 2158 4646 4211 2170 4758 2516 2506 8980 2097 2474 9867 4091 1439 2351 1480 7802 8619 7095 2526 7919 9012 2549 2401 6589 9636 2422 8258 4595 4247 8566 9738 2498 4335 2377 10035 4727 5012 9565 4730 3893 4744 5017 2336 2340 4095 9855 4559 6706 9828 2432 9854 4423 4631 2434 2548 3499 9051 2469 2382 2486 4771 9923 4238 9427 8005 2323 8039 2390 9122 2459 4181 9731 1487 2158 8589 4348 2382 4265 4662 9727 2034 9174 4410 2489 1991 2151 4468 5039 2130 4831 9016 2497 9973 8513 2308 9171 5005 2207 9729 9917 9819 9597 4739 2226 4194 9366 1913 9631 4368 9003 2483 1471 4632 9545 2432 8955 2487 2506 2445 4761 2263 2560 2566 4710 4246 4614 4843 7998 4648 7998 3841 4692 9428 4707 4843 9663 2018 4355 2517 6748 9437 6221 4648 2467 7098 4601 4150 2456 9795 9719 4784 8997 3646 4456 2427 4702 4417 4973 9454 8526 4877 6736 7487 4971 9052 7619 8324 9471 9896 7104 6337 7984 8874 10016 9742 1968 3925 4725 2426 4783 4955 4620 4174 2315 8508 4421 4059 7528 4174 1709 5083 4949 3814 2523 4827 3898 4213 9789 2592 2472 5450 2279 2484 1508 9534 1957 4956 4395 4933 4100 9148 2226 9501 4959 9513 8524 2155 8002 2277 4693 2114 9869 4127 7299 7731 4844 2189 2422 4058 8082 4996 4959 7710 8037 3489 2286 9688 4219 2171 2410 9594 2499 4722 9938 9431 4915 9201 4354 9615 8901 4467 9910 2497 2433 4912 9543 2523 7907 8450 4710 2571 2324 7822 4970 9409 3844 2393 9618 2523 2494 2131 9900 2485 2280 4436 4026 4903 2407 9859 2117 8682 2503 2405 4760 8861 9664 2243 1935 4657 9497 9729 2468 4879 2531 2500 1995 9320 2397 4994 2456 2333 9011 10026 4519 2440 4619 4554 2562 4138 9837 4937 4769 4148 4723 9989 4881 2361 4587 4806 8153 4778 4457 4408 4353 4752 2515 8683 2207 9782 9684 4653 1765 4495 2390 2303 2551 9530 8164 2340 4476 9075 4103 4160 3934 9440 4022 1757 4874 9775 2521 2387 7966 7963 9750 9551 9996 4982 4797 9111 2384 2261 7905 2416 2357 2548 5010 3413 1679 2501 8347 10013 4758 4425 2189 2019 4754 3904 4601 4667 2111 2279 2280 9410 2333 4429 4914 8820 9516 9390 2461 9555 2197 4398 2529 4835 2153 2128 9563 7170 4939 8336 4383 2537 9045 4395 2358 9390 9736 2426 9960 4859 4498 9618 4153 4488 4868 3866 1994 2016 7522 8871 9415 2242 8566 4804 9678 2479 8662 8936 7059 4828 2341 4472 4867 4418 2514 7161 9655 2310 3389 9476 9902 8874 2461 9058 8657 2324 9095 9015 9654

182 695 422 624 44 24 173 291 163 46 98 586 928 1065 349 734 124 261 160 118 16 369 196 134 54 252 13 931 792 553 376 725 731 387 46 409 189 8 258 425 13 33 74 916 283 26 71 18 190 34 210 298 228 429 676 412 35 985 22 121 1752 411 191 60 83 787 936 340 32 6 587 69 343 293 479 231 80 177 81 339 172 148 1027 37 542 497 195 1150 455 247 181 1529 243 187 701 549 355 475 612 355 163 104 44 210 273 93 932 344 476 75 226 1410 173 841 1982 154 367 271 1384 466 411 96 253 302 334 6 232 621 680 2634 80 1063 697 522 149 393 213 90 50 145 633 141 123 57 244 1402 39 276 931 85 590 96 474 326 182 325 388 731 223 394 45 325 51 893 121 1231 460 969 216 121 236 102 211 475 168 1336 371 230 1011 532 1070 289 323 481 195 166 34 204 54 688 1248 265 849 239 294 124 173 197 481 952 1356 1734 1771 277 224 839 490 1320 101 695 356 304 58 327 254 1761 635 1227 1082 646 400 19 712 73 1374 78 1571 488 89 624 680 296 53 63 193 207 686 159 122 345 130 90 301 50 175 14 2 375 103 290 907 158 86 114 108 129 372 736 207 480 904 63 1730 414 1245 1094 129 72 342 71 34 60 313 102 779 286 46 663 809 1443 257 40 700 1404 106 165 44 673 165 149 424 218 742 176 2159 714 1937 143 1456 995 730 1572 377 282 141 964 24 1232 1363 1133 359 104 180 357 497 162 174 700 570 331 176 157 167 410 23 82 511 336 783 51 667 290 206 470 179 416 654 57 108 262 306 82 115 268 388 6 2449 38 173 251 566 92 780 869 60 146 241 125 1379 252 214 734 167 219 244 187 291 400 214 684 55 59 169 50 971 230 325 60 1004 330 342 23 73 35 355 343 342 2083 316 1023 428 263 1076 159 555 190 103 550 211 97 174 145 71 1030 652 16 242 300 104 176 142 551 393 282 120 286 130 197 748 628 24 105 355 135 17 423 1100 194 570 85 309 188 159 751 480 60 968 144 551 278 1462 48 29 597 521 58 214 937 1225 186 337 447 54 564 743 255 485 905 112 2177 231 197 140 254 164 426 947 275 449 2414 91 530 326 967 575 330 380 722 586 15 366 214 712 266 179 36 11 1543 162 288 46 732 207 184 1387 155 326 191 228 1243
130 590 153 109 19 2 62 168 62 45 50 292 68 291 286 14 4 18 75 74 4 368 154 2 26 130 11 742 682 71 151 554 223 374 21 233 99 7 97 407 10 16 48 520 265 5 15 10 32 8 21 143 212 206 508 400 8 601 20 17 1230 202 29 9 65 230 510 116 5 5 301 40 82 22 162 167 30 87 38 26 85 8 603 26 18 341 8 411 56 146 150 1342 19 182 81 363 206 307 519 257 53 54 11 191 168 38 285 260 17 64 47 1096 55 244 919 35 246 14 773 120 306 48 250 15 171 1 195 402 631 2471 46 543 442 334 10 80 199 2 48 138 324 110 95 26 15 757 12 82 874 37 461 12 29 251 93 262 240 392 67 304 2 260 44 202 86 357 400 538 179 33 153 8 145 444 23 1030 34 203 831 329 583 87 51 344 48 150 29 51 35 419 1061 218 160 83 47 119 10 43 83 83 198 198 1368 180 125 251 151 946 31 357 311 119 6 168 139 548 318 1125 908 151 345 15 415 70 1233 54 1191 117 43 76 586 43 47 42 149 202 678 103 81 296 16 45 85 5 151 9 1 107 82 76 680 68 21 86 60 83 202 229 122 281 40 47 1118 62 520 704 99 17 198 47 1 4 206 81 778 210 7 1 664 1214 6 16 464 1333 31 116 43 124 146 141 155 14 559 104 217 280 903 50 702 907 536 315 110 182 26 370 15 272 702 630 220 60 174 296 16 139 60 570 337 307 58 15 20 337 2 49 79 189 429 23 357 106 130 171 49 346 291 47 36 53 300 49 31 148 290 2 546 23 81 37 342 79 677 581 44 127 210 41 426 234 181 130 18 31 95 49 100 341 117 153 31 25 118 17 251 124 126 49 59 101 126 2 42 34 343 321 85 1773 177 220 40 128 66 125 76 11 31 529 70 23 26 24 40 64 442 10 225 172 1 45 97 396 370 85 108 93 114 6 406 517 4 93 104 83 11 110 718 174 488 16 282 134 151 444 353 39 565 81 431 234 1245 42 5 221 126 36 100 869 510 62 67 57 38 291 95 166 158 877 51 1079 23 169 114 117 7 189 500 44 273 534 18 238 102 375 570 93 317 229 100 8 5 207 661 102 35 20 4 149 10 53 29 586 99 93 1376 103 85 45 61 376
