500 9 2
70 18 11 12 98 40 39 11 73 35 57 53 3 39 19 23 13 50 67 56 79 19 23 98 5 58 97 38 44 15 58 68 81 88 36 87 21 17 26 83 60 69 38 14 20 86 43 3 44 79 72 23 91 59 94 85 98 61 30 84 73 1 12 23 63 41 68 20 83 98 47 65 54 84 3 78 22 100 41 77 84 65 73 46 52 67 34 46 57 12 90 1 80 94 43 97 83 3 48 82 40 39 62 95 87 19 99 23 13 92 79 62 89 16 63 69 99 33 89 3 40 83 78 60 72 65 96 89 95 72 85 33 47 19 63 19 76 52 78 44 32 9 80 53 35 14 15 70 41 93 3 77 51 31 23 52 95 53 1 69 78 35 82 46 47 80 42 9 95 30 99 30 40 62 15 1 30 88 94 36 10 67 5 7 8 96 58 42 75 19 51 11 2 1 44 56 91 96 83 25 40 28 83 19 99 86 36 55 62 52 2 49 16 48 66 7 73 31 20 61 75 91 9 52 94 42 61 86 87 29 55 20 16 4 27 74 95 40 81 56 58 76 82 61 100 51 35 28 94 15 34 44 7 9 51 87 67 72 47 97 19 6 74 60 14 64 39 58 92 84 29 34 3 50 30 5 18 14 22 68 39 41 58 89 23 3 41 41 24 44 54 80 52 7 43 100 89 61 10 65 2 7 24 10 28 77 11 76 40 84 52 50 45 65 9 58 7 63 2 41 69 24 34 7 80 71 72 10 40 49 99 83 67 82 21 51 4 56 41 51 57 62 79 93 88 65 13 68 42 49 40 11 22 21 65 63 83 30 75 65 23 86 28 32 54 66 57 3 34 26 45 49 31 31 26 74 26 56 93 20 90 87 5 76 34 32 18 41 61 2 2 82 35 26 30 75 82 49 56 59 24 83 11 46 10 66 73 71 3 3 45 18 77 60 64 71 82 12 18 68 19 33 31 78 43 14 5 43 4 50 78 34 42 17 21 16 99 96 17 66 98 21 58 17 37 62 40 64 45 4 80 79 70 44 46 43 53 74 74 34 15 32 38 15 25 41 59 10 21 25 14 69 16 71 79 48 58 23 29 84 26 7 64 18 46 85 11 69 4 93 36 24 17 51 72 30 74 83 35 89

3 27 5 3 1 25 7 17 8 13 9 1 7 23 8 12 6 8 2 8 6 1 30 33 24 5 5 8 12 11 2 2 14 6 10 2 26 8 35 2 6 1 11 4 2 12 16 6 7 7 10 18 5 2 2 19 14 10 2 36 2 7 14 3 9 9 21 21 34 4 6 2 27 4 6 21 11 4 1 3 4 23 14 4 13 3 15 17 11 23 7 2 12 10 2 1 7 10 13 13 8 1 4 11 17 17 3 7 10 1 1 1 18 12 3 1 2 3 3 16 7 1 12 1 4 3 12 8 1 6 6 28 36 17 3 15 6 4 3 34 20 12 17 18 2 15 29 20 2 12 21 5 4 21 13 3 6 1 7 14 12 10 8 11 1 5 5 10 1 5 9 5 1 6 7 6 4 4 32 5 13 19 12 9 4 56 6 20 16 23 1 21 44 3 12 14 11 30 7 9 5 10 2 25 6 6 11 38 2 6 4 11 8 12 12 21 8 4 2 2 6 9 12 4 9 8 10 2 7 2 1 11 12 10 13 11 3 16 12 7 9 2 11 20 9 6 15 5 8 1 16 4 7 9 3 3 8 30 3 24 3 20 13 8 8 36 38 6 17 7 4 3 18 3 6 3 18 7 2 26 20 9 5 10 7 5 24 6 7 6 19 6 1 5 20 9 22 7 1 2 2 23 6 2 1 5 2 2 8 10 22 14 11 12 7 2 5 16 1 18 3 7 7 18 11 18 21 1 20 32 34 6 3 11 10 6 5 1 12 10 2 12 14 3 16 6 3 10 5 28 4 6 7 11 12 10 16 4 2 9 2 44 12 9 6 1 4 15 10 2 10 2 23 11 9 4 9 4 1 25 1 5 16 10 2 14 10 4 5 8 2 10 5 5 5 6 15 2 44 5 10 7 18 6 23 12 11 1 11 2 9 7 6 15 18 1 10 4 2 8 1 19 6 11 29 7 7 3 2 10 20 5 1 2 10 1 1 3 1 3 9 8 9 8 3 22 19 3 14 15 19 12 17 14 5 7 22 13 8 1 21 9 2 12 3 7 5 2 12 8 8 3 21 31 1 15 5 1 5 3 17 9 3 16 6 46 5 28 3 22 22 5 10 9 4 2 28 22 33 2
13 27 14 7 13 32 56 19 29 27 10 12 9 26 35 20 17 14 9 19 10 10 36 38 34 20 10 8 49 29 23 2 16 17 14 5 28 9 38 11 20 13 14 7 3 15 25 20 7 12 19 37 14 5 3 25 41 11 4 36 5 7 27 50 15 12 27 28 38 20 25 5 60 14 14 25 46 14 8 16 10 42 32 24 32 4 24 27 12 26 13 5 27 11 6 3 10 13 24 13 11 31 41 12 53 19 20 18 27 15 7 23 28 12 8 7 15 21 15 18 9 7 21 8 7 3 41 10 12 20 19 30 41 22 6 21 23 55 10 44 23 14 18 22 19 33 34 22 5 12 25 8 7 43 28 28 7 1 19 20 14 15 9 29 7 16 16 41 8 14 33 38 18 8 21 22 32 12 33 20 14 23 18 27 4 62 16 43 26 29 9 28 61 17 14 22 13 33 22 22 5 27 7 26 9 10 15 50 10 7 5 16 8 23 23 25 8 10 16 20 31 21 22 14 18 23 20 17 40 17 16 34 24 10 40 28 6 27 35 11 12 9 26 20 19 23 17 22 9 6 27 10 22 18 16 9 12 34 31 27 16 25 35 15 10 37 50 9 36 10 6 16 22 9 33 13 41 23 5 49 30 28 21 16 26 6 39 15 10 26 34 8 2 13 40 9 35 9 8 12 10 31 9 14 7 8 30 5 66 33 28 27 25 31 9 8 20 29 14 34 4 15 9 21 38 20 35 4 37 42 42 27 5 40 14 18 17 7 15 23 18 14 15 26 24 9 3 19 43 28 29 7 28 28 13 43 18 5 16 9 3 44 33 41 8 22 20 20 12 10 18 4 25 23 20 8 29 20 1 31 4 21 32 11 13 23 11 14 17 10 3 12 6 13 10 16 16 22 45 15 21 9 27 44 25 18 57 11 38 25 16 12 12 25 20 12 18 24 3 53 10 23 18 44 50 16 13 4 11 20 21 31 5 5 28 7 12 7 45 5 23 13 17 14 11 40 23 7 14 31 26 22 21 29 14 10 22 27 21 21 38 10 6 17 12 22 16 12 18 33 21 7 23 38 10 19 36 12 14 7 32 17 18 20 7 57 9 32 27 40 25 7 12 25 5 16 38 23 38 23
19 35 18 32 37 38 59 31 43 39 11 26 11 30 40 27 21 15 41 22 13 40 37 52 35 20 25 16 53 30 24 6 26 22 17 18 31 14 56 23 25 45 58 14 26 47 44 29 32 20 30 60 17 26 24 35 48 25 10 37 6 27 37 51 15 17 29 29 38 24 27 13 64 22 20 47 61 15 14 18 14 44 34 26 40 6 25 47 26 29 15 21 36 33 21 4 25 14 26 38 12 31 50 21 54 21 26 32 29 19 14 36 55 30 21 11 29 27 23 19 37 14 24 16 12 8 56 12 24 34 36 36 51 29 7 28 53 55 21 54 28 16 34 27 50 43 39 63 5 28 44 8 27 53 37 44 14 16 23 31 37 22 9 35 8 19 27 43 9 19 34 40 24 16 26 35 57 25 35 23 14 29 45 29 21 66 35 46 45 41 23 41 69 45 23 42 30 44 23 43 15 34 16 42 42 23 23 53 52 10 6 21 18 32 37 56 16 12 19 32 53 21 26 18 25 35 22 20 49 19 42 38 34 25 49 30 37 39 49 47 19 10 29 25 19 27 24 27 19 26 39 27 38 34 22 14 32 46 40 32 21 46 36 19 19 43 67 30 38 32 6 31 24 25 39 14 61 28 11 50 35 31 46 22 28 10 47 30 16 29 57 16 3 17 66 25 38 24 29 32 20 39 15 15 15 21 33 17 72 51 41 38 31 50 20 47 27 33 21 46 17 27 27 33 65 35 43 14 37 43 59 37 19 45 23 36 32 31 18 33 18 20 34 27 35 12 4 25 44 43 29 12 39 63 20 58 30 6 18 10 20 51 36 43 22 25 26 38 22 17 18 27 27 47 23 19 45 22 4 31 8 22 42 20 13 35 12 38 29 18 45 13 12 14 22 19 42 43 46 22 21 10 28 62 28 22 57 22 49 35 23 27 13 36 26 32 28 26 15 55 17 29 27 47 51 31 40 36 30 22 30 49 17 29 54 8 17 10 47 20 24 22 24 16 20 42 31 14 31 32 54 37 21 58 15 24 25 31 23 23 41 12 27 18 19 38 21 20 25 37 56 8 27 43 13 25 40 17 25 16 34 18 49 31 28 60 9 35 28 47 31 23 15 28 21 37 39 24 43 25
34 46 25 36 42 51 68 46 46 68 20 38 16 37 50 30 36 24 46 23 15 41 58 53 56 27 35 44 65 32 25 42 29 37 61 21 34 29 68 26 27 46 58 27 53 48 55 31 36 39 36 69 19 36 27 44 55 52 24 55 27 31 39 53 18 33 54 34 48 30 27 24 75 22 31 51 63 21 35 21 25 58 38 34 45 6 29 52 30 40 22 24 50 39 22 16 43 25 26 50 19 37 63 31 56 47 36 42 39 43 33 64 67 45 36 21 33 52 31 19 59 15 26 34 18 12 59 19 25 64 46 41 57 42 11 43 59 74 41 61 59 17 56 39 58 45 43 67 10 30 44 40 31 53 42 67 45 23 30 44 64 29 20 41 26 44 32 43 36 31 48 65 26 26 37 55 57 32 38 48 23 64 46 38 55 72 43 59 48 41 30 41 71 56 28 43 51 55 41 48 19 57 29 52 67 33 27 55 54 14 13 27 44 32 42 63 22 40 25 36 54 28 34 19 34 43 22 29 64 50 49 41 46 36 52 38 49 48 53 47 29 38 34 41 31 33 28 28 39 44 41 34 44 41 28 25 41 48 66 53 24 59 40 34 20 51 70 33 45 52 22 38 31 43 40 19 62 31 15 51 36 44 58 35 44 17 64 37 22 33 61 34 4 19 72 52 48 29 34 33 23 56 52 22 53 38 34 32 75 62 44 38 34 59 20 63 30 38 45 52 36 36 37 36 68 39 53 16 47 45 64 39 19 47 27 36 45 52 27 44 21 24 45 37 52 15 19 26 51 46 31 14 47 68 40 61 32 9 46 10 24 65 50 44 25 33 37 50 40 23 49 68 29 55 41 20 53 36 11 44 20 36 44 21 24 41 14 55 34 31 81 18 59 33 31 30 49 44 48 34 31 14 69 67 56 34 75 31 54 45 29 40 21 51 28 43 31 28 30 58 31 31 32 54 53 49 49 42 53 33 42 65 31 32 61 23 24 12 52 21 38 49 32 22 27 59 37 28 33 34 55 42 47 63 35 31 41 51 30 55 46 32 29 28 22 41 23 24 30 58 62 10 30 49 20 33 44 31 43 40 36 37 55 37 34 61 12 39 43 48 36 36 18 35 28 52 41 33 67 26
36 64 40 42 51 55 69 48 69 69 24 40 17 49 62 66 59 52 75 33 18 44 65 57 57 33 36 61 78 40 40 51 35 37 61 46 39 37 68 39 41 47 62 30 68 56 57 58 45 50 41 74 31 51 28 57 58 60 27 59 35 36 44 65 37 51 57 45 68 35 36 32 80 58 46 70 73 24 40 30 28 58 49 42 47 22 70 65 31 44 26 50 59 59 27 23 55 27 27 56 22 39 75 34 62 48 45 47 43 48 45 71 73 47 47 28 41 67 48 24 62 34 61 37 22 21 71 30 33 76 47 42 59 42 15 51 91 88 45 65 81 35 66 44 69 50 44 75 21 41 57 54 38 58 59 69 50 42 33 46 81 51 50 47 27 52 33 53 56 56 61 72 29 31 49 56 63 47 44 54 26 66 57 42 63 73 54 60 66 48 36 43 83 71 40 52 70 62 43 76 20 60 41 53 76 51 49 57 60 55 18 52 53 64 57 81 55 41 54 82 61 35 43 34 35 46 29 31 65 63 68 48 50 63 53 39 51 73 56 51 43 46 44 49 49 51 38 41 58 61 66 56 67 49 35 36 42 58 67 65 29 62 52 34 29 64 75 39 47 55 28 38 41 51 40 38 63 35 36 64 41 56 62 37 57 40 74 59 45 49 71 55 11 32 82 60 60 43 66 46 28 67 56 53 55 39 35 64 78 65 45 48 48 78 62 69 31 47 60 77 44 48 49 68 71 43 62 22 49 52 76 42 25 55 32 37 60 57 31 56 47 36 55 40 77 18 25 29 52 53 38 21 59 69 40 62 36 17 74 12 31 73 65 46 25 42 45 70 41 33 53 73 42 60 56 37 53 55 30 51 44 44 46 36 24 42 31 64 49 40 82 19 60 36 47 43 70 46 50 59 36 36 74 73 65 42 79 59 59 58 63 47 46 66 43 54 37 29 31 74 34 65 49 58 55 52 54 45 54 34 58 68 54 38 66 29 24 18 67 34 41 58 34 34 33 62 41 44 52 36 68 54 47 67 45 54 47 71 33 58 46 33 38 31 48 43 33 34 72 77 75 20 33 59 54 50 50 38 60 49 47 54 63 64 37 64 33 56 58 53 45 37 49 67 32 65 47 39 67 46
44 65 63 49 68 73 74 69 70 74 34 47 36 62 71 74 63 55 78 36 20 44 73 69 59 39 40 66 84 71 58 67 36 58 62 46 52 73 87 59 45 55 72 48 84 74 69 89 56 53 43 81 32 60 33 72 76 63 63 61 55 38 64 68 48 64 73 64 74 46 47 42 80 69 52 75 81 31 41 36 44 74 68 42 52 30 71 86 55 57 37 66 77 62 43 37 66 41 40 58 61 42 75 38 70 61 45 51 52 50 72 72 75 73 49 36 62 69 54 47 64 35 61 40 36 24 73 60 38 78 56 45 61 59 60 53 92 88 45 66 88 38 66 68 70 51 47 87 28 46 74 61 51 65 70 71 73 44 40 51 86 72 80 51 65 53 41 58 78 56 72 79 36 56 62 61 63 51 64 61 27 68 61 44 65 79 87 77 89 55 51 50 84 76 55 55 71 70 53 78 23 69 51 69 77 53 51 63 67 56 24 54 62 80 58 81 62 48 61 83 73 53 44 47 55 47 42 32 68 65 75 52 85 63 60 60 82 80 60 58 44 55 56 69 54 63 54 49 79 63 77 75 68 53 39 44 54 59 77 66 46 81 58 65 54 70 83 58 48 68 42 41 58 83 81 56 65 37 52 68 45 61 69 67 58 60 76 59 62 71 76 56 15 50 86 60 77 48 71 76 39 70 75 66 60 51 50 65 88 77 54 61 50 79 67 72 54 49 63 78 59 53 52 92 73 50 86 66 53 61 83 69 51 58 37 64 61 80 42 61 59 53 82 50 87 21 27 30 66 66 60 22 62 81 58 65 39 62 85 71 54 75 70 53 38 45 46 80 44 51 54 78 43 61 79 46 54 58 38 67 49 68 47 49 32 51 44 65 66 45 87 32 72 48 57 53 77 59 62 59 62 45 74 74 71 69 81 64 71 60 82 51 75 77 44 55 68 51 44 78 59 71 52 77 56 53 69 53 68 68 66 69 56 49 73 42 28 38 67 72 44 67 59 43 49 67 53 50 54 38 73 78 55 86 58 60 51 82 48 84 82 85 44 52 53 48 50 44 76 78 75 57 35 74 77 74 83 45 66 64 67 58 66 73 61 72 49 63 73 60 62 50 60 69 66 66 56 44 90 46
51 67 73 50 76 93 79 77 71 89 64 65 44 82 83 89 73 58 87 51 30 50 80 70 75 46 51 71 87 71 76 71 50 62 66 69 54 81 91 66 45 70 74 60 89 77 74 89 65 59 59 84 59 72 39 76 79 67 64 88 59 69 65 78 57 66 77 82 78 54 60 61 83 90 63 78 95 48 60 37 44 74 78 62 57 36 73 87 61 58 54 85 80 79 66 38 73 63 66 70 66 72 78 44 74 62 47 59 55 55 75 73 79 74 55 54 71 82 69 52 73 86 89 69 41 34 87 63 46 85 70 60 76 80 72 76 93 89 60 66 95 60 75 72 72 58 52 90 35 68 88 61 54 76 75 89 78 57 58 68 87 80 86 52 67 55 68 66 93 67 92 82 45 81 70 67 74 89 87 63 65 69 73 47 67 82 88 81 91 61 66 59 89 79 77 68 73 81 55 85 32 81 63 82 78 55 90 67 76 57 74 63 84 82 63 84 64 69 64 86 87 64 49 49 67 59 52 41 72 76 81 55 89 65 61 81 82 82 62 61 48 86 61 76 67 78 65 59 85 75 77 86 81 58 52 68 56 66 89 74 66 91 81 68 66 72 86 66 53 83 54 46 71 83 96 63 90 37 86 87 47 70 81 83 72 81 78 64 73 72 88 68 69 65 93 76 81 53 73 81 43 73 81 72 76 55 52 71 90 86 71 76 91 82 85 88 56 57 71 80 82 69 59 94 85 66 91 75 60 73 85 78 78 66 62 78 70 87 47 62 63 61 84 62 89 61 40 44 67 69 62 31 72 82 74 71 65 75 93 73 67 81 82 76 48 73 74 91 87 69 68 90 74 63 80 48 70 63 40 73 60 89 80 70 63 69 50 71 78 52 88 40 72 53 69 64 77 60 63 74 71 64 79 84 76 76 88 66 73 71 88 54 77 78 49 60 72 69 47 81 78 74 59 83 58 56 80 75 70 82 71 87 69 50 75 61 61 68 70 74 67 73 81 71 52 72 64 51 59 55 80 82 74 91 65 68 78 95 61 86 84 86 50 53 57 50 51 59 79 85 77 69 43 90 79 78 94 55 89 89 76 66 74 73 80 87 52 71 79 70 72 59 71 77 87 95 58 79 92 75
96 81 80 65 77 93 82 90 95 93 79 85 50 90 84 93 75 81 89 54 51 78 91 86 77 61 79 75 93 84 82 72 85 86 77 87 62 91 93 85 58 77 80 60 93 78 80 95 79 76 91 93 61 80 83 86 89 85 65 88 70 71 84 79 67 77 81 94 89 83 71 71 86 91 88 79 95 63 88 42 87 80 90 78 75 44 75 97 76 66 81 90 93 88 84 81 75 69 77 75 77 73 82 67 91 68 56 78 65 76 78 86 86 89 85 77 86 85 85 58 96 94 89 96 54 39 88 75 56 91 92 62 80 83 77 77 96 95 80 70 95 74 88 91 87 77 61 90 54 84 91 82 81 78 84 89 81 59 64 76 92 87 95 84 88 94 77 66 96 80 93 92 50 84 84 73 94 90 90 83 81 77 92 52 76 82 89 90 94 68 91 65 93 86 92 99 75 86 73 88 79 84 79 96 95 73 95 89 81 96 82 95 86 92 79 88 68 81 70 95 93 83 58 50 67 64 63 42 74 79 99 76 95 84 70 81 84 94 84 62 68 87 63 84 71 85 66 60 86 76 91 89 93 92 56 94 89 76 90 83 66 96 91 70 68 82 98 73 81 87 73 52 92 84 98 86 93 38 87 89 67 83 83 94 82 82 83 64 99 93 88 84 84 81 96 82 92 81 80 83 88 94 81 91 77 77 90 71 95 89 77 78 94 87 85 89 91 82 89 86 95 75 83 95 86 67 95 77 61 81 89 94 87 71 96 87 77 94 50 70 68 94 85 91 93 85 73 55 74 82 84 35 80 91 74 75 72 91 97 85 71 92 82 90 55 92 91 95 93 83 93 93 81 77 81 89 72 83 88 98 72 93 89 90 73 69 60 76 92 72 92 47 74 54 73 70 78 80 85 75 89 89 93 85 90 79 90 80 88 94 92 75 87 80 72 84 78 74 47 85 83 90 66 92 70 76 81 77 90 84 84 91 83 55 77 63 65 84 72 92 73 86 82 72 89 78 71 70 88 65 88 90 79 92 85 81 86 98 74 87 86 94 87 80 66 52 88 62 84 89 83 83 60 93 92 88 99 67 94 89 88 81 82 92 81 87 77 90 80 86 80 87 77 84 88 99 71 79 94 83
99 85 84 93 98 98 98 99 97 95 88 93 84 100 85 100 92 99 91 75 85 79 93 91 83 62 80 78 99 86 88 96 97 87 77 96 94 99 100 89 71 85 88 87 95 99 99 96 80 76 100 98 93 100 85 97 91 88 95 94 86 75 94 95 99 85 93 98 90 84 82 74 93 100 93 80 97 100 88 84 91 93 95 98 95 65 76 98 98 75 83 94 94 98 95 86 89 100 81 92 89 97 97 84 95 84 88 90 88 81 96 87 87 94 92 83 89 88 96 64 97 95 98 100 94 94 89 100 66 98 99 75 92 92 87 85 98 100 96 85 100 81 98 93 94 100 82 92 96 93 100 90 86 83 86 95 98 61 67 76 99 100 100 90 93 94 96 69 100 99 94 97 66 96 88 100 97 96 94 89 100 94 98 85 88 91 98 96 95 69 92 70 95 99 96 99 91 91 75 93 91 98 95 98 100 81 98 93 87 100 87 97 92 95 85 97 90 93 93 95 100 92 93 60 79 76 64 84 90 87 99 86 95 100 80 100 89 95 86 82 74 89 96 93 74 99 70 82 96 79 95 93 95 100 65 99 98 78 94 99 91 97 95 94 80 85 100 96 92 90 82 54 94 86 100 89 99 74 90 100 77 99 92 94 98 92 84 89 100 94 89 84 94 96 98 92 100 98 80 90 97 100 84 99 88 93 90 90 99 93 96 95 99 90 94 93 94 84 91 91 95 86 99 98 89 80 99 87 73 92 91 98 92 84 99 94 82 100 76 74 97 100 89 95 99 88 82 97 75 88 95 38 89 94 77 77 100 97 97 100 99 93 99 92 58 97 93 98 98 90 97 94 99 94 99 91 77 93 98 100 90 98 93 90 78 69 68 95 97 95 94 47 89 60 74 78 92 88 95 99 95 97 100 92 92 81 93 84 99 94 93 91 94 86 77 94 89 96 66 96 97 97 77 95 87 96 93 84 100 90 87 99 87 94 98 88 89 87 75 98 73 99 86 78 90 85 91 76 92 82 90 95 97 97 100 95 91 98 83 90 99 98 93 81 72 86 91 78 88 99 87 99 81 96 96 91 99 97 99 99 100 93 86 94 83 97 95 100 85 95 98 100 86 88 92 100 72 86 96 88

20 3 44 29 13 34 57 39 15 14 10 27 51 1 6 23 45 7 9 18 16 51 58 20 28 23 25 10 26 46 56 37 18 69 36 2 79 34 65 22 46 29 14 22 41 7 39 35 45 64 58 5 91 9 49 12 74 3 26 33 10 74 25 74 10 20 21 16 62 46 74 5 53 3 32 33 17 56 42 12 7 40 41 77 57 41 8 36 33 30 37 64 29 31 85 18 9 27 22 29 66 8 55 64 8 66 45 65 32 30 21 14 30 19 20 53 33 3 2 37 39 15 94 4 12 22 75 38 19 36 72 10 59 48 57 1 5 55 34 20 64 45 79 42 14 65 2 21 95 48 9 47 22 13 47 49 4 30 5 26 28 27 78 74 85 13 23 3 72 91 37 34 66 60 17 3 35 12 25 6 85 23 21 51 28 9 12 29 4 45 12 9 67 56 23 52 38 74 15 24 26 56 66 68 58 5 6 19 18 35 54 1 38 46 46 24 62 59 29 17 44 9 27 65 21 8 35 13 75 11 31 9 17 33 3 2 84 10 39 56 6 52 24 73 51 9 38 16 31 21 49 21 37 58 9 34 20 21 22 10 7 74 27 9 10 9 44 2 71 49 45 53 19 3 3 25 7 52 77 81 27 66 18 5 28 52 66 29 35 23 34 36 9 23 11 8 56 53 17 40 62 22 36 53 25 41 27 28 69 31 21 77 50 32 2 36 33 91 35 2 72 67 85 68 81 28 57 39 7 63 29 13 18 5 29 3 8 5 24 21 7 38 40 38 75 12 69 51 42 11 25 42 40 9 9 75 30 52 16 24 67 17 41 52 19 8 6 22 46 43 12 80 62 7 38 69 48 8 27 58 1 28 1 10 55 25 43 27 6 40 64 38 17 40 70 8 52 33 13 25 22 7 64 47 54 47 22 28 64 23 6 67 76 16 46 53 57 89 12 34 58 26 55 48 24 27 40 33 5 71 58 9 6 27 51 85 32 60 38 40 86 55 88 67 6 39 69 20 81 8 37 58 29 7 53 31 30 15 40 31 1 70 33 21 39 5 6 91 33 14 58 60 61 35 13 77 31 57 33 1 47 24 71 58 1 11 54 46 11 11 20 34 36 79 11 36 48 10 81 34
39 73 98 86 41 77 89 82 86 23 33 68 64 41 58 96 46 47 38 98 84 88 89 30 47 38 74 63 60 91 58 98 97 86 36 67 80 73 94 68 58 49 63 97 91 96 83 91 69 82 74 8 100 45 70 16 99 44 69 91 47 85 49 85 19 83 27 66 96 89 80 79 74 47 94 44 41 70 42 20 94 47 100 83 98 55 42 53 44 80 83 65 86 95 94 84 91 60 53 42 94 50 99 100 57 75 49 93 63 38 42 21 39 93 89 83 59 37 32 77 62 68 97 40 45 28 94 69 32 72 94 86 61 58 64 7 88 62 44 25 77 73 96 55 64 95 86 95 98 56 51 59 78 51 69 64 72 89 53 36 80 67 90 81 98 32 92 13 87 92 45 78 73 67 69 47 42 72 88 75 100 69 64 99 88 84 45 68 90 75 79 89 85 83 86 76 99 100 25 74 46 92 89 91 95 84 93 74 36 68 93 3 96 79 61 99 73 79 49 24 74 37 76 97 87 50 58 84 91 97 99 81 75 79 43 75 100 60 82 58 27 89 83 82 67 64 39 38 32 48 94 84 98 84 42 45 90 94 39 11 82 76 37 16 57 90 97 65 82 92 53 54 34 74 23 30 54 65 100 91 68 82 88 47 42 85 72 79 79 29 89 66 90 33 61 32 57 64 73 76 81 64 81 56 33 60 76 71 95 92 28 93 51 47 43 66 100 96 41 4 96 91 98 94 97 72 74 79 26 91 49 66 30 94 81 21 30 12 53 33 24 93 72 49 81 14 74 62 59 71 39 73 49 29 45 96 45 59 27 76 68 58 83 70 31 22 46 32 70 54 71 85 88 94 64 99 100 33 97 66 26 33 27 28 83 36 73 45 8 87 83 68 90 62 91 29 85 76 21 78 24 96 69 65 97 51 88 54 74 48 23 90 99 22 67 92 95 95 79 96 79 95 73 67 38 72 70 60 11 91 65 14 60 31 55 94 78 85 89 87 89 66 100 76 44 66 100 29 100 63 45 93 70 49 83 87 51 45 49 56 34 84 42 99 47 14 53 97 67 46 85 78 70 42 55 83 67 78 84 31 94 86 89 93 11 35 71 55 62 87 93 51 54 84 42 90 48 68 82 36

172 338 111 303 119 157 1723 187 97 353 1967 205 940 453 304 155 317 61 95 234 658 953 293 980 851 72 148 139 64 584 244 384 333 410 247 215 291 488 881 203 251 1013 220 720 1116 280 1385 55 412 659 1591 2239 131 109 759 1180 644 1228 749 407 799 202 50 451 547 352 236 1001 818 2028 3112 344 308 142 490 192 444 220 597 1458 219 1933 231 330 69 2360 1314 340 1358 25 532 1751 221 1089 98 281 752 1308 111 566 197 210 1038 195 107 530 310 124 1155 1806 1062 1472 381 5459 500 409 310 1358 657 984 675 923 537 450 182 1107 357 153 421 192 1474 36 2020 33 216 940 158 274 539 940 898 197 344 97 789 194 210 75 221 269 2927 316 328 1274 66 90 110 163 1491 1437 302 100 520 876 384 152 129 1302 3436 316 108 425 251 549 84 791 1379 207 1017 1943 21 565 16 155 229 272 464 1581 163 1435 52 627 218 52 184 764 326 578 212 118 2148 630 2557 54 814 2218 2168 700 380 159 464 561 1278 297 105 1630 565 1514 100 65 570 149 145 296 176 1404 1129 352 377 52 287 110 253 55 54 300 809 427 156 786 509 1941 2463 70 383 952 37 614 211 2268 1235 100 311 96 571 207 2477 924 418 357 101 502 321 437 750 648 630 170 592 949 246 171 464 252 169 146 678 619 1744 116 221 320 96 1489 613 908 389 927 428 241 606 1758 490 618 54 561 430 66 53 298 171 398 185 232 338 343 196 3945 484 456 623 920 446 302 857 88 443 572 1147 164 191 34 1976 210 994 149 428 229 208 1705 379 2934 190 516 806 346 972 491 852 1347 288 956 681 186 894 547 30 119 72 285 665 1233 61 1466 149 581 363 2739 1128 92 251 778 116 63 945 154 239 902 2165 49 57 1569 272 409 87 278 105 571 1037 564 1643 325 807 772 60 261 476 145 1744 46 57 1803 302 78 3070 102 1000 1017 439 106 32 526 72 276 103 283 429 744 14 251 478 955 237 79 578 3932 175 97 166 320 359 47 1301 202 476 353 38 139 2982 102 410 3257 523 133 175 76 329 360 153 2737 208 797 1431 188 2032 71 412 442 195 126 1154 123 147 785 188 133 198 213 175 377 256 1232 2247 149 359 380 595 94 45 115 612 114 374 556 1242 261 609 1036 249 297 118 368 431 181 2602 710 2127 1986 1497 309 1800 117 738 192 110 1515 2642 96 42 1270
259 569 444 1047 154 363 2298 345 4084 854 2521 666 1904 2214 1005 866 676 175 116 502 922 1415 894 1847 1351 500 228 645 190 838 1600 436 855 762 757 285 598 1723 1104 714 416 1966 433 1510 1201 358 2114 125 847 1258 1839 2289 540 1746 1991 2306 744 2865 1786 754 1325 966 458 760 1547 453 667 2596 916 2642 3943 857 425 863 502 656 1089 299 628 3250 1173 3337 553 1106 383 2392 3184 1020 3116 454 959 2897 1314 1216 481 720 759 3093 1706 2459 271 366 1935 2064 189 706 1090 586 2496 2424 1448 2445 1123 6006 694 482 2044 1406 2398 1099 734 1676 2518 978 1250 1672 609 213 449 264 1475 174 2533 101 1108 1603 1951 825 696 1683 1364 266 397 895 1200 259 462 92 4783 2074 3584 724 706 1290 356 336 573 694 1850 2198 835 891 1373 2169 519 214 156 1541 4484 642 513 894 266 1143 1205 2185 1443 283 1367 3126 1008 1188 352 229 356 503 1290 1869 262 4920 572 993 258 2031 283 2221 675 672 1080 554 2189 1152 3595 1972 1271 3041 2803 1135 727 208 638 2132 1329 318 647 4644 1272 2432 273 377 1988 457 341 358 184 2652 1599 376 724 249 569 4309 691 1059 190 516 2203 538 743 866 2211 2960 2519 317 420 1685 1010 920 454 3989 1282 225 1011 578 1554 688 2559 1450 548 370 133 552 635 592 761 2357 1426 394 636 1007 545 633 1003 253 735 1234 1191 889 2906 1856 438 390 289 3452 642 1031 1937 1508 804 782 826 2705 1839 1203 413 1519 1147 531 340 862 446 559 281 256 1228 855 2810 5688 869 1038 2196 1218 1301 376 3345 849 443 862 1489 1233 3518 279 4628 314 1304 918 1433 323 275 1986 1582 3542 1088 783 1231 354 1736 525 1259 1430 408 1189 4738 1362 1204 832 151 218 259 2946 1251 1253 342 1527 583 1177 894 3392 1451 257 325 1296 594 116 971 219 341 3274 2673 344 770 1622 2028 795 96 369 4476 586 1080 1040 2225 464 922 1712 183 769 759 413 2796 355 706 2093 901 390 3871 810 1732 1258 984 652 342 1258 551 4012 1440 608 516 1542 574 409 1299 1602 293 204 907 5453 728 449 306 463 1892 255 1670 259 680 527 938 358 3188 635 2810 3803 569 2348 1462 560 503 1255 323 5303 432 893 3718 327 3809 176 448 499 219 155 1657 271 861 1028 665 179 802 422 543 749 596 1244 3262 354 593 917 808 563 1184 599 751 514 429 1442 2668 361 1592 1184 781 394 551 2396 1186 204 3536 1514 2804 2707 1972 569 2172 185 2488 297 462 4442 4240 468 399 1477
343 824 638 1559 2870 1206 2368 524 4439 944 3508 804 4092 3161 1411 1994 1700 1198 376 1042 1090 3042 2560 1993 3500 642 344 1158 555 956 3783 453 1088 784 1159 418 1925 1731 1628 1116 1435 3681 2450 1841 1255 1243 3230 510 2605 1258 2288 2303 1679 2607 2164 2497 889 3075 3133 1271 1420 1153 1851 760 1767 1111 972 3299 2161 2768 5841 1429 602 1414 512 757 1096 481 628 5296 1252 4190 611 1975 963 4680 4750 1822 3161 1096 968 3413 1383 1494 2469 892 1300 3451 3937 2961 1082 959 2563 2188 548 975 2178 757 2627 3910 1457 3216 1204 7141 1038 735 3046 1440 2675 1902 990 1969 2771 1161 1377 2143 1803 990 772 988 1820 1536 2690 432 1133 3340 2293 2067 713 2954 1906 896 735 1571 1447 1008 1418 362 4999 3607 4245 882 863 1723 439 367 576 795 4201 4705 1085 893 1550 2355 792 2379 222 2764 5188 901 857 1667 357 4232 1343 3231 2149 288 2240 3149 1069 1833 470 923 477 913 2820 2194 485 4936 1096 1173 390 2325 750 3489 898 1278 3472 869 2559 1478 6076 2910 1612 3575 3035 1176 978 533 838 2437 1594 443 1335 5244 1979 3144 592 658 2364 758 474 421 195 3487 1606 421 941 301 2595 6003 1004 1191 236 2312 2670 960 882 1015 2552 4165 2923 831 592 1933 1105 952 522 4993 1624 556 1083 662 1817 1003 3371 1579 1320 379 818 565 975 943 1249 2497 5106 1001 930 2258 932 634 1453 750 1265 1700 1253 1266 3977 2423 2938 789 1050 3522 813 2568 2829 1653 824 988 1431 2914 3373 1303 786 3810 1837 701 1311 974 731 742 783 452 1371 1110 2985 5750 1204 1061 3613 1268 3769 802 4794 1590 480 879 1531 2171 3672 556 4750 416 3022 1039 2095 487 434 2110 2008 4930 3500 933 1570 611 1824 1005 2132 1790 522 1705 5146 1570 2057 938 794 294 1762 3620 2706 1955 541 1944 1018 1593 1337 3728 2785 295 2051 1524 1068 408 1270 307 760 3678 2755 503 939 2806 2055 973 594 1436 4812 720 2247 1893 2791 479 1222 2954 285 919 1288 548 2928 719 813 3661 1032 431 4332 1740 1809 3643 1414 950 387 2265 779 4152 1863 621 2399 2146 801 643 1384 1707 1443 326 1096 5748 2239 1744 1818 1165 2802 784 2304 931 1129 549 1125 445 3217 1209 2856 4187 583 4887 1897 633 561 1334 1225 5365 2056 1504 4587 454 4197 536 1304 972 754 249 3353 664 967 1223 1118 554 907 537 1049 920 1992 3250 5366 417 595 997 1016 682 1447 748 903 709 594 1598 5349 503 1794 1881 2398 1681 640 4844 1683 489 6298 4741 3910 3585 2755 3080 4935 209 2715 939 938 5433 4527 1359 593 1697
496 1361 744 1656 2904 1212 2902 591 4678 1193 4068 876 5608 3373 1868 2023 1749 1281 1068 1082 1697 4993 3808 3185 3690 1289 443 1714 667 958 6281 1477 3259 859 1915 1496 4973 2585 1792 1420 1547 3786 2860 3206 1265 1248 3963 854 3055 1856 2620 2557 4874 2710 2595 3311 1215 3423 3813 1373 1448 1394 1893 973 1871 2507 1166 4303 2357 2801 6958 1529 779 1423 958 982 1173 614 1271 6091 1315 4674 1304 2973 1018 5614 4884 2053 4460 3776 1553 4139 1729 2044 3420 974 1493 3693 4631 3273 1117 959 2908 2741 618 1048 2189 870 4535 4461 3365 4008 1469 7158 1129 1218 5116 1558 2887 3322 1576 3857 3371 2545 1435 2249 1925 1571 1758 1156 1849 2052 3431 780 1176 3601 3156 2114 1728 2961 2100 1510 757 1727 3569 1291 2068 701 5332 4507 4689 3799 1263 1844 1107 1009 837 984 6007 5094 1652 1079 2039 4700 936 3454 794 3000 5903 1037 1525 1818 501 4578 1764 3778 2337 1155 2536 4424 2071 2153 888 994 878 914 2972 2407 685 5619 1178 1332 528 2377 1046 4399 1918 2418 5309 1834 2691 1499 6486 3206 5069 4511 3407 1587 1477 546 848 2544 1859 520 1868 5307 2465 3218 2710 756 5010 1115 541 706 1201 4114 1946 433 1019 752 3215 6258 1452 1504 523 2556 3407 1246 1434 1387 3144 4581 2995 1157 1447 1990 1424 6078 2486 5036 2167 2141 1389 833 2253 1823 5263 1910 4244 487 1864 664 1038 1329 2744 2502 5677 1625 967 2812 1272 639 2231 1660 1821 2472 1470 2443 5073 2623 3952 1051 1159 4829 874 3055 3376 2026 1009 1408 4654 3338 3468 2507 888 4609 2567 3745 1810 1459 922 811 1343 1520 1422 1296 3429 7115 1880 1139 4316 2143 4528 1021 5039 1681 1021 930 1653 2525 4517 748 5075 822 3613 4523 3306 762 649 4201 4664 5181 5023 1117 1677 1206 2087 2898 5249 3141 714 3179 6931 2617 2245 1232 872 1603 1928 4551 4004 2124 649 6196 1309 3685 1513 4776 3176 776 2501 1697 1292 649 1869 594 930 5077 2921 786 1159 3074 2061 1254 639 2356 7126 917 2296 2997 3408 550 1338 3550 708 1145 1327 686 3154 1742 993 4180 1091 632 5581 2177 4384 3868 2332 1067 573 3161 822 4226 4137 711 3119 3692 1189 844 1673 1749 1616 511 1911 6344 2615 2094 3014 1241 3825 1109 2661 3844 1219 1093 2061 555 3582 2372 3880 4315 666 5425 2833 930 796 1356 1332 5560 2063 2102 4880 674 4477 1175 3017 1189 1240 792 3608 699 1013 1281 2238 732 937 615 1432 1545 2886 3990 5919 576 1099 1409 1071 923 1449 1273 904 771 790 1678 5828 762 1992 1903 3761 4303 1088 6586 3348 489 6715 5803 4262 3791 3523 3714 5884 936 3328 1079 1501 6147 5395 2024 779 4292
998 2498 1413 2429 3252 1541 3087 1117 5640 1854 5356 898 6655 3604 2029 2217 1861 1387 1150 1537 1774 5721 4773 3844 3785 1396 746 2212 1101 1682 6358 1758 3321 1131 1957 1923 5219 3696 1940 2287 1692 5588 3018 3919 1397 1431 4470 919 3373 1863 2937 2726 5369 3561 3411 4376 1369 3750 4744 1495 1492 1778 2049 1210 1880 2589 1270 5930 2538 5120 8609 2248 920 1613 1726 1053 1992 694 1637 6207 1621 6216 3698 3043 1500 7064 6805 2737 5353 3986 1635 6086 2025 2577 3727 1286 1854 3812 5633 5851 1336 1045 3101 2824 1107 1593 2514 972 4849 5752 3921 4072 1723 7288 1159 1641 5491 1773 4335 3443 1800 6319 3721 3045 1688 2781 2015 2010 2121 1824 2288 2874 4867 1105 1465 5038 3357 2350 1802 3194 3959 1571 1044 2124 3974 1291 2544 1108 5725 6505 6434 4098 1268 2800 1246 1444 1400 1264 6205 6817 1763 1140 2768 6067 1037 3631 817 3245 7374 1048 1978 1825 552 4738 1779 4901 3132 1157 2947 5034 2455 2378 1028 1110 906 1071 3738 2522 710 6263 1204 1523 601 4269 1108 6284 2066 2498 5781 1888 2850 1636 6571 3288 5916 6223 3663 1878 1707 848 967 2672 2453 580 1996 5530 2666 4908 2848 938 5618 1169 553 1401 1877 4319 2954 1264 1049 1359 4503 7022 1800 1798 956 2815 3695 1305 1471 1644 4693 4636 3065 2762 1739 1992 1424 6152 2771 5569 2727 2373 1520 850 3879 2110 6460 4847 6995 1102 2800 1138 1231 1432 2928 3532 6003 2319 1008 3179 1352 640 2690 2536 3624 4745 1596 2785 6198 2643 5817 1478 1391 6582 1107 3442 4083 2748 1181 2350 4875 4137 4321 3175 910 4660 2755 3803 1888 1813 1031 1602 1587 1617 1738 1451 3566 7954 2305 1334 5940 2815 6169 1210 5351 2290 1129 1217 1740 6400 4627 1109 6039 886 4594 4914 3307 822 864 5077 4944 5934 5456 1365 2288 1208 3401 3185 6840 3592 797 3185 8014 2630 2805 1372 1196 2185 2019 4846 5655 2583 729 6525 1315 3906 1744 5051 3274 1418 2738 2197 1493 778 1873 1032 2872 5649 2972 854 1186 3942 2338 1370 852 2985 7433 1013 2629 3063 5699 599 2027 4209 733 1154 1417 947 4049 2665 993 4231 1108 684 8429 3189 5037 4776 7490 1734 746 3495 1044 4332 4832 1105 3851 6838 1200 853 1832 3893 2787 758 3572 6956 2811 4653 4393 4178 5912 1268 3704 5857 1719 1427 2919 1243 3609 2422 4293 6436 733 6008 3626 1240 811 1622 1933 7422 2722 2260 5319 1866 4800 1348 3730 1721 1353 1061 3906 1085 1047 1531 2664 1121 1104 845 1849 2449 2915 4093 5987 1282 1258 2403 1282 1729 2143 1292 1058 1566 1044 1770 6289 793 2375 3841 4566 4452 1171 6696 4623 985 7311 6366 4474 5105 4202 3785 7043 1433 5177 1425 1899 6163 6986 3571 871 6734
2047 2935 1417 2612 3622 1906 3646 1754 7476 2011 7044 1217 7479 4510 3121 3246 2377 1732 1235 1775 1788 7798 5110 4243 5797 1905 1139 2397 1156 1774 6870 2235 3804 1496 1959 2004 5474 3797 1993 2288 1892 5995 3521 4100 1570 1604 6494 1594 7289 2380 3959 3311 6973 3684 4005 4667 1533 4526 5085 1576 1662 4283 2245 2658 1958 3324 1337 6070 3836 5758 8881 2421 1184 1783 1791 1174 2943 922 1716 6833 2404 7313 4242 3070 3259 7205 6829 2946 6542 4168 1839 6486 2261 3404 4688 1647 1965 4322 6551 6262 1497 1150 4475 3392 1331 1796 2679 1143 5161 6662 4002 5295 1871 7749 1442 1699 5973 1802 5895 4526 1866 7870 4607 3247 1693 3009 2134 2080 2519 2180 2849 3614 5597 1418 1742 7532 3759 2578 3456 3237 4082 1573 1045 2769 4842 1748 3043 1281 7741 6666 6517 6325 1346 2867 1487 1570 2009 1725 6439 6921 2194 1185 3524 6496 1109 3649 837 3274 8190 1288 2014 2722 1320 6042 2181 6215 3766 1426 3439 5107 2865 2766 1194 1185 1109 1938 5902 3213 1243 6309 1232 1651 782 4862 1342 6740 2335 2768 8238 1954 3880 1816 6757 4281 6646 7042 3668 2027 2391 964 1059 3198 2456 864 2037 6323 3195 5253 3063 1340 6897 1491 730 1629 2032 4918 3526 1424 1181 1797 6533 7422 2073 4643 1230 3519 4159 1509 1479 3194 8954 4908 3522 2942 1882 2100 1550 6538 3993 5895 3134 2897 1729 1707 4321 2279 6505 6033 7244 1580 2887 1220 1437 1492 3118 4012 6049 2874 1171 3250 3124 729 2936 2726 3820 6648 1684 3285 7627 2838 7101 1656 1421 6604 1194 3522 4274 3743 1335 2472 5412 4266 4909 3281 1405 5347 3256 3888 1945 1996 1436 1663 1654 1755 1929 1673 5725 8798 3166 1452 6626 3682 7096 1283 7905 2740 1136 1348 1858 8631 5103 1552 6249 1601 5849 8835 3828 986 1180 6209 6473 6379 5596 1667 2428 1954 3478 3971 7847 3719 1088 4149 8364 4143 3157 1637 1522 2196 2229 5009 8142 3150 814 7988 1639 4083 1928 5064 3936 1599 2943 2302 1777 925 3746 1204 3562 6051 6025 865 1391 4282 2569 1741 866 3376 7694 1107 3185 3766 5959 1107 2182 4520 1422 1878 1649 1465 4137 3425 1282 4299 1118 962 8757 3787 6504 6019 7657 1899 1464 3734 1496 5383 5647 1942 5182 6972 2096 1406 1906 4323 3172 1240 4159 8330 3822 7359 4519 4515 7957 1750 3739 5870 3424 1579 3266 1445 4245 2475 6505 6587 942 6282 4755 1547 1785 1937 1975 7937 3577 2548 5990 1874 5020 1403 3746 1834 2058 2711 4445 1231 1244 1791 2836 1176 1352 1191 1880 3690 3106 5588 6256 1308 1544 2770 1374 2863 2287 1748 1064 2553 1524 1829 6665 1375 2435 4933 6543 4500 1179 8952 6114 1177 7884 7912 6240 5806 6617 4449 7877 1519 7092 1717 1982 6541 7001 4564 1062 7084
2091 3645 1618 2806 3709 2637 4189 1962 9039 2086 7199 1255 7757 6642 3753 4448 4248 1875 1436 2312 1997 7840 5223 4723 5973 2160 1160 4454 1771 1998 7951 2368 4915 1994 2108 2052 5847 3947 2376 2484 2066 7139 3623 4573 1948 1729 7343 1663 7455 3822 5016 4124 8570 3709 4410 7180 1980 4533 7787 1853 2701 4398 3318 2673 2044 4148 1434 7079 4241 7580 9622 2624 1429 2242 2043 1760 2997 1175 2195 7123 2435 8153 7227 3071 3300 7743 7082 3786 7648 4547 2331 6736 2371 3659 5694 1696 2014 4544 7656 7998 1545 1501 4620 4232 1594 1979 3514 1555 7793 7151 4581 5648 2346 8991 1862 1973 6323 2019 6150 5256 2090 8252 5366 7060 1790 3906 2408 2094 2894 2242 3682 3627 6486 1682 1787 7608 3964 3166 5010 3640 4141 1649 1424 4180 7416 1818 3222 1653 8775 8242 7911 7945 1805 3469 1555 1804 2279 1728 7402 8921 2398 1289 3561 6646 1640 3722 1827 3336 9103 1349 2144 4100 1457 6073 2299 7026 3786 1755 3553 5395 3150 3192 1367 1353 1476 2085 5924 3229 1696 6324 1279 1836 1298 7422 1489 7071 2466 3653 8950 2032 4175 2284 8520 4732 7478 7623 3781 2057 3179 1536 1239 4140 3056 1070 2927 6598 3411 5347 3617 1693 7566 1551 942 1934 2190 5859 3528 1468 1185 2259 7949 8292 2574 6605 1499 4327 4191 1990 2421 4173 9220 5972 4187 3491 2103 2256 1727 9276 4081 6252 3190 4175 1785 2031 5038 2408 6529 7118 8077 1655 3240 1386 1512 1997 3613 4144 6879 3185 1659 3720 3616 1949 5530 4426 3831 8116 1891 4154 8263 3000 7387 2012 1929 6636 1216 3725 4469 3956 1674 2968 6186 4916 6044 3587 1887 8044 3702 4329 2252 3112 2036 2068 2186 2248 2018 1674 7302 8923 3209 1945 7192 3818 7382 1469 7925 4108 1347 1440 1980 8856 7278 1853 6335 1780 7191 9783 4437 1639 1669 6358 7344 7581 8048 1709 3281 2180 4001 6497 8117 4226 1261 4791 8395 4610 3745 1687 1697 2238 3155 5485 8177 3287 926 8397 1768 4119 2457 5074 4186 1751 4109 2357 3388 1322 4013 1551 3644 7855 8229 1010 1548 4445 4716 2055 1527 4115 8706 1167 3570 4014 6847 1259 2841 6890 1487 1924 1730 1576 4286 3627 1293 5278 1539 1193 8936 4438 8162 7018 8266 1932 1863 4061 1535 6105 7642 2131 6029 8083 2101 1422 2080 5987 3330 1542 4587 8810 4521 7582 6103 4595 8641 2142 3979 7077 3469 1640 3417 1615 5093 3203 7157 6978 1102 7289 4780 1746 2537 2006 2070 8183 3812 3193 6750 1947 5445 1704 3881 2037 4380 3028 5465 1471 1831 1923 3738 1691 1861 1292 2098 3940 3855 8493 7894 1348 1766 4180 1758 2904 2310 1813 1193 3596 1971 1973 7466 1556 3181 6191 7771 4587 2094 9665 6307 2074 8040 8456 7317 6083 6788 6146 7914 1911 7437 2050 1998 7609 8712 7668 1274 7729
2131 4388 1620 3357 3904 3477 4217 2065 9333 2504 8363 1342 9462 8182 4184 4793 4391 2283 1452 2350 2233 8677 7492 4879 9246 2201 1719 4553 2318 2329 9321 4056 8050 2426 2311 2217 9069 8243 2477 2538 2322 7166 3944 5105 2309 2211 7767 1673 7910 4552 5052 4368 8743 4169 4750 8378 2043 6687 8767 2177 2762 6887 3770 4104 2183 4283 2102 9939 5284 9612 9731 4731 2164 2406 2114 1840 3157 1445 2248 7386 3673 8159 7252 3207 3671 8432 8135 4388 7738 4919 2409 7918 2439 4084 7351 1736 2134 4601 9630 9015 2079 1532 4738 4525 1761 2313 3778 1679 8595 9367 4785 7284 2348 9076 2333 2099 7237 2068 6705 8790 2193 8358 6757 7708 2029 4532 2535 2287 4285 2320 4011 4070 9285 1784 1797 9108 4650 3388 6155 3811 4321 2057 2224 4433 7478 1888 3518 1684 8830 8399 7990 8557 1823 4654 1842 2314 2341 1857 7583 9097 2402 1410 3903 8251 1892 3754 2007 3338 9367 1868 2321 4323 1633 6921 2531 8532 3825 2047 4164 6227 3152 3575 1998 1838 1610 2158 8451 3460 2196 9451 1341 1974 2346 8432 2093 8817 2480 4055 10000 2251 4667 2380 8589 5271 9026 7773 4411 2110 4114 1746 1302 4567 4058 1129 4672 7100 4488 7494 4124 1924 7946 2028 1221 2045 2381 6773 4488 2061 1522 2505 8658 8853 4153 8393 1594 4387 4815 2061 3728 4252 9390 6075 4583 3753 2234 2463 2178 9358 4149 7078 4302 4430 1873 2197 5685 3026 8289 7519 8527 1682 4169 1809 2373 2112 3749 4391 8273 3361 1778 3743 4066 1964 7082 4912 3911 8363 2011 4247 8392 4092 7766 2386 2500 7016 1628 3886 4590 4025 1947 3369 9299 8852 6898 3874 2125 9357 4059 4360 2428 4129 2198 2266 2217 2258 2158 1863 8412 9208 3964 2057 9145 4330 9240 1939 9463 4750 2168 1582 1995 9880 7352 1922 8269 2027 8533 9891 4453 2202 1677 7696 8448 7970 8400 1821 4017 2361 4423 7571 8414 4234 1316 6501 9038 4744 3805 1917 1846 2516 3953 5723 8674 3830 1281 9206 2435 4623 2513 5903 4384 2029 4366 2864 4180 1401 4739 2048 4082 9379 8467 1158 2402 4514 8004 2274 2299 5546 8982 1219 4622 4538 7804 2331 4208 9339 2326 2004 1840 1758 4501 4035 1346 6458 1768 1339 8973 4760 8178 7381 8386 1951 1921 7468 2085 7090 8257 2370 6346 8321 2148 2068 2191 7029 3834 2291 4799 9129 8740 8767 6944 4612 9330 2318 4286 7411 3513 1897 4112 1636 5805 3413 7760 7588 1108 7311 7338 1837 4228 2555 2267 9003 4567 3316 7306 2074 8099 2150 4106 2151 4717 4782 6508 1762 2386 1987 4090 1894 2056 1841 2109 4595 4643 9243 8690 1461 1846 4590 1984 3206 2314 1891 1967 4275 2114 1981 9836 1808 4582 6392 8964 5608 2156 9873 6478 2094 8477 9306 7335 8380 8515 6813 7920 2214 7864 2327 2144 8235 9547 9275 1566 9173
2256 4569 2157 3784 4616 4275 4928 2094 9945 2521 9896 1530 10003 8933 4535 5007 4471 2541 2249 2549 2328 9088 8012 5012 9401 2241 2553 4845 2329 2388 9946 4240 9063 2448 2474 2350 9307 9513 2487 2580 2396 8049 4355 5818 2430 2520 9615 2113 8126 4912 5060 4614 9332 4966 4952 10017 2426 8316 9119 2412 4431 8847 3801 4980 2535 5033 2555 10015 7439 9925 9803 4797 2208 2551 2307 2523 3967 1968 2270 8754 3932 8807 7257 3965 3842 9492 9653 4451 8911 4979 2548 8901 2509 4836 7677 2117 2535 4629 10003 10080 2127 2005 4976 4667 1940 2460 3935 1740 8763 10005 5051 8646 2394 9694 2502 2316 10075 2485 8675 9760 2262 9507 8336 7786 2116 5035 2558 2498 4423 2376 4645 4488 9756 1886 2266 9997 4765 3716 7859 4351 4954 2329 2230 4893 9903 2240 3853 1694 9001 8759 8314 9724 2452 4698 1963 2471 2590 2132 8353 9955 2552 1819 4941 8511 2210 4451 2410 3804 9474 2043 4768 4901 2233 9146 4290 9695 4596 2248 4594 8546 3996 4335 2142 1861 2266 2278 8758 4588 2357 9906 1413 2319 2357 8475 2401 9038 2504 4265 10071 2312 4753 2443 9352 7164 9502 9807 4967 2476 4469 2528 2174 4768 4675 2247 5039 9246 4760 8362 4370 2516 9313 2323 1422 2550 2407 10028 7598 2450 1844 3015 9606 8970 4774 9070 1959 4673 5039 2479 4715 4389 9855 6414 4804 4792 2503 2545 2204 9652 4644 7895 4422 4913 2403 2437 7920 3818 8543 7890 8661 2023 4332 2200 2498 2246 5377 4955 9394 4164 2407 4474 4122 2167 7991 6063 4453 9693 2186 4579 8481 4147 9759 2473 2512 9024 1940 4797 4671 5038 2149 3633 10016 9793 7401 4158 2355 9515 4380 4518 2435 5061 2387 2387 2392 2313 2384 2290 9433 9866 4161 2446 9906 4873 9813 2356 9780 9466 2296 1619 2490 9886 9067 2277 9015 2188 9046 10016 4826 2438 1972 9550 9309 8982 9604 2462 4396 2443 4842 7644 8479 5034 1941 7852 9176 5062 4167 2100 2462 2521 4247 6709 10003 4569 2182 9813 2455 4959 2553 6790 5028 2342 4744 3219 4929 2162 4901 2204 5044 9783 8714 2057 2449 4947 8378 2365 2434 9618 9769 2016 4712 4606 9943 2407 4777 9421 2534 2157 1883 2325 4955 4541 1412 8403 2272 2503 9078 4940 8770 9615 8720 1959 2157 9101 2311 8307 8530 2522 9104 9713 2396 2151 2328 8772 4559 2449 5028 9538 9833 9996 9588 4616 9660 2420 4530 9866 4242 2165 5246 2225 5852 4674 8691 9022 1213 9860 9706 2300 4681 2573 2344 9498 4872 4172 9135 2081 8199 2357 4575 2530 4861 4937 9063 2360 2431 2483 4573 2388 2288 2138 2351 4895 4855 9730 9679 1907 1998 4728 2106 4678 2368 2166 2325 4630 2289 2097 9862 1953 4692 8911 9010 9838 2244 9935 7810 2421 8819 10037 9804 9414 9013 8632 9520 2386 8732 2421 2392 9778 9914 9863 2137 9175

148 315 46 228 76 61 1590 104 66 278 1305 157 921 212 107 6 47 57 83 159 592 335 175 379 601 51 118 105 57 486 142 341 318 390 138 117 209 216 445 91 138 723 126 513 1031 161 1205 43 126 429 1227 1509 44 104 754 570 559 656 724 270 772 129 30 109 423 330 156 689 601 2022 2304 186 305 112 229 160 222 208 535 889 199 1083 65 101 62 2184 1126 4 1085 20 494 1444 132 533 41 264 245 831 87 87 131 87 832 83 65 410 223 117 781 375 620 851 375 1596 186 310 209 1006 358 740 503 573 402 186 180 812 180 59 371 61 1125 18 1302 24 208 893 68 263 147 762 541 135 185 71 448 167 105 69 73 223 2342 257 204 673 42 58 55 111 1302 1021 35 96 280 125 249 72 108 851 3077 291 91 338 182 287 62 701 708 194 905 1522 16 300 11 78 90 118 220 1205 47 935 37 467 108 45 59 539 265 560 146 103 1604 333 2016 27 544 1742 1942 636 268 140 242 360 978 246 98 980 415 1440 97 46 400 102 139 230 144 858 1094 125 230 38 276 84 18 20 49 249 777 171 136 565 294 1477 1584 47 157 860 34 142 73 1916 106 63 145 67 495 153 1139 566 326 327 38 479 200 283 653 562 185 38 586 365 96 121 147 191 80 65 318 552 689 58 98 279 87 664 442 811 263 813 221 239 390 493 171 337 24 414 186 56 15 265 141 382 165 205 120 337 97 2877 304 276 444 838 385 243 808 61 340 256 469 137 115 9 1874 91 895 100 412 166 196 1170 243 1746 101 118 238 313 630 308 84 481 186 116 486 138 677 514 26 112 55 83 618 417 44 1286 147 427 337 1725 754 25 77 88 107 24 133 75 112 747 1414 40 28 1348 268 204 4 144 97 383 796 430 1038 212 215 756 48 249 405 64 863 35 45 1724 182 43 1412 40 882 942 325 74 11 382 47 232 59 176 295 573 4 187 475 862 75 69 471 3059 50 92 119 264 119 43 1108 175 197 136 27 91 673 66 149 3179 460 86 56 58 121 348 130 2639 162 654 1194 64 1366 51 406 305 127 77 680 115 132 658 83 126 95 190 120 322 162 332 318 148 339 328 128 30 16 95 471 31 175 543 242 193 228 221 137 273 61 323 360 173 1435 594 1132 1436 606 249 1728 16 468 115 37 1241 1581 89 10 1165
108 67 17 16 53 51 1584 23 34 253 1024 128 624 71 92 4 46 21 5 61 179 225 107 160 270 10 31 53 41 115 8 221 247 256 4 34 39 15 72 37 113 230 99 355 181 45 1032 21 87 22 436 630 26 92 718 9 1 367 309 145 413 118 8 28 318 93 89 386 485 424 1292 37 124 99 216 69 30 40 343 99 49 99 53 63 51 311 631 3 583 4 386 31 89 299 26 37 214 311 84 8 83 21 440 51 5 373 85 43 448 208 487 98 296 822 130 161 54 151 230 433 24 401 258 35 73 527 70 13 227 3 876 16 1045 4 82 542 61 262 72 129 359 26 119 22 210 68 41 15 56 100 1508 173 169 518 3 32 39 27 443 615 16 9 117 26 182 64 43 593 2045 192 49 53 44 63 8 549 247 112 759 998 9 159 5 50 19 1 84 60 30 599 35 116 19 43 37 185 94 501 119 75 278 277 890 5 310 811 348 99 41 57 218 166 26 173 1 957 184 619 52 42 89 95 16 92 28 168 1010 69 226 23 143 77 4 1 23 125 143 48 37 47 132 1148 1511 19 150 362 17 84 41 574 57 21 92 4 373 66 826 513 76 57 10 57 114 229 606 480 1 1 54 323 61 29 24 88 15 41 266 209 508 52 86 240 9 363 280 466 85 538 4 110 379 213 127 251 3 31 148 43 2 126 139 279 58 69 93 286 2 1161 102 128 242 543 185 93 447 9 280 57 398 125 86 6 1663 6 515 5 376 130 95 365 159 1658 15 31 147 250 539 208 48 57 185 36 225 90 464 135 2 64 6 13 153 221 43 927 16 136 275 1038 428 4 62 55 38 18 42 8 95 382 572 26 16 316 41 15 2 82 94 327 748 56 363 81 10 19 38 68 11 12 607 6 5 138 28 39 331 23 695 226 100 1 7 165 18 51 26 150 248 517 3 20 268 539 11 6 374 328 26 1 12 214 60 9 896 20 162 9 10 30 666 16 85 713 159 24 43 10 118 84 62 1387 13 20 897 11 993 19 50 4 63 27 652 110 93 99 81 64 86 97 18 152 47 197 290 56 284 52 41 17 4 69 305 6 52 417 66 112 132 11 49 14 54 120 28 42 85 525 470 974 226 9 666 1 20 48 36 3 1501 81 5 99
