500 9 2
62 4 35 97 98 22 30 38 88 66 46 60 91 59 95 54 88 40 73 22 74 49 42 33 39 53 86 12 74 80 18 51 26 60 78 50 81 80 91 3 25 34 16 6 77 72 31 15 9 11 17 97 96 52 48 32 90 31 54 26 15 36 36 36 20 52 49 42 24 10 79 84 19 39 39 1 2 9 7 71 2 64 99 22 14 86 47 79 49 57 98 1 21 75 67 66 32 32 28 96 80 30 94 51 97 28 57 71 23 38 47 34 94 90 63 45 55 85 19 5 2 46 97 52 17 88 26 26 96 34 31 32 27 47 76 9 53 29 75 29 57 73 18 65 3 5 76 65 33 28 75 62 59 49 87 18 91 54 62 35 92 74 69 27 2 87 27 93 38 72 49 30 69 22 95 7 80 8 46 61 58 72 31 66 25 82 71 90 99 79 87 49 57 64 17 7 48 84 99 71 64 49 52 21 83 52 35 41 81 13 82 37 67 5 62 48 63 10 42 83 20 80 16 74 48 68 70 67 84 90 44 76 91 67 40 59 56 59 19 27 34 14 25 68 43 52 13 65 1 49 70 30 32 86 64 91 54 93 91 13 68 74 89 72 15 3 58 44 22 52 65 15 2 100 12 80 98 16 39 12 44 32 45 73 6 33 51 43 40 11 30 26 29 39 36 71 44 87 62 80 14 44 55 61 22 3 75 4 84 41 73 4 21 94 60 28 58 57 78 79 41 12 72 70 33 75 13 16 75 51 17 57 88 35 43 100 38 94 47 56 74 63 72 56 58 63 62 41 62 33 60 75 15 59 63 9 100 78 67 12 99 52 27 37 60 23 35 48 57 91 25 57 77 93 99 34 65 24 74 81 12 41 55 46 84 38 84 30 26 30 8 29 91 69 10 42 51 68 17 81 57 74 1 27 42 5 40 99 80 9 50 3 21 17 92 53 1 52 28 15 84 63 92 17 19 8 16 64 32 71 2 92 94 44 53 67 95 31 29 44 90 71 4 100 74 73 50 92 94 34 59 45 32 46 27 82 84 14 3 46 83 87 44 21 31 60 80 76 37 4 54 36 59 34 14 5 71 85 79 40 49 39 14 55 73 98 79 20 52 86 5 70 80 25 85 85 17 30 46 82

6 1 27 3 13 22 26 10 11 11 13 13 15 24 12 21 2 4 9 11 17 1 1 12 16 6 8 7 7 2 21 2 4 1 6 4 25 23 8 2 17 2 9 6 12 4 2 5 1 16 3 20 8 3 6 2 37 26 6 10 6 2 6 4 21 2 6 14 38 1 37 15 1 26 6 8 11 1 2 11 7 4 14 14 14 1 12 26 23 19 13 5 12 3 7 4 20 12 6 7 7 22 1 5 1 23 2 17 5 3 1 11 12 5 21 6 17 30 1 1 2 11 16 12 10 8 24 35 14 1 1 25 6 11 5 1 1 5 31 6 10 21 2 3 12 9 2 12 11 24 11 10 7 2 2 5 4 6 21 12 2 3 16 3 3 16 1 6 1 8 14 2 2 11 5 6 9 10 18 13 3 1 14 3 8 9 6 29 38 18 10 15 25 14 5 2 4 3 31 3 8 1 3 22 23 12 4 1 26 14 6 1 6 20 5 8 3 12 30 15 1 2 2 43 3 1 7 1 10 15 22 2 4 8 8 18 3 6 5 14 25 4 10 26 39 6 3 4 18 14 13 8 4 9 1 20 12 11 5 3 47 8 1 15 13 38 2 22 6 22 3 19 26 1 12 16 8 1 35 13 18 20 1 5 7 15 2 15 13 3 1 8 9 5 9 9 18 5 15 3 10 3 3 13 6 14 14 10 13 3 29 26 2 14 4 5 1 2 13 13 6 14 2 1 4 18 5 17 20 31 9 7 8 23 2 14 1 13 13 19 13 6 14 6 2 11 2 8 13 6 5 6 4 15 5 23 9 2 5 2 2 9 20 6 12 14 2 6 19 8 7 5 22 18 4 6 2 1 4 3 23 10 15 2 12 10 7 3 32 1 6 15 6 24 7 5 6 28 10 5 8 8 5 9 1 3 46 3 2 1 1 9 13 5 7 23 16 34 8 10 20 10 4 11 1 28 11 18 4 6 6 2 11 2 13 3 29 13 2 7 16 5 7 20 1 5 50 12 2 24 2 4 56 6 12 23 1 21 4 13 9 8 9 14 2 5 10 22 16 9 3 1 7 15 11 2 18 2 1 8 14 33 25 5 20 4 9 9 23 6 55 17 15 6 24 5 10 7 21 12
12 13 33 10 14 29 50 10 29 20 13 25 45 24 16 26 3 20 16 23 36 2 22 22 23 8 22 8 23 13 36 5 12 3 7 32 37 32 22 9 27 9 35 15 15 13 14 13 27 24 5 30 11 3 28 16 37 37 12 34 25 6 8 7 25 9 30 16 43 17 40 24 20 28 25 28 12 6 3 23 13 15 21 18 18 20 17 36 31 24 40 14 25 7 10 4 30 22 25 21 16 31 5 14 19 27 10 24 15 30 4 22 17 31 22 24 20 31 18 6 33 23 19 13 60 10 25 38 21 8 15 30 8 25 11 8 23 5 54 11 18 37 11 4 13 26 16 14 26 42 21 13 7 3 18 10 7 14 26 15 27 16 17 5 18 22 2 18 33 12 34 10 2 20 11 13 21 21 35 36 3 30 44 8 36 15 10 39 39 27 17 18 26 32 5 3 10 8 39 4 23 20 10 25 31 19 10 2 29 30 10 2 43 23 14 32 26 13 46 30 5 6 10 60 23 27 8 36 30 20 29 2 11 25 14 19 6 20 9 43 34 28 14 34 58 7 5 25 25 18 21 11 7 9 8 28 17 14 7 19 51 9 5 33 21 43 22 37 6 37 8 39 36 22 15 17 14 11 56 30 24 28 21 9 8 19 13 17 19 7 4 14 12 22 28 23 24 10 25 7 22 38 10 16 38 14 17 22 17 13 33 28 15 17 15 8 29 17 16 32 14 14 8 6 6 33 34 52 33 39 18 24 9 26 9 15 14 46 15 32 37 11 15 37 36 40 20 40 29 7 5 10 18 17 20 25 13 5 25 30 10 31 33 8 20 23 11 12 20 12 8 6 24 35 7 19 2 38 12 11 33 24 23 9 16 41 13 9 36 6 16 25 15 30 8 21 20 31 16 8 21 15 15 39 2 15 52 6 12 6 4 16 13 6 13 24 21 35 12 26 24 17 31 16 21 34 13 20 9 41 7 54 23 11 14 8 39 18 8 22 22 11 16 25 11 19 53 13 4 30 14 7 57 17 25 26 7 24 5 13 12 35 13 19 12 12 39 39 31 16 9 2 13 33 19 3 20 33 34 10 19 38 26 19 25 20 13 11 26 21 55 22 21 22 39 5 11 18 33 18
43 16 42 15 22 37 56 35 40 35 16 32 61 24 19 39 7 35 33 57 65 15 45 24 29 14 29 8 28 30 51 12 16 17 12 40 38 51 28 51 35 32 44 28 17 15 40 17 36 33 13 31 26 27 35 27 41 57 57 40 25 12 21 21 32 23 38 25 45 24 55 27 22 30 35 32 13 9 11 27 20 16 24 26 21 31 19 36 37 57 53 39 46 20 43 36 48 24 26 36 18 32 10 30 40 33 36 25 35 33 13 31 41 37 36 49 24 32 22 29 46 27 31 21 61 36 27 45 34 55 40 39 11 29 43 9 45 31 60 14 29 39 28 6 42 40 54 16 27 42 30 18 12 14 18 12 9 29 37 19 51 33 34 6 26 25 7 37 53 51 36 21 10 25 13 22 31 23 50 56 3 31 44 23 39 17 16 40 42 65 21 25 50 33 32 10 30 18 40 23 31 30 23 32 36 44 16 3 30 33 28 24 45 29 15 36 40 17 49 35 18 55 19 61 41 30 19 37 33 36 44 9 21 29 19 31 22 22 18 55 40 29 40 37 60 24 13 34 29 30 26 21 13 17 14 39 22 17 44 21 54 29 16 36 30 53 30 42 16 42 38 54 37 33 48 23 21 11 59 33 27 43 36 16 15 23 13 21 29 34 12 25 34 34 39 23 26 15 42 7 48 38 13 19 47 28 37 24 23 34 48 53 18 39 22 21 43 36 37 42 20 20 23 16 28 37 38 66 35 77 23 29 17 28 20 41 19 59 30 45 60 22 16 42 54 41 22 41 32 7 10 29 18 33 29 32 15 7 37 43 11 42 41 9 22 25 23 20 21 12 24 39 34 36 19 23 4 45 15 12 40 33 26 22 26 47 17 35 36 37 17 42 27 47 23 37 36 42 27 15 24 16 19 41 9 22 62 10 24 8 23 37 20 12 40 35 25 36 21 45 34 19 32 25 23 37 29 28 21 54 57 55 39 17 47 9 39 20 16 42 38 13 18 45 15 21 56 48 8 50 23 10 61 48 33 30 33 42 7 16 18 40 23 21 14 36 53 56 37 20 13 61 17 36 23 32 24 35 47 11 30 44 27 27 28 36 22 17 38 31 56 33 24 29 40 28 19 23 41 30
55 20 47 27 30 37 60 38 49 41 18 45 61 26 21 59 17 53 43 58 67 32 52 34 38 27 35 28 37 40 54 14 18 27 24 51 54 79 45 55 37 37 46 31 22 38 42 49 37 40 23 65 28 37 37 52 64 62 59 43 34 17 52 30 55 26 40 27 53 26 67 37 28 43 59 44 18 11 13 34 21 19 30 29 24 38 47 54 42 62 61 55 51 61 57 49 53 41 26 66 28 34 17 50 52 51 54 27 58 67 15 33 47 41 44 53 38 45 39 47 60 44 42 29 72 47 48 57 47 63 63 40 24 37 47 23 49 45 62 34 45 64 55 7 44 42 61 51 36 50 33 20 32 39 27 54 37 43 46 20 57 39 50 11 26 30 11 56 70 57 50 34 12 34 43 22 58 61 56 68 19 59 49 27 40 30 22 55 66 73 46 27 52 64 55 27 36 22 42 39 34 75 29 45 45 50 18 9 34 60 63 30 49 47 22 41 40 23 54 54 20 59 23 79 49 41 40 41 34 47 48 29 21 31 20 33 68 24 50 56 58 37 62 42 66 27 13 42 62 36 31 31 18 48 19 62 53 30 48 39 73 36 37 46 34 59 32 43 22 57 42 70 61 48 51 23 36 34 60 38 34 43 47 20 17 23 30 32 33 43 43 33 64 36 44 44 34 15 58 15 61 48 26 42 67 41 51 31 30 34 68 61 26 39 36 32 46 48 46 46 44 23 23 72 32 45 38 72 35 85 25 29 66 37 24 44 62 64 34 62 64 25 21 63 65 49 29 62 33 9 41 32 26 43 36 47 26 30 45 48 16 52 44 29 24 46 24 29 22 39 25 41 45 45 31 51 5 66 66 35 44 42 41 24 27 53 19 56 39 37 30 60 29 64 28 43 38 68 34 17 27 33 29 45 46 24 76 38 31 13 32 39 20 14 43 52 48 51 40 46 37 21 40 38 39 44 35 39 49 66 59 58 41 28 49 38 49 29 49 57 39 17 40 52 32 44 57 57 12 51 24 25 70 55 42 31 38 49 11 17 37 55 31 24 22 58 58 57 45 22 43 71 31 37 26 45 38 43 57 24 38 48 28 37 44 48 38 19 45 35 62 41 27 39 43 35 20 36 42 46
66 32 64 30 40 41 72 58 54 50 44 55 64 29 66 72 29 57 53 65 75 72 83 51 50 27 49 38 45 49 66 72 62 58 43 51 60 82 47 64 45 49 58 34 33 65 47 65 40 56 48 67 57 39 38 59 67 68 64 55 45 29 55 33 70 60 52 37 58 37 68 37 32 61 64 45 32 13 14 35 27 28 43 48 36 51 53 70 48 65 62 58 64 89 62 56 70 50 56 78 30 58 20 53 53 62 59 31 66 72 28 50 60 48 46 68 45 51 60 48 66 52 57 57 73 68 49 62 58 72 65 45 31 43 48 25 64 58 63 34 48 81 59 13 48 43 71 58 39 62 39 38 56 63 48 59 61 43 51 33 57 50 54 38 40 42 33 72 73 58 65 36 37 61 55 47 70 61 80 80 34 60 53 61 48 68 29 62 69 76 58 27 70 70 63 54 41 41 45 42 66 79 30 46 54 53 33 32 38 65 75 47 49 61 36 59 59 33 71 63 35 64 58 83 71 55 50 56 49 58 57 59 39 67 30 53 70 47 58 63 73 64 62 52 69 28 26 42 81 38 46 31 37 61 31 64 64 56 49 45 82 75 52 47 54 65 70 53 24 57 59 76 67 55 54 31 46 53 61 50 50 46 70 25 36 56 34 53 36 50 51 53 68 61 58 45 54 21 74 20 62 51 47 46 68 47 61 57 58 41 79 67 31 47 37 34 48 72 60 48 51 26 27 76 37 57 56 78 37 86 40 35 70 73 45 64 66 66 34 68 70 31 26 65 77 77 41 82 35 12 50 32 28 48 41 52 40 30 47 58 27 52 46 51 38 53 32 44 23 55 36 50 74 53 56 71 13 70 71 38 65 56 48 36 64 57 32 64 42 41 44 62 34 67 43 53 38 72 38 45 28 59 44 53 61 29 79 49 43 31 33 45 56 15 49 54 59 67 65 48 52 29 41 53 48 75 45 53 52 66 65 64 45 37 50 45 66 49 50 61 59 31 49 60 48 54 61 66 22 64 49 25 70 56 49 33 44 67 14 21 71 58 40 48 44 67 70 59 46 35 48 73 45 53 34 55 44 54 64 46 51 52 33 44 49 68 44 32 48 40 64 68 37 40 60 46 29 42 45 55
75 43 73 56 45 42 77 69 64 62 60 56 83 38 66 79 33 87 61 79 89 75 86 52 50 64 50 47 66 64 73 73 65 60 49 62 66 85 53 68 51 53 59 39 49 68 56 74 58 57 58 71 61 73 46 64 68 72 64 60 46 53 63 55 73 63 59 51 69 40 82 60 38 88 67 46 41 38 51 59 56 43 57 58 39 57 62 70 56 69 73 59 67 90 63 60 71 51 71 81 66 71 22 54 56 63 61 37 84 88 55 58 70 49 54 72 53 64 65 63 66 75 63 61 81 88 53 70 72 75 82 58 34 88 60 26 72 60 72 35 52 81 62 56 64 43 75 66 47 80 41 68 56 71 54 60 72 44 61 52 72 54 64 52 62 44 56 75 76 61 66 41 44 79 67 48 86 61 81 91 36 67 66 66 48 72 37 73 82 86 74 67 83 74 67 67 77 55 51 59 75 88 48 65 78 55 42 51 47 66 76 63 51 75 50 60 59 34 74 72 43 67 70 87 77 55 58 63 71 64 74 64 42 93 46 63 74 55 77 70 77 87 63 58 72 40 62 51 87 43 55 35 39 71 43 71 82 68 56 48 86 82 55 48 55 72 74 59 30 57 70 76 74 86 57 42 48 63 88 63 65 87 71 53 44 68 39 55 37 81 52 67 70 63 69 55 75 25 77 41 84 73 55 70 86 55 63 62 66 52 88 77 37 52 41 50 68 86 67 57 67 35 29 76 55 59 70 83 73 89 42 45 80 85 62 71 68 67 42 68 74 41 48 68 86 81 51 83 36 25 65 54 34 51 51 70 50 38 79 66 44 56 50 55 62 78 40 65 34 73 42 59 75 64 84 74 60 72 74 41 70 64 52 54 89 73 36 69 48 63 62 63 35 70 54 72 54 81 41 52 43 60 49 61 65 53 82 50 54 64 57 52 60 15 57 56 63 68 75 50 61 40 59 62 76 75 52 80 59 67 69 69 54 54 64 58 74 58 57 63 59 35 54 60 49 65 66 69 56 64 49 39 73 64 62 39 50 70 50 22 73 59 41 49 77 72 79 61 60 46 66 73 56 54 56 58 69 55 68 52 67 62 47 60 64 77 47 46 63 49 65 80 39 48 74 46 59 47 48 60
87 52 84 57 69 45 89 82 80 77 76 63 88 44 79 81 43 89 69 82 93 77 87 71 56 74 81 53 68 65 77 77 68 61 64 64 75 85 70 80 54 69 64 55 78 71 75 76 69 65 67 74 64 76 56 72 75 73 74 70 78 54 76 62 74 68 61 60 90 49 85 61 56 93 72 47 59 47 64 61 77 53 61 68 46 75 68 73 61 76 77 73 87 90 73 89 73 75 73 89 89 71 48 59 63 75 71 56 86 96 67 66 76 58 68 88 63 82 82 75 67 77 70 83 82 93 68 85 84 85 92 68 63 88 74 42 81 72 74 58 62 88 65 62 66 73 76 75 67 82 62 70 74 80 58 65 79 53 62 58 72 56 73 53 76 63 60 87 79 69 77 42 44 80 70 53 91 73 82 91 52 77 74 74 96 76 55 89 84 92 85 72 88 79 70 71 79 73 52 74 79 88 87 84 83 64 62 63 57 78 80 78 54 78 60 73 65 45 86 74 51 87 83 90 82 78 64 76 85 72 77 77 57 93 52 64 84 57 84 85 85 93 68 62 73 57 67 52 88 70 56 41 43 76 47 80 87 81 58 49 87 88 63 48 60 78 79 76 45 57 75 80 85 92 80 67 74 64 92 83 73 91 75 65 69 68 40 63 44 82 69 78 72 66 78 71 75 42 78 68 89 86 90 76 90 65 77 71 69 63 89 84 52 69 55 75 71 88 91 77 73 42 42 85 89 73 79 83 76 92 75 71 84 88 67 93 68 72 47 78 90 60 71 72 87 98 62 85 46 26 81 62 53 78 79 73 52 65 81 69 61 67 89 88 66 82 50 65 39 76 46 67 79 70 85 74 71 77 82 52 71 64 52 61 90 87 50 76 65 80 64 67 63 76 82 74 62 86 56 59 52 65 54 62 81 76 89 74 82 69 69 58 71 53 82 61 90 69 76 53 67 48 61 65 78 83 60 83 77 74 72 70 57 82 91 62 80 60 87 77 76 37 82 69 51 89 86 70 83 82 73 49 82 70 85 61 81 80 69 31 77 72 44 61 81 72 81 72 77 49 85 73 72 55 63 64 88 74 75 61 67 70 82 83 80 90 48 68 72 80 72 87 39 55 79 79 60 49 64 77
89 52 98 73 82 47 90 85 88 95 86 82 89 60 81 88 48 93 82 92 94 85 87 91 65 85 87 67 80 66 81 81 71 75 65 70 85 86 82 89 67 71 66 64 90 77 88 86 74 88 89 83 67 87 86 81 96 85 75 78 79 91 88 92 84 75 61 73 91 90 91 81 58 96 75 56 78 64 84 73 85 76 66 69 54 86 82 88 61 78 78 74 92 95 81 89 74 88 81 92 91 90 67 60 78 79 85 69 94 98 79 66 90 66 81 93 74 88 99 75 77 82 94 86 83 96 77 89 91 85 93 68 86 91 75 52 82 92 75 90 80 94 72 86 80 80 92 91 82 87 79 81 94 97 76 73 85 67 82 68 88 59 85 68 98 67 97 94 91 88 83 49 47 99 84 77 91 85 82 92 73 79 100 75 97 80 63 94 91 94 86 83 95 90 81 87 86 81 65 92 93 90 99 85 96 84 63 86 95 78 81 89 88 88 68 87 74 93 91 83 71 89 96 90 87 79 79 82 96 93 87 84 73 95 62 84 95 62 94 94 89 94 89 87 93 92 68 63 92 71 97 89 87 84 50 80 90 87 69 60 89 94 77 58 72 80 80 83 51 78 94 87 89 94 81 70 97 86 98 83 78 95 86 73 77 73 67 70 71 97 88 82 84 82 93 81 89 70 95 75 90 91 92 88 94 93 85 85 81 85 97 85 68 81 89 78 75 97 91 81 74 70 72 94 91 82 79 89 95 94 88 72 90 94 71 97 78 91 71 88 92 86 79 85 91 99 75 87 74 61 87 74 76 80 80 91 86 81 87 71 69 89 94 92 72 98 56 87 81 87 50 78 86 84 90 92 75 83 84 59 88 69 79 81 91 89 81 89 66 91 82 72 78 93 86 79 75 96 79 59 61 70 79 68 96 76 95 78 90 75 72 68 86 56 89 74 93 86 76 61 81 79 76 67 82 87 72 86 79 86 81 72 60 94 91 78 92 68 90 77 81 57 85 78 70 93 91 92 87 88 88 82 88 71 93 86 83 89 74 79 91 97 50 63 94 83 92 84 87 63 90 76 84 59 72 96 96 85 85 99 72 71 84 92 86 99 56 90 74 89 75 90 61 64 89 93 65 57 77 88
98 79 99 91 84 96 95 89 99 96 99 90 93 94 89 100 51 96 96 95 100 91 88 92 89 89 91 82 89 86 97 97 84 99 100 82 85 93 84 97 84 78 96 78 96 92 95 89 97 99 92 87 89 90 99 88 97 90 95 83 81 98 99 93 97 96 79 98 96 98 92 83 99 96 95 80 83 83 86 85 86 84 84 82 58 86 96 92 90 83 96 89 96 99 93 93 78 99 87 99 95 99 94 99 85 90 98 76 96 100 91 99 93 94 83 96 96 89 99 83 90 82 95 89 86 96 84 94 93 99 99 68 95 100 95 67 91 97 95 93 91 98 100 97 100 97 93 98 84 95 95 94 97 100 95 81 95 84 82 96 89 93 85 80 98 97 98 100 99 97 98 73 57 100 97 99 100 87 95 100 82 88 100 86 99 82 71 97 100 96 100 84 99 90 85 95 92 88 92 96 95 100 100 99 99 94 93 86 100 92 82 89 94 92 92 96 91 95 95 89 88 91 100 98 96 79 91 95 96 97 100 97 89 100 71 93 96 91 97 100 99 97 96 97 100 95 100 74 93 96 98 92 95 97 66 94 96 98 85 88 91 99 82 63 94 81 86 87 60 96 97 98 92 95 92 77 99 100 98 93 90 97 86 78 97 80 77 88 88 100 96 90 98 97 94 96 93 100 96 76 93 95 94 90 95 95 88 87 94 87 100 98 74 85 94 91 89 99 100 83 94 86 85 95 96 99 94 94 99 100 93 84 93 99 91 97 82 96 90 97 94 92 96 95 96 100 84 90 91 86 98 98 100 91 83 98 97 90 89 74 72 93 97 98 95 99 68 100 100 97 61 95 96 89 93 99 95 97 97 81 93 89 81 93 98 99 90 89 72 97 94 76 80 96 93 97 95 99 89 71 73 84 82 99 98 95 99 83 94 86 96 89 98 74 97 96 94 93 76 95 98 95 95 99 89 92 75 87 85 87 82 87 65 99 94 90 95 87 100 95 86 68 91 78 96 93 91 100 87 98 100 96 93 72 94 91 88 93 78 86 91 100 76 76 99 96 99 87 89 70 91 100 84 71 90 97 100 100 95 100 81 81 97 97 90 99 98 91 89 95 92 97 93 87 93 99 93 77 96 96

5 17 76 72 70 52 52 55 17 62 54 11 44 6 30 83 19 34 26 57 80 25 5 59 25 59 21 8 11 9 33 54 9 18 27 61 13 6 29 45 13 46 12 32 47 53 23 65 54 23 85 62 5 80 39 56 55 9 73 28 19 59 8 29 83 10 55 37 1 39 6 50 19 5 19 27 25 63 48 94 10 38 26 5 65 23 26 8 52 2 50 49 29 24 24 60 17 6 12 57 77 15 80 14 15 10 33 31 8 36 43 48 48 26 9 63 14 34 18 54 42 7 9 20 60 74 18 37 8 12 10 20 95 78 37 44 20 53 82 2 9 58 66 11 20 2 36 41 61 66 8 83 1 81 65 27 15 14 9 21 45 55 61 30 50 14 14 16 66 44 23 67 7 68 30 50 66 39 23 1 20 11 66 52 75 16 61 9 17 32 21 51 7 22 47 12 29 3 1 1 21 32 10 77 8 46 9 74 56 45 12 33 26 21 67 50 22 53 19 11 9 72 57 82 35 4 10 69 23 5 12 40 28 88 7 1 26 26 6 15 16 44 72 39 40 1 13 76 26 42 8 53 62 21 10 50 90 30 16 11 60 13 1 83 27 18 43 40 46 62 57 24 3 37 10 28 3 71 44 14 2 50 2 74 15 24 42 68 37 22 38 30 40 60 34 7 8 59 44 69 11 4 14 87 16 1 48 2 27 55 29 5 29 23 14 56 7 37 17 17 30 28 5 33 19 64 60 15 29 31 64 70 9 46 17 27 71 33 4 91 2 29 9 10 39 37 19 5 16 20 81 1 39 22 21 20 8 46 86 84 8 41 4 3 82 19 66 38 61 6 14 9 2 74 1 37 39 14 5 11 20 41 57 31 18 55 26 28 12 51 1 6 43 7 15 55 7 58 14 32 25 62 50 63 52 1 6 5 19 26 87 60 59 9 46 9 2 27 27 9 87 7 19 71 37 8 88 1 63 28 18 87 82 39 14 45 65 41 23 57 71 17 56 33 12 66 38 19 19 40 72 68 20 55 15 36 35 20 79 52 35 29 23 26 43 80 38 53 16 7 8 22 41 4 40 28 48 19 54 72 37 54 61 6 12 56 76 25 28 54 24 46 41 21 15 42 44 41 32 54
8 66 94 75 71 99 57 80 39 71 73 94 68 55 59 88 71 70 67 63 100 87 38 99 48 98 76 20 81 56 97 69 11 62 44 76 69 53 42 72 74 48 57 51 91 96 86 94 68 92 90 74 99 90 97 94 70 63 85 45 74 66 44 56 100 64 89 50 53 74 87 62 54 38 39 69 29 87 81 94 47 96 90 54 80 93 63 54 71 77 77 78 37 93 67 73 37 38 47 68 85 68 98 91 66 72 53 82 58 56 51 68 54 80 16 68 50 35 72 61 78 85 95 64 85 78 96 42 68 98 73 99 100 97 68 63 46 82 83 21 56 88 79 68 76 98 55 77 100 79 16 96 17 89 97 41 97 94 13 26 79 69 84 85 56 48 57 68 77 84 59 87 47 79 82 55 66 90 88 100 66 85 88 69 95 92 96 79 66 87 70 91 47 93 100 66 63 76 68 70 66 98 39 78 63 51 75 97 91 71 56 51 82 48 71 94 70 77 30 56 24 76 74 88 46 6 69 89 91 93 66 70 50 98 70 41 62 82 16 58 96 82 98 98 58 38 70 89 27 76 99 73 65 23 69 89 95 97 74 87 79 79 56 88 80 47 71 100 72 72 80 52 23 50 94 82 74 91 72 14 72 65 51 94 39 33 71 78 52 90 73 56 78 75 64 79 38 73 65 98 90 79 49 96 61 92 86 23 76 81 44 49 77 73 28 84 82 61 80 84 46 43 35 87 69 70 75 86 71 41 93 72 75 73 81 91 91 39 56 94 61 57 99 92 52 90 75 15 93 84 86 13 44 28 85 42 55 77 99 92 66 82 28 81 90 36 74 86 92 92 38 35 2 82 8 72 81 54 37 95 83 89 60 75 49 63 78 72 61 96 35 23 88 11 46 56 44 70 83 70 29 65 83 78 69 29 63 92 66 87 95 72 68 20 98 82 54 94 77 21 89 86 79 90 54 82 93 60 78 90 39 97 95 56 71 99 80 49 42 91 93 24 75 71 98 78 83 22 37 88 97 73 93 64 55 45 98 64 86 84 86 51 56 68 49 100 47 90 46 91 13 27 70 40 99 87 61 52 70 80 61 77 88 45 23 77 76 38 69 80 81 76 65 78 47 49 97 92 89 80

344 113 578 522 105 387 903 66 283 84 133 193 111 123 826 78 250 1636 786 296 101 2772 476 560 70 2379 316 436 3684 625 1637 276 186 284 234 1309 476 140 812 753 496 930 402 99 314 555 1119 611 881 139 138 349 769 888 1611 354 625 271 615 113 54 97 133 1661 62 439 672 158 1177 1291 545 303 672 413 107 495 1002 183 31 1924 1842 705 125 239 31 1058 212 1402 694 928 694 74 1665 2188 312 468 46 404 108 396 515 34 1140 93 2032 104 476 505 386 476 1425 137 1512 616 95 643 142 1020 41 513 71 163 188 245 294 2983 1239 687 142 457 236 826 325 49 85 1147 1072 273 316 499 1226 994 349 239 1415 34 1522 897 67 223 362 271 236 69 318 288 136 421 666 292 491 281 568 297 32 283 435 111 160 577 244 84 126 832 137 48 265 970 284 656 446 232 160 102 1447 1791 443 751 119 270 759 813 94 333 2307 334 109 153 700 375 965 459 916 1332 243 1041 620 806 162 61 1018 544 164 178 252 410 164 947 404 539 815 264 952 102 55 544 469 942 250 1380 1963 392 1315 111 205 1174 168 932 1783 135 668 552 72 650 195 797 73 1279 174 1802 234 54 3357 101 222 124 917 635 339 342 554 372 277 1201 539 166 60 112 170 775 172 1920 282 419 966 374 340 378 4551 77 1073 452 60 528 228 785 1437 128 279 436 598 1459 50 1580 146 275 1736 1909 972 269 993 50 180 370 1240 101 647 164 99 343 515 37 1396 135 1212 512 206 529 257 172 146 1462 2003 732 362 118 19 404 413 167 314 107 226 375 385 388 447 339 764 741 427 393 931 593 528 289 1094 162 579 128 376 122 1094 469 2246 150 497 852 2014 86 924 406 87 50 133 334 328 1189 431 680 132 306 1015 282 156 157 409 2206 462 507 2531 143 485 815 1987 2081 558 83 77 226 170 267 442 120 306 385 1008 224 186 244 465 456 35 240 97 728 1066 719 436 474 193 444 1286 27 1748 89 817 179 57 702 986 918 392 647 220 1318 215 93 630 497 67 619 312 107 961 701 231 129 1211 261 305 510 17 860 516 440 98 981 554 165 596 353 95 863 159 904 277 45 500 119 224 155 2205 134 1027 499 3856 161 768 1101 288 1074 159 139 894 61 1440 1212 1826 284 182 60 200 179 891 277 2161 470 831 1601 972 204 370 324 1946 152 96 652 52 96
485 252 661 622 726 402 2675 254 988 363 358 684 783 2502 2119 5391 260 5099 1002 1405 312 3262 1086 3682 818 2445 331 444 4082 983 1932 994 336 1321 864 1577 1071 173 909 892 669 1106 857 209 2594 1079 1154 1659 1112 769 272 568 785 941 1769 425 723 2629 1736 378 155 271 452 3865 610 442 1164 1352 1665 1512 704 594 859 1807 294 1479 1240 687 320 2518 2059 1549 632 391 556 1381 281 3435 1286 991 1619 303 2331 2356 751 539 282 1406 483 1609 635 230 1551 133 2423 136 500 1197 1261 929 1884 241 4674 992 244 1044 735 1586 150 1077 329 1243 285 972 576 4665 2175 728 384 651 262 941 2228 87 1824 1597 2536 1272 467 928 1364 1547 840 2510 1570 291 2006 1937 735 371 1261 1506 378 519 733 641 280 898 1373 527 1317 389 617 353 193 917 1016 179 313 1206 2144 524 794 844 354 1285 541 1313 476 1704 1287 330 356 594 2039 2590 755 1283 155 603 3426 947 1428 487 2336 384 783 164 1000 1082 1071 703 2115 1801 738 2691 625 1570 996 191 2037 1339 2253 215 548 557 1185 1429 900 706 1324 542 960 692 708 1194 480 1474 402 1383 3749 417 1848 316 1185 1735 1729 1278 2374 822 1225 725 748 940 198 1628 514 2017 341 2229 400 357 3547 162 249 143 2064 936 483 1751 2521 532 857 1219 877 331 271 1117 530 1242 318 2600 319 668 1157 437 408 404 4673 111 1209 1292 1471 987 478 876 1851 666 311 657 1001 2651 867 1958 649 539 1790 2878 1126 1174 1137 76 430 1448 2073 416 883 629 327 961 1303 390 1470 1343 3678 1420 487 598 475 202 336 2787 2109 867 490 1174 296 469 880 377 2227 113 754 678 457 831 622 472 894 956 1522 658 1460 2461 905 2103 1199 854 601 244 971 131 1604 995 2860 221 709 2960 2438 571 1460 1625 477 1009 259 334 1935 1818 818 1429 397 840 2799 1714 439 312 603 3479 1549 794 2812 1084 1264 996 2495 2215 794 594 166 1777 187 848 466 1032 507 546 1141 759 898 531 1126 546 1129 1868 3338 1013 1545 1418 552 532 500 952 1753 52 5313 753 2058 223 507 1346 1561 1604 3310 1165 270 4740 1328 151 807 683 1485 1779 514 4174 1214 966 1440 149 3390 292 933 744 382 1601 562 533 204 2146 563 717 1555 405 4551 1610 971 1430 587 355 857 580 867 298 3370 972 1452 593 3956 1241 1836 1135 1251 1217 502 152 2134 413 1729 1915 3586 1126 315 513 353 2482 1555 431 3141 1914 1158 2410 1060 1054 457 1186 2241 521 151 4318 252 1223
1473 621 859 1868 2023 1800 4111 502 1018 378 2545 2092 995 2841 2660 5917 640 5938 1067 1409 448 3484 2509 4933 1008 3016 350 665 4143 1473 1978 3342 755 1809 1124 2146 1324 533 1511 1169 710 2262 1865 657 3600 1253 1164 1708 1208 869 817 940 1824 1917 2612 889 890 2691 1867 1145 254 313 494 5455 744 815 1760 1396 2353 2563 885 880 1512 2805 341 2430 1357 886 820 3029 2111 1974 1728 2138 575 1460 379 3587 2774 2158 1968 336 3269 4557 1050 1355 399 3465 1171 3396 1060 345 1561 252 2697 625 528 1315 1401 1022 3353 1343 5093 1348 850 1354 1373 2744 181 3046 539 2499 379 2332 1081 4814 3086 769 463 668 341 1030 2825 1243 1926 3127 3904 2048 828 961 1383 1621 1084 2865 1606 305 2348 2541 807 712 1348 3950 893 524 1096 1709 336 2354 2074 530 1703 584 785 442 410 1788 1164 393 643 1489 2399 657 1369 1202 780 1504 756 2010 1295 1922 1416 605 443 876 2220 3106 1393 1944 1127 850 5570 2935 2007 811 4316 739 1124 972 1027 2000 1248 1134 2285 1969 853 4483 768 2788 1405 268 2106 1478 3218 1092 741 601 1362 1450 1000 981 1674 595 999 2436 1685 2212 679 2300 3297 1551 4675 3869 3780 2077 3373 2744 2158 1587 3385 1161 1759 1319 823 1370 333 2923 687 3702 704 2781 480 1072 4882 650 982 391 3310 1039 505 2375 2533 768 1428 1231 1299 630 974 1368 565 1958 567 2855 499 1005 1199 782 559 594 5192 261 2617 1300 2002 1492 1496 1778 2768 722 506 1308 1049 2816 1003 2371 733 1205 2440 2926 1500 2093 1210 442 631 1641 4890 473 997 885 678 1042 2079 1024 1476 2281 4199 1569 691 635 650 537 530 2988 3367 1322 715 1959 315 563 1523 488 3784 349 1101 1088 555 1383 679 747 1255 3886 1599 716 1725 2716 1294 2134 1781 958 686 302 3080 269 2030 1922 3102 242 1139 4537 4232 596 2783 2367 618 1414 324 424 3765 2779 830 1493 661 1739 3307 2289 676 750 1198 3527 1952 1372 3100 1623 1602 1177 3198 3087 892 994 352 3327 219 1807 1848 1648 2433 728 1389 1263 925 1050 1744 787 1881 2517 4103 2275 2363 1503 854 1019 1049 1382 2175 564 5527 929 4590 404 520 1960 1664 1972 4550 1432 1286 5902 1359 253 995 1513 1998 2711 1510 4959 1286 1698 4086 810 3560 307 2256 951 410 1781 1283 1070 300 2710 1106 820 1902 805 4870 4343 1328 1743 1411 679 1179 1729 933 447 3648 984 2747 909 4397 1255 2459 2349 2273 1853 720 205 3291 738 2275 1923 3593 2069 499 1301 447 5449 1703 648 3190 2210 1579 3008 1328 1778 2725 1591 2479 555 494 4771 1298 3483
1608 663 931 1952 2496 1922 4506 785 1030 454 3324 2211 1159 3241 2828 6619 928 7692 1483 3377 1383 3960 3170 5505 1259 3034 693 1339 4557 2365 2263 5144 2457 2431 1314 3159 1659 573 1579 1177 1095 2395 2000 1163 5033 4372 1595 2448 2059 1996 867 1374 3048 2027 3747 1415 1385 4413 3067 1166 1392 908 503 5601 827 816 3074 1527 2755 2765 1188 1248 3883 4674 1305 2798 1478 1506 1015 3249 2418 2260 1946 2754 809 1475 562 4225 5503 3721 2004 505 3571 4735 3817 1683 611 3549 1252 5572 1731 1227 1561 351 4738 707 689 1740 1632 1971 4090 1942 5202 1701 1025 2574 1896 4666 302 3674 653 2713 494 2899 1090 6738 3288 1589 875 971 530 1294 3881 1465 2402 3196 5016 2531 898 1413 1471 1954 1405 2898 1930 1003 4076 3264 1206 1456 2140 4752 1304 753 1125 1832 795 3585 2100 629 5049 1229 786 523 628 3220 1421 778 1338 2848 3583 978 2025 1475 969 2091 939 2131 1313 1996 2278 616 531 2091 2959 3127 1644 2056 1141 923 5873 3614 2132 1227 4875 865 2624 1040 1385 2569 1474 1364 2781 2473 979 6870 1594 3492 3264 272 2981 1531 4449 1450 772 750 1391 1640 1081 1084 2063 951 1153 2932 2215 2438 1386 3948 3515 1922 4806 4343 3928 2342 4306 2757 2438 4933 5912 1817 2399 2791 965 2004 1015 4523 1376 5582 1199 3169 495 1227 5659 682 1663 645 4416 1170 876 3517 6029 950 2332 1258 1476 756 1095 2524 666 2633 656 3817 1085 1474 1232 865 599 673 6332 802 3357 1755 2686 2472 2125 3541 3104 1314 921 1467 1050 3556 1682 2950 897 1942 2671 6092 2357 2268 1762 841 989 1900 5055 744 1768 1347 904 1062 2244 1601 2173 3520 4437 1968 757 666 829 1317 582 3159 3485 1398 911 2811 376 966 1684 630 3809 1825 1166 1326 798 1622 1681 975 2615 6054 1815 820 1806 2778 1400 2311 2650 1064 1820 672 3296 472 2083 2806 3276 649 1385 5173 4806 950 4328 3166 877 2642 984 667 5421 5532 3545 2592 980 1802 3578 2436 863 1388 1744 4690 2014 1561 3215 2200 4439 1326 3368 5981 898 994 1320 3556 1110 4499 2535 1874 2644 1063 5191 1679 1439 1168 2024 829 1974 2777 5277 2827 3045 2884 1230 1202 1629 3005 2510 878 5776 1186 5439 796 6016 2873 2821 2759 5034 2126 1750 6154 2230 299 1231 2606 4839 3863 1847 5122 1380 2014 4947 921 4549 750 3230 964 525 1992 1895 1310 443 2952 1458 895 1919 1683 7113 4563 1527 2047 1744 912 1614 1931 1632 1042 4146 1075 4729 1286 5721 1525 3477 3045 3196 3068 1292 206 3671 787 2690 3153 4780 2391 2640 3363 1295 6256 1732 1022 6253 3104 2202 3413 3558 1981 3256 2276 2609 571 562 5510 1307 6510
2051 1198 1574 2721 3388 2535 4604 993 1438 852 3948 3929 1573 3425 3174 7363 1223 7908 1730 3771 1489 5394 3373 5546 1496 3092 896 1422 4825 3248 2271 6053 2601 4997 1436 4429 1942 800 2427 1291 1102 2645 2672 1232 5482 4965 1644 3480 2223 2767 931 2063 3451 2088 4471 2299 1996 4827 3483 1183 1547 1107 884 6147 931 1441 3668 1745 2900 2996 1549 1798 4920 5414 1409 3248 1495 1830 1190 4285 3049 2840 2022 3652 1070 1772 1595 5193 6235 4884 2458 750 6161 5107 4816 1796 704 3697 1458 5776 1764 1245 1796 412 5746 969 951 1818 1850 1987 4348 2534 5601 3621 1092 2847 2022 4989 530 3951 1058 4746 872 3725 1341 7774 3413 1601 990 1090 627 1370 4082 1877 2953 4153 5652 3389 997 2843 2183 2094 1629 3062 6957 2074 5919 3386 1508 1556 2390 6607 2971 1174 1348 2450 893 4965 2603 1074 6340 1896 1638 613 667 3812 1447 1038 1594 5469 5594 1427 2953 1529 1517 3291 1090 2253 1877 2063 2280 1155 819 2094 4081 4963 3333 2732 1583 1053 7201 4242 3606 1256 5860 936 3907 1621 1572 2783 1685 1673 3195 2629 1148 6971 2962 4787 4707 368 3283 1702 6697 1628 837 854 1401 1690 1582 1608 2132 1261 1315 3154 2382 3482 1470 4034 5020 2433 7789 4477 5388 4135 5668 3690 2734 7030 6248 2915 2515 2805 1306 2375 1236 5996 1728 5948 1333 5139 1070 2029 5667 723 4892 974 5563 1843 1043 3944 6510 1131 3069 1438 1921 982 1105 3210 694 4990 1087 3885 1228 1736 1410 869 978 866 7095 944 5305 2602 3076 2569 3103 5032 3184 1475 1157 1779 1255 4221 1707 3578 2119 2669 2795 6139 2764 2557 1795 1678 1920 2671 5594 1007 2869 1487 1011 1102 2752 1639 2346 4470 5234 2754 783 1204 1068 1324 722 3712 3486 1786 1332 3183 992 1432 1962 772 6480 2233 1377 1357 833 4193 1959 1057 2696 6975 1823 1008 2226 3509 1476 3456 2690 1420 1861 739 4560 542 2719 6215 4529 681 1499 5243 4899 972 4484 3607 967 4019 1264 1379 6556 6079 4756 3333 1000 2076 3819 3814 1522 1572 1819 5667 3240 1851 3615 2597 7039 1924 3453 7164 1991 1312 1699 4491 1445 5417 3610 2880 3180 1581 5819 2345 1783 1284 3763 1197 2712 3251 6698 3562 5599 4756 1345 1350 1663 3299 3081 1229 6434 1643 6759 1053 7243 2903 3471 2812 5362 2374 2354 7899 2251 549 2112 3300 7226 3886 3344 5177 1810 2346 5669 1341 6694 1100 3844 2946 1375 2302 2139 1344 754 3881 1869 1199 2401 3243 8192 5790 1672 2175 2196 1225 1886 2214 1699 1953 4905 1176 5349 3155 6478 2920 6352 3288 7473 3124 1859 1179 4899 990 2980 5299 6289 2910 3547 3632 1512 6323 2483 1270 6331 4456 3723 3772 5362 2500 3725 4557 3121 822 1546 6427 1408 6512
2501 1354 2352 2848 4940 2996 5150 1592 1558 984 4349 4133 2017 3848 3584 9176 2914 8021 1751 4536 1763 5726 3595 6459 2287 4007 1263 1473 5172 3256 2980 7004 2710 7143 1559 6752 2132 966 2786 1556 1167 4500 2948 1264 5714 5391 1688 5141 2646 3080 1154 4670 3686 2137 5184 4058 2320 6059 4346 1288 1672 1372 927 6687 1192 2027 4717 1768 3022 3357 1674 1952 6822 6903 1590 3651 1559 1976 1318 6110 3200 2906 2028 4307 1665 1820 1611 5661 6634 6445 2667 1020 7214 5843 5425 2282 1187 4313 1553 6215 1931 1348 2269 593 7223 1009 1543 1922 2189 2121 5273 2730 6100 5300 1177 2849 3417 6529 1179 4331 2664 5725 996 3866 1898 7938 3473 1668 1715 1379 737 1915 4287 2586 2998 4893 7715 5831 1298 3077 3052 3244 1741 3312 7424 2545 6220 6812 1692 2339 2739 6641 3292 1414 1701 2635 1448 8187 3110 1358 6935 1902 2308 779 1009 5357 1808 1248 1619 5802 5953 2616 3081 1559 1581 5517 1218 2903 2141 4345 5931 1934 843 2380 4989 5341 3406 3112 1799 1236 7625 4297 4076 2155 6209 1805 5993 1704 1611 3591 1736 3547 3373 2870 1578 7074 3117 5404 7270 1274 3868 1709 7290 1756 1274 1014 2018 1910 2107 2497 2918 1356 1866 3857 2496 4286 1553 6149 5518 2624 8550 5861 8680 7089 5906 3909 3566 7060 6985 3591 3066 4778 1425 2749 1667 6144 2165 6069 1341 7595 1331 2135 6835 1461 5261 1383 8934 2067 1387 4053 7252 1756 4261 1923 2099 1269 3899 3456 895 6612 1232 4188 1549 2031 1851 3859 1696 876 7348 1679 6264 2721 3839 2680 4051 8677 3856 1724 1655 1960 1282 5000 1899 4212 3001 6300 3365 8020 3125 3164 2210 2192 2831 4251 6850 1746 2896 1701 1483 1149 2913 1891 2525 4623 6727 2851 1680 1252 1450 1336 965 4020 3537 2045 1529 3255 1271 2614 2686 1117 6987 2293 1753 1667 1044 4213 2101 1643 3822 7037 1969 1015 2329 3600 1494 3718 2894 2807 2465 780 4671 565 3427 6666 4615 787 1988 8189 6087 1072 4731 3652 1142 4963 1301 1595 6618 7339 4880 3587 1072 3028 4078 3922 2866 1759 5412 6048 4428 1941 4055 4470 8342 2039 5940 7432 2067 1837 1772 6083 1698 7931 3844 3054 5580 1996 5967 2546 1936 1782 4345 1493 3249 4710 7241 5768 6946 6149 1397 2719 1692 3920 3343 1324 6879 2813 7033 1431 7756 4314 3889 3802 5503 2400 2406 8510 2481 1081 3074 4011 7534 3941 3376 5651 2041 3504 5749 1355 7050 1488 4367 3280 1575 3536 2149 1846 774 4067 1925 1365 3014 3369 8647 6368 1716 2849 2213 1416 1916 2371 1703 1996 5856 1283 5484 5181 6927 3303 6815 3439 7679 3977 1946 1289 5098 1231 3197 6101 6590 3100 4465 5347 1527 7496 2722 1463 6411 6181 4380 6630 6804 2752 3792 6747 3629 1623 1610 6795 2247 7299
4186 1602 4209 2955 5488 3993 5902 2579 2202 1355 4553 4259 2074 3856 4168 9369 3078 8379 1996 4546 2058 6666 3712 6503 3483 8517 1526 3738 6685 3518 4248 9246 3865 8515 1693 7686 2279 1107 3740 1666 1234 6309 3123 1969 7087 6200 1900 6667 3820 3140 1381 5095 4020 2451 6197 4588 3571 6308 4353 1324 1758 1935 1838 6758 1268 2224 6522 2134 4262 3525 2516 2125 7164 7359 1597 4360 1854 1992 1646 6503 3279 2933 2621 4586 1801 2330 1618 8278 7819 6525 3259 1152 7724 8223 7972 2429 1484 5567 1648 7265 2236 1550 4322 1270 8297 1294 1568 2308 2893 2259 5994 4106 6782 6373 1520 3653 3602 8115 1848 4415 3513 6426 1389 4054 1902 9154 3708 1907 1983 1513 738 2219 4313 4240 3493 5861 9138 6238 1666 4160 3731 3518 2399 4374 7517 3308 7448 8606 3849 2682 2804 7309 3637 1741 1911 2745 1852 8375 3259 1660 6953 3575 2652 1600 3918 6064 1951 1514 1673 8472 6898 3742 3338 1855 1678 7059 2167 3190 2336 4515 7057 2074 1225 3052 8799 6155 3566 3201 1866 1643 8834 4313 4397 2161 8917 1902 6957 2468 2039 3693 2163 4076 3830 2948 3715 7875 3959 5721 8334 3972 3900 2041 8717 2044 1799 1256 2038 1965 2133 2640 3156 1634 1921 4354 3751 4552 1607 7262 5602 3068 8944 6612 8778 7445 5937 4072 3835 8240 7017 4087 3263 4886 1861 4016 1816 7178 2225 6729 2215 7934 1552 2712 7757 1815 5984 1547 9031 2082 1659 4997 8346 1795 4273 2104 3806 1636 4021 3654 1555 6764 2201 5510 2640 2598 2257 4076 1822 1414 7350 1937 6807 3620 4456 3112 5111 8820 4055 1737 1981 2080 1328 6817 1968 6187 3774 6601 3445 8324 3411 3624 3660 2200 3047 4479 8110 1966 3539 1755 1787 1575 4086 1895 3967 4672 7450 3304 2074 1429 1663 1549 1443 4277 4001 2536 2092 3891 1745 3258 3752 1592 7048 2355 1869 1745 1805 4755 2155 1664 3849 7731 4045 1407 2440 3736 1641 6368 3597 3020 2491 833 6277 672 4070 7228 7033 909 2010 8391 7342 1577 4988 3854 1178 8085 2129 1940 6817 7550 5160 3756 1874 3388 4194 4681 3880 1867 7625 6939 5033 1975 4349 6448 8349 2106 6639 7753 2204 2494 1794 6207 1820 8059 3904 4287 5819 2384 6215 3623 2040 1786 4379 1582 3720 7031 8513 6566 9315 6731 2839 3169 1782 4822 3628 1853 8182 3398 8066 3807 8030 4425 6895 3840 8044 2664 3088 8622 3228 2227 3281 4546 7663 4182 3662 6173 2083 4847 6576 1539 7627 1502 6191 4533 1921 3856 2251 1898 963 4344 1930 1569 3137 3390 9025 8547 1835 2991 2808 2204 2066 2381 3129 2355 6123 1697 5563 5247 7603 4208 7856 3547 8482 5484 2140 1292 6224 1807 3356 6193 7348 5202 4854 6990 1634 7636 3374 1990 7850 8172 5454 8296 8273 3098 4090 6944 4960 1932 1658 7134 2810 7492
4258 1768 4211 3145 5805 4422 6415 4362 2354 1520 4802 4548 2182 4033 4328 9827 4166 9074 2149 4660 2380 7526 4030 8604 3989 9514 2023 4005 7183 4486 4489 9615 4298 9536 1908 8331 2325 1170 4479 1758 1241 8139 3892 2329 7222 7045 2040 7982 4221 3213 1905 5269 4515 2452 7419 4811 4177 6917 4448 1485 1830 1974 2294 7673 1369 2244 7449 2178 4294 6822 2561 2233 7209 8707 2307 4612 2014 2096 1905 6672 3420 3274 3972 4605 2195 2700 1632 9659 9132 7370 3796 1577 8506 8952 8821 2439 1624 6703 1659 7548 2511 2161 4496 2308 9867 1624 2282 4271 3392 2302 6523 4174 8351 8952 1821 3901 4137 8863 2124 4776 4652 7440 1501 4784 2277 9210 4039 2086 2132 2145 1384 2280 4378 4599 3582 6205 9301 6266 2246 4486 4214 3730 3175 4775 9457 3576 8272 8888 4310 2956 3123 8168 3936 2053 3692 2912 2299 9536 4219 1761 9502 3936 3437 2161 4378 6725 2106 1519 1763 8701 8203 4066 3695 2049 1976 7561 2966 3658 2394 4544 7724 2195 2084 3296 8869 7510 4459 4244 2334 2247 9142 4418 4610 2169 9077 2093 7085 3630 2378 3791 2302 4807 4171 3093 3990 8127 4020 6336 8671 4043 4082 2060 9077 2244 1934 1748 2085 2439 2227 3488 3356 1878 1953 4569 4143 4710 1933 7801 9396 3860 9014 6664 8971 8385 6516 4713 3877 8651 7393 4631 3836 5951 2383 4741 2150 8457 2256 9660 2248 9132 2148 3904 8183 2435 6201 1648 9509 2372 2026 5061 8457 1886 4689 2305 3899 1663 4628 3911 1621 8706 2292 8075 3488 3177 2299 4096 2374 1568 7659 1977 8136 3754 4766 4591 5189 9168 4356 1749 2033 2092 1401 7080 2080 8828 4699 9409 3490 8984 4089 3894 4492 2234 3336 4557 9425 2347 3911 3628 2334 1606 4267 1935 4186 4954 8344 3687 2294 1683 2030 1926 2167 4871 4406 4712 2113 4973 2035 3686 4465 2165 7728 2405 2110 1768 1962 4980 2179 1672 4928 9313 4287 2289 2978 4713 2135 8037 4259 3211 3462 1560 7495 1802 4618 9387 8850 1968 2101 8485 8020 1673 8980 3904 1654 9400 2223 1996 8605 7999 5770 4229 2389 4166 5519 4775 3926 2134 8655 7042 5997 2274 4676 7367 9178 2452 7583 8023 2303 3623 1916 9313 2253 8217 4481 4740 7301 2446 6981 4410 2130 1956 4933 1740 4263 7427 9181 8453 9493 9031 3051 3542 2016 4829 3938 1853 8221 3936 9717 3877 8084 4436 7552 3953 8525 4059 3254 8704 3434 2229 3797 4563 8632 8918 4277 7666 2362 4874 6984 2080 8156 1949 9250 4943 2178 4086 2565 2058 1127 4490 2192 2270 3463 3450 9041 8802 2244 4060 3012 2227 2208 2387 3202 2359 8139 1719 9113 5893 8126 4561 8029 3738 8506 6321 2370 1322 6789 2275 4023 6213 7522 5220 7753 7307 1847 8027 3492 2548 8802 8483 9208 8477 8388 3881 4370 9699 5364 2210 1938 7656 3777 7909
4542 1823 4395 4094 6624 4756 8645 4538 2455 1779 4832 4759 2245 4239 4649 9962 5046 9081 2242 4804 2496 9772 4845 8658 4159 9906 2405 4356 9291 4697 4817 9853 4390 9938 2060 10010 2508 1321 4959 1800 1910 10006 4516 2401 8431 8592 2452 9857 4341 3942 2123 5619 4703 2552 9886 5032 4744 7095 4618 1950 2376 2386 2450 8355 2203 2489 7650 2331 4313 8757 2563 2290 9760 9703 2383 4700 2180 2363 2490 7679 3688 3964 4099 4669 2438 2870 1867 9833 9625 8582 4653 1840 9005 9870 8884 2523 2332 9709 1991 7582 2568 2169 4599 2333 10054 2055 2551 4834 4597 2327 8021 4719 9902 9450 2075 4314 4737 9363 2499 4926 4693 7715 1962 4902 2456 9800 4113 2427 2392 2236 2328 2526 4779 9030 4290 6559 9798 9718 2405 4696 4510 4328 3645 4903 9527 4282 9631 9028 4460 3091 3128 9935 5056 2467 4042 3100 2368 9850 4544 2488 10012 4703 4572 2331 4701 7438 2461 1867 2210 9400 9706 4598 4402 2197 2143 9817 3543 3809 2452 4851 9846 2517 2477 4076 9627 8794 4516 4274 2499 2274 9335 4825 4753 2355 9212 2320 9563 4793 2444 4085 2307 4958 4813 3617 4615 8268 4058 9643 9855 4641 4633 2072 9564 2494 2310 2284 2095 2475 2410 4433 4856 1972 2016 4722 4218 5035 2536 9478 9916 4839 9812 9730 9213 8672 9319 4752 5042 9560 8957 5009 4895 9114 2452 4985 2372 9375 2449 10044 2415 9895 2502 4753 8978 2515 6813 2108 9599 2481 2406 9675 8775 2145 4857 2315 3971 3775 4682 4528 2311 9692 2537 9064 4639 4635 2435 4665 2476 1782 9808 1989 8871 4058 4770 4670 7168 9958 4460 2530 2537 2131 1410 7232 2182 8901 4917 9660 3936 9353 4378 4678 4905 2441 3634 4972 9896 2349 4797 4673 2566 2387 4939 2085 4193 4993 9390 4149 2386 2530 2374 2365 2405 5010 4584 4769 2160 4995 2176 4495 4936 2214 7809 2444 2178 1979 2463 5061 2443 1717 5043 9682 5023 2550 3544 4972 2380 8603 4743 5000 3643 1935 10024 2514 4725 9617 9513 1970 2296 9132 9990 2052 9516 4645 1700 9675 2489 2455 9337 9750 8100 4281 2413 4798 8987 4858 4083 2354 9757 9283 7613 2382 4781 7452 9987 2509 8277 8442 2569 9067 2138 9381 2392 8244 5089 4911 8323 2531 7502 4609 2442 2172 5046 2525 4872 9363 10031 9984 9966 9345 4330 3884 2292 4835 4625 2225 9971 4061 9943 4909 8707 4912 9165 4393 9510 4214 3274 8797 4279 2354 3949 4980 9575 9277 4298 7893 2438 4907 7136 2135 8238 2497 10044 5018 2442 4550 2570 2470 1487 4882 2200 2512 4085 3820 9141 9605 2384 4740 5041 2431 2387 2412 4591 2535 9101 2243 9406 8566 8292 4902 8437 3938 9736 6692 2498 1916 9220 2320 4473 7164 9771 7628 9796 9515 2299 8516 3756 2555 9989 9376 9764 9044 8527 4711 4766 9889 6313 2575 2118 9185 4358 9950

340 95 512 161 98 214 259 32 187 62 98 97 95 29 416 32 152 1621 763 140 84 2322 330 82 41 2360 105 404 2511 504 1577 161 107 213 222 1210 371 116 722 472 262 592 263 73 271 200 962 478 566 86 105 331 455 363 1532 68 573 174 143 29 34 59 76 1111 50 286 639 96 1144 1109 264 181 564 269 79 469 629 116 30 1848 842 547 93 136 26 847 133 1273 539 829 530 54 1649 2111 205 390 32 252 90 382 464 28 887 86 852 81 123 343 54 237 1165 133 1464 175 92 376 127 828 40 443 48 80 95 128 248 602 540 576 93 270 212 723 307 44 49 803 441 245 301 478 760 538 146 116 353 25 1044 837 54 178 24 229 177 56 286 267 133 384 203 198 255 201 422 133 18 267 326 64 87 415 104 81 110 624 121 23 124 573 103 274 420 170 158 94 1263 1239 290 396 50 200 561 528 50 258 2290 262 19 147 342 221 586 112 893 351 240 786 382 664 135 16 254 409 125 70 113 390 127 17 55 466 364 166 627 6 40 69 289 686 101 1124 756 255 1290 71 96 664 164 556 463 133 422 116 66 618 190 779 39 522 148 1506 150 13 2887 87 195 57 580 509 220 226 269 255 76 896 104 34 24 100 168 716 140 1487 188 123 750 272 195 304 4343 49 774 381 54 447 106 683 1318 91 278 168 562 1122 20 1492 121 223 1549 1092 812 162 218 45 140 122 1171 66 291 13 45 273 449 35 753 58 540 264 166 228 89 100 142 367 1405 592 94 73 15 325 348 154 229 81 156 315 143 341 388 130 611 422 391 250 677 377 288 250 709 58 373 105 106 102 909 282 1064 113 427 830 174 18 129 368 66 13 110 129 220 1181 248 587 52 300 729 190 154 114 107 1151 102 299 1712 62 300 781 1121 711 221 61 45 114 118 210 343 96 233 371 989 201 166 178 321 366 27 226 73 371 667 639 369 260 134 160 1265 17 1043 64 409 11 19 586 825 271 246 372 175 1074 91 65 531 385 49 504 170 84 558 501 189 71 165 179 127 277 5 788 474 400 49 805 486 46 265 346 56 267 138 525 270 6 363 97 135 78 1412 112 933 246 2392 155 405 1097 258 814 29 96 391 46 177 1053 505 164 107 25 180 144 592 101 1834 226 437 891 959 90 223 141 1792 34 44 551 41 42
252 29 371 68 77 90 19 13 157 46 58 2 28 20 114 15 4 459 685 138 7 1227 83 56 4 469 86 314 1723 185 1020 25 80 61 175 105 23 25 711 377 10 447 32 41 75 186 590 437 467 69 38 210 157 140 946 58 304 149 67 2 13 50 67 40 27 22 225 8 523 813 22 26 313 214 75 8 402 31 10 925 511 190 32 52 2 86 37 1248 426 70 219 8 281 1281 36 363 14 115 48 41 462 23 517 76 652 70 62 112 53 223 303 102 612 138 75 269 48 621 8 181 36 55 38 77 117 187 59 126 24 177 98 487 125 27 11 637 56 11 179 290 266 204 63 61 172 10 356 199 5 171 19 39 145 49 37 85 101 377 162 192 62 107 191 91 12 109 71 7 86 9 28 9 32 100 68 7 47 198 35 94 221 126 62 24 295 1022 233 56 18 10 241 342 25 6 798 19 4 41 227 200 243 10 105 127 174 740 182 323 40 5 23 40 22 32 27 274 47 14 53 196 87 29 293 2 34 15 118 596 58 699 304 48 494 58 60 559 136 362 352 112 222 80 65 60 135 17 21 29 51 748 88 2 2648 57 13 36 427 264 32 213 64 246 58 484 28 16 2 68 102 489 32 568 165 106 324 118 64 32 2967 3 128 196 5 185 37 580 939 18 221 11 548 977 8 1398 54 116 1154 948 797 140 3 13 98 104 1043 32 71 11 17 84 295 24 36 12 251 164 110 73 59 1 51 274 476 481 34 45 8 238 290 89 19 43 98 135 21 70 39 117 514 327 336 149 598 295 109 153 622 3 251 85 47 29 493 215 153 82 140 325 59 12 84 329 2 9 7 36 104 33 191 353 13 84 609 79 141 1 24 1022 59 18 579 52 76 479 428 536 39 29 5 48 77 109 230 18 210 184 782 153 68 50 20 66 22 173 25 166 333 131 288 222 80 86 1085 12 308 36 119 8 8 387 803 3 6 80 93 251 37 47 359 89 36 451 132 74 25 267 13 62 47 39 15 232 3 177 38 168 25 89 458 10 173 224 53 169 96 370 113 3 93 34 7 69 1234 77 749 107 1687 40 217 421 145 102 11 26 53 12 60 910 388 155 75 22 165 76 430 4 582 52 436 737 21 62 12 23 996 18 18 289 34 18
