500 9 2
99 61 63 81 81 57 79 56 2 83 77 85 9 42 61 26 16 22 50 65 51 3 19 26 4 45 66 36 4 68 88 3 15 73 11 72 72 24 3 47 93 38 10 14 51 46 91 44 33 15 93 87 85 40 66 68 23 90 4 14 16 93 22 32 71 19 74 90 32 52 93 32 8 48 84 16 73 25 60 94 18 60 79 45 74 34 50 7 56 80 53 37 85 68 32 91 69 6 37 63 8 80 90 14 12 61 79 67 71 93 52 21 72 4 46 35 84 99 49 69 94 21 94 72 100 39 34 14 79 22 21 57 98 71 85 50 79 3 8 92 62 67 11 16 16 31 48 2 95 41 96 41 19 38 58 61 51 28 1 79 68 19 47 10 68 33 25 70 97 31 90 80 1 44 17 97 43 78 36 30 39 35 60 38 14 68 21 67 25 40 62 48 50 73 22 95 87 1 97 51 46 18 46 60 64 59 43 12 30 86 61 53 16 67 77 32 35 100 97 85 6 56 10 57 38 10 70 15 99 50 95 91 57 2 61 66 33 31 40 65 18 5 1 65 85 81 52 46 97 8 52 45 17 42 85 57 37 79 29 9 20 53 39 32 29 54 70 61 58 13 91 92 100 18 23 60 94 91 67 75 41 24 16 22 90 46 43 40 19 1 71 77 96 10 70 18 30 20 73 28 12 47 37 81 46 25 53 10 49 98 28 8 38 12 72 55 31 83 56 18 86 100 83 57 71 89 82 8 69 98 16 4 10 59 55 43 11 31 70 7 32 20 42 97 29 11 53 10 18 20 50 96 51 74 12 81 100 89 31 10 68 7 73 41 12 89 15 65 56 75 70 57 50 39 2 87 76 77 53 41 47 11 36 36 22 46 22 58 56 8 33 3 71 36 73 4 65 7 14 54 8 73 100 33 66 29 88 34 68 17 89 94 15 98 34 3 9 90 14 41 1 53 73 21 98 8 35 61 95 71 49 88 98 96 36 12 48 70 1 81 59 5 87 69 46 32 89 100 50 63 82 42 88 42 37 99 33 88 4 51 98 19 75 80 100 44 79 42 36 79 40 57 84 46 38 13 22 99 99 99 70 76 73 13 73 6 55 27 67 14 72 1 9 77 11 16 16 62 72 84

39 17 15 2 1 10 22 4 1 12 1 7 10 1 14 14 57 2 4 3 1 33 6 10 5 1 4 31 3 1 15 6 21 3 1 5 2 13 24 22 19 8 9 3 14 3 1 1 21 6 22 2 7 25 6 12 14 5 17 5 8 4 11 24 12 6 16 6 24 11 3 1 17 5 1 7 19 4 12 21 15 22 2 23 16 6 18 2 23 4 4 20 1 16 6 4 27 10 1 22 18 10 13 7 1 22 8 3 20 10 3 2 2 4 2 22 17 4 1 8 37 5 10 8 9 9 10 10 13 10 14 1 16 5 12 6 4 1 12 8 9 23 24 7 5 22 4 7 18 18 10 9 1 22 2 9 2 1 11 9 1 9 2 23 23 14 6 23 4 1 21 6 8 50 19 3 1 18 8 1 5 18 12 10 6 3 3 1 2 5 4 4 1 33 2 4 24 2 7 12 7 2 2 5 4 2 26 4 21 9 2 5 8 21 12 8 8 3 3 3 1 9 11 35 7 13 5 22 1 19 6 10 4 4 9 19 21 7 7 6 5 22 1 17 11 20 7 1 29 3 4 3 18 17 9 5 1 2 2 1 20 1 15 3 6 16 19 10 1 3 14 7 1 12 12 8 24 42 2 5 3 12 5 6 15 5 45 1 4 2 19 9 28 32 17 8 4 13 8 16 20 6 16 1 25 14 4 9 4 4 3 12 20 8 10 9 5 1 5 3 47 17 7 20 43 8 6 1 6 20 14 16 6 9 32 32 17 5 5 20 13 21 22 2 4 1 8 24 8 20 35 10 5 7 7 14 2 12 6 12 1 15 4 2 6 3 8 5 2 7 7 7 11 8 7 18 15 2 16 13 11 12 6 1 11 10 9 10 15 7 41 4 8 6 1 1 19 10 5 6 4 15 6 20 22 5 13 8 10 9 14 4 3 20 6 11 5 4 5 8 11 4 7 3 7 9 6 18 6 5 2 13 4 8 11 2 21 12 24 3 4 3 18 4 16 16 2 12 14 31 2 4 2 15 20 16 19 5 1 19 11 10 6 16 7 35 1 16 25 26 36 2 10 4 12 26 5 6 18 16 3 8 1 2 1 25 17 39 6 6 12 11 19 9 9 3 6 13 2 10
60 19 40 3 3 34 34 8 14 12 26 18 17 9 27 21 57 12 22 29 6 37 18 30 26 17 4 31 20 1 38 14 21 7 6 10 3 34 26 26 46 24 20 15 32 30 28 6 23 22 25 8 9 35 14 31 18 14 30 9 14 47 26 27 44 12 47 6 26 12 19 10 27 21 7 12 28 8 30 31 34 27 16 25 29 27 28 34 37 6 5 33 10 24 7 10 43 15 20 24 23 18 34 33 11 50 12 6 38 10 9 3 9 5 31 28 20 7 9 10 43 9 10 14 29 26 17 30 36 11 24 2 23 15 16 8 18 3 15 49 11 26 30 7 8 33 24 9 20 40 22 13 9 29 37 11 21 5 16 11 4 25 14 34 40 21 16 27 16 24 28 7 19 53 23 4 9 28 16 3 22 42 21 16 8 4 13 45 18 15 4 6 26 46 13 5 24 15 8 20 18 26 3 30 15 17 32 13 29 29 20 6 17 27 27 14 18 13 23 27 11 18 18 43 47 15 24 35 8 58 21 28 18 21 17 24 24 14 30 12 8 26 13 24 29 21 11 11 38 11 31 11 22 39 52 10 10 3 4 16 35 14 20 32 11 17 24 11 12 12 26 23 18 13 19 17 33 49 13 26 7 55 10 15 18 7 50 5 25 20 26 18 44 46 29 26 4 27 38 24 28 14 19 4 32 20 33 12 13 9 13 32 28 22 14 49 11 3 12 27 49 37 11 33 55 11 12 4 6 41 19 29 9 9 34 41 18 19 21 33 41 26 22 4 4 3 13 38 10 32 54 14 34 11 11 18 4 15 16 16 2 21 17 25 21 5 11 7 3 28 11 8 12 17 18 20 27 5 26 19 16 24 19 24 32 12 17 16 54 11 48 11 14 13 2 22 19 17 10 21 10 32 8 20 32 5 34 12 12 10 22 7 15 25 13 14 6 18 10 36 20 7 9 15 23 13 11 36 6 6 23 13 5 15 14 13 44 19 34 5 7 3 22 14 20 23 5 41 19 40 15 18 9 19 23 23 43 6 1 23 15 19 42 22 61 35 2 34 39 30 36 5 29 4 20 26 27 15 34 20 4 13 16 4 19 43 28 46 10 22 21 12 27 12 13 34 12 27 7 15
65 21 46 8 14 44 46 13 17 22 29 42 30 46 28 27 63 34 30 31 34 52 20 39 43 17 18 38 36 9 45 30 31 22 20 13 17 41 58 58 48 27 23 34 34 35 31 12 42 27 30 15 37 45 45 32 18 39 30 13 45 53 28 42 44 32 55 16 35 21 24 34 30 29 16 36 52 15 50 61 46 33 18 51 45 34 35 40 46 23 12 38 18 33 18 12 45 39 26 26 48 20 41 44 20 53 20 10 39 42 37 12 10 20 36 30 36 16 29 11 46 17 24 62 42 27 18 45 41 21 36 12 30 18 22 8 20 9 31 69 43 39 43 24 53 49 41 12 41 61 27 16 23 32 39 18 43 16 25 18 12 28 27 34 41 26 23 31 57 30 36 20 30 54 38 19 22 29 21 4 27 68 40 16 9 10 32 66 20 23 22 7 28 66 30 21 27 32 16 34 29 28 3 40 19 20 51 27 47 39 41 8 18 51 32 25 45 26 24 34 17 46 36 61 57 30 31 42 11 66 22 46 21 28 20 53 26 14 31 27 20 29 14 30 37 43 33 23 49 17 51 26 25 40 61 23 25 27 20 31 38 34 26 36 20 34 34 18 23 12 30 26 20 16 36 34 40 49 16 29 25 58 15 21 42 16 54 15 37 25 30 27 46 53 35 27 23 50 39 34 54 36 35 11 32 27 46 12 33 16 24 36 38 36 16 54 14 18 30 30 56 52 42 43 62 31 27 5 17 64 40 57 19 14 34 49 22 26 24 60 44 27 36 8 47 18 14 38 19 39 81 23 39 20 18 20 17 56 19 18 12 24 19 36 26 17 20 15 4 36 30 27 23 20 23 27 29 22 58 20 43 33 31 31 37 16 38 19 55 32 55 15 36 15 4 28 37 21 57 38 19 35 13 41 43 10 55 27 30 13 35 25 18 29 20 39 13 18 20 44 28 11 13 16 40 27 20 48 6 11 27 22 26 19 24 30 47 30 44 37 14 59 56 41 36 24 6 44 32 44 32 40 21 20 42 33 56 48 3 24 28 25 57 40 63 38 5 47 40 39 44 11 34 9 23 29 36 40 56 20 12 21 24 7 21 50 35 63 23 38 33 24 32 17 17 43 23 32 15 16
84 29 48 9 25 69 47 15 20 24 46 50 36 50 47 29 63 43 32 45 38 53 47 40 84 34 36 42 47 25 53 36 32 29 20 14 33 57 68 61 53 61 48 41 34 49 35 27 48 28 45 17 42 50 50 41 35 45 41 51 49 59 49 44 45 39 74 30 50 53 27 40 48 45 18 49 63 22 60 63 47 51 20 52 50 40 53 41 58 38 19 39 26 53 21 18 51 42 55 49 52 44 46 49 23 71 29 11 50 54 50 15 32 25 38 31 38 66 34 15 52 20 32 62 57 50 18 50 51 22 37 20 46 19 25 27 22 19 38 72 65 72 62 61 59 50 42 48 61 62 27 22 24 33 44 28 49 17 27 35 12 41 32 37 51 28 41 32 68 34 40 20 39 58 43 21 29 30 31 23 42 69 41 31 12 31 37 67 23 32 23 25 38 67 38 34 35 44 18 58 29 37 20 41 32 30 60 28 48 60 52 33 42 56 58 27 49 28 43 36 35 50 51 69 61 47 49 49 20 76 25 50 27 42 24 55 29 46 56 45 49 32 24 34 60 46 46 24 52 27 61 49 30 68 63 42 37 35 36 32 39 37 31 49 26 42 38 32 34 32 38 26 20 59 60 35 66 50 24 40 30 63 51 33 51 16 62 51 59 34 56 32 54 64 44 31 30 50 41 38 57 52 39 29 42 34 52 21 53 24 30 44 69 39 69 67 16 32 31 55 58 54 43 53 62 38 29 67 42 65 41 65 23 28 41 58 24 39 27 64 53 33 59 13 61 34 17 56 20 62 81 31 47 28 47 21 24 61 65 23 29 37 34 40 33 27 33 25 18 43 47 32 33 40 41 31 44 46 68 28 54 35 46 36 62 21 48 20 57 34 56 19 40 18 25 37 38 23 61 39 51 38 30 49 48 54 57 57 41 14 42 27 54 42 26 52 38 36 26 52 47 18 42 31 52 32 26 49 12 20 42 58 54 34 50 34 49 50 45 40 29 59 63 48 39 25 11 44 40 49 35 55 27 26 54 40 61 54 10 46 63 30 60 51 78 38 10 57 57 41 59 34 45 32 61 33 39 49 61 28 16 24 49 51 42 53 41 64 40 48 61 46 49 36 32 53 33 72 29 26
85 39 54 17 27 72 51 32 22 33 54 62 65 51 65 68 70 52 33 59 44 54 51 42 84 47 42 43 59 41 58 40 50 42 41 28 47 70 77 77 65 69 54 54 36 76 35 28 53 34 54 28 65 60 60 47 56 72 60 59 58 60 53 48 54 53 76 39 52 62 55 50 56 53 36 52 68 38 76 80 60 53 26 53 52 55 53 66 60 52 43 52 43 55 40 33 53 55 66 63 53 48 54 62 58 72 38 13 52 57 66 26 37 29 46 36 55 80 42 21 55 32 44 63 83 64 23 57 59 23 48 28 47 23 47 35 44 32 40 75 71 74 74 73 61 66 45 51 62 70 41 26 26 46 50 46 54 18 27 36 18 52 50 38 69 55 62 37 70 39 45 39 52 61 43 24 41 47 48 38 44 81 55 44 16 35 43 85 52 34 36 39 44 72 49 43 49 45 20 65 34 45 25 42 51 46 64 34 51 66 63 47 43 72 68 35 51 41 56 65 35 57 58 74 62 67 55 49 47 77 60 51 68 47 42 69 67 57 58 66 49 48 27 35 64 58 50 33 60 41 64 49 35 70 65 44 40 68 41 42 41 53 31 51 33 63 62 53 35 50 39 31 27 62 61 43 70 52 25 40 30 73 52 41 58 21 63 57 65 35 58 33 61 73 50 36 33 61 45 45 65 64 40 51 47 45 57 30 55 44 47 50 69 45 71 76 24 38 51 56 63 62 48 55 64 38 31 84 46 68 44 68 33 34 64 68 38 64 39 64 58 62 64 41 62 46 21 59 30 66 82 33 56 30 53 27 38 61 75 26 47 44 44 57 47 42 47 29 47 49 51 36 56 87 46 34 44 47 74 33 54 37 53 51 63 30 50 42 71 41 64 23 43 20 36 50 49 47 68 56 57 43 44 50 54 62 62 63 64 20 51 47 60 55 47 63 50 46 27 63 66 26 46 31 54 40 45 60 24 36 46 61 59 40 51 56 59 57 56 51 42 70 76 68 68 38 35 57 61 49 45 57 51 45 64 41 63 62 44 50 70 49 62 71 88 42 18 58 62 48 80 37 60 43 64 34 51 49 61 41 22 26 52 69 42 62 54 65 41 49 72 61 52 46 45 57 37 77 34 36
92 56 59 21 38 74 59 34 39 52 65 75 81 68 79 70 71 64 59 77 52 62 56 42 88 57 58 46 81 54 71 49 57 48 50 42 48 74 81 80 78 71 61 68 41 85 54 44 64 55 55 29 69 76 62 62 58 73 63 69 65 63 70 51 54 74 79 43 62 63 69 61 72 61 48 64 72 40 87 92 76 58 27 65 59 66 78 87 61 67 47 53 44 55 65 43 67 67 68 65 57 56 55 66 58 72 43 20 54 80 66 43 58 66 51 39 63 91 54 27 61 34 50 63 87 65 60 62 59 41 48 75 52 29 53 67 47 48 57 76 76 77 83 79 74 66 54 52 74 73 63 27 46 68 53 56 68 27 30 44 29 66 50 42 75 57 66 48 71 67 60 62 67 68 50 34 47 58 52 55 44 86 61 50 48 37 66 86 70 36 55 41 49 72 73 43 50 47 30 87 62 59 29 66 61 55 71 36 60 72 65 54 60 74 70 43 57 70 65 71 39 68 74 79 70 68 61 61 54 87 71 56 76 72 55 71 69 67 65 69 61 67 39 46 79 61 65 39 63 47 65 54 61 74 71 71 55 68 43 74 72 87 32 63 70 77 67 66 61 55 45 39 45 62 72 61 80 58 68 62 35 88 56 64 79 29 68 64 67 45 59 62 63 73 54 37 65 68 56 47 77 72 58 65 51 45 60 70 64 52 49 60 90 54 79 82 40 55 76 57 72 64 65 58 87 40 37 84 61 72 62 96 38 60 69 76 66 74 53 67 88 70 66 60 68 76 61 77 58 70 86 35 65 58 65 29 49 62 78 55 63 49 50 64 61 43 50 47 51 53 57 59 58 87 52 38 45 58 79 34 63 47 56 62 66 40 51 67 78 56 65 58 51 59 45 50 52 61 78 57 59 46 60 69 68 68 71 72 72 39 57 65 65 66 73 81 56 49 58 73 82 33 75 32 64 60 71 88 47 38 88 74 71 48 65 80 61 62 67 61 56 74 82 74 70 39 35 69 64 52 50 63 60 46 65 43 92 87 62 77 70 58 84 73 89 50 25 67 66 65 94 42 65 62 67 46 54 68 78 49 54 33 55 78 51 66 58 78 54 53 79 64 53 47 65 75 38 83 45 40
93 81 63 36 53 82 63 45 49 53 79 80 84 73 91 71 74 80 86 93 92 72 73 59 91 71 65 64 86 56 81 80 61 50 64 56 53 75 91 92 88 80 63 72 66 95 77 46 85 69 65 42 79 79 86 66 60 73 68 82 83 69 90 57 56 86 82 51 65 83 79 72 85 75 66 72 89 44 88 92 86 67 39 71 68 66 81 91 82 68 60 55 59 60 92 54 79 70 71 68 63 57 63 80 60 78 56 40 73 81 83 46 65 68 74 40 71 91 71 46 62 56 51 77 88 69 62 64 63 46 55 79 75 67 61 69 57 49 70 81 78 84 90 86 75 73 61 54 78 86 80 54 66 70 72 76 73 64 35 63 50 71 87 49 79 58 70 65 76 82 65 80 68 82 53 46 66 61 70 58 49 88 63 58 58 41 74 88 86 50 66 57 53 78 76 58 55 54 45 87 80 70 32 83 69 57 73 71 89 80 75 70 82 80 75 53 67 71 81 77 39 73 88 91 72 80 72 67 70 90 84 74 80 78 62 80 88 78 91 81 76 73 75 52 86 86 72 40 71 51 80 59 76 81 74 71 60 77 50 85 74 88 51 64 75 77 68 67 86 66 48 43 55 65 78 68 90 71 80 68 47 89 57 72 80 82 86 90 72 70 66 67 70 75 85 43 87 71 61 67 80 82 77 66 54 71 77 71 74 52 57 78 92 56 85 83 53 55 83 76 92 72 71 69 92 52 38 93 79 77 67 97 50 74 85 81 72 78 57 73 88 72 70 65 76 84 65 83 62 82 87 49 74 85 88 34 76 62 79 58 81 71 81 70 69 53 58 48 63 60 72 60 75 90 89 40 66 59 92 34 69 49 68 92 69 85 59 67 84 60 68 75 53 60 61 58 56 76 79 58 66 79 64 82 69 71 77 75 86 57 62 69 69 83 74 88 61 70 72 82 84 46 83 77 68 76 72 96 85 48 95 79 77 54 69 80 82 77 67 66 57 86 89 84 80 39 43 81 78 67 53 93 62 47 71 54 93 95 87 79 79 65 88 82 91 77 29 69 74 69 99 46 72 62 80 49 60 70 83 59 60 52 59 89 73 67 60 83 55 66 79 68 53 53 68 75 55 83 55 43
97 85 70 71 76 87 68 86 50 65 82 90 90 79 92 87 95 80 89 93 93 81 86 93 95 79 73 90 86 73 87 85 62 70 67 73 57 92 92 92 93 83 94 88 85 97 79 52 89 91 86 52 94 86 86 71 79 78 83 88 89 73 92 66 61 87 83 52 76 91 81 84 91 90 69 86 96 58 94 92 92 84 82 76 95 87 90 97 90 87 82 69 83 80 94 64 90 87 72 93 67 62 79 84 75 82 64 47 75 98 83 68 83 82 75 45 91 97 73 47 74 79 90 86 92 71 75 69 87 63 65 87 86 68 88 79 73 75 78 82 89 89 91 89 84 75 90 56 98 87 88 68 88 77 77 81 74 88 71 70 70 73 87 54 88 61 92 83 88 84 92 89 84 84 66 52 74 81 94 89 80 92 90 62 64 72 88 89 89 53 90 83 83 85 78 78 58 79 83 94 82 75 37 96 70 88 82 78 90 83 83 83 90 81 76 58 74 74 85 79 39 78 94 99 76 89 76 79 85 93 94 82 91 87 83 81 91 81 95 82 86 81 76 66 88 89 72 42 97 77 85 84 89 84 95 72 74 97 82 88 82 94 63 92 92 83 72 96 87 68 62 53 77 70 81 81 93 73 92 73 77 95 58 77 81 85 98 91 81 73 84 69 74 87 85 51 92 82 97 81 88 86 86 67 73 74 88 86 75 96 87 91 96 68 87 90 70 74 93 85 93 86 74 69 100 60 51 95 80 79 78 98 63 78 93 83 80 81 61 73 89 85 81 77 78 84 72 89 81 97 89 62 93 96 94 54 79 69 90 67 96 93 91 79 81 54 82 81 77 96 82 76 76 93 91 41 90 78 94 48 88 51 77 92 83 97 60 94 95 66 94 91 64 67 70 77 74 78 88 63 95 87 66 87 87 89 79 88 87 78 63 70 75 84 76 99 74 81 78 83 90 55 88 79 77 86 81 98 97 61 95 90 77 72 98 81 96 91 73 76 64 90 92 92 83 95 50 91 88 84 66 94 63 51 84 88 97 96 90 90 95 66 90 84 95 80 40 79 79 84 100 56 73 96 84 72 80 78 88 80 74 78 60 97 93 72 65 84 68 91 86 91 74 68 73 75 58 92 78 69
99 91 87 85 88 98 94 97 79 87 85 93 91 93 95 94 98 98 95 100 94 100 99 93 99 85 97 95 95 95 97 88 85 82 98 82 79 99 94 95 99 84 98 89 86 98 99 90 91 92 100 78 100 91 100 94 97 98 95 89 98 93 94 78 80 93 99 53 99 92 83 94 100 95 83 88 98 64 94 96 92 96 84 83 100 96 94 98 97 96 92 88 88 94 98 69 92 94 84 96 78 63 97 95 99 93 94 49 81 100 83 100 90 93 77 88 94 100 76 85 96 99 97 91 96 86 91 82 100 95 71 98 95 68 90 80 83 86 90 91 90 98 100 99 86 85 92 98 99 98 99 97 92 98 83 98 76 96 85 87 82 74 97 84 89 100 100 93 89 98 93 90 91 91 88 96 83 84 95 99 95 92 92 78 99 94 89 96 93 62 93 93 93 98 97 83 73 92 90 100 85 77 68 97 76 100 95 97 100 96 94 88 91 82 87 70 85 97 92 87 74 80 98 100 85 89 89 84 86 99 97 86 92 91 91 81 96 98 100 99 92 81 81 82 100 95 89 98 99 89 98 91 90 91 100 89 93 100 87 94 90 98 87 98 100 94 91 98 89 87 75 57 80 75 81 94 95 87 97 96 85 100 97 89 99 100 99 95 83 83 96 90 96 92 87 84 94 97 97 91 92 100 90 69 77 80 100 87 91 99 92 94 98 100 95 99 92 98 100 96 94 97 94 83 100 98 79 98 80 89 84 100 100 90 98 86 97 89 88 77 92 91 87 100 93 88 75 98 88 100 100 64 96 100 98 66 87 76 100 82 100 98 91 95 85 77 85 88 83 98 100 97 91 99 95 62 98 87 100 56 90 71 88 95 91 100 80 97 99 75 97 92 88 97 81 85 78 85 89 81 98 97 81 90 89 98 83 91 89 90 69 82 89 91 77 99 83 99 87 84 97 66 93 89 84 91 86 100 98 100 99 98 87 82 100 98 99 92 89 90 83 91 92 95 92 95 99 97 100 98 95 95 84 76 92 94 100 100 90 94 96 100 92 84 98 89 59 93 91 94 100 75 81 99 92 96 93 93 94 94 80 81 87 98 94 79 77 94 69 96 87 100 85 68 91 96 82 96 96 96

47 75 10 30 4 19 93 75 49 9 38 7 59 8 18 3 32 48 12 32 2 11 17 53 33 94 71 35 33 93 65 2 24 11 30 82 16 80 36 77 61 18 76 46 46 24 75 17 63 56 4 7 13 2 28 76 2 56 3 30 17 31 30 38 42 9 85 58 33 1 1 23 38 28 29 65 19 13 21 34 59 68 80 29 40 46 89 33 14 15 44 10 17 40 22 20 42 14 28 9 41 5 49 18 30 33 20 9 24 37 57 18 20 13 8 9 28 4 66 37 22 20 2 47 35 43 27 29 19 27 59 51 28 51 47 78 45 13 9 2 4 4 53 18 27 23 23 6 10 26 12 75 1 63 17 17 2 17 15 38 8 24 3 28 11 13 2 59 37 78 39 24 4 20 52 46 53 17 10 40 48 25 4 38 25 27 1 41 25 18 30 13 16 56 31 37 29 31 26 51 45 78 26 66 64 39 11 62 82 30 48 6 16 17 3 12 24 58 43 56 14 33 45 29 24 48 4 22 27 4 34 30 33 37 56 66 57 9 50 36 88 60 30 37 29 75 11 89 3 20 62 66 21 42 1 4 41 55 13 3 18 12 85 3 75 80 5 9 58 74 30 41 41 44 49 27 48 8 7 67 5 28 43 5 16 14 40 25 18 25 25 50 2 1 40 1 29 38 55 3 75 36 48 7 10 7 64 32 9 53 32 33 83 30 73 3 37 57 16 37 63 82 50 46 29 37 24 42 64 35 39 33 29 33 87 25 12 2 11 49 7 9 14 6 22 10 41 4 68 17 6 62 35 20 28 63 28 30 54 23 14 60 21 42 53 52 11 26 63 4 6 29 35 66 6 10 18 28 21 16 13 13 30 28 80 56 59 20 18 46 35 39 47 18 39 62 38 48 36 15 74 17 66 21 20 1 2 3 31 73 28 29 39 4 8 30 19 53 6 11 66 33 33 25 64 55 13 22 30 32 68 46 51 60 50 26 8 3 32 72 5 10 12 74 40 39 44 38 23 35 16 18 49 34 58 42 21 21 50 48 8 25 6 60 48 64 32 33 9 26 13 10 35 79 24 24 14 22 26 5 40 36 47 45 53 70 78 27 45 22 12 10 63 40 50 26 37 41 74 21
92 86 71 75 78 32 99 98 64 86 64 34 85 13 33 83 84 96 65 66 17 41 23 75 66 96 73 50 56 97 94 55 93 88 97 82 94 88 64 91 76 80 80 90 67 56 79 67 95 82 55 43 30 28 77 86 8 82 65 60 75 96 67 93 68 98 99 64 84 32 49 43 99 74 54 93 100 52 43 42 94 98 92 32 44 66 97 41 76 66 50 61 97 45 26 32 43 23 66 26 86 6 94 100 32 88 80 11 60 46 83 81 50 81 79 70 32 71 69 61 77 36 94 85 90 89 73 49 86 92 79 75 58 97 71 96 69 41 24 47 54 41 59 32 87 26 53 17 16 89 44 99 22 91 45 25 31 77 95 60 49 73 62 71 67 33 80 77 38 88 99 60 54 93 71 72 55 23 29 97 93 31 40 57 77 82 27 67 40 46 67 14 31 64 68 92 36 71 73 59 48 82 90 91 94 42 35 89 93 98 93 91 52 76 9 58 61 77 48 75 85 98 80 43 24 71 67 89 50 92 77 92 38 59 94 85 71 81 65 69 93 75 85 67 76 79 32 94 25 98 91 67 37 50 40 59 68 99 86 75 68 84 86 94 84 87 32 62 80 83 70 51 43 64 99 60 59 94 8 99 53 84 61 16 61 16 48 32 71 65 78 98 29 91 58 91 44 60 88 70 76 91 73 75 35 78 93 35 94 56 33 58 84 53 80 54 64 62 69 67 100 85 57 57 87 49 51 91 71 37 64 63 58 49 96 56 13 79 65 63 20 15 50 46 62 47 84 5 70 51 98 72 81 39 97 95 37 40 100 90 43 91 95 83 60 80 45 58 78 48 53 68 62 92 59 21 48 81 36 96 94 81 84 79 82 67 64 26 91 88 87 96 74 22 97 86 62 54 57 48 94 62 97 56 36 88 56 65 56 83 43 57 86 17 71 43 56 72 65 31 90 48 59 57 68 89 27 83 46 95 89 80 64 81 99 38 91 69 43 100 100 70 58 94 100 75 55 66 81 58 18 19 69 78 64 65 21 51 96 98 67 72 76 79 84 93 94 77 99 73 47 28 61 86 51 99 15 48 34 91 56 88 59 71 82 77 98 55 66 83 46 37 92 48 100 58 49 50 86 22

651 251 78 491 229 1322 187 211 74 427 421 185 388 1458 606 305 133 195 300 1215 605 1391 417 344 193 168 551 90 123 1468 100 1042 158 195 911 1394 357 446 615 2028 661 408 499 300 940 96 384 1581 211 3237 236 2138 798 74 352 559 407 146 52 78 115 242 396 774 285 266 896 1021 93 82 459 79 708 184 95 443 286 170 1475 98 399 544 164 648 806 2083 124 259 594 301 363 196 602 251 3173 812 3124 281 1223 2607 1479 1164 180 495 219 450 496 1035 220 796 711 207 143 2320 420 58 331 672 54 849 937 838 226 854 239 2936 153 113 105 180 108 597 335 100 459 829 550 770 374 98 174 286 52 2533 350 496 505 618 586 105 1515 945 175 185 291 204 1580 76 197 686 1286 164 1142 667 417 603 720 945 1136 150 443 246 217 232 978 2295 94 661 168 40 161 1980 3497 106 31 281 184 264 269 127 358 58 73 320 173 951 1280 531 114 643 111 692 224 970 925 1900 987 2803 1380 177 1563 216 571 165 1373 219 417 655 730 133 812 2863 1850 750 1107 48 233 37 228 780 218 216 828 673 85 1118 1203 80 1116 1069 2224 336 71 994 1041 4282 400 74 258 140 134 907 1927 166 378 399 846 763 547 148 871 180 466 1671 73 1323 465 1191 125 214 159 557 1051 408 377 179 111 557 1180 2255 1090 548 391 193 267 46 340 316 1228 428 116 436 504 63 1653 631 498 2261 267 106 163 222 50 400 197 1897 219 420 144 939 82 247 302 3234 111 1095 495 186 581 24 832 486 222 107 1953 1157 158 808 81 253 100 2311 420 109 535 194 616 181 541 150 168 225 148 739 177 132 1169 279 151 741 207 335 253 201 843 519 172 395 723 1662 1495 23 1085 3273 367 215 778 621 614 84 514 418 126 1018 44 184 452 1820 69 368 230 725 135 849 63 826 160 1067 64 3264 747 3007 2289 392 245 352 1452 524 471 74 149 641 311 419 509 1980 1188 140 151 423 247 605 256 146 1407 489 65 571 2350 710 201 422 374 366 1916 148 2086 234 220 402 786 347 250 548 1272 96 121 628 1499 1052 163 14 984 127 502 917 284 121 296 158 722 4090 1313 173 124 288 338 842 2698 474 1021 818 227 202 365 425 508 2029 656 536 128 292 1016 1105 148 67 76 489 1218 627 599 2501 306 155 117 361 588 293 1223 257 92 317 1362 1589 770 1090 3285 110 623 85
835 633 129 1104 243 1914 1079 611 633 493 756 1012 597 2844 1380 1974 244 204 470 2466 633 1953 778 1777 196 441 965 222 357 1614 1652 2807 970 411 1131 2248 901 1750 1762 2331 786 1946 568 1575 1794 314 399 4372 399 4132 371 4957 800 159 593 2221 747 706 2938 111 1000 2502 3042 850 1252 574 921 1684 265 98 1042 225 1840 447 110 1818 1301 511 2199 191 1715 1115 331 1053 1505 2862 2835 543 840 339 1076 982 2285 274 3364 1242 3345 614 1364 4256 1676 1550 1006 1226 912 452 576 1554 532 1118 1026 474 927 2530 456 871 966 832 394 869 2152 2847 1552 1021 691 5686 651 742 505 1037 1193 1332 736 1044 4821 870 775 949 765 274 2106 387 261 2845 948 583 1021 631 1038 614 1678 1658 1509 688 861 220 1918 296 1689 807 2427 609 1581 1240 838 605 1837 1759 1751 692 955 2365 568 257 2232 3760 798 836 419 443 246 2440 3497 329 1703 384 1288 778 742 813 407 74 317 1001 476 1171 1988 600 224 1148 877 710 1071 1262 1299 2059 1250 3183 2803 772 1589 805 1118 301 2601 506 532 894 1240 2185 1101 3992 2389 1444 1271 727 579 68 595 2353 233 348 1006 753 417 2092 1940 115 1499 1367 4176 458 170 2374 1088 4662 753 210 287 484 235 1632 2198 531 629 936 1655 1851 845 332 1274 777 546 4353 90 1426 675 3629 1236 520 196 5178 2453 591 421 189 261 1621 1934 3495 2206 1370 939 687 1884 819 550 732 1364 564 272 602 1230 310 2139 641 970 2427 512 333 223 263 295 805 688 2063 1030 685 285 1162 1796 599 640 4453 1206 1881 527 1070 788 268 958 1634 343 3375 1994 1206 236 870 389 396 491 2762 917 654 1079 444 731 322 1973 1488 1090 585 485 782 233 593 1239 390 343 1009 585 1059 623 410 1152 1519 353 913 2101 2092 1731 188 1312 3707 883 292 1972 1054 768 206 557 508 385 2376 282 368 682 4080 208 1890 298 1123 184 1175 544 1376 1491 1171 628 3296 962 3394 4097 580 1457 1036 1739 1091 962 982 483 1172 515 495 2596 3572 2067 161 502 521 276 909 1045 1873 1461 689 225 671 2640 803 295 512 1112 2834 2173 669 2852 1193 1279 408 1539 485 815 2461 2926 373 1494 685 2189 1428 252 472 2658 136 942 1542 297 334 1727 1305 1317 5359 1616 668 1219 477 1465 926 3604 1233 2982 1265 718 910 746 749 617 2666 1027 691 219 326 3570 1237 362 261 200 1389 1831 792 1098 2904 694 276 1834 434 788 363 2229 347 112 348 2045 1727 1551 1182 3392 1887 683 223
872 985 821 1621 341 2076 1090 1687 1800 620 1163 1019 774 4198 3304 2974 425 262 1196 2912 1551 2222 1500 3097 1221 851 1082 286 831 3753 1740 4130 1385 1176 4364 2530 1107 4586 1973 2652 1256 2455 628 2663 2477 688 575 4427 1595 4464 629 5755 1035 278 793 2232 2949 3568 3631 316 1113 2595 3212 895 1291 1536 1387 3368 369 1037 2763 408 1927 457 388 3759 1309 662 2597 579 2008 1347 830 1161 2881 4724 3165 891 2481 578 1331 2895 4994 967 5433 2070 5104 653 1518 4350 1757 2349 1206 1430 1100 458 742 1985 789 1523 1462 573 970 3157 854 896 1738 1000 608 1363 2817 3271 2278 1025 2915 6335 923 814 718 1381 1748 1863 1149 1562 6108 929 857 1126 770 473 2218 765 1197 2888 1640 1031 1053 1502 1776 614 2433 4637 1689 1100 1143 409 3960 695 2057 1265 2429 1752 2169 1908 2033 653 5791 1938 1868 1398 1160 2784 705 443 2607 4803 1294 998 698 1570 498 5912 3914 397 2223 442 1572 1737 1401 1044 597 1475 635 1160 1126 1377 2238 3460 338 1518 1063 973 1462 4561 1603 2287 2617 4161 3148 1338 1896 814 1121 369 4096 1747 1762 957 1464 2775 1161 4127 2404 3125 1440 768 1111 222 690 3971 373 351 1153 938 570 2889 2062 380 1975 2311 4642 621 275 3162 1496 4665 980 332 435 2222 494 2914 2815 660 633 1007 1729 1894 941 863 1573 2308 698 4897 832 1460 700 3864 2188 766 317 5345 3286 1773 518 1023 491 3112 2112 3580 2907 1739 1172 813 3590 2392 849 1107 2212 1761 542 1041 1592 451 2245 1093 1040 3176 565 342 1176 599 1289 1036 753 2508 3893 980 686 2387 1911 683 1076 5733 1740 1910 668 1262 865 1256 1638 2528 733 4629 2538 2776 646 956 833 636 672 2937 1586 966 1297 1238 1034 343 3525 4564 1127 726 1838 1215 291 780 1286 477 855 1061 1865 2567 688 1142 2567 1810 501 1222 2232 3619 2966 283 1519 4290 1145 801 3267 1167 1142 719 656 723 701 5302 1161 448 877 4317 2048 3632 633 2017 557 1286 585 1974 1708 1831 658 3623 1550 5258 4785 753 1646 2351 2310 1819 1397 2036 612 1192 568 606 3004 3580 2198 523 600 595 307 1766 1447 2595 2179 886 320 690 2655 977 641 2037 2208 3352 3332 686 4378 1310 2088 433 1774 523 857 2677 3904 456 2209 828 2420 1658 329 2117 3045 611 982 1768 304 374 1781 1841 2019 5965 4776 1120 1278 532 1912 1622 4820 1294 4614 1330 906 1248 1049 772 1197 4207 1816 895 285 1339 5078 2438 421 688 320 1423 2330 1749 1398 5304 848 321 2349 509 1529 398 2374 405 132 361 2234 2514 4113 2205 4014 1931 1485 233
2024 2706 844 2456 489 3557 1149 2258 2071 1072 1268 1374 975 4856 3577 4741 550 832 1528 2919 1597 2242 1681 4017 1257 877 1150 559 988 6127 2409 4182 2480 1970 5366 3020 1657 4937 3427 2692 2720 3269 1054 2921 3842 1194 596 5039 2433 5500 856 7765 1053 514 1054 3701 3662 4120 4134 401 1318 2968 3237 3166 1533 1691 2057 5241 524 1278 2965 1026 3907 1293 480 4845 1312 857 3393 890 2472 1429 862 1594 5011 5080 3329 1047 2932 1042 1845 3093 5073 1317 5524 2242 5120 663 2017 4496 1893 3696 1691 1451 1284 1088 1360 2499 1161 3618 1834 575 1270 3695 1024 1152 5870 3284 882 1510 3256 5359 4286 1349 3701 6510 1145 1218 850 1898 2113 2366 1151 1563 6645 957 1059 1347 1072 1018 2451 765 1541 3381 1764 1079 1430 1688 2754 5347 3595 7245 1931 1234 1421 599 3994 1063 2397 1276 2986 2290 2818 2237 2896 789 6385 3306 2111 1858 2056 2951 1915 637 2979 5144 4360 1470 935 2189 1128 6011 5273 524 2237 831 2055 1976 1404 1940 671 1494 1135 1358 1199 1885 3257 3675 810 1937 1261 1199 1917 5454 1927 4226 3750 4505 3755 2301 1900 850 1216 369 4261 2293 4352 1395 2048 3314 1337 4882 2453 3782 1727 927 1670 555 2082 4438 656 595 1445 1139 1082 3451 3362 469 3737 2576 6368 2821 1609 4265 4716 4828 2096 603 453 2828 1003 3184 2833 1148 656 4256 2001 5181 1183 1313 1744 3985 859 5066 900 2542 868 5254 3819 976 456 5353 3296 1817 857 1373 557 3160 2252 4212 3064 1878 1286 1932 4847 2733 857 1838 2231 1824 1204 1441 2204 685 3193 1866 1270 3977 720 780 1215 830 1567 1102 989 3133 4201 1359 699 4100 6109 748 1216 5805 2343 2435 1181 2177 3738 2119 1955 2841 1180 4685 2627 3661 949 1117 1004 893 1106 2945 2739 2450 1620 1470 1389 645 3639 5691 1239 1250 2568 3321 562 898 1315 538 1377 1079 1999 2580 749 1464 2772 1891 769 1328 2480 3837 6612 714 1745 5199 3310 984 3405 1796 1410 1015 799 828 979 6651 1526 1088 1131 5893 2397 4017 1055 2110 647 3544 735 1979 1923 2125 833 4494 1567 5500 5261 1117 1719 2521 4145 2937 1440 3199 723 2451 981 908 3916 4639 5929 1342 1057 990 431 2855 1575 4215 2541 1528 389 1314 3148 3373 707 2162 2434 4763 3608 1405 4981 1999 2218 542 2750 874 946 3547 4801 849 2271 1153 3454 2874 871 2404 4679 991 1046 3643 606 1101 2174 1867 2194 6469 6834 1195 2042 546 2017 1658 4926 1485 5447 1632 1117 1395 1084 1005 1517 4891 2189 1248 301 1542 6332 2993 1708 1273 824 1720 2578 2562 1956 6422 1193 737 4063 576 1911 642 3115 766 160 698 3969 3431 5361 2697 4404 2580 1858 410
2232 2935 1022 2660 1032 4212 2226 2472 2314 1346 1559 1739 4017 6566 4121 5777 856 1330 1727 4083 1810 3047 1697 4325 1461 925 1232 932 1127 6193 3716 5314 3092 2083 6290 3039 2209 4961 3916 2960 4238 4918 1515 3273 4453 1740 1594 6805 2702 5624 1207 8139 1490 1534 1147 3877 5090 4582 6229 744 2826 3020 3608 3405 1566 1705 3680 5909 540 1488 3104 1101 5802 2849 1089 5073 1661 1031 4662 1431 2977 1558 991 2049 6271 5240 3975 1932 3883 1132 2246 3115 6683 2231 5796 3403 6748 758 2122 5303 2299 3808 1900 2154 1394 1341 2791 3061 1165 3621 1952 712 1395 3945 1220 1184 6632 3529 1535 1918 7512 6241 7683 1881 4298 7526 1244 1220 1320 2153 3420 2439 1255 1857 6795 1011 1956 1507 1470 1103 2777 835 1818 3832 3147 1470 1431 1822 3369 5420 3937 7412 2081 1258 2388 868 4139 1248 2723 1355 3228 3418 3503 2918 5560 1059 7423 3496 2793 2747 2379 3036 2016 667 4012 6134 5940 1596 1142 2683 1233 6644 5591 638 2905 1002 3020 4296 1568 1958 1216 1579 1538 1433 1228 3965 3850 4203 1105 2086 1311 2775 2184 5977 2634 4392 4375 5786 4516 2636 2330 1455 1333 448 4382 2516 6404 3727 2253 3805 1416 6266 2647 6594 2649 1503 2159 1181 2312 4551 758 999 1754 1742 1119 3919 3560 939 3986 3975 6906 3011 3009 5501 5836 5312 2509 847 603 2913 1337 4352 3172 1409 1028 4701 3016 5958 1235 1995 1931 4556 866 5332 1219 2951 1744 5896 7581 1074 782 5865 3753 2665 1585 1420 793 4002 3381 5082 4604 1885 1542 2326 4888 3810 951 1902 2328 2188 1328 1584 2236 685 4314 1941 2491 4848 792 1833 2477 1085 1727 1118 1208 3282 4592 1502 779 5935 6210 801 1375 5899 3168 3714 1223 2354 4269 3587 2345 4007 1290 5412 3403 4913 1023 1288 1302 1206 2586 3040 5844 2477 1639 2447 1417 1279 3730 8725 1360 1304 3739 5312 1566 1742 1595 590 1526 1340 2136 2680 1291 1517 2857 1989 784 1595 2535 5189 6741 1000 2420 5567 5323 1503 4857 2721 1425 1263 994 863 1406 6822 1837 1238 1371 6112 2794 4569 1087 3125 1003 3629 812 2321 2277 2336 1397 4998 1641 6186 5827 1312 2840 2862 5089 3261 3480 3423 879 3471 1222 1073 4232 5391 7838 1755 1398 1124 499 3676 1756 6209 3066 2029 4317 1506 4569 5607 898 2327 6513 5543 4237 1472 6293 2493 2403 796 3271 2024 1544 4697 5993 1284 3152 1310 4258 3368 1000 3340 6086 993 1430 3783 989 2543 2452 2158 2978 7634 6844 1674 2093 1206 2742 2114 5136 1512 7794 1666 1674 1625 1155 1131 1571 5623 4071 2693 636 2309 7247 3554 1768 1381 2165 1769 2763 3297 2818 7212 1401 1304 4270 1968 1934 1523 5394 1111 464 853 4877 3818 6794 2808 4785 3349 2288 659
3389 3029 1329 2683 1059 4617 2813 3432 2419 1440 1931 1940 4614 6630 4423 6866 1540 1458 1998 4163 1896 3086 1795 7606 1489 1254 1345 1606 1177 6767 5183 5833 3134 2821 7675 3242 2599 5184 4526 3003 4820 4953 1693 3750 4903 1890 1700 7761 2877 6191 1331 9239 1575 1581 1405 4036 6375 6116 6369 797 2888 3089 3823 3755 2043 1725 4478 6146 2363 1878 5111 1740 7181 3721 1456 5117 2188 1069 6154 1543 3227 1985 1242 2520 6380 5267 4851 2394 6846 1286 2487 3437 6997 2447 6220 3689 9014 1222 2812 7333 3698 6994 2541 6135 1875 1823 2917 3084 1374 3805 3075 788 1726 5129 1398 2129 7379 3906 1751 1941 7688 6632 8479 1988 4914 8136 1285 1243 1418 2220 3807 2602 1637 2016 7950 1159 1971 1531 1489 1352 3182 922 2067 4371 3370 1977 1596 2210 3699 8217 5763 8079 2088 1735 2598 968 4285 1321 3183 1617 5436 3439 3916 3674 5848 1395 7530 3779 3344 3279 3978 4760 2055 719 4240 6233 5968 1633 1507 3496 1257 8766 6172 1075 3372 1096 4109 5764 1836 2126 1338 1669 1553 1564 1413 4083 4636 5231 1713 2249 1703 6488 2572 6985 4130 4831 5291 5872 5884 2932 3055 1493 1622 958 5519 3527 6899 5977 2959 4208 1655 7394 2902 6644 3555 1550 2849 1237 3805 4785 1234 1080 2005 1887 1795 4112 3734 2377 4552 3989 7101 3334 6847 7149 6677 5900 2868 957 788 2918 1508 6678 3379 1520 1466 5089 3080 7936 1270 2153 2044 5017 1255 7487 1225 3105 1797 7482 7779 1219 1096 6771 7573 2971 1642 1757 919 4493 3459 5829 8010 2527 1607 5112 6515 7513 1888 2118 2383 2423 1457 1786 2245 1108 5126 3203 3166 4911 1437 2024 3092 1220 1755 1203 1387 3542 4936 1619 1107 8186 6511 1537 1716 5925 3812 4273 1411 3457 5205 4192 2462 4417 1464 5435 3580 5632 1243 1377 1327 1462 2668 3420 6143 2671 1868 3801 2235 2265 3779 9385 1658 2360 4153 6559 1660 1867 2007 827 1529 1492 2512 2763 1427 1801 2941 2161 997 1922 3295 5396 7190 1169 3973 5755 8274 1554 5970 3161 1527 1692 1130 1216 1420 8569 2086 1695 1517 8205 3170 4840 1881 8127 1777 3959 1307 2875 2885 3081 1560 5236 1678 6346 5949 1407 3415 3644 6605 3504 3694 3537 1135 3804 1361 1358 4750 6579 8674 2866 1703 1512 579 5327 1919 6414 5340 2124 4875 2099 5198 5941 1148 2453 7977 6161 4242 1611 7416 3184 2910 1098 4323 2112 2294 6436 6146 1779 3574 1350 4280 3506 1465 4283 6673 1834 1955 4931 2618 3117 2822 3082 3023 7744 7556 2071 2894 2445 3129 2146 5591 1857 7933 4512 1958 1634 1226 1271 1703 5812 5100 3169 1285 2372 7957 3629 2468 1807 2799 2125 3528 3354 3175 7411 1773 1542 5629 2867 2030 1707 5751 1170 618 1019 5729 3823 7842 2983 5432 6274 2539 966
4133 4267 1429 3314 1110 4936 4112 4076 2717 2193 1933 2746 5259 7165 4616 6984 1595 1630 2311 4373 2948 3247 1799 8321 1881 1927 1452 2269 1640 7740 6337 5992 3387 3879 7952 3709 2834 5250 4542 3148 5814 6936 2002 4585 5618 3716 2046 8631 2970 7352 2242 9313 1680 1650 1646 4393 6632 7217 7377 1140 3272 4184 4118 3761 2209 1962 4612 6793 4062 1928 5371 1807 8246 5778 1623 5475 3134 1735 7489 1884 4102 2031 1580 4756 6573 7632 6649 3304 8787 1376 2586 3565 7393 7695 7164 4580 9270 1927 3348 7480 3714 7123 2968 6796 1889 2055 3737 3286 1547 4408 3211 1006 1837 5633 2080 2165 9236 4203 2230 2729 7834 9506 8807 2203 7571 8237 1525 1431 2444 2546 4412 2603 1650 3301 8070 1509 2301 1660 1706 1392 4011 940 2250 5280 3406 2160 2001 2812 4064 8653 5966 8249 2104 2713 3205 2011 6277 1734 4141 1620 5578 4033 4018 3970 8314 1590 7816 4165 3492 4440 6899 7719 2995 741 4438 6339 6788 1910 1542 3636 1543 9474 6435 2271 4305 1387 4181 5797 1888 2688 1458 2128 1797 1893 1497 4659 4862 6664 1873 2744 1719 7508 3917 7262 7882 7839 5952 6859 5940 3015 3427 1680 1958 1144 7776 4233 8616 7097 3152 7787 1818 7965 3747 6845 3870 2173 3017 1310 4399 5301 1308 1230 2316 2006 2244 6166 4629 3334 4594 4328 7216 3648 6899 7373 8600 7623 3566 1174 1986 3441 1793 8006 3438 1699 1912 5849 3226 8834 1855 2225 3208 5672 1575 8205 1229 3553 1867 7690 8515 2027 1334 6823 7893 5479 1778 1917 1625 8620 3599 9227 8069 2799 1948 6311 6558 8107 2015 2608 2846 2596 2053 2379 2405 2046 6497 3467 4015 4935 1727 4358 3458 1850 2028 1364 1552 3828 6926 1848 1643 8552 7723 1744 1767 6970 3997 4532 1473 3835 5713 4391 4253 6421 1858 6876 3792 5750 1475 1447 1671 1846 2907 3822 7927 2813 2087 3944 2357 2399 3880 9723 1699 2675 4359 8680 1939 1902 2250 1321 1944 1522 3263 3099 1568 2627 3456 2761 1385 1983 3616 5584 7744 1179 4350 6336 8721 2181 6379 4086 1580 2584 1384 1309 1631 8792 2237 1744 1906 8430 3617 7108 1904 8242 2028 5368 1371 3171 3122 3342 1587 5545 2908 7532 8873 2253 3938 6430 7913 3708 3830 3824 1827 4097 1730 1954 5696 7146 9047 3083 2065 1641 689 6187 1983 6770 6446 2185 5052 3248 7547 6754 1872 2611 8328 9553 4474 1700 7657 3757 4289 1579 4387 2758 3772 6529 8169 2162 3719 1553 4304 3818 1738 4304 7471 2197 3648 5339 3610 3856 3066 4158 3929 7955 7588 2207 4257 2570 3436 3942 6333 1920 8822 4795 2021 1644 1610 1428 1999 6965 5200 3364 1397 3471 7998 4092 3623 2209 3475 2195 3770 6818 3581 9184 2208 1653 6810 3029 2275 1981 6542 1596 788 1289 8474 4112 8332 3602 7887 7124 3381 1172
4221 4554 2295 3728 1676 4939 4166 4313 3157 2296 2359 3113 5977 7766 4731 7455 1720 2231 2987 4648 3208 3286 1962 8528 2016 2041 1651 2328 2341 9565 7509 7198 4479 4183 8112 4267 3410 5590 4738 3356 8590 8335 2167 6506 6619 3946 2211 8734 3869 7556 2863 9374 1742 1765 1996 4619 6683 8281 8521 1246 3331 4427 4757 3978 2356 2081 4851 9164 4101 2087 6065 1850 8319 6586 2143 6373 4039 2172 8654 2282 4330 2060 2305 4879 7264 8326 8205 3428 9101 1675 3087 3677 7435 9383 8272 5688 9924 1976 3965 8388 4640 7684 3778 7627 2019 2465 3882 4583 1949 4539 3899 1729 2049 7870 2233 2291 9497 4416 2307 3597 8317 9826 9314 2282 8424 9244 2088 2102 2490 3450 4804 4401 1692 3655 9441 1518 3571 2090 1784 1695 5974 1051 2678 7632 3797 2173 2274 4187 4492 9233 6158 8952 2132 2905 4663 2331 8472 1763 4724 1897 7937 4162 4438 4136 8764 2235 8192 4201 4350 4924 7821 7813 3149 1126 4449 6797 8975 2176 2223 3918 2187 9565 8227 2428 4807 1665 4366 6019 1998 3346 1765 2288 2171 1896 1798 4667 4905 6716 1943 3520 1826 7515 4160 7724 9491 8301 7183 8033 6016 4113 3485 2188 2066 1779 9177 4367 9530 8069 3365 8785 2198 9209 3948 7085 4325 2272 3394 1520 4662 7061 1903 1521 2518 2026 2347 6639 4682 5177 4793 4764 9593 3768 8717 8551 9067 8566 3597 1278 2205 4049 2422 8365 4503 2352 2066 7679 3367 8906 2198 2231 4307 8190 1677 9576 1607 3724 2037 7837 9265 2136 1595 8515 8004 5929 2056 1921 1885 9009 3728 9420 9265 3393 2143 6884 6861 9037 2143 3849 3487 2810 2169 2465 2436 2152 6598 3648 4671 8093 2719 4365 3666 2292 2297 1934 2064 3948 7458 2153 1703 8923 8342 1908 1819 8168 4111 4648 1853 4002 6237 4621 4506 7966 2243 7022 4383 6597 1748 2355 2254 3014 4303 3881 8712 3314 2169 4264 2400 2411 3895 9734 2250 2779 6693 8751 1987 3481 2381 1495 2299 1867 3675 3321 2298 3096 4138 2919 1712 2061 3848 6739 8467 1723 4715 7292 9852 2326 7334 5041 1856 3735 1620 2089 1738 9477 2263 2223 2323 8969 4041 9033 2177 8778 2116 8483 2351 4607 4450 3780 1743 6323 3040 7591 9394 2306 3969 7488 8070 4660 3901 4703 1939 4384 1793 2107 5819 7279 9311 3485 4262 1689 1127 6523 2050 7242 8718 2305 5510 3760 7862 8271 2052 3222 9829 9624 4858 2340 8192 4407 4340 2244 4560 3217 4104 7455 8983 2289 4810 2286 4477 3893 1965 4469 7674 2263 3842 7333 3987 4119 4023 4306 4465 8461 8938 2453 4514 2848 3654 4751 8824 2277 9258 4941 2158 1915 2286 1742 2186 9171 5941 3977 1446 4279 8957 4449 3910 2387 3516 2234 3825 7317 3951 9362 2475 2385 7778 3950 2295 1995 7117 2211 1040 1459 9272 4160 8507 3746 9406 9637 3393 1539
5046 4937 2493 4509 2326 5005 4243 4879 4895 2316 2401 4921 6076 9239 4912 8746 2265 2266 4005 4952 3924 4158 2285 9359 2024 2434 2455 2437 2412 9718 7954 9281 4677 8172 9281 4750 4298 7494 4797 4704 9960 8647 2409 7160 9223 4304 2303 9794 4956 8531 4305 9881 1756 2526 2191 5034 8740 8646 8567 2310 4116 4439 4976 4045 2396 2468 5017 9652 5027 2174 6440 2472 9535 9724 2560 8625 4310 2332 9987 2321 4944 2288 2540 5004 8346 9509 9282 4817 10015 2346 3175 3754 7553 9884 8412 8278 9995 2139 4102 8732 4878 8594 3965 7747 2310 2518 4956 4943 2071 4619 4184 2228 2442 9045 2378 2392 10057 4925 2385 4123 8720 10004 9456 2482 8788 9528 2415 2276 2530 4841 4983 4652 1838 4630 10064 1666 5009 2295 2429 2491 8316 1824 2713 9669 4263 2452 2289 4246 4884 9398 7011 9231 2411 4809 4829 2475 8596 2513 4852 2205 8384 4353 4854 4489 9987 2413 9161 4711 4752 4947 7961 9323 4025 2075 4749 9514 9679 2338 2415 4517 2302 9758 8367 2451 4872 1929 4512 7414 2164 4847 1853 2427 2187 2090 1834 4792 5042 7254 1973 4800 2169 7840 4678 9250 9987 9521 9561 9350 8435 4701 3821 2382 2262 2460 10055 4562 9751 9914 3761 9284 2309 9536 4363 10013 4724 2282 3496 1644 4685 8254 2561 2037 2536 2272 2552 9124 4810 7194 4874 4892 9695 4471 9050 9155 9346 9911 3626 1498 2399 4800 2475 9895 4789 2507 2282 7692 4696 9640 2347 2371 4887 9267 2168 10007 1799 4489 2222 8595 9333 2299 1975 9389 8673 7321 2304 2078 1967 9893 4529 9749 9813 4397 2250 7341 7715 9593 2507 4804 3712 3950 2211 2489 2470 2212 9226 4254 4708 9338 3338 4691 4660 2308 2396 2083 2502 4569 9408 2400 2465 9434 9298 2216 1965 9190 4423 4915 1956 4687 9281 4990 4720 8360 2533 7599 4464 7234 2014 2424 2567 3245 4664 4698 9030 4765 2299 4442 2416 2460 4284 9756 2491 4539 9484 9006 2015 4591 2524 2214 2508 2356 4979 3560 2306 4594 4584 2948 2455 2511 4838 6768 9438 2035 4763 9863 10002 2574 7563 8234 2044 4301 1633 2236 1945 9896 2291 2548 2461 9159 4716 9830 2497 9678 2522 9718 2408 4705 4703 4050 2227 7455 4405 7961 9827 2449 4254 8000 8616 5005 4748 4936 2321 4835 2063 2299 8900 8842 9855 4589 4327 1855 1964 8716 2415 7687 9390 2394 5596 4103 9856 9588 2412 3451 9875 9627 5028 2423 8857 5011 5053 2524 4579 4196 4764 9967 9562 2365 4925 2314 4683 4347 2393 4490 8895 2532 4543 9999 4890 5047 4691 4532 5008 9185 9603 2465 4626 3314 4980 5043 8856 2468 9540 5004 2288 2469 2567 2454 2370 9691 7426 4939 1686 4513 9793 4700 4548 2509 4656 2248 4837 9089 4670 9629 2535 2504 9787 4168 2340 2026 7962 2384 1918 1763 9721 4576 9609 4644 9438 9773 4754 1721

538 249 51 133 183 1126 27 48 64 296 207 77 359 1040 275 263 102 39 288 1209 266 976 379 190 183 117 347 50 83 1256 62 911 113 163 310 877 247 276 441 1176 423 393 235 170 744 89 288 297 109 2968 173 1742 691 20 118 466 340 126 5 77 101 104 69 447 63 205 754 953 5 21 272 39 331 134 56 174 235 34 819 35 219 358 123 289 449 1912 58 189 581 206 216 166 147 217 2527 481 1177 274 263 2414 939 769 148 372 205 411 140 1028 51 472 379 95 119 1781 334 51 292 639 16 812 515 180 137 595 155 1949 47 94 99 145 55 463 141 77 276 786 132 382 122 97 96 150 51 177 56 289 430 171 435 69 1216 782 158 181 242 185 1247 41 25 588 1085 157 549 398 333 547 645 346 331 89 183 194 137 172 716 726 76 638 39 14 134 1671 2316 72 18 219 97 261 216 98 172 43 46 193 76 550 1135 285 27 357 100 362 195 497 466 727 959 552 1227 157 1202 152 259 125 1169 218 388 470 564 119 263 1746 1795 455 499 36 183 32 112 581 16 156 694 378 41 553 1131 76 776 1056 2047 158 60 684 155 3480 356 30 187 104 68 751 969 97 140 377 801 708 360 65 412 160 311 1666 72 1209 316 437 58 190 145 280 633 158 190 178 46 31 585 638 964 307 158 76 264 27 178 269 1205 198 32 64 83 12 854 553 440 1518 200 83 64 92 41 245 135 693 203 307 124 801 79 176 294 2350 84 1025 207 64 460 9 706 476 71 74 979 1068 128 296 63 57 84 1798 130 80 369 18 329 160 284 139 98 127 58 629 175 79 1091 50 117 573 63 221 234 193 666 195 155 350 678 1458 591 19 261 2110 359 213 411 531 197 51 467 112 60 666 16 113 318 823 47 142 54 280 133 625 48 598 67 764 26 1736 435 1538 2216 216 142 234 1355 387 369 73 133 556 188 267 412 768 715 105 86 213 226 383 239 92 864 301 48 515 963 487 115 281 258 293 1759 103 1635 202 216 181 365 309 215 140 781 94 25 411 608 881 95 13 398 81 150 606 21 31 220 157 617 503 657 77 117 97 297 739 735 369 262 716 91 50 287 274 253 387 303 322 79 148 825 601 8 10 51 414 767 603 499 2016 161 69 109 54 421 280 775 167 82 241 1066 374 680 640 1308 75 405 42
379 50 44 63 128 651 4 1 31 77 24 35 325 89 115 234 60 33 266 276 11 948 210 154 82 41 193 16 69 1243 6 19 27 48 100 876 86 126 385 804 190 374 87 73 587 37 223 27 26 554 7 1580 294 3 74 44 212 80 2 53 33 85 23 302 3 81 518 406 1 5 271 5 152 18 43 142 38 32 694 2 33 272 97 67 91 1736 53 3 442 101 55 92 39 130 2515 103 333 261 251 2410 730 214 100 93 138 95 21 312 35 32 233 14 112 341 80 30 36 517 7 660 392 132 80 423 96 713 31 58 84 135 36 117 30 51 65 420 51 92 38 77 5 61 22 140 16 180 99 138 240 38 1208 5 22 145 22 148 272 15 4 442 1006 42 105 10 250 99 32 274 74 55 89 175 119 150 689 692 1 539 19 2 132 275 1847 28 2 21 80 30 186 72 6 6 3 15 37 467 505 201 1 203 4 12 9 476 375 202 548 409 3 106 272 18 240 104 503 1 358 145 285 36 184 1644 305 162 471 32 163 21 9 37 14 1 192 323 40 382 397 40 279 921 841 41 18 347 45 904 241 11 186 41 1 128 886 9 116 262 82 456 66 53 299 103 305 255 41 425 30 165 44 64 79 1 111 30 144 6 17 30 514 475 209 31 120 52 236 20 60 184 298 1 17 14 78 8 55 401 68 1018 118 47 59 58 18 178 44 355 182 169 40 137 9 5 206 21 64 764 164 45 344 2 11 196 21 65 953 466 116 99 39 30 27 1414 21 23 6 3 261 34 180 108 48 103 27 259 127 2 11 3 110 164 8 104 64 154 318 82 137 242 10 959 453 10 83 1571 140 55 408 409 56 30 61 13 14 542 8 25 249 791 2 80 12 243 79 550 35 389 26 413 24 61 183 556 1666 170 103 60 350 368 259 29 123 516 47 209 17 165 411 67 19 49 163 313 64 41 816 272 1 377 475 144 10 73 144 55 425 82 178 22 118 107 34 190 120 106 769 47 15 353 515 32 2 4 281 74 40 267 4 8 131 55 325 347 616 28 96 54 129 285 350 140 74 634 40 49 84 67 93 165 45 132 55 3 321 377 7 4 41 217 649 412 118 1504 38 41 73 14 366 161 512 150 19 210 545 160 77 635 573 1 11 26
