150 3 2
205 1 68 104 82 202 146 76 14 187 20 118 78 104 158 65 32 1 138 66 64 155 97 66 76 171 228 41 254 155 89 1 155 89 27 286 333 236 125 1 1 3 1 1 56 55 253 154 105 83 41 1 39 121 1 206 75 1 105 117 39 71 252 167 243 102 16 66 1 135 286 132 49 1 95 135 44 208 8 46 34 23 139 168 102 37 43 42 124 102 26 1 110 112 180 79 142 114 1 184 44 256 102 144 157 153 87 7 126 264 150 125 50 82 221 130 245 195 121 47 142 97 122 1 64 67 46 69 92 71 112 71 162 147 260 157 1 22 93 50 73 21 1 32 166 134 221 55 191 129

26 47 1 10 7 28 14 8 1 18 10 48 42 26 29 4 19 10 46 1 46 14 41 39 32 32 34 1 37 17 32 64 8 10 1 23 52 21 9 26 27 24 1 15 15 14 17 6 33 1 24 22 9 1 17 20 25 18 16 17 31 28 27 1 18 14 42 24 1 7 17 29 41 27 33 1 34 11 1 34 31 28 20 1 23 44 28 35 25 36 1 1 27 10 15 14 5 1 18 3 44 45 33 21 23 33 26 22 9 27 26 10 16 33 51 26 14 14 31 26 12 17 53 3 16 31 41 1 29 24 14 6 11 1 7 8 29 14 24 42 44 14 21 38 15 22 27 22 48 39
27 63 15 21 16 41 20 20 10 32 15 61 55 29 30 12 39 15 48 5 55 27 56 56 50 41 47 9 39 35 44 65 19 19 17 28 57 22 24 41 41 28 16 26 25 21 22 13 49 10 32 38 31 7 21 26 43 26 17 27 41 43 30 10 24 33 56 34 10 20 22 49 44 43 50 9 50 19 13 35 33 36 53 7 38 62 44 37 49 53 21 17 28 23 20 23 25 25 20 12 57 47 41 39 24 40 36 30 21 31 29 13 25 51 59 44 28 22 44 39 18 34 74 4 29 39 52 8 50 40 17 21 17 14 13 33 43 25 25 56 47 22 27 50 21 44 40 48 55 66
35 70 23 35 21 42 36 27 24 62 16 81 57 33 45 20 55 25 60 6 77 29 64 67 60 57 63 11 55 46 69 86 33 36 42 35 72 35 31 58 54 51 17 40 44 31 23 18 61 18 43 52 44 14 27 36 69 32 21 38 49 59 36 14 39 36 74 49 29 22 35 56 50 47 65 18 51 56 23 59 41 51 60 20 47 77 51 53 71 59 39 26 33 38 37 33 48 46 33 18 68 51 54 43 32 50 52 35 25 48 40 19 29 61 69 50 34 23 54 56 28 35 82 9 47 44 74 16 59 54 19 26 26 26 22 36 47 49 30 73 53 34 30 66 30 57 49 52 70 67

13 1 2 17 8 10 17 14 23 23 13 26 11 17 10 9 16 9 1 28 4 9 9 9 22 32 13 12 1 9 21 14 1 2 1 25 13 22 5 1 5 11 11 1 7 2 14 21 16 9 2 2 3 1 11 16 5 10 23 23 21 4 19 21 30 13 1 17 11 8 16 15 1 4 19 18 17 16 9 4 20 14 9 6 9 16 9 9 23 4 1 3 4 21 1 11 4 1 7 9 7 1 12 8 8 4 17 9 3 1 5 3 19 15 18 10 13 1 11 25 12 16 11 6 16 1 3 5 21 2 13 1 18 21 15 12 18 12 7 6 9 15 12 1 23 1 16 1 11 31
26 10 5 27 26 20 24 15 32 38 26 34 23 30 21 20 23 23 11 34 32 22 32 31 44 45 15 29 9 34 28 21 23 20 3 35 25 35 24 19 21 18 19 11 10 15 18 25 25 12 13 15 16 19 14 29 25 22 27 42 31 12 25 28 43 23 7 31 18 26 17 17 7 13 25 22 19 34 18 15 21 22 13 14 10 22 10 15 40 29 2 26 18 28 23 19 12 7 15 18 16 2 19 13 13 21 21 19 17 13 26 4 25 21 26 32 22 21 18 27 17 22 38 8 30 7 15 24 27 18 26 4 25 28 19 31 35 13 15 18 17 25 17 17 24 24 24 2 26 35

10602 11369 11556 4922 4700 4121 268 957 13063 10044 9564 5602 216 7088 5090 9552 9807 9832 8788 13335 9366 10340 8232 8723 5564 10675 9659 12350 8731 9364 9069 2869 3198 10607 8047 10237 8317 9437 8102 11206 11068 5040 1986 14294 8048 5792 6380 6056 8027 6145 2339 6548 4527 12920 5620 4718 1406 12885 9281 8753 8296 8715 6456 5470 9187 10354 7523 4369 11497 6514 6635 7183 4117 10485 3971 11425 8762 11012 9243 1211 13454 3979 7336 4607 7834 8524 8301 6855 6728 10043 8194 107 8457 8798 6474 11044 8353 7932 4808 2294 9176 10259 7718 5444 9141 12065 6892 8370 3851 8868 14097 3930 2898 9601 13552 4070 6386 4995 13752 5533 3445 10379 9548 13753 5910 5629 14168 4466 10676 4736 7732 6628 8238 6821 6819 7686 5398 2412 8172 7512 6494 2956 7037 7044 9123 9688 14256 10541 4607 5244
12169 12688 13638 5768 5524 4646 306 1163 15355 12470 11446 6624 264 8382 5738 11757 11587 11974 10588 15965 10794 12183 9559 9615 6457 13290 11301 14104 9993 11634 11107 3240 3630 12644 9138 11960 9558 11271 9677 12461 13668 5606 2325 16475 9754 6908 7516 7129 9913 7578 2896 8005 5455 15717 6331 5786 1673 14985 11325 10106 9598 10415 7665 6058 10163 12524 8508 5294 13544 7585 8097 7906 4534 12575 4574 13967 9716 13574 11330 1475 16421 4559 8827 5098 8747 9905 10205 8507 8056 11342 9096 133 10532 10563 7398 13659 9242 9734 5484 2842 10620 12489 8859 6671 10891 14851 7972 10068 4618 10507 17212 4768 3245 11138 15257 4627 7362 6029 16966 6619 4042 12145 10873 16600 7011 6226 16747 5363 13117 5465 8724 8126 9273 7754 7844 9167 6491 2986 9989 8752 7549 3328 7855 8745 10786 11913 16126 13090 5515 6115
13499 15023 15951 6375 6678 5175 360 1392 16884 13854 12558 7450 307 10079 6868 13985 12608 13773 12124 18491 12673 13957 11220 11751 7563 15246 13142 16040 12052 13774 12322 3527 4058 13954 10356 14177 10582 12585 11678 14949 14952 6165 2796 18196 10759 7645 8517 8392 11076 8963 3303 8730 6107 18892 7352 6710 1827 17280 12522 11664 10684 12028 8399 6689 12306 14420 10044 6357 15064 8855 9157 8653 5485 14507 5051 15923 11858 16226 13051 1766 17774 5203 9794 5791 10043 10985 11200 10039 9314 12708 10649 146 11524 11945 8446 14863 10812 11204 6539 3160 11572 14795 9729 7257 12663 17854 9022 11394 5417 12181 20534 5299 3801 13426 18567 5131 8084 6742 19647 7222 4846 13647 11933 18946 8063 7209 18194 6327 15032 6095 9719 9268 10167 9458 8850 10439 7670 3516 11094 9533 9093 4051 8996 9481 12407 13711 18652 14759 6583 6827

8432 9352 9919 2802 3183 3348 162 842 11294 8197 6828 3457 139 5480 4344 7990 5446 7164 7583 9641 8320 6422 6793 7074 2937 8353 6789 6867 7426 7733 6894 1894 2559 6893 6229 7068 7373 7128 7160 8294 6991 3702 1707 10602 5498 3386 4986 4014 6872 5378 2089 4954 3794 6937 4704 3628 1253 11571 7513 6814 7193 7036 3798 3868 5246 6181 6502 3569 9661 5469 5552 4883 3016 6992 3090 9221 7687 8799 6972 826 8345 3218 6190 2804 4620 7069 7175 5454 5256 8296 6450 75 5702 7628 5776 8996 7008 6217 3371 1602 7964 6256 4671 3275 7018 7944 4261 6618 3389 5978 11271 3221 2342 8000 10784 3060 4742 4056 10128 3163 2552 9048 8084 11764 4731 3743 8310 3033 9313 2565 5461 4628 7291 4017 5447 5509 4723 1634 5243 5295 5487 1769 4280 5704 5053 6244 11366 9222 3174 4499
5616 5807 8519 2573 3137 2652 153 704 6545 6421 5041 2881 118 5293 3459 6844 5326 5272 6887 9240 6887 5201 4957 5419 2813 8158 5483 6278 4592 7481 6460 1854 2040 6610 4878 6983 7129 6262 6157 7710 5691 2538 1682 8372 4222 3028 3789 3472 6607 4227 1782 3361 3294 6739 3824 2392 1190 6656 4720 6663 7001 4877 3739 3823 5188 5987 4852 3057 8276 3314 5133 4376 2567 5875 2811 6873 7597 7208 6636 819 7238 2541 4932 2382 4381 4337 4272 4540 4053 7514 5443 59 4239 5272 3299 6962 5020 4067 3204 1351 5101 5226 4516 2870 4772 6149 3749 5251 2545 4863 7906 2509 2242 5703 7718 2450 4711 3415 7296 2974 1937 7811 4805 7458 4099 3524 8105 2745 6250 2377 4969 4322 4614 3760 5018 4269 3186 1522 4588 4382 4810 1653 3611 5509 4810 5493 10525 7368 2504 3215
