150 3 2
1 185 67 141 90 217 70 1 1 82 48 75 95 230 101 109 87 253 184 1 105 60 161 1 68 79 165 54 12 159 193 184 38 137 137 1 101 33 228 192 59 178 140 27 1 248 6 1 92 94 113 94 110 152 1 70 169 112 167 101 240 114 38 1 100 126 77 45 44 111 167 1 261 1 118 195 142 141 145 119 16 266 200 13 218 139 1 134 51 122 186 369 1 158 1 97 135 111 214 174 125 110 134 66 53 7 114 1 42 1 70 57 208 116 166 1 121 159 176 123 234 163 231 124 1 67 45 1 38 119 47 41 68 57 45 91 220 136 58 209 38 81 135 118 2 83 185 167 11 123

36 39 10 7 11 8 25 7 19 16 1 9 10 1 28 3 26 11 14 17 2 16 1 30 10 22 44 35 12 13 1 1 37 18 8 28 1 35 26 34 20 23 21 1 14 8 17 8 45 9 19 41 1 1 25 10 24 20 32 1 1 1 30 12 13 51 16 29 7 64 1 16 50 4 39 19 36 11 33 42 9 37 11 30 3 43 15 23 16 3 1 21 48 40 48 38 13 25 13 13 4 37 20 30 14 24 25 23 16 15 1 5 38 6 17 31 3 14 7 10 27 35 30 22 1 31 27 5 37 32 36 1 12 4 13 18 40 43 26 1 37 51 18 17 21 2 31 15 20 17
49 40 29 28 30 11 45 10 37 18 5 11 11 26 36 4 37 33 33 26 9 23 10 41 19 33 45 46 28 36 11 26 40 19 17 37 14 42 36 36 22 34 24 5 18 21 21 11 49 22 26 51 18 5 29 14 32 36 43 3 7 8 41 24 29 58 23 38 23 65 13 17 56 17 47 37 37 21 46 49 22 48 12 47 18 61 20 24 24 6 2 36 63 62 65 39 25 43 18 20 13 44 24 36 18 40 29 30 28 32 20 6 46 17 23 36 15 15 12 11 39 39 32 29 2 41 40 16 43 39 50 24 22 23 28 43 49 55 36 17 39 68 29 30 36 14 49 33 23 18
56 45 47 32 33 27 61 21 38 33 20 12 38 29 48 13 56 41 34 29 13 30 23 67 29 48 51 55 30 40 20 43 53 22 18 71 28 57 37 44 24 45 25 9 30 36 24 17 57 23 44 66 24 15 31 26 40 41 50 14 17 15 51 36 37 63 36 53 24 90 35 18 70 33 48 52 42 34 54 74 23 51 20 48 32 69 31 30 41 11 17 40 71 64 75 49 26 59 28 23 36 45 45 38 37 54 32 37 40 33 24 14 61 19 24 47 20 32 26 14 42 49 52 53 15 42 61 27 53 45 51 41 39 25 49 45 62 59 56 42 44 74 33 33 50 33 51 42 34 28

15 15 1 14 1 1 18 21 17 14 15 24 27 17 2 14 21 15 22 12 22 19 17 7 14 5 10 4 8 2 11 9 1 4 15 7 9 7 16 10 10 6 1 13 12 9 18 3 7 7 13 24 22 6 22 11 22 6 19 7 18 1 14 5 8 10 9 23 14 11 14 12 16 19 21 13 13 2 15 19 14 8 19 7 8 20 6 3 3 3 1 19 9 1 16 4 1 26 11 12 13 6 9 9 8 2 1 11 23 6 1 1 3 19 5 16 7 13 10 1 1 2 17 12 6 12 2 1 12 6 17 12 7 4 21 3 22 1 10 22 8 3 23 9 4 5 10 1 7 10
21 29 15 22 8 3 27 41 29 23 16 29 42 19 16 15 29 29 26 29 23 22 29 11 26 20 18 5 28 7 16 18 13 9 19 27 10 12 28 31 20 13 6 29 23 17 23 12 23 23 29 30 23 14 25 12 29 25 20 15 33 22 34 24 17 20 14 36 19 15 20 23 27 29 33 23 27 6 19 37 20 17 33 10 14 42 23 17 22 17 2 23 24 11 28 5 17 42 17 23 22 14 16 33 12 18 6 18 37 15 22 11 21 25 17 17 14 23 32 14 8 33 26 14 14 13 24 33 28 24 24 34 8 12 27 11 43 12 30 48 15 7 43 16 29 21 17 18 15 19

5579 7959 10426 4022 4397 8529 1916 5459 1341 8128 14375 9470 1630 6934 1649 5695 1723 5115 4094 6723 10907 10863 9139 8879 3026 10925 9113 9054 8283 10669 9398 6935 648 4214 2433 8904 13189 10457 8093 7393 8829 4607 10477 7976 9451 9030 6284 7291 12821 5601 10333 5031 8354 7856 10071 8055 5898 4113 9215 5912 9120 3988 8601 5200 8184 7359 8081 9385 10880 9113 11052 6607 10579 7967 10853 6917 10093 706 9845 13847 2232 9591 7886 10824 8552 8765 6827 14857 5271 4673 7936 1125 12179 10800 3992 5057 2986 7151 10362 9687 7413 5162 9267 6831 4257 8250 8495 10939 5351 3418 8017 10797 6374 14121 8215 11162 5831 1091 4564 7791 11833 4097 8847 8760 5616 9381 8090 1365 2962 2456 7019 9893 5846 6151 6223 9287 4421 12479 5003 6643 6685 10893 5478 8004 4361 9773 914 10312 12922 6405
6222 9173 12389 4563 4972 9892 2222 6137 1665 9157 17518 10616 2022 7820 1934 6839 2120 6297 4937 8275 13233 12714 10248 9796 3393 12624 11281 10075 9453 12904 10923 8248 741 4842 2943 10657 16138 12099 9737 8296 10397 5722 12226 9883 11252 11084 7685 8337 15600 6407 12759 5826 9740 9613 12316 9818 6798 5082 11049 6756 11114 4886 9653 6499 9684 9085 9445 11004 13011 11272 12831 7884 11977 9807 12963 8429 12286 824 10961 16193 2562 11720 9833 13332 10094 10195 7851 18259 6492 5449 8885 1238 14323 13326 4442 5741 3511 8543 11808 12073 8542 6241 10593 8518 4731 9745 10552 13501 6577 3812 9428 12901 7850 16549 9841 13212 6969 1215 5592 8770 14008 5055 10122 9772 6273 11392 9899 1561 3285 3024 8577 11160 6849 7096 7269 11333 5188 15409 6030 7760 7918 13096 6836 8822 5174 10966 1085 12841 14752 7484
7208 10498 14441 5262 5498 10898 2565 7134 1980 10356 20717 12510 2387 9217 2105 8094 2335 6904 5626 9006 14781 13928 11884 11288 3927 14962 13337 12109 11228 15154 12299 9346 817 5681 3427 12840 18190 14428 11687 9834 12187 6370 13601 11244 12717 12049 8804 9276 17862 7612 14679 7017 10876 11120 13969 11815 8078 5847 12217 7403 12510 5823 11158 7333 11617 10385 10977 13026 15432 13436 15121 9337 13502 11405 14302 9700 13694 932 12931 18716 2863 13483 10950 15848 11233 11769 9364 21304 7057 6260 10245 1413 17017 15877 4860 6748 4200 10225 12877 14061 9801 7292 12298 9321 5342 11781 11593 15674 7422 4394 11199 14991 8727 18995 11293 15482 8169 1440 6284 9887 16095 5475 11724 10823 7338 13543 11442 1699 3862 3378 9628 12681 7956 8262 7895 12704 5748 17453 6969 8606 8890 15137 7853 9629 6029 12109 1231 14395 17145 8838

4004 6011 8355 3248 3828 6692 1226 4832 1191 6271 12317 6360 1415 5639 1327 4302 1446 4564 3199 4831 8367 8544 4774 7132 2514 8617 5574 6139 6588 6804 5995 5187 388 2621 1985 6068 11485 7675 7036 4938 7255 3788 7298 4978 7908 6926 3565 5800 10485 4074 8347 4400 5419 5311 7370 5839 5126 3577 6804 4505 5545 2587 7712 3268 6424 4769 7249 8222 9462 5948 9252 4251 7819 5555 6881 5338 5320 532 8825 10907 1897 6633 6473 8514 6646 5280 5776 10993 4560 3310 5826 848 9823 8067 2465 4354 2168 5590 8538 7142 5545 2969 6576 6104 2583 5736 6184 9672 4123 2917 5956 6943 4111 11311 5936 7592 5188 860 2522 5772 10335 3066 6669 7097 3859 6942 6424 1070 2355 1893 6175 8387 5028 5264 4954 7987 3813 11175 4183 4948 5763 8515 4020 5092 3373 7396 744 9262 9103 4400
3348 5984 7653 3208 3618 6166 1053 3253 743 4474 10205 4880 1080 3706 1064 3395 1382 3317 2390 4055 5775 5619 4705 5974 2109 7892 5144 5970 5471 6126 5711 4484 346 2214 1939 5082 6819 5733 6755 4300 5481 2573 6114 4572 7169 6011 3231 4409 7060 3948 5752 3182 4950 3939 7075 5040 4807 2554 5259 3714 5389 2462 4374 2899 4099 4404 5887 7155 9245 5129 5555 3523 6158 4893 5848 5149 5070 423 8704 9545 1589 6364 5278 6649 5160 5027 3552 8731 2761 3247 5183 596 7156 8066 2154 3353 1969 3578 5472 6349 4681 2832 5609 4429 2278 5319 4799 8692 2731 1831 4084 5789 3802 11139 4223 6188 4560 565 2377 5187 6978 2754 4588 6847 3746 5043 4704 1006 1818 1368 4672 7507 3837 3944 4441 6022 3672 9641 3919 3781 4877 5730 3047 4286 3127 6056 741 9118 7846 4340
