150 3 2
177 1 90 157 1 224 136 1 158 160 136 206 85 75 2 106 37 97 117 46 183 183 147 174 125 16 189 32 177 125 45 127 119 97 171 2 126 26 119 95 1 45 96 136 48 169 110 169 1 115 134 192 72 193 228 1 90 43 85 187 109 76 262 127 89 118 97 2 40 1 31 75 195 225 102 186 109 13 44 191 248 171 143 115 1 1 152 29 186 39 234 76 109 1 205 175 111 180 44 111 106 95 4 4 4 75 199 155 1 207 85 220 192 72 3 1 91 149 297 240 132 80 1 129 196 220 62 146 265 59 104 157 69 97 181 123 64 245 53 107 190 172 145 91 166 108 125 19 117 122

34 35 1 12 41 24 6 10 45 34 21 20 31 7 57 1 14 54 50 27 30 1 31 27 1 12 37 1 30 12 7 25 41 1 1 28 1 36 23 17 38 27 30 1 21 28 14 5 43 30 9 9 8 27 10 38 30 1 11 22 50 33 22 23 25 18 15 1 21 46 25 5 41 8 39 1 14 9 23 3 50 29 13 38 25 28 17 22 34 15 8 8 37 37 22 18 32 27 1 13 44 42 24 25 16 32 40 18 40 24 1 1 21 19 16 10 1 1 19 1 23 45 26 23 1 1 1 7 17 40 1 35 18 37 5 32 19 17 46 26 6 10 56 11 48 8 26 29 30 25
45 52 14 26 49 25 7 12 52 56 26 37 40 8 72 16 16 56 61 47 50 10 41 35 11 13 48 6 53 19 25 44 56 4 6 38 12 48 24 22 39 49 31 15 35 44 30 14 59 34 23 15 13 34 17 57 45 11 30 36 62 50 38 34 36 19 18 10 28 61 40 12 42 19 44 2 19 24 28 9 60 53 20 39 40 49 28 31 38 23 14 23 46 56 27 19 51 57 14 30 54 59 28 26 29 33 64 42 49 37 7 17 35 38 39 33 9 22 39 20 29 59 33 41 6 13 16 13 23 54 7 45 25 65 11 51 30 18 62 31 15 15 58 12 55 23 27 31 46 39
58 62 20 41 50 36 23 34 61 69 37 47 60 18 74 26 40 57 90 49 66 16 43 38 13 14 49 20 60 20 42 47 58 9 23 48 22 60 38 23 50 54 37 20 61 45 32 15 60 56 44 20 17 57 26 68 67 27 48 50 75 51 63 40 49 26 36 15 38 75 42 16 59 29 54 19 39 40 39 11 61 60 33 54 50 66 32 39 53 44 33 35 47 65 37 21 58 58 30 53 67 77 39 28 42 40 73 46 55 46 20 43 42 52 57 37 25 37 40 21 44 67 36 52 23 38 17 22 40 68 11 47 38 78 24 66 41 20 75 51 30 41 64 15 62 30 35 37 70 62

2 11 7 17 1 22 19 16 26 6 1 11 11 1 17 8 1 3 6 21 21 9 8 16 6 1 15 27 12 17 20 5 17 1 8 10 19 19 15 18 4 12 1 19 4 16 1 1 4 8 14 9 1 17 6 4 1 3 1 2 15 11 15 12 13 12 17 1 7 21 25 14 13 17 15 9 5 8 11 15 15 5 13 1 11 4 8 1 14 24 21 11 7 24 2 7 13 15 11 8 6 1 16 9 1 10 1 1 7 11 17 26 1 7 5 8 11 2 6 15 8 16 11 14 7 1 15 12 1 7 8 9 15 7 5 9 8 12 11 10 1 1 18 26 10 1 10 13 13 1
5 23 20 43 22 27 27 32 32 10 10 15 23 15 32 25 22 12 15 28 42 26 9 31 14 12 27 33 37 29 45 15 18 9 24 22 29 33 31 30 5 23 4 21 38 40 13 8 13 11 16 24 13 26 11 8 2 18 8 21 29 18 16 15 29 24 31 18 8 30 30 22 15 28 35 11 18 23 29 20 21 6 22 8 31 19 29 19 25 47 36 25 22 27 11 10 39 44 17 14 24 2 17 26 9 16 6 15 28 17 27 38 2 9 11 15 12 13 15 36 19 39 22 29 15 7 39 16 9 12 24 14 21 17 13 30 11 13 22 13 2 2 31 30 20 14 32 25 34 2

8887 10830 5559 8373 4322 4509 5489 5117 8347 4473 8689 1449 6011 11457 10140 733 14768 5620 6107 11702 6084 5631 9309 6382 7101 8595 6219 10042 4266 9345 7888 4992 10610 9186 6543 4357 9811 5911 9322 13865 5966 3553 5911 6257 10640 4918 15866 7955 6390 8739 8788 10085 409 11255 15698 8390 3656 10808 10710 6463 4204 9516 6653 14787 9933 5731 11776 9453 14948 3259 9695 8761 1758 9372 8916 10872 13564 10315 11162 8922 1045 11012 8454 10821 4555 8824 4434 8808 2301 10851 5307 10418 6132 10432 6976 11685 9660 9653 6167 4248 10357 2782 8416 13789 8348 13260 12367 8397 5141 11319 4592 5279 6932 4894 5460 7828 4987 11393 2080 10763 10147 11345 5241 11726 15871 11553 7466 13475 11033 9234 9563 5237 9809 2141 7264 11030 5933 11528 6538 5241 6534 14008 8152 4281 3115 5989 5302 6548 5899 13845
10224 13227 6502 9512 5173 5115 6077 5630 9783 5308 10684 1678 7485 13165 12597 867 17181 6556 6888 14552 7281 6374 11283 7080 7840 9697 7112 12252 4746 10401 9393 6064 12447 10756 7740 5130 11951 6797 11052 15611 7089 4108 6977 6906 13296 6138 17566 9689 7684 10031 10454 12386 470 13678 18858 10389 4250 11949 12820 7293 4725 10515 7853 16724 10929 6512 14633 11808 17463 4018 11706 10310 2094 11348 10931 12462 15111 12481 13735 10653 1266 12187 9526 12798 5267 10195 5213 10194 2649 13040 6217 12949 7238 12171 8505 13719 11561 11485 7602 5297 12560 3324 10102 16395 10036 16441 14623 9714 6105 12751 5555 5882 8399 6052 6720 9331 5718 13231 2511 11994 11920 13542 5865 14241 19683 14248 8869 15407 13250 11216 10734 6287 11488 2466 9069 12792 7294 13066 7583 5888 7587 16381 9121 4744 3744 6637 6279 7997 6847 15763
12443 14716 7516 11149 6202 5751 6877 6585 10897 5790 12287 1974 8530 14977 15033 942 19581 7420 7873 16511 8272 7654 13178 7885 9255 11582 7784 13352 5607 12693 11238 7066 14644 12939 8872 5793 13355 7977 11992 17265 8537 4907 7639 8262 15129 7156 21056 11312 8582 12077 11470 14291 566 16060 20727 12450 4921 13547 14033 8812 5705 12636 9286 18302 12297 7154 16209 12778 19038 4461 14059 12344 2484 13163 12737 14044 17647 14276 16475 12629 1461 13546 10424 14878 5998 11783 5722 11254 3083 14721 7436 14262 8412 13713 9384 16054 13413 13563 8241 5787 13946 3921 11352 19492 11180 19492 16151 10634 7193 15447 6063 6574 9757 7017 7846 10181 6917 15516 2918 13645 13271 16061 6678 16761 23351 16035 9800 17042 14804 12531 12316 7442 13256 2839 10691 14989 8329 15772 8254 7102 8685 18027 10220 5476 4316 7468 7326 9058 7938 18009

6246 7497 4557 7380 3132 3941 4750 3470 7241 3917 6614 1107 4330 10099 8640 490 10880 4531 4497 8014 3952 4565 5761 4596 5548 7649 4768 7935 2872 7517 6813 3805 8144 7897 5108 3061 6712 5166 6574 8371 4851 3148 5284 4889 7713 3409 11379 4641 5470 7538 7869 7161 303 8848 13906 7321 3006 9549 6996 4913 3595 8473 5748 11777 8261 3332 6641 6198 10412 2512 7118 7075 1033 5648 6610 8554 8473 7418 9160 6679 883 8507 7350 6972 3123 4948 3112 6799 1351 9198 3498 6317 4241 8998 6176 10421 8607 8360 5073 3806 6598 1776 6781 8123 6644 8669 9832 5828 3344 8463 3125 4520 5582 3941 4154 6984 4059 7451 1320 7590 8215 8399 4335 7737 14211 8950 6349 8381 6994 7136 6911 3607 6434 1712 6468 9220 4553 9034 5866 3230 4947 9160 6647 3851 2486 4796 4724 5631 3839 12297
5291 6931 3986 4783 2756 3185 2832 2952 6833 3846 6529 1084 3463 6593 7263 484 9335 3599 4164 7675 3654 3911 4824 4232 3839 6048 3587 7481 2231 5529 4039 2830 7032 7543 4797 2616 5153 4202 5186 8286 4743 2674 2968 3415 6783 3112 9693 4008 4467 5707 6656 5721 276 6215 12976 5118 2730 8462 5766 3382 2852 5531 3742 7678 7626 3102 6230 4942 9781 2178 6208 6727 1013 4802 5151 5884 6928 7008 8776 5256 713 6612 6971 5800 2909 4621 2747 6226 1168 8380 3068 5426 4053 5745 5691 8208 6297 5066 4525 2862 6299 1597 6190 7772 6550 8276 7554 4734 2658 5860 2722 3394 4378 3801 3390 4243 3303 6495 1238 6181 6716 7331 3564 7239 8663 7478 5232 7428 6626 6105 5875 3404 6144 1245 4276 9044 4464 6166 4745 2929 4198 9021 6612 2258 2138 3041 2861 4469 2951 9882
