150 3 2
133 32 44 168 91 1 233 1 57 185 198 202 160 77 26 50 326 33 94 47 99 60 236 59 47 47 207 114 204 42 143 92 32 162 251 43 1 1 217 108 1 24 46 246 166 133 165 36 114 67 164 120 96 193 59 93 135 147 127 18 50 161 27 128 223 57 197 223 191 172 171 142 203 75 100 4 134 23 59 80 1 44 75 207 57 213 78 57 123 174 30 45 91 1 31 91 150 169 208 234 84 251 1 72 1 77 22 1 81 5 1 52 124 1 130 116 61 193 63 210 192 221 139 124 145 145 70 146 128 1 123 141 125 1 15 203 139 1 39 164 77 221 1 165 84 1 1 140 87 86

39 47 17 26 7 10 19 56 40 37 22 9 17 9 9 36 1 29 20 21 63 25 2 25 2 16 6 44 41 23 16 34 5 1 55 54 15 1 16 19 1 44 7 1 23 28 14 22 34 20 16 28 1 1 22 27 11 29 47 46 1 14 7 19 18 24 15 22 13 39 7 8 29 13 1 44 1 15 19 28 38 1 7 4 29 1 32 26 30 8 25 8 39 21 3 7 25 1 28 15 12 49 1 19 35 24 43 31 15 24 1 23 23 39 21 34 36 1 25 1 13 15 22 1 9 53 7 1 18 15 48 23 10 15 28 20 39 34 31 21 31 50 10 27 29 30 8 42 14 19
47 60 31 37 17 20 20 67 62 47 38 24 33 23 19 45 5 48 32 23 72 29 17 35 14 41 15 48 60 33 31 35 22 8 61 66 16 9 27 32 16 59 15 3 39 31 24 33 40 25 19 32 13 16 24 47 22 33 48 59 16 16 15 25 23 28 19 36 22 45 14 22 41 25 9 54 9 16 27 30 50 5 19 11 60 3 58 35 40 23 32 30 40 22 8 26 34 9 47 25 16 52 19 30 58 39 47 42 19 25 31 46 24 48 23 40 46 13 39 9 35 25 23 7 11 62 15 12 24 22 61 47 41 16 30 37 63 35 34 35 45 57 21 32 39 43 16 49 34 22
48 80 32 50 22 21 26 69 73 53 46 41 42 36 34 60 6 71 39 30 87 31 26 51 29 49 41 52 74 52 45 48 44 9 65 71 23 20 31 47 27 77 35 6 47 40 34 48 44 26 20 33 24 17 33 64 28 36 61 70 30 19 26 45 24 41 30 43 23 57 20 33 56 37 17 71 20 25 42 31 68 15 20 18 70 11 87 36 48 29 48 45 48 27 30 36 40 19 58 35 28 72 24 32 67 52 71 43 26 44 32 60 32 54 37 53 47 34 51 23 44 40 37 18 22 90 26 17 42 46 77 70 57 23 35 55 77 45 39 43 58 80 36 40 50 45 21 57 44 29

24 1 12 7 20 10 23 18 2 1 1 20 11 21 4 12 18 1 4 2 14 7 1 12 4 21 6 7 3 1 15 14 28 18 1 13 4 13 1 21 7 1 25 9 1 31 7 6 19 1 21 19 20 4 3 9 6 2 18 15 15 13 19 9 16 2 11 18 13 7 15 8 6 11 17 13 17 12 12 14 7 1 2 1 20 6 5 11 7 17 16 23 11 7 13 15 1 7 20 1 8 15 3 5 15 1 1 8 13 1 1 4 10 2 1 11 1 20 1 7 22 12 16 11 8 21 23 8 16 14 24 12 21 12 22 6 3 1 7 14 8 25 5 1 5 12 1 1 5 5
26 23 16 13 33 18 45 29 8 20 11 33 33 22 20 33 20 24 12 13 17 15 11 13 12 32 13 11 22 9 36 35 34 26 7 20 15 24 24 27 9 7 28 22 22 35 20 21 30 22 22 23 33 33 8 34 8 12 30 51 17 32 21 21 28 14 35 19 22 21 26 11 29 14 20 22 31 31 24 17 28 16 23 5 33 19 11 15 26 28 47 28 12 9 23 16 2 10 52 2 20 22 24 11 23 10 24 14 29 2 15 17 15 5 17 37 10 25 9 36 43 13 34 35 21 43 35 24 22 47 32 14 31 22 31 15 20 17 16 22 15 35 7 14 15 45 2 3 6 22

5053 5121 9728 10771 9252 13097 8436 9458 6525 8131 1972 8939 9914 2224 3381 6629 4577 10794 5908 6776 4762 5871 8871 5669 10289 11699 4137 6916 4534 3983 8461 9991 9469 4460 6356 788 10853 5270 7465 10563 9724 8358 13682 6425 9228 9124 9750 9283 4145 6434 10775 9101 7691 6958 10931 4749 4519 9690 10857 8452 13973 7314 4462 13601 8214 11627 5581 9219 8201 8797 6660 6747 5038 12896 10538 9258 4625 5851 7850 2023 5307 6559 4462 6280 11488 9703 4928 8455 8040 7896 10457 4263 2726 5342 4429 8330 14376 4033 4469 5481 6470 13073 6636 133 4457 9348 10062 8727 4068 14840 5705 9024 10579 4826 4523 8975 12125 14816 8872 5795 4223 8434 5278 10810 7125 12599 924 6060 9203 10947 14293 10342 9994 10227 11386 4914 4039 9993 8258 7014 14742 9921 7743 4605 10062 3900 4425 3265 9973 9425
5987 6033 10780 12603 10713 14546 10126 11130 7532 8984 2211 10940 11733 2465 3890 8139 5113 13188 7324 7829 5489 6947 10670 6679 12631 14288 5061 8049 5439 4874 9593 11266 10806 5389 7769 948 12895 6543 9098 12642 11356 10025 15343 7217 10468 10455 11821 10426 4695 7862 11960 10929 9421 8430 12601 5734 5276 11034 12615 10223 15519 9005 5254 15681 10187 13280 6754 11322 9067 10441 7802 7463 5675 14732 12407 11043 5750 7055 9424 2378 6358 7544 5323 7726 13780 11089 6131 9576 9426 9796 12897 4855 3398 6169 4887 10034 17898 4656 5138 6309 8009 14579 8057 159 5000 10332 11148 10558 4817 17162 6433 10595 13197 5366 5606 10808 14492 16698 10057 6606 4776 10192 6450 13269 8467 14179 1131 6898 11241 12456 16106 11786 11834 12690 13754 5810 4993 12374 9425 7956 17798 12248 8737 5388 11473 4520 5065 3703 11911 10505
6539 7271 13191 13928 11721 16760 11727 13243 8325 10514 2559 12604 13653 2719 4319 8891 5623 14497 8265 8615 6206 7834 11704 8050 15120 16381 5557 8940 6245 5480 10718 13026 12235 6453 8565 1103 15601 7136 10955 13712 13303 11513 17649 8813 11440 12391 13693 12138 5473 8711 13159 12529 10906 10012 14642 6231 6052 13321 14746 11880 18618 10042 5712 17471 11700 14497 7790 12525 10671 11471 8543 9012 6213 17448 14532 12375 6293 7781 11009 2784 6906 8237 6041 8940 15871 13240 7076 11149 10517 10604 14627 5558 3924 6747 5990 11318 19364 5521 5660 7112 8765 17689 8880 175 6028 12210 12264 12233 5592 20049 7679 12442 14805 5852 6374 12714 16887 19619 11968 7924 5314 11123 7305 14607 9597 15978 1292 8169 13209 15168 19174 13878 12983 14300 16372 6397 5836 14680 11381 9704 19600 13396 9537 5883 13189 5212 5872 4117 14253 12445

3292 4355 5952 9682 6025 9046 6953 8167 4520 5804 1384 6710 7768 1773 2957 5360 3534 8897 3241 4419 3378 4812 7138 4461 7904 9573 3690 5396 3439 3483 7055 8194 7224 2638 5520 643 9423 4498 6184 8013 8677 6255 9595 5235 8207 8142 8172 6037 3284 5423 8876 6489 6008 5135 7787 3471 3110 6795 9733 6830 12555 4761 3200 12212 7231 9524 4022 6861 7148 4729 4561 4418 3786 10858 6321 7600 4089 3570 4575 1382 4238 3977 2920 4366 8336 8568 3043 5421 5605 7074 6835 3545 2353 4234 2684 4754 12718 2562 2828 3409 4742 11495 4747 117 3777 7230 5621 5304 3267 12843 5122 8108 7753 3270 3787 8025 7031 12559 7149 4867 3412 5809 3273 6876 4886 9449 651 4221 7027 7956 10409 6455 7295 9021 7540 4247 3105 5908 7223 5237 11731 8166 5577 3753 8449 2396 3374 2238 8041 6313
2675 4035 5110 5979 5773 7876 6923 5225 3303 5136 1311 5018 6455 1438 2230 4932 3003 6876 3143 3950 2602 3645 4828 4388 5383 7802 2327 4015 2820 2182 5637 6866 4925 2245 4357 405 6997 4198 4416 6451 7812 5319 9558 4122 8192 4784 8013 4690 2319 4941 7568 5076 5243 5098 6602 3253 2464 5021 6435 5531 9067 4155 2932 8422 6126 7590 3647 6507 4601 4491 4253 4144 2941 9890 5320 7456 3512 3425 4536 1211 3593 3892 2807 4177 7470 5813 2715 4377 5067 6371 6828 2245 1717 3837 2410 4287 11064 2557 2435 2766 4010 11136 4461 70 2313 7078 5543 4700 2822 11522 4184 7604 5305 3156 2918 7041 6663 8087 5696 4097 2890 5601 3194 5504 3998 7446 467 4174 5638 5785 7281 5526 5537 5223 6607 3174 2882 5707 6684 3735 11273 5485 4353 3415 5987 2185 3222 1968 7493 6096
