150 3 2
212 181 95 77 127 199 51 58 67 167 103 255 102 161 26 107 1 132 122 201 259 163 139 149 99 87 123 231 1 125 1 152 115 178 142 152 26 214 228 10 95 63 80 98 248 108 180 138 62 113 114 1 1 122 12 142 97 191 175 131 234 29 127 86 1 191 144 23 1 198 49 82 173 101 162 1 237 156 88 201 104 207 42 100 90 66 58 26 136 139 44 131 74 1 175 133 45 138 116 55 240 39 1 170 75 174 103 58 178 18 57 181 46 97 170 35 1 181 43 152 95 15 30 108 199 121 97 29 17 112 122 32 60 201 80 122 1 239 202 127 29 83 1 147 94 113 154 49 73 123

20 35 23 15 1 55 3 1 5 43 1 22 1 14 9 35 3 32 36 1 1 44 34 17 1 39 34 39 29 18 1 36 17 41 18 27 24 9 1 27 14 26 33 48 21 21 17 1 37 24 32 37 10 25 19 40 7 20 25 27 27 1 24 43 15 1 18 22 16 32 1 40 2 12 14 10 42 33 25 37 32 32 1 1 27 14 25 11 51 6 31 6 18 19 6 9 30 26 49 35 29 22 43 1 23 24 12 12 46 1 31 1 11 31 3 60 3 2 28 12 34 1 43 1 11 15 1 5 19 7 28 10 25 46 1 1 39 25 12 7 26 1 47 1 1 30 13 39 15 1
28 39 40 26 5 60 9 8 8 58 2 39 6 15 17 46 14 45 64 17 8 46 45 19 23 54 50 53 30 24 3 49 22 58 21 42 48 21 4 42 31 27 38 51 30 34 22 2 52 31 54 48 24 43 25 57 16 31 33 37 44 26 31 63 21 14 32 25 23 35 14 48 19 20 25 12 61 57 39 52 33 51 14 9 33 26 35 20 62 7 33 21 25 20 26 23 32 42 58 41 44 41 53 13 49 43 13 24 65 10 32 17 12 39 21 72 25 7 36 35 36 11 47 9 19 32 7 16 34 8 29 21 41 59 6 13 58 30 28 10 49 10 49 33 19 40 34 43 27 17
45 59 42 53 9 61 26 20 30 70 20 60 16 25 28 55 22 55 72 24 30 49 70 36 37 58 57 59 36 41 7 65 37 65 25 46 49 34 11 43 36 42 47 75 46 66 28 23 69 45 73 52 31 54 47 70 39 36 39 39 55 42 35 71 43 20 38 38 32 44 15 58 20 37 27 18 76 60 49 60 52 64 32 25 37 38 44 21 72 18 41 31 26 30 34 28 45 46 74 42 64 43 71 34 51 58 24 26 66 11 44 23 14 46 30 96 57 14 50 46 37 24 56 14 21 46 15 17 43 24 48 26 52 62 22 28 78 38 32 29 61 17 56 46 30 49 48 50 38 18

5 1 1 8 22 20 15 15 23 20 18 3 1 8 14 15 5 7 13 1 9 16 13 4 4 7 21 5 18 1 14 13 1 14 3 17 19 21 10 20 12 26 7 15 7 9 17 9 19 10 15 25 18 1 10 15 19 11 1 21 15 23 12 20 14 1 2 7 28 27 16 14 1 6 18 13 19 15 1 15 12 18 6 10 9 22 16 18 23 18 1 8 15 3 10 17 8 27 16 5 1 6 18 21 13 24 13 7 10 8 8 14 5 19 1 15 7 5 1 23 12 2 23 4 17 15 18 1 21 7 9 25 19 12 7 3 1 27 27 1 24 1 20 18 15 4 26 9 17 4
26 3 13 15 23 30 25 16 44 32 31 27 5 9 21 19 27 28 44 3 26 29 27 5 21 11 36 18 29 27 23 36 7 15 20 43 29 29 23 28 15 31 15 19 31 19 31 14 37 22 30 38 26 9 14 18 36 19 16 22 17 48 18 40 22 3 23 21 44 31 25 21 24 7 20 32 28 16 17 19 34 35 19 17 13 29 35 23 26 25 2 27 17 4 34 25 17 29 33 8 24 8 35 22 16 43 26 20 32 9 16 17 15 33 2 36 8 8 3 29 22 4 38 5 30 36 29 3 29 25 10 46 24 16 12 20 7 43 30 10 32 6 36 19 26 7 44 13 21 22

6847 9148 8759 4185 11161 6990 11199 9398 13877 5057 7087 11279 8017 7132 4236 5216 4609 9868 8230 2855 5930 3271 5551 7771 13404 6199 9790 4270 4910 5639 12498 5967 9978 11660 13496 5170 9897 10276 568 6900 10361 4238 9235 4425 6365 10474 5578 6025 10344 9291 4279 8597 3423 1118 10377 4210 4970 14680 8896 7246 5190 5498 7143 9978 6429 2853 3902 9650 6278 2221 10979 13273 9247 5929 4657 5699 9866 9122 4223 9107 10233 10095 6812 743 9436 11068 8350 8439 5564 10949 6685 11232 11875 9292 6738 8144 9682 7092 6447 6461 12540 8694 1160 7198 4731 4737 1057 7281 9361 4524 4168 5589 15130 4406 12207 8319 8644 8848 9127 7777 8231 12669 8714 6136 4315 5774 4489 10990 5778 4581 8318 10426 10806 5171 7120 6482 11060 7006 9302 5691 7068 7043 2636 10842 6627 4740 5471 14591 5065 3014
7660 11397 9891 4855 13922 8238 13174 11537 16419 5699 8308 13644 9409 8798 5254 6264 5230 12009 9381 3466 6934 3936 6754 9163 15821 7433 12060 5011 5979 6780 15296 7179 12318 13148 16210 6287 11673 12402 661 8281 11633 4883 10946 5363 7562 12445 6258 7338 12720 10295 5311 10634 4060 1297 11855 4839 5545 18197 11004 8366 5820 6143 8200 11633 7506 3528 4809 11749 7205 2692 12421 14902 10900 6585 5773 6584 11720 10494 4847 11317 11592 11113 8154 869 10522 13005 10061 10192 6259 12089 8220 12577 13659 10698 8218 9800 11814 8505 8027 7281 14906 9749 1354 8223 5604 5498 1260 8759 11398 5603 4936 6279 18509 5042 14464 9674 9653 10139 10129 9015 9393 14687 9683 7023 5324 6697 5138 12115 6541 5678 9876 12472 13214 5912 7871 7351 13645 8542 11247 6887 8749 8411 3057 12841 7609 5841 6473 16623 6277 3372
8365 13025 11640 5812 16136 9941 14983 13686 19568 6556 9419 15342 10499 10006 6150 6835 6199 14239 11262 4142 8363 4680 7517 10074 18904 8551 13250 5891 7106 7834 16852 7990 14234 14464 18391 7388 13405 14549 748 8984 13481 5748 12496 5994 8668 14965 7306 7985 14468 11372 6221 11592 4714 1565 14400 5380 6124 21236 11996 9608 6461 7275 9498 13860 8809 3937 5550 13861 8339 3125 13912 17319 13071 7996 6571 7687 13838 11857 5706 13091 13644 13217 9246 997 12105 15186 10951 11543 7346 14379 9693 14990 16595 12521 9084 10812 14172 9396 8794 8164 17736 11009 1472 9746 6432 5975 1444 10101 12756 6689 5710 7210 20345 5564 16810 10933 10694 12243 12118 9905 10995 17177 11495 7936 6289 7542 5889 14204 7229 6216 11312 14050 14536 6704 9494 8897 15075 10035 12669 7479 10372 9690 3666 14145 8988 6795 7538 18445 7006 4104

5712 6929 7343 3643 7833 5926 7159 7303 11785 3602 5772 8246 5947 4712 3229 4568 3465 8229 6472 2256 3220 1919 4710 6816 9806 5314 7097 2949 3759 4962 7296 5199 6878 9274 8411 2711 8892 6444 511 5226 8558 3434 7575 3675 5067 8305 4781 4466 9099 7151 3517 5161 2523 754 7349 3204 3978 12954 7763 6304 4595 4869 4668 6768 5712 2482 1991 6938 4941 1604 6075 8472 6397 3999 4058 4992 7678 6900 3751 6821 7830 8351 4116 650 7653 8655 7156 5903 4526 8528 5750 8025 9541 5693 4552 5983 8427 5443 4036 5711 11127 7566 804 4270 3887 3832 943 5357 6369 2789 3597 4286 12416 2900 10119 5672 5380 7388 6739 4882 6628 10778 7273 3460 3823 4273 3531 8511 4270 3598 6575 9208 9554 4221 5473 4256 9755 6161 6005 3894 4319 6143 2158 9728 5388 3393 4903 11720 3130 2456
4052 6288 4852 3548 5653 5751 6926 5322 10677 2943 3570 7091 5280 4186 2431 3684 2920 7872 4487 2247 3083 1899 4389 6279 7947 4811 5846 2609 2717 4942 6920 4673 6178 8794 6761 2698 6721 5198 368 3910 7442 3294 6103 3620 4453 7773 4582 4200 7022 6652 2219 5152 1946 649 6234 3116 2794 11505 4813 5612 3449 3359 4298 6381 4528 2055 1987 5280 4260 1549 5902 6739 4993 3337 3033 3766 5736 6098 2231 5754 6046 8262 4000 614 6549 6626 5008 4764 4090 5493 5476 7138 8601 5231 3862 4570 8373 4057 4035 3974 6465 4586 591 4076 2646 3567 682 3665 6136 2387 2236 2838 9743 2875 6726 5656 4649 6689 5901 4537 6093 6717 5872 3322 2784 3109 3003 6195 3993 2760 6251 5740 8127 2896 3826 3684 9680 5195 5279 3267 3771 3863 1319 5880 4939 2508 4303 10628 2886 1684
