150 3 2
48 211 175 95 245 68 80 114 157 39 1 1 206 104 10 162 57 57 166 237 215 1 49 366 217 65 92 110 128 98 106 61 1 77 83 103 1 1 116 1 183 138 66 162 177 1 65 6 157 17 187 199 104 101 22 121 70 236 92 168 45 93 1 129 90 18 264 133 96 140 41 140 52 129 114 1 78 52 121 170 136 200 189 135 204 68 145 88 272 2 113 1 125 126 1 133 70 159 170 231 47 22 1 181 49 49 32 142 188 77 56 1 184 180 85 1 115 1 171 180 81 234 1 12 57 212 104 243 1 40 144 4 180 108 78 1 97 177 113 39 81 121 92 60 148 218 45 33 149 1

4 26 36 13 15 38 12 18 34 1 17 22 10 17 11 1 16 11 6 39 30 17 6 4 1 20 41 33 22 1 48 37 1 1 36 32 26 23 30 28 13 16 1 31 31 29 1 20 41 8 56 6 23 16 30 8 26 24 23 13 19 33 13 10 29 41 1 6 28 22 1 4 41 32 23 20 1 3 21 56 1 24 22 27 43 64 1 4 18 10 1 3 11 38 22 31 1 29 37 21 29 6 29 29 11 31 12 32 1 18 35 7 1 7 22 50 1 31 40 1 39 9 13 4 25 44 14 20 8 9 29 1 26 22 30 1 27 1 14 18 7 22 23 10 29 1 24 1 20 8
18 36 56 21 30 54 25 48 50 6 26 29 16 35 16 14 23 17 25 54 41 34 32 23 10 30 59 36 42 16 58 57 9 6 37 48 27 31 44 51 20 28 8 44 40 36 21 28 67 12 74 9 34 17 43 16 36 26 43 33 31 46 19 13 34 52 11 27 47 27 3 17 43 42 39 45 12 19 28 57 28 35 29 28 47 69 3 13 24 26 9 15 16 39 32 46 12 40 41 26 35 10 46 34 20 38 15 44 5 35 36 14 6 20 28 54 3 39 50 9 48 20 14 14 35 62 20 34 9 15 30 23 45 34 42 33 42 2 35 43 14 27 38 30 38 4 37 25 30 11
33 68 69 30 45 59 35 55 60 21 33 42 25 50 18 26 35 27 26 70 55 38 39 26 18 39 69 55 51 27 72 59 28 13 51 49 29 34 50 60 33 45 19 48 43 39 31 39 81 32 95 31 47 19 60 18 37 38 56 51 48 56 31 21 35 60 25 36 57 55 13 41 66 54 69 58 23 36 51 71 45 47 36 31 67 76 6 14 27 42 24 29 23 42 46 68 13 50 47 44 53 16 56 42 28 48 26 67 14 52 52 31 12 26 53 61 16 47 52 19 53 40 16 29 53 79 21 39 33 40 40 31 57 50 53 40 47 6 36 51 24 38 60 54 43 9 44 39 45 23

13 21 1 22 15 10 22 15 1 24 9 17 23 16 14 1 16 15 13 21 10 7 8 1 1 16 26 26 13 14 5 1 6 17 7 8 9 2 23 4 28 18 17 1 3 6 19 13 9 1 1 11 22 13 6 19 1 14 12 17 26 10 1 5 16 3 10 24 11 19 4 6 7 6 8 4 17 12 12 20 8 25 17 17 29 3 8 17 8 10 28 9 7 24 2 3 19 16 16 6 10 1 18 8 11 11 11 20 8 11 6 15 5 22 14 18 1 18 3 13 18 1 10 1 1 12 18 12 1 10 15 14 4 23 10 8 17 14 13 22 1 13 13 27 4 19 2 20 16 7
28 22 9 41 33 28 23 26 8 42 20 34 47 21 28 12 38 30 14 30 38 15 11 14 26 17 27 46 30 17 23 11 10 29 12 27 21 10 24 8 36 31 25 13 19 16 37 35 12 2 6 17 24 15 26 30 4 33 18 28 44 20 4 8 23 6 22 36 20 20 9 37 22 20 24 7 26 32 31 37 10 27 30 24 34 28 20 35 30 11 37 16 13 34 13 5 24 27 22 18 14 3 19 18 20 12 17 41 13 25 22 27 6 36 27 22 8 26 10 32 25 2 37 18 6 24 26 13 8 17 28 16 17 36 37 38 26 25 14 24 4 33 30 33 15 26 16 31 33 28

10198 7515 4958 8348 13697 13469 4616 9698 13106 5861 4144 3922 4459 7090 6049 6118 8719 9248 9684 2849 4895 12063 4571 1283 3420 4732 7442 9538 4907 13292 9058 9286 4827 14475 4591 6315 6916 14040 9887 10173 8277 6685 1912 9777 928 4082 10433 6175 8900 7220 10687 7823 9345 5262 1542 5774 4353 5448 12220 10044 10578 10717 5031 6609 5367 8271 11268 9759 7818 12424 7805 5968 8123 8616 9314 14336 7854 10359 14038 6310 9161 6579 8193 1784 8326 6098 6055 5497 12418 9320 7969 6623 5756 8893 8308 10818 8824 10833 11827 4532 8141 6448 898 9492 8382 7748 154 4881 6675 1460 6829 6711 6110 6755 1666 5086 9325 9056 9457 2385 5314 13703 4443 4829 6181 10249 8899 8188 10663 5597 6451 10491 5653 5510 5170 6207 7561 7859 5609 10689 4600 9744 8438 8652 10537 8442 4281 4064 10716 7419
11604 8329 5601 9732 16493 15574 5510 10965 16262 7028 4611 4658 5047 8239 7484 6936 10272 10375 11487 3153 5826 13681 5629 1544 4242 5338 9004 11875 5999 16577 10556 11049 5503 17241 5269 7520 8476 16196 11700 11726 9630 7372 2354 11240 1113 4812 12987 7298 10148 8145 11778 9753 11088 6555 1908 6575 5396 6452 15204 12026 12752 12793 6019 7961 6401 9838 12629 11811 9033 13743 8943 6787 9189 10431 11066 16846 9359 12745 16569 7810 11163 7622 9877 2206 9883 7391 6878 6223 15506 10990 9833 7435 6936 10828 9346 12509 9922 12071 13744 5333 9769 7633 1037 11179 10279 9330 172 5567 8341 1642 8034 7578 7363 8404 2007 5881 11594 10000 11083 2711 6352 15113 5483 5787 6918 12654 10371 9719 13109 6826 7325 12459 6995 6145 6161 6993 8437 9501 6479 13317 5150 12006 9695 10485 12413 10115 5096 4938 12939 8449
13406 9204 6352 11552 18789 18654 6659 13263 18572 8323 5467 5203 5808 9982 8231 8194 12390 11728 13860 3836 6386 15185 6143 1711 4764 6221 10406 13530 7113 18963 11831 12508 6508 20747 6042 8257 9431 18500 14086 13063 10899 9003 2607 12461 1233 5352 14097 8334 11861 9557 12873 11545 12479 7716 2076 7437 5843 7636 17209 14139 14305 15297 6872 9121 7453 11848 14524 13678 10748 15098 10051 7648 11150 12333 12211 19408 11262 15250 19069 8844 12484 8660 10870 2580 11000 8836 8287 7294 18134 12939 11465 8715 8141 12110 10272 14468 11509 13254 15909 5961 10630 8364 1209 12567 11964 11172 190 6653 9609 1867 8871 8992 8698 9866 2368 6450 13462 10942 12909 3112 7243 16880 6019 6382 8031 14458 11576 11595 15172 7923 8204 13775 7904 6851 7054 7798 9638 11415 7812 14478 5904 13011 10681 11984 14731 12104 5907 5458 15165 9463

7507 6338 4273 6691 7678 7913 3538 8397 11738 4501 2541 3372 3792 4391 4882 3285 7533 6784 6024 2098 3586 8116 4107 1068 3020 3477 6647 7433 4080 10169 7916 6261 3933 10492 4124 4711 6077 8532 8481 7284 6046 5725 1522 8117 671 3352 7841 4483 6929 5054 8006 7024 5431 3969 894 4942 3103 4601 9806 8625 6354 6100 4217 5894 3574 5619 6410 8088 5766 8446 5683 5006 6005 6288 7428 11425 6792 8947 12070 4564 7858 5127 4975 997 5605 5034 5427 4345 8762 8339 6958 5761 3925 5582 7312 9638 6547 8476 7460 3122 7265 5543 526 7544 7472 5469 130 3221 5693 887 5513 5743 3528 4148 870 4427 5480 6078 8448 2012 3770 11697 3769 2881 4920 6985 6219 4958 7773 4065 5524 8738 3276 4676 3553 4919 6651 6857 4447 9581 3309 5951 6682 7531 8501 6324 2950 3050 9489 4591
7343 4553 4110 6492 7383 7086 3114 5097 11218 3378 2152 2131 3593 4255 4177 3162 6002 5661 4940 2064 3199 7064 3239 673 2795 2568 4464 5071 3800 6792 4775 5138 3050 8723 2484 4174 5803 8398 8283 5989 5972 4346 1043 6628 490 2851 6857 4444 6434 4425 7954 4927 4805 3677 866 4071 2293 3696 8229 5422 5620 5704 2684 5081 3296 4891 6318 7356 3954 6971 4299 4717 5796 4935 5155 8912 5197 8687 9303 3280 7836 5048 4171 943 4303 4717 4690 3831 7614 8106 5972 5555 3381 5298 5640 9247 5017 6815 6570 2364 6231 3422 523 6827 4336 4942 80 2947 4188 757 3993 3596 3292 3497 868 2749 4747 5574 5452 1457 2911 8985 2323 2673 4256 5707 5498 4864 5392 2961 5096 7934 3252 3576 2732 3816 5697 4660 3594 6910 3185 5325 4999 5912 7854 5592 2659 2501 7760 3979
