150 3 2
4 264 213 63 84 119 58 137 186 60 113 172 184 164 111 170 7 177 18 127 71 83 191 82 231 121 86 152 196 75 132 163 55 233 292 131 206 191 158 73 168 209 2 1 200 164 22 69 109 111 182 19 9 172 5 92 154 1 66 1 87 1 251 36 79 48 1 116 35 49 43 174 109 152 82 113 203 125 116 88 190 109 3 70 311 129 200 189 52 2 41 53 116 61 232 115 148 1 94 99 81 29 72 28 127 223 177 86 98 145 69 143 11 85 45 53 1 233 167 108 119 37 37 102 124 1 107 30 69 77 1 83 115 1 1 129 150 19 42 165 158 86 48 201 1 140 110 101 212 101

7 39 28 21 9 1 14 39 33 24 20 39 16 32 1 12 38 1 18 38 5 23 4 20 23 20 14 23 1 29 14 30 30 19 1 34 3 7 20 23 26 30 16 17 36 30 1 1 14 9 1 17 33 18 52 21 23 20 18 13 14 27 7 9 11 34 14 10 1 27 43 1 1 10 1 26 11 6 6 47 8 28 3 31 45 1 24 1 12 19 35 17 23 12 27 21 1 38 10 16 36 24 16 15 23 12 14 1 29 3 8 1 1 45 37 1 16 15 41 15 1 24 1 4 23 1 2 6 5 29 31 20 27 1 36 25 25 33 14 39 26 40 25 1 6 25 40 36 18 3
17 43 33 23 28 13 16 41 49 32 26 53 27 40 4 14 48 16 37 39 18 25 25 48 32 25 22 24 2 30 21 36 32 32 16 38 11 24 21 28 40 31 25 18 56 50 11 11 31 12 14 33 60 20 71 33 24 36 28 23 31 28 12 16 14 35 19 19 8 31 55 4 15 24 13 35 27 11 9 68 22 53 13 34 49 34 46 22 15 24 50 30 35 26 29 22 12 45 30 24 39 33 23 36 28 29 35 31 38 6 24 7 16 61 56 12 20 20 42 27 8 34 6 5 24 7 9 30 22 48 48 38 38 7 37 36 34 36 19 57 39 41 31 19 15 36 51 51 24 12
37 48 46 40 49 17 26 52 58 42 43 73 39 52 26 20 49 33 56 40 24 37 26 56 52 31 23 28 8 44 29 55 37 34 29 44 13 28 28 52 50 35 31 21 57 53 28 21 45 19 15 45 76 21 73 34 25 44 44 36 32 53 22 35 20 63 21 27 9 32 56 9 31 37 16 52 31 18 30 92 23 58 22 40 66 37 47 38 33 38 62 37 36 29 35 45 27 55 45 34 52 37 30 59 29 45 36 42 45 33 27 13 25 71 68 26 32 32 52 32 11 35 10 13 30 24 21 41 41 54 49 48 46 8 49 41 46 65 32 68 55 49 50 26 33 37 71 61 40 16

10 10 9 5 6 13 9 20 17 17 6 2 6 10 10 4 6 1 17 13 10 12 13 16 10 24 32 23 2 5 9 15 1 17 5 13 12 1 26 17 5 2 6 2 19 11 13 4 14 14 7 14 16 18 5 32 23 1 1 19 2 5 9 17 5 9 21 1 3 21 11 5 6 7 13 11 11 1 1 16 8 12 1 11 10 20 13 6 14 15 4 11 13 6 19 16 4 19 5 1 17 18 4 15 16 19 5 13 1 1 16 4 1 20 29 14 14 10 6 4 15 2 1 18 17 10 18 9 4 8 13 14 8 1 1 4 5 10 11 16 14 10 3 10 7 8 1 13 4 18
11 22 11 11 26 31 13 24 40 29 13 13 8 17 19 8 17 15 18 19 36 38 35 18 22 34 35 32 8 11 16 20 16 22 12 19 26 20 49 18 14 21 19 21 37 12 41 5 22 31 15 30 38 26 11 37 24 7 16 22 16 14 14 21 15 22 27 4 4 33 14 7 15 15 22 22 43 5 26 25 21 23 5 29 20 41 15 26 36 26 18 21 23 14 35 17 11 21 25 15 34 29 11 19 25 20 9 20 15 8 22 5 15 35 32 29 21 14 13 5 28 5 12 33 26 11 43 16 16 25 17 27 36 4 10 30 11 24 27 17 19 17 18 24 16 11 16 34 17 37

9473 3728 14948 7069 5853 4904 10760 8297 5517 8276 14724 10565 4926 9907 13315 14819 6484 13636 5497 12776 1918 5761 5131 8185 7450 8922 10354 8465 8040 8631 8246 9626 7430 12410 4569 9264 6230 11741 6704 5932 10445 8807 6470 8391 7873 4691 9277 4660 5725 9271 3270 6793 10609 4959 14624 9225 4984 8381 6776 5083 10202 6265 7117 1842 8422 10756 10779 4996 8423 5133 4390 9104 10437 8245 5840 10160 8328 4673 151 4805 10229 4237 8455 4733 3960 10234 10453 12682 7950 5731 6139 5985 5457 8528 4074 9721 6914 9689 4292 463 10240 3297 10127 9930 5550 723 4662 5222 10865 2876 5788 8945 5115 5223 2762 9734 6638 8709 4891 6235 10531 4095 2729 8621 8160 9448 14183 14738 5417 8401 8605 4925 9775 9550 6437 10823 9331 6418 8769 11596 7183 5422 5325 5544 5844 5258 6849 4662 2714 14328
10420 4396 17701 7897 7140 5724 13333 9363 6481 10133 16302 12828 5737 10993 14698 16465 7367 15045 6659 14244 2111 6552 6382 9335 8410 9907 11474 10246 9856 10731 9350 10879 9268 13988 5121 10464 7707 14674 7402 7098 11521 10066 7675 9320 8743 5735 10778 5189 7045 11402 3892 8079 12267 5536 17294 10229 5638 9365 7553 6230 12013 7175 8866 2173 9937 13178 13025 5527 9827 5899 5210 10635 12040 9932 6872 11328 9347 5348 177 5744 12543 4905 10389 5240 4584 11931 12365 13955 8999 6824 7445 7116 6545 9681 4674 11585 8634 11790 4878 523 12055 3774 11274 11056 6578 899 5556 6239 13565 3554 6823 10763 6014 6495 3086 11075 8024 9932 5482 7709 12748 4863 3096 10414 9273 11320 16418 17125 6525 9919 10457 6086 10878 11742 7126 13099 11584 7742 9980 13704 8551 6303 6112 6420 6979 5838 7735 5346 3383 17229
11932 5198 19841 9121 8273 6929 15944 10360 7498 11428 19917 13955 6736 13088 17483 18964 8559 16830 7603 16242 2462 7185 7234 10654 10046 11380 13572 11562 11042 12735 11044 12560 10884 16627 6005 11719 9250 17527 8221 7708 12986 11260 8581 10401 10281 6606 12458 5961 8030 13611 4236 9649 14164 6241 19955 12427 6506 10906 8832 7092 14515 7937 9675 2428 11329 15071 14355 6758 10950 6567 5899 11794 14326 11198 7741 12794 10985 6054 211 6865 13995 5532 12281 6260 4992 14212 14622 16211 10086 7815 8164 8098 7868 11563 5189 13544 10081 13785 5430 601 13658 4433 13592 12091 7331 1073 6086 7517 14997 4229 7804 12653 6941 7458 3428 12599 8913 11473 6555 8615 15344 5363 3408 11694 10529 13449 18531 19708 7320 11370 12438 7053 12917 12732 7839 14378 13090 8470 11219 14995 9461 7483 7099 7628 7830 7013 9122 6130 3951 20222

7131 3055 10745 5136 3150 3023 6164 7034 4117 5009 11773 8483 4069 6117 7394 12050 5117 11540 4934 8790 1572 4058 2952 5079 5154 7114 9050 5433 5491 6617 7298 7301 4046 10236 3227 8044 4006 10499 4701 3933 7029 7465 4530 5147 5727 3659 7970 3001 3214 8287 2909 5861 8626 3980 8463 8058 3375 7064 4584 3273 9154 5340 5964 1180 6428 8884 8267 3460 5083 4108 3189 8050 9291 6693 5207 6893 7422 4201 131 2999 8735 3554 5554 4130 3075 7756 8478 8474 6410 3220 5334 3585 4831 7420 2339 7640 5000 5992 3233 401 8460 1777 6393 7777 3978 634 3627 3187 6483 2182 5042 6728 3270 4260 1881 7100 5677 5304 4347 4852 9285 3548 2226 7325 7140 5280 8638 11699 3574 5801 6234 3810 6591 7261 3831 8530 5424 5441 6429 8499 6321 3524 4420 3807 4259 4097 5720 4091 2058 8960
5970 2339 9600 4505 3106 2987 6129 4440 4086 4427 7645 7396 2809 5085 7135 7464 3376 10763 4733 8079 1537 3402 2675 4108 3900 4707 8226 5379 5373 5849 7157 6174 3854 8006 2348 4823 3884 6076 4139 3488 6262 4435 4495 4962 4844 2696 4928 2497 2874 5378 2547 4626 8210 2625 8221 5292 3310 5335 4578 3242 7024 3421 5365 1000 6387 6308 5926 3421 4510 3166 2892 7339 6441 5801 5108 6828 5082 2845 80 2851 5794 2787 4749 2578 2877 5585 5842 8270 5869 2976 3615 3334 3241 4576 2122 5208 3889 5019 2806 329 6269 1767 5519 7376 3588 390 2432 3065 6139 1555 4460 5044 3087 3974 1414 6258 4669 4552 3010 3601 7345 2863 1975 6148 4681 4745 7892 9660 3115 5048 5180 2706 5732 6060 3399 7775 5308 3972 5637 5819 5764 3440 4223 3223 4236 2967 5165 3848 1604 7717
