150 3 2
135 148 172 147 255 1 13 29 45 48 145 177 51 78 1 112 224 239 114 37 116 232 136 112 163 135 211 70 1 1 95 97 102 75 1 1 188 173 1 163 20 64 66 122 15 174 143 274 26 94 1 110 11 79 76 99 97 1 138 1 86 91 28 1 49 77 68 123 161 58 1 40 143 235 1 60 51 1 99 1 44 80 129 107 147 1 14 198 1 167 26 1 114 136 1 67 1 41 122 209 169 138 103 247 176 5 93 318 65 132 238 21 107 70 100 102 166 16 27 116 96 41 177 130 201 130 1 118 96 51 55 40 206 113 131 145 221 52 118 198 254 99 84 197 64 25 74 285 94 20

51 34 26 16 15 43 29 21 50 8 24 1 28 23 39 26 43 59 1 24 25 1 26 1 5 33 19 60 42 11 9 10 17 11 1 42 39 3 17 7 1 1 14 18 45 8 24 32 16 33 21 31 13 41 6 33 27 23 1 1 1 1 9 34 39 36 15 26 28 12 11 27 1 22 20 17 49 18 27 15 14 17 37 21 27 1 24 22 5 24 68 21 19 46 1 30 4 12 30 22 28 33 15 2 40 17 35 4 1 31 19 29 14 23 32 17 30 6 3 1 27 1 27 25 5 10 36 34 22 23 13 17 4 12 8 30 1 30 44 34 1 18 31 10 26 26 1 14 27 23
70 38 37 17 29 50 32 39 55 11 43 4 29 39 52 39 57 71 18 40 31 2 40 8 14 37 28 78 55 12 21 21 36 24 8 53 40 6 26 20 3 19 30 40 64 9 37 36 34 43 35 36 44 55 23 36 28 34 2 19 4 2 39 47 44 38 24 35 43 20 17 29 5 26 34 34 56 19 44 34 38 23 59 29 40 15 25 32 21 37 81 27 23 59 2 54 5 21 36 32 54 39 16 9 44 32 41 19 11 34 24 43 15 33 42 21 40 17 30 13 35 15 37 41 8 24 40 53 35 42 26 29 6 41 15 37 19 45 47 41 9 24 50 17 29 35 12 20 45 45
95 43 50 23 41 64 40 50 59 24 44 21 34 51 62 40 79 92 22 48 37 6 52 16 26 53 37 89 56 33 32 34 44 26 32 60 45 7 27 32 14 31 31 55 78 16 48 42 44 46 43 53 58 66 34 38 45 41 14 23 24 6 45 54 46 54 29 36 44 40 27 34 33 38 44 35 63 31 45 43 39 40 74 41 56 16 28 38 37 56 82 30 37 65 11 62 32 23 37 41 57 63 31 15 51 33 50 33 26 38 32 56 21 48 61 33 49 44 51 20 44 27 39 58 9 26 43 63 53 54 37 31 21 48 24 53 29 68 55 42 16 29 53 28 42 42 23 33 62 65

1 19 15 2 1 33 20 7 24 1 18 8 9 11 1 4 14 17 10 17 11 14 1 9 2 16 1 16 30 7 21 8 3 1 3 21 13 20 16 17 1 4 1 16 11 1 10 12 5 14 15 1 21 4 13 1 18 6 8 7 10 13 25 1 22 1 9 16 8 26 5 9 11 1 18 22 2 6 13 9 29 15 21 18 17 1 6 5 4 10 3 4 3 22 1 18 16 10 1 17 24 1 10 4 28 11 13 14 12 14 19 4 29 12 2 9 14 25 9 1 1 19 21 5 17 16 7 4 3 1 9 1 5 11 19 16 9 1 9 4 10 7 13 8 5 11 20 14 16 1
8 34 16 3 29 46 45 12 25 11 32 22 26 27 9 15 21 26 25 34 27 23 2 10 29 18 4 28 36 12 34 9 14 8 8 37 23 30 17 30 13 8 21 37 17 6 20 19 20 24 20 28 24 11 23 8 22 11 15 18 27 30 44 12 24 10 11 20 11 35 15 10 31 11 28 32 7 15 35 23 41 31 37 26 41 19 11 10 5 12 24 21 4 38 10 24 30 13 2 27 42 22 27 17 43 17 21 17 22 18 35 32 44 40 6 24 20 30 24 21 13 37 35 9 42 30 15 20 15 17 16 2 23 16 22 39 30 5 20 22 14 15 14 22 15 29 21 20 24 24

4958 740 7861 9154 5889 4974 5062 11213 6156 4684 3843 4472 5490 7535 3865 5326 5891 4028 5314 6004 6115 6487 10004 4484 12532 12344 8292 8137 3861 5561 7314 5414 4148 4082 4383 7224 4373 4727 5226 4873 8114 3211 6008 13347 5360 9893 8669 5605 7330 4963 8789 7557 4542 7703 5318 3652 7365 4529 5471 5997 9641 4396 10135 6473 12212 9632 2489 7800 12341 7901 5789 10025 6060 9697 2910 6129 10300 3797 8496 1219 9399 12500 4741 10012 13609 6087 8886 9067 1256 4016 13824 5770 4999 10274 7761 9833 9437 9960 6018 4815 6063 10264 4930 9834 10298 4422 7385 4443 4043 5854 3796 4398 3579 5045 669 4463 1722 5176 10031 13014 8209 4835 10225 10533 5613 13583 8237 7601 5240 7418 6539 8303 8803 4712 9021 4953 4668 4017 8327 3910 10213 8661 4527 8225 6864 10410 2832 4268 8257 8703
6194 854 9413 10684 6834 5557 5671 13690 6987 5287 4626 5270 6281 9356 4412 6561 7131 4768 6562 6827 7419 7353 12195 5552 15313 13706 9618 8984 4626 6152 8949 6321 5090 5084 5147 8604 5010 5700 6300 5798 9752 3936 6671 15449 6060 11103 10822 6820 8833 6157 10829 9319 5014 8681 6340 4394 9184 5512 6588 6847 11232 5285 12654 7501 15017 10990 2795 8927 14272 9593 6448 11675 6708 11833 3452 6908 12276 4567 9834 1372 11500 14501 5365 11598 15820 6792 10117 9986 1524 4861 17161 6369 5894 11321 9528 12205 11353 11185 7028 5564 7109 11662 5616 11511 11771 4931 8680 5452 4848 7011 4665 5051 4233 5824 771 5397 2131 5913 12179 14994 10205 5860 12513 12200 6202 16941 10127 9380 6383 9252 8050 9184 10668 5872 11197 5508 5198 4751 9783 4349 11672 10012 5000 9597 7717 12544 3152 5209 9431 9990
6972 1024 10338 11994 7686 6220 6258 15588 8111 5982 5382 6206 7503 10367 4852 7108 8515 5180 7617 8049 8889 8010 13645 6300 17885 16230 10931 10347 5390 6741 9873 7267 5570 5512 5676 9883 5872 6857 7162 6684 11676 4361 7544 17669 6693 12137 12054 7985 9906 6714 12844 11109 6041 9703 7658 5168 10160 6338 7563 7995 13614 6009 14032 8684 16572 13165 3358 10298 15584 10762 7545 13244 7389 13024 3863 8115 13559 5273 10962 1602 12759 16132 5883 12845 17430 7633 11879 11045 1690 5429 18766 7392 6810 13283 10986 14058 12999 12889 8351 6284 8550 13896 6511 12807 13825 5642 9603 6220 5354 8430 5168 5862 4643 6363 843 5949 2418 6985 14092 17244 11304 6468 14608 13307 7474 18757 11779 10937 7549 10498 9396 10462 11982 6419 13244 6247 6182 5592 11053 5075 14157 11324 5703 11466 9038 14868 3604 5838 11465 12017

4443 432 6195 6548 4840 3027 2769 8387 4867 3311 2211 3463 4937 5895 2721 3204 5062 2770 4266 3708 5226 5090 8909 3112 11278 9026 7274 5767 2171 4817 6541 4638 3009 2685 3300 5903 3133 3193 2870 3450 5228 2031 4519 11226 4692 8145 6261 4712 5399 4049 7095 5870 3710 6112 3481 3078 4903 2950 4150 5257 7981 3585 7230 5239 9446 7649 2136 6267 10772 7046 4719 7702 3760 6386 1916 5029 7850 3355 6271 968 8069 8236 3509 7911 11388 4849 7965 6815 1008 2552 11500 4393 3501 9082 4362 8623 8376 8595 4091 2624 4967 5850 3440 8619 7939 3705 5000 3450 3381 4283 2660 3405 3010 4160 520 2885 1430 3830 6802 9850 7372 4248 7483 9464 4309 12019 6922 6406 4528 6465 5373 6872 6568 3856 5016 4101 2809 2876 6884 2595 8852 6373 3101 6898 6119 8936 2544 3442 5138 6723
4130 408 5172 5536 4271 2988 2580 6673 3456 2381 2175 3339 4306 5710 2419 3199 3101 2226 2967 3218 3444 4899 6869 2778 6850 8218 5509 4388 2112 3621 5457 3693 2383 2306 2842 4613 2504 2437 2838 2867 4218 1854 4242 9039 4665 5622 5626 4203 3690 3304 6769 4160 2502 5989 2730 2503 4487 2321 2825 3282 7738 2537 6757 4575 8935 5351 1944 5490 10161 4709 3034 7263 3638 5877 1765 3613 6213 3116 5847 676 6411 7215 2766 6110 9600 3228 5139 6083 957 2202 9051 3152 3191 6784 4105 5279 8136 7272 4022 2569 4307 5624 2930 5703 7407 3025 4614 2225 2684 3345 2148 2249 2907 3037 352 2584 1043 3635 5823 7967 6319 2958 6431 8072 3149 7840 5422 4711 3808 4164 4304 5892 6082 3132 4861 2879 2516 2818 6699 2042 7185 4349 2765 6728 4539 8517 2444 2805 4983 6166
