150 3 2
138 1 78 156 79 161 101 180 236 198 158 153 124 58 111 165 103 137 11 105 137 98 1 55 1 15 190 37 169 187 117 167 99 163 204 111 71 137 153 220 37 44 1 87 117 145 49 1 330 1 101 87 216 143 189 74 7 189 97 167 87 141 193 207 21 136 42 85 90 1 159 83 201 124 48 140 181 79 109 212 114 131 187 84 100 182 118 241 48 40 70 170 1 90 76 132 77 80 36 68 23 49 63 14 187 32 165 288 1 202 1 140 1 130 141 167 4 1 240 13 196 65 46 102 1 1 168 67 134 84 114 1 95 238 162 141 1 66 195 1 186 218 45 196 70 28 1 114 81 268

16 37 1 32 24 5 14 21 21 37 30 13 45 1 35 11 29 36 1 15 8 31 7 27 34 25 26 6 16 1 30 1 42 8 27 50 18 29 35 13 53 1 1 22 24 1 21 25 6 27 38 28 36 21 8 17 22 35 6 19 1 27 31 23 1 49 1 22 3 15 29 1 28 29 26 31 37 34 30 26 51 44 24 27 29 39 30 7 24 7 8 42 36 34 38 52 11 12 48 15 25 19 49 1 15 36 38 1 5 30 35 1 30 8 55 19 1 46 21 18 23 13 8 5 28 52 16 10 24 43 30 29 3 41 28 40 1 26 42 7 15 8 1 3 13 8 10 1 27 21
26 40 12 41 34 6 31 38 32 45 37 28 53 3 48 18 45 50 14 22 23 55 13 42 50 33 40 28 37 7 37 26 44 10 42 55 28 43 44 20 77 4 7 25 33 8 29 43 23 53 47 39 55 43 23 26 32 38 24 39 5 34 40 29 20 58 4 36 4 27 37 17 44 33 28 51 44 40 39 44 65 53 35 46 38 40 34 24 43 17 31 64 47 42 43 64 12 23 73 40 26 25 58 10 16 53 56 15 12 46 48 8 45 25 69 33 16 51 27 36 35 15 17 15 32 54 22 17 32 48 40 43 7 58 33 51 21 28 55 13 32 14 10 9 27 19 22 18 28 48
35 48 30 63 46 30 48 50 45 51 57 42 54 14 50 31 46 59 18 26 48 65 15 43 62 37 51 41 47 8 54 39 50 32 58 61 34 58 50 22 99 29 12 47 51 12 36 64 28 60 52 43 71 48 33 34 50 39 28 46 12 40 42 52 42 73 11 44 17 36 38 18 53 50 42 54 47 52 52 45 72 73 45 47 39 51 41 45 49 27 39 82 49 43 50 74 13 42 93 65 44 37 74 20 22 65 77 16 13 60 65 12 52 29 90 44 37 57 46 61 46 35 31 17 58 65 24 22 54 60 50 55 17 62 46 65 22 39 56 25 38 22 16 16 32 36 48 23 41 50

11 4 12 22 12 2 6 7 1 1 12 12 16 7 5 16 21 1 1 4 6 17 3 3 7 4 12 5 19 15 15 21 15 5 6 19 18 17 5 8 2 11 11 11 9 4 14 6 29 9 14 9 8 13 17 13 14 2 5 19 25 7 1 14 19 1 1 11 12 13 18 27 22 13 25 1 10 9 6 5 16 9 1 9 1 3 4 18 10 18 14 18 6 23 19 6 7 5 15 17 11 20 18 10 6 3 16 2 14 26 6 3 1 19 21 8 6 10 1 16 7 16 9 1 8 17 19 14 15 6 23 4 22 19 5 11 11 1 20 14 1 19 1 17 16 15 14 21 16 14
28 17 13 47 26 18 23 12 16 2 25 23 22 34 6 43 24 23 27 13 14 18 8 16 14 8 34 6 31 16 24 22 19 7 10 28 34 29 17 19 16 27 21 27 24 10 24 13 30 11 18 11 25 35 18 18 25 6 13 34 48 12 2 24 40 6 3 15 15 25 24 38 31 25 35 19 34 29 12 6 26 32 13 11 4 21 9 35 19 21 26 36 21 25 20 10 22 20 16 27 29 26 24 11 11 11 20 17 19 27 7 9 6 40 27 14 15 19 2 22 21 19 25 6 19 24 32 15 34 15 32 17 30 40 16 20 25 9 31 27 15 45 2 22 31 17 15 23 24 28

7104 9783 11335 11134 5550 11057 6928 14497 8351 6373 9857 7773 5944 11318 7041 7403 13649 3069 9771 5701 6188 8859 10239 10131 11939 6596 11089 8668 4639 9868 9623 8205 4386 9730 9731 6122 12142 13255 5319 6185 9108 11147 4472 8430 9247 2284 6332 6093 3677 9335 9214 6373 7287 9910 5605 9257 10949 9765 8709 4832 10792 5322 5064 8918 11740 10046 1698 5499 5310 6341 8794 4115 11316 5357 11369 7760 10537 13727 11328 8280 10451 4251 4284 6144 10897 8727 9990 4199 2968 10766 11298 15303 5840 1916 7001 8117 10768 13910 9677 5948 11540 7152 10005 9130 5754 9865 13573 8770 14565 10146 8604 8383 5930 3742 6183 5942 11880 14045 15006 8782 13300 9850 12310 5520 5620 1147 6878 7889 11805 7077 9109 6326 8861 6228 4538 8934 10823 7091 9151 12283 10705 2994 6299 14708 6343 5557 6016 7235 13459 9277
8307 12194 12600 13203 6766 12540 7866 17214 10271 7382 10946 9396 7414 13236 7799 9159 15815 3499 11530 7020 6859 9780 11617 11752 13230 7397 13068 9670 5602 11900 10617 9942 5047 11323 11756 6975 13459 15728 6448 7654 11313 13138 5569 9890 10773 2776 7348 7444 4547 10591 10191 7357 8570 12276 6944 10742 12175 11336 9592 5843 12085 6598 6001 10212 13176 12347 1962 6652 5899 7165 10761 5048 13535 6305 12939 9367 11645 15695 14157 9759 13043 4920 4829 7577 12039 10747 12365 5049 3589 12088 12586 17224 6844 2158 8743 9252 12670 16182 11667 6632 14338 7956 11579 11335 6896 11087 15847 9945 17533 11285 10332 9394 7292 4138 6981 7164 13580 15722 18507 9785 15181 12173 13697 6359 6999 1312 8048 8723 13101 8739 10341 7605 9795 7580 5067 10280 13074 8448 11138 14676 12816 3565 7742 16609 7596 6306 7058 8868 16246 10788
9753 13378 15065 15831 7341 14528 8813 20170 11674 8640 12200 10947 8224 15029 8655 10578 17471 4221 12833 8064 7904 11167 13475 12809 14764 9009 15754 10959 6617 13207 12876 10860 6047 13568 13060 7603 15799 18083 7174 8781 13008 15530 6374 11992 12046 3012 8585 8917 5040 11743 11470 8728 9924 14147 7936 12263 13277 13336 11516 6692 13683 7619 6726 11308 15366 13435 2135 7714 7050 8202 12309 5731 16040 7095 14777 10320 13119 18875 16770 10837 14095 5837 5529 8913 14246 12209 14405 5484 4130 14439 13975 20722 7627 2363 9573 10191 14746 17758 13878 7281 16362 9043 13906 13082 7498 12135 19081 10847 19725 13627 11996 11054 8129 4606 7921 8119 15141 18974 21431 11784 17263 13862 14952 6994 7739 1524 9518 10296 15021 10427 11621 9020 11061 8379 6143 11585 14258 9739 13092 17165 14181 3898 8732 19579 8579 7015 8485 9593 19217 13029

5348 6100 8010 7803 4089 8843 5596 12238 7076 4675 7665 6279 4303 6816 5245 5864 11461 2315 6324 4923 4786 6993 8679 7020 8023 5740 7424 6995 3445 7826 8589 6258 3643 7881 7000 5112 9029 11049 4178 5365 7072 8400 3967 7461 6805 1345 4487 3352 2934 7426 7180 5601 6198 8816 4061 7835 7793 6287 4629 2864 9247 4470 3516 7779 10170 6342 1214 4800 4481 4719 6221 3360 5822 4032 6900 4253 8270 10515 7851 5692 7384 3696 3389 5300 8622 7493 8926 3413 1995 6759 9848 13766 4321 1080 4445 6717 8642 11124 7332 4587 6736 4396 7921 7298 5022 7416 10675 5595 8634 6383 4920 4957 4386 2539 4166 5334 9519 11945 11338 6631 11160 8629 10927 4000 3335 932 4527 6690 9852 5117 7554 5288 5935 5539 2637 6530 7131 5728 7780 9241 8238 2206 4207 11907 5365 4223 3898 5465 9263 5469
4197 5564 6037 6591 3844 8559 5374 8550 4524 3606 7496 4044 3441 6296 5167 5747 7798 1969 4992 4062 3981 6633 8622 6750 6221 3456 6276 5022 2957 7158 6721 4912 3085 5270 4870 3463 8365 9553 2953 3249 6649 6192 3520 5369 5466 1191 4465 3189 2117 4879 5888 4490 4937 6783 3581 5642 5854 5308 4488 2590 5602 4169 3492 5899 8164 5954 1035 3145 3740 4694 4966 3287 5678 2932 6523 4218 6976 8850 6837 5599 6415 2556 2846 4672 8035 4657 5575 3347 1529 6127 6663 11110 3402 1063 3678 5277 7746 10406 5089 3966 6278 3760 7158 6952 3541 5295 8643 5447 7319 5927 4821 4207 3391 1996 4125 3575 7471 9693 10439 4849 8336 7037 7232 3519 3235 899 3793 4724 8981 4619 5492 5048 5647 4716 2634 5047 6633 3633 5519 7984 5803 2197 3998 8430 3913 2932 3745 4637 7080 5416
