150 3 2
27 128 169 54 78 1 40 140 98 38 28 181 138 155 60 114 128 1 112 41 115 117 163 109 103 14 107 76 210 64 1 305 142 1 191 6 175 99 126 132 180 82 21 130 28 1 141 29 57 84 36 20 30 163 116 169 142 101 78 115 133 125 101 1 43 1 78 157 141 121 78 1 63 127 105 187 1 102 8 335 107 213 47 53 107 11 198 215 82 99 1 79 102 1 1 1 105 111 101 95 139 137 112 111 127 199 111 141 120 1 175 56 57 110 1 44 1 109 52 69 197 154 83 135 209 123 3 105 5 241 245 164 112 122 57 136 151 71 168 37 79 147 121 3 66 1 7 51 241 31

9 11 27 25 12 9 38 17 50 16 29 26 15 25 35 8 14 5 41 54 6 43 34 22 27 22 16 1 24 32 16 42 14 1 5 14 1 17 12 34 18 24 57 4 28 2 1 19 8 8 31 9 16 1 35 36 24 27 18 21 8 23 10 26 14 9 32 15 21 28 11 1 37 33 1 35 44 1 13 36 28 19 51 1 1 17 31 7 1 21 18 32 10 4 2 5 24 30 38 14 56 50 1 13 1 19 16 33 55 12 9 4 23 5 10 4 42 10 7 1 1 1 27 32 24 6 56 16 1 5 34 6 43 46 9 41 37 24 43 16 9 12 25 40 31 21 32 32 35 16
10 19 41 37 20 18 55 40 51 34 34 36 34 26 48 19 17 15 46 61 14 53 47 38 32 24 37 3 34 47 29 61 30 10 6 17 20 36 25 43 19 28 80 10 42 7 4 34 9 11 51 16 24 20 44 45 26 46 23 34 20 34 14 46 16 21 48 23 31 33 13 3 47 47 3 43 45 14 26 49 34 43 65 5 23 27 51 14 30 26 40 46 18 10 9 6 36 53 39 28 62 66 5 17 9 25 24 43 63 28 15 5 34 14 25 12 63 24 12 3 13 13 28 44 28 19 74 42 10 9 38 8 52 80 10 59 57 37 44 27 16 16 26 43 42 30 34 46 49 26
21 26 52 40 22 32 70 47 75 44 58 45 63 34 49 26 38 21 67 71 19 71 59 54 33 39 42 20 50 68 54 85 41 17 21 20 25 40 40 49 27 35 92 12 53 18 14 51 22 17 68 17 26 29 58 59 54 55 58 39 21 50 16 62 43 33 51 24 36 44 40 12 68 59 7 64 66 26 37 57 41 47 82 17 29 32 64 35 40 45 50 65 38 24 24 8 41 54 61 30 77 70 10 24 24 36 39 48 76 42 23 13 45 17 38 19 66 36 29 20 26 27 43 58 29 20 76 71 30 23 54 23 77 88 23 65 64 50 45 35 29 19 40 55 55 57 36 60 50 31

7 8 25 15 10 10 14 11 14 1 10 11 9 4 10 14 16 8 1 15 14 2 18 10 1 5 17 6 2 22 1 5 2 14 4 34 26 29 14 15 16 18 7 5 8 11 9 2 13 18 13 16 11 3 11 12 1 11 9 1 18 3 25 18 13 7 1 13 1 2 23 22 1 11 16 10 7 19 9 20 1 7 30 10 1 4 6 8 28 26 11 1 20 1 7 12 13 18 11 16 16 20 29 8 14 12 1 1 2 14 11 1 4 20 13 8 8 1 10 22 1 4 9 8 20 3 8 4 4 6 18 1 9 3 20 5 19 1 1 13 1 23 15 4 14 6 5 26 1 15
14 9 36 23 29 14 24 17 24 2 13 34 31 10 18 23 23 15 2 34 20 12 32 22 4 8 21 24 11 24 9 16 11 19 21 46 28 32 17 26 35 35 8 19 9 22 11 18 22 24 28 19 22 9 12 18 22 21 11 11 21 19 46 22 28 13 8 21 2 9 26 42 8 23 42 27 20 37 32 31 20 8 33 11 5 18 30 15 30 27 25 7 30 10 20 18 22 24 28 25 18 34 43 15 27 25 8 21 5 27 28 8 6 22 30 17 32 14 23 40 19 5 23 25 44 18 27 19 20 11 27 3 14 19 30 7 27 6 17 24 24 25 21 26 34 30 19 37 16 23

7512 5665 9088 7673 8076 6081 5693 8334 9658 10326 9125 12769 5434 6803 11819 6037 3973 8621 6567 7267 7510 7009 5652 4370 6220 7409 11620 7317 6000 7461 1183 3811 9116 8728 5120 7409 9312 10573 8666 3101 6100 3788 12881 8645 10080 7726 4416 10112 7305 5776 5607 7689 1921 9793 5518 9962 9619 1089 10977 5789 5036 7384 8237 5690 5693 6287 5284 5280 6070 5099 11125 7727 9142 6416 8307 8234 8218 9417 9469 5376 7053 6201 9152 6270 7974 12019 1713 9142 10261 9790 4678 4586 9489 6193 6827 5406 9421 4340 9255 7466 7465 8932 11524 8096 7422 12379 13263 2088 8488 7802 8537 4822 9828 9989 9150 5836 12318 10011 3726 4902 12056 6584 6763 4800 10452 4113 8610 5430 338 6958 6212 7583 6037 5489 10030 12529 10388 8764 2644 2781 6309 9197 3522 8647 4439 8638 798 4340 13515 6602
9098 6303 11012 9280 9833 7562 7004 9753 10712 11490 10156 14511 6085 7706 13659 7005 4549 10601 7716 8464 9135 8087 6485 5422 6965 9189 14479 8534 7463 8291 1450 4599 10745 10223 5784 8213 11597 11640 10823 3714 7586 4654 15015 10272 12123 8886 4973 11375 8141 6384 6215 8782 2325 11782 6281 12376 11754 1294 13157 6965 5784 9225 10069 7063 6520 7546 6430 6254 6769 5794 12970 9557 11250 7553 9292 9355 9416 11202 11566 6273 8750 7693 11303 7087 9609 14563 1912 11050 12184 12216 5743 5659 11834 6816 7688 6500 10659 4873 11541 8791 8880 10093 13562 9923 8178 14033 16549 2608 9397 9505 10444 5449 12271 11234 11150 7062 15083 11223 4446 5661 14412 7416 7934 5534 12551 4539 10500 6515 376 7870 6974 9164 7082 6822 11746 15025 11539 9844 3079 3454 7632 10636 4016 9904 5143 10714 896 5404 15823 7867
10158 7486 12177 11048 11414 8486 7755 11374 12944 12647 11834 17474 7077 9255 16070 7665 5450 12179 8509 9370 10927 9002 7685 5906 8500 10265 16449 9709 8098 9966 1641 5044 13008 12387 6422 9761 13799 13588 12707 4193 8247 5079 17774 11800 14417 9660 5416 13362 8902 7745 7418 10634 2545 13963 7100 13719 13862 1563 15421 8050 6771 10734 11651 8440 7901 8560 7226 7105 7712 6692 15365 10626 13491 8631 10515 10945 10311 12685 13440 6995 9704 8635 12231 8005 11296 16943 2317 12109 14264 13326 6565 6365 13783 7973 9103 7490 12717 5616 13742 9735 10718 11717 14837 11428 9497 16567 18294 2943 11044 10495 11625 6161 13757 12475 12164 7999 16904 12846 4968 6433 17209 8771 9468 6569 14502 5173 11558 7776 440 9571 7963 10006 7749 7622 12800 18147 13504 10985 3539 3880 9033 12137 4829 12036 5937 11888 989 6464 17198 9491

5956 3677 8099 4615 5421 5424 5071 6981 6609 9203 7658 9644 4823 4980 9241 3813 3423 4834 3701 6515 6672 4004 4740 3663 4295 6602 8846 5514 3958 6599 721 2368 5281 6390 4059 5383 7076 8789 6933 2756 5399 2763 10672 7240 8530 4815 3555 8463 4317 4910 4560 4878 1326 7429 3322 5738 7696 828 7802 4269 3583 6597 5326 4764 4191 5337 4299 2880 4438 4153 6887 5812 7863 4586 4995 6474 6190 8275 6332 3757 4956 4755 7175 5363 5943 10158 1454 8097 6904 6923 3999 2920 5213 4837 5387 4303 8039 3898 7481 6059 5510 7654 8107 6444 4426 9902 7728 1809 6893 4873 7401 2630 6789 7912 6552 4775 10841 8865 2900 4318 9551 5342 5990 2521 8100 3183 6662 4101 297 5788 5078 4637 4751 4889 6923 10822 9290 5377 1589 1466 4300 7073 3169 7769 3370 7653 607 3302 11643 4606
4746 2891 6246 3951 4967 3048 3706 6945 5255 8426 6932 6981 3292 3975 8351 3666 2235 4538 3593 6162 5949 3620 3672 3256 3990 5091 7570 4092 3270 5965 611 1999 4840 6293 3549 4040 6942 6033 6782 2076 3416 2412 10440 4447 5219 3943 2982 5294 3707 4757 3851 4273 1231 5256 2992 5736 6067 670 7134 4013 2667 6564 5274 4320 3074 5150 3058 2749 4193 3581 6563 5513 7215 3230 4711 4935 5165 5790 6108 3283 4188 3763 5472 4601 4590 9951 1017 5860 5873 6034 3220 2785 5169 3280 4646 3957 7947 3359 5223 4460 4783 6966 7665 5876 3907 7659 6832 1781 6605 4054 4295 2416 6415 5918 5413 4143 8775 5554 2582 2697 8690 4149 4505 2519 8003 3105 6127 3122 203 4417 3686 4311 4113 2878 6840 8667 7506 4417 1326 1417 3772 5582 1960 4813 2412 5949 418 3086 11619 3949
