150 3 2
70 167 8 235 225 68 198 149 71 192 219 192 119 55 286 169 224 110 178 43 120 12 265 255 57 42 102 51 102 111 59 51 107 170 58 122 227 114 52 101 79 56 253 189 91 1 25 1 157 1 74 137 1 93 203 60 142 89 98 1 44 66 174 1 46 185 147 168 245 244 101 98 193 92 163 69 134 85 189 146 1 86 250 1 107 124 1 163 88 66 108 91 1 289 1 58 46 138 107 1 124 155 31 1 203 73 88 99 94 15 70 131 147 34 42 234 160 64 193 88 76 211 143 67 40 86 109 104 121 88 145 61 82 42 15 1 139 42 1 165 1 88 157 222 106 25 167 153 1 100

1 12 14 9 1 24 1 24 16 27 8 16 39 8 31 9 20 17 1 10 15 17 37 11 29 42 50 3 27 4 6 11 18 9 12 11 25 5 20 46 46 12 43 29 35 12 4 10 16 33 14 2 22 41 1 21 23 25 1 6 17 1 17 58 24 22 19 6 19 7 7 7 25 1 7 1 24 34 30 39 32 29 15 17 3 20 43 14 1 17 37 10 35 1 17 51 23 35 14 24 39 22 20 1 22 58 28 25 30 1 11 33 1 38 47 7 19 12 36 32 12 25 18 36 12 30 21 1 6 18 25 19 38 7 33 58 1 47 14 34 1 19 1 9 36 23 32 13 26 11
12 15 15 12 6 26 14 46 17 35 21 23 50 12 39 12 41 24 2 19 29 22 45 15 33 46 51 11 35 10 20 21 32 20 21 14 45 19 32 64 49 13 52 39 41 17 5 20 35 46 37 7 28 51 17 32 34 31 4 17 18 16 26 65 36 46 20 16 39 16 21 8 33 6 27 6 27 35 38 51 43 44 26 29 9 28 51 15 22 18 48 20 60 11 32 65 33 36 31 31 42 36 45 13 42 68 33 28 42 6 14 57 17 53 62 24 26 19 57 46 19 31 37 57 14 50 28 11 12 25 31 45 57 10 51 59 11 49 34 55 5 23 13 24 39 27 49 32 33 30
19 23 27 16 16 37 15 50 35 38 34 46 60 36 54 27 42 37 12 23 30 36 46 19 42 59 70 17 43 20 25 28 59 40 36 30 63 23 50 69 69 14 64 45 58 23 32 27 41 49 38 8 39 63 18 36 37 44 7 21 20 28 27 80 41 47 31 24 44 17 28 18 45 17 29 12 29 58 47 71 44 48 39 43 16 36 70 29 35 36 69 25 66 22 60 74 38 43 41 33 58 43 61 33 45 73 45 37 53 7 15 68 18 56 73 29 33 23 58 63 28 38 53 75 22 61 42 17 31 32 41 60 62 32 87 79 27 50 35 71 6 32 22 31 50 48 63 45 41 48

6 1 1 12 12 19 1 18 11 10 1 8 1 15 16 12 13 1 11 15 8 1 1 8 14 17 14 18 1 9 1 4 13 1 13 12 5 17 5 8 15 10 18 7 19 6 3 11 4 22 1 15 7 12 10 13 4 8 1 20 15 1 12 16 6 20 13 18 20 8 13 1 1 24 2 11 10 6 9 15 7 16 10 7 18 6 7 1 23 9 11 9 15 15 4 17 1 11 21 3 13 15 12 3 7 23 29 13 1 19 14 17 8 12 10 10 10 8 25 7 2 5 10 28 6 11 10 14 14 5 5 25 8 2 19 7 17 11 21 12 1 22 13 11 12 23 22 1 13 15
21 12 19 26 18 20 11 39 22 24 2 12 7 18 19 16 20 4 25 36 18 25 11 9 19 32 18 34 16 25 6 15 15 6 17 28 17 27 19 26 25 15 24 27 31 10 10 16 25 40 8 33 8 28 14 31 20 21 15 38 16 9 35 34 25 38 27 27 25 18 25 18 8 27 5 24 26 7 28 38 9 23 23 20 19 18 10 8 35 18 21 16 28 41 19 23 17 15 42 16 28 37 21 10 8 24 50 24 5 24 33 19 14 23 21 15 19 26 44 15 14 13 24 41 11 35 14 15 21 26 14 29 33 5 43 23 33 30 39 20 8 29 30 19 14 44 42 6 28 22

12509 3956 4261 8238 11518 5423 6973 5905 9361 4497 10188 5888 6262 9079 5121 13950 9930 9931 9598 10287 8869 6254 12837 6775 6230 5465 8480 5106 6233 4227 988 7048 9422 5491 8162 10538 4285 8275 4379 10403 12782 6306 10350 14727 1778 7904 8262 4578 4817 1935 6725 10937 8742 6425 6416 12711 9706 14280 9755 12330 5288 10873 4830 7315 6340 10986 5200 11124 12082 9532 6547 15218 9585 8257 9192 7060 6181 6117 10408 8749 11104 6405 7133 11022 4394 7150 6968 2800 5327 8020 7058 6098 8569 13875 6478 5905 6103 7418 4939 9535 7100 8081 5746 5505 7038 6791 9504 11063 11487 10576 10339 11189 11395 6117 8444 6619 5058 4853 11146 10904 9056 145 11182 4523 9227 5544 5994 4618 6454 4435 10889 8604 9880 9033 7036 9736 5120 5622 7054 6410 7282 4695 5777 4592 9738 8212 6550 12220 9911 4737
15462 4374 4939 9931 13932 6654 8020 6609 10613 5113 11467 6984 7420 10761 5971 16669 12031 12385 11777 12501 9825 7511 14778 8013 7274 6177 10100 5943 7158 5199 1138 8291 11064 6750 10170 12170 4991 9611 5124 11934 15925 7456 11820 17171 2062 9078 9583 5160 5339 2183 7529 12458 10800 7859 7327 15532 11156 17752 10828 13994 6219 13178 5590 8700 7498 12572 6175 13445 14008 11547 7291 17504 10745 9893 11437 8064 7201 6871 12423 10013 13809 7435 7975 12263 5273 8851 8142 3299 6252 9820 8502 6850 9443 16421 7646 6954 7248 8563 5573 11815 8054 9480 6501 6836 7974 8056 11785 12711 14140 12808 11712 13739 12976 7008 10458 7886 5604 6047 12849 13542 11271 177 13701 5094 11423 6737 6790 5404 7167 5143 12801 10284 11060 10953 8663 11199 6104 6857 8204 7851 8456 5528 6961 5487 11689 9143 8152 15147 11992 5331
16738 4930 5768 11086 15672 7882 9001 7945 12086 6124 12572 8413 8618 12217 6810 18173 13447 13758 13699 14815 10929 8829 16252 9140 8760 6735 11553 6881 8251 5994 1344 9462 12549 7447 12072 13993 5821 10757 5719 14253 18550 8379 13092 20418 2334 10729 11580 6217 5821 2557 8662 14340 12355 9440 8442 18397 13512 20563 12554 16025 6884 14962 6451 9792 8241 14811 6744 14863 15415 13578 7947 19508 12829 11690 13322 9360 8468 8035 14134 11188 15490 8272 9163 13546 6161 10090 9042 3901 7229 11022 9982 8009 10747 18186 9208 7954 8118 9561 6144 13044 9641 11072 7250 7795 9671 9392 12835 14702 15601 15157 13604 16059 15153 8389 12429 8569 6423 7116 15001 15090 12956 196 16233 5627 12595 7366 8052 6338 7943 6026 14780 11703 12743 12198 9622 12248 7071 7853 9526 8631 9476 6154 7555 6528 13344 10937 9571 17676 13209 6284

9207 3559 2737 6704 7486 4787 4985 4762 8329 3510 6689 3815 5026 6843 3293 11266 7348 7570 8205 8415 7528 3895 9910 5048 4100 3894 5211 3304 4653 3484 754 6096 6310 4731 5394 8041 3591 5908 3749 8920 10388 4108 5706 10514 1006 6253 5007 3723 3529 1511 4309 8833 6916 5266 5278 10838 7169 12279 6542 6936 4152 9577 3809 5852 5396 7325 3571 9128 10442 7375 4545 12441 6999 5659 6816 5659 4144 5038 8710 6207 9391 5161 4624 8334 3375 5433 4375 2234 3886 6561 4934 3974 7281 11699 4260 5185 4718 5039 4165 8109 5926 6501 5097 4195 5808 4252 7626 8074 10134 6111 9116 9243 8690 3665 5978 5834 4323 3926 9067 8850 8037 129 8263 3607 7087 4214 4893 2982 4368 2926 9405 7422 6118 7840 6040 7491 3748 5053 5973 4939 5595 3922 4004 3503 6742 6631 5387 7424 8652 3030
8870 3168 2408 4328 6130 4645 4116 3162 7368 2255 5594 3393 4881 6735 2955 7802 6598 6465 6262 6727 5415 3767 8985 3397 3577 3634 5081 2931 3210 2362 673 6050 5997 4550 4627 6407 3404 4595 3083 7819 8703 3510 5240 8263 975 5724 4673 2586 2423 1348 4106 6443 5477 4049 3517 9011 6198 8223 5977 6366 3421 7148 2481 4654 5177 6483 3199 6816 9566 7322 3995 11978 6131 4824 6764 4235 3416 3539 7152 6173 5722 4133 4112 7712 2819 4882 3960 1523 2879 6553 3594 3802 5488 10341 3925 4333 3066 4504 3031 5006 4116 4052 2877 3138 3881 4172 4930 7948 8044 5384 8725 7681 5720 3420 5951 3977 3372 3501 8133 7977 5260 91 5657 3403 6362 3747 4311 2710 4144 2841 6988 4901 5197 7788 4878 6887 3190 4191 4604 4303 5151 3562 3655 2351 6250 4443 3691 6959 7016 2578
