150 3 2
99 162 170 89 76 181 75 149 109 160 121 125 164 85 194 284 91 212 215 73 139 187 71 137 42 100 106 182 146 183 161 129 78 70 85 111 207 184 111 30 1 46 81 163 136 65 1 48 87 264 1 1 109 28 18 151 149 75 172 59 88 47 51 90 179 97 1 55 1 84 111 17 159 131 250 13 115 193 163 112 90 44 1 19 1 151 125 70 188 87 97 25 86 16 22 151 144 138 1 106 20 153 116 1 87 20 200 37 137 218 209 242 191 205 86 119 63 176 108 1 135 100 97 80 82 63 95 196 137 71 23 94 64 57 92 54 153 1 168 248 1 198 118 171 162 165 102 156 7 154

35 21 30 30 24 41 21 16 20 30 1 5 24 47 27 1 19 28 1 35 22 15 13 8 27 24 17 33 25 27 1 1 19 21 22 38 15 52 1 28 15 20 8 1 46 10 7 33 2 1 24 1 33 1 10 28 52 37 8 10 61 26 1 26 11 22 37 50 20 1 47 51 11 6 7 11 17 6 42 1 1 15 22 28 52 25 8 34 26 15 41 9 14 40 38 26 13 16 10 9 5 30 12 13 19 29 21 13 13 1 1 38 43 10 11 3 1 37 44 45 1 54 15 38 29 25 24 31 4 17 49 16 15 6 22 20 15 1 26 6 14 1 5 24 26 1 40 39 12 33
46 25 40 37 26 44 58 36 24 45 19 24 40 50 32 8 37 44 2 50 28 29 22 11 31 38 19 39 43 46 24 13 20 31 34 56 26 67 6 41 16 28 36 6 52 24 14 43 20 8 28 2 44 8 26 36 53 46 17 17 62 30 2 47 29 31 52 51 34 5 55 53 12 7 11 18 22 11 49 2 2 23 31 29 58 52 14 46 47 31 43 17 22 43 44 49 27 35 21 21 17 38 22 15 40 33 42 20 21 7 13 55 60 16 14 16 9 40 48 46 14 78 16 39 47 28 26 61 5 18 51 38 21 16 36 44 21 4 31 15 15 20 15 25 50 10 49 49 15 36
65 26 57 58 32 45 63 53 32 48 25 40 64 63 54 29 47 55 29 51 54 34 36 12 35 54 20 50 56 47 38 21 26 46 49 76 42 68 9 55 18 36 38 15 62 36 34 61 21 15 33 19 57 12 31 46 68 48 29 36 83 41 23 51 39 33 57 56 39 18 58 56 21 14 30 23 24 18 59 3 3 28 33 31 69 67 26 48 69 45 45 23 29 44 48 50 28 36 36 39 23 60 37 32 64 34 45 23 31 11 28 74 75 30 36 22 12 52 60 53 15 93 26 50 48 44 41 67 28 28 83 49 27 33 43 45 44 18 44 21 27 37 23 38 66 12 59 53 43 42

4 8 18 13 19 2 15 1 10 15 10 6 26 9 7 19 14 1 11 25 18 15 3 1 16 10 7 12 10 10 13 1 13 2 1 10 21 5 4 16 9 13 5 1 4 2 7 27 5 9 6 19 10 17 4 11 8 9 4 1 6 13 17 3 6 15 13 5 11 5 1 21 9 6 9 17 24 16 33 1 2 25 2 4 15 4 1 11 18 12 4 6 8 1 12 1 15 15 8 10 7 9 15 15 6 29 9 1 1 12 1 19 10 1 18 10 8 1 2 11 16 1 4 13 18 22 13 16 14 1 11 19 1 16 1 15 1 1 3 28 3 14 9 11 7 21 19 1 12 14
12 11 36 14 20 14 19 2 29 32 22 21 29 14 23 36 20 15 12 37 32 20 22 3 20 16 8 29 23 21 39 5 18 18 20 14 25 13 15 34 14 18 31 8 18 16 13 35 33 20 22 34 20 28 9 20 11 38 20 2 8 20 33 13 7 23 25 22 27 25 11 23 24 21 27 20 26 19 62 2 17 43 15 22 24 13 25 23 19 32 24 24 20 12 22 3 24 25 9 16 14 13 18 16 12 41 31 13 2 18 3 24 24 19 20 17 31 3 20 23 33 18 21 33 29 29 24 19 33 9 28 25 11 43 26 17 2 9 24 37 8 28 10 24 18 27 31 6 17 25

9065 11112 6149 2583 4787 4195 5893 9583 8055 6577 10799 5176 14060 10265 3713 4610 8143 12172 5511 446 6654 8943 8678 5294 11046 5695 1146 858 4079 8697 7168 8890 4877 9778 9992 9196 5579 5934 6292 7116 8867 5596 4156 9913 8769 8082 8019 4474 5687 8749 6764 7549 4775 10845 10157 2454 4039 5911 13542 4143 14037 6035 2757 8117 9294 9207 5857 6675 4104 6410 6762 9724 10822 13348 4344 6322 10549 11975 9776 4081 5765 9053 6850 8161 10255 10145 10467 9126 9740 7108 10203 5772 13853 5707 10507 10720 7722 1461 6482 9282 3923 5422 10673 5684 13460 11058 5027 7634 4922 4995 5029 10440 8009 2686 8388 14638 10739 5592 2690 5133 6319 11030 4911 12242 9876 9571 9284 9430 10695 8700 10495 7117 11166 7556 10657 10043 9617 5522 8865 6636 6463 7237 10859 10201 5540 8814 6515 9211 9363 4318
10699 12313 6948 3102 5373 5052 6894 10551 9859 7346 13039 5821 15677 12787 4308 5464 9346 13732 6734 553 7501 11132 9722 5899 12594 7001 1371 1041 4744 9712 8785 10403 5851 12217 11425 10173 6787 7163 7270 8405 10209 6316 4722 11658 10165 9586 9507 5402 7056 10586 8119 8415 5606 12232 11862 2894 4730 6724 15658 4740 15446 7121 3400 9319 10446 10183 6707 8097 5056 7226 7458 11275 13481 16270 5374 7320 12057 13729 11560 4843 6372 11160 8473 9553 11396 12036 12571 11238 10715 8469 11504 6585 15824 6418 12707 12437 8788 1774 7157 10637 4787 6373 11749 7075 15857 12687 6069 9286 5989 5629 5717 12842 9624 3316 9841 18281 12778 6429 2959 6014 7702 13266 6095 15114 12183 10945 11576 10380 13149 10126 12781 8602 12664 9162 13065 11391 11382 6337 10146 7820 7467 8249 13097 11729 6203 10033 7800 10290 10832 4897
11931 15083 7831 3529 6539 5861 7630 11780 10996 8348 15370 6727 17797 14096 5044 6601 10920 15330 7900 622 8698 13170 11377 6665 13745 7940 1614 1160 5685 11258 9648 11369 6733 14102 13533 11247 7650 8639 8064 9231 12232 7142 5442 12685 11654 10904 11021 6430 8416 12232 9777 9490 6090 13389 13740 3165 5694 7467 18578 5538 18578 7756 3682 10137 11423 11307 7345 9357 5691 8238 8906 13626 14894 18079 6040 8351 14140 16053 13931 5634 7741 13097 9163 10823 13269 13340 14567 12919 12247 9932 12891 7356 17920 7030 15233 13942 10367 1981 8050 12286 5632 6998 13298 7792 18139 14569 7137 10351 6732 6525 6461 15183 11615 3957 11194 21095 15179 7567 3591 6978 9242 14880 7097 17540 13682 11984 12514 11425 15653 11749 15402 9591 14323 9998 15206 13802 13655 7321 11532 8917 8464 9484 15408 13243 7222 11545 8687 11467 12217 5732

6542 7662 4106 2223 3800 3548 4422 8404 7216 5048 8394 4007 10710 9160 2382 4088 6711 10534 4301 394 5887 7254 6475 3003 9830 4832 956 662 2793 7076 5868 7216 3553 7925 8255 7876 3248 3800 5617 5535 7122 4046 3315 6608 6905 7128 7174 3601 3313 7740 4865 5688 3372 6829 8535 2059 3582 3463 9752 2681 11081 4657 2196 5036 6644 7469 5163 4436 3172 5071 5624 8623 9137 10845 3061 5220 7474 8315 8322 3234 4894 7687 4677 6702 8564 8000 8303 7471 6834 5447 8855 4746 10887 4754 9378 8453 6353 1223 4311 6743 3045 4498 7921 4266 8042 9623 4314 6352 3933 4220 4020 7142 5722 2084 5628 11904 7598 4075 1667 4338 3539 8412 3417 7613 7490 6649 7511 8027 9266 6512 8209 4867 9924 6045 8721 8428 7820 3664 5360 5716 3705 5930 7196 9009 4925 5399 3596 6552 7714 3281
4717 6836 3088 1470 3310 2221 4099 6962 4527 4453 6909 3676 8445 6253 2069 3354 5021 6330 3668 234 3379 7250 5632 2751 7257 3476 595 453 2353 6658 3596 4701 2849 5194 5210 4681 2863 3648 4315 5123 5642 3671 2114 5535 6578 4579 7088 2639 3312 5416 3621 4813 3119 6685 7049 1598 2106 2971 8546 2363 11032 4102 1529 4517 4771 6277 4681 4407 2337 4012 4034 6303 6572 10050 2801 3714 6276 7585 5445 2202 3175 4746 3507 5204 8018 5563 7067 6810 6628 4912 5201 4512 7996 2902 6686 6431 3943 1048 3995 4684 2399 4117 7191 3059 7046 8187 3672 6059 3263 3307 3503 6819 4984 2053 5516 7376 7452 3031 1550 4170 3490 6076 3218 6897 6738 5792 7122 5575 6369 4624 6732 4399 8450 3962 7614 6311 5773 3058 5043 3359 3475 5521 6286 7974 3166 5342 3521 5356 6829 3085
