150 3 2
1 152 51 121 71 144 141 201 115 46 119 91 26 121 1 103 170 193 300 167 189 28 130 159 95 229 4 143 162 75 67 64 1 51 116 235 1 95 34 159 129 1 176 165 123 78 87 211 89 110 52 154 197 154 35 208 154 1 118 191 97 242 1 131 1 150 99 59 164 269 221 129 43 59 270 225 138 67 191 36 44 208 167 100 145 204 1 79 280 87 113 29 169 1 168 190 11 146 32 100 70 175 136 89 101 146 1 17 8 184 156 82 1 118 193 81 216 1 79 111 1 1 132 182 232 227 114 100 69 80 198 33 40 109 196 2 124 88 109 176 6 98 128 234 164 37 93 34 104 85

16 28 11 5 39 47 35 1 1 40 1 6 1 25 8 19 1 1 5 11 11 7 35 33 19 20 13 5 7 1 14 35 30 1 27 1 1 1 34 21 38 1 12 21 27 8 30 10 21 51 10 32 1 1 3 21 46 21 20 11 21 3 25 1 2 1 19 18 19 1 17 28 21 41 57 42 18 25 7 30 12 1 21 17 9 41 42 8 23 12 32 15 1 12 13 13 2 19 19 24 23 32 15 16 6 1 24 29 13 12 4 30 26 21 3 19 1 47 21 30 19 44 28 11 16 26 55 19 15 1 14 35 13 14 7 39 7 1 7 5 3 19 13 8 29 1 8 35 8 39
28 29 33 22 51 57 46 2 9 52 24 16 9 34 28 30 3 7 12 22 24 16 36 38 33 34 16 17 11 11 18 55 35 17 39 21 7 6 47 51 51 2 24 25 43 18 34 23 26 66 12 34 9 11 14 28 50 22 28 27 29 11 42 4 9 18 33 37 25 18 19 31 24 58 59 49 20 30 22 31 30 18 35 37 19 54 44 21 28 16 34 16 8 25 22 22 19 21 35 58 36 42 16 32 10 9 44 37 32 26 20 45 29 33 21 22 2 54 30 54 23 72 50 30 34 32 66 33 27 16 22 38 32 25 8 51 13 9 9 18 17 38 16 14 35 14 21 42 15 43
39 43 38 29 69 65 56 14 11 60 39 21 16 44 34 48 15 14 17 43 28 20 53 55 45 47 26 30 22 26 23 61 39 31 41 38 17 13 64 60 58 10 28 32 46 22 35 36 42 89 32 35 16 24 20 48 51 26 31 30 49 34 58 24 32 33 49 53 38 21 23 46 38 61 84 50 32 43 39 57 46 24 45 53 34 56 45 33 47 40 49 28 19 28 26 27 31 34 36 61 48 52 17 36 27 18 60 45 35 37 40 60 36 45 40 33 5 64 31 63 25 92 54 36 35 67 78 43 29 21 30 39 44 35 13 59 29 15 17 26 26 52 17 17 37 31 25 56 22 44

1 17 14 1 1 6 14 15 15 20 3 17 6 6 13 15 14 13 1 19 8 15 21 5 6 8 27 12 5 1 23 6 22 8 14 4 6 9 1 2 32 18 1 11 8 2 18 6 10 4 8 25 5 13 22 8 5 15 10 9 18 14 9 10 25 19 17 21 14 1 23 17 9 14 10 1 12 1 6 11 7 17 8 6 26 2 16 9 7 19 13 15 6 24 10 25 15 1 3 10 8 7 9 11 8 6 10 9 12 8 9 30 1 20 33 9 15 16 7 24 4 1 3 1 1 13 10 1 10 20 10 2 18 13 14 14 1 26 19 16 13 1 13 7 17 4 16 8 11 12
13 39 24 6 3 25 30 23 30 21 16 29 27 19 15 26 15 21 16 41 19 30 36 8 20 11 37 26 18 18 41 11 36 26 22 15 22 17 15 4 49 21 26 29 18 5 38 15 11 10 24 35 10 38 41 35 31 31 34 31 20 23 22 17 35 27 29 27 31 4 24 32 24 18 14 15 24 15 14 16 29 22 13 22 34 3 19 14 20 21 39 35 11 32 12 38 35 18 4 29 26 16 17 18 23 17 31 27 23 23 12 42 15 41 49 20 32 28 8 38 16 4 5 29 2 26 19 11 16 25 22 18 20 14 27 22 8 37 37 19 26 11 25 14 26 19 17 17 14 33

5556 9530 10885 1086 6164 6933 11001 1720 10334 337 4544 2166 9419 9397 14875 1537 6861 932 4929 10351 2387 11216 9880 11425 4099 6589 9266 758 7314 6989 7006 3236 8591 4412 11672 6595 340 11771 5181 15013 9948 8625 8154 6828 1025 7260 11600 4829 9634 5850 7992 5141 14395 6248 6033 7510 6641 11167 4931 15411 7195 6259 5512 5291 9293 5682 8192 11234 5841 8783 10141 10168 10352 4905 10403 6706 6439 4341 5146 13786 10298 9158 4894 9170 5664 11736 10171 1723 3241 8914 5212 11145 7337 7304 10773 3091 5541 5603 10909 10892 5043 2562 9572 4608 6285 13363 5472 8312 8658 13935 11690 9030 10124 10505 9771 6749 11240 11426 5771 7439 5342 5637 546 13902 7349 9470 11592 5451 11693 877 8500 3797 8881 8312 5941 10011 7419 6090 11728 5175 9442 5880 15151 11678 9090 9276 7150 8508 5574 4410
6258 10901 13579 1265 7567 8481 12770 1935 12571 403 4999 2544 11559 11678 18488 1691 7967 1117 6149 12385 2749 12654 11831 12978 4850 7262 10214 906 8781 8391 8220 3797 9839 5106 13384 7720 388 13204 6086 16747 11652 10574 9889 8329 1163 8152 13274 5504 11142 7311 9355 6001 15841 7761 7133 9159 7432 12535 5550 18569 8544 7636 6349 5985 10844 6920 9168 14022 7063 10964 12543 11994 11467 5793 12937 7619 7877 4870 6393 16885 12069 10364 6066 11320 6548 14042 12266 2130 3800 10823 5775 13582 8394 8243 12492 3595 6894 6961 12050 12289 5688 3011 11922 5376 7160 16696 6670 9652 10232 15674 13560 10031 11323 11799 11944 7532 12911 13321 6739 8495 5906 6481 641 15937 8228 11384 12877 6620 13380 1012 9409 4620 10526 9817 7220 12413 8992 7558 14281 6003 10854 6974 17770 12986 11232 11144 8310 10518 6585 5250
6907 12042 15973 1481 8836 9588 14246 2179 14194 478 5700 2949 13155 13594 21103 1888 8671 1343 7011 14584 3258 15121 14077 15711 5671 8791 12174 1055 10270 9772 9949 4168 11211 5727 15701 8507 440 15476 7238 18866 13888 12017 11391 9322 1346 9605 14752 6374 12872 7940 11072 6825 19063 9316 8158 10147 8713 14034 6144 20731 10258 8702 7366 7256 12437 8007 10922 16082 8010 13039 14564 13026 12646 6576 15503 9234 8631 5759 7003 18425 13721 12438 6945 12557 7780 16706 13667 2517 4353 12457 6617 15257 9832 9050 15078 3949 7975 7688 13266 14148 6216 3526 13378 6091 8345 18457 7600 11105 11779 18417 15827 11277 13825 14098 13325 8308 15183 15973 8010 9383 6979 7671 710 18262 9580 12540 15081 7357 15177 1160 11462 5558 12690 10695 8363 14014 10352 8889 16791 6580 12838 8042 19852 15174 13237 12348 9434 11506 7886 6187

4731 6807 8386 780 4539 4616 8041 1525 8374 239 3191 1566 6079 6187 10267 1131 5338 688 3427 8029 2130 8703 8032 9890 3526 5691 7326 596 5797 5411 4857 2690 7591 2357 9921 5909 271 6936 4596 9975 6193 7333 6791 5835 826 5434 9864 3965 8081 4562 5232 4610 11697 4988 5157 5227 4117 8488 4242 11657 4775 3976 4718 3859 7353 3714 6587 8556 3161 7513 5582 8830 8043 4051 8643 5971 5412 3473 4140 11542 7143 6717 3535 5874 4726 6574 9101 1293 1968 5892 3490 9948 6526 5819 8945 2531 4373 3400 8466 8312 4413 2100 7136 3921 4984 11686 3504 5322 7405 11084 10393 8017 6457 8287 6929 5470 9065 9862 4609 5848 4669 3568 478 12267 6097 7526 10413 3464 9594 480 5329 2109 5691 6485 4664 6323 4746 4563 8291 3086 8009 5065 9858 9385 7354 7960 6089 7195 4455 3537
3594 5430 7604 545 4031 4322 7449 1187 7256 182 2333 1456 5384 5188 8684 1045 4822 523 3242 5703 1682 6589 6957 9552 3449 4247 5783 581 4836 4612 4097 2673 5890 2317 6185 5658 185 6929 4276 8534 5200 5383 5823 4174 701 3995 8120 3032 6485 3646 4047 2654 11130 4765 3188 3814 3908 6256 2770 8705 4601 3185 3322 3757 5044 3456 5292 6940 2975 5685 5371 7042 6846 3098 7846 5290 3810 2805 3708 9042 5829 6254 3097 5422 4634 6071 7316 1144 1894 5761 3242 7029 3814 5308 5525 1919 3903 3121 7580 6362 4230 1615 6927 3775 3797 9190 3005 4430 7359 8863 6901 7648 5926 6124 5818 4010 8953 8862 4530 4081 3840 3022 392 8839 4182 5783 6688 3090 8734 465 4764 1934 4779 5593 4612 5321 4454 3144 7050 2752 7094 3198 9352 6393 7030 5724 5971 5118 4322 2664
