150 3 2
149 149 166 58 73 1 86 1 218 104 45 231 61 185 135 109 168 152 110 260 4 122 119 278 152 128 188 96 268 45 1 108 145 113 106 1 122 175 72 118 197 112 78 1 1 1 38 229 91 102 1 129 167 141 164 231 167 145 25 69 150 152 129 81 98 146 169 151 199 104 16 101 1 38 46 1 143 252 1 80 81 133 1 41 37 144 121 144 266 142 128 1 52 24 84 24 146 164 149 164 161 189 140 152 160 156 70 25 1 241 104 152 48 141 124 159 61 244 164 101 1 110 82 38 109 104 73 1 50 189 32 249 133 158 264 191 44 148 213 190 181 9 73 284 253 61 78 1 251 1

15 38 15 31 24 2 48 17 6 24 1 18 1 30 4 28 32 38 14 24 1 34 23 32 36 38 28 18 9 1 38 28 21 29 51 32 1 26 10 12 1 1 18 6 18 25 16 26 7 15 10 34 45 1 2 35 32 12 36 13 1 26 34 31 26 62 14 16 52 6 14 2 21 51 32 20 16 38 29 10 27 25 23 34 11 68 5 14 48 9 32 13 1 5 41 12 29 14 20 30 16 27 34 18 25 27 26 30 20 22 1 1 20 13 16 27 9 12 33 24 5 3 12 32 26 1 26 39 23 1 46 13 16 58 35 1 1 25 50 9 24 17 11 6 12 13 35 9 23 27
24 53 45 37 28 35 49 34 9 29 3 23 19 34 21 46 39 45 21 39 2 39 38 50 50 44 44 19 35 18 50 29 32 38 53 50 21 45 21 26 19 28 28 14 22 35 28 43 22 32 31 48 53 2 8 45 38 21 49 21 2 36 59 39 38 63 18 17 63 22 21 3 39 56 50 25 23 43 43 28 39 26 46 52 24 89 18 32 63 16 37 17 2 23 49 23 30 20 32 33 36 36 41 28 42 43 46 36 38 39 6 5 21 37 20 38 22 28 45 30 19 22 37 42 27 20 43 53 29 8 62 36 17 81 39 16 23 49 66 27 25 22 23 14 21 41 50 10 25 30
32 60 51 52 33 44 51 61 17 35 17 37 23 36 28 48 45 57 22 41 31 45 46 60 56 47 54 26 52 25 60 37 46 47 66 70 40 46 28 37 31 29 40 31 33 44 37 54 24 47 46 54 56 6 9 52 39 28 70 23 5 39 74 54 40 70 19 35 78 27 31 7 40 74 54 27 28 52 59 55 56 35 60 58 37 90 39 33 84 17 47 25 17 29 63 29 31 38 49 36 56 42 42 33 46 67 47 37 66 52 8 12 28 50 35 50 38 47 64 33 36 41 48 72 35 33 47 57 36 17 72 58 25 93 41 34 28 62 71 28 30 30 36 24 33 57 71 11 43 37

17 4 6 9 1 5 6 8 5 1 15 1 10 13 17 12 17 13 16 20 1 22 14 21 5 15 9 16 1 22 6 14 1 1 1 12 23 5 14 11 19 1 11 11 23 1 3 19 5 6 1 12 5 1 17 18 3 4 10 1 17 4 22 5 17 5 1 25 19 7 18 11 18 12 16 13 14 13 10 20 21 13 5 1 3 3 1 38 18 14 17 23 1 23 3 15 19 5 17 10 1 13 24 17 15 24 13 6 12 9 26 11 1 15 14 1 31 7 16 4 2 6 18 21 1 1 2 9 14 24 13 21 12 13 9 5 14 1 11 7 5 16 13 1 10 15 24 9 16 13
18 14 15 12 28 6 20 19 23 6 41 19 24 24 27 15 37 27 21 32 16 38 24 23 16 28 22 21 2 32 24 29 19 6 15 17 29 22 20 18 33 3 32 22 34 22 16 23 31 10 12 20 7 5 22 23 18 8 20 3 27 7 35 9 28 8 20 32 20 27 35 31 28 27 17 21 20 31 20 28 29 27 6 6 8 24 9 59 25 40 35 27 12 34 6 23 28 23 40 12 19 14 31 26 18 53 20 7 18 20 42 20 8 18 17 14 43 26 29 18 12 22 23 37 3 3 5 15 46 42 25 24 26 18 26 8 22 6 19 12 7 31 26 20 31 28 36 25 22 27

9603 12495 9168 1915 10538 10230 11757 7336 5883 9168 10457 6793 15932 7718 7393 7307 41 5647 11225 4979 11959 10629 9848 11757 7158 3748 11208 11740 3056 2197 7686 4407 5407 7794 6717 5523 15593 11124 7405 9740 14620 4809 6887 4501 9113 11277 10596 10683 8646 7423 9828 14005 14825 11774 685 5782 11130 4438 4439 12720 3539 6301 10420 11259 7622 5801 4974 11855 4852 4566 9172 4447 8650 5455 4770 8215 4148 1746 10198 4643 9188 4921 10561 6636 8687 9479 5413 11932 7494 6280 8173 6281 9485 9290 8940 5593 2733 11282 9553 7511 7929 14511 5218 7934 7195 7422 7412 9459 3388 9640 4534 2131 5731 15 4045 11477 7883 3370 7646 6400 7453 10272 5689 14457 5762 5902 3860 10768 5006 6858 9582 8447 6460 10009 11717 7073 11531 8970 4577 8355 5593 5907 11101 7228 5562 6023 8866 12025 11187 3079
11925 14901 10373 2208 12010 11260 13221 8304 7336 10206 12806 8487 17595 8503 8210 9056 49 6930 13596 6137 13975 11720 11297 14549 8402 4206 13445 14337 3398 2593 9341 4880 6208 8583 8089 6477 17454 13683 9124 11806 17904 5925 7869 5168 10560 13325 13209 13250 9685 8835 11264 17037 17614 13193 798 7037 12954 4925 5107 14275 4266 7520 12228 13579 9099 6581 5774 14012 5395 5582 10339 5277 10656 6482 5837 9829 4786 2166 12057 5686 10136 5536 12199 8087 9990 10498 6761 14533 8558 7460 9650 7328 11356 11488 10109 6845 3063 13471 11740 8492 9352 16995 5861 9151 8600 9071 8390 11517 3990 10643 5645 2643 6367 17 4452 13716 9405 4150 9107 7832 8856 12715 6582 15931 7139 6551 4587 12833 5648 8033 11679 10187 7258 12028 14145 7921 14049 10695 5506 10413 6760 6739 12502 8372 6707 6871 10743 13789 13954 3602
14267 17845 11838 2495 13094 12703 16016 10104 8209 12429 14966 10076 20504 9286 9264 10544 53 7625 15699 7298 15484 12791 12694 17468 10138 4648 15345 15617 3926 2852 10480 5948 7095 10027 9034 7616 19773 15953 10043 13948 21218 6827 9147 6253 11720 14463 15609 14443 10801 10153 12845 20399 20386 15056 965 8341 15404 5837 6036 17257 4706 8739 13969 15458 10317 7396 6671 16426 6424 6464 11413 6088 11789 7683 6598 11489 5311 2399 13612 6605 11180 6317 14109 9307 11011 12273 8078 16351 9600 8455 10804 8448 13699 12955 12176 7641 3367 16077 13155 9935 10164 19781 6588 11038 9785 9917 9365 13264 4338 12932 6570 2889 7611 20 5064 15895 10259 4936 11007 9369 9850 14903 7616 18017 8041 7518 5178 14672 6198 9695 12827 11056 7949 13698 15525 9100 16898 11770 6006 11318 7801 8047 13785 9706 7839 7946 12854 15665 16513 4307

5795 8286 8250 1062 7501 8064 9982 6469 3892 7311 6553 5053 13291 4749 4893 6226 29 4286 8219 4236 9368 7730 7011 9459 4954 2907 7546 7905 2402 1750 6878 3094 4131 6411 4820 4880 12525 8637 6470 8719 12925 3608 5638 2441 6326 6913 6809 8922 7551 5515 7328 7853 12646 8369 613 4198 7891 3906 3359 7546 2223 5592 7410 10053 5843 4686 4318 7464 4202 4074 5923 3057 7247 4488 3652 6481 3133 1436 5964 3446 8147 3417 8740 5584 5728 8505 3663 8752 6547 4999 7325 5237 7574 8331 7504 4980 2139 7887 7947 5375 4305 12056 3751 7038 4780 6327 6163 7152 2808 8069 3662 1378 4543 13 3119 8950 6895 2401 6373 4117 6342 7748 4206 9856 3894 4221 2322 9511 2897 4753 6992 6876 4191 8895 9989 5956 10320 7136 3572 7515 3433 3568 8725 5555 4509 5031 7365 9683 7533 2108
5555 6596 7526 1049 6671 7901 7235 4704 3858 5537 6546 3607 11615 4141 4365 5875 21 3540 6508 3627 8110 7040 4930 6715 4928 2189 5780 6591 2231 1561 4356 2975 2729 6073 3799 4143 10524 8313 5048 7522 7943 2662 4814 2321 5800 6892 6542 8501 6113 5279 5089 7099 8975 8350 519 3822 6987 2819 2731 7418 2160 3186 5532 7336 5614 4468 3773 6999 2509 3595 5208 2334 5786 3812 2588 6412 2298 1250 5357 3048 4987 3415 8607 3641 5446 7091 2979 6246 5702 4701 6267 5076 7555 7122 5630 3236 1485 7198 7810 4493 4140 8994 3054 6386 3876 6190 5635 6069 2488 7384 3612 1358 4143 11 2552 8372 5292 2367 4976 3797 6208 5746 4016 8726 3608 3952 2046 5403 2741 3868 5601 5323 3922 5836 8415 5315 7301 6190 3497 5473 2817 3123 6893 5204 4173 5005 6309 9360 6777 1954
