200 3 2
23 24 8 68 12 78 53 100 23 29 81 77 23 62 74 36 53 83 58 18 12 83 64 38 77 41 97 8 90 9 39 47 27 26 51 80 52 1 89 8 41 68 25 48 21 33 22 37 56 92 65 77 26 39 97 96 63 50 35 16 35 93 12 77 32 46 55 94 54 56 25 48 93 96 45 10 60 18 49 82 20 70 27 60 26 93 40 75 1 94 31 12 84 68 14 11 33 30 53 78 96 23 30 13 40 79 40 51 30 4 78 53 24 82 77 11 78 65 6 34 72 28 40 71 22 40 94 75 57 8 30 17 33 41 47 5 5 65 33 1 17 79 46 91 52 98 95 46 6 69 48 80 71 83 63 47 68 42 43 34 62 59 10 4 22 80 31 79 24 39 21 62 31 89 22 56 12 49 96 79 50 75 56 46 32 90 41 86 41 91 30 78 89 30 93 80 27 37 64 15

10 26 9 4 45 56 13 39 17 4 58 23 20 20 45 61 12 26 3 50 65 52 9 36 8 21 63 21 9 10 19 2 24 28 69 57 18 26 42 48 2 47 9 82 19 23 5 34 69 37 77 66 15 21 46 5 1 4 56 6 41 62 16 15 25 33 48 61 36 21 6 19 18 23 43 30 15 17 53 42 9 23 17 10 20 26 59 7 30 9 11 48 17 1 12 20 24 36 2 7 47 12 42 18 46 8 15 19 33 26 45 2 28 22 18 29 12 63 1 3 9 14 30 50 12 21 13 6 7 2 20 22 31 22 30 4 68 25 21 11 76 5 23 8 23 36 20 2 28 41 19 1 29 4 13 27 17 15 29 70 35 4 9 53 17 8 6 51 20 11 6 11 26 72 60 42 46 2 7 16 29 15 41 50 60 42 9 6 32 39 25 27 31 32 48 17 44 40 72 31
22 41 49 5 47 60 41 81 24 10 78 24 43 74 51 85 70 59 43 54 71 89 37 66 87 81 64 33 17 56 65 38 52 31 72 68 51 61 85 92 9 78 21 94 57 74 16 50 77 51 87 66 71 38 62 33 61 53 93 100 57 71 24 75 92 59 49 64 87 44 21 66 79 32 53 35 36 83 66 90 34 23 31 30 32 45 62 30 42 33 49 51 27 10 36 69 32 68 28 67 58 18 88 42 56 17 16 60 37 30 75 48 63 56 37 40 63 76 60 49 41 47 37 51 35 68 25 10 43 36 65 65 42 79 38 40 84 36 28 20 80 39 26 52 65 38 39 43 66 58 35 72 32 16 79 64 55 20 52 77 42 21 47 79 40 19 66 78 29 28 43 67 33 81 81 47 54 4 51 22 36 31 41 61 64 54 47 63 42 53 38 76 67 48 48 51 71 52 75 43
59 81 69 6 54 81 54 85 80 95 83 37 50 97 80 92 92 74 61 93 96 93 70 100 93 84 100 80 87 63 72 55 83 56 98 71 53 66 91 94 72 99 52 97 76 95 34 60 86 76 92 89 73 67 71 79 94 66 96 100 92 77 87 88 94 91 91 83 97 85 51 67 88 87 72 57 57 92 83 99 90 99 47 48 91 56 83 52 66 33 95 53 88 24 77 78 85 71 90 85 72 35 92 43 76 65 19 67 86 74 99 80 81 79 65 42 97 93 89 90 89 68 44 75 68 75 57 35 49 97 86 97 72 86 44 57 98 63 99 94 96 48 49 86 73 78 52 96 84 69 99 77 71 85 83 94 93 55 56 79 89 94 87 99 99 46 91 94 65 90 81 96 48 91 87 73 69 96 88 88 97 89 80 91 91 70 82 69 68 59 90 84 89 82 81 97 79 59 77 66

47 53 56 43 17 93 52 24 44 19 28 77 10 68 10 41 18 12 20 16 40 18 26 8 3 19 20 31 26 26 42 15 15 49 29 43 15 57 83 61 48 34 11 9 45 64 12 64 51 27 13 8 63 73 24 52 3 3 21 25 49 45 38 21 45 13 64 23 27 32 28 89 22 12 47 7 1 16 89 48 11 8 33 11 45 25 43 4 70 39 58 23 27 73 9 68 7 89 25 77 23 61 59 48 71 24 38 14 8 31 54 14 6 10 39 28 23 44 19 85 75 86 15 15 17 21 10 36 6 54 3 23 70 24 49 49 52 46 78 31 21 7 60 29 35 23 13 66 22 50 54 30 56 4 17 27 55 7 34 12 1 52 94 31 6 11 74 20 30 33 26 40 39 10 15 55 2 21 29 41 66 6 2 95 2 40 66 15 2 14 70 60 8 13 54 34 18 81 69 66
55 81 71 43 52 95 93 68 55 39 49 100 94 79 90 44 47 13 75 88 81 38 57 60 80 21 78 67 27 46 75 25 21 86 69 56 26 79 87 75 91 39 100 23 73 94 19 74 65 28 66 47 99 89 86 57 34 13 99 58 50 78 54 81 97 98 78 39 72 73 88 98 90 58 79 13 37 73 93 48 65 78 90 58 73 42 63 38 93 67 98 25 96 100 44 73 82 90 42 94 87 88 75 86 100 64 81 31 72 76 85 79 13 86 82 41 39 100 46 87 96 88 96 29 32 62 44 90 82 64 58 97 77 29 85 69 91 86 90 91 73 97 97 95 48 83 78 72 73 89 59 63 69 60 18 44 64 51 91 89 83 76 95 42 33 29 74 23 90 85 71 52 78 66 71 75 47 96 36 48 86 7 76 98 4 77 98 27 36 97 87 92 70 90 86 38 82 92 95 87

1416 210 199 239 1192 548 108 1764 225 1596 2473 1013 470 1334 413 213 743 295 1329 983 68 264 817 185 126 966 563 1624 102 127 736 376 546 559 842 138 199 408 1514 294 581 316 99 285 206 261 2156 672 2297 170 166 391 2953 845 339 371 735 1491 913 234 191 1385 1157 333 58 1527 207 407 2466 230 278 1278 1709 423 1637 392 959 1229 375 1393 550 99 1501 661 497 1155 225 401 170 1988 940 1956 103 836 582 349 241 3142 1515 1205 318 1782 700 1469 418 477 1342 436 66 248 133 167 1283 2152 883 144 617 172 6 1147 324 264 299 1540 625 127 802 177 474 1686 414 1037 885 1268 1736 32 270 384 196 318 339 120 813 168 372 365 375 606 169 655 305 333 182 701 210 1587 425 440 384 372 583 651 656 585 46 267 266 195 112 390 295 255 338 2122 69 269 21 322 1667 483 136 503 548 60 224 101 719 306 108 1470 470 397 151 1267 364 432 2456 67 301 72
1782 2164 1551 443 1675 677 521 2809 675 3726 2759 1253 833 2088 464 521 3188 303 1776 1295 269 463 888 349 628 1776 938 1813 629 680 3325 957 573 722 893 552 269 679 1608 387 1004 620 1557 295 565 1798 2465 1596 2805 286 1673 575 3112 1738 872 458 1190 1852 1789 677 850 3732 2514 1276 183 1546 475 665 2677 855 567 1328 2355 994 1870 904 2212 1231 589 1496 1263 240 2690 1363 778 1234 743 531 204 2859 1329 3090 895 1405 3623 539 3182 3350 1914 2302 739 3259 1080 2932 866 1325 2995 640 1419 542 234 964 2390 2784 2926 396 931 804 368 1562 1571 308 510 2127 2257 1035 1181 407 810 3967 679 1718 958 1798 2222 704 579 613 325 855 356 273 936 845 1477 1659 979 1311 224 3098 412 747 2363 1087 850 1928 455 469 802 689 700 684 930 1567 883 423 995 1007 454 430 1905 285 465 2169 273 2517 509 603 1773 2203 447 578 562 766 1658 113 3136 997 518 1847 1454 1585 242 1409 1084 568 3360 464 1211 702
1952 3375 1691 1546 1959 1036 945 3335 916 3931 3557 1286 836 2151 589 818 3729 742 1936 1447 2012 906 961 409 1323 2782 947 3524 1304 1613 4027 1040 947 1001 1372 559 418 1746 3967 415 1230 1022 1789 571 994 1944 3517 1621 3955 1056 1787 692 3361 1738 966 692 1390 3296 1977 762 1032 3993 3881 3480 1031 1775 901 904 2793 1050 1577 3401 3476 1549 1918 1284 3814 1743 996 1756 1753 944 3796 2925 937 1667 970 1382 1346 3599 3662 3533 991 1553 3744 2434 3216 3909 3283 3736 1014 3301 1911 3644 1488 2579 3799 1637 1667 924 244 3754 3280 3689 3349 915 1015 1181 1930 2991 1816 437 599 3688 2419 1578 1431 969 907 4001 983 2723 1008 3983 3242 819 1371 941 1011 975 673 383 957 910 1551 1837 1406 1323 343 3527 1047 1038 3936 2369 873 2006 618 1519 1006 741 927 885 1001 1655 1691 935 1635 1010 665 1207 2007 418 788 3555 806 2894 777 988 1982 3201 937 702 564 964 1709 449 3170 1099 1928 2417 1750 2178 575 3758 1874 840 3646 1520 1737 720

231 186 65 164 1096 483 98 1456 205 1491 1302 438 375 1159 131 102 677 259 790 938 31 216 170 151 18 900 216 1428 56 120 517 73 166 542 662 121 125 327 1318 267 384 283 53 83 184 60 917 69 817 63 61 193 1337 621 313 261 485 1338 893 169 151 878 356 186 55 857 176 66 1528 68 241 864 1252 343 960 242 376 850 368 270 409 90 1083 386 303 733 119 317 142 1923 564 1844 31 575 293 110 102 2166 1121 943 221 1779 53 1364 250 255 655 298 61 69 107 151 1135 1526 874 109 606 97 5 823 132 239 266 1403 439 67 732 43 439 1427 403 672 598 971 1150 31 117 365 110 116 324 28 790 161 260 196 204 68 121 436 230 247 165 412 199 1276 238 282 164 271 532 581 562 575 39 110 172 128 106 122 229 217 208 1074 20 182 18 309 1099 178 82 474 474 41 65 92 119 227 69 547 464 361 27 1042 322 350 1638 64 223 68
104 80 60 56 26 457 63 813 204 392 322 53 322 332 46 48 595 143 21 47 30 72 144 106 8 885 107 1306 52 118 119 65 10 38 189 28 95 51 451 212 128 96 28 29 183 4 395 21 86 24 12 20 191 294 85 259 398 740 295 152 70 207 125 128 43 467 1 16 661 50 20 41 8 77 374 127 118 235 322 83 266 13 405 42 182 537 110 304 11 262 454 1820 30 141 292 20 95 1166 318 424 48 940 47 242 51 140 592 50 44 17 63 10 106 1308 589 52 445 29 4 245 113 169 53 12 148 29 522 24 274 812 111 2 3 388 483 23 71 22 27 51 308 9 146 104 46 135 1 20 73 368 227 161 112 79 132 742 91 31 88 254 14 188 252 151 12 102 47 121 81 63 140 180 180 976 5 60 1 294 396 121 53 132 348 5 48 74 53 14 53 327 310 355 9 91 38 215 1024 43 119 53
