200 3 2
95 90 38 83 84 53 35 3 91 92 66 60 99 27 35 13 64 100 25 83 89 56 22 78 66 70 91 94 37 25 52 15 9 45 88 31 19 26 74 11 92 57 98 99 52 40 6 87 42 65 42 45 61 79 79 61 44 22 27 39 14 50 3 34 1 14 10 70 50 36 45 45 68 58 35 44 1 68 31 6 27 53 10 99 28 57 49 85 45 79 78 22 48 60 95 98 2 95 65 29 83 6 75 78 37 60 45 88 11 62 60 6 73 28 4 70 91 26 50 6 32 56 87 99 34 44 92 43 83 12 29 89 34 21 33 62 86 45 34 42 39 87 88 1 99 44 78 43 50 35 92 54 30 95 49 84 61 66 100 44 49 66 98 41 10 44 59 23 40 84 59 79 22 9 21 66 39 30 65 85 70 9 12 67 91 8 82 85 88 93 45 82 58 23 76 63 56 87 25 29

47 20 7 5 64 6 42 10 11 20 12 47 34 34 23 13 14 5 68 36 32 17 15 26 5 1 13 26 45 15 48 46 25 38 3 4 1 23 33 42 5 44 22 11 68 28 50 65 11 39 12 8 5 17 5 3 15 24 14 39 18 25 43 3 1 45 5 23 8 2 4 11 55 22 16 34 36 15 33 27 51 48 21 36 34 41 8 58 2 16 25 2 22 39 25 2 4 12 48 13 33 9 29 22 31 10 2 11 30 3 10 57 35 37 66 3 33 77 58 49 65 9 19 10 4 39 72 38 43 20 8 20 27 19 9 23 64 63 25 69 26 17 29 4 5 10 23 33 12 8 31 26 8 24 5 30 10 23 6 30 10 58 60 44 29 21 20 16 27 47 54 32 67 39 15 4 21 15 64 58 8 23 48 5 38 50 40 26 7 54 42 21 15 34 52 30 73 26 62 16
95 43 19 37 75 8 56 61 91 65 26 73 53 37 40 64 16 6 72 46 72 35 67 70 14 53 36 60 78 40 69 77 56 73 22 5 70 48 53 68 54 50 63 83 70 73 59 85 39 40 16 31 93 83 68 3 60 32 49 57 60 35 70 43 25 56 60 92 48 10 82 75 70 77 62 87 80 39 55 48 86 58 95 50 53 58 68 68 27 70 38 5 58 57 62 13 4 19 52 74 36 61 52 68 31 16 50 15 83 16 15 69 67 40 93 57 83 94 73 49 98 58 52 48 57 54 77 54 68 26 57 40 63 64 19 52 66 86 30 74 70 35 79 14 21 69 45 44 73 27 32 39 28 28 46 39 14 68 24 65 53 61 69 53 85 30 31 24 35 64 55 94 82 60 62 63 21 52 79 71 43 51 55 27 46 56 41 65 59 91 64 52 60 40 58 35 75 62 68 50
98 61 34 50 92 91 98 69 93 99 85 95 68 96 94 81 66 96 80 64 93 76 83 98 62 78 61 80 78 86 78 87 63 93 89 8 86 72 57 93 91 81 100 95 99 78 68 94 44 99 89 35 98 88 72 77 62 50 60 84 97 70 100 74 75 72 72 94 89 90 100 83 85 94 97 87 95 54 87 92 100 91 98 96 69 77 89 69 37 94 47 20 89 93 89 78 88 69 90 80 74 72 87 98 80 35 70 100 83 100 99 70 100 92 96 91 94 95 93 51 100 64 65 94 70 92 97 83 99 89 73 96 74 82 90 61 85 100 92 74 88 49 88 42 28 79 89 98 94 85 57 88 32 88 76 56 19 71 87 94 56 66 86 87 92 97 75 55 65 81 79 95 98 84 62 90 27 77 82 92 80 79 87 48 64 57 44 96 65 97 74 72 89 97 81 51 91 66 99 54

38 82 26 78 61 96 35 4 18 52 29 9 54 8 41 55 74 75 27 13 64 2 9 26 16 6 28 26 16 13 15 80 61 11 39 52 7 31 25 16 27 5 49 69 14 60 36 25 18 10 31 6 58 55 53 41 61 2 4 39 34 16 26 32 69 74 50 11 14 18 8 10 42 33 1 38 8 6 29 54 6 60 22 29 20 10 23 34 24 43 31 43 55 30 12 86 52 76 71 45 35 2 16 50 4 50 7 73 6 5 40 4 4 56 37 18 39 57 3 39 60 26 11 10 18 2 10 81 25 62 71 27 51 16 2 33 25 12 17 28 6 26 56 39 43 24 24 13 27 11 16 29 31 57 13 61 51 27 65 5 68 20 28 49 37 9 57 59 19 4 3 42 38 63 35 79 7 24 12 75 55 52 26 80 3 27 6 56 64 11 26 71 10 57 18 60 4 86 39 81
74 83 78 90 93 98 88 29 18 61 70 49 64 76 100 88 76 81 90 26 82 13 13 87 60 55 84 78 88 70 24 88 66 70 62 90 80 44 27 68 83 84 94 88 56 78 74 87 64 14 71 24 59 79 94 83 68 13 41 64 47 26 49 42 78 81 97 99 63 65 74 77 60 89 14 80 67 45 97 58 39 64 25 92 63 55 35 54 42 50 92 46 89 91 33 88 62 93 90 99 84 91 53 95 41 57 98 88 21 83 99 64 70 93 65 23 70 89 26 84 91 81 36 41 51 37 77 97 29 82 73 37 83 30 43 53 73 78 93 86 41 90 69 45 68 85 61 69 49 99 79 65 52 69 25 93 90 46 75 24 83 21 48 50 56 13 95 70 61 9 41 92 51 96 36 83 52 56 32 93 88 83 86 95 93 69 63 95 79 90 51 99 28 67 83 94 84 98 94 98

201 801 543 1745 397 527 463 697 152 395 179 546 431 427 368 630 1282 614 74 778 120 416 25 635 551 145 304 842 396 55 553 1395 164 868 1009 409 48 304 75 1890 1499 484 2712 586 787 273 1214 108 78 1349 567 817 975 204 1084 307 44 317 83 1001 58 1337 273 474 402 17 1853 632 214 275 1232 2389 75 332 163 107 3339 151 179 255 569 230 638 1487 226 219 74 817 438 314 320 349 2814 288 1103 505 1516 901 394 159 157 519 557 399 95 375 267 756 467 717 351 109 917 278 799 573 259 1252 300 1548 112 546 3166 252 594 1094 436 48 207 84 564 479 434 180 432 210 1485 93 391 103 133 351 2462 221 349 1163 676 676 300 531 1997 1178 220 1180 739 321 753 1655 920 90 792 238 111 1637 1159 1230 1124 677 365 1111 935 192 110 804 336 1818 750 285 1040 216 796 191 993 340 267 186 558 462 571 235 479 244 613 367 128 187 830 457 286 56
599 3399 915 3232 407 678 878 2058 200 2346 258 850 1322 828 1308 689 1709 1000 588 1259 162 894 524 3237 971 618 307 1666 2256 564 760 2054 491 1562 1169 466 656 1149 173 2593 1515 641 3592 1440 1908 1184 2016 751 168 1892 714 860 2470 1433 2687 425 318 853 227 1878 772 1527 1493 900 521 182 2758 812 465 589 2160 3176 1212 723 545 313 3407 585 1025 865 1173 709 1634 3640 528 2690 420 1251 1170 510 724 538 2965 1150 1303 883 3163 1927 1486 455 765 675 1074 1715 277 660 948 841 571 783 1155 184 1041 463 1157 754 1822 1743 792 3262 1304 870 3691 615 2211 1257 1628 700 308 140 836 1463 1982 705 2343 227 1954 373 657 376 470 407 3405 850 453 2392 740 1997 611 634 3726 1302 1216 1403 774 1076 2197 2075 1104 686 828 500 569 1652 1361 1907 1877 945 1670 2059 2192 339 536 1354 461 2559 2190 1604 1306 806 1872 270 2061 1430 304 334 1022 607 854 670 595 2051 1421 1289 695 1005 2480 610 380 426
920 3842 987 3265 1043 1630 1011 2425 794 2414 717 1757 1623 1850 1904 1369 1772 1042 3938 1302 745 1039 804 3313 1669 1858 956 2527 3576 684 1005 2928 915 2859 1411 491 864 3504 2214 2629 1748 1103 3671 1788 2209 1922 2531 1029 682 1907 3390 1847 3409 1462 3362 1041 503 1730 507 2010 830 1971 3150 1065 540 792 3664 2093 670 868 2475 3901 1301 1031 635 560 3986 978 1071 995 3930 923 2889 3921 848 3661 965 1607 1428 2261 908 3649 4023 1718 2070 896 3948 1994 3800 1547 1028 793 1405 2778 821 826 1875 1425 1327 1510 1398 953 1272 885 1604 916 2233 2014 2608 3964 1511 980 3919 1007 2554 1315 2008 851 328 415 902 3107 3868 890 3889 1036 1991 850 874 711 502 722 3541 1318 629 3569 3775 2923 1035 780 3812 1780 1795 1820 2566 3054 3117 2788 1402 1920 1190 1536 1062 2571 1548 1964 1882 991 2898 2872 2965 1235 844 1996 715 3370 2600 2022 1763 1027 2065 583 3829 1860 900 2839 1064 1808 882 1735 818 3902 3809 1881 777 1049 2907 779 679 915

173 355 328 1175 177 39 368 636 103 261 141 447 326 234 337 611 715 508 71 513 115 206 20 482 544 111 294 775 297 17 447 428 61 543 135 81 43 251 19 891 1013 276 2596 533 737 119 1075 86 44 865 275 715 912 193 1015 238 21 163 32 816 32 1043 139 344 361 3 1371 440 144 239 822 716 26 277 121 72 2555 94 77 226 236 110 449 1086 90 176 41 42 425 253 248 128 460 163 401 395 848 131 351 135 89 453 289 229 49 60 241 755 166 357 232 79 450 157 508 443 210 1016 286 274 75 474 563 238 516 175 171 45 174 53 535 340 235 130 324 167 809 76 313 29 61 213 1770 126 293 279 654 664 123 415 1321 803 216 1131 636 76 179 939 526 38 710 136 44 1428 495 1145 570 442 339 886 659 97 86 660 226 1536 223 219 1033 157 518 184 617 315 128 101 347 384 537 160 441 165 444 342 108 128 757 454 282 22
74 183 145 10 42 9 273 454 73 130 77 64 23 116 83 34 184 507 12 274 110 70 18 451 68 54 249 604 280 16 351 270 23 320 15 9 11 211 9 629 474 183 700 391 689 118 1009 17 10 59 149 631 222 164 600 16 20 10 29 325 11 282 82 127 349 1 148 14 72 77 165 578 18 101 74 2 1655 73 47 199 156 45 408 878 10 122 21 13 134 166 73 3 375 21 146 218 776 114 136 87 5 278 243 185 9 17 201 360 65 54 101 51 215 112 226 118 204 968 253 91 16 322 87 139 10 166 18 14 121 13 192 17 79 96 266 133 533 28 248 16 38 14 90 67 89 33 301 144 79 368 837 777 167 573 148 38 17 908 287 7 193 24 34 1133 252 1143 561 23 17 760 85 38 46 380 8 1515 126 67 232 85 364 42 112 130 122 68 317 319 472 89 302 18 428 216 75 113 205 247 234 21
