200 3 2
77 24 52 24 98 6 4 40 12 92 34 87 37 18 28 92 20 9 35 75 67 75 14 46 90 26 79 23 93 30 9 66 71 65 32 30 25 81 67 92 53 65 53 14 83 31 92 68 15 21 47 65 36 42 51 30 56 16 24 96 52 8 62 98 77 14 90 64 73 45 15 18 70 52 85 9 77 97 24 35 11 92 78 64 53 55 22 64 50 4 21 39 15 93 22 22 50 94 77 95 68 14 61 78 13 19 19 19 10 75 100 64 42 72 47 44 38 41 76 23 53 30 66 54 73 46 62 11 28 72 65 62 49 57 35 49 28 74 17 92 34 59 29 93 41 99 19 66 59 50 51 64 1 19 85 79 65 99 96 14 50 46 68 81 24 84 29 39 48 20 47 14 22 78 28 41 41 60 94 26 85 85 12 78 29 85 19 36 72 89 92 65 33 67 82 73 3 6 96 67

41 62 19 14 65 18 28 26 19 21 10 5 51 13 2 6 42 6 22 11 3 19 20 19 10 23 3 50 5 34 37 26 17 35 8 21 26 21 10 10 32 23 3 39 1 20 2 73 8 7 15 12 78 13 5 16 14 57 20 14 38 26 12 11 1 6 84 7 24 36 29 27 38 26 14 32 27 27 53 63 24 45 11 12 37 24 11 59 28 44 7 35 10 11 23 5 19 18 3 47 2 39 18 39 28 1 6 13 8 10 25 78 10 34 13 54 9 5 22 54 56 13 11 72 30 42 41 8 2 47 20 35 1 1 12 69 40 29 23 21 25 41 16 14 55 6 9 5 3 51 7 9 11 16 6 76 1 29 10 60 23 71 9 16 18 43 8 22 40 6 41 12 35 32 48 33 20 65 4 52 32 1 34 9 11 1 7 22 52 21 32 10 64 23 50 15 17 20 66 21
44 63 34 60 75 22 64 74 58 38 14 40 65 42 20 44 42 64 58 19 57 20 33 56 53 39 40 53 31 36 68 38 85 62 32 62 56 74 31 35 47 59 77 47 64 72 3 91 13 39 70 18 81 57 16 64 14 86 35 47 80 33 52 28 41 18 86 56 74 51 42 83 82 50 62 43 67 87 54 65 80 52 26 89 41 64 27 64 49 72 9 68 67 36 41 81 33 69 34 90 61 41 30 44 53 71 79 26 48 43 48 86 24 65 26 59 46 77 88 61 65 48 12 75 32 71 44 12 22 47 49 49 16 73 43 73 43 38 28 26 32 54 24 27 60 59 17 31 39 74 52 42 36 19 55 84 19 68 43 72 30 88 53 69 42 53 21 46 52 66 77 28 36 88 78 42 20 89 84 60 38 26 35 18 62 4 9 51 81 76 72 72 82 48 90 32 62 36 68 29
50 92 69 68 76 55 74 84 95 79 53 74 72 86 60 64 51 77 61 82 77 43 87 62 87 96 81 76 86 83 94 84 93 79 43 82 69 86 74 50 67 88 91 84 97 86 65 94 44 95 98 83 87 87 47 72 89 90 71 86 95 34 60 54 100 40 95 73 83 58 76 94 83 71 63 60 76 88 77 87 88 58 56 100 63 70 67 93 85 87 10 79 80 65 65 97 79 94 37 94 87 95 87 94 66 98 98 94 53 46 72 92 51 65 93 89 74 92 90 83 93 69 94 88 61 75 81 13 48 49 67 94 62 83 51 88 77 91 43 33 60 82 24 82 90 90 42 32 46 100 66 75 45 94 59 86 20 69 85 92 34 89 54 72 53 99 83 86 97 83 84 53 63 98 96 53 67 99 91 71 55 29 87 62 83 26 14 100 98 97 82 100 99 100 95 68 95 95 86 59

4 43 80 54 52 60 29 45 17 29 28 55 5 19 63 73 48 5 53 53 45 4 30 21 32 40 24 27 64 36 7 43 10 71 1 39 32 25 69 65 54 79 21 5 78 37 59 11 63 18 49 89 4 64 9 11 57 60 31 48 38 24 39 6 19 21 2 25 10 15 39 8 46 34 62 21 15 8 10 1 13 35 26 76 20 70 5 8 36 23 88 14 15 28 46 35 3 10 1 20 86 66 16 36 44 49 17 2 33 51 68 35 7 84 34 2 38 59 62 61 73 72 15 4 20 25 55 18 48 26 58 50 45 19 17 14 15 2 50 38 20 75 65 90 66 81 80 1 78 17 79 78 69 49 48 31 44 48 25 9 5 14 58 33 34 64 33 18 5 8 12 32 17 29 24 39 7 75 63 5 18 47 25 27 54 78 40 4 14 3 27 14 4 83 58 17 75 73 57 25
33 80 99 71 82 84 89 62 45 75 46 78 45 26 97 89 65 84 62 67 46 97 51 48 37 80 44 39 76 90 60 86 96 92 87 58 43 98 84 77 61 96 56 47 93 95 84 72 74 67 85 95 94 97 48 34 94 85 93 95 41 73 86 63 92 45 21 80 31 24 75 27 71 40 81 83 64 26 11 49 36 93 72 96 33 71 53 61 56 57 91 59 23 76 75 56 5 59 24 56 87 97 54 70 79 63 66 59 100 56 93 84 65 100 58 88 87 89 71 87 73 84 50 99 41 57 85 82 82 84 83 78 70 86 25 29 93 95 89 78 97 94 85 93 71 97 90 11 86 47 85 94 78 60 94 45 46 56 53 92 17 66 88 65 94 70 91 80 91 97 62 62 81 82 59 67 68 80 76 39 84 78 94 29 56 98 83 4 53 38 95 22 21 87 69 21 76 82 99 87

174 2056 295 165 383 47 104 261 24 1053 544 286 1405 255 682 477 59 374 181 588 391 103 740 486 322 440 249 344 1009 1049 2906 76 333 108 400 72 338 431 753 520 301 155 127 570 575 64 281 413 35 68 482 70 234 155 178 194 84 304 187 1435 2069 80 141 401 361 122 2212 439 73 293 410 317 85 377 352 548 313 707 152 699 1368 462 171 213 357 106 459 600 308 258 242 856 69 267 379 770 771 1169 576 549 263 372 104 832 72 874 2347 1408 335 357 184 290 333 2243 909 310 276 537 1172 152 263 338 595 670 260 188 1837 705 65 808 385 127 197 332 590 583 1337 782 193 655 1804 432 61 267 268 387 348 657 639 90 238 175 601 241 1091 1021 1116 752 1318 221 142 462 553 127 210 532 1412 1081 244 142 838 138 596 410 126 462 409 409 290 48 175 328 100 389 1924 318 1078 837 523 564 427 587 161 583 506 79 123 460 725 91
2817 2410 883 899 528 948 447 352 375 3114 665 289 1685 461 824 770 739 387 451 1963 681 414 2196 561 400 744 450 444 1421 1727 3365 972 494 675 541 256 1407 687 1281 2568 697 553 475 3717 810 1644 371 536 229 352 834 699 676 267 269 200 186 829 783 1603 2499 491 1385 1063 459 1807 2769 674 349 443 2968 634 93 432 923 1018 404 1650 795 801 1532 884 2021 808 969 539 3271 611 1825 687 594 1426 622 558 581 1149 1778 1527 985 2435 327 650 187 854 777 1318 2503 2225 762 2172 2688 651 813 2411 927 388 463 1203 3550 1184 655 1171 600 2075 1407 1468 2854 2447 542 970 595 155 480 964 863 1075 1464 1996 535 852 3626 439 2949 638 381 776 2606 1091 655 516 663 1684 1032 1814 1353 2212 1466 2632 1410 2197 1576 1398 761 568 303 754 1709 1818 1177 1328 1459 526 1624 687 210 993 603 2092 548 457 685 475 574 615 2487 884 1568 1051 1036 1352 1122 865 430 3064 746 505 129 743 1519 510
3478 2547 1604 921 542 986 1465 388 950 3245 962 296 2001 774 1701 1049 940 1583 537 3957 750 475 2551 1106 980 1731 912 553 3483 1971 3783 1057 551 824 950 755 1668 943 1313 3867 998 728 1315 3749 971 2397 957 949 269 833 937 1757 1674 3430 2015 1027 282 3591 951 1690 3826 982 3491 1367 1071 1996 3371 1194 924 841 3092 1623 500 562 2127 1745 779 1846 1004 956 1599 1109 2723 1110 1222 543 3313 996 2034 830 1135 1946 938 1393 889 1773 2956 3211 1034 3078 743 1013 191 946 982 2007 3880 3436 851 2588 3402 739 1693 3177 1815 965 557 1998 3973 1509 1711 3285 813 2371 2416 1555 3645 3320 790 1002 949 480 794 1643 896 1592 1907 2710 759 1870 4010 930 3088 769 1041 956 3829 2646 888 1173 714 1754 1252 2805 1649 3174 3175 3098 1892 3421 3683 2022 981 1017 716 758 1717 1973 2771 1743 1664 618 1701 972 489 1001 738 2183 621 1026 1062 1224 841 1009 2842 1003 1570 1071 2065 3134 1900 985 3177 3300 856 1722 186 771 2278 994

91 298 181 155 330 11 92 122 12 927 338 206 641 235 539 413 43 163 75 514 373 78 493 432 296 346 166 296 600 766 616 64 208 72 241 70 296 234 605 372 183 138 101 451 470 63 235 398 23 63 282 51 104 111 31 97 71 211 169 1417 1243 77 124 338 224 110 1771 281 32 98 398 293 65 196 302 238 255 257 66 608 896 123 125 141 285 82 315 117 234 251 137 573 62 238 297 107 163 1107 238 312 170 309 43 513 47 763 1952 283 222 242 94 287 49 2003 877 287 269 455 1017 84 175 249 495 375 229 144 1689 616 52 673 272 22 133 153 250 553 1011 471 162 371 1676 306 46 61 234 247 131 477 500 76 211 138 561 218 222 548 594 373 971 189 32 452 393 46 175 354 234 680 168 138 673 79 372 321 63 192 284 337 285 38 56 290 26 363 1820 275 530 626 268 371 215 489 121 499 125 52 63 432 385 63
22 88 67 83 87 9 9 61 8 9 35 186 218 116 250 77 37 109 57 78 125 47 172 56 241 85 72 294 193 427 600 21 59 12 51 42 186 123 502 105 130 132 55 40 35 57 202 330 14 2 131 4 91 74 3 28 59 201 40 1339 171 54 83 14 120 68 624 160 1 23 3 200 28 31 148 111 124 80 38 355 276 102 27 82 48 47 25 53 36 194 26 324 2 95 150 14 147 1036 109 99 106 148 9 220 14 274 1638 216 56 18 30 121 44 374 114 174 250 306 83 49 64 148 73 201 152 82 1491 388 6 632 265 14 51 144 107 316 945 135 83 6 1433 180 7 22 178 205 1 76 201 53 139 104 217 182 49 274 61 297 126 121 16 3 42 27 173 44 176 410 8 75 19 78 360 283 26 190 281 23 280 2 26 215 14 23 1378 82 68 533 127 70 64 303 117 10 84 7 48 209 133 41
