200 3 2
42 10 29 95 1 59 89 39 3 1 44 91 74 86 93 61 4 53 45 27 54 66 76 9 14 41 86 38 95 26 51 21 72 90 9 21 75 49 48 18 51 94 37 27 90 68 99 27 95 83 77 24 3 87 61 10 68 28 47 76 22 83 21 5 73 100 82 52 83 93 81 1 70 88 64 68 19 39 91 5 64 95 39 10 50 74 34 59 16 66 31 23 12 19 13 29 92 91 61 96 74 40 94 27 44 90 32 56 38 2 88 58 41 95 96 92 98 99 18 79 28 90 43 84 22 25 23 14 32 52 88 7 59 73 82 12 59 34 80 23 81 4 70 2 95 91 94 11 38 45 3 91 72 37 31 32 10 88 21 8 48 35 52 69 35 4 8 98 27 90 44 41 73 93 89 34 81 98 26 67 86 21 88 50 39 79 22 83 90 89 71 88 44 42 100 47 55 21 63 78

55 9 6 7 5 61 48 13 10 7 12 11 27 43 14 49 6 46 20 25 9 40 45 6 56 40 1 35 21 20 8 70 9 4 35 54 17 21 8 1 10 3 6 14 30 18 22 31 18 3 56 4 69 18 8 31 9 30 62 4 22 21 5 3 28 2 23 26 6 25 16 21 6 35 16 67 9 33 62 65 50 53 17 17 44 16 53 1 65 6 61 46 23 53 4 5 20 37 39 10 36 18 20 12 33 1 12 19 26 7 15 25 39 34 1 3 30 7 63 26 4 5 6 41 1 2 22 62 1 17 34 1 20 28 19 35 40 19 47 30 21 21 66 42 41 2 33 74 17 55 3 11 58 8 4 14 27 37 39 24 30 13 10 64 49 26 23 60 39 40 2 1 6 10 4 32 35 16 32 9 19 3 4 4 36 41 16 52 1 8 12 17 7 16 2 5 8 14 34 1
58 29 33 15 9 75 49 15 14 65 37 49 30 53 32 49 44 82 53 84 37 98 47 28 65 76 62 63 38 38 46 73 53 16 76 75 22 41 26 16 29 12 61 29 37 66 66 78 31 51 76 10 70 66 62 34 20 34 79 58 26 59 42 75 48 24 56 73 45 39 54 37 28 42 48 75 13 61 88 73 82 55 55 62 56 51 90 55 69 9 79 77 47 82 56 74 20 87 40 27 71 30 60 97 79 50 20 43 48 19 69 40 65 37 46 3 47 30 68 56 26 23 46 55 19 6 47 63 10 53 44 11 32 54 59 49 56 39 68 60 55 30 79 45 61 35 59 81 37 63 32 11 62 47 35 54 39 57 44 61 36 31 19 65 72 46 55 89 84 51 37 24 80 25 96 38 44 55 62 45 85 30 35 7 57 91 32 56 75 46 46 24 25 60 55 57 21 22 50 7
97 52 76 94 43 89 52 65 90 67 88 60 93 86 95 92 100 96 93 86 48 99 88 39 96 99 84 98 52 87 83 99 70 62 88 81 33 70 70 36 86 23 84 85 79 80 77 91 55 75 80 15 98 89 71 98 85 79 85 66 50 97 69 77 68 45 75 75 76 39 83 75 95 52 67 88 34 92 93 76 86 83 62 84 97 98 95 86 85 72 87 87 76 84 89 87 89 99 93 52 93 82 90 98 92 79 70 82 67 59 94 90 80 49 74 38 80 71 97 73 48 30 64 68 33 21 64 64 49 88 86 56 34 91 62 86 98 62 97 73 93 92 88 90 91 82 82 91 91 80 55 31 90 85 89 100 82 97 91 69 60 67 32 89 73 80 84 98 85 94 66 96 99 52 98 96 46 80 78 54 89 73 57 91 98 92 46 79 84 53 97 79 37 76 55 94 52 96 84 33

22 5 24 11 11 32 26 29 57 38 28 69 38 66 39 28 56 56 2 25 54 28 32 13 16 66 58 11 93 12 59 42 13 1 41 19 15 12 90 13 29 71 30 24 21 38 19 60 49 99 24 83 68 2 33 61 4 29 25 50 35 16 36 29 4 20 18 14 20 2 16 42 13 10 73 54 73 2 70 4 1 10 39 7 12 9 31 52 60 3 32 66 2 7 49 19 89 16 7 60 26 64 20 17 15 61 23 16 26 81 3 17 14 44 7 88 23 45 38 5 53 12 2 58 73 2 9 4 95 42 6 57 19 21 51 8 34 43 17 32 33 51 55 60 43 24 10 58 61 42 10 3 8 19 51 32 10 12 78 14 75 40 59 15 37 41 44 22 39 41 64 30 2 88 6 22 26 12 10 2 3 30 5 38 6 81 48 20 38 32 65 68 47 67 7 10 4 30 44 13
77 84 79 64 38 62 54 92 72 57 94 76 92 73 43 97 94 97 87 82 90 35 58 27 76 85 75 38 96 92 95 100 76 23 58 94 43 68 95 23 36 90 51 87 100 88 31 96 100 99 48 93 93 24 99 77 98 91 40 66 37 68 75 84 61 25 95 69 56 49 61 55 66 98 95 65 98 20 84 79 32 51 74 12 27 46 87 80 74 24 39 83 71 50 82 22 94 31 77 80 92 94 54 56 72 75 85 21 66 100 26 54 30 87 72 99 82 89 83 26 63 34 9 82 80 85 47 78 99 83 46 97 60 31 73 19 52 56 94 87 63 57 97 99 43 39 96 94 63 87 62 15 89 47 73 52 87 33 100 74 96 58 83 51 53 72 81 56 81 85 89 79 81 91 24 90 38 35 90 39 37 92 43 71 87 83 70 36 42 45 78 72 89 95 10 23 46 85 69 15

545 2045 230 1724 1568 250 401 2960 918 253 774 2599 208 1368 499 1096 4 183 3406 74 161 407 454 42 446 91 535 265 127 46 714 492 239 1094 1485 1296 233 262 629 481 222 186 254 1000 430 199 118 313 435 316 95 1872 1094 289 138 573 380 1252 114 400 799 637 885 445 539 457 775 106 3288 412 336 918 134 736 391 1043 168 1291 1785 2392 1448 1752 108 492 120 287 609 1090 1074 119 466 158 42 81 605 1161 95 421 746 1217 111 801 775 653 1757 1552 142 82 571 1770 660 81 109 169 220 418 365 502 450 124 478 121 76 1375 537 281 329 884 334 373 441 179 174 74 667 227 841 459 512 985 111 1215 167 199 401 1561 97 379 134 353 970 369 377 310 137 128 1551 391 458 832 221 140 339 479 1015 2076 379 195 426 1379 298 770 803 283 900 1406 1368 1289 1471 477 1721 361 146 245 1706 794 367 1896 586 278 1654 990 1144 566 975 274 553 285 203 200
1015 3226 766 1982 2123 444 985 3270 978 1420 2378 3556 322 1887 705 1788 520 197 3723 90 422 1814 1317 314 2354 1022 718 1640 232 737 1690 602 972 1258 1668 1599 957 406 755 526 666 641 1210 1001 528 520 546 607 931 400 236 3602 1952 2220 312 1184 1860 2018 256 1645 1276 1810 1396 922 1221 889 802 107 3498 1636 368 1185 442 1687 505 1389 757 1757 1793 2910 2226 1798 452 600 240 383 1585 1661 2582 940 747 490 285 784 1260 1188 579 1082 765 1969 440 1642 1818 1591 2211 2964 478 153 660 1834 2162 1035 730 1800 605 1026 556 672 642 1235 1039 1001 787 1441 1490 1071 893 2187 782 433 1341 400 1101 587 951 724 1232 699 865 1339 599 1344 424 763 806 1815 374 851 307 1718 3038 430 916 319 547 1856 3083 572 1320 2506 378 227 371 731 1043 2843 2316 267 774 2254 2455 1041 1495 1642 1162 2026 3122 1334 2700 922 1761 684 549 670 1983 947 502 2812 1459 877 1788 1010 1513 679 1445 443 917 446 627 239
1989 3508 1521 2552 2595 828 1060 3580 1151 1564 3799 3827 592 2596 943 3774 647 634 3954 3001 708 2103 2309 861 2389 1201 980 3304 968 894 1983 660 1763 1535 2166 2661 2519 1353 1010 626 673 1440 1384 1068 589 1539 807 713 1161 919 289 3907 1987 3291 737 1797 3471 2647 941 1858 1636 3797 1773 1711 1780 1806 858 511 3838 2661 608 1569 762 1744 968 1703 876 3918 2006 3241 3927 3124 1005 1016 1682 427 1898 1795 3670 1001 784 2484 847 847 1506 1621 1069 3224 1442 3890 559 3270 1980 3586 3586 3519 584 181 778 1861 2732 1874 976 2975 817 1272 835 686 1158 1292 1890 1127 925 1486 2986 2421 898 2222 788 659 2086 641 2899 629 1392 923 1305 717 1505 3039 1025 1965 938 3443 883 1848 534 1569 555 2547 3260 1039 1019 574 1465 3608 3717 795 2141 3370 833 1487 483 1907 1157 3946 3703 679 1752 2900 3963 1933 3248 2068 1500 3396 3910 2479 3096 1198 2049 761 1429 2698 2045 1034 629 3747 2025 1055 2056 1036 1727 779 1740 1010 1234 580 1146 755

403 1933 123 1154 1453 155 157 1780 787 181 636 1676 201 319 83 475 1 87 2052 43 71 310 357 28 393 17 254 261 116 43 466 400 227 932 1332 1040 200 75 627 161 46 109 177 648 203 178 77 191 378 291 93 1810 575 286 46 177 318 329 47 244 679 385 406 341 15 371 297 79 1816 385 165 649 48 101 366 487 165 509 997 1292 1360 626 107 127 79 239 483 443 758 66 197 135 23 39 511 504 66 342 423 452 97 475 507 606 1337 1530 117 30 509 1719 572 24 71 153 45 176 298 215 402 55 369 93 71 670 337 175 84 815 266 341 80 123 66 49 301 44 836 336 16 11 95 1080 126 148 150 1127 87 109 107 258 451 16 222 288 73 93 786 245 375 609 216 52 205 305 750 1539 365 166 375 792 149 733 468 273 467 1170 662 1133 784 411 677 295 121 125 1385 728 313 1510 353 232 1612 750 1059 144 934 126 376 118 125 173
205 1675 25 471 748 94 49 939 65 85 68 1018 181 13 55 252 1 41 724 41 1 121 73 27 162 5 125 196 98 12 183 184 200 453 252 6 132 41 171 70 26 86 145 231 101 172 32 27 248 92 72 1185 84 218 19 38 174 148 19 102 57 381 168 173 14 3 28 29 1803 24 66 631 39 21 274 62 86 327 116 287 352 599 57 67 53 182 206 166 503 20 4 110 5 18 5 172 32 103 404 34 91 191 214 574 628 571 37 4 58 1279 83 13 49 152 40 87 92 121 185 42 266 36 49 445 80 106 26 340 93 109 51 79 61 35 88 14 377 71 5 1 28 698 84 82 93 1084 10 69 37 144 114 1 70 187 5 69 339 183 280 192 145 13 163 244 725 1199 289 108 113 371 5 371 45 151 27 448 52 1126 98 209 269 178 80 91 1213 301 269 626 120 98 207 504 798 143 169 68 77 101 33 138
