200 3 2
56 26 22 49 35 21 4 68 94 19 38 37 93 58 90 67 51 65 33 34 54 19 11 6 34 81 2 71 8 14 90 39 75 52 12 63 39 35 99 36 23 27 17 76 72 97 60 100 51 37 78 7 85 47 75 42 39 79 80 24 75 91 60 9 2 19 59 98 34 94 69 9 59 60 99 100 32 86 85 74 50 18 86 78 8 45 2 77 66 61 46 61 76 65 73 41 23 49 5 29 37 60 55 42 7 81 21 45 82 1 66 36 72 23 39 77 77 15 76 57 27 12 64 28 56 71 57 22 75 85 33 63 30 46 72 84 18 66 18 60 70 40 55 84 47 16 57 1 20 81 74 3 38 56 91 43 72 98 55 23 56 82 62 73 52 77 38 87 39 90 5 2 12 93 34 94 18 27 20 75 71 73 52 49 16 18 32 39 8 39 74 19 38 88 18 35 3 64 48 51

7 8 26 24 31 5 19 21 19 48 31 40 17 47 12 6 14 1 18 4 32 24 17 44 46 9 1 17 1 5 41 21 27 12 16 13 12 11 22 43 34 8 16 28 47 33 9 71 2 9 7 10 15 29 31 20 7 36 11 4 41 75 1 25 7 23 1 2 62 56 4 13 32 6 54 7 6 26 47 11 3 30 19 26 11 35 1 5 5 55 19 5 54 15 45 1 11 45 3 25 1 34 27 55 6 61 12 23 24 33 19 4 31 6 17 4 17 20 32 63 22 25 14 32 19 34 11 38 21 31 19 22 36 50 13 34 26 33 27 33 17 2 10 49 41 23 11 30 52 18 54 40 40 31 35 6 69 58 37 48 31 1 17 7 19 3 5 9 50 34 42 53 10 62 19 22 13 72 27 31 32 28 1 19 48 26 57 13 24 48 57 33 1 40 21 19 86 26 24 1
98 18 60 44 59 6 68 74 32 49 47 50 37 77 61 24 39 4 36 13 39 45 19 48 70 36 37 44 71 37 61 61 55 62 53 47 48 60 27 86 49 83 40 37 80 43 62 88 45 51 64 50 65 56 58 21 68 38 43 36 91 81 50 80 25 30 32 41 68 67 71 65 35 33 76 13 38 88 53 56 26 55 46 43 11 52 8 45 11 65 37 38 74 17 97 39 14 53 25 59 19 42 62 69 31 62 79 31 32 38 53 61 54 35 51 5 49 50 62 64 62 45 56 70 39 43 67 45 65 48 21 49 52 60 15 43 52 58 40 55 27 36 36 73 57 63 64 43 62 33 62 51 86 93 44 34 84 72 60 60 62 14 67 54 36 54 67 73 80 57 48 75 36 76 20 38 26 85 68 72 43 33 5 42 87 78 72 31 55 86 76 55 63 44 32 36 97 49 28 89
100 69 72 82 96 59 97 97 45 81 93 97 49 92 83 35 66 93 63 59 48 86 43 93 88 93 90 53 77 56 82 61 78 97 57 54 95 88 30 89 51 90 89 67 89 58 71 91 53 67 86 74 85 91 67 59 100 56 69 94 97 84 86 83 44 97 49 46 92 93 91 87 94 82 98 29 41 97 66 59 82 77 66 68 28 82 70 52 77 95 99 42 97 64 100 77 60 63 44 85 83 48 99 92 34 96 81 76 60 64 78 85 78 45 97 7 77 72 83 88 94 63 95 97 73 55 83 89 71 100 84 91 58 89 62 74 94 97 92 77 83 92 90 74 87 87 95 80 63 86 95 90 89 98 58 73 89 95 87 82 71 22 82 59 39 61 88 81 100 66 98 83 59 88 35 48 78 91 94 96 79 47 73 85 88 81 78 86 60 86 81 99 99 59 69 54 99 83 47 95

16 12 40 26 17 56 3 22 8 77 42 48 71 41 22 20 22 20 15 46 52 66 42 16 18 22 30 40 5 47 68 17 57 5 29 2 49 56 21 76 1 75 42 56 84 46 54 35 26 48 3 50 36 58 53 6 30 28 70 74 76 45 29 76 71 4 39 51 4 18 19 35 40 58 55 20 80 62 2 32 63 16 36 68 68 71 79 48 38 56 3 34 7 20 50 94 70 83 89 16 10 44 16 13 42 15 4 14 3 52 16 26 36 62 53 92 18 58 11 22 47 38 16 58 24 19 46 32 79 50 7 84 10 26 23 30 6 5 9 28 4 76 29 32 20 5 1 19 27 86 39 30 16 32 2 1 23 22 5 48 39 10 16 3 34 31 24 50 6 10 24 13 9 33 36 10 41 26 58 66 1 19 62 10 34 1 7 38 11 25 23 10 35 38 20 64 40 17 63 9
31 68 50 68 64 84 91 25 10 93 95 80 90 96 56 46 22 31 18 85 65 95 92 38 20 98 54 52 69 74 73 44 58 43 90 20 64 93 93 89 6 100 49 60 87 55 60 59 100 76 96 78 57 86 82 35 77 63 82 83 90 64 68 91 78 89 49 96 8 98 35 70 55 92 63 52 87 94 72 73 84 64 93 92 91 99 93 80 54 83 59 81 66 45 70 98 74 88 95 82 64 75 97 88 49 45 47 60 67 81 37 79 86 67 89 100 86 81 79 42 55 66 26 83 79 90 93 54 98 99 72 87 41 39 80 84 96 89 90 90 10 96 85 34 94 35 100 80 86 97 47 56 29 44 52 99 77 67 58 51 95 18 41 96 52 100 95 99 16 42 92 40 79 64 88 56 56 43 84 79 88 24 91 50 96 35 57 51 87 60 46 70 92 93 91 100 47 91 87 16

1181 60 2005 106 85 297 64 361 1260 74 1064 285 922 943 188 2758 224 227 546 185 641 475 603 589 329 1593 115 368 213 116 263 222 982 1250 279 276 138 1763 483 886 171 2456 1027 1589 553 336 177 2476 223 194 100 758 506 1229 712 673 65 771 663 1822 308 118 152 590 1304 284 1176 230 1481 181 1887 133 1240 70 2123 209 946 191 1100 2049 137 103 953 1203 93 450 291 529 1320 1625 289 383 293 1055 190 66 771 310 2553 2366 273 1205 467 733 237 581 34 328 455 18 611 348 1353 281 304 1063 1062 98 123 732 132 181 210 478 1792 327 67 346 468 141 1153 447 934 736 73 1337 860 931 289 1176 432 258 954 1633 209 388 799 113 1277 523 179 26 40 554 557 222 348 687 1013 891 1224 859 131 190 399 494 693 326 2410 616 747 111 413 305 1434 141 124 1940 635 1020 237 497 110 231 561 855 452 1838 159 119 92 345 2392 184 1155 109 676 582 69 1285
2591 372 2291 110 843 1059 180 472 1318 324 1240 662 1207 1392 474 2828 275 998 680 374 1672 591 1181 863 361 2905 420 495 348 2157 479 454 1121 2027 1749 844 289 2394 554 2809 254 2934 1486 2316 655 987 3232 2600 447 801 843 1561 1336 1864 2826 771 513 1426 806 2250 616 985 330 738 1445 513 1270 604 1693 930 2033 356 1387 264 2565 865 957 878 1862 3640 139 452 1097 2688 157 551 941 1393 1653 1892 871 1083 601 1130 724 250 856 903 3036 3716 1253 3937 686 1529 1058 681 215 687 567 58 2116 494 1458 452 860 1196 3949 760 593 1279 652 224 791 1126 3630 743 177 409 514 1051 1814 629 2794 769 227 1971 2373 1039 1426 2892 2141 590 1735 1975 483 722 1305 1324 2344 1573 531 480 1586 950 871 334 445 1708 1246 1168 1327 1627 274 1457 932 791 881 932 2484 782 1254 501 527 1799 2091 767 219 1981 1374 2046 3386 1468 1158 852 588 1294 1055 1967 301 1960 408 398 2603 385 3454 764 714 669 534 2443
2624 2017 2763 982 996 2706 670 812 1495 765 1765 913 1373 3172 488 3416 567 1002 866 776 3485 1008 1214 954 764 3363 957 1366 458 3507 724 857 1170 3583 2085 874 782 3472 798 4036 838 3674 1601 2494 1062 1180 3375 2726 655 825 1097 2634 1632 3223 3215 1119 766 2742 892 2330 1026 1005 828 942 1754 1120 1441 1668 1918 1062 2042 411 2357 879 2807 983 1632 1375 2006 3979 475 684 2905 3142 158 787 1338 1875 1756 2513 971 1451 696 1441 767 739 2788 1887 3258 3953 1748 3983 2526 2068 1542 1001 645 894 571 282 2981 1062 1697 610 1900 1445 4032 1850 1526 1566 964 533 802 1733 3994 823 230 630 817 1926 3560 801 2946 1866 666 3369 3864 1046 1995 3977 3439 1870 2887 3804 973 921 2988 1605 2806 1725 700 1699 1902 2018 924 781 985 2340 2099 1583 1449 1702 565 2659 1686 882 1452 3695 2777 924 1879 1356 559 2335 2598 973 631 2146 2729 3226 3972 1723 1615 954 978 1759 1578 2519 895 3638 604 1984 2901 708 4000 938 778 1718 573 2661

1059 18 671 44 80 276 59 357 893 25 1005 227 873 769 70 2160 67 17 359 104 184 387 524 584 155 1519 34 323 154 68 90 127 968 447 241 247 103 1414 422 570 169 1857 716 1370 540 251 148 1898 190 112 43 725 307 144 568 428 56 651 65 1598 124 108 7 501 918 265 504 151 618 51 654 65 276 68 1072 187 269 45 802 1659 83 80 901 1137 76 279 227 269 1308 241 255 320 217 894 98 64 684 294 1629 1687 157 892 9 631 235 402 25 226 226 14 573 270 1303 187 205 550 731 26 62 396 95 156 204 48 1391 214 59 200 402 52 1039 259 646 463 44 654 819 542 100 914 179 235 950 1580 146 217 415 51 994 312 146 22 37 471 495 219 264 653 1008 199 1178 816 54 144 393 187 391 16 1362 376 388 101 327 287 1285 130 106 1531 512 955 229 330 71 220 523 521 223 1799 118 77 57 301 2350 134 761 47 512 480 24 1279
615 7 378 38 70 257 8 55 880 2 466 98 804 165 10 181 62 14 258 40 164 87 154 68 48 1019 31 148 7 14 54 126 425 196 80 231 24 1360 9 509 56 198 645 999 222 184 61 1018 78 105 40 343 189 73 530 15 19 49 47 696 23 68 5 401 295 106 282 83 368 24 76 56 217 31 306 102 16 17 356 280 46 58 278 367 6 82 210 96 279 52 227 312 27 115 36 6 606 290 866 178 9 247 3 518 115 64 11 106 180 1 314 208 215 105 188 136 168 16 44 318 54 44 196 10 318 146 45 11 129 14 242 192 97 452 8 470 51 99 23 417 83 226 465 425 135 47 293 49 149 279 97 7 23 211 101 52 222 283 219 92 251 206 12 92 329 162 72 2 1255 234 351 79 259 286 720 77 25 188 384 546 74 229 24 82 165 218 42 940 83 26 37 26 1690 58 620 38 509 425 18 398
