200 3 2
73 65 6 41 51 41 62 3 68 43 33 16 79 15 92 6 17 1 91 94 42 79 11 90 19 25 42 9 15 99 79 78 10 41 87 47 44 54 53 50 66 48 9 46 93 40 68 76 19 74 84 74 84 50 96 47 27 87 84 99 63 37 3 65 100 6 80 38 53 42 88 73 20 21 10 87 94 12 60 67 36 45 13 34 44 53 11 23 85 58 68 6 96 62 76 80 97 32 28 43 57 63 88 39 70 69 5 46 52 61 48 1 79 61 72 33 86 30 5 43 90 100 96 14 77 98 78 83 45 56 14 57 50 75 90 1 11 52 78 53 54 25 73 16 90 27 30 4 95 53 23 19 10 92 70 57 78 100 97 47 11 55 25 34 48 42 64 16 27 16 46 65 64 23 7 7 42 80 57 44 17 71 32 69 80 47 3 91 98 55 10 16 4 87 90 1 91 92 60 9

8 5 15 20 81 5 26 17 51 3 42 38 5 7 58 42 19 25 73 31 13 4 36 21 53 17 19 56 19 76 3 8 10 10 26 5 60 13 45 1 44 10 5 30 2 4 46 57 55 6 25 21 5 23 23 28 18 1 14 15 11 25 55 22 18 12 44 9 11 10 9 3 23 19 28 9 14 32 9 47 2 46 82 13 16 27 23 29 32 15 37 45 36 11 67 31 76 2 53 24 44 46 52 36 13 54 66 36 1 24 18 45 39 32 24 11 18 34 17 37 23 3 10 3 38 17 29 23 2 17 8 18 13 20 37 2 25 3 14 15 47 26 33 14 43 18 14 51 12 55 12 16 31 27 20 8 37 3 41 1 38 5 21 26 4 37 41 25 19 4 16 18 13 8 23 53 6 34 20 10 44 15 33 38 35 30 50 60 24 47 1 70 15 31 66 34 17 36 9 17
85 11 29 67 93 78 27 85 65 36 55 50 72 7 70 73 27 54 81 61 48 32 48 60 67 36 59 79 42 77 39 27 52 23 76 71 94 24 53 80 57 39 59 37 14 28 63 80 74 50 38 33 18 75 59 61 55 7 60 17 43 85 64 49 65 35 77 23 47 11 20 35 55 43 64 88 19 34 38 58 24 71 84 46 22 47 48 86 44 39 84 77 57 12 75 47 90 82 57 43 48 70 58 41 31 71 78 65 4 35 56 48 44 74 50 51 65 69 61 61 31 32 51 18 62 19 88 33 74 71 43 23 19 61 51 60 26 41 40 53 66 54 83 85 61 54 55 62 90 87 50 60 54 33 29 47 50 11 90 12 53 8 21 55 55 96 76 63 19 41 18 31 61 70 52 57 76 49 25 25 55 78 70 54 37 59 67 71 26 62 60 70 16 45 66 39 41 43 27 44
100 86 44 75 100 95 66 86 71 71 58 100 75 86 89 87 81 100 86 64 55 45 93 84 87 100 90 83 55 89 59 42 53 49 84 100 99 66 98 86 76 61 89 81 40 83 74 100 100 69 91 40 63 84 74 95 89 46 63 34 60 94 92 49 91 49 98 34 66 11 78 95 100 90 69 99 90 99 54 61 44 99 99 72 86 78 74 89 79 79 95 87 75 78 91 99 98 98 67 69 97 95 80 43 97 95 83 81 88 75 91 53 64 93 68 66 73 82 81 71 66 39 90 31 69 55 96 85 93 90 44 48 86 84 83 71 26 62 82 71 69 66 88 91 84 61 80 78 96 89 95 61 86 61 51 52 54 66 91 78 92 76 57 68 78 98 83 92 30 82 48 72 95 83 83 73 87 83 87 82 64 83 96 100 80 76 69 82 77 94 96 91 75 51 74 47 70 69 66 63

11 53 46 8 90 25 18 3 39 1 55 17 3 16 16 4 17 25 33 35 26 24 51 77 39 73 66 34 7 74 55 29 67 16 2 12 32 13 41 10 10 31 24 11 45 10 31 39 58 24 11 17 60 53 11 26 38 8 19 43 64 12 52 18 70 26 51 21 23 3 23 11 16 16 19 80 58 88 2 77 26 88 39 25 60 82 42 90 5 47 16 34 8 58 43 11 33 50 6 43 97 92 14 34 30 17 62 57 41 80 48 19 7 26 3 30 26 30 14 38 73 58 17 66 4 27 32 7 45 38 29 58 58 7 31 65 4 86 14 56 53 20 62 31 49 12 49 29 2 15 18 11 98 60 27 6 49 55 40 4 17 72 31 21 62 69 16 55 38 2 21 52 67 32 27 31 3 10 53 12 37 40 27 18 22 10 22 25 3 2 19 18 5 6 32 8 47 22 5 13
27 62 90 71 97 62 28 54 83 58 67 100 83 58 81 86 57 45 39 81 45 81 58 85 51 91 100 54 27 100 100 92 73 91 76 78 92 64 100 78 92 58 77 33 50 51 37 74 86 95 93 34 84 97 37 83 77 32 66 44 85 66 80 36 95 66 67 63 59 50 63 16 38 50 97 81 92 98 11 95 93 100 68 99 77 96 61 90 5 69 43 48 42 72 96 12 87 83 27 50 98 100 62 69 100 22 66 70 90 88 57 81 48 53 47 59 42 65 65 93 98 92 66 96 61 90 70 97 87 51 80 99 62 94 98 66 18 88 47 65 64 55 68 51 53 35 97 36 52 76 68 85 100 71 76 100 57 72 68 12 84 74 65 63 86 77 26 58 67 50 84 73 93 79 55 33 53 37 98 90 84 76 73 43 91 25 43 93 84 7 31 86 55 9 74 74 77 97 70 100

1113 184 296 618 824 338 725 960 840 349 446 110 85 1360 259 3823 73 520 258 847 2102 1270 56 347 823 153 298 671 399 471 961 342 328 323 625 1119 1179 448 206 947 655 150 2422 196 628 146 259 991 377 311 799 575 442 273 394 86 151 243 752 1304 295 104 1512 1000 534 57 249 260 186 103 2479 1908 193 856 297 2507 231 636 775 866 229 142 1604 224 509 1328 2158 162 123 2485 940 255 389 211 697 381 181 1200 212 669 622 635 157 551 370 444 131 374 309 618 108 455 1030 649 327 1181 629 88 644 1356 166 705 532 992 446 997 928 435 269 112 250 1321 118 180 570 156 2141 388 425 2698 230 665 191 856 180 29 206 135 952 322 25 165 213 627 3443 346 701 476 279 199 534 547 1310 108 432 505 75 728 1498 711 91 276 322 588 521 229 87 1077 439 459 19 281 659 131 2088 423 833 584 433 496 171 429 494 1774 170 282 179 348 328 354
1510 477 300 743 2420 1234 768 977 962 596 853 2350 380 2990 372 3853 1374 2410 295 3672 2431 1709 471 429 1381 542 775 741 514 567 1827 719 501 400 830 1298 1881 463 599 995 722 365 3771 1833 653 448 1063 3858 561 835 1461 627 1553 299 554 328 892 634 1673 1391 513 235 2930 1460 1723 739 314 325 284 231 2858 2726 661 1795 611 4008 545 2092 3321 1493 246 909 2453 848 520 1715 2979 394 449 2559 2704 522 1284 579 862 598 369 3457 758 683 684 1285 1834 1273 543 501 787 791 810 1525 489 1038 1211 1107 446 1607 1769 176 668 1803 246 1562 556 1258 887 1367 951 1173 413 989 2189 3686 2590 741 1833 776 2515 427 2153 3682 2586 814 2502 1828 251 34 409 1092 2550 850 386 2321 803 958 3451 394 1283 577 1629 525 857 618 2562 2382 440 1537 1984 750 2181 767 2211 511 680 1913 732 544 698 2981 2070 559 729 1464 1919 338 2407 507 1894 877 1708 1238 254 1427 2832 1903 1419 518 337 900 516 654
1715 1037 1877 861 2998 1704 890 1000 1062 814 967 2354 891 3768 1148 3936 1716 3335 864 3911 2959 3471 761 1063 1919 1892 901 3845 706 1048 3013 3373 866 527 1879 1529 2094 2860 1193 4025 830 936 3902 3379 1140 775 1995 3951 614 3592 1473 731 1649 826 919 680 947 1024 2525 3525 685 351 3770 1856 3273 788 324 853 1280 1166 3083 4005 960 2471 1081 4029 1044 2123 3978 2506 756 1591 2574 1735 950 3798 3241 651 860 2945 3310 1912 2049 683 992 1835 1050 3829 961 689 739 1384 3628 2558 550 830 1805 1474 930 1550 500 1327 1609 1529 858 2499 3437 249 3380 1874 597 1720 916 3011 1628 1464 1069 1818 1064 1747 3440 3788 3969 840 1962 791 3047 1566 2233 4016 2879 882 3173 4007 342 236 802 1539 2948 907 559 3005 805 1094 3925 470 2149 649 2540 1876 1159 1034 2898 3663 580 1805 2558 794 2497 1529 4020 1765 1939 3667 948 981 911 4041 3899 607 908 1844 2549 644 3103 1198 2811 1006 3250 3066 954 1843 3185 2050 1454 678 348 1074 977 707

853 112 140 179 477 142 38 533 838 293 294 39 11 1000 228 2267 66 118 86 192 1262 803 51 330 451 132 215 655 264 413 709 309 288 314 561 804 794 390 133 606 538 141 1638 168 529 104 253 407 39 117 254 278 238 192 330 40 113 138 502 653 234 37 818 860 465 52 210 249 130 79 1935 927 28 770 255 1217 166 616 605 262 198 16 774 149 310 570 1317 158 85 788 877 35 287 180 469 125 111 919 129 208 256 561 156 345 68 377 57 354 305 534 68 310 911 281 236 247 483 85 533 802 165 349 191 528 81 848 670 287 190 58 70 504 111 104 286 74 540 344 188 2411 116 513 58 579 102 25 29 120 436 315 19 162 38 609 2842 68 66 446 260 174 234 385 1306 73 291 344 63 505 417 677 30 216 232 556 315 142 51 590 191 252 18 275 314 123 962 162 808 379 381 297 157 155 420 620 113 273 172 321 207 306
463 48 46 144 242 48 8 352 692 66 120 13 1 985 12 1314 8 92 19 157 286 571 8 162 7 117 168 337 125 26 668 88 278 21 39 288 365 98 58 117 336 7 890 75 231 42 206 158 11 45 192 98 174 117 139 9 1 114 200 616 29 27 235 70 21 33 102 133 52 23 46 60 3 188 174 482 45 500 12 103 149 9 631 126 190 391 170 10 21 544 671 15 120 158 242 30 40 513 28 16 88 250 57 157 51 238 45 42 288 23 22 79 856 89 127 205 248 81 416 772 131 260 73 235 7 354 419 74 34 12 50 37 96 13 179 57 267 270 82 780 110 245 5 230 40 17 24 50 189 123 10 138 15 42 2451 67 1 197 67 77 50 308 623 35 224 279 24 37 94 174 1 3 184 104 138 98 19 536 1 119 13 8 100 116 572 65 296 114 193 115 145 21 288 435 84 43 142 237 27 232
