200 3 2
36 31 6 22 34 40 35 86 17 84 87 88 75 43 54 48 87 96 4 64 94 67 49 48 24 35 28 66 54 33 71 2 39 36 31 21 66 98 34 21 41 39 92 98 19 34 70 23 84 74 7 16 87 71 24 52 59 27 98 52 3 43 26 9 66 6 16 78 80 84 40 63 88 87 23 42 40 93 17 71 61 28 99 2 87 39 19 13 90 16 8 83 84 62 22 91 99 64 33 41 22 94 34 88 44 91 100 64 17 37 69 19 80 91 81 42 69 80 15 43 37 63 82 52 12 95 20 29 42 6 37 15 59 47 57 47 99 29 77 57 31 20 17 77 21 19 69 88 19 15 21 16 89 85 89 36 46 92 33 82 79 36 96 60 11 30 21 31 4 23 29 43 37 40 92 78 65 58 91 3 92 14 84 69 1 76 20 56 42 44 83 72 27 100 59 7 83 65 61 48

35 17 11 2 78 12 64 43 5 8 34 17 10 7 38 18 58 24 2 28 8 12 54 15 9 46 14 12 7 35 11 22 39 11 12 31 15 53 19 21 44 5 49 12 58 15 7 2 77 26 49 59 8 14 38 14 64 24 29 27 3 20 14 31 46 17 1 4 18 29 26 25 44 4 7 56 26 17 7 8 19 46 65 10 58 37 49 11 21 12 10 40 4 57 36 38 55 31 19 41 18 10 40 15 9 3 1 34 14 47 39 9 1 1 11 59 33 91 39 40 20 3 5 19 14 43 37 79 8 52 21 27 36 7 31 22 3 19 8 31 30 20 30 34 64 22 52 4 23 2 29 6 59 22 21 12 27 45 9 33 17 11 49 31 22 49 35 88 18 21 18 4 12 33 33 40 22 39 21 27 68 56 5 19 38 46 31 35 5 60 54 44 32 4 11 1 24 15 3 52
46 33 48 29 81 22 84 72 9 26 50 33 28 8 45 47 60 27 66 70 55 90 63 45 39 70 64 41 9 46 26 43 70 71 46 70 58 68 53 44 48 32 58 90 74 55 22 8 89 39 66 66 51 33 85 26 80 43 46 47 15 35 36 59 59 66 84 10 24 43 68 28 47 18 33 68 35 17 55 19 72 48 74 38 80 58 66 25 47 44 78 61 49 78 70 75 92 37 41 68 75 53 86 65 52 54 79 49 22 48 45 57 43 32 47 66 56 92 42 45 26 9 7 19 36 51 42 86 19 75 28 28 72 27 36 34 73 48 56 47 79 86 67 48 65 25 65 54 47 72 49 50 64 27 26 85 34 67 21 38 49 32 59 41 73 58 50 96 81 75 24 12 20 76 36 57 28 65 53 31 77 81 29 44 52 56 93 70 55 82 61 65 70 27 51 72 43 22 33 92
95 36 96 82 93 55 99 95 84 88 59 82 55 15 89 62 94 92 89 90 98 91 72 97 61 93 64 95 67 54 41 63 81 98 62 98 72 94 63 83 57 95 92 100 92 60 59 66 97 54 89 74 74 97 96 85 92 67 99 80 90 82 53 71 97 88 95 86 92 80 84 75 91 96 51 73 75 68 88 91 91 98 99 56 89 66 84 50 48 81 99 78 69 97 75 85 93 52 52 78 78 87 89 89 74 98 95 56 42 60 67 76 47 59 59 71 86 97 100 52 82 79 73 55 61 60 53 89 72 86 94 41 82 46 52 62 95 95 78 48 82 97 93 52 97 54 72 61 88 94 84 80 65 34 71 94 69 78 48 68 58 73 76 54 86 61 85 97 93 94 100 13 30 78 48 72 48 65 87 37 79 82 38 60 64 72 95 85 77 85 92 74 87 31 72 76 86 89 95 97

41 9 33 11 33 38 27 31 7 44 20 1 8 12 17 14 15 39 2 13 29 76 30 60 9 47 65 38 57 54 28 12 48 60 47 38 2 54 52 58 11 12 31 33 31 53 77 14 23 73 42 24 22 27 71 6 1 40 10 52 3 17 9 12 26 22 14 5 26 77 50 19 2 68 9 36 13 31 54 22 53 35 41 18 69 52 25 28 10 52 35 37 40 20 26 60 51 3 89 9 4 24 41 65 70 38 55 43 29 81 50 12 81 58 28 22 19 33 48 25 11 37 58 61 65 71 48 20 14 83 35 23 18 41 69 50 14 55 14 53 23 51 22 45 5 8 34 50 46 1 76 18 13 47 38 26 11 42 29 66 28 6 22 43 28 66 45 59 44 27 78 64 21 22 76 38 17 64 18 62 65 23 43 32 25 1 30 10 12 37 11 59 14 1 25 21 81 11 39 24
43 19 89 89 38 77 64 90 98 64 34 57 30 74 90 89 36 45 41 96 36 96 44 98 28 70 79 57 94 63 80 99 75 83 95 84 73 75 83 96 76 37 50 38 45 61 97 56 82 92 74 65 56 99 94 90 17 68 95 91 84 69 53 60 66 95 26 94 79 95 82 47 21 75 29 42 69 72 73 46 73 64 61 72 99 77 83 95 16 97 47 78 69 85 33 66 83 56 92 30 68 52 97 70 88 91 56 88 96 90 74 49 90 96 82 72 64 81 77 60 56 56 91 97 86 73 64 45 90 95 49 95 34 80 95 90 100 62 78 83 37 93 31 65 57 94 45 62 63 50 85 41 72 100 86 40 56 92 54 84 52 84 84 59 58 85 74 98 58 73 99 71 67 36 86 96 23 82 67 97 94 62 45 45 55 84 74 85 90 49 41 97 61 20 54 72 98 48 67 45

954 254 546 732 737 1694 322 662 593 137 113 349 81 374 245 308 105 102 136 841 174 200 233 221 145 406 167 775 647 1018 1487 962 857 410 266 685 105 178 61 623 255 668 509 713 598 486 944 221 366 144 658 48 304 790 97 1399 521 963 2224 485 218 689 244 213 171 169 302 292 230 203 995 143 252 130 1589 556 864 310 1047 457 2095 466 189 508 893 148 666 197 1411 949 985 381 569 1019 91 266 566 163 1193 219 496 477 62 736 886 529 130 258 240 39 861 663 1351 939 287 277 199 192 2320 444 277 1014 443 732 1489 798 605 114 1186 55 223 604 1876 1409 341 59 1063 419 1132 332 350 110 107 133 432 543 418 1745 2173 1778 333 760 978 430 645 465 139 2233 419 150 134 142 359 682 1601 94 1693 1046 102 621 137 544 936 234 1944 1068 200 392 263 163 1097 257 129 871 499 134 154 377 253 191 119 2058 147 257 99 2187 1059 1923 607 355
1479 597 2915 1453 2090 3299 461 702 1810 547 508 634 107 776 823 574 135 336 165 1404 325 353 519 610 1443 1036 905 1966 1109 1568 1803 1053 1426 2576 439 1735 134 304 267 805 851 726 2276 757 960 599 1708 1023 1597 514 1544 624 1756 901 2084 2479 554 964 2758 1497 689 883 752 1385 1165 265 973 659 307 1320 1598 341 1074 324 2014 991 1031 1305 1164 1185 3076 531 192 1226 1290 644 946 711 1799 2869 1059 1205 634 1151 1653 697 866 455 2051 2712 1432 632 1382 1017 954 591 2476 351 743 59 1421 752 1891 1342 448 641 318 1327 2388 986 1618 1740 723 1066 1764 904 2326 1211 3183 1325 815 1186 1889 3391 3290 112 1203 626 1506 1910 457 564 365 369 525 558 3638 1882 2568 2886 1230 1691 1279 879 1834 602 362 2762 962 563 336 978 717 1092 3868 434 2613 3841 982 887 358 1345 1083 1938 3522 1261 1610 499 3233 235 1360 520 749 1197 687 801 157 762 361 747 1382 2133 187 1034 1800 3418 1430 2321 1617 617
2007 950 3545 2763 3014 3652 675 838 3725 909 791 686 330 878 850 951 2523 629 649 1467 1074 1033 971 1043 1755 3814 1321 2006 2310 1900 3586 1113 1594 2956 506 1878 153 795 674 918 3922 1078 3488 1034 1015 653 3262 3135 1941 1727 1799 928 1798 950 2312 3443 942 2013 2852 2670 692 1411 1024 1930 1338 690 1230 989 1985 2003 2382 972 1269 1058 3498 1090 1512 2029 1767 1449 3660 1960 679 1503 1915 694 2812 1104 3096 2907 2193 1944 1016 1306 1991 1551 1490 563 3755 3704 1447 1816 2699 1307 3241 783 3504 3262 1015 782 1637 971 3442 1604 646 1030 326 2429 3007 2839 2743 1921 1009 1409 1848 935 3618 1230 3746 1727 2020 1534 2504 3647 3776 574 2058 871 3972 3788 1023 3825 892 616 963 674 4061 3937 3691 3372 2763 3168 1519 998 3381 787 1000 3815 1054 1008 450 1657 3472 1551 3935 913 3314 3911 1395 1780 757 1354 1176 1960 3811 3590 1955 942 3525 1076 1399 888 1341 1484 998 935 275 971 1148 1504 1933 3835 1338 1869 2038 3914 1889 3172 1649 707

888 186 439 385 617 1504 37 222 455 115 89 235 55 337 180 221 36 76 122 581 59 150 101 201 116 350 71 249 409 923 1410 610 758 407 161 516 70 175 23 399 98 452 374 599 156 309 199 190 231 19 415 47 234 294 89 729 401 953 1767 179 197 273 66 212 161 78 176 189 199 58 851 142 141 90 337 154 651 75 658 293 1026 448 102 395 183 42 348 135 219 679 335 375 518 670 17 199 563 128 285 209 347 405 49 306 682 519 107 49 171 38 406 182 842 814 160 86 131 169 2105 131 247 570 391 319 966 357 428 62 610 47 88 469 1478 1237 171 57 723 265 1031 281 244 59 71 78 343 205 324 979 1203 1010 242 530 523 294 404 396 82 868 373 102 129 100 198 617 1478 18 1333 603 66 105 131 489 845 43 1762 985 109 258 147 100 864 253 110 599 416 33 140 346 243 164 82 1463 65 156 65 671 750 1752 519 138
254 11 85 285 433 1168 32 188 374 59 72 174 25 334 135 138 14 48 120 127 20 124 65 166 43 308 57 173 259 530 928 355 176 345 11 150 29 21 12 253 44 60 126 508 11 189 28 140 176 12 86 34 36 57 54 34 200 746 71 65 6 235 3 98 157 69 32 74 104 16 443 23 78 69 286 97 14 33 64 163 797 57 71 86 135 1 124 79 6 91 281 17 17 84 5 189 447 22 230 120 285 7 10 146 552 412 59 21 110 12 148 166 480 277 97 80 11 73 179 57 45 83 95 135 197 31 102 21 319 16 17 425 329 34 126 24 579 263 365 24 6 56 46 1 128 42 41 691 1117 926 61 126 63 49 364 384 80 311 173 78 104 92 12 271 774 17 1033 72 1 54 110 132 479 41 927 595 76 101 121 25 417 205 30 192 118 20 118 174 149 160 81 431 3 140 23 53 181 1635 133 48
