200 3 2
34 17 52 22 54 35 48 47 48 38 13 2 80 26 73 95 95 79 67 60 90 1 94 54 5 65 72 74 26 33 87 98 20 78 7 87 43 42 4 7 40 92 40 4 95 39 23 32 35 82 32 88 38 85 33 99 34 43 75 2 13 90 13 94 42 75 33 92 79 10 5 24 32 62 61 81 14 7 98 35 18 64 14 70 15 21 70 35 47 69 23 84 9 91 55 78 88 86 35 91 92 11 38 10 99 7 8 82 81 93 33 65 19 77 43 91 29 67 62 80 3 9 24 54 50 61 5 29 95 83 36 39 1 37 67 10 4 19 15 37 63 80 29 80 29 2 65 58 64 26 26 2 89 38 63 31 45 83 23 71 32 22 1 99 52 53 95 13 13 77 20 47 70 78 99 78 27 100 13 57 53 77 41 25 74 95 8 64 10 5 53 30 43 63 74 73 54 35 86 72

9 23 20 28 6 8 66 12 82 8 42 84 21 32 15 9 27 31 20 27 8 48 3 31 7 13 27 17 15 8 70 2 54 10 30 15 12 31 24 3 19 49 83 40 37 82 11 10 56 35 21 22 21 2 15 4 81 16 48 20 32 25 29 1 2 32 24 4 61 21 16 20 10 81 62 35 2 13 1 56 10 38 1 77 24 5 19 9 25 35 24 51 29 33 27 20 48 23 8 36 22 19 13 2 8 26 40 20 5 3 64 1 20 27 13 41 51 23 66 7 58 6 40 7 52 11 38 2 5 27 33 72 5 27 33 8 9 62 19 29 41 12 2 8 9 16 39 26 62 28 22 1 9 27 15 2 17 35 47 6 8 9 10 11 10 25 55 60 2 5 8 22 47 42 5 1 22 22 1 28 1 57 13 29 2 33 25 16 47 4 14 17 2 3 35 40 63 17 2 47
35 58 49 37 27 40 90 36 91 24 87 87 32 46 88 56 28 38 55 56 16 70 10 54 11 24 48 22 25 26 90 65 81 46 66 43 16 37 45 91 64 64 99 87 45 82 56 29 69 84 60 40 37 37 22 18 83 24 57 52 66 33 76 13 5 73 30 15 84 47 30 21 22 93 74 53 9 33 23 83 19 38 27 82 52 11 28 56 41 90 37 79 35 77 34 23 52 75 70 52 38 85 90 77 32 39 58 30 44 71 82 27 55 52 60 92 60 84 79 57 73 27 63 25 73 25 51 5 85 52 58 76 69 98 33 38 33 65 49 79 61 16 72 29 76 36 80 68 72 50 58 56 30 52 30 3 36 58 56 85 27 83 24 65 20 51 56 65 45 45 40 61 67 71 40 30 22 67 18 52 56 60 17 61 28 41 28 21 56 5 44 50 67 4 45 49 69 79 44 85
66 59 98 54 44 90 94 36 96 60 99 89 82 70 91 77 53 56 73 95 84 81 59 68 68 56 59 78 65 89 98 98 86 75 76 79 69 56 83 91 84 99 100 91 82 93 94 73 86 97 78 74 60 70 88 86 95 79 65 97 93 83 95 27 36 81 63 62 91 79 54 66 39 94 74 68 65 65 59 90 70 71 73 87 66 45 46 57 48 96 90 99 51 85 37 99 66 96 76 64 56 99 100 89 89 92 72 32 48 86 99 94 99 93 67 99 82 98 97 77 80 100 95 26 81 36 87 42 91 59 94 99 97 100 75 80 71 67 83 98 99 63 80 96 89 56 98 100 88 77 80 80 69 100 57 44 99 64 81 87 94 88 47 83 21 60 78 81 64 52 50 84 76 93 82 95 38 81 18 57 63 64 62 86 93 80 53 28 76 49 79 68 91 86 66 98 87 99 78 88

43 19 88 5 55 12 12 53 18 96 27 26 9 14 4 14 42 54 34 20 80 3 6 19 35 54 4 11 23 12 37 5 12 25 24 45 49 71 62 11 24 8 89 60 42 17 58 70 8 24 66 24 50 1 33 3 16 46 86 36 60 54 48 25 16 13 37 2 30 29 85 72 52 69 6 7 31 20 36 3 65 27 52 47 17 17 52 72 46 11 90 3 74 26 23 20 15 20 69 22 51 18 29 29 61 25 12 69 68 17 1 43 65 60 42 7 1 19 17 39 9 9 2 73 22 44 26 47 22 32 28 20 59 28 75 32 5 59 37 41 44 24 26 19 6 13 45 4 65 70 49 18 4 72 12 19 77 25 15 22 61 50 13 22 12 44 33 18 50 4 47 94 80 11 81 6 54 8 82 33 4 93 28 12 35 26 54 46 52 46 6 50 39 9 9 53 23 35 7 22
47 80 94 47 93 68 97 57 67 96 58 99 14 75 31 58 53 96 65 98 83 77 9 20 61 83 95 88 47 21 48 64 82 64 76 50 82 96 95 91 33 76 90 94 62 45 67 90 88 63 94 53 90 2 75 14 19 87 91 42 68 75 49 77 94 63 87 98 45 87 99 81 75 91 25 41 87 67 52 91 82 43 52 86 33 35 72 81 58 79 96 88 97 90 95 30 22 60 97 92 100 45 71 32 82 79 22 94 71 86 71 83 69 97 98 86 13 91 37 40 61 96 3 74 57 73 32 73 63 95 90 50 76 69 89 84 68 99 54 99 95 70 70 37 87 20 59 8 85 82 68 70 70 77 15 83 94 91 40 43 72 96 51 53 26 46 93 33 84 61 68 99 99 85 97 97 63 90 85 48 57 93 30 54 68 40 95 70 77 89 15 91 65 90 59 88 80 79 65 93

153 284 53 710 1577 1399 420 126 373 147 343 269 530 1808 250 1091 366 1007 396 939 525 614 984 2193 1231 440 1974 626 238 390 473 213 107 1088 967 399 927 338 943 687 50 637 160 237 1214 916 310 2183 279 286 1001 485 984 194 302 870 702 432 1586 279 230 113 166 550 127 282 317 556 774 118 1790 590 1826 132 1387 865 29 1654 393 514 503 619 467 452 345 347 2189 663 665 1454 63 245 1290 922 238 347 836 825 177 2325 1014 931 472 126 212 40 112 174 270 97 407 178 1254 1102 380 263 337 601 208 162 685 24 1197 661 514 118 677 171 386 598 569 220 1041 240 885 619 786 527 1479 1327 446 640 932 1441 49 675 734 2841 97 733 417 229 587 231 432 551 504 440 740 394 228 539 439 195 782 370 311 483 61 891 602 1459 252 382 347 540 679 308 1875 382 465 968 1025 39 485 1210 23 439 220 195 371 855 772 569 545 89 1389 791 831 2278
1776 542 1028 914 2414 2326 572 2297 1167 1969 1041 479 549 2745 950 1456 1139 1071 476 1274 1315 793 1633 3705 2511 538 2136 3503 965 1603 1521 665 402 1952 1022 595 1114 1034 1293 1244 1221 1195 278 868 1524 1153 619 3838 407 304 1961 1410 1187 2838 471 1190 841 561 2580 1247 475 1678 652 666 454 406 1227 868 786 509 3185 658 2646 151 3903 1607 296 3127 1138 605 777 1617 1343 616 1425 496 2505 1504 1464 2692 613 952 2070 1037 407 447 1352 909 398 3337 1246 1658 1176 248 625 175 158 971 306 1135 1490 1720 1364 1249 495 922 652 728 630 1324 1640 32 1530 873 782 550 1278 348 833 825 642 543 2153 466 1797 835 2080 1063 2872 2560 846 2645 1446 1536 813 2925 826 3100 338 993 821 292 664 311 1173 1692 1293 1101 2907 563 790 988 454 567 828 486 340 547 924 1111 607 2648 1239 535 618 1087 761 515 2527 2488 804 1164 1058 287 521 3015 392 1533 606 813 570 947 1482 779 686 715 1466 950 1256 3044
1986 726 1989 1616 3837 3730 639 3829 1517 3263 1906 1131 1820 3807 1411 3805 1457 1188 815 2385 2035 929 1872 3835 2775 588 2228 4026 1692 3406 2960 795 679 3790 2083 2298 1376 1635 3525 2450 1919 1470 793 989 1757 3251 954 3961 764 729 2180 2367 1330 3683 535 1635 843 934 3923 1271 514 2022 995 812 1522 1033 1465 1035 978 549 3480 941 3330 1990 4037 1965 3449 3828 2021 975 811 3719 2832 881 3503 683 3684 2273 1974 3227 1594 1046 2108 1106 805 648 1648 1173 930 3651 1761 2471 2022 860 983 524 903 1750 627 1396 1773 2053 1726 3187 584 2797 980 1188 913 1570 2032 759 1965 977 925 1045 1557 3945 1022 1036 698 857 3416 1916 1996 867 3806 1322 3085 3861 1532 3754 1836 1555 946 2969 1103 3330 805 1002 856 853 989 472 1805 1810 1867 1173 3820 1050 1975 1000 2552 950 1725 3289 1071 563 2003 1636 986 2755 2540 751 877 1187 933 1177 3233 3012 993 1490 3037 908 870 4073 407 2016 752 851 1645 979 1809 1393 903 1837 1952 1422 1935 3663

137 222 50 566 1410 1359 220 66 270 88 316 255 472 1748 165 396 348 494 191 704 390 180 524 2048 1124 254 868 277 78 158 437 187 54 963 504 321 521 247 867 346 31 326 41 158 1028 406 236 1153 234 267 856 289 573 122 78 134 637 353 1304 181 90 87 142 501 58 122 302 279 725 51 1717 572 1097 36 1155 672 18 846 376 442 173 417 240 361 258 262 2123 624 662 1356 17 95 510 325 201 68 724 69 121 1968 530 528 323 118 52 28 101 123 227 36 362 124 96 707 150 108 152 214 108 60 363 18 895 227 346 65 293 91 94 290 567 169 919 49 643 586 179 382 989 472 320 278 252 1227 31 370 704 2663 78 421 331 99 541 163 371 541 334 288 171 289 150 464 165 184 76 317 285 437 40 238 506 936 193 194 295 290 638 267 855 328 405 869 448 6 312 954 22 369 84 129 301 665 556 453 345 30 687 698 704 764
54 39 12 503 488 1094 47 8 72 71 142 135 451 1419 153 194 21 458 58 236 78 176 24 1578 39 40 813 270 29 9 403 139 22 626 103 91 388 208 552 192 26 207 15 67 586 185 9 21 210 107 819 176 516 66 32 28 248 242 295 135 47 53 102 235 1 82 290 34 574 26 517 480 105 32 905 219 16 304 98 371 71 176 87 174 42 27 252 251 299 988 9 5 229 179 24 33 56 55 39 1323 474 296 262 51 6 3 88 60 86 26 335 60 69 649 60 95 108 57 84 52 203 2 589 130 21 45 138 80 16 227 181 58 240 6 366 22 104 381 321 386 228 59 231 137 27 13 595 1760 52 67 32 77 246 121 281 540 145 159 86 66 148 411 154 167 1 141 100 16 27 196 119 649 171 54 215 193 537 16 593 109 402 387 99 4 179 408 1 90 22 121 82 198 177 412 44 26 28 110 303 456
