200 3 2
24 67 74 67 23 100 3 38 60 54 73 25 68 39 10 66 42 6 70 70 29 22 32 43 68 56 33 47 1 93 24 60 97 81 20 10 78 71 24 45 26 36 35 100 20 81 1 71 20 68 94 23 26 65 62 18 3 26 39 65 21 51 10 33 43 47 12 10 62 53 25 83 90 2 97 84 15 38 39 78 59 31 93 1 60 23 38 98 24 94 14 29 4 69 55 32 13 62 83 91 54 53 20 88 33 75 85 26 44 75 30 3 94 51 15 26 60 8 43 22 9 6 28 19 8 61 39 66 37 42 52 33 25 75 65 62 86 87 97 94 61 33 29 5 39 64 54 18 44 55 43 49 63 74 84 53 58 24 59 97 85 19 80 4 89 46 83 14 75 76 80 14 85 27 85 13 41 73 96 77 13 64 17 89 54 92 2 69 98 92 75 36 93 88 39 6 33 51 86 15

35 10 58 19 18 31 56 16 15 10 36 18 7 31 13 56 7 50 11 58 25 22 25 6 22 78 31 9 41 12 28 56 31 15 23 26 22 27 10 52 12 38 12 15 26 41 42 17 5 34 39 19 31 15 30 22 85 24 21 18 59 6 26 12 29 2 32 5 76 30 6 17 18 37 16 11 2 54 23 42 59 47 13 71 7 8 1 1 17 25 28 13 13 42 43 40 12 34 17 21 58 37 38 17 29 8 30 8 40 56 21 62 63 36 17 22 45 9 64 7 14 8 11 43 29 33 76 8 38 10 7 3 60 52 11 60 13 34 8 21 15 22 1 6 40 14 33 28 34 13 50 36 8 1 1 55 58 42 32 13 60 3 5 51 80 50 10 48 36 21 43 23 50 16 11 7 14 30 9 11 1 8 63 4 46 1 14 28 14 24 24 9 5 48 4 36 17 10 68 7
47 27 92 28 29 47 94 53 97 48 73 63 43 42 18 70 17 59 48 64 45 33 28 56 47 91 45 22 42 81 46 62 36 40 50 53 29 44 67 68 50 38 24 43 64 54 61 37 14 39 61 46 45 64 35 25 93 83 49 38 70 51 56 26 32 68 43 16 78 31 25 31 24 51 33 13 64 99 28 48 69 57 20 96 47 36 3 57 19 46 41 31 13 71 45 54 27 67 33 27 65 43 42 63 47 34 34 58 52 68 62 77 85 65 70 36 51 68 67 32 73 27 14 90 30 41 76 91 57 35 47 35 64 65 34 68 22 36 64 50 83 64 69 20 84 17 54 55 78 56 58 51 37 51 30 61 85 76 55 29 67 59 54 53 84 83 33 72 63 60 48 37 58 47 49 16 76 58 22 69 75 56 68 33 57 56 38 44 64 62 60 35 11 49 34 60 56 82 87 10
89 28 92 60 43 92 98 71 98 68 78 63 50 52 29 77 40 64 68 93 93 66 66 66 55 100 73 90 74 96 88 66 42 96 62 79 87 87 67 98 98 98 49 93 88 100 94 56 94 54 98 96 83 68 87 52 93 93 75 80 86 86 78 46 46 72 99 81 83 34 71 49 79 51 40 62 84 100 62 67 73 93 92 99 61 52 95 61 94 67 85 45 31 93 84 87 71 91 85 63 97 60 57 92 69 95 55 70 92 87 71 91 97 77 100 84 83 69 87 38 77 99 96 92 37 66 88 93 57 98 77 98 74 84 92 87 59 80 100 97 88 81 94 89 86 78 94 92 87 81 100 85 63 55 63 82 93 84 79 86 70 75 69 60 99 91 65 85 80 88 65 67 88 65 87 38 82 77 99 70 90 62 74 44 75 65 43 90 78 92 68 82 75 84 91 60 70 96 96 12

11 21 18 16 4 59 19 17 43 59 54 80 16 42 66 41 69 1 35 16 28 42 10 1 39 67 30 3 53 51 40 4 34 31 21 61 26 34 40 63 74 3 65 48 7 15 22 24 10 84 4 64 8 2 7 76 11 12 27 59 39 42 4 46 88 28 38 39 22 35 56 40 15 6 43 25 52 40 9 2 32 25 44 61 62 21 84 54 44 9 15 49 1 75 72 43 96 84 30 40 49 29 51 8 2 62 44 64 27 18 65 32 16 15 56 59 43 6 37 28 22 10 26 48 16 81 17 45 22 26 71 59 33 61 9 24 32 67 1 37 47 21 28 4 30 9 37 83 37 44 89 16 29 11 61 37 2 50 22 67 22 3 50 74 21 40 22 49 69 9 64 37 12 29 35 21 9 24 31 25 85 38 5 66 73 28 6 13 49 7 58 83 53 27 90 12 44 35 13 38
59 95 41 37 100 67 86 90 49 95 74 84 30 87 89 43 97 57 66 96 35 44 56 99 58 86 71 54 100 99 58 25 60 62 23 69 94 37 81 85 87 66 86 94 94 62 65 86 39 96 27 66 49 14 17 80 34 53 92 99 57 45 75 82 95 31 52 78 28 61 88 89 36 32 62 44 66 66 95 78 92 99 97 82 80 61 87 55 66 59 100 78 79 77 89 91 98 95 36 56 78 55 84 24 86 67 79 64 65 75 84 48 51 86 61 78 60 54 87 87 87 85 41 57 51 82 97 69 79 36 91 85 63 99 90 58 92 90 4 99 95 31 95 84 42 81 76 86 59 64 96 61 66 79 93 40 68 96 56 90 78 32 80 85 22 47 69 96 81 26 69 95 17 31 47 99 76 80 45 94 95 87 89 70 90 97 7 82 78 37 76 88 75 50 95 52 66 45 99 78

778 336 124 1089 338 1001 102 1077 412 237 861 605 902 458 479 608 123 1771 1831 85 872 620 216 926 1462 2004 475 885 428 1889 502 535 474 191 1176 125 520 182 1048 381 425 196 691 267 973 797 3 1584 651 1014 155 507 1947 256 1273 564 112 751 794 2255 965 110 405 86 65 605 249 1036 357 387 800 2065 295 1143 278 1256 493 766 2475 523 1463 314 283 554 1330 637 215 289 946 280 945 43 511 275 101 821 1424 651 193 193 162 1712 550 1939 636 1035 1297 1151 365 182 389 2500 1079 266 24 65 122 154 1572 525 1159 411 298 99 1317 1373 365 792 259 286 689 355 395 330 67 358 157 850 1139 695 1597 814 386 310 142 268 388 202 293 639 529 974 168 359 2244 749 174 464 186 247 1804 26 1634 311 239 126 1501 352 353 384 1929 109 1084 38 1276 275 269 100 875 322 1307 1359 150 689 162 793 471 182 133 434 125 1176 293 493 766 35 890 1109 696 340
1103 1875 838 1485 514 1180 757 1459 416 677 1605 1234 919 1091 909 2876 521 1787 2586 2293 1432 672 3273 1878 2040 2572 853 1791 532 2909 881 606 1556 194 3130 1434 527 2252 1726 853 804 1185 1668 1655 1205 1363 237 2436 802 3295 310 1037 1966 300 2993 863 178 984 892 2796 1046 3305 608 1235 1054 687 509 1873 631 2261 867 2171 488 3555 1020 1498 1325 3413 3571 776 1927 1009 702 708 2253 1149 327 559 1669 977 1527 72 617 352 375 1055 1997 2468 616 601 503 3402 822 2550 1505 2232 2922 1220 417 1733 1022 3133 1133 356 79 951 673 948 2218 688 2135 454 298 573 2084 2147 1157 979 566 755 1884 1490 534 769 898 751 161 1412 1689 1725 2844 1293 670 2171 590 1889 711 731 538 1071 832 975 642 911 2378 993 574 571 493 522 3350 94 2737 399 378 861 1759 629 585 718 3015 314 2370 371 1512 1465 975 247 951 1352 1940 1528 372 743 1484 1644 664 229 1465 1080 283 1408 325 590 911 128 2740 1169 1342 387
1406 1962 977 3843 942 1195 920 3981 1627 1958 1709 1732 1283 3388 993 3830 721 1894 3268 3460 3383 1733 3931 3339 3129 4037 893 4046 703 3392 1030 825 2415 853 3753 1458 1211 2897 3924 1830 1154 1424 1843 1853 3257 1378 700 3834 989 3780 1080 1554 3531 998 3027 2157 399 1662 962 3125 1359 3972 677 1782 1153 754 525 3837 2771 3453 941 2607 819 3849 2093 1568 1643 4012 3594 1018 1941 2771 738 1364 3832 1319 968 624 1768 1009 1794 854 1878 617 1916 1977 2275 2707 1058 1716 545 4029 865 3806 1636 2416 3971 2618 1461 1864 1581 4000 2029 603 989 1829 1455 1257 2863 847 3675 889 300 947 2168 2622 1344 1051 972 938 2360 1935 545 973 1761 1322 604 2087 1958 2021 3506 1977 1440 2538 756 2239 1218 906 1020 1388 900 1942 3424 933 3812 1466 995 729 674 862 3484 121 3654 747 1575 914 1965 1847 972 876 3158 1658 3405 862 1680 1590 1112 597 977 1384 2292 1845 967 878 1579 1747 874 356 3601 1441 856 1910 702 638 968 540 3462 2181 1734 953

223 133 118 822 205 848 85 60 345 204 561 413 627 384 475 404 104 1101 1806 49 582 228 121 722 1257 1455 187 870 416 682 284 74 35 160 1043 98 227 167 657 266 424 91 686 212 306 480 2 1304 425 43 21 493 1216 118 863 443 64 735 394 1101 190 109 296 16 37 297 135 98 249 140 617 1412 189 927 260 441 406 717 1948 218 1283 168 202 541 857 399 210 245 239 151 548 30 277 159 51 706 851 535 108 190 142 743 285 1430 302 680 1085 1088 230 108 33 1289 825 133 6 22 50 132 846 502 635 371 283 77 1035 1095 338 541 120 273 366 215 198 263 27 117 124 758 1121 314 1576 783 275 193 133 101 219 98 177 538 501 831 139 358 1393 392 152 445 183 210 662 13 1323 99 182 89 1339 195 201 183 1549 94 777 16 688 215 184 99 377 304 1158 1230 139 355 110 402 251 170 102 244 18 1150 239 244 290 33 866 432 518 254
51 16 97 263 161 737 73 40 10 136 313 225 238 310 454 205 7 4 1243 26 576 181 76 533 508 1191 161 17 170 555 282 48 32 93 975 67 184 147 263 210 364 23 334 83 245 70 1 623 318 21 16 313 122 88 649 46 4 390 32 753 126 49 264 6 2 266 106 7 57 66 519 722 98 121 182 333 291 399 1519 71 216 119 139 358 229 212 60 192 200 105 3 7 191 43 18 211 187 111 82 74 22 238 272 842 238 426 467 935 50 42 32 316 645 64 4 9 2 90 203 145 419 143 263 27 116 997 136 361 102 82 110 162 191 257 16 68 54 118 822 149 496 290 165 94 20 16 11 75 124 63 9 597 14 206 1186 45 48 335 49 168 474 5 1307 46 164 40 494 6 35 177 1462 20 285 5 89 213 98 96 205 117 867 786 18 296 53 69 56 106 77 242 13 878 97 23 234 8 328 162 255 114
