200 3 2
46 19 28 40 5 2 72 96 17 97 92 91 24 42 68 35 37 23 93 74 21 80 57 52 18 53 10 98 22 42 73 83 20 32 73 13 7 93 69 11 23 50 49 97 2 50 25 80 37 1 11 20 31 53 54 89 39 13 83 26 61 90 3 11 67 47 63 84 44 30 49 65 88 23 21 36 86 83 69 45 50 32 58 99 26 49 43 1 19 12 98 69 9 63 99 91 99 58 7 8 9 80 3 75 16 60 53 5 21 53 65 28 11 91 84 80 97 3 59 16 20 31 60 7 71 19 32 68 46 56 20 72 21 38 47 78 24 44 29 58 75 20 73 16 69 29 99 14 64 99 21 56 29 45 5 41 73 6 53 95 46 26 98 93 93 41 41 89 8 78 38 73 86 85 18 27 57 40 66 62 31 54 20 29 28 83 21 32 65 23 77 66 96 54 93 38 93 56 35 82

35 20 11 9 1 9 62 31 38 3 36 66 15 38 13 78 34 22 3 20 34 1 8 62 14 20 20 3 6 48 41 39 50 90 39 82 32 28 35 62 3 25 49 10 27 56 64 28 14 21 30 24 34 12 65 4 14 19 9 7 40 7 7 40 2 53 32 2 11 2 62 18 1 14 23 14 22 57 73 10 37 28 4 37 22 12 26 1 29 62 2 8 13 36 17 2 31 25 15 17 4 1 7 4 19 81 16 5 2 12 61 4 18 25 25 45 15 32 46 21 46 4 5 4 5 5 80 11 27 8 15 46 3 22 2 29 20 3 15 2 10 6 36 48 7 39 46 20 35 14 22 3 12 17 17 1 30 8 32 38 35 19 28 25 22 20 39 24 19 23 26 6 3 2 16 12 5 73 5 7 28 19 38 64 61 20 1 18 17 31 76 35 27 22 13 32 12 27 11 5
97 48 60 20 52 15 82 43 62 44 56 81 84 62 67 96 39 41 38 54 60 4 47 94 59 26 47 46 37 53 61 51 91 91 48 98 83 35 61 81 59 77 54 53 40 65 65 41 49 44 64 88 40 40 71 24 40 52 97 36 61 64 25 85 61 60 41 37 42 20 86 49 73 29 69 58 57 69 78 69 40 57 22 50 58 18 52 11 30 79 35 64 81 40 40 15 51 35 73 24 65 10 40 36 54 88 22 63 27 68 75 13 85 29 27 60 47 46 89 40 49 83 46 8 7 58 84 38 62 43 78 77 32 45 5 72 65 81 52 27 48 56 81 54 51 47 96 49 88 21 29 25 24 62 42 75 49 16 41 60 48 46 30 45 41 73 40 29 28 33 40 37 22 25 22 31 14 81 48 35 55 38 65 69 62 81 31 46 54 39 89 71 35 23 81 71 51 33 16 42
97 63 99 80 66 22 88 63 84 60 70 91 85 63 87 96 100 93 62 78 89 68 57 98 100 85 63 92 44 69 79 66 91 98 78 100 85 83 94 85 94 92 62 54 92 100 80 80 81 76 66 93 69 90 88 85 57 54 99 66 88 68 43 91 74 85 46 50 70 53 96 55 90 67 96 62 71 96 82 73 76 71 51 76 72 26 82 73 37 96 60 81 88 59 42 84 63 56 95 54 67 35 46 81 97 94 99 90 37 91 91 67 91 35 27 84 70 58 91 76 56 85 100 41 65 86 100 53 75 86 82 99 77 64 21 94 65 82 56 41 65 74 81 70 64 98 99 75 93 24 70 29 49 91 44 79 67 30 47 90 98 77 98 88 44 91 61 58 73 64 43 82 69 67 57 62 100 84 55 92 58 56 91 85 75 91 87 84 66 83 90 92 95 96 83 72 62 89 45 78

67 18 7 47 28 72 13 69 56 29 18 13 3 33 27 41 39 27 46 77 40 18 88 34 76 28 27 23 55 70 70 81 4 35 4 24 9 30 48 17 39 53 5 76 15 8 28 13 44 61 47 51 67 73 38 89 7 9 39 38 28 21 94 29 91 46 69 52 31 68 36 79 22 59 24 71 28 38 18 29 16 22 59 39 24 42 26 9 2 54 54 58 6 80 22 75 25 26 30 13 6 40 82 75 57 56 74 7 39 25 74 39 8 93 69 6 26 84 34 79 55 71 27 63 30 56 27 65 32 11 37 27 7 75 5 2 55 77 51 47 16 84 46 19 39 38 60 30 52 30 20 79 18 16 6 16 92 2 90 34 20 83 61 21 45 14 33 19 53 39 38 26 58 14 44 37 28 20 5 10 36 31 38 60 5 12 42 11 45 44 78 16 56 70 50 12 75 19 32 25
95 51 54 84 80 74 87 82 91 88 55 35 40 81 72 53 59 80 50 81 93 23 93 84 91 87 97 57 71 100 79 100 69 66 70 60 45 72 50 87 55 61 43 96 96 100 86 48 96 79 84 81 92 89 64 98 39 65 42 90 74 59 100 50 96 68 93 92 100 89 84 79 26 69 28 82 35 47 89 90 26 74 97 49 84 52 57 80 33 81 93 88 97 87 48 81 25 90 92 66 73 79 85 98 72 76 86 81 68 33 78 100 31 94 99 82 41 85 36 89 66 73 97 64 91 78 97 77 97 86 41 32 51 100 84 62 94 83 98 71 63 92 80 77 55 99 71 59 66 78 77 96 71 36 46 72 95 74 100 67 61 88 73 28 54 33 82 57 79 39 55 35 89 68 49 68 59 48 24 36 37 38 71 67 11 71 61 32 99 75 97 38 94 72 58 25 84 77 88 52

54 109 30 1732 815 904 207 773 372 590 172 232 31 578 1031 62 164 716 132 350 3243 356 615 606 271 267 570 357 29 498 138 221 1141 2762 196 76 780 481 709 923 272 393 1077 424 250 185 34 343 339 921 11 187 395 2605 945 1521 60 22 562 224 298 359 278 1366 410 280 1267 528 731 2020 242 473 1284 2746 213 328 1569 259 204 45 420 214 107 766 181 560 405 818 123 238 1511 424 1199 285 2455 104 666 968 589 1901 179 295 135 288 633 1007 397 1411 322 311 259 2573 112 143 646 450 1134 130 83 35 377 189 1244 748 152 1018 34 528 2240 1358 69 360 677 157 349 89 327 268 1022 1797 864 174 577 1493 803 114 931 1552 710 396 70 259 872 574 460 184 421 2623 286 96 91 1446 257 722 250 792 177 327 549 876 65 291 1066 387 493 536 478 510 581 467 2485 607 767 39 146 601 191 1336 1142 546 85 208 384 590 154 730 1609 1163 3275 220
737 370 78 1796 880 1313 691 937 703 999 207 348 843 848 1458 524 267 1462 236 3179 3337 917 1186 3273 776 624 654 660 1007 852 1377 932 2892 3942 689 448 1068 1091 1411 2009 283 499 1508 819 2440 226 314 377 2691 963 393 1515 972 2670 1413 3638 112 324 922 3314 904 2687 574 2164 603 761 1337 1268 842 2334 714 502 1482 2842 320 2336 1835 1055 310 3287 421 574 1324 1306 1111 636 1488 917 206 294 1560 532 3066 353 2986 746 690 3052 2392 2339 556 3501 204 684 1525 2761 595 2577 952 372 2246 3314 801 698 3610 1584 2792 175 284 474 781 429 2963 2271 614 3233 80 1877 2388 1392 1057 1222 892 632 993 266 759 473 3387 2009 1500 484 1868 1768 954 394 2589 3192 919 1494 542 282 1018 3372 2279 578 802 3564 499 166 283 2258 534 1417 969 2290 813 664 795 987 1144 891 1113 397 642 703 1335 642 660 838 2988 1104 916 272 179 637 424 1633 1329 1217 620 634 540 699 527 811 3441 1752 3332 482
1043 531 928 1880 1581 3787 963 2623 898 3047 427 780 893 1361 1876 1164 547 1854 811 3935 3524 1578 1614 3880 1040 868 1521 1152 1627 2583 1414 1051 3391 3973 1225 964 1210 1543 1555 2173 386 527 1673 1081 2849 671 502 511 3370 987 1647 4012 987 3634 1893 3876 400 578 1152 3770 1048 3325 1203 3534 828 911 1440 1600 1773 3540 1021 1700 1775 3552 787 2801 2796 1786 583 3353 583 581 2196 1926 2701 864 1778 1937 662 312 1967 999 3767 446 3649 994 1259 3133 3480 3429 1207 3904 572 852 1796 3487 1009 3149 1766 2887 2545 3772 934 1011 3836 1819 3234 648 387 1408 1675 440 3960 2922 786 3938 837 3309 3090 1493 1631 1713 997 847 1081 750 774 1057 3428 3889 2017 811 1948 3274 1639 544 3726 3467 1151 1537 1315 837 1211 3805 2724 828 854 3730 579 1733 902 3954 678 1535 2212 2485 1901 719 977 1054 1225 914 2924 1007 799 925 1825 756 915 1101 4019 1192 1785 1424 641 852 519 3116 1704 1421 809 851 710 722 564 3948 3899 1789 3760 726

5 88 25 1683 766 434 204 727 298 480 141 120 14 491 953 6 123 658 129 252 1571 241 144 577 128 263 304 344 18 402 56 212 967 2595 119 62 466 178 226 814 200 381 940 358 243 160 32 319 289 764 8 90 303 2520 674 1386 30 16 168 202 129 284 207 1099 384 212 352 312 306 1874 209 387 285 2000 149 308 1430 149 100 29 220 138 63 677 133 259 260 766 101 140 1119 309 238 275 442 88 562 679 537 348 161 134 130 200 583 974 214 989 269 254 139 1453 105 118 438 170 568 56 39 33 294 128 972 462 136 903 15 523 1429 1175 13 206 553 133 231 72 248 208 757 1218 675 150 98 1261 634 111 776 1363 369 52 46 175 666 441 338 98 345 2607 218 82 86 869 245 595 76 563 173 268 312 861 63 285 437 378 189 167 261 391 194 171 512 186 303 37 110 528 165 314 435 465 75 60 150 549 85 651 1380 948 2716 196
2 53 6 1237 435 404 59 564 247 88 121 84 3 325 639 3 28 126 94 224 923 230 136 44 82 79 148 89 5 177 2 63 287 1292 95 39 409 112 110 292 180 282 605 40 70 75 16 289 99 557 2 25 87 872 491 113 21 1 122 49 18 206 115 608 151 99 198 177 259 718 16 45 100 562 87 88 826 78 69 16 44 35 38 43 84 191 128 380 67 60 987 77 225 260 264 71 380 574 254 246 24 19 57 167 5 23 38 582 265 77 82 593 99 30 33 149 234 6 31 27 77 56 9 140 92 304 3 40 1289 132 4 26 34 106 228 15 232 187 67 68 18 57 54 303 113 64 762 317 146 26 5 70 301 345 124 26 74 2578 197 17 26 186 179 445 65 208 40 73 226 520 61 43 406 173 96 56 223 360 107 61 249 35 204 24 10 301 145 134 5 361 65 54 19 131 57 581 1134 858 1782 1
