200 3 2
44 70 39 70 33 31 94 52 98 23 94 81 77 4 28 12 24 3 48 85 81 47 54 54 20 84 42 69 12 7 57 85 89 88 65 21 90 100 27 24 2 52 41 46 82 60 9 90 81 74 85 26 9 2 26 32 22 99 76 84 74 54 59 95 74 88 98 66 3 86 10 57 17 58 56 69 59 79 15 7 73 30 2 88 51 43 8 69 57 76 20 13 88 44 96 69 7 63 33 23 75 55 55 100 89 65 21 8 12 38 13 7 15 84 78 2 19 80 65 34 37 22 86 2 96 38 70 56 21 59 73 4 63 34 10 87 41 94 89 57 7 84 50 45 1 80 77 22 16 57 13 21 78 74 69 89 6 78 51 47 70 88 65 28 54 46 35 21 11 67 90 86 52 64 64 71 20 76 100 51 29 43 24 22 60 59 60 41 8 44 92 13 70 48 20 31 36 10 88 59

18 52 48 14 38 7 27 8 80 12 25 11 64 32 21 21 17 65 59 23 44 43 55 24 9 15 27 25 37 24 41 63 58 34 9 9 15 43 37 11 2 57 8 56 1 2 24 38 25 65 6 28 24 30 8 21 35 22 6 13 3 5 12 3 7 69 15 7 16 6 16 3 15 52 3 17 20 1 8 3 5 6 9 6 16 47 40 14 25 6 1 25 26 26 22 8 61 36 59 23 16 73 11 27 37 74 57 27 74 9 11 1 5 9 43 14 1 20 39 1 44 4 13 27 38 42 16 15 38 9 15 19 17 27 33 23 1 42 4 32 22 92 74 23 19 17 4 36 25 32 24 54 15 21 14 14 53 4 14 35 2 34 4 46 23 1 8 40 31 41 6 7 5 10 52 36 25 15 3 52 14 22 20 29 2 4 23 5 41 1 2 11 9 18 29 5 43 38 20 9
35 80 61 30 55 27 71 25 88 16 40 15 78 50 48 63 48 97 65 67 74 58 75 46 43 45 43 56 42 76 67 94 72 49 65 34 33 63 60 16 47 60 39 67 12 44 36 56 72 92 18 83 77 37 10 59 38 40 11 30 56 28 37 36 27 82 16 14 31 58 98 39 33 66 9 31 38 68 19 18 14 15 67 18 44 69 49 26 50 67 20 44 59 58 43 33 85 71 59 85 16 77 46 42 56 77 60 64 86 37 68 36 14 28 66 57 71 61 83 72 45 15 33 65 59 61 86 94 68 11 64 54 91 72 36 28 27 63 39 57 34 97 79 45 19 77 87 37 40 49 27 54 87 54 17 35 60 47 53 53 6 45 42 81 42 30 40 47 71 69 35 30 55 81 89 68 42 76 42 70 23 61 65 74 15 63 40 31 51 78 20 86 68 32 31 30 71 45 36 13
43 83 92 65 75 45 72 95 90 24 95 83 81 60 69 64 49 98 82 88 97 65 95 96 72 97 89 70 76 85 69 99 74 65 99 97 67 99 69 30 49 67 72 96 51 54 54 92 80 98 100 99 94 58 73 78 85 84 87 33 73 38 41 50 61 91 58 34 79 92 100 41 36 83 97 76 99 91 52 74 79 53 97 81 60 69 89 72 54 73 59 54 94 76 72 71 87 78 67 91 95 81 66 54 96 80 69 88 88 72 84 92 46 79 93 92 90 86 94 100 56 16 83 93 77 76 93 94 97 39 87 62 97 76 83 67 63 74 60 98 72 97 98 84 56 86 95 93 64 83 91 88 90 72 78 90 66 51 61 57 99 81 73 99 57 32 83 72 93 94 87 53 87 93 94 93 93 77 76 76 64 80 77 75 93 64 89 97 86 88 76 99 80 58 64 39 88 50 55 69

21 5 7 14 13 11 51 13 26 39 24 8 45 16 33 58 1 60 58 20 67 3 25 28 46 42 37 54 22 13 30 67 16 16 50 31 49 70 66 60 71 4 35 11 42 39 33 19 83 39 55 90 81 56 25 31 50 46 7 86 23 14 79 22 36 37 23 34 7 13 52 23 40 41 32 38 55 3 52 16 26 44 46 32 63 30 31 33 57 36 4 44 4 12 40 14 12 20 43 12 28 6 41 30 37 20 6 50 16 67 6 26 74 42 33 25 12 44 60 29 52 17 49 44 24 54 32 69 10 39 14 7 15 47 30 33 30 48 21 89 37 49 6 12 57 3 6 17 41 12 65 42 54 4 62 11 26 64 23 75 39 47 72 30 16 50 27 5 22 78 5 66 45 50 52 94 58 55 74 11 52 22 22 99 12 25 51 73 56 39 31 6 2 35 48 36 22 9 28 72
52 77 60 46 38 39 75 28 42 80 55 93 49 89 54 83 90 68 64 91 80 80 28 44 74 67 46 60 91 83 91 74 97 52 87 71 68 91 69 96 96 62 35 81 94 50 93 41 99 67 97 94 82 76 86 44 88 100 64 87 36 36 88 45 93 63 27 83 50 79 86 44 40 58 55 91 56 33 73 39 90 51 99 43 96 81 93 86 70 82 72 97 79 81 43 90 69 21 50 57 86 19 97 70 98 41 18 86 58 77 58 50 83 49 98 49 95 64 70 97 91 50 98 48 83 57 81 93 29 40 38 19 39 75 93 51 81 64 88 91 43 57 76 49 63 29 47 29 100 95 85 48 72 93 69 97 75 74 76 96 64 96 79 37 56 50 34 54 50 79 60 88 97 94 94 98 89 90 88 28 55 35 54 100 68 64 72 89 93 79 32 100 22 88 89 71 85 66 64 100

588 88 67 335 492 127 383 139 354 224 838 2736 178 289 742 568 1293 2284 277 674 531 2638 589 139 917 1350 114 193 554 757 130 825 856 245 369 1550 249 647 1043 402 759 1856 1467 172 121 693 3103 1988 258 546 184 102 889 3209 95 369 27 538 1709 539 404 681 1295 572 2016 629 1504 495 206 645 1249 420 744 164 540 908 95 669 945 98 261 70 175 1280 864 152 996 1349 1414 533 896 393 158 172 632 357 923 382 229 63 124 630 1667 207 433 3072 49 456 805 110 181 669 147 336 478 15 940 345 344 726 317 55 965 513 593 535 394 105 236 166 97 1240 493 555 497 1754 1208 677 1462 565 274 122 927 95 3009 122 351 57 119 599 922 271 87 589 242 286 86 734 66 96 999 224 329 676 944 761 1190 823 56 936 118 1826 1313 786 135 287 28 76 222 1208 796 2599 1813 718 596 1184 69 488 654 202 1139 262 931 438 301 466 321 237 264 1090
1568 175 384 343 864 159 680 473 1194 504 1047 3316 522 1095 1833 740 1370 3301 1023 1139 1990 2888 1367 322 928 2083 162 208 673 3047 694 1344 1192 1063 547 2047 653 775 1307 516 810 2127 1491 618 837 1019 3613 3144 1291 684 1427 231 928 3411 1768 824 2214 633 3109 2360 571 1772 2896 672 2195 2112 3699 809 464 2112 1637 428 959 981 565 1131 553 1048 1741 1355 880 117 579 2285 974 810 1446 1921 1831 552 1176 1232 215 514 944 359 1937 458 830 248 717 1553 2756 358 513 3622 3709 732 1163 540 2595 981 1375 1102 610 352 1548 833 366 1557 828 1465 1277 1366 941 598 614 600 311 760 818 1352 765 1575 2551 1793 1684 844 1802 1052 437 305 1954 403 3549 2964 389 236 1614 802 2994 861 497 732 1728 805 325 1115 328 170 2365 537 708 1247 1197 1223 1545 986 468 1714 1280 3026 2348 888 825 569 127 86 406 1260 1730 3253 2976 941 1532 3184 137 643 1274 299 1296 704 1267 1250 1107 506 2134 910 386 2380
1953 316 781 745 1807 700 1026 2022 1519 617 1782 3486 836 1399 1907 905 1709 3473 1486 2057 2013 3097 3667 1613 2118 3210 671 395 863 3585 714 3179 1985 1678 1529 2371 1020 922 2958 679 2610 3369 1764 905 1933 3913 3789 3749 1659 1999 2319 931 1099 3959 3091 952 2519 2138 3809 3096 693 1844 4055 953 3458 3600 3919 3161 844 2120 1735 1040 1480 3886 711 1688 816 2012 3261 3808 1566 875 582 3629 989 1554 1481 3265 2004 647 1836 1563 1218 846 1100 816 2731 630 973 500 3606 1727 4032 1447 1951 3761 3978 758 1468 1321 3426 981 2013 1548 786 679 1994 979 1154 2471 1387 1873 1415 1569 1096 804 1596 3669 1993 949 1043 1395 825 1905 3600 1840 1934 862 2074 2403 690 837 3003 953 3600 3880 1017 602 1908 1628 3932 918 676 803 2955 1161 3443 1939 405 603 2525 942 1627 1975 1791 1865 1763 2219 824 1771 1599 3524 2392 1694 1909 1662 666 764 1010 1693 1959 3637 3819 2128 1927 3830 242 2409 2046 462 1493 848 1706 1584 1917 2570 3487 1209 709 2652

552 69 62 229 253 103 345 114 311 221 825 2309 65 181 250 514 1190 915 159 673 424 1141 265 130 762 1174 52 59 214 549 34 103 488 146 356 501 233 577 579 378 600 199 656 111 108 618 1152 1561 124 247 173 72 232 1626 76 328 14 410 777 101 391 591 935 397 1767 535 953 238 112 486 1050 118 391 117 77 595 72 185 243 64 226 41 144 1062 612 54 607 358 941 511 521 303 52 158 590 351 615 269 152 57 100 563 906 168 86 1052 16 175 107 73 70 113 123 282 477 9 850 231 30 664 251 25 564 120 570 206 61 43 143 83 64 73 228 378 482 905 1028 555 1227 505 227 60 708 86 2787 66 181 16 108 390 399 253 27 41 165 257 68 147 11 83 705 19 87 628 534 560 1096 675 50 654 63 1614 722 775 112 258 17 57 193 1159 508 2224 1715 716 78 1013 46 319 601 111 1102 61 330 144 173 272 262 96 211 903
109 50 32 86 201 49 147 44 234 30 372 1175 3 15 172 9 1105 574 4 100 359 505 177 4 321 790 19 52 190 180 27 64 110 64 346 59 228 262 215 190 427 80 293 23 91 229 164 614 74 6 83 67 21 413 74 169 8 399 157 66 238 302 875 58 1006 527 20 77 98 321 907 112 79 18 76 169 25 67 30 54 183 5 52 1044 196 40 67 121 677 96 174 161 45 145 442 166 242 101 90 56 60 212 480 167 85 705 4 131 92 35 24 13 96 227 260 4 470 12 8 596 205 6 526 71 459 46 6 4 140 33 22 8 218 364 54 797 329 48 560 29 180 59 567 49 2430 6 15 14 45 218 192 182 1 34 115 43 54 114 4 53 490 7 78 348 502 425 239 319 14 310 29 507 135 168 89 38 8 33 36 727 225 1650 219 206 9 816 44 44 376 105 396 48 132 60 171 88 3 54 17 155
