200 3 2
71 33 50 77 49 70 26 30 80 90 23 92 53 35 75 35 82 35 44 60 42 36 97 55 34 27 77 32 9 87 49 60 4 53 100 89 25 62 62 32 46 62 59 77 99 96 34 71 99 96 67 76 19 11 12 51 91 6 46 37 41 5 41 93 53 52 48 76 29 83 88 15 34 51 46 14 70 100 15 100 35 41 70 62 81 35 38 37 60 98 85 35 12 80 75 45 76 94 8 81 81 51 2 90 16 44 71 5 35 56 57 32 81 27 5 32 3 68 39 98 9 4 52 18 50 15 80 17 60 29 26 20 75 65 39 18 52 57 15 34 29 66 78 29 49 97 80 3 24 56 19 71 88 75 82 100 10 84 23 18 59 24 19 90 98 1 81 20 70 46 29 36 48 72 13 64 42 96 37 5 5 48 86 31 93 87 92 33 70 84 88 12 23 91 3 65 7 96 99 75

37 9 57 26 79 28 16 7 22 15 58 25 26 31 14 20 47 2 33 10 20 5 22 34 5 4 38 51 21 34 62 16 5 8 31 17 25 9 28 44 12 29 22 13 5 41 39 4 39 13 54 5 12 33 6 21 36 25 5 5 2 42 11 25 3 32 4 24 60 18 59 66 29 20 2 3 34 9 25 56 8 4 27 26 24 6 34 21 20 1 22 24 31 28 37 3 48 10 15 1 67 3 14 20 35 40 9 30 44 7 9 9 26 3 75 39 6 1 11 52 29 21 28 24 12 34 27 1 7 20 4 21 87 22 43 25 12 68 61 4 14 3 37 61 20 12 46 41 45 3 24 3 7 15 3 2 47 61 60 2 16 40 19 4 23 12 2 7 4 22 27 4 21 19 3 5 13 23 28 30 26 10 8 31 45 52 40 10 48 7 30 46 44 72 23 28 60 43 2 56
71 52 68 45 91 62 94 32 75 41 71 25 68 39 26 45 67 49 93 79 48 60 58 52 14 69 40 57 29 61 88 73 61 65 51 64 37 72 29 89 17 29 84 59 46 81 79 49 49 41 66 62 87 64 38 58 54 62 16 44 39 44 34 71 64 37 18 44 61 33 89 87 42 48 35 33 45 9 64 59 79 8 50 52 64 61 77 22 96 40 27 56 71 66 79 44 70 74 19 10 71 69 30 47 54 66 93 43 70 8 39 20 28 24 87 81 92 48 20 61 74 58 57 29 14 50 28 35 31 37 36 60 92 39 46 52 51 75 64 34 67 22 46 85 29 65 51 66 71 22 55 17 67 26 36 19 75 67 92 32 37 68 83 16 80 12 47 14 8 94 59 32 74 31 11 7 17 54 39 55 39 44 69 55 74 77 93 30 71 23 40 54 48 84 40 31 70 50 29 79
81 100 93 71 96 99 98 62 89 98 99 47 88 82 35 54 70 83 100 94 92 87 72 84 23 75 74 78 74 97 99 77 90 66 87 90 49 78 43 91 59 85 87 80 86 95 95 54 88 93 79 79 94 88 55 71 54 100 50 98 100 90 81 84 97 91 77 81 90 38 98 91 99 100 54 52 69 10 69 86 95 51 61 91 69 74 83 48 100 59 31 59 88 72 96 66 72 86 48 79 91 75 54 69 78 78 99 79 74 92 66 35 32 50 97 83 98 91 96 75 100 84 74 81 36 71 43 48 73 41 98 88 98 55 59 66 67 84 91 87 94 91 96 89 31 77 65 81 71 62 82 48 84 43 79 61 77 97 100 48 77 73 91 19 93 76 86 85 56 96 98 54 81 53 18 57 33 73 48 65 57 98 85 84 89 79 98 92 93 99 67 58 64 100 100 79 86 55 40 84

12 7 61 16 74 13 24 51 25 37 35 58 69 86 78 39 24 34 67 11 32 65 16 4 43 46 7 6 52 52 17 12 27 19 70 4 3 19 55 35 22 46 7 60 2 70 26 10 30 62 2 18 13 8 48 43 91 38 57 30 6 12 34 62 17 52 15 64 61 12 5 28 1 19 33 1 15 61 10 10 46 47 50 59 39 1 37 13 59 30 11 49 4 37 26 37 50 39 65 46 79 75 52 7 30 23 73 18 96 17 22 21 78 12 7 20 5 71 66 71 66 4 39 67 38 62 23 56 85 14 7 10 10 29 22 67 58 31 31 39 21 21 30 40 5 45 23 20 13 3 32 65 15 21 82 49 55 45 34 36 81 28 6 12 79 1 71 20 88 49 31 69 28 45 16 82 32 86 62 10 8 78 63 38 14 55 24 2 1 25 46 8 29 38 83 8 19 49 39 6
88 59 69 29 94 95 79 83 45 76 40 79 85 94 97 78 81 93 92 85 70 94 62 39 47 59 57 59 86 94 18 23 98 67 86 84 77 79 86 100 85 48 43 94 41 80 43 98 70 75 43 88 33 79 57 72 92 44 68 73 34 74 69 71 61 82 95 86 83 41 56 61 74 84 44 64 76 67 43 44 52 61 90 68 41 55 60 39 72 71 72 51 84 73 83 98 63 57 85 66 81 98 64 69 100 97 80 100 97 85 78 92 96 17 73 64 89 90 78 90 92 35 73 90 100 96 39 93 87 52 82 14 46 73 66 96 96 57 99 66 45 100 65 49 60 56 50 74 66 75 62 98 61 64 94 100 89 93 64 58 100 68 30 92 94 93 90 56 100 63 49 95 38 48 94 91 79 89 99 26 80 94 79 79 18 60 96 33 88 78 83 43 96 64 86 20 73 58 84 29

116 41 579 189 267 431 371 667 577 1207 1702 165 155 520 217 235 354 266 1709 1639 1308 314 402 71 875 96 590 481 656 709 839 181 1292 1021 153 840 1007 123 1190 3543 418 479 447 3086 1862 1035 2464 585 1440 363 895 258 975 1487 271 651 426 1872 901 105 307 5 359 311 63 360 99 857 185 515 123 483 144 470 147 554 176 723 40 881 677 259 498 684 926 1334 339 47 81 2349 200 790 802 223 218 357 295 695 53 1339 123 419 26 824 513 240 267 1697 431 1369 1939 723 297 752 420 145 131 204 876 696 30 723 574 227 345 350 151 916 796 255 166 80 478 446 409 337 239 314 57 610 147 456 1127 2472 301 1980 377 121 132 1370 24 1374 106 1103 616 510 1482 980 1849 798 195 901 232 429 1155 565 866 209 408 178 1196 278 853 629 665 1610 387 679 252 61 195 688 169 368 688 462 144 144 187 1181 1191 349 449 93 488 518 540 541 171 256
424 414 1030 622 3426 571 399 834 1722 1508 1740 1965 526 725 1192 337 407 726 1944 3048 1517 334 869 512 1052 216 828 1026 675 1149 1040 862 1974 1948 475 863 1087 889 1515 3745 796 982 775 3422 2379 1413 3105 730 2313 711 3143 329 1360 1818 520 1522 2963 2326 1320 388 474 582 1870 1983 644 1069 188 1383 224 819 1230 808 629 726 483 1800 523 787 340 1021 941 609 696 708 1843 3309 464 2417 180 3220 855 1051 1822 287 392 815 390 1567 593 1987 126 455 228 828 802 505 389 1942 1682 1415 2162 1495 781 1759 508 1660 208 785 1158 1238 594 3008 888 1510 439 651 875 1114 1124 726 203 359 2208 641 629 585 765 320 435 645 1009 2429 3317 2683 690 3655 1079 617 248 1713 231 1474 1110 3774 2962 3896 1866 1873 2464 1772 2588 949 338 1817 1406 629 1413 224 628 872 1895 285 2986 686 2470 2677 702 989 487 64 499 832 827 836 1986 2300 518 478 354 1970 2415 1400 471 1074 3098 590 715 821 1382 1243
835 623 1940 769 3993 769 541 941 1773 1631 2504 2257 698 3839 1523 718 474 745 3869 3570 2036 440 1035 779 2026 526 1271 1036 789 1702 1609 924 2303 1984 1077 1035 3686 1080 1699 3926 1030 1042 1192 3992 3288 1915 3863 1175 2421 758 4001 375 2514 3497 1359 1596 4055 3330 1358 717 949 959 2750 2416 787 3494 245 1730 586 930 1363 2006 1030 1181 863 2376 969 3840 490 1028 1327 801 705 969 1988 3557 1639 3428 1248 3959 927 1301 1837 747 1044 1540 992 1605 2804 2851 791 837 468 1338 3617 1029 972 2411 1964 3549 3934 1922 998 1932 1395 1928 436 1828 1375 1338 704 3974 3147 1811 496 2654 958 2363 1582 1798 661 704 2661 1867 2085 676 907 897 725 685 1018 4063 3889 3742 2004 4062 3207 735 534 2003 921 1754 1235 3789 3016 3913 3694 2008 3357 1957 3798 1258 359 2075 1802 966 1998 774 978 973 2296 423 3400 3435 2875 3303 834 1029 689 958 911 1161 845 988 2081 2579 1037 879 600 2322 3819 1617 1012 1082 3115 679 822 1162 1751 1889

31 20 162 111 251 410 266 402 372 351 1339 148 75 393 45 31 161 154 1175 367 81 161 309 64 491 84 195 323 517 696 413 137 1226 627 102 587 321 94 1075 3419 410 402 280 1878 643 629 1597 385 97 272 611 218 554 469 77 644 352 406 373 71 150 4 78 293 30 233 73 505 112 470 58 305 66 195 79 381 171 40 37 597 579 117 205 277 887 516 158 22 74 1507 134 786 304 169 165 296 225 573 33 1195 67 288 22 658 344 212 83 599 133 537 1230 175 220 732 406 116 114 193 468 474 17 534 323 150 172 314 131 121 598 245 86 50 338 341 157 254 173 81 22 551 112 375 991 1937 72 1439 279 94 16 1139 11 132 65 285 178 322 980 923 446 759 109 217 200 152 359 275 512 186 288 168 984 203 739 486 284 1098 199 637 164 60 80 360 67 309 605 365 117 99 156 813 984 188 437 92 160 492 517 329 166 224
22 8 68 19 147 200 182 249 160 145 358 48 10 288 5 11 45 106 1064 171 78 51 250 41 263 3 142 108 385 469 112 85 1160 463 11 485 316 8 622 394 43 88 79 1221 577 165 1339 218 86 222 452 40 304 157 13 212 178 67 111 59 40 3 16 212 11 218 38 429 22 283 41 249 4 100 1 282 65 30 36 208 550 2 48 143 606 117 151 15 29 921 75 350 262 89 65 269 38 5 5 840 16 84 11 123 302 191 76 388 81 431 899 114 207 236 371 7 107 1 229 292 2 138 203 46 25 284 86 25 121 242 69 44 65 49 132 112 158 63 18 331 15 118 558 1157 28 1062 35 21 5 515 10 3 45 11 47 294 373 494 134 393 87 178 183 16 235 80 149 99 280 156 17 33 419 158 15 591 49 104 156 2 25 349 13 201 43 343 27 26 39 248 139 70 84 60 67 264 154 229 110 58
