30 4 2
24 53 23 4 39 48 18 61 36 21 78 73 82 49 71 43 45 6 87 77 89 34 55 4 96 74 7 74 19 8

16 34 14 1 5 3 3 33 26 23 2 1 5 13 18 55 10 43 15 60 11 7 30 2 4 4 3 12 18 15
43 41 20 52 60 31 17 56 36 42 7 2 30 20 49 61 27 48 40 61 12 42 52 17 19 27 68 43 55 44
63 91 86 83 61 47 41 69 46 62 53 20 35 74 50 77 53 86 86 65 64 78 67 85 24 32 85 64 59 79
65 97 94 98 93 74 46 73 91 82 86 85 44 83 100 94 87 99 95 83 68 92 85 86 28 91 89 96 82 80

23 10 13 9 80 54 14 18 9 72 33 60 7 5 40 26 30 34 37 68 9 44 12 27 12 59 7 1 1 1
37 25 40 40 95 79 41 74 24 99 87 87 97 98 78 58 80 92 53 98 39 80 46 94 44 66 33 69 29 47

54 65 44 29 69 62 40 80 62 288 268 378 137 107 181 172 360 236 386 170 142 110 331 57 103 131 174 133 50 15
420 223 91 229 94 93 86 153 122 334 285 555 179 120 221 406 417 292 438 283 311 129 339 61 131 177 233 139 71 59
528 347 261 244 194 98 96 161 133 424 415 581 242 161 289 426 592 355 475 288 609 445 503 131 230 268 250 213 86 75
571 556 301 298 257 157 168 171 143 470 489 633 669 185 318 463 622 547 622 372 614 556 516 131 305 360 290 218 141 78

52 48 37 11 55 39 39 28 56 72 255 227 69 46 91 150 312 185 330 74 121 105 162 29 71 93 121 48 44 13
27 21 29 10 51 22 22 3 7 61 197 41 35 28 62 27 215 123 42 28 113 12 34 1 26 61 44 27 11 9
