30 4 2
67 27 65 70 71 68 17 22 5 73 3 36 64 19 60 59 96 56 51 94 23 26 15 82 9 100 51 76 6 21

1 2 2 18 28 8 8 32 19 15 14 48 48 12 9 16 19 27 10 3 48 3 1 19 32 17 3 26 24 15
22 37 16 45 36 16 33 78 54 48 70 60 48 19 41 39 25 76 29 14 63 41 39 37 61 18 65 60 88 21
36 59 59 83 73 37 43 79 69 60 81 83 64 31 67 75 69 85 91 23 76 65 56 51 79 92 85 60 92 26
64 74 87 94 80 89 80 95 97 93 90 90 67 48 68 96 72 97 93 50 92 95 70 65 95 100 91 72 92 40

78 22 32 9 7 48 8 31 5 21 24 76 21 33 20 1 31 66 40 1 33 11 8 39 65 32 24 42 11 12
80 67 38 98 96 62 73 72 42 60 62 89 78 85 93 7 86 75 51 75 45 67 37 48 80 65 54 44 79 51

155 27 100 126 193 131 100 34 46 77 70 65 70 47 106 94 218 117 97 113 227 146 48 296 53 354 51 87 182 46
168 181 133 142 213 149 219 45 204 87 206 77 99 65 107 98 369 247 132 125 305 165 96 563 240 444 78 88 192 116
175 402 154 533 426 175 356 52 220 131 262 124 121 73 145 141 515 535 174 145 512 215 201 624 324 583 87 119 277 148
178 467 187 601 502 204 366 143 294 319 286 519 142 134 174 320 523 607 191 313 531 291 237 634 590 698 170 169 296 160

139 21 48 58 50 72 82 18 34 10 61 6 41 7 65 89 158 108 27 52 133 128 32 41 22 230 21 54 106 43
48 15 27 41 49 17 5 17 28 3 5 4 9 6 34 79 41 9 21 36 120 124 3 1 3 180 20 20 29 16
