30 4 2
100 15 63 32 36 70 24 2 92 81 87 61 23 66 20 2 50 81 84 21 98 70 28 61 80 58 98 87 24 47

6 25 60 38 45 7 1 12 24 47 11 11 16 9 49 36 21 7 55 9 13 14 19 2 1 24 19 6 21 46
21 47 71 66 66 41 2 32 57 70 31 69 43 44 61 58 26 45 71 30 21 17 27 58 26 35 21 34 46 67
24 51 92 76 83 54 11 47 65 91 58 76 55 80 76 64 27 53 94 43 58 33 28 78 82 68 59 58 56 75
45 71 97 77 96 92 78 76 94 94 92 92 87 100 83 70 43 55 97 95 82 74 37 86 98 82 70 77 61 84

48 8 41 94 26 4 57 10 50 84 25 40 55 72 24 60 60 16 24 33 80 43 24 75 57 41 20 72 18 30
55 91 72 94 61 95 80 32 86 100 33 56 78 88 63 61 89 55 86 97 97 64 87 97 99 99 99 86 21 77

143 59 72 131 43 118 25 68 170 132 184 89 92 104 44 4 191 101 229 106 417 83 49 123 87 130 117 141 59 90
157 103 77 131 72 128 118 106 188 170 290 146 98 154 61 151 476 111 501 114 514 87 89 157 187 162 174 335 130 134
176 135 202 133 115 200 151 115 458 312 403 151 125 226 109 255 594 261 508 304 578 95 98 165 267 493 223 361 158 168
202 140 208 145 131 206 228 142 466 329 638 209 131 344 151 276 607 381 580 314 610 300 130 193 316 618 238 384 249 182

99 28 71 125 20 55 24 31 100 113 97 54 91 100 29 1 157 95 206 101 374 28 35 23 55 121 92 115 13 71
58 21 40 84 13 18 17 7 43 72 87 35 86 4 3 1 111 68 171 64 341 1 23 5 26 51 68 61 9 33
