30 4 2
97 84 55 38 33 68 14 93 4 59 96 92 21 72 100 39 28 22 41 91 39 6 11 92 23 38 17 39 56 40

62 35 5 24 33 1 9 10 17 41 16 45 14 41 2 2 36 51 13 27 49 13 21 14 9 55 32 54 17 41
63 55 33 30 47 33 12 73 36 58 18 75 31 45 6 22 53 70 75 42 64 34 24 18 58 68 39 79 26 62
84 63 76 31 60 55 13 76 56 61 38 88 38 87 52 45 76 73 78 67 66 81 43 56 77 86 48 83 62 75
87 87 89 81 94 61 90 84 66 84 78 90 87 99 62 50 100 96 92 94 92 95 62 96 100 100 56 94 96 84

65 2 41 64 43 50 87 72 17 52 26 86 43 64 5 21 44 63 38 46 45 3 2 33 58 10 51 32 12 24
80 80 92 70 90 86 100 82 44 53 78 89 80 80 95 31 59 72 82 48 88 49 83 49 75 70 91 83 100 57

102 479 75 40 91 440 23 104 77 79 103 103 56 142 126 48 96 92 246 180 82 33 25 147 37 136 17 136 68 90
141 501 91 277 131 541 196 156 298 145 196 189 64 150 156 286 194 103 333 231 109 121 216 161 82 200 138 323 76 300
165 539 136 469 151 570 557 166 554 189 199 387 128 172 159 291 232 236 372 310 129 132 225 178 102 548 149 440 148 305
184 571 289 562 175 578 609 242 590 223 350 392 158 182 189 292 255 247 392 491 137 145 287 188 121 595 159 606 294 330

82 458 39 29 86 278 19 96 21 66 34 38 29 120 113 47 27 79 124 146 70 29 22 102 33 39 13 61 67 88
20 235 37 11 41 188 14 79 13 53 12 18 13 42 26 15 12 42 11 22 27 11 17 13 3 13 8 6 17 5
