30 4 2
66 21 65 51 79 41 61 11 14 88 29 89 1 76 49 86 97 89 95 9 13 55 72 61 63 56 58 92 25 53

15 14 29 47 1 8 33 11 58 7 9 13 4 3 21 14 5 3 3 19 13 11 7 31 6 4 22 3 16 2
42 19 35 68 37 10 43 37 83 9 35 59 31 40 24 49 36 23 3 53 14 48 24 42 32 10 23 44 35 31
81 29 40 85 71 21 67 54 83 74 50 94 56 71 41 65 80 27 42 67 51 61 42 56 62 31 83 72 69 34
83 95 47 85 90 31 68 89 97 95 86 100 72 88 60 90 90 59 94 86 81 91 83 56 79 91 95 98 97 59

15 9 2 19 10 5 8 2 44 4 26 35 24 24 68 5 64 9 11 19 36 11 62 42 19 38 19 7 40 15
60 22 9 92 63 67 28 22 96 25 72 35 34 57 97 85 97 69 100 50 62 66 81 69 19 73 44 56 99 77

416 161 116 78 173 90 166 49 63 88 97 166 88 159 128 234 223 254 113 95 115 74 134 264 216 330 116 179 30 55
430 255 182 86 367 98 168 200 106 94 148 199 112 240 134 396 230 279 159 122 213 250 296 280 510 370 127 339 87 547
470 400 245 147 440 115 170 219 187 179 231 337 127 373 292 418 522 418 190 193 241 312 360 290 637 471 139 354 114 548
656 420 252 172 593 139 206 236 267 184 315 435 141 557 327 558 583 481 586 230 288 333 421 338 646 511 175 387 179 575

346 66 41 67 150 82 110 41 50 41 44 151 76 88 108 221 125 245 95 74 46 62 117 172 158 307 65 144 22 10
182 43 16 20 100 74 62 10 5 17 37 133 15 45 67 140 10 201 21 28 2 1 95 5 110 18 17 132 1 6
