30 4 2
83 59 46 25 16 60 3 36 84 84 12 18 59 68 87 86 77 40 30 13 52 11 89 46 24 1 55 5 52 36

68 11 4 15 83 33 7 20 66 13 16 31 11 35 1 20 5 4 12 50 35 20 13 38 5 5 22 3 8 27
78 43 13 52 88 64 18 36 70 18 33 31 51 36 15 39 68 6 32 53 56 51 74 66 43 42 46 48 22 79
93 44 40 59 95 65 21 41 86 78 65 52 64 74 84 70 68 7 65 66 58 54 93 84 54 76 60 56 32 96
97 100 80 91 98 84 22 44 98 89 69 79 71 74 94 79 100 18 77 93 79 61 97 85 63 92 99 67 41 100

55 56 7 26 12 70 48 72 43 72 28 25 82 73 36 16 48 12 54 8 28 31 44 57 52 20 7 61 77 21
94 79 43 28 96 90 85 97 67 96 66 53 100 79 52 20 58 21 83 55 37 83 58 97 53 66 17 100 96 73

116 60 83 400 25 285 17 171 129 109 52 170 71 86 90 178 106 84 51 61 222 81 99 142 42 323 110 19 265 119
208 117 156 532 35 319 108 178 163 127 111 195 78 114 103 225 158 85 78 145 368 81 228 248 53 386 169 49 501 126
229 158 179 610 64 521 434 201 208 184 117 358 160 123 145 284 167 227 125 150 589 241 318 259 146 436 321 61 572 228
230 190 190 620 65 594 502 308 279 306 148 413 179 217 250 291 183 269 145 155 605 304 355 319 146 516 526 155 582 281

110 37 64 224 13 95 9 147 81 77 49 158 57 83 88 109 73 13 49 26 130 71 39 45 36 199 89 13 145 110
96 17 54 71 12 92 7 19 26 70 47 33 12 76 70 42 29 10 13 10 7 33 16 30 31 196 81 10 106 50
