30 4 2
29 30 31 98 98 57 17 9 30 68 60 57 66 13 50 65 13 13 8 12 43 85 57 35 72 27 10 29 4 4

20 12 14 6 2 2 50 38 25 6 15 31 5 26 7 12 25 30 24 8 11 3 16 23 16 35 10 5 4 10
37 62 40 38 21 26 67 61 71 12 56 54 29 47 26 13 26 61 46 22 17 37 44 78 37 59 55 30 45 32
42 69 55 80 43 48 82 61 75 27 83 55 79 56 48 39 80 70 64 56 17 37 85 87 53 83 85 64 80 48
52 86 69 87 86 71 90 92 83 90 92 100 100 56 90 53 98 81 64 74 40 97 99 92 79 87 92 98 85 67

20 22 71 47 7 46 70 33 35 16 10 15 22 12 47 28 73 17 26 30 18 27 10 23 41 11 10 14 60 19
91 35 78 84 39 61 95 70 94 71 48 38 46 35 67 66 86 22 68 65 46 27 35 79 45 39 77 65 77 64

53 65 36 139 135 161 31 40 368 69 282 126 99 83 70 258 138 61 140 15 44 98 263 58 115 295 45 170 53 95
53 220 45 314 153 325 119 45 483 128 369 138 268 88 88 344 150 66 419 63 171 182 335 97 143 381 85 182 67 121
130 246 75 319 206 401 369 139 497 172 423 140 306 141 110 419 428 120 480 105 271 316 403 109 164 414 118 239 113 143
153 307 154 364 353 606 461 155 540 215 529 155 357 236 230 457 459 539 532 303 289 356 552 113 188 471 189 315 153 147

43 28 24 108 132 65 29 24 354 52 262 56 90 72 53 123 82 31 132 13 32 87 215 33 43 217 15 141 31 26
4 17 10 22 11 6 12 5 7 47 7 23 73 63 20 36 73 18 101 7 17 44 34 20 33 183 10 63 10 10
