200 9 1
83 91 44 73 78 79 51 25 30 38 6 83 7 15 24 85 26 82 17 88 90 55 22 100 36 28 42 17 1 42 62 90 92 95 43 40 16 63 27 43 71 75 97 60 54 14 35 46 39 48 92 70 31 57 80 6 4 49 23 79 79 29 28 2 88 71 49 56 12 55 73 2 31 38 81 35 62 7 37 54 81 65 35 59 92 61 76 37 100 30 83 39 51 14 89 42 31 5 96 10 39 64 94 47 62 35 20 71 97 10 99 13 60 63 70 10 55 8 26 44 42 17 40 35 34 100 43 20 84 38 46 56 4 9 34 30 68 6 28 44 8 45 62 13 34 76 79 13 63 8 69 1 21 65 40 1 1 31 55 10 3 33 97 67 17 87 28 36 25 27 65 78 67 13 68 23 39 64 5 25 100 36 72 15 90 55 38 11 79 24 18 57 100 76 24 91 61 86 90 62

23 14 8 10 19 1 6 6 6 6 1 17 14 10 7 17 4 7 5 8 5 30 5 1 11 7 4 14 8 14 1 3 3 8 1 36 6 16 15 2 20 11 1 12 2 14 10 2 5 5 49 6 16 22 23 1 8 3 32 6 20 4 12 14 3 14 13 3 19 9 21 26 23 20 4 8 6 7 9 4 14 8 2 4 17 7 23 7 23 9 7 3 3 12 7 12 8 18 8 6 16 10 11 20 12 10 13 4 2 5 1 8 1 26 9 1 41 9 1 4 14 1 4 11 5 25 1 6 4 11 21 18 21 18 3 12 1 19 5 3 6 8 8 12 11 2 15 14 16 18 15 16 2 14 6 2 9 11 5 18 24 5 1 18 13 9 3 4 17 2 8 27 10 14 2 5 10 27 4 9 16 8 5 29 10 18 3 12 1 19 2 12 27 14 13 1 2 18 7 2
26 21 10 10 23 4 26 8 14 11 3 20 16 29 11 28 6 11 24 10 6 32 9 2 12 40 19 17 35 27 14 4 15 26 3 45 21 25 26 11 25 16 2 12 14 18 20 8 33 30 51 16 26 23 32 2 27 14 37 23 22 31 17 25 17 15 18 12 26 29 24 35 27 35 21 10 6 26 9 10 15 9 15 14 27 13 34 7 37 15 11 4 15 45 13 22 12 21 38 10 18 11 17 23 25 10 19 4 18 8 5 16 10 34 9 23 46 9 12 4 18 20 24 24 21 45 2 14 19 22 23 33 30 24 3 16 6 29 14 10 33 17 15 29 28 4 24 19 42 24 30 20 4 27 10 5 16 12 10 23 44 5 9 19 25 11 32 17 22 18 13 31 18 18 12 23 23 29 17 18 26 22 22 38 11 24 18 13 4 43 7 14 31 16 16 14 9 20 10 19
29 22 30 36 32 4 35 19 26 15 9 24 18 42 13 55 9 12 27 26 10 32 22 2 31 40 31 19 42 38 32 15 21 38 49 67 21 43 40 15 29 52 15 50 21 24 36 32 55 42 67 18 34 27 73 6 34 28 41 30 28 37 21 46 28 19 18 19 54 40 31 36 34 36 23 16 39 27 15 14 30 17 29 27 38 33 37 36 46 24 14 17 28 51 14 40 29 39 40 24 28 21 21 23 26 13 36 7 20 10 8 20 13 56 9 39 47 11 42 55 61 31 49 27 30 59 10 35 26 26 41 44 35 33 11 22 24 42 16 10 49 26 16 31 42 22 30 22 53 30 41 29 22 34 16 17 22 23 43 49 70 9 27 42 39 24 35 47 36 22 13 49 22 22 27 32 25 42 33 22 32 32 33 42 19 29 25 32 6 45 12 20 40 19 27 19 20 24 19 26
44 59 35 61 46 5 38 33 27 25 61 24 40 43 38 75 16 12 39 39 22 33 31 9 34 43 46 19 44 58 58 18 22 47 50 68 51 55 65 24 36 56 21 59 24 45 44 37 61 44 77 29 51 28 73 17 38 40 46 35 49 44 54 56 41 21 29 28 61 44 51 40 48 41 24 50 48 43 30 23 31 36 46 35 44 44 39 37 72 26 15 24 36 62 20 44 41 43 46 44 28 35 21 32 29 23 36 60 28 22 26 31 25 71 27 40 70 16 43 59 63 37 53 28 52 63 23 40 26 42 50 45 45 43 23 25 31 52 19 16 49 26 23 48 54 22 32 42 56 34 42 41 24 37 24 17 34 25 51 52 73 38 48 47 39 40 39 49 52 45 28 50 36 48 34 51 48 49 37 30 34 36 36 63 22 42 28 34 10 45 15 48 44 31 43 31 20 31 20 27
45 78 43 79 51 31 43 44 40 30 76 29 45 57 44 80 45 23 39 52 41 34 71 54 76 50 48 47 50 72 60 19 28 66 51 68 53 66 65 37 48 57 34 67 34 55 69 45 65 50 80 32 52 43 75 29 59 71 74 57 55 48 63 56 63 38 42 31 69 48 61 45 51 45 35 58 64 50 37 27 36 61 54 41 59 49 48 47 73 31 46 34 50 70 42 49 51 66 51 47 37 46 24 33 59 52 36 61 37 24 62 35 32 76 74 40 76 27 52 60 63 46 57 36 55 64 45 52 34 47 52 51 50 66 35 29 53 52 40 21 58 55 24 50 56 47 35 62 60 39 53 63 35 44 44 38 62 57 52 63 74 38 50 61 50 45 40 54 54 46 37 52 59 59 40 64 50 62 42 45 43 41 50 76 32 52 35 49 14 73 46 59 68 34 44 41 45 35 50 41
64 79 55 86 59 57 50 57 42 33 78 42 59 62 56 80 49 30 45 53 55 41 81 54 82 58 78 55 57 79 80 35 51 82 60 70 55 78 68 45 60 69 44 72 45 64 69 76 74 65 83 57 54 63 76 49 60 76 79 78 56 51 63 62 81 44 63 40 81 60 63 77 56 69 44 59 77 61 51 33 44 70 72 66 61 56 65 55 83 46 65 43 88 75 75 53 63 70 75 69 52 53 26 34 62 55 44 79 70 51 63 60 40 87 78 58 80 52 56 80 73 53 74 48 65 65 62 56 36 48 65 57 58 69 60 31 75 54 54 42 60 57 39 60 58 51 61 74 75 43 61 74 43 49 44 62 66 80 73 69 75 53 60 65 53 46 45 64 55 50 38 53 72 63 62 76 68 65 46 68 59 47 62 86 35 65 57 52 22 74 54 71 76 39 51 53 49 40 54 49
66 83 85 95 87 66 76 74 60 36 89 63 71 79 73 86 49 63 55 55 89 52 84 63 86 63 92 56 60 81 89 63 68 90 66 76 62 82 69 70 62 72 72 73 49 65 78 93 81 66 85 60 63 70 91 84 62 86 82 81 84 74 64 70 83 62 69 88 83 68 65 81 64 76 71 70 80 94 59 46 75 76 76 69 64 65 77 56 93 51 74 43 89 90 80 91 78 73 85 69 59 77 37 44 81 63 46 80 82 60 81 86 88 93 88 60 87 63 60 85 81 65 85 53 76 83 64 60 40 53 67 75 87 84 78 43 89 60 65 56 65 79 44 83 67 69 73 76 80 73 69 85 45 51 53 84 71 80 87 80 81 61 72 74 74 54 52 70 57 59 44 80 79 69 84 79 77 66 52 92 60 55 69 93 65 75 64 59 64 79 72 80 80 52 64 61 76 44 62 51
69 87 88 97 96 95 82 80 65 39 91 95 76 82 81 94 60 82 74 72 91 77 98 64 98 73 92 60 93 82 95 75 70 99 79 95 80 85 71 84 64 75 83 76 90 73 91 94 83 66 86 71 76 96 99 95 72 89 92 86 93 85 96 90 84 74 73 95 88 89 70 87 70 79 71 74 83 94 90 75 85 80 92 73 68 72 80 80 94 73 87 71 93 95 86 91 86 75 92 84 63 80 59 52 83 74 72 86 83 74 89 96 89 99 89 61 90 81 65 86 86 68 88 73 93 90 74 76 56 61 69 76 88 93 92 75 100 81 73 60 81 84 51 83 74 76 74 79 83 86 86 95 63 73 57 88 74 81 90 91 83 63 75 89 85 70 77 72 76 81 78 98 81 70 88 84 82 80 60 95 94 81 89 95 88 96 65 76 67 88 77 85 94 63 79 76 89 63 63 85
75 97 99 99 99 97 90 96 73 67 99 97 80 98 97 97 96 86 96 80 100 94 99 79 99 93 94 96 100 94 95 87 83 100 79 98 85 98 86 99 84 97 97 84 100 86 98 100 93 81 100 93 94 98 99 95 72 98 93 93 97 96 98 97 97 96 91 99 90 95 97 95 92 98 92 99 88 97 93 89 98 89 98 95 98 78 92 95 96 75 91 79 99 95 95 97 90 95 100 92 82 98 62 96 90 89 99 89 86 80 99 97 93 100 99 83 94 83 94 88 99 75 100 82 96 92 100 95 100 75 80 77 93 94 93 100 100 81 90 79 89 87 87 99 95 82 81 93 92 93 93 99 98 86 100 100 83 95 93 97 100 98 82 96 86 85 95 90 79 89 89 100 100 71 88 100 97 84 73 97 100 90 91 96 91 100 93 85 70 88 84 89 99 79 98 89 95 66 69 97

50 30 26 80 83 2 75 62 62 26 11 98 75 5 38 21 93 11 88 45 2 96 30 32 52 31 41 92 62 13 92 48 64 13 100 67 55 80 4 21 64 25 3 80 97 55 25 90 57 100 66 29 90 71 81 13 67 11 74 19 57 8 41 33 73 95 18 38 51 15 78 70 94 86 33 30 97 53 96 27 51 6 82 59 32 4 89 23 3 98 26 66 100 58 17 82 42 88 17 74 2 63 34 46 73 3 7 19 35 63 41 97 21 52 32 27 54 8 93 26 20 49 96 56 24 12 44 48 63 72 42 44 57 77 80 29 41 9 99 10 84 65 43 89 72 1 17 56 67 65 27 88 94 23 79 38 21 40 97 56 69 59 64 2 46 53 13 31 1 12 9 30 96 30 28 48 63 65 43 76 89 52 83 82 31 32 63 46 59 69 45 84 1 38 54 75 58 68 7 65

95 235 130 208 445 162 221 91 81 342 88 1632 123 338 138 129 27 451 19 123 1117 58 95 317 940 333 763 495 22 126 351 178 215 97 805 123 238 117 964 91 680 330 433 1251 630 271 78 123 241 726 479 85 116 762 117 125 73 69 95 154 380 220 29 169 511 485 180 181 470 130 213 178 570 547 213 129 570 30 231 131 93 81 152 88 289 113 465 705 333 143 257 69 83 440 152 757 467 40 198 242 49 258 112 500 64 306 874 145 123 127 451 193 260 67 191 164 791 27 232 84 308 57 62 108 105 673 72 81 111 371 530 277 607 37 172 216 1340 199 29 112 916 154 210 28 402 94 535 21 85 107 802 1032 65 256 447 59 425 83 155 601 435 421 114 233 60 104 617 287 269 789 187 116 113 584 293 342 336 85 254 140 319 140 92 206 101 288 54 765 1140 375 212 218 583 183 107 905 232 627 662 638
113 1098 331 210 463 364 469 181 580 603 105 1891 213 638 275 321 198 1072 493 542 1787 89 122 633 1263 785 937 623 1975 526 547 188 445 162 851 212 317 212 1243 109 810 433 1006 1832 1174 689 471 390 320 1136 1792 346 340 782 600 321 236 352 107 556 647 426 1317 1215 545 721 195 945 944 188 454 374 928 1087 317 221 593 421 469 196 180 682 228 454 296 550 647 1066 354 249 392 89 184 525 633 857 541 351 344 1114 163 330 456 983 586 599 1086 538 212 189 625 268 1078 310 302 165 1016 338 308 523 375 167 65 288 654 1798 375 237 149 655 861 385 1095 165 203 494 1493 493 173 212 2115 534 370 319 433 130 874 166 100 126 958 1206 87 355 618 528 724 116 166 613 796 977 446 279 196 117 760 315 485 1943 411 315 368 1208 388 345 634 117 320 767 509 972 592 225 214 408 56 868 1744 453 1191 368 715 346 676 928 310 974 915 1295
249 1673 467 242 492 725 1115 300 2446 703 159 2242 377 664 361 340 806 1383 2023 749 2024 128 299 842 1445 801 1027 718 2018 571 698 242 549 352 877 546 426 363 1912 536 1264 801 2057 1934 1495 781 748 697 480 1248 1957 353 456 1078 741 337 263 478 165 908 1219 540 1353 1889 1161 964 203 1989 1248 864 542 379 947 1385 333 287 1215 706 592 603 372 1139 277 1542 346 667 832 1382 389 472 416 95 206 760 858 1239 555 396 893 1175 393 428 485 1906 1065 1085 1095 546 308 345 942 371 1256 319 305 191 1476 1227 357 563 376 691 311 407 672 1957 432 973 909 1047 1266 413 1218 352 241 502 2487 517 268 445 2771 901 509 412 627 156 974 209 362 235 1251 1357 476 683 824 740 1368 222 199 615 1125 1029 1359 538 227 708 1150 840 546 2286 568 1226 414 1322 1324 725 644 121 389 1312 845 2221 819 326 307 492 70 906 1922 680 1519 669 754 374 855 1356 320 1184 1025 1369
331 1868 615 425 605 816 1166 357 2744 982 259 2437 530 864 557 2049 852 1492 2038 847 2063 177 317 923 2144 1012 1097 830 2219 712 1064 389 1315 405 1465 631 556 739 3024 736 1334 1044 2505 2656 1642 1172 944 1165 511 1854 2116 367 613 1126 1117 348 459 603 350 980 1540 1032 1851 2321 1432 1694 242 2106 1272 1000 841 497 1150 1662 914 344 1242 775 592 1012 395 1528 317 1628 422 697 835 1670 440 1617 683 155 258 1085 1678 1664 1303 553 1394 1603 397 496 574 2043 1137 1295 1284 640 390 439 1030 760 1582 341 397 335 2044 1274 383 721 380 776 329 462 872 2284 478 1251 1063 1051 1695 589 1847 442 343 600 2617 549 643 489 2878 912 801 494 775 208 1025 242 508 533 1349 1843 490 2990 984 784 1585 251 451 715 1454 1081 1572 771 369 853 1194 881 803 2948 616 1637 720 2455 1467 859 733 305 483 1428 1511 2276 918 632 325 866 92 1089 2251 692 1689 996 1052 454 1511 1381 383 1259 1107 1605
677 2425 648 556 877 970 1299 565 2963 1533 491 2485 958 879 644 2635 871 1806 2314 904 2335 419 417 1230 2145 1142 1838 1078 2583 874 1263 408 1337 619 1812 881 672 751 3426 761 1349 1101 2570 3110 1833 1287 965 1172 545 2006 2128 557 732 1195 1268 882 525 672 555 1033 1572 1392 2329 2329 1630 1989 357 2167 1322 1156 959 503 1291 1934 976 546 1266 1123 816 1413 457 2411 454 2377 492 795 848 1925 603 1840 719 428 329 1394 1740 2260 1598 644 2171 1884 674 625 637 2244 1748 1731 1289 738 463 706 1415 1027 1984 437 537 367 3031 1575 489 868 426 871 348 521 1533 2581 634 1318 1136 1223 1819 614 2525 625 798 719 3247 555 651 512 3465 1131 888 638 821 532 1354 567 635 1637 1394 1853 757 3203 1281 789 1868 285 521 942 1696 1463 1636 1167 402 888 1604 954 1057 2953 684 1938 786 2536 1914 946 987 313 651 1732 1540 2901 2519 1025 1168 995 621 1936 2358 859 2115 1521 1190 571 2175 1898 495 1928 1116 2197
733 3081 829 586 951 1524 2185 1120 3179 1765 594 2506 1028 991 781 3208 1174 1985 2964 1349 2703 500 492 1357 2388 1992 1936 2578 2668 1023 1432 418 1671 845 1979 1499 766 843 3503 1022 1470 1665 2830 3362 1867 1356 981 2067 726 2208 2575 622 782 1925 1335 1227 624 838 564 1154 2422 1474 3349 2642 1651 2703 532 2471 2164 1202 1189 585 1593 2315 1335 694 1288 1219 880 1617 521 2625 478 3187 561 806 1250 1953 633 2467 724 707 423 1506 2367 2625 2082 880 2467 2190 733 808 853 3101 2275 2515 1403 750 510 733 1887 1279 2299 484 688 488 3247 1582 634 1057 510 1099 545 619 1708 2589 814 2287 1328 1815 1897 618 3183 674 810 737 3566 824 686 724 3477 1368 950 641 1668 654 1463 578 720 2327 1431 2617 985 3493 1325 2109 2309 372 554 1165 1932 1496 1877 1326 430 906 2350 2628 1101 3158 742 2286 835 3181 2195 2026 1107 425 1268 2080 1553 3254 2841 1068 1393 1217 642 2375 2364 896 2528 1623 1299 615 2333 2912 570 2066 1397 2335
803 3558 959 603 1177 2528 2563 1479 3661 2163 864 2524 1145 1305 840 3316 1456 2619 2988 2500 2703 902 601 1717 2769 2481 2111 3115 2926 2521 1955 884 1816 930 2401 1553 881 878 3571 1427 1626 1683 3022 3482 1868 1384 1032 2184 766 2922 2660 830 815 2215 1954 1274 692 1074 894 1425 2871 1492 3855 2670 1820 3299 657 2472 2493 1205 1241 657 1873 2467 1363 812 1712 1853 890 1789 552 2690 653 3355 749 808 1303 2488 723 2774 728 794 610 1548 2391 2873 2087 983 2838 2870 770 812 910 3371 2630 2575 1611 919 596 789 2149 1393 2550 693 1826 836 3506 1669 745 1084 647 1387 609 724 1725 3002 912 3274 1431 1960 2416 789 3240 686 896 1354 3876 849 719 735 3517 1508 1177 691 1677 806 1645 817 865 3210 1465 3485 1192 3679 1526 2384 3215 565 595 1543 2023 1521 2166 3046 492 939 2505 2928 1307 3342 896 3073 1581 3201 2230 2255 1483 560 1643 2710 1570 3468 2897 1214 1719 1796 737 2825 2751 919 3051 1744 1402 669 2660 3003 813 3116 1596 2676
829 3633 1541 681 1834 2725 2965 1525 3804 2224 878 3810 1427 1318 956 3550 1770 3149 3568 3333 3329 982 881 1755 2889 2492 2902 3786 2968 2632 2536 947 1942 1053 2509 1571 916 908 3880 1507 1687 1702 3251 3572 1885 1432 1469 2392 808 3500 3441 1000 871 2258 3308 1569 712 3307 908 1906 3121 1766 3906 2985 1859 3321 899 3139 2902 1578 1598 701 2586 3025 1810 869 1869 1871 923 1813 559 3327 809 3446 1036 903 1541 2701 776 3778 757 840 618 1663 2878 2925 3257 1938 3104 3720 817 1008 1052 3716 2777 2767 1821 935 644 883 3017 1636 2902 820 2025 884 3592 1818 779 1170 732 1457 651 877 1765 3102 942 3346 1577 3116 2787 794 3304 781 905 1962 3877 864 811 770 3675 1764 1300 780 1779 1005 1923 858 876 3335 1830 3676 1842 3772 1585 2459 3309 1001 673 1551 3187 1748 2294 3419 531 1065 2649 3373 1857 3378 1048 3392 1819 3380 3008 2687 1564 633 1724 2917 1905 3688 3573 1286 2099 1911 949 3492 3741 1248 3148 1908 1455 718 3010 3520 931 3460 1678 3520
832 3896 1815 709 2032 3815 3741 1829 3811 3360 950 3846 1659 1492 978 3977 1819 3738 3769 3557 3636 986 1013 2023 3788 3442 2980 3855 3791 3380 2546 1074 2036 1074 3307 1716 919 1062 3914 1582 1760 1792 3852 3681 1935 1757 1547 3797 838 3791 3650 1010 983 2406 3983 1725 920 3857 961 2029 3465 1826 3931 3172 1874 3947 944 3228 3788 1996 2020 760 3548 3853 1992 918 2030 1983 985 1858 644 3751 944 3524 1076 1045 1989 3248 953 3896 1010 903 943 1996 3040 2933 3701 1985 3255 3882 943 1010 1087 3916 4002 3866 1910 1008 860 938 3563 1706 3396 1028 2049 962 3685 1880 835 1422 980 1883 1039 897 1883 3525 967 3549 1589 4020 3700 1023 3553 942 914 1984 4026 917 987 788 4003 1931 1660 901 1908 1030 1955 981 944 3558 1950 3763 1860 3883 1908 3573 3902 1025 833 1624 3407 1884 2357 3712 717 1211 3495 3459 1891 3568 1057 3405 1921 3893 3467 3479 1821 872 1817 3422 1966 3747 3586 1876 3057 1945 990 3687 4060 1397 3462 2053 2024 1042 3124 3892 1045 3976 1875 3880

11 231 76 164 272 146 7 83 7 194 50 1578 49 191 28 108 14 339 10 51 518 24 28 58 90 106 613 327 9 81 277 137 184 83 703 22 41 114 824 46 632 244 367 1142 409 32 23 91 65 241 404 67 105 672 69 50 29 13 83 2 71 137 2 64 264 9 16 179 134 2 186 76 193 421 172 41 30 22 62 99 74 11 14 31 249 79 140 166 28 136 221 36 23 300 144 79 335 24 66 132 36 198 79 212 49 234 76 18 32 22 41 69 34 33 11 46 81 22 62 80 10 32 39 89 50 78 24 5 44 369 264 112 104 30 71 114 134 133 19 86 111 51 47 21 376 41 435 5 45 4 19 819 48 99 258 6 311 72 25 315 353 309 103 3 7 88 84 170 132 137 74 44 33 190 87 156 128 5 16 58 32 22 79 88 50 218 37 359 616 141 94 139 154 57 89 57 21 56 32 263
