200 9 1
83 33 23 78 38 20 37 97 33 62 42 70 38 7 68 68 68 14 71 93 9 99 7 94 36 20 83 31 13 51 40 100 9 4 78 100 98 54 29 48 89 66 94 94 89 87 26 68 49 85 100 64 79 59 88 48 66 53 65 72 18 15 86 29 18 14 23 5 93 38 57 29 60 48 52 96 70 95 2 66 47 96 90 1 77 66 4 64 25 95 79 100 48 54 25 17 24 11 42 38 61 2 67 45 45 3 31 64 99 27 55 29 14 91 48 31 93 33 5 86 45 24 47 69 38 36 50 53 72 54 48 19 78 40 55 5 21 29 41 5 26 36 88 95 73 40 47 7 90 88 76 8 81 12 46 65 27 12 37 31 94 33 16 98 97 63 10 38 8 6 61 45 20 91 88 87 74 38 85 38 31 7 5 44 37 89 90 57 45 7 90 44 25 80 23 49 66 74 79 6

4 5 4 7 4 11 10 19 2 23 12 1 12 12 1 31 1 13 5 5 11 13 1 3 6 20 35 16 7 24 21 2 10 5 20 27 4 9 8 1 10 4 17 30 7 14 1 11 9 12 45 5 2 23 15 4 3 10 4 20 38 4 7 7 58 1 19 13 8 11 7 1 2 7 6 8 8 21 3 3 2 3 7 3 8 10 7 7 24 8 11 12 6 8 23 6 4 4 11 8 4 8 1 5 7 6 12 14 19 4 9 12 5 12 3 1 24 17 10 2 4 19 13 37 5 3 2 1 7 7 3 10 4 1 10 14 12 2 15 14 11 4 13 4 3 2 3 2 6 13 2 6 1 22 3 8 7 2 7 4 21 18 14 12 12 5 5 19 7 15 4 18 14 18 14 13 2 7 11 2 29 7 3 1 4 4 17 1 5 16 28 8 2 7 7 15 19 4 4 7
11 18 9 20 12 11 12 25 21 38 29 33 36 34 6 31 1 25 20 31 27 15 35 10 9 23 39 34 16 57 28 8 10 14 35 31 12 17 11 22 15 13 19 32 23 25 24 25 16 16 46 24 5 38 17 10 7 14 9 30 48 5 21 17 79 7 23 15 9 23 20 15 12 17 37 9 13 32 36 4 10 3 33 18 11 17 19 11 26 11 16 23 10 11 48 17 7 26 12 12 25 8 1 23 17 13 19 28 30 21 35 12 13 15 28 17 39 29 12 24 40 21 18 41 8 8 4 19 9 11 8 13 9 11 24 23 14 8 27 19 13 6 23 9 32 19 5 15 8 16 7 20 12 30 8 28 40 27 19 16 25 20 39 17 32 7 8 24 16 17 6 21 15 19 16 30 12 22 22 15 31 9 16 8 8 10 19 2 13 34 29 13 25 9 31 17 21 10 9 17
13 25 29 28 24 21 18 45 45 39 32 41 36 39 23 40 5 32 34 33 33 22 52 27 30 49 60 42 29 58 30 14 12 16 47 43 24 25 17 40 30 29 25 37 27 44 34 40 20 20 52 33 28 45 45 10 19 30 11 38 48 7 29 33 80 8 25 20 13 44 27 21 17 23 42 29 18 35 38 49 15 6 46 23 21 22 28 47 27 37 32 42 19 20 49 22 12 34 22 22 36 9 7 24 18 24 42 30 31 43 46 26 25 23 35 33 43 29 19 49 42 39 59 42 16 32 13 39 24 26 9 19 18 24 54 33 14 16 32 56 14 13 39 25 44 20 13 28 71 35 61 29 30 43 23 32 52 36 27 23 45 23 47 43 39 10 26 42 20 17 15 36 21 38 23 47 19 22 23 29 33 20 20 30 9 18 23 5 34 36 39 43 27 14 39 39 46 38 27 18
21 31 35 32 26 21 20 56 59 41 45 48 42 40 33 49 13 45 52 38 49 31 55 30 39 53 62 56 54 64 39 30 41 27 50 48 39 32 18 43 34 38 35 43 27 44 37 46 32 22 61 44 40 51 51 13 28 36 21 41 57 9 32 44 84 40 52 20 19 44 42 23 33 53 45 36 21 39 46 64 17 7 50 26 27 33 37 48 41 37 47 43 34 21 59 39 19 40 53 26 38 33 8 28 33 26 51 42 40 46 49 37 29 23 37 45 46 33 23 53 46 71 76 65 17 34 25 46 72 36 18 51 20 24 58 41 17 39 47 67 19 30 44 30 57 33 15 37 77 50 75 38 42 46 39 39 58 41 29 28 54 55 52 52 46 23 28 54 24 22 58 37 27 39 40 51 31 33 41 41 55 25 42 36 58 22 35 26 54 47 56 54 36 23 82 41 52 41 35 36
47 37 38 35 31 41 34 64 66 43 47 71 62 52 37 52 16 61 64 50 63 40 72 36 69 60 63 62 61 72 76 59 54 44 68 61 40 56 26 50 34 38 38 51 69 51 53 64 39 30 65 58 40 71 68 50 33 46 23 42 68 30 39 58 86 42 52 50 20 53 49 25 44 61 70 65 51 42 48 71 37 31 59 32 35 35 38 61 51 76 51 50 41 44 76 46 26 44 53 33 57 36 19 33 51 32 51 48 46 67 57 54 33 41 53 54 46 44 23 80 51 73 80 65 28 52 70 47 73 42 36 55 22 49 62 55 26 50 49 77 36 33 53 38 57 40 42 47 81 58 79 40 67 50 44 40 67 42 31 29 63 56 56 74 50 35 41 62 25 29 60 42 29 49 43 54 44 33 44 47 67 26 47 40 59 26 54 27 55 50 56 60 49 33 87 42 57 45 67 39
50 41 45 39 33 48 44 75 79 47 60 82 73 70 38 53 24 65 69 62 71 53 83 77 75 62 66 65 64 77 77 68 61 53 68 62 58 57 55 55 50 43 40 58 71 69 61 67 43 51 67 60 53 74 69 67 33 49 54 44 81 48 41 79 89 57 62 62 42 68 61 30 46 80 71 70 58 51 64 93 41 40 67 71 45 35 46 62 80 78 58 60 57 69 80 58 30 45 64 37 60 45 35 39 54 56 61 61 51 73 70 69 47 68 58 73 54 67 54 86 52 75 93 77 38 54 78 48 76 63 78 61 60 62 66 55 32 55 50 78 44 35 57 57 65 45 70 55 86 61 83 56 73 62 44 52 78 61 39 32 72 58 70 78 57 38 56 82 37 66 66 47 44 51 61 69 49 54 76 54 68 38 54 57 63 52 60 46 71 56 59 63 63 76 89 60 60 60 73 42
86 42 55 54 70 83 68 75 79 65 60 89 74 73 55 56 68 78 75 66 75 62 86 80 76 63 70 84 75 86 84 78 62 65 69 78 70 71 63 55 60 45 90 75 73 70 73 71 45 60 70 64 86 79 78 79 47 60 68 48 82 67 60 85 92 64 64 87 55 69 69 50 56 82 76 91 78 57 78 97 85 69 68 84 61 47 53 77 81 90 73 60 61 84 91 60 40 51 65 43 79 57 39 50 57 61 65 72 60 77 73 73 61 69 68 86 58 89 55 86 57 75 94 84 48 69 83 48 89 67 85 62 78 68 73 57 51 58 63 86 44 71 64 71 73 59 75 71 92 65 88 59 79 72 78 85 82 77 54 42 73 69 77 80 78 56 65 82 59 71 70 65 53 58 72 71 53 72 81 68 74 50 56 61 90 67 64 66 83 56 77 85 64 88 91 92 72 64 81 46
86 44 61 62 87 86 95 80 87 76 66 89 90 80 85 59 86 87 90 87 86 86 95 84 90 73 86 88 81 89 93 90 95 86 71 85 78 78 82 62 92 51 90 91 76 74 88 75 74 73 77 89 93 82 79 82 57 80 87 65 93 94 73 88 96 69 74 99 73 73 73 61 81 84 76 97 92 75 81 97 85 74 76 87 67 87 79 78 96 91 88 73 71 88 91 85 61 59 79 58 80 73 57 90 67 67 74 93 72 89 93 78 76 75 72 92 85 90 80 93 63 79 96 87 60 74 91 57 91 95 86 66 80 72 76 74 68 90 75 93 53 87 83 76 91 75 82 71 98 76 90 63 86 86 83 85 94 78 76 45 87 77 85 97 90 75 73 87 94 90 95 69 55 91 80 79 76 84 94 73 75 79 76 95 94 84 66 80 84 70 85 89 74 93 95 94 79 81 85 65
88 82 63 86 95 99 99 99 99 88 84 90 97 94 85 94 90 91 95 100 99 89 95 87 96 91 92 90 94 96 93 93 100 90 96 93 79 88 100 90 96 90 99 98 92 84 94 78 78 80 100 96 95 100 88 92 85 90 90 79 94 96 89 95 99 92 98 100 90 73 90 92 82 86 89 100 99 75 94 100 87 93 91 94 70 91 85 93 100 96 94 75 93 97 98 89 65 89 99 68 88 84 64 99 80 91 88 97 95 97 97 89 86 76 83 100 98 95 94 94 95 99 100 96 73 96 100 76 94 100 97 76 81 77 93 86 76 98 88 93 80 97 95 84 94 85 88 83 99 84 98 93 95 88 95 100 97 87 79 53 100 95 87 97 98 77 98 100 99 90 97 84 72 96 88 96 93 87 96 90 97 97 100 95 100 92 84 87 87 93 93 95 81 99 96 97 87 93 86 99

52 29 78 42 59 95 7 29 28 95 34 49 32 25 84 64 91 33 93 56 70 42 51 8 71 5 12 90 82 54 32 22 93 89 34 19 52 79 83 56 50 64 88 46 24 4 93 42 64 72 33 65 32 82 23 25 2 70 41 29 56 94 38 88 4 1 83 84 20 38 48 7 55 14 68 45 77 17 37 75 99 2 50 40 18 34 14 96 2 70 46 23 16 47 98 20 16 10 41 17 62 51 25 95 54 72 82 7 37 20 48 56 1 85 13 27 81 71 93 97 83 59 8 16 58 66 57 84 46 34 59 17 77 13 24 50 48 91 46 7 44 4 60 25 17 8 91 55 18 76 31 1 99 93 17 75 80 29 72 91 56 62 83 5 60 31 91 18 12 12 77 96 80 36 95 79 84 59 75 6 86 33 96 11 26 45 5 89 54 49 68 34 5 65 92 3 91 66 41 56

213 84 23 91 59 365 156 381 117 773 53 298 95 284 80 84 99 211 103 231 158 461 63 108 271 30 84 186 32 271 185 1115 199 124 145 249 305 223 96 54 90 540 174 189 136 116 324 70 203 113 184 330 240 440 374 346 81 135 385 282 298 282 212 112 443 29 24 12 131 95 71 99 484 444 76 623 331 107 8 150 71 146 188 246 268 393 126 109 329 1000 251 253 491 179 226 76 517 150 90 973 624 152 212 130 76 179 169 296 163 179 589 411 27 392 793 88 167 113 11 146 180 143 135 101 97 210 496 430 372 366 415 50 216 191 413 33 84 165 58 972 39 36 99 176 153 317 64 180 129 306 272 78 174 160 87 186 762 123 78 95 257 38 318 113 125 65 112 97 269 437 488 348 146 156 353 137 501 643 103 478 75 107 90 61 166 485 181 224 493 384 324 308 938 275 88 81 424 429 295 120
333 515 67 138 273 417 309 419 220 946 409 1618 171 355 157 182 182 802 269 314 463 599 227 113 306 509 296 448 38 303 220 1893 602 861 322 271 939 460 143 345 104 1126 385 286 249 273 441 125 255 787 392 395 465 646 568 370 130 731 487 467 634 785 253 502 610 102 28 939 430 232 92 128 546 449 1428 984 518 369 256 379 119 187 325 352 914 698 153 677 485 1870 258 279 505 327 469 392 653 267 97 1059 1055 227 1046 343 153 243 325 672 335 329 645 460 76 583 1638 109 457 659 131 1856 386 633 371 104 530 354 508 901 923 904 646 77 224 1110 789 110 120 594 72 1945 313 244 389 205 590 323 293 357 162 326 288 548 1482 417 159 218 845 483 155 132 276 136 377 282 227 169 1051 1127 954 1243 986 631 192 449 810 1407 859 985 144 763 406 235 101 95 450 497 255 261 681 1123 819 323 1084 377 517 464 446 437 663 255
1300 557 244 269 531 485 387 475 293 1280 659 1643 184 472 179 294 255 1127 631 356 616 1428 247 176 408 693 594 1004 127 438 380 2086 824 1090 426 323 1013 1111 185 429 216 1522 408 484 326 432 2380 470 284 936 514 436 500 1140 614 591 441 793 567 691 686 1070 954 555 710 223 225 1250 1446 252 238 321 607 458 2449 2207 736 700 271 408 391 257 440 657 1110 771 305 761 683 2095 312 929 585 346 786 670 708 427 154 1608 1362 375 1168 440 237 1028 851 1078 371 520 1819 554 92 1033 1857 915 461 724 685 1966 399 675 619 459 700 402 756 2560 1026 952 1198 461 233 1297 1230 812 269 1009 161 2492 839 247 470 371 725 481 393 498 2229 591 330 1091 2033 479 327 408 957 488 194 144 527 168 853 371 486 293 1180 2066 1134 1294 987 675 390 1485 843 1698 1332 1124 239 794 527 453 343 194 507 977 274 283 683 1131 1235 422 1122 799 1923 724 461 686 679 404
1571 626 256 374 573 487 413 543 509 1316 767 2307 272 565 259 456 303 1662 1231 522 684 2472 336 279 411 778 790 1047 223 491 1026 2123 909 1142 528 334 1565 1197 476 463 222 1626 770 528 368 462 2409 719 460 945 617 1295 814 1175 912 965 702 982 629 983 697 1618 1834 666 760 820 271 1377 1564 430 1785 375 644 546 2744 2318 896 1196 389 451 465 296 475 771 1767 804 741 782 793 2272 316 1004 1162 573 1260 854 868 575 411 1881 2216 948 1814 455 447 1106 971 1136 953 1584 2181 651 190 1814 2017 1075 513 1400 993 2065 415 1624 1444 468 794 1214 779 2674 2048 1090 1430 505 446 1752 2373 976 328 1146 285 2647 1044 340 936 459 731 528 434 517 2266 602 484 1131 2118 618 398 477 1104 1409 359 271 542 772 930 782 664 297 2067 2318 1147 1321 1770 1349 421 2484 1247 2068 1421 1498 276 1090 584 623 345 402 617 1056 429 439 753 1267 1834 694 1494 1103 2483 783 510 909 860 464
2399 687 279 477 627 802 733 985 539 1612 774 2393 564 596 348 535 584 2043 1455 736 741 2747 422 333 540 837 1192 2658 252 549 1080 2668 1037 1390 696 482 1703 1241 576 545 282 2463 792 626 486 465 2929 734 532 1972 642 1337 1068 1206 932 1000 913 1528 866 987 1127 2491 1869 981 824 829 280 1677 1568 710 2489 522 791 743 2790 2388 1504 1556 525 717 481 371 678 1020 2283 1044 915 932 1209 2726 572 1010 1268 606 1532 1086 1959 731 613 2811 2333 1064 2341 706 889 1522 1218 1275 1093 1605 2204 681 431 2010 2120 1203 637 1596 1169 2286 677 1666 2313 559 978 1863 869 2709 2056 1095 2438 584 473 1963 2496 1161 350 1414 306 2660 1109 685 1336 462 1001 532 436 570 2595 679 752 1214 2336 1077 544 900 1212 1671 543 304 606 955 1290 893 790 394 2171 2343 1448 1943 1830 1490 479 2878 1890 2209 1464 2030 341 1200 619 876 1190 677 877 1087 498 494 822 1841 3322 735 1727 1639 2976 925 537 955 971 512
2563 721 308 597 794 819 734 1063 621 1706 793 2890 620 670 1174 544 607 2229 1570 756 753 2960 433 702 588 840 1313 2737 254 673 1137 2726 1117 1536 818 587 2216 1365 651 631 333 2747 816 737 542 475 2946 824 740 2257 847 1369 1281 1306 1177 1794 1282 1610 1668 987 1148 2587 2245 1102 854 1075 350 2093 1743 815 3221 522 792 1187 2829 3306 2148 1987 559 751 809 400 697 1096 2517 1197 1349 1148 1325 2767 968 1361 1503 678 1665 2044 2804 852 963 3253 2685 1135 2530 779 1268 1549 1371 1518 1400 1682 2315 723 470 2154 2230 1452 673 2446 1399 2852 709 2057 2498 678 1788 1897 1339 3155 2188 1563 2701 720 479 2536 2680 1166 399 1444 579 2846 1252 876 1609 666 1281 570 490 838 2756 686 880 1269 2350 1261 907 905 1349 1953 672 387 752 1032 1329 1445 797 469 2741 2832 1483 2118 1879 1495 574 2965 2031 2390 1661 2244 368 1487 817 1302 1385 722 922 1101 585 500 1032 2012 3381 765 3217 1660 2982 1020 783 1089 1253 548
3510 860 325 610 806 854 794 1220 631 1824 864 3587 704 789 1271 625 700 3682 1589 942 791 3003 557 1293 800 1001 1405 2827 628 889 1272 3055 1142 1596 1026 653 3262 1482 688 704 511 2878 958 780 589 822 3103 1019 1111 2568 916 1850 1567 1935 1440 2124 1886 1647 1865 1217 1622 2898 2346 1233 1181 1111 402 2935 1852 862 3641 571 873 1511 3382 3412 2679 2446 622 805 815 499 793 1298 2776 1364 1534 1505 1443 3015 1175 1775 1576 772 2424 2620 3265 1665 1049 3848 3744 1453 2718 785 1618 1582 1612 1831 1434 1712 3241 766 564 2368 2301 1625 814 2535 1488 2957 870 2472 2563 869 3032 2085 1501 3228 2537 1855 2802 848 558 2550 2934 1208 516 1463 622 2918 1536 1983 1615 709 1384 891 795 971 3131 859 943 1450 2411 1417 944 964 1439 2714 875 609 928 1462 1523 2788 1168 485 2793 3207 1536 2912 2013 1694 749 3396 3365 3500 2122 2317 388 1597 821 1377 1511 751 998 1396 767 534 1326 2794 3382 781 3320 2167 3033 1046 801 1303 1310 747
3730 894 334 829 874 889 891 1579 690 1982 941 3872 731 815 1671 1050 919 3862 1912 964 855 3411 931 1367 826 1536 1514 3462 695 899 1332 3735 1147 1873 1036 795 3739 1495 699 890 612 3315 997 909 675 827 3456 1019 1565 2600 921 1957 1959 1977 1871 2165 3549 1935 1970 1333 1788 2974 2553 1437 1577 1721 570 2967 1907 895 3848 698 1707 1762 3703 3559 2899 3490 693 877 830 605 902 1625 2871 1427 1815 1530 1512 3225 1356 1908 1728 810 2654 2621 3836 1769 1344 3897 3778 1634 3406 867 1803 1890 1840 2474 1515 1774 3253 780 784 3009 2637 1653 925 3310 2056 3409 877 3344 2682 964 3713 2308 1877 3384 3121 2774 3495 974 774 2550 3423 1769 827 1546 641 2986 1617 1993 1807 786 1432 891 940 1195 3563 928 1039 1481 2751 1510 983 1003 1877 3302 1303 901 958 1839 1524 3516 1448 555 3157 3526 1738 3582 2030 1871 930 3466 3485 4040 3210 2322 738 1743 846 1852 1531 912 1499 1470 905 746 1421 3474 3739 834 3333 2543 3603 1926 977 1854 1325 790
3758 1028 870 901 957 910 1032 1652 1002 2030 1000 4020 947 909 1954 1053 1036 3927 1914 1023 930 3801 986 1931 838 1806 1591 3575 835 1009 1851 3967 1857 1968 1063 958 3996 1781 759 1021 1001 3847 1069 981 955 896 3540 1060 1912 3204 1071 2036 2038 2012 2088 3818 3900 1981 2055 1850 1925 3802 3294 1654 1631 1985 624 3734 1984 922 4002 841 1874 1992 3815 3638 3579 3783 911 1063 977 811 990 1708 3344 1689 1981 1788 1791 3421 2058 2051 1889 1040 3447 2674 3855 2010 1559 3936 3990 1778 3944 925 1814 1928 1876 2591 1687 1959 3754 819 839 3649 3666 1894 934 3701 2425 3975 990 3648 3637 1478 3769 2396 2015 3990 3672 3470 3569 995 777 3790 3850 1947 864 1977 940 3941 1860 2004 2007 968 1982 900 984 1252 3927 1029 1051 1656 3895 1769 1039 1032 1908 3625 1495 1028 1088 1962 1831 3845 1534 862 3344 3660 1940 3812 2054 2044 988 3896 3758 4046 3692 2535 1030 1754 922 1976 1721 1013 1989 1684 1059 756 1862 3530 4034 933 3989 3095 3947 2025 999 1870 2073 921

156 60 3 86 6 255 52 200 61 287 1 146 70 133 56 39 62 84 53 159 69 38 21 7 176 4 17 3 21 157 171 121 149 42 72 114 146 125 85 24 28 83 92 8 119 62 140 6 8 75 73 305 30 76 214 84 45 82 224 251 205 126 96 24 15 14 21 1 70 36 11 55 457 412 61 604 41 5 7 126 45 81 133 81 166 17 111 4 161 670 207 209 299 21 183 41 25 90 29 251 617 35 75 87 53 34 147 250 100 174 92 333 10 178 772 43 82 10 8 64 64 105 41 47 25 95 410 73 240 5 114 25 70 110 389 4 55 97 50 164 22 26 62 81 60 183 14 60 33 161 138 75 59 80 41 30 78 4 25 20 48 18 284 45 21 20 106 85 66 377 58 279 90 15 175 95 156 283 97 342 13 89 60 60 87 293 33 202 341 249 225 159 214 210 42 38 198 180 46 60
