200 9 1
49 40 26 19 91 78 15 49 12 14 79 48 91 79 87 33 21 84 48 92 85 15 3 100 4 2 5 75 70 26 32 9 89 94 23 84 36 83 36 11 54 16 23 57 34 20 39 64 26 76 66 47 70 51 2 25 87 28 33 3 57 41 48 39 25 71 54 81 94 21 13 64 73 81 59 13 25 47 10 16 64 18 42 24 13 48 29 20 67 64 63 5 24 92 96 30 69 74 49 74 29 100 79 89 61 53 14 49 3 21 83 79 11 47 58 71 7 76 4 89 98 64 55 73 10 10 92 34 15 32 98 78 28 31 36 84 39 26 29 12 91 89 92 84 83 98 47 61 26 94 18 43 60 62 40 77 13 22 56 28 38 98 52 63 14 95 2 74 45 13 16 3 88 52 15 3 34 69 58 10 58 40 28 68 100 96 18 22 12 14 40 36 59 15 10 17 56 49 63 13

6 10 4 2 2 7 11 14 15 2 9 1 4 1 4 9 5 2 3 3 3 11 21 2 2 15 3 18 9 10 30 4 6 20 3 6 3 19 9 8 17 13 3 3 2 8 5 20 17 4 17 4 10 13 7 5 7 2 8 7 3 4 2 6 1 24 24 2 7 2 4 4 1 20 36 33 18 1 18 6 35 28 5 18 10 16 1 8 8 50 5 15 9 30 2 10 18 49 3 5 5 6 3 4 37 3 9 3 21 10 39 11 30 4 7 13 5 10 15 2 3 19 6 7 19 18 12 1 13 26 5 5 3 5 6 32 1 44 9 1 21 18 7 3 5 7 2 15 2 11 18 8 2 20 2 19 13 4 6 13 1 27 12 1 5 5 6 28 1 25 9 2 8 30 16 2 1 13 3 6 8 3 1 4 25 13 3 17 9 33 14 3 19 1 5 24 27 8 6 8
11 19 6 14 3 15 23 51 23 12 20 33 11 16 5 38 23 2 16 13 27 27 29 5 15 29 3 34 43 14 39 16 29 23 11 8 27 22 29 15 24 17 12 10 14 11 19 21 19 9 21 6 13 14 14 5 12 25 9 10 25 5 5 34 2 24 32 39 34 3 6 6 20 46 37 49 44 5 21 29 50 34 30 20 13 29 5 18 10 65 5 19 18 34 14 21 20 51 19 14 10 33 18 26 41 9 34 8 26 20 40 45 38 17 14 23 11 28 32 4 4 25 32 31 46 20 16 3 15 58 9 15 29 14 6 35 21 54 10 18 33 44 15 4 11 24 37 16 6 17 40 10 7 56 5 23 28 7 15 32 15 44 18 33 10 12 7 33 8 33 9 25 31 33 44 25 11 15 5 12 10 10 3 7 31 23 22 29 23 38 26 22 31 39 17 40 32 23 26 10
63 22 18 35 6 17 30 57 64 21 30 36 39 19 7 40 32 4 17 35 40 37 47 6 26 31 39 38 60 59 54 22 38 28 14 17 41 30 38 29 27 23 32 12 26 13 55 24 37 20 26 29 17 39 15 20 29 42 15 62 34 15 9 35 8 35 44 42 41 3 15 12 30 53 44 55 53 8 34 38 55 45 54 37 28 39 10 23 52 78 30 22 20 46 23 27 28 57 34 16 12 63 24 29 55 25 51 12 48 21 53 56 40 42 17 49 30 44 45 7 4 36 34 34 50 25 37 5 21 59 19 23 39 18 8 40 63 56 23 28 34 46 26 37 11 26 43 33 8 24 42 24 18 60 8 24 31 11 17 35 19 49 26 41 22 15 25 44 34 38 29 27 32 48 54 50 38 16 21 40 16 20 13 22 42 38 30 35 27 45 37 48 44 42 24 40 36 33 60 18
66 45 34 37 51 31 40 60 69 37 31 52 41 21 12 42 51 10 26 36 55 43 53 15 30 55 40 40 66 68 57 39 50 32 23 19 48 32 71 38 31 59 37 55 31 31 56 44 42 29 29 39 30 52 20 23 40 44 43 64 35 17 10 46 28 36 46 46 52 4 30 23 45 66 45 58 54 30 45 45 64 46 69 37 30 40 27 45 66 85 40 37 22 59 39 49 68 63 34 31 15 64 48 33 63 28 53 28 50 47 65 63 49 54 22 67 34 63 47 20 19 54 39 34 51 31 62 20 26 60 21 25 48 32 20 50 72 57 23 30 35 50 36 45 27 35 52 36 18 36 42 27 20 65 23 39 52 21 33 52 56 60 28 42 26 50 30 47 65 47 31 29 36 50 61 74 52 21 36 60 17 27 59 28 45 54 60 37 34 81 46 76 44 54 41 64 51 34 64 29
67 51 48 39 59 38 51 70 73 38 32 55 59 32 27 50 51 38 59 42 68 47 58 18 51 67 43 58 67 68 71 47 63 53 26 28 49 45 76 50 38 79 54 65 33 35 61 51 51 43 53 42 44 58 31 26 48 45 43 73 36 33 18 77 42 46 62 52 57 31 41 50 48 74 63 62 61 32 63 62 76 50 73 42 47 40 54 50 68 87 54 47 44 63 43 59 69 65 46 31 22 66 50 35 65 41 61 48 61 55 67 72 66 55 33 79 37 64 58 32 23 58 52 35 52 38 65 31 33 64 28 43 55 48 23 54 73 84 30 59 42 51 40 54 69 44 61 37 21 57 49 39 29 72 28 43 61 49 48 57 70 68 53 44 61 53 48 47 77 47 31 35 56 51 70 76 54 47 55 63 21 32 75 56 57 57 61 44 43 82 55 81 57 64 48 84 62 41 67 48
73 78 66 40 60 40 60 78 76 41 59 57 61 69 31 75 59 45 71 69 71 61 60 61 55 72 48 67 70 76 91 48 64 59 33 43 50 49 80 63 54 80 76 74 36 36 69 65 78 59 59 42 57 61 42 47 57 57 65 73 45 48 51 77 50 58 62 56 79 34 47 57 50 76 74 70 62 37 94 62 79 57 76 55 52 48 66 63 80 87 71 50 50 74 64 62 73 67 61 54 25 67 56 44 79 42 76 49 65 63 70 77 73 57 34 82 51 74 63 39 33 68 60 39 52 38 73 80 40 78 43 43 61 52 61 54 76 90 40 66 47 53 59 56 84 71 66 41 31 66 66 41 33 74 81 51 71 64 50 80 80 80 53 58 85 82 69 72 80 52 31 51 72 70 80 85 60 63 60 68 39 48 85 65 63 73 61 50 64 89 63 86 61 88 62 93 74 41 78 50
82 81 72 65 63 68 60 79 83 41 77 78 73 76 67 91 80 53 80 89 78 85 75 63 93 79 84 68 81 81 93 51 65 59 58 73 50 90 86 81 60 90 95 75 39 39 88 72 88 78 81 44 75 70 62 83 78 61 75 87 58 61 70 80 60 72 64 82 87 61 50 62 57 79 81 74 62 45 95 83 89 60 81 66 65 75 69 67 90 93 78 61 50 80 69 79 88 79 75 74 27 72 78 52 83 45 80 53 81 80 76 81 77 77 63 85 56 80 63 40 60 73 61 58 68 74 77 81 51 79 53 44 66 64 61 56 79 91 54 74 62 57 70 67 93 85 69 46 86 67 69 44 51 78 81 57 79 66 84 81 80 85 87 67 95 82 71 83 92 76 49 68 80 81 82 87 75 69 66 68 47 53 88 84 72 82 65 55 81 91 66 87 79 88 74 94 81 58 80 79
84 86 83 74 72 83 83 82 84 87 86 83 75 77 67 95 94 56 89 95 83 92 94 94 94 87 85 76 83 87 95 59 85 83 61 79 52 91 90 85 69 92 95 80 73 65 90 76 95 89 81 91 80 71 75 89 81 80 76 98 60 61 84 84 79 82 67 84 87 65 79 67 72 94 83 75 68 54 96 92 91 66 88 76 72 93 77 73 91 99 81 70 80 83 80 85 89 87 77 95 57 82 90 72 95 74 90 62 95 93 78 87 78 84 77 89 86 89 70 43 77 86 63 66 72 75 84 97 67 90 65 54 80 73 78 81 87 99 85 79 77 66 81 74 97 91 92 47 90 95 76 62 72 82 92 73 91 67 87 86 85 86 88 86 95 83 82 87 96 95 58 82 89 88 83 88 81 92 68 94 70 74 98 84 80 83 79 85 87 91 76 91 88 96 82 96 86 89 92 88
100 100 87 78 75 91 96 83 91 95 91 88 99 84 68 96 94 93 97 96 83 93 95 96 94 93 92 86 85 89 99 94 92 99 98 92 53 95 94 94 93 96 97 97 87 98 100 77 97 95 81 95 92 89 97 91 83 99 97 98 93 66 97 84 87 88 81 90 99 76 96 97 84 98 89 84 89 72 99 96 99 99 92 87 79 98 88 79 92 100 93 90 99 91 99 98 91 98 97 98 81 85 98 86 100 78 99 74 96 99 95 89 96 88 98 93 99 91 91 78 90 98 99 91 83 75 95 99 69 97 79 73 91 87 79 96 89 99 97 90 92 100 100 74 97 93 94 67 98 96 92 80 87 86 96 83 95 79 91 96 100 92 94 95 96 97 92 87 99 100 66 94 91 98 100 97 92 96 100 95 94 99 99 88 92 98 85 87 100 94 79 96 94 100 94 99 99 93 96 91

39 39 2 60 31 75 29 30 30 51 22 51 95 40 83 94 29 40 14 75 87 39 77 25 90 28 45 97 34 48 42 94 58 55 55 90 83 80 14 34 62 12 3 70 100 26 15 88 57 99 100 47 6 48 30 78 24 58 87 35 18 33 24 59 6 29 13 3 56 58 66 8 51 74 72 33 52 15 99 18 44 40 49 47 18 69 87 6 53 74 100 56 75 85 29 78 46 52 83 25 74 16 11 32 14 57 24 62 34 88 16 50 86 1 72 62 78 84 45 35 49 75 78 9 97 49 19 95 90 60 49 32 59 42 93 39 55 27 60 75 68 97 81 59 72 65 11 81 87 11 23 49 57 51 28 90 66 77 27 72 55 13 82 64 79 59 53 42 99 27 79 94 64 75 38 33 75 41 35 81 12 34 97 75 31 34 71 55 10 16 44 63 15 84 35 90 16 85 49 92

68 70 99 269 139 244 789 126 39 44 98 214 190 155 357 282 215 324 502 503 550 503 107 114 89 65 483 700 441 215 69 160 278 605 128 183 95 148 86 66 430 17 72 559 362 139 102 1493 37 1472 1496 95 189 145 708 72 272 33 217 142 363 104 86 59 358 93 622 205 121 85 362 201 210 191 231 216 40 227 46 559 481 114 116 178 617 249 467 424 319 538 236 533 65 245 151 38 263 123 125 191 324 118 930 1240 794 388 38 136 70 80 136 282 47 935 457 154 23 372 87 329 690 122 172 412 948 147 191 90 360 313 107 146 308 214 83 840 126 972 169 639 159 195 149 279 97 202 559 276 146 116 44 296 585 302 57 410 121 950 90 308 135 967 206 225 123 192 22 947 223 20 294 636 1158 406 291 8 538 106 117 210 393 148 152 159 219 300 521 62 28 348 117 214 225 197 413 570 508 321 466 261
212 82 255 472 361 439 1176 260 53 68 116 462 844 309 437 756 356 395 555 662 1977 837 173 483 401 161 495 875 913 347 272 218 456 936 157 1306 629 224 152 958 1414 235 231 1391 504 153 298 1612 148 2435 1725 271 1391 948 853 277 1156 287 488 846 365 239 99 70 409 127 632 340 395 264 472 585 396 584 630 259 339 267 157 790 523 335 723 600 618 316 535 446 667 563 546 838 269 330 260 101 371 233 191 380 332 137 1112 1469 1582 1335 701 246 94 493 255 284 116 1007 813 291 65 1602 129 368 1240 217 229 425 1073 817 252 107 831 343 200 381 356 545 208 958 149 1186 255 794 187 310 291 1402 395 302 631 419 584 216 154 432 656 742 91 736 121 976 729 589 275 1077 402 258 131 219 61 1023 299 179 1474 895 1552 580 294 37 1147 209 163 257 399 151 234 524 557 622 884 142 154 990 506 314 397 266 460 1086 1293 698 484 472
213 483 466 1644 535 530 1767 420 100 568 255 591 1392 446 473 1023 574 527 845 1263 2041 951 279 579 501 163 507 1298 916 804 304 241 522 2285 170 1889 834 281 265 1113 1903 278 281 1391 687 195 475 1747 167 2778 2043 292 1486 1024 1132 397 1161 377 995 1620 392 325 199 258 511 167 654 521 546 320 608 981 410 2397 665 265 716 433 174 860 845 339 767 1563 782 792 694 771 879 993 668 839 766 1777 296 120 435 373 528 610 886 330 1186 1897 2334 1595 831 504 152 745 306 510 131 1279 2015 354 154 2344 218 559 2369 240 274 509 1684 996 317 195 1138 718 404 412 403 1258 267 1042 1164 1213 261 1377 362 324 417 1616 678 562 1159 648 829 216 328 644 1794 800 124 799 167 1076 793 886 592 1324 734 1121 325 238 149 1025 429 386 1647 1469 1623 632 295 64 1564 394 343 297 663 197 477 601 804 687 1140 309 673 1355 620 659 535 417 779 2640 2003 1360 500 529
223 526 480 1772 616 797 1972 446 185 1906 351 948 1987 466 742 1073 629 590 1429 1809 2353 998 322 1199 781 259 519 1363 1260 1296 507 276 531 2405 444 2329 1572 448 443 1189 2277 735 298 1450 730 296 484 1897 262 2833 2459 457 2252 1093 1404 463 2003 748 1071 1642 874 458 396 283 595 1705 877 525 643 1310 746 1442 1017 2413 1173 363 921 813 178 1053 1215 369 774 1906 1467 937 906 1015 890 1181 675 960 1165 3153 344 271 472 423 911 640 1708 334 1647 1937 2633 1768 1358 639 1165 1000 370 694 169 1517 2287 706 501 2517 248 993 2551 258 615 725 1817 1208 499 1318 1145 729 571 851 2649 1288 395 1264 1628 1519 285 1667 628 424 497 1633 756 623 1159 950 1230 251 492 923 2009 867 129 838 201 1384 817 973 1924 1351 872 1478 348 763 234 1058 464 447 2084 1881 1694 719 394 433 1704 446 427 642 845 356 490 754 808 1161 1267 365 935 1472 834 807 723 570 959 2789 2382 1601 553 581
306 613 523 2019 637 969 2111 474 270 3088 445 969 2568 471 744 1154 850 672 1481 2499 2809 1138 587 1695 1205 540 637 1876 1399 1849 731 373 575 2695 1092 2417 1583 597 517 1217 2490 1613 355 1638 1110 372 607 2143 301 2891 3224 469 2779 1504 1428 521 2474 806 2425 2159 874 640 440 420 1343 1972 1269 580 822 1420 761 1486 1957 2436 1273 413 1054 941 267 1165 1274 409 872 1939 2514 2031 928 1027 965 1390 690 1006 1237 3362 431 416 692 477 1010 713 2599 336 2154 2266 2649 1819 1824 696 2146 1028 412 704 618 2611 2799 960 610 2547 405 1443 2888 483 874 1005 2938 1292 695 2503 1186 842 590 1419 2976 1341 516 1352 2051 2196 306 1939 864 822 546 2203 991 627 1161 971 1262 312 540 1381 2571 1062 169 844 201 1387 1237 1033 2023 1508 985 2041 490 1215 327 1096 498 495 2100 2175 1708 1282 494 458 1851 526 522 726 869 585 841 932 1027 1273 1515 399 1216 1964 861 1108 846 872 1934 2837 2629 1619 597 581
495 710 761 2468 844 1239 2367 491 301 3284 553 1079 2698 492 842 1160 1038 695 2059 2870 3153 1673 601 2517 1676 542 778 1983 1775 2009 1426 456 597 2763 1784 2887 2396 885 742 1250 2804 1705 360 1645 1701 645 614 2606 358 3124 3502 585 2797 1617 1453 530 2749 924 2664 2691 876 886 465 440 1393 3356 1311 824 887 1431 1002 1911 2715 2920 1394 558 1163 990 311 1326 1399 418 1464 2276 3235 2642 1048 1439 1510 1556 849 1403 1457 3388 686 664 907 573 1074 738 3384 382 2530 2799 3524 2090 2141 711 2327 1158 419 729 867 3583 3513 1025 627 2977 479 1549 2959 599 1520 1113 3192 1321 795 2831 1243 1009 720 1943 3015 1532 547 1631 2670 2261 572 2479 913 907 575 2394 1000 702 1434 1232 1336 336 578 1805 2619 1379 389 912 718 2305 1501 1152 2139 1967 1051 2250 571 1698 494 1109 1088 587 2367 2304 3061 1372 1116 682 2502 527 557 906 1182 615 1207 1002 1253 1376 1783 755 1556 2371 874 1257 872 1565 1971 3157 2747 2013 616 634
566 867 809 2589 877 1435 2672 595 767 3546 709 1407 3498 695 1058 1351 1538 1016 2364 3143 3331 1684 612 3046 2937 642 1061 3333 2460 2517 1624 565 624 3407 3412 2952 2558 1010 1457 1282 3055 2332 576 1931 1759 688 791 2703 492 3386 3516 720 3152 2208 1643 565 3080 1004 3578 2811 888 936 1548 703 1549 3445 1671 839 970 1695 1208 2391 2779 3253 1715 613 1411 1686 415 1377 1500 529 1502 2432 3458 2768 1813 1632 1648 3057 943 1471 1481 3707 690 832 1081 627 1409 842 3509 418 3334 2848 3529 2783 2881 766 3111 1269 552 824 936 3878 3688 1565 891 3471 823 1588 3027 679 1598 1350 3470 1663 1213 2859 1452 1405 736 2572 3515 2589 563 1758 3170 2463 706 2736 1480 915 612 2793 1555 828 1534 1305 1364 579 769 1836 2679 1435 699 999 1588 2633 1512 1197 3255 3114 1211 2256 860 1745 1156 1183 1151 699 2766 2372 3342 1382 1336 685 2786 618 831 1536 1605 933 1499 1715 1623 1603 1785 800 1721 2676 1088 1270 955 1661 2077 3216 3124 2159 711 664
675 910 958 3421 931 1875 3047 792 791 3819 825 1618 3769 751 1401 1527 2169 1047 3248 3516 3428 1838 642 3675 3098 743 1702 3419 2857 3418 1795 668 669 3451 3558 3275 2872 1055 3083 1728 3121 2730 777 2278 1894 764 857 3780 646 3470 3541 806 3342 2632 1863 601 3197 1723 3626 3366 921 1009 1713 766 1551 3828 1811 840 997 1801 1728 2478 3242 3499 1825 807 1426 1780 595 1567 1590 951 1887 3240 3824 2788 1946 1978 1803 3948 965 1491 2307 3891 992 1176 1252 632 1416 890 3825 628 3569 3314 3562 2979 3516 778 3422 1588 554 1264 967 3931 3693 1638 934 3694 826 1629 3760 755 1730 3217 3689 1738 1309 2958 1805 1469 785 2644 3653 3618 624 1796 3542 2795 884 2941 1741 950 630 2949 2215 902 1874 1615 1883 637 847 1912 3085 1526 835 1002 1670 3323 1707 1391 3357 3317 1673 2317 862 1746 1978 1792 1455 773 2865 3086 3411 1413 1908 692 2811 739 837 1629 1876 960 1588 1833 1901 1841 1802 816 1724 3080 1399 1813 999 1826 3124 3854 3455 2184 825 908
790 939 986 3850 984 2048 3714 877 983 4001 945 1992 3924 802 1437 1817 3348 1056 3893 3704 3710 1879 866 3691 3468 802 1794 3519 3001 3960 1955 673 883 3981 3868 3853 3650 1069 3129 1982 3222 3992 841 2533 1959 971 950 3827 649 3881 3815 829 3873 3117 2000 853 3289 1910 3828 3390 1009 1039 1966 794 1577 3915 1927 895 1065 1805 1901 2801 3988 3533 1848 868 1601 2037 903 1643 1642 972 1933 3829 3861 3306 1947 2013 1924 3963 1051 1889 2680 4006 1065 1187 1660 808 1755 908 3970 965 3942 3638 4029 3361 3586 891 3556 1616 838 1302 1009 3993 3808 1648 961 4053 950 2030 4042 963 2026 3377 3763 1785 1787 3299 2000 1771 1040 3085 3864 3971 650 1807 3832 3942 986 3457 1833 974 789 3007 4046 978 2006 1797 1983 1023 860 1951 3882 1989 933 1030 1932 3403 1884 1873 3907 3358 1773 2722 933 2066 2516 1843 1832 979 3627 3528 3763 1902 1981 994 3680 891 895 1870 1915 1033 1731 1870 2017 1978 1979 868 1766 3083 1888 1907 1011 1979 3628 3960 3887 2376 961 995

8 38 14 219 8 17 307 50 23 13 48 95 21 20 78 116 61 89 411 41 80 129 86 102 50 28 122 42 213 177 23 127 39 370 85 147 16 25 64 59 391 1 58 500 262 6 45 183 15 1055 794 25 39 24 536 1 10 24 83 16 344 24 79 57 30 88 195 83 25 75 193 160 12 61 120 139 16 29 12 185 101 80 39 76 546 205 239 34 173 117 175 125 31 208 28 37 67 26 119 58 79 82 166 936 529 16 12 75 43 58 36 200 35 835 200 1 6 78 73 233 321 81 124 183 894 137 42 27 122 148 44 64 63 50 76 507 39 418 4 482 38 71 108 257 4 5 41 27 35 98 32 75 354 150 16 300 117 931 78 57 53 352 107 187 101 131 14 736 136 8 283 547 911 239 35 7 165 40 25 11 150 94 147 81 34 46 71 4 15 59 62 82 178 137 245 418 303 80 19 92
