200 9 1
29 23 74 76 10 44 94 26 98 78 49 71 46 21 67 66 50 15 85 45 83 34 67 5 91 28 35 7 23 84 3 84 70 39 31 35 71 49 51 95 94 5 75 7 4 14 50 45 65 49 62 39 56 13 59 78 16 30 97 58 36 19 28 31 58 57 76 15 30 97 56 44 75 15 77 79 65 70 100 67 18 15 25 21 48 65 6 47 48 56 87 57 73 15 29 55 21 81 88 79 39 29 87 68 32 8 29 63 50 81 5 24 58 88 8 47 49 22 36 37 6 57 59 100 86 5 52 24 75 52 20 6 81 44 10 86 33 80 37 64 57 81 22 54 27 19 64 49 14 18 83 52 43 7 51 95 34 10 12 96 56 92 46 60 93 65 15 71 54 41 66 51 27 39 36 58 75 95 20 94 62 16 14 69 15 41 29 98 97 46 41 99 33 8 85 38 3 26 97 86

8 30 2 2 23 2 3 6 7 34 15 3 2 5 3 3 2 7 16 7 7 13 13 15 10 17 1 4 13 23 1 6 20 4 21 1 10 3 15 4 1 5 19 14 11 3 1 23 8 1 24 17 18 6 18 1 4 29 20 17 3 13 11 37 1 13 11 5 3 7 19 7 4 7 20 11 6 14 27 5 33 15 7 6 5 2 5 1 20 4 4 10 23 5 28 2 12 3 15 18 8 13 14 3 3 7 8 5 19 3 3 6 11 2 7 5 6 9 9 15 7 14 1 9 23 13 8 8 7 24 4 20 12 5 39 3 11 16 15 8 8 4 8 3 10 1 2 23 14 3 8 1 61 4 6 4 15 2 7 8 19 17 4 11 6 11 18 2 11 3 22 8 7 2 5 4 9 16 3 11 10 6 5 19 7 7 23 10 13 21 11 23 13 4 1 4 61 7 3 13
9 57 25 21 38 18 12 14 12 36 18 13 18 8 12 7 17 12 38 9 10 15 23 31 39 17 5 6 14 28 25 13 24 26 25 12 29 3 20 22 11 5 22 20 36 3 14 51 39 5 30 21 19 22 35 11 14 31 36 31 15 20 22 54 17 19 23 13 12 21 26 13 28 8 22 21 6 19 30 6 35 29 16 30 7 26 15 19 28 33 29 10 37 20 53 8 19 6 25 43 8 15 21 11 23 9 20 25 19 23 10 10 12 41 18 35 23 19 29 16 9 14 7 23 45 26 13 27 9 26 5 30 29 52 61 7 25 25 19 17 35 5 11 22 14 34 26 27 16 19 12 6 66 21 7 14 18 17 13 20 55 24 7 18 28 21 19 27 34 19 45 15 20 45 19 11 9 25 35 15 50 30 23 26 37 25 30 46 22 27 27 30 20 15 3 6 62 8 15 15
15 73 31 33 39 29 23 42 43 45 30 13 22 16 27 44 39 13 40 26 14 27 28 45 41 22 5 8 15 40 33 25 34 27 25 28 53 5 44 39 36 11 30 26 50 5 35 59 53 36 39 56 20 31 39 33 21 50 59 39 42 22 25 60 17 29 45 15 17 41 28 18 43 17 23 36 15 34 43 13 38 30 35 46 25 34 25 42 32 34 32 22 38 56 53 11 27 22 27 55 11 19 22 29 24 25 31 60 26 37 11 20 29 42 56 37 34 20 30 17 49 14 23 47 49 28 24 35 10 29 10 40 40 60 67 16 26 48 24 19 38 12 19 29 29 60 28 53 19 23 12 17 70 28 7 24 21 19 20 37 59 57 7 29 36 30 24 32 39 20 59 16 27 53 24 18 46 38 37 18 55 37 31 26 42 26 34 46 24 32 29 72 25 23 15 7 64 12 19 26
21 75 70 59 45 31 50 44 53 48 35 24 35 19 39 57 54 20 41 63 34 32 35 49 50 33 14 48 28 76 46 32 34 63 39 50 55 29 52 43 41 17 39 44 53 6 48 65 56 40 48 58 24 37 39 37 24 58 74 57 63 31 29 71 33 42 45 21 38 45 33 32 45 23 23 39 45 48 47 21 46 34 47 56 29 49 27 52 38 56 46 31 40 57 58 25 30 27 69 61 21 19 28 61 29 29 60 62 48 39 21 32 39 42 58 54 36 35 42 29 64 27 39 55 61 37 38 49 32 33 42 46 55 76 71 26 45 50 32 41 39 12 25 37 52 71 44 58 19 23 22 26 72 32 26 36 31 25 47 43 62 73 17 33 44 37 28 67 54 24 60 23 29 54 29 34 52 39 39 26 61 37 33 60 53 51 52 64 48 52 56 76 26 25 35 7 65 18 74 28
28 76 80 81 62 37 76 56 73 58 62 42 43 35 41 59 55 21 54 73 47 40 56 56 64 54 16 68 40 78 62 60 38 66 45 52 59 29 56 56 48 18 44 49 67 7 70 69 64 67 57 59 57 40 52 50 47 60 84 63 73 32 43 75 33 45 62 39 39 46 54 65 47 41 48 42 52 51 52 39 72 49 48 67 29 57 49 56 55 77 49 46 42 60 58 32 43 70 87 71 54 22 59 63 48 33 65 62 57 55 36 48 56 47 60 59 54 45 55 40 78 41 58 63 65 44 39 57 44 50 43 46 62 80 77 38 65 66 36 42 39 15 39 73 58 76 48 68 26 39 35 29 72 35 36 38 32 37 61 48 74 77 24 36 47 55 37 70 64 26 62 29 34 60 35 35 52 47 60 28 71 49 45 64 66 90 62 67 57 57 61 83 38 34 63 8 66 51 77 40
29 78 93 89 64 38 80 86 75 59 70 66 69 47 66 59 62 81 61 79 61 65 67 66 72 83 18 75 43 80 66 71 39 81 67 59 63 44 63 67 51 36 56 62 72 11 84 74 72 85 62 78 62 49 54 51 57 63 85 76 81 73 44 78 48 53 76 40 59 57 55 65 57 45 49 43 64 67 55 47 81 61 66 73 29 58 71 63 60 87 73 64 46 60 62 44 47 74 88 81 75 24 72 68 62 39 67 67 70 57 44 73 90 53 62 69 55 52 64 46 86 80 66 78 71 54 50 62 47 51 49 64 66 86 83 49 66 71 64 47 46 44 60 74 85 83 60 78 39 46 46 36 74 47 69 49 47 42 77 57 75 79 24 39 85 56 75 73 65 27 66 30 58 79 64 56 56 49 69 39 72 53 47 66 89 93 67 71 77 58 62 89 42 54 66 9 70 68 79 48
47 86 96 89 84 39 94 89 86 83 70 78 69 57 82 70 73 89 61 83 73 74 71 70 83 90 30 78 50 84 77 80 67 96 79 69 84 73 74 82 51 47 81 62 88 15 87 75 76 90 69 82 67 52 74 63 59 90 92 76 91 73 78 82 67 58 77 55 79 59 72 72 91 52 55 67 65 76 64 70 82 75 66 87 47 67 81 69 60 89 81 67 47 77 70 77 48 82 88 85 79 30 84 71 64 54 78 74 90 67 51 83 91 72 62 83 70 65 82 58 88 88 82 78 75 60 57 76 68 87 52 80 69 89 85 62 67 80 69 60 54 47 61 81 93 94 75 82 72 72 66 79 95 66 71 64 47 56 80 64 85 85 35 52 88 76 84 79 91 49 69 32 59 89 72 57 57 55 78 48 74 76 51 71 91 99 75 74 86 64 64 89 62 70 78 16 78 71 87 69
84 99 97 95 93 77 95 90 88 95 81 89 73 74 87 76 75 91 78 83 85 95 80 90 89 91 63 78 61 87 89 89 68 97 91 75 89 91 76 96 58 75 87 87 89 25 92 78 90 92 72 83 75 83 89 77 84 90 94 84 99 77 86 95 87 88 80 56 84 69 81 100 95 62 69 85 86 96 76 91 85 88 72 88 47 88 85 86 86 90 85 80 73 93 80 81 65 88 92 87 87 68 85 71 68 71 92 83 97 88 86 90 94 77 81 84 75 88 85 72 91 90 86 84 75 68 60 87 81 89 76 85 71 100 96 79 89 85 70 71 75 57 73 85 98 94 87 86 85 84 82 90 95 66 75 91 63 82 82 72 89 92 76 53 89 83 92 88 92 56 83 49 71 92 76 90 67 63 80 62 77 83 80 76 92 100 91 87 95 78 89 94 63 90 96 42 89 78 92 84
95 99 98 95 100 94 95 91 92 95 83 93 96 85 96 86 97 91 95 98 95 100 88 98 90 100 83 90 71 100 91 99 94 100 98 96 100 94 79 97 84 92 96 95 96 39 94 95 98 99 93 89 80 85 90 85 91 100 97 97 99 91 88 96 98 97 80 58 89 97 99 100 99 94 99 87 87 96 98 94 99 95 73 95 58 90 90 91 91 90 93 82 88 99 81 91 69 90 99 92 100 87 100 84 76 81 93 98 99 93 95 99 98 84 88 93 84 96 95 90 94 94 89 100 97 79 78 97 95 93 94 86 87 100 100 85 94 90 91 73 96 76 95 96 100 99 95 90 88 94 100 95 98 75 90 92 76 96 97 76 100 96 98 64 95 91 99 89 94 69 95 61 98 94 78 98 91 85 86 85 89 86 80 92 96 100 99 89 98 95 90 97 81 93 100 80 100 91 94 84

72 2 99 68 41 3 17 68 56 2 96 55 54 36 83 33 44 59 85 39 58 67 28 58 19 33 1 50 29 51 11 89 34 40 25 16 88 54 50 32 17 4 86 76 11 90 54 85 3 31 90 94 93 74 28 40 83 50 40 21 60 85 27 13 40 60 96 43 94 97 58 21 73 26 58 84 70 30 42 12 59 58 41 4 99 58 96 18 43 53 99 12 40 57 58 88 86 32 83 54 87 59 93 47 37 10 16 25 58 8 32 96 94 40 9 14 73 77 6 83 81 10 15 20 9 27 64 22 7 72 66 18 87 70 31 90 55 56 15 68 12 27 16 96 52 74 85 37 42 51 72 24 20 27 88 31 73 98 27 21 69 46 5 55 87 45 91 9 12 47 5 65 11 5 62 22 34 63 57 95 70 54 96 12 74 73 84 25 35 39 89 51 87 7 26 44 86 55 23 23

222 319 153 616 449 109 191 56 194 163 130 425 217 414 76 73 1114 187 281 258 319 208 143 23 127 604 298 10 61 139 300 171 241 1292 465 94 405 102 210 156 104 444 322 30 312 116 254 776 206 439 72 228 140 103 380 534 39 30 176 228 68 407 390 432 490 145 184 164 97 846 281 685 131 596 103 342 232 128 168 158 143 71 97 36 91 369 148 238 150 98 269 140 772 227 114 83 182 594 270 86 373 184 103 286 389 1131 1836 820 294 362 295 323 115 127 157 156 164 37 135 128 39 211 265 117 139 82 100 76 440 65 330 19 538 102 30 93 48 128 207 134 1108 271 99 150 93 307 867 356 356 327 205 66 203 167 149 243 120 43 510 857 305 122 103 418 362 143 548 81 84 331 93 447 224 506 488 71 137 510 392 151 221 278 557 141 150 1053 1008 396 141 114 420 431 67 195 230 445 49 153 221 88
1091 643 287 1235 558 136 202 190 547 625 471 490 446 431 362 126 1140 784 293 327 883 240 239 399 193 977 316 164 354 1085 2125 660 569 1316 596 178 912 167 810 701 243 587 351 253 389 568 284 1055 509 515 1427 484 167 129 445 542 282 110 272 438 432 973 537 489 1225 461 310 476 167 1389 596 871 338 824 317 1346 252 171 298 562 404 1623 576 162 125 721 282 374 206 123 813 1296 880 1043 164 211 413 612 299 108 604 727 220 317 409 1247 2211 926 305 503 562 444 532 154 246 185 167 222 201 197 143 326 329 238 195 207 156 86 776 145 721 267 596 274 174 234 106 153 263 163 1135 1008 122 163 374 428 925 451 530 388 342 110 1211 313 261 379 181 50 545 1087 332 151 121 668 700 237 851 138 222 365 525 503 299 673 698 83 149 740 842 295 224 360 574 251 175 1292 1225 433 339 147 1190 554 197 415 824 648 429 235 238 328
1491 1538 529 1406 783 394 345 303 608 1251 1446 781 695 649 430 501 1523 1051 560 363 1016 307 352 428 213 1142 344 472 362 1166 2704 2381 1084 1400 597 313 1109 320 1101 808 463 838 363 385 443 757 648 1156 1050 677 1649 1286 250 428 653 1012 391 131 942 1000 828 1074 684 651 1461 724 411 686 191 1427 674 1081 751 900 434 2037 339 407 394 839 1279 1641 904 1429 322 1018 375 376 765 451 826 1750 1085 1344 390 589 423 763 363 467 955 1118 276 1197 640 2172 2419 1073 313 668 860 448 786 350 372 191 377 317 242 305 159 432 448 365 329 256 247 334 865 175 2072 519 615 464 231 369 191 212 602 371 1907 1100 1369 278 397 643 1309 642 543 397 470 213 1760 708 506 508 194 53 1003 1606 480 227 295 1344 979 542 945 361 525 394 642 688 724 778 733 85 154 1875 956 352 452 408 598 405 712 2246 1786 1189 1006 367 1401 633 337 563 1492 708 778 508 263 446
2015 1564 669 1679 1107 444 368 305 1044 1749 2349 900 763 825 484 563 2300 2804 789 366 1369 558 410 921 384 1171 360 548 428 1453 2924 2502 1295 1507 819 346 1135 349 1143 852 968 1150 577 426 470 846 1103 1179 1216 1031 1947 1297 333 443 747 1162 776 196 1147 1141 936 1470 741 769 1608 741 415 947 230 1556 679 1461 897 1005 510 2358 417 425 461 955 1286 2478 969 1530 441 1213 401 736 969 822 921 1802 1256 1395 552 1207 683 871 461 616 1560 1583 307 1753 938 2907 2621 1932 386 1805 1231 630 1303 619 431 700 617 355 296 859 244 465 498 536 342 259 339 493 1059 333 2192 1068 1205 485 323 637 622 217 717 561 2539 1103 2190 661 408 1493 1493 807 564 532 519 376 1811 814 1003 860 207 56 1080 2106 625 229 368 1519 2078 698 1354 624 721 529 1995 837 979 858 1307 116 378 2202 1123 373 537 546 770 489 972 2464 2895 1716 1036 375 1704 796 588 635 1551 783 1008 533 312 2644
2572 1632 826 1739 1162 519 757 329 1070 1856 2895 1073 1057 849 492 651 2894 2849 1065 521 1433 571 590 956 395 1305 522 627 575 1872 3142 2560 3520 2203 1054 826 1951 409 1326 1392 1390 1288 736 507 562 1029 1919 1554 1232 1197 2009 1410 454 1261 861 1399 786 356 1702 1537 1695 1568 759 770 1625 844 533 993 524 1562 711 1760 1361 1205 604 2611 493 447 684 1231 1751 2498 1064 1662 534 1383 485 949 1155 1297 1960 2110 1264 1638 1079 2522 721 1040 792 655 1720 2232 508 1910 1403 3175 3027 2090 516 1902 1368 742 1449 825 627 704 932 542 389 879 412 958 501 835 441 349 352 646 1601 411 2233 1228 1852 764 417 642 628 280 888 816 2657 1188 2323 768 656 1882 1909 1273 878 535 605 657 1853 1030 1023 870 292 56 1362 2229 794 262 407 1557 2107 999 1465 653 886 1607 2429 1339 1044 952 1760 245 555 2242 1233 388 560 799 982 511 1169 2897 3010 2796 1150 375 2177 834 919 654 1631 1008 1022 606 432 3024
2740 1699 837 1824 1516 575 809 655 1738 1928 2955 1910 1332 1345 1154 886 3051 3013 1523 693 1802 615 707 1168 490 1374 586 635 578 2068 3159 2564 3574 2742 1196 1051 2342 728 1571 1507 1545 1764 1135 646 587 1050 2165 1592 1531 1245 2223 1578 524 1266 1075 1446 840 390 2550 1614 1884 1908 1232 870 2584 907 596 1040 660 2761 819 1871 1625 1236 627 3227 594 488 963 1274 2078 2685 1137 1720 564 1540 604 1055 1327 1370 2256 2154 1594 1641 1447 2698 853 1449 815 761 1968 2606 672 2216 2219 3504 3044 2121 535 2433 1484 850 2596 1519 1297 789 1075 615 550 1258 557 1211 822 873 444 560 524 700 2082 813 2246 1347 2319 986 450 931 1096 669 1009 967 2735 1305 2361 914 693 1975 2441 1279 1130 542 609 682 2901 1302 1265 905 326 347 1530 2328 926 286 414 1664 2508 1348 2569 823 1185 1675 2493 2259 1117 1152 3294 435 634 2748 1283 395 838 971 1091 581 1552 3013 3066 2984 1322 494 2233 1007 1082 850 1745 1163 1075 770 468 3662
3037 1798 873 1826 1612 724 862 674 1940 1989 3154 3719 1376 1419 1369 1014 3124 3050 1803 798 1811 627 709 1228 512 2320 862 719 748 3157 3483 3155 3700 2814 1329 1313 3467 738 3361 1582 1687 2721 1391 797 768 1115 2671 1835 1883 1576 2451 1653 617 1296 1689 1705 841 671 2678 2285 1930 2684 1682 1408 2790 911 783 1294 748 3171 916 2114 1673 1331 629 3320 638 540 1159 1336 2526 2909 1388 1994 571 1810 894 1522 1583 1641 2783 2476 1633 1706 1500 3005 1488 1848 824 793 2653 3239 688 2765 2382 3582 3412 2454 796 3239 1510 890 2853 1681 1515 912 1751 782 598 1489 657 1280 893 1013 584 623 532 777 2411 922 2700 1488 2655 1305 592 1059 1132 801 1178 1798 3555 1620 2668 1207 979 2790 3017 1288 1153 746 720 907 3008 1412 1697 954 433 420 1560 3144 1439 295 443 1683 2712 1445 3661 829 1670 1684 2626 2378 1624 1778 3374 795 743 3360 1561 436 951 1035 1249 624 1850 3185 3178 3317 1616 617 3091 1637 1475 855 1795 1218 1381 1742 709 3879
3507 1851 927 1906 1790 792 894 938 1962 2655 3418 3871 1570 1443 1790 1026 3270 3072 2047 870 1871 750 779 1419 852 2328 955 741 755 3320 3608 3565 3878 2842 1343 1551 3556 776 3479 1744 1688 3064 1902 807 786 1376 2972 1848 2036 1600 2576 1881 878 1837 1730 2011 914 701 3381 3450 2355 3335 1728 1873 2849 971 957 2433 850 3601 941 2908 1692 1742 757 3324 903 571 1408 1843 3034 3381 1782 2883 812 1871 1246 1847 1775 1936 3550 3389 1949 1799 1777 3331 2861 1868 955 1058 3257 3414 853 2918 3013 3605 3513 2487 937 3251 1557 930 3204 1694 1663 968 1757 835 680 1867 700 1668 1022 1041 1024 690 820 935 2778 1256 3744 1645 2697 1321 878 1247 1275 829 1188 1967 3673 1664 3183 1385 996 3709 3239 1449 1905 766 953 969 3429 1759 1789 1009 594 498 1631 3659 1544 881 806 1713 3746 1600 3670 916 1776 1737 2634 3392 1770 1779 3827 931 901 3485 1594 807 1230 1148 1254 752 1905 3187 3596 3663 1646 725 3180 1818 1750 912 1896 1815 1416 1912 860 4005
3883 1900 1051 1954 1936 870 1032 1020 1975 3223 3997 3878 1602 1639 1926 1043 3284 3351 2082 875 2083 1005 866 1431 885 2881 1012 857 914 3771 3971 3677 3914 3078 2011 1963 3968 821 3750 1788 2039 3706 1973 900 981 1505 3964 2020 2040 1991 3592 1992 1002 1905 1997 2062 957 841 3599 3575 3982 3780 1885 2031 3874 975 1027 3698 867 3707 960 2938 1850 1961 873 3488 1032 874 2013 2065 3329 3860 1873 3751 1000 3022 1415 1886 1792 1986 3875 3680 1955 1807 1817 3845 3681 1874 957 1061 3885 3936 1080 3929 3210 3614 3616 2492 942 3508 1957 1001 3267 2043 1796 1043 1869 997 787 1929 1004 1748 1055 1075 1033 812 993 995 3842 1645 3992 1891 3960 1529 940 1602 1705 1069 2007 1989 3743 1878 3602 1641 1012 3881 3570 1461 1943 851 1042 999 3685 1794 1796 1063 815 899 1947 3929 1602 1077 1005 1936 4044 1761 3830 1017 1978 1949 3299 4043 1987 1985 3941 1042 1067 3908 1799 922 1792 1807 1668 876 1977 3296 3680 3929 1802 1043 3919 2069 1953 936 2018 1879 1508 1970 978 4032

68 115 55 77 185 66 85 27 60 63 25 179 20 365 57 65 114 108 279 72 106 97 114 8 115 587 98 4 15 62 272 91 117 1215 425 20 186 20 72 59 3 235 240 6 221 59 101 448 4 277 41 136 92 1 375 398 13 11 112 170 6 397 78 216 244 117 98 113 31 811 197 142 79 202 44 207 32 32 30 135 24 69 86 7 7 337 73 65 12 36 126 35 179 20 85 17 112 327 152 50 340 77 19 262 203 369 1703 192 15 303 91 16 40 30 59 48 65 29 13 72 7 31 9 107 54 71 32 5 346 16 34 10 416 21 12 86 43 41 153 116 1076 63 39 113 46 6 185 264 120 247 58 2 163 121 108 166 29 14 375 250 293 5 97 3 82 49 443 72 22 177 76 192 128 83 262 66 36 354 70 117 173 179 496 32 149 380 744 357 136 32 293 280 25 24 36 202 41 9 13 72
