200 9 1
11 96 16 70 34 46 47 57 17 35 75 54 11 28 20 71 70 7 90 32 11 28 34 59 97 23 91 36 74 60 31 35 60 54 93 2 57 60 57 14 44 36 70 92 55 7 73 92 26 84 55 23 83 86 2 20 40 63 63 43 73 80 78 40 84 4 24 21 76 39 24 10 13 35 62 22 82 27 30 89 27 63 26 81 5 8 88 3 40 59 74 89 49 94 52 34 62 8 81 28 55 94 50 95 78 99 97 88 90 28 82 25 13 40 1 14 61 90 24 95 25 58 21 17 64 58 76 95 85 35 38 98 12 25 48 7 20 8 75 7 8 45 42 11 48 62 81 91 2 98 12 88 88 6 14 83 57 2 78 39 53 3 30 91 17 70 95 44 12 95 19 15 49 49 57 39 53 8 35 92 9 42 100 99 22 73 55 49 14 54 41 16 55 49 57 18 61 57 78 81

4 5 7 7 18 12 12 8 6 15 3 7 5 24 2 18 9 8 15 3 27 24 39 5 3 11 12 6 2 14 16 25 29 6 15 5 7 19 2 32 4 18 3 23 2 33 7 14 14 4 3 4 9 19 10 4 3 3 22 31 46 14 3 6 3 1 22 11 16 27 12 18 7 41 7 1 9 8 9 14 3 3 1 13 2 9 15 10 8 3 22 20 10 9 3 5 7 2 16 5 6 3 30 5 2 12 4 14 4 4 10 2 7 2 2 2 17 12 6 11 1 12 6 2 1 23 6 15 1 15 10 27 30 26 2 30 4 25 6 13 9 32 23 5 5 15 2 11 14 8 7 17 12 3 8 7 1 13 11 1 8 3 3 49 3 1 4 2 32 13 15 11 15 19 11 5 3 3 9 7 10 6 17 3 37 1 3 9 9 4 26 10 9 7 18 3 4 9 10 11
19 13 24 9 22 25 13 16 15 24 14 16 7 34 5 27 19 25 26 5 33 36 42 48 11 34 33 9 15 25 16 39 40 7 32 5 20 26 5 34 30 19 7 29 18 35 10 21 23 10 6 4 17 37 16 11 16 9 22 41 53 29 32 7 16 3 27 23 17 36 17 22 15 46 12 7 19 22 46 26 37 51 35 16 13 11 15 13 8 7 37 24 30 9 12 39 13 11 21 11 34 7 34 6 17 21 8 28 23 12 13 5 8 23 28 4 35 37 15 24 5 19 8 4 28 34 18 16 9 36 20 49 35 32 10 47 7 27 19 19 14 33 31 16 8 32 12 29 31 26 13 34 49 33 27 8 10 36 11 19 16 3 24 54 4 9 18 8 58 19 18 34 15 33 14 16 16 36 26 12 27 9 22 6 42 4 13 14 31 7 30 10 15 8 19 15 19 12 27 34
21 23 32 14 32 36 37 19 18 27 16 20 15 45 10 43 19 59 30 6 34 38 65 53 18 39 35 20 21 29 42 45 48 13 54 19 40 29 24 37 36 20 13 33 53 54 16 23 26 23 8 15 23 49 29 18 18 20 30 45 58 34 39 11 21 17 38 27 32 57 29 25 19 49 17 11 32 29 58 36 46 73 48 58 21 12 25 32 28 16 39 34 31 35 16 45 38 21 22 13 66 32 41 17 25 47 28 34 25 17 16 7 20 25 30 37 38 38 22 33 29 29 21 31 43 53 25 20 15 42 45 57 41 44 15 48 7 44 22 22 25 35 37 30 8 36 15 39 37 31 19 42 50 39 40 20 24 44 23 25 17 22 30 56 11 14 49 14 60 21 25 44 20 44 32 19 25 38 29 16 29 10 39 23 51 21 43 28 35 9 31 18 20 25 27 20 29 17 48 36
40 31 34 18 33 50 45 35 26 29 59 31 24 48 11 47 30 62 31 11 53 42 67 54 42 57 41 34 34 34 57 65 63 16 55 53 50 48 42 47 52 39 43 40 53 61 20 24 39 27 13 56 42 59 58 26 20 84 42 52 61 36 39 17 23 21 52 31 43 72 34 42 22 57 23 16 38 38 61 49 52 78 53 61 27 24 34 52 50 26 40 71 31 35 21 50 55 24 23 16 66 45 57 22 27 57 32 47 37 22 35 16 39 34 55 40 47 39 50 38 60 41 33 45 47 61 34 23 22 43 48 61 42 52 41 54 17 48 45 30 41 48 42 39 9 38 26 43 41 70 25 45 53 45 51 49 56 45 39 42 19 35 39 57 36 27 51 51 77 36 40 48 25 47 40 68 28 45 32 19 51 12 58 49 71 40 53 36 53 15 56 62 30 29 35 31 41 20 58 43
41 34 34 48 51 51 58 77 51 42 68 43 29 49 14 56 38 74 36 14 64 42 76 57 52 61 41 46 37 35 70 66 66 18 64 62 52 78 71 57 58 47 46 52 55 65 35 41 41 43 20 59 68 59 68 53 26 85 55 69 69 38 45 23 25 21 62 49 46 72 42 49 29 64 28 34 46 43 67 67 56 78 54 76 29 25 61 63 52 35 46 80 52 49 46 58 56 34 39 22 91 49 66 24 34 61 32 54 40 36 41 23 58 39 58 73 48 40 54 52 63 76 40 63 52 63 37 34 58 49 55 64 57 56 59 58 40 56 58 40 51 62 46 41 26 46 30 61 55 71 35 46 53 60 51 52 82 48 42 59 22 60 54 77 43 30 72 57 82 39 52 51 39 80 47 76 30 48 36 21 66 20 67 63 75 46 55 36 75 22 58 68 42 38 46 35 46 39 61 67
60 36 61 48 55 57 63 82 62 52 77 50 43 50 83 66 58 75 48 41 84 48 78 60 56 86 47 53 74 56 72 79 69 21 78 69 54 78 80 63 69 52 54 72 56 71 47 63 47 43 47 62 74 72 81 54 76 85 60 90 69 51 50 34 26 48 71 55 53 73 58 75 52 65 66 36 51 70 71 73 79 80 72 83 44 28 70 73 76 43 69 84 70 51 49 74 61 35 45 59 93 50 77 27 35 75 49 65 72 42 54 44 60 58 63 77 74 57 58 57 75 81 53 84 61 69 41 46 73 52 68 75 68 67 65 85 45 69 66 45 52 70 52 46 50 61 53 68 72 77 40 64 55 64 66 61 88 53 49 66 57 83 58 86 59 40 78 66 86 61 70 59 42 81 53 84 53 51 38 47 81 29 89 65 77 53 57 46 76 26 72 70 67 52 53 61 59 62 62 71
69 37 83 67 63 73 76 82 62 56 78 63 44 76 85 86 66 84 67 48 87 68 86 65 58 87 52 78 75 72 79 90 80 65 84 71 59 88 87 76 77 90 67 75 95 72 48 65 68 79 65 64 86 89 82 63 78 86 73 94 79 73 55 51 28 82 77 61 67 81 68 79 60 68 76 52 62 73 83 86 81 93 77 85 67 30 84 77 77 66 83 93 72 55 64 90 74 44 53 75 96 54 78 43 44 89 69 81 80 68 64 64 64 60 65 80 77 72 66 77 75 86 63 87 79 75 61 70 82 78 69 80 73 70 79 91 58 83 71 54 68 78 71 57 62 65 61 85 80 85 80 71 61 88 74 70 91 53 71 78 66 95 77 87 61 42 86 73 87 70 75 76 49 94 60 85 74 72 52 53 88 41 91 80 79 69 82 56 81 39 84 77 94 60 78 78 72 67 71 75
71 57 83 75 75 94 82 91 73 71 90 83 62 83 85 94 75 91 72 69 89 75 91 92 69 88 56 91 83 81 89 95 81 76 85 89 68 88 92 84 85 91 87 79 96 78 62 71 71 84 73 71 92 95 87 71 86 100 86 94 82 75 80 83 49 86 77 62 78 90 81 92 64 69 82 84 66 92 96 86 91 98 90 86 90 40 88 79 79 92 93 94 84 94 77 91 87 50 56 89 97 58 87 55 89 94 69 87 80 87 89 71 87 78 92 81 87 81 78 80 78 89 67 92 87 77 78 78 86 93 87 93 76 80 88 92 76 90 85 74 86 84 85 74 91 80 62 88 84 85 82 75 71 97 83 79 93 62 73 90 82 95 89 88 76 49 87 81 88 72 79 84 70 97 63 88 89 80 74 81 93 43 91 97 80 77 88 60 89 41 88 78 95 74 87 99 80 80 74 80
74 84 86 77 78 99 94 91 89 87 94 92 72 92 90 94 78 96 77 95 95 89 94 100 71 92 79 97 92 90 99 95 86 82 97 99 86 98 93 86 87 100 94 83 97 82 93 79 77 99 86 78 95 99 96 75 94 100 87 98 97 90 82 84 91 97 96 71 87 95 85 98 84 80 83 97 66 100 99 98 100 100 94 99 94 95 91 91 82 97 99 96 85 98 91 93 89 78 86 92 99 90 99 77 92 98 84 91 88 89 99 96 95 99 96 92 88 92 80 93 81 98 85 100 89 86 100 92 86 100 88 95 87 92 94 97 100 99 98 96 90 89 89 75 97 89 95 90 97 100 91 84 90 100 89 81 95 87 75 94 100 97 96 93 100 78 96 94 95 93 100 88 71 97 73 96 97 93 82 92 98 49 94 98 86 87 89 65 89 66 90 90 100 98 92 99 99 86 79 90

56 77 11 3 97 94 11 45 24 7 21 54 77 33 35 16 76 67 68 49 23 25 40 39 25 31 8 56 70 82 44 79 53 29 91 19 52 20 80 67 30 67 36 65 46 69 28 31 71 75 99 18 60 96 11 74 8 68 21 95 73 81 57 28 23 54 9 51 50 96 92 6 8 65 16 33 8 41 81 91 89 76 36 98 32 7 84 12 56 20 24 60 69 87 92 1 13 74 37 70 11 26 48 59 12 78 15 20 12 10 51 9 32 74 5 53 14 81 27 93 18 73 1 20 10 4 66 98 49 18 33 6 33 95 2 12 39 46 17 66 17 89 27 45 82 67 72 95 33 20 67 77 24 11 69 33 56 58 69 48 71 86 75 41 80 38 59 53 86 87 81 8 7 28 67 61 24 64 41 92 77 49 70 40 13 83 6 57 57 22 7 19 41 58 51 41 3 71 12 23

254 164 128 585 142 141 174 143 56 141 380 203 58 422 270 153 159 122 216 41 1106 58 668 66 307 466 610 136 449 65 236 547 475 152 274 225 589 375 239 267 85 181 634 380 204 188 78 151 27 388 1015 122 104 516 35 292 269 144 88 190 383 290 176 126 208 97 178 191 196 130 46 35 17 621 164 872 595 32 30 245 216 213 77 262 567 561 1021 45 426 181 109 406 362 285 155 206 288 32 302 323 57 415 940 365 126 175 98 919 186 196 225 358 76 58 88 51 142 282 123 257 167 100 287 178 162 59 559 177 166 102 311 371 86 120 745 241 114 300 336 57 532 119 115 82 298 93 127 872 24 382 212 197 652 7 346 98 236 130 190 108 359 15 176 210 364 100 492 157 263 403 184 344 299 141 315 93 57 42 209 98 38 1114 445 312 148 73 102 51 14 162 403 42 189 146 805 27 289 408 231 529
524 284 487 603 411 354 803 213 131 358 711 257 303 636 427 448 342 127 608 501 1209 586 726 80 700 583 887 275 487 111 252 1038 712 209 517 456 720 744 479 397 165 398 1196 468 266 246 217 320 156 525 1122 583 245 1202 104 396 1554 243 209 199 775 350 403 395 352 386 308 235 312 140 308 90 93 734 272 984 602 195 130 847 392 229 202 274 887 621 1324 902 632 197 260 601 376 460 173 1645 917 1885 569 912 82 421 1068 478 240 262 169 966 296 798 234 503 245 85 149 219 320 308 403 322 174 122 365 198 303 245 692 259 209 1419 410 459 336 443 1652 252 290 566 654 204 555 128 165 319 1175 395 145 1262 131 615 320 205 1085 467 351 131 265 369 689 110 378 662 292 980 1051 555 707 316 388 487 443 1170 921 145 1191 164 84 90 611 166 112 1212 487 1189 275 276 280 158 164 320 1110 82 196 350 860 95 306 512 350 1234
907 331 495 1259 849 442 1482 289 206 400 1396 344 475 676 556 550 522 843 1156 761 1590 1042 758 166 910 704 1103 406 1564 198 535 1107 1176 274 731 576 1130 826 724 673 398 492 1422 486 369 387 346 430 857 825 1176 588 320 1464 121 1133 2064 631 590 221 949 569 506 733 472 788 549 331 313 142 769 111 172 853 358 1701 1042 409 263 1081 718 520 435 396 1369 834 1514 1322 1283 217 397 1035 393 465 199 1764 1117 2055 1122 1145 154 917 1106 780 485 345 905 1093 625 1214 251 811 374 394 196 406 530 463 557 720 345 329 578 224 327 432 1328 360 354 1921 469 662 706 505 1957 804 427 689 733 417 1192 130 371 824 1307 1088 835 1275 435 757 366 368 1185 986 546 180 429 377 739 131 542 1078 430 1603 1109 699 982 1282 424 512 1283 1856 1203 405 2634 304 128 185 703 252 197 1426 532 1800 313 285 404 228 187 409 1646 190 398 510 1519 104 710 887 688 2312
1068 370 517 2006 945 609 1882 510 225 502 2480 434 592 1164 871 590 588 1575 1428 792 1749 1353 1129 389 1230 1237 1357 452 1969 199 1022 1592 1959 509 876 880 1276 1900 1078 1199 450 493 1775 715 513 474 544 595 1365 1335 1260 644 325 1813 175 1233 2399 1012 641 415 2387 664 852 1078 534 851 650 385 572 243 891 178 291 923 389 2421 1109 554 644 1223 844 1324 888 419 1866 928 2602 1539 1641 267 602 1081 393 543 440 2700 1333 2057 1645 1709 347 1320 1200 807 648 380 1454 1189 683 1524 429 1268 884 412 235 467 573 499 855 934 351 628 614 260 343 894 1661 372 394 2430 587 792 853 891 2100 1098 500 762 739 426 1477 169 381 1054 1597 1742 1630 1562 509 782 968 420 1389 1222 676 224 461 1197 1739 160 632 1721 970 1642 1133 805 1300 1894 618 776 1356 1885 1286 452 3432 404 191 366 833 345 289 1553 686 1811 522 559 726 496 263 632 2137 224 716 535 1893 151 957 964 1597 2325
1117 390 571 3093 1023 1299 2029 628 425 532 2848 682 759 1404 1309 626 638 1795 2755 860 2116 2876 1390 396 1234 1354 1586 455 2776 432 1347 1889 2195 634 923 1179 1475 1998 1291 1422 474 572 1792 1170 565 842 549 611 1721 1503 1305 859 342 1852 297 2005 2591 1404 690 477 2945 702 1081 1092 734 1188 687 399 613 692 1366 432 342 971 803 2494 1406 885 826 1260 1133 1564 1038 955 2057 1037 2737 1678 2010 431 746 1360 402 562 464 2716 1465 2203 1762 2436 393 1438 2665 910 813 382 2239 1396 1394 1725 493 1405 1187 479 244 567 586 641 1214 955 470 671 660 832 441 1007 2428 427 395 2900 649 1612 1079 1152 2423 1372 509 909 775 941 1598 365 1246 1193 1611 1830 2164 1625 568 1439 1080 681 2089 1636 709 249 490 1239 2008 262 935 1956 1442 2066 1168 843 1323 1930 629 784 2083 2520 1978 535 3448 411 698 556 1396 619 423 1861 706 2171 597 626 794 586 445 653 2207 327 945 546 2274 159 1567 1382 1800 2372
1320 607 573 3314 1169 1325 2049 685 571 578 2957 1192 913 1414 1438 642 876 2374 3335 930 2262 3078 1419 461 1457 1431 1826 482 2912 513 1603 2032 2814 904 1036 1191 2364 2819 1785 3287 550 630 1829 1271 688 949 565 626 2432 1963 1635 1164 659 2255 455 2913 3170 1552 747 497 3489 807 1335 1614 751 1252 723 701 668 1123 1531 585 490 1268 972 2886 2218 895 860 1327 1175 2718 1285 1823 2197 1176 3132 2061 2881 453 1643 1543 473 621 711 2897 1588 2509 1903 2682 544 1708 2671 1280 846 436 2465 1678 1436 1955 575 1517 1883 480 398 572 840 650 1550 1334 645 780 932 845 751 1069 3178 529 445 3009 889 1640 1352 1242 2819 1395 656 1027 801 1137 1825 393 1850 1289 2189 2138 2191 2588 683 1698 1850 845 2236 1656 1173 372 515 1385 2103 589 1687 1966 1787 2704 1266 1083 1516 2948 719 802 2171 2640 2080 690 3453 478 2072 618 2247 642 638 1868 781 2475 634 748 850 1086 640 827 2836 469 1429 693 3140 200 1569 2154 1936 2704
1435 963 627 3699 1237 1402 2363 756 616 608 3436 1673 914 1419 1719 888 974 2865 3361 1487 2796 3307 1431 485 1531 1651 2520 593 3283 630 1825 2086 3009 1039 1113 1218 3506 3173 1815 3687 661 745 2084 1730 689 1215 856 628 2581 2277 1636 1561 724 2605 591 3058 3228 1565 781 614 3992 966 1732 1929 838 1272 811 811 813 1147 1584 686 493 1331 1107 3008 3378 1482 863 1945 1243 3248 1308 1881 2394 1587 3310 3077 3141 654 3287 1617 526 821 850 3589 1638 2628 1941 3097 651 1722 2767 1795 874 574 2673 1743 1450 3138 677 1528 2141 655 752 612 948 828 1723 1640 645 840 1020 882 1331 1775 3204 594 558 3048 1516 2318 1361 1244 3493 1806 744 1217 805 1472 1912 428 2291 1369 2717 3095 2633 2913 1176 1716 2730 1614 2704 1679 1571 537 699 1552 2694 736 1701 2196 2118 3257 1762 1487 1584 3386 723 1011 2173 3134 2773 853 3497 531 2293 875 2632 829 794 1898 852 3212 641 754 907 1458 663 1268 3313 528 1586 709 3727 257 2629 2268 2596 2867
1700 1111 958 3893 1833 1687 2486 757 619 638 3462 1704 1761 1984 1843 1463 1005 3035 3416 1569 3715 3432 1455 700 1856 1733 2989 697 3351 772 1869 3434 3701 1063 1625 1368 3577 3345 1852 3731 751 917 3346 1911 857 1311 1033 775 3482 3983 1748 1728 803 3224 719 3293 3290 1571 901 641 3993 1076 1974 2593 900 1809 884 865 824 1573 1691 883 869 1445 1284 3473 3608 1484 1068 1953 1944 3264 1475 1947 3375 1614 3590 3545 3761 657 3345 1658 721 925 941 3765 1655 2703 1945 3400 665 1813 3079 1859 963 741 2918 1899 1818 3505 819 1808 2267 657 772 912 1576 979 1918 1788 745 942 1446 959 1751 1834 3358 605 704 3652 1576 2941 1659 1571 3565 1861 755 1425 875 1521 3190 574 2543 1849 3116 3197 3481 3383 1266 1839 2935 1695 3578 1926 1631 860 795 1557 3115 935 1761 2303 2881 3272 1859 1673 1850 3605 855 1069 3162 3492 3167 898 3687 973 2773 876 2900 965 974 2303 959 3646 731 761 923 1809 812 1352 3424 611 1638 802 3823 300 3502 3086 2847 3417
1862 2076 984 3948 1938 2021 3826 965 874 646 3645 1747 1856 1994 2011 1494 1022 3698 3614 1735 3987 3590 2017 789 2046 1766 4083 1504 3894 784 1983 3693 3932 1160 1930 1635 3985 3526 1992 3988 998 1023 3640 2088 1052 1449 1040 869 3692 4025 1894 1812 835 3738 764 3762 3334 1756 1022 725 4015 1306 2047 3487 922 1952 920 988 1033 1932 2024 1004 906 1547 1482 3528 3922 1760 1455 2001 1968 3606 1510 1952 3556 1974 3683 3908 4008 796 3984 1698 767 965 1044 3913 1710 3410 1988 3903 719 1863 3185 1932 964 884 3843 1910 1982 3956 1007 1831 3090 745 883 971 1640 1004 1966 2072 980 981 1926 985 1826 1928 3378 967 727 3992 1691 3923 1813 2017 3787 1925 806 1725 888 1569 3767 657 3386 1876 3845 3237 3654 3783 1298 1925 3178 1767 3817 1988 1944 872 992 1614 3471 955 2039 3690 2988 3742 1878 1974 1928 3786 894 1078 3679 3814 3681 1008 3766 987 3437 994 3024 1011 981 3779 1036 3934 739 911 950 1828 864 1598 3786 803 1701 965 3830 739 3833 4037 4021 3563

71 139 124 7 4 54 64 120 50 116 1 125 49 391 128 78 129 102 104 39 432 8 609 25 192 140 340 99 261 37 19 460 58 40 69 41 484 91 160 126 9 156 419 8 165 102 65 70 1 294 304 1 7 46 6 290 26 80 86 63 346 5 147 83 154 66 146 96 87 77 31 29 10 466 6 775 399 2 1 84 14 189 55 115 83 317 297 4 144 75 24 385 350 60 13 75 79 21 257 87 16 93 523 230 25 62 42 854 92 163 224 313 65 27 58 1 76 162 27 2 140 64 263 33 133 31 43 74 6 99 252 264 43 73 460 232 71 18 317 37 121 33 96 26 68 19 88 39 3 220 172 105 539 6 122 92 118 97 181 17 128 6 130 46 62 6 374 81 238 286 107 115 284 25 311 47 29 23 70 82 37 260 314 6 25 35 36 49 12 18 285 12 99 129 705 1 147 111 106 348
