200 9 1
40 36 33 59 24 21 56 76 49 1 19 74 96 6 30 46 21 16 38 60 47 81 49 16 69 73 90 4 16 93 98 90 95 13 59 80 83 45 76 35 42 66 48 17 68 63 97 32 82 39 24 100 12 53 36 97 24 83 2 59 40 10 75 43 77 3 45 4 19 22 70 100 11 80 47 66 1 56 52 39 80 55 9 79 70 2 40 41 28 38 62 50 20 11 20 61 25 72 36 87 43 48 31 25 19 85 13 80 69 93 44 42 75 81 42 80 19 78 45 14 30 59 83 66 1 72 58 77 38 43 100 29 72 74 39 86 41 55 73 32 46 2 14 8 79 67 59 10 54 47 73 83 79 38 42 64 44 77 31 72 20 65 58 39 77 38 2 9 79 19 69 57 67 93 63 72 40 56 38 1 95 13 48 76 89 70 94 98 92 37 90 18 7 31 45 46 56 2 80 75

5 9 1 18 11 1 18 5 2 7 22 30 10 21 20 4 4 5 2 17 12 12 23 6 9 13 12 6 10 31 9 22 14 14 3 10 28 8 1 3 11 16 3 6 2 21 36 20 6 6 7 9 3 5 7 6 15 37 4 6 2 8 3 35 14 2 2 8 1 12 14 8 3 4 4 2 7 6 16 6 4 8 1 16 27 34 22 4 16 1 5 25 39 18 3 39 5 3 3 3 6 2 1 18 4 8 16 11 10 54 3 16 1 10 5 29 7 11 8 7 4 1 2 9 4 1 19 1 17 3 6 2 5 1 4 13 14 1 5 6 2 25 17 10 8 12 4 7 4 13 25 15 12 6 10 3 4 2 14 3 1 2 20 29 2 16 24 3 2 8 11 15 1 21 13 22 8 37 13 5 1 10 21 19 4 1 5 7 11 12 4 17 20 12 48 19 3 8 3 15
15 9 5 20 15 20 18 22 5 20 23 44 34 25 23 22 5 8 21 22 17 19 49 11 23 17 27 65 26 45 19 25 31 16 10 10 53 27 11 10 17 19 4 8 5 21 40 27 32 12 20 22 12 35 21 19 17 45 13 14 4 11 14 36 26 6 9 17 17 19 17 27 15 25 23 16 33 12 18 15 10 27 11 39 36 41 37 14 19 7 9 27 46 31 8 41 9 29 3 18 9 10 2 24 7 30 20 41 21 55 25 23 41 13 28 31 10 30 17 12 8 24 7 16 10 17 50 11 23 11 16 7 26 9 10 14 15 3 8 8 4 37 35 28 22 26 10 22 5 18 34 22 22 16 20 10 5 7 19 18 7 3 22 32 15 29 33 15 3 12 30 21 3 36 41 27 40 42 18 5 11 13 25 21 14 6 9 17 14 19 9 25 23 21 50 20 16 12 5 26
21 14 10 37 30 36 35 23 7 25 34 47 39 50 34 29 20 37 24 23 44 23 63 12 26 39 31 65 32 74 26 28 45 18 11 28 61 36 25 45 23 31 8 9 43 36 48 32 51 19 37 27 35 38 31 25 36 47 21 18 11 26 18 56 33 6 19 43 23 47 28 33 35 31 67 21 45 20 37 24 15 42 12 39 43 44 42 33 45 32 21 34 54 32 18 54 18 56 9 40 22 32 9 42 45 38 35 48 23 60 26 28 45 16 44 36 10 41 36 51 25 36 7 46 10 42 50 49 28 55 33 8 30 33 11 15 15 27 11 10 29 44 47 45 25 36 41 28 13 19 37 23 31 27 22 41 7 17 21 19 15 8 37 42 22 31 37 27 21 45 34 24 3 38 44 46 42 46 28 12 53 16 27 27 18 27 13 23 28 32 13 34 29 47 59 24 21 22 12 40
27 35 21 42 42 63 46 26 10 35 35 50 48 56 52 40 27 43 42 45 44 57 63 12 34 54 37 66 47 82 39 36 49 28 12 58 62 53 44 51 60 41 10 19 53 53 64 41 55 27 47 43 39 43 35 39 48 51 23 32 18 28 24 66 36 27 22 63 35 48 44 45 42 36 76 21 45 40 56 45 31 53 33 42 52 54 52 39 58 45 43 39 59 38 22 71 45 68 38 50 26 42 40 69 46 52 51 49 33 67 29 65 48 26 50 47 28 46 53 53 28 60 17 51 15 59 72 78 34 56 43 25 37 38 26 44 16 34 11 12 47 67 54 76 35 38 46 64 32 25 38 39 42 40 48 41 17 22 21 35 20 42 41 64 28 33 46 29 24 47 57 33 48 41 54 48 46 50 32 18 60 30 31 28 22 69 23 40 29 41 28 40 39 54 65 33 39 27 42 57
33 56 32 49 44 66 49 36 11 48 45 64 49 59 54 48 46 52 53 50 49 60 64 25 36 58 63 72 59 88 43 43 55 42 21 63 66 53 48 55 63 53 37 32 59 72 65 46 60 30 56 44 45 60 54 56 54 52 25 36 26 34 54 67 51 45 39 65 39 61 48 46 48 48 78 43 59 52 64 54 36 58 47 43 81 64 55 47 77 57 56 43 59 57 23 72 64 69 44 61 30 48 49 77 51 58 63 50 45 67 45 71 61 29 70 53 28 54 63 55 42 75 22 52 21 66 74 78 46 58 43 51 41 43 29 56 22 61 50 25 67 74 62 90 43 47 47 66 41 34 58 74 67 57 52 50 35 48 37 35 21 52 41 70 31 40 49 57 25 54 63 45 57 58 69 55 46 58 75 44 71 34 33 29 32 69 48 59 35 57 36 42 44 55 68 39 46 34 49 59
34 62 49 58 48 77 61 68 53 57 45 66 59 66 76 54 55 60 55 61 61 71 70 40 43 79 83 75 68 89 50 48 64 54 24 79 90 62 49 69 64 60 53 49 62 80 84 64 72 53 57 47 70 86 75 56 67 57 46 49 32 42 87 74 69 64 44 69 53 65 54 54 58 51 83 70 59 69 67 62 43 68 58 44 84 77 66 52 79 62 64 48 64 59 24 79 68 76 80 62 36 53 50 86 53 58 72 53 60 67 47 72 65 55 71 72 33 68 75 57 56 79 28 64 73 68 84 87 51 67 45 56 59 45 34 58 41 68 86 25 77 79 68 93 45 47 47 69 58 69 74 84 70 65 56 54 57 54 44 47 28 62 53 74 50 51 51 66 54 57 66 53 63 77 71 60 50 74 80 54 79 41 37 88 34 80 75 63 40 74 38 49 50 58 78 53 69 42 64 81
38 70 53 72 56 79 68 75 59 59 51 76 60 75 78 58 77 66 64 87 66 77 80 40 66 83 86 85 74 94 60 89 68 69 88 80 93 72 70 83 66 66 61 75 63 85 90 72 78 59 75 52 74 91 94 74 70 58 54 59 73 66 91 76 79 79 45 72 65 69 65 62 62 52 95 70 63 72 69 77 46 77 61 60 85 81 67 60 79 72 69 88 69 84 39 88 84 83 87 78 85 60 54 94 69 62 78 73 81 72 68 83 83 61 71 77 35 69 87 65 57 82 39 79 75 74 86 88 51 79 51 61 70 52 37 87 49 89 90 58 79 84 96 94 64 64 61 76 70 70 74 87 79 88 63 59 80 54 49 66 31 79 64 80 51 65 83 80 62 77 74 64 69 77 74 74 51 91 85 62 81 47 41 93 79 84 83 87 51 75 61 63 57 70 84 78 76 44 64 83
71 88 54 76 65 95 80 78 60 59 69 81 77 76 94 60 78 68 76 88 82 85 81 46 79 85 88 88 81 96 62 93 88 69 93 95 96 78 91 91 76 67 82 76 80 94 91 85 81 62 94 52 87 93 95 81 83 93 91 67 76 73 96 86 86 87 71 80 67 80 73 73 66 52 98 74 92 90 87 81 50 82 64 67 94 98 96 63 79 77 71 89 78 91 50 93 92 83 96 88 85 83 66 97 74 77 91 78 97 84 97 93 87 74 76 88 73 86 90 79 81 89 54 85 82 80 96 97 64 80 59 61 95 81 64 93 50 91 91 68 94 92 98 95 91 79 66 77 70 92 85 90 83 94 69 61 83 86 61 81 38 95 95 100 62 75 87 91 78 78 78 69 93 91 82 85 86 97 91 69 85 52 77 95 83 95 84 100 82 84 85 77 89 74 89 87 95 84 76 86
88 99 93 80 83 96 93 83 99 67 80 95 100 90 98 96 92 75 88 97 82 94 91 49 98 92 95 93 94 96 95 94 92 93 93 97 97 84 93 92 81 86 93 77 81 99 95 100 94 80 96 87 97 97 100 98 83 95 95 67 94 79 98 92 96 88 87 87 74 96 94 95 98 71 99 83 96 98 99 83 91 86 99 91 95 98 99 74 88 100 75 99 86 93 99 98 96 83 100 95 98 90 92 99 81 96 99 87 97 97 100 96 94 82 89 89 74 87 97 80 95 97 86 98 83 85 96 98 67 92 92 75 95 94 85 98 64 94 100 74 96 98 98 96 94 89 91 99 80 95 87 90 92 97 72 77 94 88 94 85 90 100 98 100 98 91 90 93 92 97 84 82 100 96 100 98 94 98 99 85 91 53 78 100 84 95 94 100 97 93 85 95 98 77 98 97 99 96 99 92

41 19 18 95 34 61 50 11 41 43 26 52 32 41 29 74 92 45 38 82 88 92 95 90 56 89 65 38 86 4 70 79 84 81 28 92 1 78 53 32 29 30 100 89 47 57 43 11 31 91 75 63 88 90 64 77 61 89 67 54 30 51 27 62 69 63 69 14 24 32 63 70 37 98 62 49 42 51 28 72 14 4 2 94 31 34 51 6 35 17 55 27 97 43 35 68 59 96 28 88 54 92 54 95 93 69 83 66 63 37 94 26 61 36 57 36 57 55 68 72 95 13 30 16 1 47 54 70 81 33 90 88 13 79 17 99 86 70 14 64 79 36 25 47 55 91 47 78 21 39 98 41 83 25 52 6 48 32 25 95 71 67 25 77 24 85 78 75 59 29 11 73 16 65 55 50 31 40 35 76 45 79 98 88 51 95 98 50 41 3 23 30 54 100 80 62 96 19 42 40

52 145 59 267 1267 99 572 232 201 239 39 76 828 324 146 109 27 1345 208 128 170 180 307 155 449 108 128 131 181 407 107 181 130 159 117 1002 341 116 415 407 901 104 220 297 118 238 248 412 1027 191 98 136 219 275 117 186 48 254 235 72 1063 385 77 73 336 196 301 31 114 163 388 288 55 507 590 80 150 595 223 270 284 277 19 119 123 185 53 265 156 43 77 556 833 90 44 1077 311 500 222 274 77 73 42 43 213 487 535 110 193 113 280 164 213 210 64 122 22 234 918 844 63 200 89 184 906 201 113 99 291 538 354 79 290 140 61 86 143 404 81 198 197 237 729 59 127 582 101 570 108 96 82 105 145 177 647 70 1106 113 328 226 57 118 165 591 236 99 271 52 258 31 394 82 103 815 105 94 1767 154 997 22 108 80 269 123 195 77 457 955 171 314 629 187 81 120 367 47 59 162 540 627
182 258 200 295 1335 272 680 247 696 472 231 165 1232 1030 221 115 48 1530 928 274 208 217 331 221 592 297 290 329 251 519 710 290 151 659 200 1491 458 684 442 773 1053 196 507 327 376 319 539 683 1261 271 121 319 639 639 488 681 210 325 1124 268 1227 557 476 736 496 281 1476 59 117 222 795 345 182 601 793 782 767 1617 515 432 397 487 157 342 238 246 183 329 261 101 187 670 881 142 340 1724 319 896 291 508 88 384 89 327 282 805 608 146 248 164 560 222 284 452 93 209 198 748 1276 1009 104 337 283 278 1150 328 206 260 341 755 378 187 475 563 1105 1054 523 416 233 350 284 276 1132 624 160 681 197 793 152 437 202 128 237 267 821 87 1203 195 562 339 340 204 290 883 442 200 387 170 733 97 518 100 1399 989 140 203 1897 363 1715 144 184 84 430 170 213 140 770 2090 583 1120 1194 257 258 839 458 249 85 172 946 944
816 422 347 357 1590 477 814 660 841 484 341 410 1333 1135 237 480 176 1534 1014 548 406 340 337 316 635 333 337 549 319 743 1156 419 243 970 287 1548 496 949 596 864 1397 289 528 453 551 466 572 821 1367 356 155 462 1678 994 580 949 296 337 1130 488 1228 734 1178 1089 975 303 1712 351 191 392 893 393 188 616 1275 949 942 1792 930 882 782 713 399 426 295 366 193 630 458 121 593 1095 896 163 483 1749 336 1171 305 600 371 835 401 564 318 1134 626 282 294 180 588 272 316 494 93 264 475 1000 1358 1051 107 677 517 417 1489 346 329 423 471 1671 423 188 626 612 1164 1097 843 437 321 716 455 286 1304 854 695 697 661 961 276 710 289 302 261 565 885 134 1389 315 612 424 418 565 300 1554 581 213 411 980 1881 234 849 129 1418 1758 255 230 2522 517 2134 159 211 548 482 238 878 148 1095 2580 1327 1161 1433 397 1822 1064 635 527 104 419 1545 1294
1433 463 449 375 1848 1277 1091 758 875 603 438 421 1360 1449 308 693 324 1695 1463 925 601 396 540 384 951 367 465 1847 483 885 1170 431 376 1224 459 2542 661 1569 600 959 1639 316 638 523 1047 529 735 836 2191 613 198 542 1942 1409 633 1032 326 405 1571 701 2139 771 1179 1379 1234 347 2407 621 288 449 992 525 213 867 1301 1034 1000 1853 977 1015 1106 947 873 507 365 455 248 1128 526 152 770 1432 2394 254 522 2250 759 1446 392 605 374 1260 490 604 469 1763 672 332 590 607 931 461 343 721 262 975 936 2140 1364 1723 243 1097 532 480 2035 425 334 576 966 1736 499 308 818 1195 1646 1501 999 551 329 722 459 400 1635 1878 698 1031 730 1099 322 842 406 309 312 788 1076 469 1437 543 1599 439 498 604 381 2882 732 529 451 1132 1911 283 1941 263 2926 2090 360 247 2771 518 2363 217 312 630 543 238 1508 573 1114 2593 1740 1311 1495 465 2130 1356 1333 568 300 2090 1582 1728
1573 611 551 708 2572 1313 1226 811 1936 828 560 516 1738 2475 361 837 432 2429 1674 1414 680 464 581 439 1396 675 646 2797 699 889 2961 453 668 1386 568 2883 911 2023 671 1031 1971 357 737 546 1193 611 756 1370 2255 770 476 611 2502 1747 979 1060 527 438 2556 1248 2279 1404 1344 1442 1580 366 2506 772 328 520 1134 599 224 1146 1360 1161 1258 2311 1182 1443 1403 1050 944 556 435 547 346 1700 586 166 1349 2092 2575 274 666 2345 939 1745 440 621 919 1462 567 635 535 2624 782 335 841 802 1370 626 419 1169 302 1109 984 3030 1476 2958 375 1245 547 551 2359 534 614 896 1196 2917 512 437 1038 1282 2118 1622 1166 772 531 745 520 447 2009 2589 1018 1587 796 1996 364 910 548 475 435 1187 1395 506 1489 666 3258 864 937 700 467 3017 744 537 469 1233 2744 362 2342 340 3418 2367 400 398 2937 726 2779 429 467 730 648 837 2078 591 1304 2788 2346 1840 2171 468 2147 2237 1401 617 503 2101 1767 1912
1951 697 580 761 2876 1368 1227 835 2126 1172 644 546 2805 2831 658 874 436 2826 1851 2007 1238 599 596 493 1466 833 801 2821 1154 1341 3372 494 960 1565 636 3347 956 2482 680 1186 2141 396 902 567 1289 632 832 1444 2937 856 607 642 3119 1809 1358 1348 809 557 2588 1437 2320 2121 1353 1492 1603 537 2513 958 360 575 1194 614 551 1264 1442 1589 2083 2433 1242 1780 1580 1218 1455 626 463 598 398 2946 664 170 1423 2398 2620 984 779 3494 944 1867 477 628 1399 2072 694 966 544 2974 811 353 861 863 1459 656 530 1205 377 1232 1280 3051 2054 3715 663 1485 674 623 2719 544 970 1230 1261 2928 596 571 1199 1621 2311 1761 1544 811 546 858 653 718 2030 3181 1060 1687 1026 2415 467 1250 583 521 586 1443 1451 717 1680 680 3434 889 1328 775 690 3098 890 743 497 1279 3123 493 2343 372 3424 2464 606 469 3020 788 3032 457 469 1455 1050 841 2829 602 1336 2917 2753 1954 2323 491 2236 2295 1547 733 550 2113 2192 2122
2273 748 680 932 2918 1546 1797 918 3152 1589 650 573 3007 3570 666 927 792 2960 2065 2384 1292 1179 1157 514 1789 1023 854 3372 1209 1922 3510 529 986 1570 749 3900 1003 2631 688 1230 2347 581 1140 744 1387 871 948 1465 3813 1102 636 685 3201 1872 1719 1417 828 838 3062 1472 2447 2328 1406 1968 1649 708 2987 1135 651 907 1501 759 715 1632 1582 1695 2134 2840 1526 1893 1643 1383 1579 857 557 655 436 3468 803 592 1622 2882 2882 1602 830 3614 1566 1888 658 906 1504 2576 697 991 831 3054 893 720 890 879 1524 883 580 1206 573 1584 1474 3401 2088 3810 751 1554 787 686 2958 760 1573 1816 2437 2947 731 615 1644 1933 3330 1804 1827 826 799 889 740 740 2682 3631 1138 2754 1333 2441 555 1671 676 640 620 1517 1734 924 1703 701 3520 945 1382 836 759 3336 940 812 664 1408 3248 744 2710 883 3553 2819 614 611 3060 887 3200 547 614 1607 1161 900 3431 708 1557 2947 3033 2812 2537 897 3185 2501 1761 807 653 2609 2914 2825
2815 874 899 1377 3876 1926 1831 1171 3185 1597 753 783 3017 3696 858 1026 953 3550 2097 2519 1503 1302 1533 649 1952 1050 1001 3871 1534 1998 3550 749 1656 1667 916 4029 1036 2741 703 1506 2722 690 1588 899 1959 896 982 1584 3854 1142 858 730 3608 3347 1882 1636 914 839 3308 2432 3770 3651 1634 2025 2302 744 3218 1244 846 993 1903 955 870 1638 1759 1825 2447 3560 1595 1967 1898 1897 1810 896 765 742 562 3630 880 779 2552 3047 3444 1853 919 3685 1771 2187 792 1152 1575 2645 905 1138 882 3113 922 837 997 932 1753 908 684 1224 880 1753 1828 3726 2799 3893 943 1665 1011 750 3208 786 1632 1842 2866 3148 827 746 1850 1948 3505 1854 1938 1009 836 937 748 774 3828 3666 1943 3261 1582 2560 600 1767 939 695 945 1648 1756 1004 1822 765 3767 1052 1868 935 818 3650 1311 945 729 1961 3527 881 2808 936 3894 3173 911 624 3095 922 3220 726 995 1669 1437 982 3497 778 1971 2958 3933 3220 3287 916 3466 3929 1804 838 886 3042 3726 3885
3789 936 900 1790 3929 1954 1936 1681 3219 1603 1005 1042 3348 3803 925 1028 999 3973 2159 3178 1529 1594 1681 655 2476 1055 1042 3898 1547 2091 3584 945 1867 1685 938 4035 1072 2883 933 1814 3369 912 2041 901 1960 933 1096 1723 4045 1453 970 943 3960 3444 1937 1721 1006 1075 3961 3850 3812 3958 1675 2034 2708 745 3872 1739 848 996 1920 1053 879 1754 1913 2017 3336 3563 1704 2028 2016 2051 1845 897 860 786 729 3935 970 927 2982 3577 3754 2002 953 3968 1787 2633 958 1245 1863 3365 1013 1862 885 3162 995 1683 1002 1014 1944 996 839 1315 963 1798 1872 4011 3987 3978 953 1671 1058 843 3974 1052 1828 2004 3118 3344 907 836 1858 1961 3791 1994 2015 1019 867 1002 824 868 3921 3824 2069 3958 1694 4007 1018 1774 1054 859 945 1813 1986 1061 1955 1077 4026 1060 1911 1054 905 3989 2028 1023 803 1967 4029 924 3837 975 3977 3777 921 929 3647 995 3372 798 998 1997 2001 1001 3890 810 2024 3106 4015 3599 3410 1010 3853 3984 1932 1035 1019 3578 3945 3939

17 116 43 217 893 50 483 106 140 185 32 32 6 41 58 78 12 765 67 111 13 52 163 140 336 79 56 7 179 140 45 26 34 136 54 328 201 75 196 228 293 52 148 169 39 95 46 111 1003 181 34 66 42 70 23 159 35 250 135 3 228 137 67 70 52 165 297 1 78 73 79 64 30 81 521 49 98 296 150 180 188 75 10 113 51 101 12 17 88 13 48 167 431 8 17 471 146 357 147 95 52 29 24 33 125 326 58 72 56 84 38 138 56 108 23 107 1 133 391 706 48 62 31 24 20 11 65 74 169 64 348 61 221 15 45 5 53 94 37 115 73 71 341 7 9 564 48 365 29 42 18 77 36 137 633 7 853 56 113 148 49 47 102 298 222 28 217 37 106 22 370 46 82 271 32 35 974 73 772 6 80 19 151 87 13 58 449 869 119 94 155 97 21 15 299 32 13 161 379 309
