200 9 1
36 76 68 16 1 94 86 36 25 85 22 37 79 86 99 69 98 47 28 99 95 59 15 73 20 99 86 31 77 15 4 80 13 82 96 56 84 1 40 82 68 8 37 22 43 9 99 3 6 85 86 30 24 29 79 69 37 37 64 64 97 60 6 71 87 21 95 92 56 16 22 10 61 74 67 38 17 7 22 36 72 67 1 66 12 65 26 52 59 9 42 2 24 95 82 17 33 54 52 93 26 92 12 37 16 79 45 63 99 89 79 93 52 18 79 93 98 29 91 41 59 94 43 8 77 80 62 14 8 64 57 5 24 42 91 90 41 98 65 72 62 43 15 67 87 9 34 55 39 66 44 21 25 1 49 62 82 33 35 66 31 50 10 61 4 26 10 43 86 27 58 22 43 96 28 24 59 89 99 46 19 7 45 9 68 13 40 71 81 97 5 40 86 6 97 21 84 16 30 1

19 19 8 8 1 7 14 11 27 57 6 7 3 12 6 7 13 7 11 22 19 3 3 27 1 19 14 12 4 5 2 7 23 4 8 4 27 1 23 17 16 9 2 5 7 12 2 9 1 21 13 1 24 5 13 11 23 4 12 1 2 22 4 10 7 1 20 10 20 13 28 26 22 2 15 15 13 14 6 31 2 8 15 7 10 22 6 6 14 30 4 2 5 16 24 19 8 1 39 1 20 4 29 1 2 1 4 8 7 4 1 11 1 17 6 4 11 6 15 1 4 3 37 11 18 8 18 8 9 22 12 11 14 8 25 8 6 1 12 3 3 6 15 10 5 13 19 14 6 2 13 30 5 1 31 7 16 1 30 13 8 2 22 15 9 10 22 6 8 9 9 3 2 6 19 2 5 5 10 5 21 1 15 3 15 15 14 11 6 4 9 11 11 1 3 8 3 10 28 3
23 21 11 33 4 12 15 34 33 66 31 7 17 39 24 20 36 30 27 33 23 50 16 28 2 27 15 17 28 10 3 16 33 14 23 15 28 20 25 29 21 10 11 18 13 16 10 21 23 25 15 4 30 9 24 16 35 4 20 4 29 32 16 11 14 22 29 25 28 36 29 31 23 6 19 18 21 44 10 36 9 9 22 14 21 28 19 9 20 55 19 12 12 16 26 32 17 17 40 8 25 5 35 7 14 6 21 14 18 12 14 20 5 17 30 8 22 7 22 9 7 11 41 25 23 30 23 13 19 23 20 15 19 22 27 9 29 4 21 13 12 20 35 39 26 25 34 22 11 5 19 47 6 3 33 11 22 31 33 26 11 9 50 35 11 27 26 44 9 10 49 11 6 55 21 4 14 40 40 44 28 15 24 4 18 22 17 20 8 25 11 20 20 7 22 21 11 28 34 12
37 36 33 38 5 19 36 41 34 67 59 16 27 61 50 45 45 43 28 35 68 52 24 34 3 34 22 19 40 16 20 22 36 27 34 51 33 24 29 29 44 24 12 26 31 41 40 30 31 54 19 16 34 24 26 23 47 38 35 4 31 33 41 12 25 36 43 37 30 49 32 37 24 18 23 52 44 49 12 40 13 10 24 31 22 37 44 13 43 59 34 13 15 17 30 41 27 20 41 14 37 47 36 38 40 9 31 18 22 14 18 26 22 19 36 16 30 12 59 27 10 13 43 25 23 31 40 18 19 32 31 15 40 30 28 30 48 13 52 31 24 37 40 49 26 33 35 29 12 16 39 66 7 24 38 15 30 41 38 30 18 26 70 40 15 27 28 44 29 17 56 18 22 63 47 9 14 44 44 52 33 31 48 11 23 28 42 22 38 29 18 38 22 10 26 39 18 38 41 17
44 50 37 46 6 56 52 45 52 76 67 32 29 67 53 45 59 44 37 57 72 55 38 40 71 50 29 19 41 24 21 42 58 36 40 64 41 30 29 30 45 55 16 30 79 46 49 31 33 66 32 33 60 33 35 41 58 46 45 23 40 43 47 15 49 52 52 42 48 67 37 41 31 32 29 65 45 58 39 40 41 13 28 48 64 40 48 40 48 81 40 29 32 25 54 42 67 28 62 24 60 55 39 50 64 14 32 32 42 61 42 38 23 37 73 16 44 42 66 45 30 22 47 46 30 58 41 58 22 45 38 21 62 43 39 50 51 34 52 33 34 57 42 55 46 38 37 43 19 24 61 70 32 25 47 29 54 46 40 41 37 30 72 49 24 28 35 54 37 48 59 38 25 66 64 17 47 46 50 59 64 40 49 14 27 39 48 27 61 44 37 53 67 11 29 47 19 61 57 31
45 51 44 58 8 75 54 50 54 85 67 51 34 69 63 61 63 73 54 57 74 63 43 40 77 52 40 28 42 39 24 52 61 39 41 65 49 31 39 36 53 55 42 40 81 47 52 39 61 68 33 59 75 55 40 45 60 65 61 24 47 52 48 25 53 61 55 62 65 67 44 44 36 51 39 68 48 63 46 41 48 16 38 55 66 45 74 47 62 90 42 52 54 27 65 62 70 34 69 41 63 55 48 76 68 57 54 37 43 82 46 43 42 48 74 32 58 46 66 51 34 29 53 49 32 63 46 63 24 57 49 24 65 55 60 52 56 60 90 50 40 64 55 61 64 40 68 50 21 42 67 74 40 38 48 44 77 48 41 55 37 35 72 50 48 36 37 56 67 59 68 39 53 74 66 20 56 69 56 60 76 46 53 38 48 54 54 31 69 56 57 65 71 31 36 54 43 61 60 33
58 56 53 59 35 77 58 56 60 90 96 61 45 77 73 67 68 75 64 76 82 79 51 47 80 64 49 69 53 45 34 62 78 65 44 69 58 34 51 46 58 62 43 47 91 59 67 40 66 72 68 59 77 57 41 52 70 77 68 40 53 58 69 37 79 82 60 77 74 81 47 48 40 63 42 75 52 69 50 45 59 29 40 66 68 52 74 58 66 91 62 52 72 39 73 67 84 34 70 49 66 80 49 78 75 70 60 52 63 83 64 65 46 68 76 38 81 61 82 87 47 30 77 51 53 75 56 70 70 83 66 26 68 55 62 60 66 71 91 51 54 77 57 76 73 55 72 64 37 61 70 79 42 53 55 50 81 54 63 58 57 39 73 59 68 41 67 65 68 63 74 78 60 80 69 22 62 70 57 70 80 56 73 48 51 55 62 39 82 64 82 70 75 33 42 56 45 68 63 55
59 83 61 77 47 82 62 85 69 92 100 83 54 90 86 84 77 77 78 77 87 82 52 85 83 65 49 76 54 58 64 67 79 66 45 83 59 35 62 66 76 76 53 49 91 61 76 49 75 79 74 64 86 82 51 85 70 83 74 50 55 63 88 86 87 84 61 77 90 82 54 74 49 67 49 82 54 79 60 48 74 61 53 67 80 63 75 69 70 93 65 58 72 87 77 75 84 79 79 74 69 86 71 80 75 76 76 67 72 86 76 67 57 93 83 67 85 63 88 88 78 46 91 75 61 87 58 74 82 85 82 28 72 63 67 84 66 75 92 69 58 84 59 85 74 59 91 80 41 66 71 81 64 59 63 62 90 63 67 60 72 52 87 61 81 56 75 70 73 84 90 82 66 80 83 49 72 78 63 73 85 74 75 64 61 80 95 49 83 71 87 89 82 71 67 67 82 74 76 56
76 88 77 80 87 82 63 88 94 93 100 86 73 95 88 93 82 91 79 99 99 86 67 86 92 70 68 79 59 74 80 89 81 70 48 87 77 52 73 85 86 93 92 96 93 85 81 59 77 83 82 65 90 84 61 98 83 87 91 55 72 74 97 92 89 92 72 86 94 88 68 91 74 70 52 95 58 83 82 78 77 65 55 83 85 89 92 69 81 98 71 81 76 89 88 96 87 93 89 81 81 91 88 85 77 76 90 91 73 87 90 77 62 95 84 84 89 66 92 92 98 71 92 82 63 96 68 82 88 89 89 43 81 64 75 89 83 82 93 71 61 92 77 98 81 70 99 95 43 88 84 90 80 74 71 95 91 72 68 63 76 82 90 67 83 74 78 78 89 89 98 91 80 84 86 53 79 84 63 79 86 80 76 67 62 81 98 57 92 84 92 96 88 76 79 91 89 91 81 68
93 98 79 99 90 85 91 100 99 95 100 87 99 100 100 100 92 93 88 100 100 90 90 92 94 91 80 80 78 78 84 97 86 93 56 93 77 67 81 98 88 100 93 98 96 88 93 93 83 100 88 99 95 100 93 100 83 92 99 95 83 78 97 94 94 94 77 91 98 99 76 97 97 94 54 98 77 87 87 82 86 98 99 84 88 92 98 84 86 100 87 83 81 97 89 100 91 96 89 89 85 95 94 94 80 87 98 100 78 88 98 95 97 97 96 87 96 95 96 94 100 81 95 91 75 98 73 87 98 95 95 63 89 72 77 93 87 91 97 90 96 99 92 100 98 93 100 100 86 93 94 97 91 85 96 96 98 75 77 95 96 97 97 74 92 75 87 94 93 97 99 97 93 94 97 60 92 93 69 96 100 100 100 98 98 96 98 64 99 100 93 98 90 93 81 100 94 93 82 82

73 16 46 63 49 77 41 86 78 17 65 73 4 3 5 38 62 51 94 33 24 49 58 67 68 94 19 100 84 53 78 35 1 30 17 9 75 36 74 84 49 36 4 44 36 7 24 7 24 35 43 64 8 73 70 9 32 34 43 8 12 1 68 48 34 67 83 13 55 72 28 34 40 47 34 22 92 13 25 75 98 16 98 41 36 99 36 78 69 25 40 52 58 84 67 88 68 30 81 95 16 62 74 63 58 78 38 15 75 50 24 18 58 87 16 33 71 9 9 52 86 7 59 38 48 38 68 97 27 60 48 34 88 54 70 82 82 100 18 100 3 63 66 54 42 39 100 29 35 32 8 91 55 80 94 76 13 46 28 58 5 58 16 76 8 73 62 45 91 59 28 29 75 32 53 42 70 23 26 49 57 56 32 4 36 31 21 79 60 93 68 11 9 14 31 90 49 94 22 25

48 458 142 246 550 565 247 133 181 150 428 104 950 280 103 156 126 591 102 101 416 486 560 916 78 221 929 39 315 201 763 233 140 352 192 280 654 135 74 688 209 72 71 715 670 132 490 321 83 630 307 52 69 950 118 116 146 388 258 479 105 277 76 126 154 97 209 556 266 173 333 119 138 329 433 326 35 750 37 177 227 171 44 771 64 555 483 308 207 593 798 347 109 943 166 189 147 237 143 372 95 171 223 595 367 1272 543 93 429 189 370 183 74 650 218 426 123 127 134 42 77 112 188 29 378 470 330 82 16 205 237 76 53 371 275 317 596 293 109 610 516 1372 87 1002 398 133 777 65 660 88 45 309 117 23 213 257 132 37 114 289 148 224 199 256 7 316 32 354 333 31 90 23 305 447 218 493 124 751 386 187 274 105 65 121 167 239 162 1490 385 216 10 133 960 551 138 482 300 295 280 257
71 944 642 666 836 853 312 205 729 163 658 125 1267 712 371 285 605 661 252 151 720 807 572 1202 296 253 1441 65 556 357 1645 237 149 363 215 406 795 395 193 840 235 93 87 1189 755 434 499 724 642 740 533 215 160 1554 184 143 391 1670 452 508 808 1233 188 221 178 185 648 591 1006 377 397 358 171 387 534 575 391 975 80 729 284 202 178 1122 155 675 654 323 208 1011 829 408 114 1025 200 303 215 279 169 627 222 189 390 740 1156 1297 596 289 551 372 550 634 446 667 262 480 166 264 320 175 315 147 214 46 660 577 383 164 475 308 449 236 236 463 291 961 634 656 165 1180 727 1613 281 2193 1897 193 1307 322 821 516 87 949 743 254 372 617 160 57 212 359 156 298 509 1311 316 507 415 627 529 211 494 267 329 864 310 550 405 994 466 263 318 129 276 136 224 292 664 1851 459 359 119 335 1139 619 251 733 386 690 399 807
109 1574 1177 870 842 998 408 528 1539 199 1063 439 1691 752 403 323 860 861 273 342 876 1337 874 2455 806 274 1458 226 602 360 2336 370 218 512 811 724 1191 433 234 841 449 113 197 1248 1865 731 559 877 716 875 698 298 281 1703 475 203 813 1763 519 607 874 2199 437 226 196 390 690 663 1180 614 624 769 172 727 542 604 508 1468 312 1027 322 975 318 1510 311 722 720 604 305 1418 998 1389 253 1575 274 404 305 456 350 888 543 194 574 823 1397 1625 868 328 561 1594 602 958 694 800 279 989 314 446 527 394 437 221 321 201 2012 1444 761 294 925 443 579 257 319 569 312 1606 752 2399 211 1986 1389 1928 478 2548 1936 371 1768 426 1030 672 173 1371 993 306 420 1153 320 490 507 658 205 402 1588 1321 317 788 473 731 687 346 507 276 1567 1258 506 573 530 1102 660 404 320 209 338 324 368 324 947 1977 508 560 155 429 1201 765 898 849 432 716 401 1046
280 1619 1221 1170 1856 1197 426 581 2290 223 1881 609 2114 1220 774 400 959 901 437 421 2016 1345 1040 2953 896 329 1790 460 668 669 3126 1131 309 537 1118 822 2242 434 653 1298 580 198 368 1364 2041 806 1279 1017 1857 920 713 411 309 2728 501 339 973 1842 534 761 994 2428 512 245 452 1822 1011 687 1272 757 705 1009 354 844 1085 953 600 1636 445 1116 429 1095 347 1526 350 1035 834 688 358 1456 1203 1634 349 1746 464 613 332 473 505 1046 641 325 597 949 2480 2099 905 485 801 1624 623 1226 1208 969 440 2439 383 551 735 597 452 365 470 825 2422 1947 1071 585 1595 751 597 266 603 636 399 1806 1127 2649 379 2237 2225 2080 780 2732 2111 714 2115 507 1362 796 303 1647 1183 316 454 2497 391 575 618 663 338 1553 2248 1364 473 1156 552 1491 788 358 596 787 2084 2392 599 606 675 1116 854 457 1348 213 467 410 428 417 1685 2394 785 852 351 580 2199 960 1067 899 510 1012 452 1075
809 1917 1388 1220 2047 1226 809 653 2708 329 2329 737 3541 1826 785 594 1110 1383 611 590 2040 1378 1066 2969 916 466 2594 584 906 687 3274 2052 363 721 1571 847 2717 434 846 1314 622 308 848 2286 2729 825 1503 1146 2045 1075 822 421 342 3016 579 371 1156 2036 725 883 1453 2545 547 298 503 2274 1020 2003 1356 765 743 1107 389 1164 2128 962 793 2385 521 1163 577 1988 518 2120 470 1083 975 705 543 1591 1459 1975 878 2114 544 673 593 669 524 1333 883 582 679 1054 2722 2252 1326 733 882 1777 1303 1287 1494 1244 1266 2493 584 627 777 633 477 768 553 886 2881 1953 1299 621 1657 910 741 412 617 713 419 2908 1217 3039 441 2327 2332 2310 1309 3090 2395 1972 2232 719 1620 1000 420 1660 1359 493 540 2513 554 618 627 692 342 1675 2475 1691 482 1168 567 2157 1158 376 603 834 3116 2704 814 670 783 1310 868 932 1363 375 495 588 722 423 2066 2419 1319 914 419 611 2504 1139 1512 923 752 1121 579 1094
846 1935 1486 1659 2793 1254 1205 706 2718 332 2742 812 3743 2508 1231 651 1125 1498 1122 604 2272 1826 1079 3073 1212 469 3067 752 1278 689 3570 2295 408 745 1762 877 3036 539 1220 1319 680 408 1380 2636 2778 853 1664 1238 3079 1401 876 424 502 3159 588 511 1236 2272 797 905 1511 2879 584 599 564 2542 1462 2572 1481 791 1303 2189 401 1881 2754 1040 1123 2456 609 1675 771 2233 620 2623 511 1330 1005 748 561 2453 1564 2613 1004 2392 687 695 594 711 1363 1471 886 647 1262 1321 2844 2503 1367 1332 1300 2327 1602 1325 1559 1486 2505 2596 610 661 847 777 679 1033 978 1028 3292 2626 2189 735 2705 1081 987 431 677 1346 475 3059 1248 3104 589 2346 2392 2584 1380 3169 2545 2038 2620 733 2022 1113 565 2054 1734 533 559 3038 672 984 644 741 403 2541 2544 2486 513 1487 756 2262 1177 537 791 1031 3389 2707 832 750 1226 1730 970 1532 1455 863 743 1143 762 441 2361 2933 1564 1410 481 1243 2629 1270 1534 1087 896 1164 636 1450
1319 2282 1604 2899 2927 1289 1265 752 2955 1020 3106 911 3947 2856 1722 659 1387 1561 1206 635 2282 1839 1225 3201 1649 580 3322 845 1439 812 3640 2975 471 895 1862 1024 3748 603 1310 1448 749 545 1552 3328 3297 929 2237 1245 3126 1521 933 677 797 3757 610 613 1722 2850 855 963 1603 3200 656 816 604 2815 1668 3298 1655 819 1604 2511 518 2618 2927 1093 1186 3184 710 1753 813 2905 667 3024 548 1737 1153 814 743 2559 1790 2843 1027 2673 858 771 823 789 1401 1630 960 754 1638 2354 2911 2622 1668 1466 1438 2609 1629 1352 1609 1507 2629 2775 811 776 852 796 713 1226 1287 1820 3324 3169 2678 752 2831 1439 1640 556 796 1365 691 3094 1569 3438 617 2870 3186 3271 1459 3754 3088 2324 2694 755 2244 1354 888 2358 1848 712 744 3187 902 1373 655 812 448 2686 2641 3276 518 1515 1055 2419 1314 726 899 1133 3511 3108 846 1425 1497 2863 1016 1568 1540 902 771 1153 1133 480 2772 3266 1693 1632 517 1250 3140 1419 1697 1300 983 1343 923 1725
1411 3048 1749 3488 2976 1561 1412 858 3027 1367 3868 945 3960 2994 1970 718 1549 1736 1243 697 3023 2794 1371 3265 1720 788 3365 942 1633 891 3659 3480 480 905 1888 1496 3949 613 1850 3051 833 793 1581 3421 3398 953 2434 1724 3180 1943 994 727 853 3863 658 842 1842 3167 1013 1001 1806 3583 839 893 1010 3363 1986 3503 1709 863 1612 3739 888 2704 3046 1488 1274 3608 860 1877 1019 3051 694 3245 1074 1767 1375 867 844 3940 1812 3566 1122 2989 927 783 1360 813 1774 1801 970 769 1787 2436 3288 2704 1770 1552 1486 2819 2120 1706 2727 1748 3375 3179 921 874 943 1957 765 1670 1290 1863 3338 3341 3997 802 3778 1713 1840 690 804 1481 847 3703 1636 3629 836 3030 3421 3388 1688 3971 3288 3921 2843 812 2577 1454 897 2412 1870 813 816 3187 1067 1691 983 970 933 2737 2697 3918 646 1517 1764 3402 1333 797 949 1630 3869 3466 900 1501 1860 3411 1044 1849 1879 978 868 1422 1175 870 2986 3482 2011 1708 717 1772 3443 1450 1869 1489 1012 1392 1443 1821
1476 4018 1999 3857 3142 1615 1673 996 3629 1763 3879 1025 4056 3667 3768 791 1872 1841 1346 970 3155 3550 1826 3544 1879 875 3452 960 1764 973 3941 3629 914 1036 1944 2025 4075 991 1983 3447 1064 855 1895 3608 3617 964 3931 1802 3252 1984 1022 998 941 3877 658 1033 1962 3865 1063 1007 1818 3823 929 936 1044 3425 2079 3696 3301 916 1629 3802 1016 3151 3068 1846 1442 3676 978 2013 1033 3636 827 3926 1135 1942 1443 936 950 3974 1950 3945 1328 3630 956 853 1877 830 1996 1900 984 1009 1825 2987 3362 3582 1783 2006 1591 3158 2136 2082 3976 1826 3592 3597 986 915 1009 1992 883 1687 1368 1975 3939 3489 3998 910 3982 1814 1874 921 839 1702 1044 3943 1638 3829 947 3586 4039 3933 1743 4014 3442 3942 3611 1006 3150 1679 995 2962 1957 898 875 3315 1080 1763 993 1007 997 3503 3378 3995 721 1660 1825 3991 1576 935 977 1685 4042 4040 981 1686 1912 3886 1052 1884 1921 984 1008 1515 1612 886 3627 3807 2015 1784 777 1887 3945 1942 1940 1620 1013 1787 1743 1896

22 168 123 104 36 87 49 94 127 131 106 72 705 264 69 6 53 214 15 16 374 259 148 845 76 162 595 32 50 98 518 173 46 166 22 10 588 3 73 58 42 49 33 246 297 48 234 225 6 567 267 17 43 909 9 10 64 261 154 449 6 129 69 115 93 31 70 349 179 27 278 2 118 91 336 198 12 288 1 144 14 31 20 468 50 496 301 234 77 209 255 197 80 191 44 169 44 122 63 231 37 111 42 191 353 837 336 38 294 21 179 157 53 522 73 311 96 106 69 34 38 63 129 15 359 103 55 66 1 161 130 24 26 330 94 100 179 242 5 507 381 1182 53 427 291 104 518 48 115 25 13 164 66 7 186 185 51 18 96 17 134 148 93 29 3 179 3 333 116 23 83 7 73 235 119 345 122 547 327 186 156 93 64 5 8 80 94 1332 251 6 9 21 156 62 104 251 20 277 225 36
