200 9 1
1 25 16 16 76 43 7 66 71 22 48 29 16 37 76 55 42 41 76 68 25 32 77 54 64 87 13 66 33 24 40 37 70 5 15 28 40 87 100 18 11 70 43 96 11 93 44 99 17 30 94 70 73 41 84 4 26 56 75 25 4 37 23 76 1 29 20 68 100 24 23 87 6 31 91 53 82 4 97 48 36 62 16 78 51 38 6 9 68 33 90 78 64 31 66 6 74 34 9 53 8 55 18 72 24 89 72 36 97 67 33 3 84 64 21 79 50 70 41 36 22 55 6 95 18 93 95 99 7 63 86 11 9 1 77 23 74 79 13 49 5 16 16 18 6 68 76 83 40 9 39 26 77 4 46 89 84 91 65 76 33 42 46 71 78 49 20 92 21 71 15 94 16 57 44 25 22 95 66 65 56 5 45 23 19 51 23 81 31 10 51 19 10 95 6 75 59 1 68 2

9 12 2 3 8 1 17 10 28 11 9 6 1 13 5 10 17 25 6 5 17 35 26 4 7 14 9 7 19 5 21 10 9 3 3 2 7 4 14 11 4 1 2 2 5 8 1 12 18 7 17 29 8 7 1 4 4 4 4 7 21 7 4 4 15 8 24 9 18 2 4 4 4 6 15 12 25 28 4 4 19 4 1 3 10 19 29 17 2 2 14 7 2 19 4 3 12 1 3 5 8 3 1 22 6 8 6 17 9 2 21 1 5 16 5 2 4 3 15 7 6 11 16 2 1 37 13 5 18 4 28 6 26 10 12 36 13 10 12 3 8 20 9 8 14 14 11 25 9 15 3 32 21 6 12 11 9 2 3 12 3 7 8 2 7 6 5 1 32 2 4 2 2 24 11 3 29 21 5 8 2 4 1 10 6 15 3 2 6 2 15 10 1 3 12 3 13 24 15 13
17 15 3 24 53 8 29 21 36 12 10 11 1 15 32 15 34 29 19 12 22 45 27 50 8 20 18 9 24 20 22 26 30 11 5 9 15 6 41 22 8 22 6 13 25 33 3 21 34 10 38 39 13 20 5 21 9 9 5 29 22 20 6 23 34 22 28 22 20 15 17 24 21 34 44 26 28 31 26 6 45 21 13 3 32 22 40 17 27 17 20 15 23 40 29 10 13 8 20 13 11 12 17 28 17 15 10 18 10 3 42 5 5 16 28 7 29 7 18 18 14 16 16 17 9 43 18 6 34 35 30 15 26 10 16 59 19 12 18 13 19 21 20 15 14 34 11 39 9 33 17 39 27 15 24 12 19 4 20 19 14 23 8 33 33 7 13 3 34 17 12 8 11 26 11 6 30 46 31 16 16 17 26 28 21 21 4 6 10 31 24 13 2 8 19 31 15 34 16 17
25 26 14 38 60 23 36 31 38 43 29 20 2 31 43 19 35 30 29 13 29 58 47 53 18 26 33 36 43 31 23 47 44 32 9 12 18 10 57 39 20 42 9 25 37 39 15 24 36 36 46 42 25 23 5 26 17 49 44 40 49 22 30 32 40 27 35 49 28 28 19 30 24 50 51 60 29 47 42 20 57 31 14 39 45 26 51 25 31 19 30 54 29 49 38 11 26 18 22 17 31 19 21 29 19 21 18 33 14 24 43 27 24 27 30 35 37 8 19 28 19 47 41 30 19 51 33 10 51 45 31 16 39 21 21 63 21 19 22 17 21 22 27 19 14 39 15 46 22 37 20 41 28 22 33 28 21 6 22 46 15 45 12 34 36 11 18 18 46 19 12 22 26 28 44 13 36 48 57 26 38 23 37 32 60 33 9 15 44 41 25 20 19 9 36 37 18 38 27 45
27 28 21 39 61 28 40 36 39 49 32 42 6 32 45 28 42 31 33 15 33 70 51 59 36 50 35 42 46 34 29 60 55 46 17 41 22 37 82 42 40 48 16 41 75 40 18 32 47 76 59 48 26 31 24 32 39 60 53 41 54 39 37 35 41 31 46 52 28 32 24 38 37 64 59 65 37 51 51 22 64 46 61 58 49 26 53 51 66 22 55 69 77 55 42 36 34 22 26 28 32 21 24 40 19 28 18 48 27 31 44 27 25 27 42 43 49 19 22 39 20 50 61 31 52 58 38 13 54 49 53 20 55 26 24 67 29 21 69 35 27 25 49 23 33 49 17 48 31 47 42 46 32 32 42 32 26 16 41 51 28 47 35 46 51 17 20 20 49 24 13 22 39 40 69 20 53 52 68 28 53 24 40 34 62 42 9 26 51 54 50 23 35 24 51 38 24 59 30 45
39 29 62 42 65 44 44 47 51 54 47 52 13 44 54 35 45 38 42 28 33 74 62 61 69 58 43 46 57 69 68 64 62 59 33 58 23 44 82 46 47 50 20 45 84 52 20 49 58 84 66 58 49 39 33 34 48 64 56 55 57 45 43 38 49 43 51 58 37 38 43 43 47 68 65 86 40 78 67 22 69 55 77 78 56 30 60 60 73 23 65 70 79 67 43 45 44 24 32 41 64 29 31 44 52 40 32 58 54 34 50 43 62 29 51 52 62 28 53 39 36 54 62 43 57 70 53 34 59 54 54 58 58 32 27 75 53 43 78 57 30 34 59 39 37 54 30 50 52 60 45 47 33 34 42 39 28 17 42 57 28 80 46 56 67 26 20 47 60 31 23 32 43 44 79 20 57 57 68 45 66 43 44 34 64 46 35 37 58 61 53 49 60 37 54 40 38 67 45 51
57 48 64 49 70 67 48 61 54 62 63 62 21 77 61 36 47 50 69 40 55 74 64 72 80 58 53 65 57 80 73 65 63 61 37 66 28 48 86 53 51 76 24 68 89 66 36 57 62 84 73 64 56 55 49 40 50 65 71 70 58 81 49 54 72 43 64 77 40 59 46 60 48 85 66 87 56 87 85 40 73 62 77 80 58 40 78 76 74 54 68 71 80 69 48 58 54 42 32 44 72 58 57 45 57 40 35 66 55 45 58 65 69 35 62 60 78 35 59 41 47 59 63 50 66 75 56 35 61 59 80 78 76 61 52 82 71 48 84 68 57 44 62 61 54 64 34 70 61 66 55 49 52 64 59 61 68 72 42 69 35 88 58 58 89 34 38 51 76 38 27 37 49 50 80 27 57 63 82 57 67 57 56 74 89 50 66 41 68 67 57 50 63 55 58 46 51 92 52 75
63 61 67 59 78 74 54 65 64 72 73 73 36 86 61 79 82 70 71 80 77 81 71 75 82 76 65 69 64 85 75 69 65 78 57 69 43 81 89 58 61 84 59 77 90 66 53 65 82 84 77 73 67 62 57 84 57 89 78 89 69 84 57 55 75 65 71 83 41 63 49 70 55 85 75 89 71 92 85 45 78 85 89 80 62 47 84 87 81 77 78 86 91 74 51 66 69 76 70 45 75 63 64 75 80 68 48 74 61 48 82 73 79 45 62 76 90 63 69 41 62 64 67 60 80 77 68 40 63 60 91 86 83 84 57 84 92 54 86 69 80 52 66 72 55 65 63 78 61 67 64 52 71 70 63 62 70 77 82 75 55 88 61 71 91 35 52 55 87 44 35 46 67 78 83 39 65 69 90 61 77 64 62 75 93 53 66 54 69 89 80 73 64 72 61 49 68 92 60 86
65 82 75 63 83 98 63 71 80 83 80 88 48 91 66 85 85 72 90 84 81 83 95 77 96 86 87 84 70 86 76 69 68 80 90 88 58 82 93 66 69 90 72 95 92 91 78 83 89 86 83 78 78 63 88 98 60 92 91 93 75 84 89 58 87 77 74 83 50 86 94 78 86 92 77 93 75 94 90 70 80 88 90 83 79 88 94 97 91 80 95 94 93 74 53 74 73 86 86 65 89 65 83 76 84 77 82 76 76 57 84 74 97 60 83 81 96 78 69 50 82 89 82 68 80 78 68 44 93 82 94 95 88 89 60 84 99 90 91 70 83 71 68 75 61 66 66 80 74 77 68 53 73 92 90 78 79 81 84 94 81 88 84 77 100 52 85 58 88 67 80 55 93 82 97 60 74 90 92 72 88 79 63 80 96 67 73 66 81 96 91 79 71 85 100 90 79 96 71 90
94 87 82 87 90 99 73 89 87 97 91 95 70 92 97 92 100 99 98 89 84 98 99 91 97 100 96 88 99 90 81 80 81 94 94 94 62 88 97 92 95 99 78 97 100 94 93 91 92 98 84 98 100 75 96 98 81 100 98 96 84 94 95 81 95 89 90 84 73 95 97 98 86 97 94 97 79 96 99 74 82 96 98 94 82 98 95 100 91 95 98 99 100 86 59 98 91 89 99 92 91 68 95 98 95 77 96 97 97 58 90 88 99 83 84 95 100 97 77 67 100 96 93 94 96 82 88 79 96 92 97 95 99 94 66 97 100 94 96 94 89 97 74 81 82 92 93 83 99 100 82 67 88 99 92 86 86 84 91 99 84 98 90 90 100 62 95 99 93 80 90 67 100 92 99 84 89 100 99 87 94 83 68 93 100 83 81 72 94 97 99 91 73 89 100 95 95 97 89 93

3 17 24 5 52 77 39 3 34 12 78 46 84 84 99 31 87 80 7 52 31 32 75 84 63 95 70 17 81 77 48 41 87 88 81 93 5 92 63 100 27 100 62 99 49 46 39 48 23 99 81 33 45 99 78 60 8 35 5 24 46 32 27 12 97 72 49 1 66 51 56 74 35 53 70 89 98 39 84 44 14 51 79 72 44 78 37 16 59 80 25 27 90 98 62 85 82 77 70 37 15 32 45 67 12 4 60 45 70 66 32 59 49 8 84 66 22 49 74 93 59 75 89 49 20 50 89 15 43 88 30 51 75 81 43 13 39 37 6 44 56 20 13 20 71 26 30 65 84 36 64 30 34 67 80 73 89 71 72 94 79 73 32 94 89 42 59 41 89 13 99 1 88 5 9 43 16 30 40 35 76 43 9 9 38 81 87 69 29 12 86 33 58 81 47 28 59 49 22 62

1027 231 178 51 141 279 24 122 216 138 66 359 245 66 109 257 191 587 315 271 40 78 149 90 304 103 25 193 70 898 135 156 389 242 64 140 581 298 719 948 82 78 919 247 220 142 65 669 145 90 208 96 404 70 122 504 63 450 1099 496 14 56 41 155 64 270 160 144 148 88 209 371 23 121 932 395 387 1499 128 127 39 80 108 101 134 92 139 361 378 480 194 176 144 718 99 61 149 186 83 276 612 407 165 192 102 573 171 127 361 340 95 22 224 112 212 411 404 234 548 760 104 296 146 315 80 97 191 287 433 240 802 900 154 28 268 581 130 739 139 120 81 832 463 351 100 80 233 1343 362 44 100 77 239 14 552 153 245 132 426 347 874 56 401 249 715 489 41 479 67 1415 434 300 82 82 207 106 332 359 421 144 165 73 395 354 91 196 61 353 141 38 89 314 117 205 26 512 267 176 77 264
1222 597 735 398 249 1580 107 1297 1417 154 114 932 289 386 261 455 310 629 542 611 121 104 271 155 1067 246 282 335 203 1125 449 321 759 338 258 279 623 686 1264 1052 307 210 1269 289 245 349 144 1130 246 362 390 440 428 400 142 1139 85 802 1593 996 77 204 54 305 64 410 280 154 245 198 1216 757 38 202 1285 739 406 1587 419 217 1219 1054 204 133 149 171 299 793 573 675 311 488 207 1003 158 121 333 668 196 455 799 578 176 196 128 770 229 149 369 555 126 221 390 485 255 653 538 264 1295 1306 130 502 213 330 443 214 264 300 761 904 814 1219 253 49 625 642 383 1173 682 578 179 1039 1190 502 909 204 297 1625 811 148 339 88 915 107 824 403 436 362 429 851 1006 423 525 1234 871 527 135 1024 142 1653 480 380 224 149 1116 182 1274 490 441 347 325 118 1071 372 190 426 120 827 269 1314 252 482 244 355 47 576 324 204 389 712
1321 629 977 459 405 1606 133 1446 1810 210 150 1156 589 388 348 637 315 781 842 622 140 285 464 722 1901 373 342 390 213 2070 534 371 939 698 273 445 634 1541 2337 1281 413 364 1540 295 350 369 169 2056 561 464 696 561 447 459 268 1494 188 968 1800 1067 139 263 95 1676 162 1212 585 157 302 530 1336 872 92 359 1496 795 1159 1764 532 243 1648 1208 863 710 217 365 505 1198 764 746 381 646 260 1057 238 139 479 1212 542 631 840 620 294 242 217 841 371 161 665 677 142 593 981 489 321 872 1445 304 1579 1317 214 533 691 350 1158 255 383 314 1027 920 1265 1764 346 89 1480 871 675 2201 733 900 289 1101 1301 671 1051 398 418 1746 1201 180 417 174 1385 282 902 450 770 890 433 926 1252 626 543 1279 1110 1061 422 1087 264 1881 513 667 334 548 1242 298 1391 572 726 622 427 174 1111 587 407 444 209 839 363 1315 284 606 671 774 179 659 406 285 632 757
1482 886 1074 658 425 1675 285 1500 2456 240 153 1766 845 504 519 681 367 1192 974 991 159 644 821 976 2441 449 449 430 498 2146 560 429 1095 699 374 464 757 1955 2804 1691 455 367 1813 498 568 1827 293 2058 962 466 1156 664 597 482 354 1501 248 1167 1890 1381 265 332 113 1895 170 1274 605 365 369 591 1571 1161 97 911 1517 889 1232 1777 539 432 1739 1389 1018 833 333 408 624 1688 973 978 408 1166 324 1374 323 194 520 1320 674 750 915 838 463 244 268 1133 533 295 789 763 179 595 1759 829 335 1067 1571 343 1738 1579 294 806 1239 455 1569 293 463 412 1055 1129 1781 1945 573 149 1714 1405 768 2630 1045 1611 415 1248 1305 1397 1280 482 430 1864 1227 680 490 654 1424 411 939 1040 1828 1738 579 1361 1786 755 1309 1731 1226 1664 660 1321 1031 2032 603 838 739 554 1885 416 1569 620 744 2975 556 286 1260 653 481 513 300 898 423 1333 619 634 792 875 230 665 430 342 656 1203
1511 1140 1776 1611 456 2069 324 1763 2518 310 160 2839 959 573 549 825 478 1217 1245 1577 196 806 885 1117 2613 670 520 437 557 2380 688 933 1158 1428 425 654 852 2205 2869 1836 541 490 1847 747 599 2658 326 2784 987 544 2038 710 690 501 490 1622 396 1619 1897 2254 302 527 502 2951 451 1348 735 534 507 593 2558 1252 187 1165 2037 935 1541 2019 696 448 2158 1591 1023 1009 725 489 643 1695 1326 1105 426 1506 896 2111 584 367 552 1482 760 929 1004 895 485 669 271 1421 632 313 904 768 260 635 2278 1045 360 1495 1863 622 2227 2155 420 1698 1316 512 1732 484 788 1200 1145 1303 2493 2066 688 514 2276 1737 1094 3458 1075 1677 470 1270 1718 1893 1326 616 454 2260 1265 715 514 786 2024 681 951 2067 2807 2075 820 1411 3329 936 1317 2471 1396 1722 694 1448 1135 2374 631 863 999 1799 1932 441 1602 897 749 3470 658 404 1556 774 572 622 336 1151 438 1876 802 675 1879 884 414 1194 542 350 894 1357
2050 1144 2184 1868 716 2090 390 2022 2634 419 256 2942 1438 717 744 907 600 1275 1307 1883 342 820 1209 2707 2683 843 675 789 584 2452 978 985 1448 2054 572 776 1072 3093 3318 2210 551 565 2237 850 656 3120 403 3301 1154 571 2943 749 744 694 504 1684 902 1843 2035 2668 593 631 706 3273 666 1380 793 539 562 750 2649 1294 225 2219 3240 1187 1559 2232 742 596 2373 2051 1573 1115 731 657 747 1699 1663 1123 428 2331 1218 2473 844 645 553 1776 788 1357 1634 1440 492 680 358 1498 746 507 1024 842 638 756 2565 1087 503 2325 2245 655 3140 2193 591 1710 1529 725 2246 746 1664 1400 1175 1624 2521 2478 751 623 3183 1792 1275 3643 1451 2073 571 1608 1732 1956 1356 679 738 3398 1592 736 625 1207 2064 780 1165 2090 2974 2875 917 1574 3348 1612 2148 3463 1561 1785 711 1945 1437 2808 728 1350 1411 2202 2452 577 2262 1033 1267 3566 706 407 1810 1056 659 770 376 1180 510 2265 807 711 2204 1452 627 1450 672 410 985 1361
2092 1241 2372 3045 726 3806 432 2120 3452 661 476 3050 1682 849 850 963 654 1320 2960 2856 530 878 1492 2764 2723 1211 1384 894 597 2592 1217 1003 1482 3319 631 836 1408 3113 3446 2859 778 662 3248 1278 775 3784 517 3401 1554 593 3103 790 764 803 970 3568 1134 1875 2286 3377 664 704 736 3428 789 1524 1109 760 648 787 3620 2470 226 2293 3475 1398 1681 2321 904 726 2464 2748 1718 1186 924 685 936 1812 1791 1343 582 2472 1313 2864 913 840 704 2746 910 1489 2860 1443 725 865 378 1559 845 738 1033 884 818 766 3094 1228 592 3337 2917 918 3209 2866 641 1779 1654 738 2433 935 1735 1566 1594 1706 3771 2999 848 768 3222 1805 1427 3916 1456 2500 586 1681 2037 2806 1468 942 773 3473 1704 797 670 1336 2195 905 1190 3064 3366 3105 939 2148 3679 1944 2246 3885 1804 1936 884 3124 1660 2951 807 1599 1516 2424 2760 636 2354 1104 1334 3613 713 783 1908 1336 699 828 518 1189 523 3319 875 760 2272 1867 719 1512 677 415 1282 1511
3050 1465 2607 3599 758 3861 792 2572 3656 693 488 3304 1822 1208 970 1804 661 1346 3914 3183 733 1020 1599 2897 2961 1254 1709 1042 814 3087 1266 1028 3983 3582 774 967 1833 3658 3857 3129 821 825 3283 1762 850 3861 581 3533 2297 783 3258 985 817 926 988 3721 1167 2151 3284 3456 674 914 870 3581 936 1660 1127 991 774 800 3820 3384 393 2983 3483 1418 1779 3002 960 786 2809 2927 1751 1190 931 722 952 1825 1870 1520 847 3321 1678 3681 913 943 785 2761 951 1664 2865 1745 799 878 812 1756 1004 791 1060 913 927 924 3388 1573 771 3695 2998 948 3854 3127 643 1867 1672 869 2447 964 1848 1743 1651 2043 3905 3490 935 821 3815 1831 1797 4042 1693 2766 719 1994 3012 3251 1502 948 805 3560 1805 905 744 1756 2406 928 1795 3386 3596 3193 1017 2899 3760 2741 2987 4034 2977 2020 894 3183 1712 3108 915 1620 1793 3608 3092 867 2369 1447 1340 3773 777 923 1942 1674 714 848 521 1367 640 3381 968 869 3140 2001 746 1957 759 842 1704 1824
3566 1852 2737 3944 848 4001 993 2840 4023 824 728 3348 1880 1357 983 1904 909 2009 3979 3614 1804 1026 1735 3509 3585 1431 1750 1043 1012 4021 1910 1032 4056 3751 883 1013 1879 3977 3891 3130 976 876 3545 1963 975 4059 594 3786 2331 785 3919 990 851 1001 996 3984 1228 2432 3936 3519 933 1007 924 3748 954 1669 1277 1060 956 928 3960 3970 408 3710 3913 1925 2016 3993 1058 1014 4000 3211 1806 1241 949 781 986 1983 1878 2001 919 3589 1928 3753 1050 993 978 3438 1005 1930 3890 1905 936 1008 1021 1998 1017 974 1073 966 1006 962 3868 1909 1019 4019 3877 1070 3993 3224 824 1958 1908 939 2774 1057 1943 2032 1663 3890 3906 3524 979 836 3846 1948 1877 4066 2588 3652 934 2008 3234 3721 1742 955 886 3627 2040 986 801 1983 3884 993 1808 3762 4081 3466 1018 3554 3927 3430 3248 4071 3967 2028 981 3400 1794 3904 955 1920 1962 3998 3107 870 3979 1540 1714 4065 968 990 2013 1691 880 1010 753 1863 812 3562 1003 945 3249 2056 753 2009 828 982 1830 1925

541 114 65 3 34 184 14 100 10 27 18 131 239 32 76 202 33 316 303 55 17 12 72 42 157 56 21 170 48 585 27 14 264 147 51 56 195 213 599 448 28 11 350 141 167 134 20 566 82 61 147 75 396 24 61 364 17 404 922 59 8 25 16 41 37 40 148 142 86 28 183 304 20 110 178 130 299 707 73 15 13 79 26 73 67 50 17 122 277 282 145 45 141 434 72 52 14 171 5 167 494 29 48 161 33 494 158 86 64 135 88 6 28 45 55 286 158 200 142 538 76 144 128 290 22 18 45 104 222 20 645 625 45 23 153 278 75 365 16 49 31 35 318 253 10 23 230 429 274 10 48 4 21 12 265 96 225 17 344 324 439 42 297 239 286 402 9 225 13 1090 15 229 9 68 21 48 68 134 279 35 119 5 40 55 67 143 10 331 115 17 51 239 20 18 2 375 209 40 36 112
