200 9 1
73 46 80 89 72 74 26 30 1 83 100 71 83 82 50 48 14 45 63 49 76 78 93 14 35 22 79 32 80 27 86 1 90 37 63 82 24 43 18 60 17 89 37 84 44 41 84 18 87 96 14 65 55 8 37 88 98 98 18 47 58 86 46 76 6 12 21 97 88 87 84 12 43 42 39 60 56 68 43 2 33 57 51 2 10 50 71 75 77 74 16 29 19 92 18 36 15 43 93 59 25 63 96 36 46 7 72 43 100 11 86 96 49 54 28 92 93 86 47 15 7 78 33 84 34 25 65 8 85 75 7 36 81 72 3 60 59 55 67 66 37 57 47 14 26 67 100 100 18 87 79 51 40 6 13 61 40 91 68 100 58 35 41 18 40 53 91 29 29 34 41 25 95 35 62 99 69 46 90 1 48 79 79 15 17 27 82 38 65 23 54 1 45 2 27 26 59 98 45 89

11 17 1 8 33 3 1 9 2 5 13 5 2 6 13 17 3 43 1 5 4 4 11 16 26 21 1 19 11 5 17 5 3 3 9 8 22 3 4 1 11 1 17 8 17 30 1 7 10 17 8 19 12 6 18 15 1 14 30 1 2 17 24 4 2 13 5 12 20 22 1 6 17 4 6 5 3 14 1 10 2 15 3 16 2 9 14 5 2 28 2 13 7 10 5 30 5 54 4 45 26 5 1 13 1 2 1 35 1 6 5 29 8 13 6 5 5 3 15 3 4 2 6 5 1 9 1 15 16 1 5 14 18 7 3 2 5 19 9 16 18 15 10 1 4 14 7 2 3 7 45 1 20 10 12 23 61 15 23 13 20 6 10 4 16 27 7 4 4 4 28 1 10 12 4 5 8 11 19 27 16 4 9 7 2 1 12 29 6 1 18 8 17 34 24 2 14 11 5 4
13 26 24 21 49 10 18 9 4 18 47 12 12 22 31 24 5 44 2 40 4 7 24 16 33 33 25 28 18 29 31 42 7 40 14 12 23 12 9 3 11 2 32 28 19 33 5 8 13 31 9 29 37 6 18 17 3 18 34 28 7 44 33 19 8 23 35 27 20 23 11 7 22 11 6 7 13 21 22 12 17 31 12 48 5 18 17 17 5 39 15 15 50 20 8 38 23 54 9 45 26 7 8 15 5 25 17 45 14 26 20 37 32 19 11 13 11 12 24 21 4 24 36 13 11 9 9 22 17 19 9 21 28 11 27 3 17 28 25 21 26 19 23 2 39 42 10 30 14 16 46 13 20 39 15 35 63 17 33 35 26 8 28 6 40 36 25 11 19 20 42 24 18 14 6 10 11 18 25 40 20 11 13 12 20 16 19 30 10 15 19 23 31 40 30 3 19 12 5 6
14 28 30 22 56 25 29 20 15 19 57 18 31 38 34 60 6 57 10 49 19 13 26 19 38 42 35 52 18 44 55 45 16 44 25 30 28 22 10 7 11 25 38 32 37 37 15 17 14 43 20 75 59 19 19 18 20 38 36 41 31 55 33 28 8 31 37 32 28 39 34 34 22 16 13 7 17 26 38 18 29 46 18 50 6 27 18 19 24 43 18 53 57 34 56 48 26 61 9 57 35 12 10 28 11 31 18 55 44 27 31 47 40 24 36 39 23 13 34 45 17 33 49 31 21 33 35 42 50 23 31 50 33 16 55 17 33 29 33 34 32 21 29 13 53 55 14 33 26 23 55 14 36 40 28 43 65 22 40 39 38 35 31 9 51 43 27 20 23 21 48 35 19 18 22 24 11 34 49 48 33 16 27 17 43 37 36 33 26 17 19 36 38 43 33 22 35 18 25 16
22 39 32 29 67 37 48 33 16 49 59 20 59 66 57 78 11 59 11 52 32 34 38 23 42 48 38 52 40 55 56 49 26 45 27 51 43 32 25 19 27 35 72 42 53 43 38 21 47 47 27 76 59 31 26 24 64 62 50 44 33 59 52 37 18 54 41 37 42 45 42 53 29 25 37 16 18 28 44 33 31 57 26 59 7 34 40 34 41 63 19 68 57 54 59 49 36 66 12 66 38 22 22 31 22 40 24 61 59 28 31 52 46 41 47 48 34 19 45 48 35 50 51 38 26 40 43 52 51 34 43 61 49 54 64 54 47 29 38 50 33 24 29 16 69 60 16 44 27 29 58 16 39 55 37 45 83 30 50 39 38 50 53 38 55 64 42 36 28 38 53 39 62 32 28 25 22 36 62 57 36 24 31 23 43 47 39 35 51 31 21 42 65 70 50 47 38 24 51 19
23 45 42 36 77 41 64 38 39 52 66 27 63 67 74 79 27 67 37 66 37 38 43 24 44 49 51 57 42 62 57 53 49 46 29 64 50 40 38 20 35 44 81 55 57 46 55 59 50 48 30 80 63 42 28 26 66 66 75 44 48 62 52 57 21 59 43 53 43 47 57 83 43 35 55 16 31 43 47 36 38 58 34 63 48 41 46 43 55 71 27 72 75 64 69 50 63 82 31 71 62 30 37 44 41 45 28 72 68 35 42 54 51 62 49 55 40 30 56 50 54 55 51 46 33 61 51 62 58 48 54 67 68 54 68 79 73 46 39 70 35 60 47 20 71 79 37 55 30 47 68 28 60 63 39 46 85 51 63 42 62 51 57 41 58 73 42 40 43 42 54 44 69 39 32 32 42 47 62 57 37 28 36 23 68 49 41 51 52 72 38 59 66 73 78 50 42 31 54 28
28 46 47 46 82 44 74 41 48 60 76 40 71 68 79 84 29 74 48 67 52 43 70 33 57 53 57 59 53 63 73 59 55 76 35 78 57 49 56 50 37 60 83 69 67 64 56 73 70 51 61 90 75 45 71 46 69 71 82 66 60 63 54 81 47 60 60 54 66 70 82 89 65 37 61 18 31 44 75 55 39 78 39 63 54 54 62 47 56 82 27 84 80 70 72 55 78 82 33 73 72 40 48 49 62 67 42 73 70 43 44 71 76 64 80 61 52 54 72 59 69 60 61 59 43 72 52 63 68 66 62 74 74 60 76 79 75 61 53 71 38 65 50 37 72 82 57 66 33 70 72 28 64 67 45 48 89 57 71 62 69 57 61 49 70 75 48 56 50 50 59 82 77 45 34 54 46 53 64 62 63 59 52 41 72 52 46 53 60 72 43 65 69 76 86 51 49 53 56 40
53 55 53 54 84 50 86 59 68 78 87 45 83 78 82 84 82 77 54 76 59 82 73 37 69 75 79 65 59 66 77 78 64 80 53 81 67 80 57 63 74 64 88 76 84 66 59 81 75 73 65 91 85 83 84 57 83 80 83 72 67 64 63 84 49 64 68 73 74 73 88 95 68 44 76 44 79 50 82 57 66 86 55 71 57 58 65 66 68 89 37 91 80 72 83 55 80 90 37 84 79 43 62 65 76 68 57 84 70 45 49 73 79 69 85 68 61 98 80 61 71 76 70 61 55 79 61 73 84 69 70 75 83 64 81 85 84 71 67 73 65 84 53 39 77 87 61 80 59 75 79 73 66 71 73 75 89 83 80 65 83 78 62 75 77 78 63 56 51 79 81 84 78 51 36 66 53 69 68 65 64 66 54 61 77 74 57 79 65 77 54 66 71 86 96 62 55 64 74 52
65 63 76 62 88 64 88 74 80 81 88 57 90 95 88 92 84 85 61 87 76 94 76 67 75 97 86 78 65 79 82 85 72 87 53 86 67 92 69 89 81 73 90 81 84 70 85 82 80 79 65 95 85 92 94 78 84 89 87 79 75 67 73 90 84 69 71 84 78 77 94 96 76 49 81 79 89 90 86 68 77 91 68 87 65 65 78 79 81 90 57 94 83 84 92 68 83 96 87 95 84 75 70 70 84 75 78 88 75 57 67 85 81 75 86 84 61 98 96 77 82 81 87 78 66 82 62 95 96 92 81 88 98 65 90 94 90 81 89 74 88 91 66 50 78 89 73 94 67 88 99 85 67 81 73 85 94 92 94 66 95 95 71 84 94 90 82 66 70 81 85 85 91 52 48 76 57 82 69 70 80 80 59 74 85 89 60 91 80 92 56 75 76 90 96 85 60 66 77 55
97 83 86 94 90 90 95 87 94 94 91 91 98 98 95 96 86 87 62 99 91 96 82 73 94 98 88 78 68 81 93 96 98 100 53 86 98 97 81 91 97 100 92 92 89 87 94 96 89 97 80 98 97 99 100 99 97 94 87 80 94 98 99 94 91 79 90 96 94 84 96 98 95 62 87 87 91 99 88 72 84 99 100 100 68 81 93 80 87 94 64 97 97 99 94 72 93 97 95 97 90 94 79 87 98 96 92 90 87 61 95 100 85 75 91 92 95 100 96 81 85 88 94 100 75 92 64 98 97 98 87 94 100 99 91 99 94 96 95 98 95 91 74 53 90 92 99 95 88 100 99 91 91 95 95 95 96 96 94 66 99 100 75 99 96 96 93 67 91 91 97 87 98 98 49 95 64 93 70 90 90 84 93 98 86 92 84 92 85 94 74 89 85 99 99 91 100 99 97 87

82 43 77 63 92 24 74 33 65 8 14 94 88 98 52 73 9 25 99 28 21 52 16 89 65 10 73 87 84 76 41 31 10 52 68 24 93 73 75 31 55 76 68 52 62 74 24 65 67 28 65 6 9 44 72 6 74 80 69 30 80 8 34 15 13 54 69 10 86 54 28 36 80 24 73 96 24 39 13 32 59 89 61 63 91 64 21 69 37 55 37 90 62 10 85 45 33 38 90 65 80 25 34 58 58 52 17 53 46 87 39 87 25 12 44 60 66 21 4 85 52 75 66 71 2 11 72 37 80 45 44 31 76 45 3 9 14 94 74 5 15 81 33 17 39 70 76 58 90 83 66 85 22 8 86 28 75 71 50 44 11 69 2 98 38 45 39 88 53 40 37 28 47 1 39 2 76 17 64 50 10 6 42 53 43 79 98 13 29 67 37 64 17 33 30 10 47 93 37 71

137 665 88 590 98 393 62 663 344 247 141 126 147 133 168 125 205 641 101 131 455 359 500 947 721 960 210 299 459 36 826 264 132 179 240 99 55 312 26 974 20 720 209 327 302 389 151 184 200 191 177 1419 122 521 40 236 381 345 24 230 173 117 152 236 422 53 402 445 89 516 551 27 1501 50 237 145 151 69 69 28 213 74 73 143 56 190 782 246 476 371 95 184 78 182 647 121 67 355 120 138 271 242 1283 86 218 178 83 221 197 169 197 311 114 327 413 217 121 563 281 302 133 92 54 284 884 359 678 230 107 271 242 114 185 178 172 307 104 345 314 81 165 73 198 14 121 100 163 181 646 296 131 68 285 329 267 208 61 188 71 222 1049 49 245 1689 413 144 199 953 145 67 394 240 120 252 105 485 82 425 510 757 236 169 209 82 126 876 140 556 221 288 387 134 76 359 42 169 128 237 60 395
181 738 356 1282 128 477 264 718 600 367 292 158 549 377 346 154 275 829 283 387 680 399 522 1738 728 1183 373 793 691 58 948 391 141 201 759 519 119 1073 476 1286 505 893 302 451 405 418 230 396 312 334 231 1591 331 946 86 300 702 399 27 1465 222 311 1241 561 432 232 736 576 241 700 1080 264 1538 97 1108 572 259 401 189 194 463 80 92 407 451 292 1168 277 482 694 247 274 208 183 1034 263 100 532 264 379 361 793 1353 136 496 242 95 430 257 333 379 362 353 689 479 348 250 622 432 346 423 199 215 418 918 474 847 1082 248 367 365 163 645 239 405 928 285 591 529 81 249 206 316 23 660 437 177 397 962 522 140 80 459 447 297 1320 122 217 149 238 1876 51 672 2815 760 237 339 1036 216 114 1540 755 642 295 112 527 214 461 747 925 275 274 426 198 247 1114 1334 636 1281 324 414 316 183 398 68 1763 148 271 77 1062
278 748 508 1471 134 700 380 1335 952 375 425 428 561 481 641 220 456 833 420 511 868 446 683 1960 1290 1190 440 933 761 208 1073 421 536 327 1114 607 181 1121 604 1306 1205 931 619 622 1334 491 492 507 820 425 273 2047 444 1283 134 319 961 666 849 1741 252 575 1373 630 477 434 1425 661 306 720 1223 317 1841 255 1616 652 288 419 412 648 533 142 145 461 861 316 1234 552 556 718 317 384 214 217 1818 1090 513 1312 674 445 433 1354 1517 144 519 338 162 445 294 417 633 477 989 1556 840 431 338 939 677 463 1003 489 314 898 1069 681 1106 1620 688 388 1897 473 665 1096 433 995 373 719 744 209 519 523 383 285 846 455 242 461 1347 587 305 80 499 750 386 1593 199 277 241 304 2600 81 743 3350 1010 336 629 1556 253 128 1578 893 655 575 221 885 271 800 829 1342 321 320 740 287 309 1248 1663 1663 1424 879 457 552 259 410 392 1809 333 581 83 1707
305 888 701 1523 652 724 384 1698 1427 532 636 435 612 570 1084 297 503 1170 511 1297 945 457 728 1974 1312 1775 1595 947 916 308 1589 759 598 413 1893 1513 269 1762 647 1320 1577 1080 647 1055 1668 663 577 512 1015 440 293 2451 626 1826 455 342 1157 858 979 2176 434 711 1877 659 621 650 1487 757 483 867 2511 370 2496 411 2178 1133 313 691 422 836 686 164 261 619 1628 560 1508 785 666 1078 411 514 237 289 2538 1166 574 1765 1128 452 700 1436 2024 517 599 384 242 616 309 521 1029 613 1621 1655 1472 582 436 1070 996 480 2816 510 496 986 1236 792 1151 1689 2114 447 2583 696 861 1164 876 1232 504 1122 924 334 527 582 642 328 893 530 388 540 2085 656 461 133 512 816 414 2400 401 371 409 393 3191 126 774 3535 1088 510 708 1696 286 247 1981 1101 800 693 232 951 364 1088 1042 1647 395 335 1331 296 358 1357 1829 1954 1592 1337 505 621 268 722 514 2059 977 884 128 2285
724 1013 2106 1718 666 950 468 1724 2354 773 715 687 657 1065 1124 319 608 1253 687 2381 946 963 940 2474 1329 1852 1780 1128 1229 462 1608 830 599 422 2005 2399 533 1862 812 1574 3318 1221 864 1280 1800 685 1091 761 1029 572 543 2879 900 1959 631 1582 1783 906 1080 2584 451 781 1994 683 708 985 1606 779 907 921 2737 413 3025 704 2384 1166 446 766 574 1330 939 327 289 809 1947 716 1948 812 714 1230 578 1391 260 508 2844 2278 674 2503 1300 486 1039 1466 2166 584 715 484 398 1158 318 526 1112 666 2688 1932 1496 820 544 1074 1201 966 2828 752 543 1065 1396 880 1260 1724 2218 587 2639 719 1015 1537 897 1393 538 1473 1005 376 796 661 659 384 1000 594 792 719 2090 794 537 196 535 1155 457 2841 615 396 780 498 3222 350 795 3661 1293 562 1141 2142 522 449 2164 1314 1687 883 357 1648 417 1121 1174 2119 568 536 1373 390 464 1546 3044 2023 2182 1455 549 1174 515 785 577 2366 1074 1148 304 2416
854 1096 2536 3326 722 994 672 1729 2398 780 811 739 706 2265 1164 400 747 1439 738 3017 1133 1037 1069 3019 1414 2080 1847 1152 1493 484 1707 930 778 584 2645 2929 699 2175 819 1831 3430 1424 1204 1881 1903 876 1299 870 1068 580 624 2995 1251 1971 973 1747 2608 981 1328 2689 460 791 1998 716 1164 1117 1844 855 931 1672 2792 492 3276 757 2715 1570 556 775 647 1489 1024 337 356 811 2118 855 2360 953 741 1407 701 1616 303 518 2982 3232 692 2929 1378 616 1360 1543 2308 585 812 595 595 1219 334 528 1257 729 2950 2476 1708 978 624 1077 1250 1104 3287 801 579 1131 1528 1649 1536 1829 2961 672 2742 1277 1074 2758 1073 1876 795 2021 1327 428 916 700 1200 396 1082 798 947 767 2108 801 598 1480 824 1265 481 2858 653 493 864 581 3384 405 1103 3678 1433 690 1293 2673 525 475 2332 1342 1790 1268 372 1766 780 1172 1182 2187 795 605 1451 538 667 1878 3093 2026 2951 1563 726 1388 553 2236 667 2437 1353 1359 594 2813
867 1534 2779 3656 797 994 894 1736 2856 866 911 811 792 2817 1169 505 795 1736 965 3749 1253 1941 1276 3534 1519 2501 3468 1528 1564 636 1933 1744 944 752 3432 3402 854 2876 949 2641 3614 1626 1215 1924 1946 925 1780 947 1619 944 823 3487 1324 2060 1409 1791 3207 1120 1367 2872 476 1425 2517 733 1393 1185 2417 962 1035 1851 3100 691 3555 794 3310 1731 1169 979 812 1567 1127 351 625 912 2554 956 3158 1410 770 1446 778 1684 364 521 3183 3334 832 3066 1712 706 1423 1876 2995 641 835 711 630 1243 476 841 1602 843 3078 2915 2578 1121 825 1261 1331 1312 3336 1197 615 1327 1682 1683 1588 2793 3571 688 3220 1419 1240 3284 1309 2148 848 3131 1405 638 957 901 1399 443 1519 963 952 772 2714 880 635 1638 896 1272 553 3503 664 678 1716 661 3450 463 1365 3810 1789 816 1399 3455 604 781 2358 1387 3096 1467 401 1850 907 1290 1275 2392 981 656 1470 581 820 2296 3145 2829 3276 2127 814 1393 678 2832 686 2729 1879 1687 671 3413
891 1793 3526 3735 847 1005 971 1797 3263 958 925 888 805 3325 1493 621 975 1858 983 3875 1525 1999 1428 3670 1776 3130 3510 1566 1962 764 2827 2883 968 761 3469 3834 857 3033 980 3069 3696 1661 1636 1930 2044 993 1861 952 1805 1038 920 3619 1797 2513 1757 1932 3844 1620 1431 2938 714 1483 3623 894 1738 1762 2912 988 1063 1896 3388 726 3782 800 3324 1909 1679 990 877 1954 1276 404 689 917 3407 1115 3209 1501 875 1555 924 1700 573 722 3257 3444 962 3334 1772 1536 1497 1986 3117 859 902 781 656 1343 735 889 1914 971 3288 2935 3472 1124 1031 1282 1522 1556 3593 1469 656 1698 1891 1756 1769 2982 3632 784 3242 1532 1435 3385 1466 2312 905 3522 1687 968 977 936 2206 666 1602 988 993 792 3366 949 851 1858 917 1681 665 3548 713 738 1807 667 3593 585 1545 3996 2075 979 1528 3472 903 850 3088 1430 3439 1891 488 1912 980 1991 1365 2705 984 701 1759 767 916 2472 3519 2873 3589 2464 895 1491 1034 3137 709 2854 2069 1891 749 3824
923 1974 3849 3955 1065 1058 979 1808 3794 1039 1073 931 908 3497 1945 729 982 1919 1024 3890 1844 2051 1652 3801 1828 3958 3842 1609 2047 878 3383 3977 1040 989 3806 3835 934 3690 986 3360 3720 2018 1656 1967 3942 1016 2047 956 2009 1090 958 3987 1894 2612 1906 1947 3908 1717 1537 3077 918 2037 3671 917 1987 1784 3180 1057 1084 2067 3672 817 3842 803 3395 2048 1871 999 952 1965 1521 1021 898 934 3501 1754 3610 1751 934 2006 1575 1843 689 740 4006 3871 963 3506 1772 1550 1750 1998 4042 984 962 886 703 1435 868 911 2026 1059 3377 3188 3475 1655 1044 1477 1637 1682 3893 1903 997 2013 2023 1779 2023 3739 3969 997 3277 2003 1506 3777 1766 3913 932 3774 1702 988 1035 962 3842 917 1948 1053 1063 1041 3808 1038 1029 2026 963 1711 949 4007 1006 783 1902 799 3911 855 1551 4006 2991 1037 1604 3731 943 891 3238 1549 3452 2011 876 2006 1054 2007 1507 3301 1006 965 2070 826 947 3294 4003 3329 3868 3053 966 1944 1038 3420 946 3596 3537 1990 807 3997

104 147 9 207 13 352 56 496 250 121 66 73 55 43 77 73 160 478 74 53 183 110 344 214 405 590 76 247 302 23 411 39 131 14 198 33 10 43 20 677 12 564 109 237 192 136 121 74 5 131 11 1252 11 260 11 218 288 186 2 100 114 40 77 160 296 44 30 403 23 348 352 24 263 17 41 58 137 53 18 16 27 20 51 92 13 150 311 118 253 273 77 64 3 91 437 43 27 45 25 53 208 81 368 80 51 168 32 142 191 11 134 117 72 206 293 185 18 4 51 144 50 2 14 162 381 345 596 214 36 71 54 10 149 35 96 17 34 234 257 47 21 69 100 2 18 38 12 45 197 129 3 8 217 236 225 11 1 19 61 41 198 31 194 1493 139 124 116 31 20 33 359 79 25 69 23 114 43 401 371 505 94 19 109 34 73 682 41 410 194 131 222 29 13 55 34 44 23 130 11 280
