200 9 1
23 13 50 42 68 1 11 57 67 81 29 78 47 32 84 1 25 11 52 1 21 4 48 72 34 45 38 42 79 47 39 41 54 64 7 59 30 72 81 20 54 63 92 12 86 31 32 29 46 41 23 82 48 32 56 58 23 96 63 21 82 24 57 50 47 98 8 36 99 9 70 23 42 56 57 58 38 30 40 29 5 86 42 3 31 86 79 61 84 43 81 52 8 94 59 26 56 64 72 82 26 58 38 75 57 87 14 3 35 70 76 65 29 94 6 36 9 16 94 71 89 7 18 41 76 90 7 3 63 67 9 64 40 38 72 95 37 53 100 43 97 19 98 30 33 54 69 27 83 57 38 61 69 2 78 56 92 67 71 35 71 12 56 23 87 37 13 12 88 39 48 48 88 15 62 65 28 64 66 77 46 19 87 33 58 59 33 6 40 42 44 38 70 95 55 87 38 48 93 98

22 3 16 3 8 7 3 4 23 4 17 15 1 17 17 12 15 10 13 15 3 3 4 3 18 6 52 21 17 11 17 15 2 5 2 38 11 5 16 18 15 16 12 17 26 10 1 1 6 17 17 16 1 7 13 18 30 14 4 8 21 11 17 15 2 2 4 4 1 10 5 2 14 15 3 4 27 5 4 5 6 8 33 15 10 18 2 6 18 34 8 9 8 3 16 21 19 4 7 1 6 23 13 11 4 5 2 4 2 7 2 10 3 1 2 7 5 13 8 21 6 4 1 10 9 3 2 13 13 7 1 15 13 4 2 8 6 30 6 10 8 18 12 1 19 22 32 1 1 5 5 19 8 5 16 1 5 20 16 21 12 1 3 33 2 1 1 7 2 6 7 2 16 1 20 8 16 8 2 1 9 14 5 1 6 27 13 10 2 36 3 9 1 7 2 17 1 12 7 2
27 12 23 5 22 21 17 9 39 11 27 17 13 25 19 24 29 15 27 16 10 7 8 43 20 29 59 44 46 18 26 16 4 25 5 48 27 8 27 26 19 40 40 18 28 13 4 2 13 38 22 68 22 7 34 19 32 23 9 18 50 12 35 18 10 12 11 32 3 13 6 14 23 28 11 7 31 9 10 7 11 8 41 21 36 25 3 11 24 36 8 15 9 5 31 26 22 11 22 16 21 37 23 31 34 5 11 18 11 20 25 19 6 8 10 9 10 22 12 32 7 28 2 11 21 9 3 20 14 26 10 22 46 17 23 21 20 59 56 42 45 52 34 6 32 22 51 30 4 17 11 39 29 10 21 14 23 24 23 29 36 4 14 44 11 11 8 10 5 26 34 12 16 6 25 11 26 12 26 12 25 28 7 8 6 37 20 16 6 53 9 9 4 9 12 20 2 12 37 8
38 33 37 25 38 44 41 13 51 31 33 33 38 33 48 29 31 18 29 36 23 21 28 55 38 39 73 44 54 34 45 29 20 27 15 57 28 12 33 40 27 51 45 30 31 18 9 5 57 48 27 77 24 51 39 28 33 33 18 20 60 48 44 51 14 33 25 57 7 23 14 19 29 30 32 17 31 11 40 10 31 16 42 28 50 32 15 12 26 42 50 28 12 7 54 27 26 34 25 22 22 37 48 41 36 9 31 20 21 28 28 24 34 14 37 41 13 37 27 39 15 31 14 12 23 20 8 20 41 30 39 56 51 17 38 23 31 59 64 49 49 53 37 29 34 29 51 42 5 20 13 45 32 25 21 35 32 33 46 43 57 12 35 44 13 17 19 18 9 29 36 14 20 9 48 53 35 32 44 44 30 38 24 33 16 42 43 19 6 59 16 11 16 18 23 23 23 19 41 21
50 64 65 26 56 44 62 13 54 32 46 38 57 38 49 47 32 24 49 55 36 57 35 60 40 46 79 47 57 37 45 31 27 38 23 59 42 12 35 41 58 59 46 45 45 26 20 39 69 49 30 85 43 52 42 32 34 33 29 26 65 48 48 53 16 46 55 69 11 34 17 29 43 44 48 22 37 20 43 22 38 28 60 43 58 39 33 30 49 45 64 28 20 7 54 46 45 57 26 29 38 41 51 61 46 26 31 50 30 50 52 25 61 16 41 43 18 40 40 52 22 39 26 16 41 31 15 41 56 36 63 61 54 24 56 53 45 75 77 65 60 55 54 33 44 32 59 44 5 43 18 51 38 34 40 35 65 58 47 56 68 12 40 54 17 60 26 25 16 38 62 23 27 25 55 54 35 34 47 45 38 43 29 38 18 44 45 50 9 71 47 16 19 19 42 44 39 39 49 29
53 64 78 34 63 46 73 29 56 40 57 42 59 53 50 47 68 34 63 57 45 63 38 73 47 55 80 51 67 37 46 32 34 45 36 74 61 18 37 51 68 80 57 47 50 48 21 40 73 61 46 87 46 59 54 72 35 43 38 37 70 53 55 72 40 48 58 71 14 43 20 34 66 54 50 30 39 28 44 34 57 45 67 62 64 52 46 38 58 51 71 36 41 13 58 64 62 63 28 52 39 57 55 65 47 34 48 57 47 52 54 37 68 28 45 51 19 57 41 57 29 65 29 54 42 48 16 49 59 60 70 74 57 28 60 67 49 76 77 81 62 67 71 61 78 38 72 45 8 66 41 52 44 49 40 46 70 93 57 62 73 18 41 60 35 64 36 43 29 53 77 32 28 29 63 56 35 35 62 48 46 61 32 62 27 45 48 62 20 75 86 61 25 21 71 57 41 47 64 53
61 67 85 48 86 82 78 35 57 67 60 79 66 57 72 57 70 48 72 64 46 67 48 82 53 68 86 65 71 69 54 66 41 55 42 75 67 20 45 62 69 86 57 52 51 54 31 78 75 63 79 88 48 68 56 84 41 63 48 42 79 65 72 77 51 75 74 73 16 47 22 39 70 70 50 33 56 64 52 36 65 49 80 63 73 58 51 72 61 56 79 41 84 25 63 73 62 66 37 57 69 60 56 71 52 39 57 60 53 53 72 64 79 36 76 57 34 61 66 63 35 72 48 58 53 54 41 52 66 61 70 79 62 28 71 81 57 77 80 81 65 73 74 64 82 68 79 47 10 69 60 57 72 63 71 60 77 93 61 70 76 21 45 70 50 71 47 56 43 75 81 45 33 30 78 71 51 58 64 51 49 68 56 66 75 48 75 67 33 81 88 70 28 57 79 81 63 50 87 57
63 76 87 86 90 85 80 58 68 78 63 83 72 72 73 70 82 52 88 64 59 72 51 86 64 81 87 66 77 74 59 81 58 70 72 77 70 27 48 91 75 93 62 65 57 69 39 79 79 64 92 94 62 71 76 88 76 84 73 51 81 73 73 89 56 81 82 89 21 49 26 55 79 72 55 35 63 96 62 57 67 66 86 67 76 79 56 90 90 71 86 53 95 26 65 79 67 77 53 60 72 66 76 86 73 55 78 63 70 63 77 73 81 50 78 60 34 62 74 74 36 88 59 63 55 77 56 60 83 72 72 85 69 43 85 85 71 81 81 83 69 76 75 64 92 69 81 59 33 72 65 79 75 68 76 71 78 95 88 75 85 62 61 71 55 94 78 58 70 83 81 46 39 34 92 82 68 67 68 54 64 73 64 66 77 53 84 71 40 84 90 80 61 57 83 86 73 86 88 67
71 77 98 95 97 86 91 69 79 81 76 88 78 83 78 89 95 83 93 68 77 92 58 98 66 86 94 73 83 76 62 83 70 82 94 91 81 79 69 95 90 95 63 84 74 73 66 81 87 76 96 96 70 87 81 93 78 86 82 70 81 74 79 89 75 82 95 90 65 93 61 60 94 77 86 67 64 96 70 60 73 86 90 69 77 79 94 97 91 72 91 55 96 28 89 90 83 92 70 66 84 80 79 86 85 62 88 88 84 64 92 84 83 84 79 71 49 73 83 75 70 89 65 68 58 77 61 66 87 77 72 87 83 71 96 93 87 89 83 89 87 78 89 79 93 81 87 67 41 81 75 90 81 82 84 75 94 97 94 84 88 80 76 78 69 98 81 62 84 87 83 50 73 34 96 93 68 88 90 74 81 91 77 74 79 60 89 76 71 88 92 83 84 64 95 96 97 88 89 76
77 79 100 96 98 100 93 91 88 85 88 96 98 95 94 98 96 93 98 68 79 96 71 100 87 91 95 94 88 76 72 87 97 98 100 96 89 85 74 99 95 100 98 99 96 86 97 87 94 93 98 98 76 89 83 96 80 93 88 82 86 78 84 97 78 86 100 99 95 98 65 75 95 88 89 75 69 97 88 89 73 93 96 93 97 94 100 97 94 92 92 93 97 71 91 100 89 95 74 97 94 98 81 92 86 75 93 97 97 100 97 89 86 94 99 84 93 92 86 93 83 89 71 86 68 81 100 71 90 83 73 95 99 83 100 94 90 93 98 90 100 80 90 94 98 86 99 91 85 85 100 92 83 97 99 91 99 98 99 95 96 84 87 84 96 98 100 74 85 88 97 69 94 58 96 99 82 90 95 100 84 98 84 94 97 64 98 93 99 90 93 97 90 95 95 96 100 89 90 93

48 19 78 10 59 90 65 9 55 76 71 58 47 60 51 57 72 42 71 72 88 94 33 23 33 99 32 19 31 15 77 89 44 41 63 68 40 11 52 19 30 37 95 18 70 80 96 81 8 30 68 64 3 27 46 82 14 92 59 88 30 87 53 80 84 99 93 87 97 49 90 53 57 12 54 8 66 93 52 70 40 48 88 17 71 15 32 60 82 74 74 88 32 89 59 73 8 26 48 8 94 45 36 84 39 4 55 64 83 79 78 91 52 74 30 25 25 99 25 73 17 3 38 68 34 74 34 22 76 47 25 56 38 38 84 66 88 45 86 38 82 44 100 78 2 10 17 53 53 31 98 39 83 80 32 21 19 77 37 21 66 72 10 39 50 54 23 56 15 96 81 6 34 92 47 52 10 26 33 70 50 90 100 90 33 93 20 63 80 26 83 63 78 77 24 13 14 77 62 49

781 149 189 299 205 250 173 161 519 150 109 114 195 930 349 167 262 212 293 356 67 48 287 174 81 223 140 55 128 227 41 1245 98 312 74 205 512 402 136 28 86 221 379 37 692 438 614 56 416 329 131 133 537 263 58 108 235 521 342 261 469 525 126 50 146 259 99 195 505 65 605 630 1716 142 147 268 111 386 48 125 143 109 132 296 43 424 358 340 296 732 91 255 35 157 112 333 1556 247 516 87 261 258 742 77 433 125 66 50 459 478 221 343 1347 106 439 83 456 37 192 444 170 482 753 283 584 482 320 92 82 195 689 657 326 116 80 105 130 257 109 110 429 36 239 199 616 190 151 1754 132 100 70 356 273 189 400 530 119 865 151 36 317 1176 116 135 291 296 134 82 111 100 53 55 328 30 65 136 131 150 80 102 105 87 295 418 104 231 276 28 74 127 53 82 262 366 209 98 87 339 311 276
1096 1204 282 489 211 256 357 932 696 297 552 174 565 1632 729 451 315 213 306 699 81 235 288 237 977 285 160 114 201 418 73 1260 183 468 224 298 763 528 189 147 186 308 480 323 697 650 906 57 892 788 415 167 945 534 64 193 943 831 471 438 621 780 189 119 409 264 170 349 651 478 1599 690 1738 532 199 392 160 443 213 143 290 777 516 327 70 1012 514 1766 709 856 231 797 170 196 294 346 1651 340 538 484 574 719 1039 110 622 211 68 249 636 546 599 501 1791 512 562 113 686 437 692 1210 287 945 869 363 702 1036 542 494 128 219 791 1091 1132 159 178 326 332 313 598 243 518 384 754 657 845 278 178 2184 135 276 168 517 304 337 415 545 148 1046 186 802 1078 1954 161 858 361 920 704 178 1124 156 304 601 634 66 138 308 685 398 320 122 798 157 468 436 321 947 373 262 313 210 311 232 774 408 405 396 473 736 963 561
1712 1430 331 737 304 292 412 1040 1655 514 634 286 734 2261 1708 898 338 652 456 924 210 250 428 315 1002 293 254 139 925 448 210 1398 326 934 361 381 773 622 315 251 344 393 552 1065 947 759 1116 127 1169 1204 546 180 1293 642 350 364 1046 1632 515 456 755 1312 194 360 491 387 186 363 833 1086 2114 999 2227 736 1128 434 243 599 457 369 409 827 708 328 1309 1261 644 2108 1699 931 264 1175 205 541 1707 411 2152 1069 617 862 1343 1601 1145 200 657 409 206 316 696 596 949 562 1804 634 863 146 1063 587 772 1488 374 1536 930 401 713 1054 848 564 132 290 796 2425 1335 463 283 639 844 454 1053 317 622 686 1145 800 979 470 371 2529 152 529 409 550 1397 1166 463 638 235 1195 763 1200 1152 2231 279 1482 694 1448 954 192 1318 308 856 813 746 189 462 376 691 720 503 271 898 370 826 1596 392 1031 445 459 1299 249 377 505 917 419 422 523 1049 804 2174 689
2019 1651 337 876 348 302 498 1372 1993 601 669 455 1143 2753 2455 1677 450 685 740 931 460 306 670 553 1252 342 1532 157 1278 712 317 1559 489 934 631 445 883 662 436 338 443 396 728 1093 953 827 1322 147 1672 1320 642 210 1629 678 410 368 1175 2247 678 565 850 1527 238 381 850 1057 200 878 914 1690 2114 1080 3466 842 1306 572 338 821 468 397 694 922 1451 410 1519 1826 1394 2179 1723 1435 560 1347 383 626 1710 413 2720 1149 1497 935 1772 2328 1432 212 861 420 387 518 1375 733 1196 580 2373 856 2878 232 1139 880 1102 1936 395 1698 1322 548 721 1094 1033 1341 215 381 1746 2520 1560 485 385 1105 1024 902 1268 364 715 1158 1641 838 1389 481 442 2766 307 739 517 1563 1564 1341 478 654 352 1705 822 1245 1363 2549 358 1703 1012 1463 982 597 1435 598 1392 1082 752 265 463 376 773 924 564 396 1550 741 869 2014 414 1377 507 489 1809 331 434 1078 1449 573 649 525 1120 934 2600 1213
2549 2389 373 1091 372 377 507 1380 2157 610 776 538 1289 3036 2998 1768 660 791 971 1892 497 837 721 559 1276 768 1977 177 1931 834 482 1628 590 1486 699 488 1060 970 645 796 683 560 944 1593 1397 1271 1382 324 1698 1573 921 497 2753 836 572 445 1336 2643 966 615 1132 1880 250 505 1193 1254 427 907 1248 2301 2778 2076 3585 950 1606 669 444 1045 973 417 792 1366 1613 639 1782 1923 1500 2370 2435 1595 967 2440 395 740 1927 591 2940 2216 1529 969 2738 2551 1751 243 1172 568 585 565 1495 753 1621 643 2918 952 3181 532 1977 1281 1356 2143 558 1929 2526 595 864 1238 1094 1534 364 948 2043 2640 1593 550 473 1159 1443 1450 1297 415 754 1611 1804 887 1777 621 475 2988 475 754 523 1867 2178 2164 641 948 360 1722 849 1318 1377 2613 473 1951 1049 2055 1214 666 1477 715 1992 1212 1021 303 711 470 904 968 571 615 1968 789 946 2690 439 1618 654 578 1863 355 641 1163 1545 582 1089 678 1152 1030 2670 1330
2583 3460 613 1202 435 397 702 1380 2239 678 841 783 1606 3098 3032 1959 708 979 1603 2133 747 843 812 715 1384 942 2039 454 2893 1048 676 1828 660 1695 859 810 2273 1053 666 811 763 740 1509 2418 1487 2347 1601 339 1715 2332 938 669 2820 927 591 664 2215 3316 1073 681 1300 2246 318 670 1239 1368 741 1208 1516 2423 3074 2507 3597 970 1609 675 666 1080 1059 557 1125 1523 2422 1258 2189 2770 1999 2544 2857 1929 1099 3172 539 850 1970 598 3050 2379 1907 970 3356 2689 2037 331 1375 625 634 598 1619 836 2115 644 3156 1194 3227 568 2087 1314 1663 3047 1190 2513 2530 635 923 1612 1217 2283 473 1150 2355 2701 2227 630 603 1178 2055 1579 1476 430 767 1705 2143 1136 1956 1113 527 3096 480 810 575 2035 2322 2785 691 1754 369 2277 1135 1353 1483 2751 516 2506 1453 2309 1283 796 1518 732 3235 1410 1354 336 872 498 1829 971 614 655 2164 1486 2827 2858 739 1974 728 622 2234 374 746 2344 1685 597 1603 701 1189 1267 2884 1467
2731 3770 627 1471 580 712 760 1521 3434 785 886 858 1651 3190 3734 2032 763 1447 1873 2621 780 860 908 1242 1552 988 2088 636 2964 1886 931 1912 675 1830 922 942 2433 1410 707 840 855 886 1576 2809 1641 2436 3158 645 1810 2571 982 746 3852 1719 717 867 3038 3785 1244 720 1362 2674 441 828 1362 1575 813 1214 1693 2771 3096 2889 3840 985 1679 780 816 1236 1200 566 1334 1634 3516 1258 2356 2875 2397 3171 2862 2444 1639 3394 651 1164 2091 625 3641 2700 1916 1110 3447 3803 3491 659 1696 684 657 670 1733 842 2530 676 3428 1358 3412 581 2256 1334 1670 3192 1227 2790 2818 814 960 1903 1370 2663 779 1832 2843 2816 2369 737 789 1543 2222 1647 1481 513 803 1897 2401 1373 3688 1236 596 3224 785 829 649 3093 2357 2953 924 1918 374 2574 1287 1373 1491 2845 825 2772 1454 2826 1641 993 1737 785 3657 1666 1723 690 883 1250 2308 1317 704 664 2507 1703 2980 2945 893 3366 798 631 2457 414 826 2554 1689 902 1892 1418 1335 1289 3465 1711
3678 3858 671 1887 730 733 780 1652 3521 861 1014 1012 1849 3247 3914 2541 837 1663 1913 3268 808 952 958 1425 2004 1079 2782 688 3269 1964 1211 2014 846 1963 970 981 2609 1551 969 912 905 944 1584 3312 1724 2579 3178 860 1937 3064 988 871 3936 1789 837 1013 3600 3810 1767 836 1505 2780 477 918 1875 1871 851 1627 2049 3569 3264 3023 3852 997 1974 797 979 1312 1781 593 1538 1918 3915 1344 2936 2987 3123 3564 3395 2648 1995 3876 677 1743 2460 631 3978 3002 1953 1357 3531 3849 3493 876 1763 877 781 854 1753 928 2853 755 3931 1643 3454 821 3534 1521 1839 3405 1318 3723 2894 859 1018 3413 1594 2991 896 1935 2921 2942 2521 896 991 1645 2491 1995 1514 767 954 1935 2406 1771 3903 1431 604 3532 987 973 701 3343 2685 3195 1042 1960 579 3674 1330 1611 1520 3641 929 3338 1897 2953 1795 1407 1761 785 3715 1689 1751 761 969 1461 2721 1869 954 899 3331 1744 3495 4002 1036 3403 881 710 2626 514 937 2963 1936 987 1935 1615 1528 1623 3678 1880
3932 3940 928 1971 909 883 781 2005 3748 1078 1021 1069 2031 3393 3997 2789 1014 1931 2398 3708 1011 962 998 1820 2008 1314 3917 820 3484 1979 1393 2017 921 1990 997 1014 3310 1803 1057 973 915 1022 2075 3318 2001 3092 4004 974 1959 3263 998 1081 3952 1917 971 1024 3858 4038 1866 896 2073 3890 778 990 2046 1984 994 1868 2072 3855 3532 3051 3879 1050 2055 995 1010 1565 2028 967 1799 2036 3951 1568 3029 3943 3917 3896 3838 3245 2023 3907 818 2901 2666 660 4021 3966 2038 1977 3637 4033 3994 922 1952 935 969 998 1793 950 3959 1062 3997 1935 3968 926 3819 1949 1842 3830 1838 3911 3215 1040 1052 3517 1968 3978 934 2014 3165 3133 2649 1037 1022 1710 2912 2900 1604 847 1071 2001 2746 1822 3936 1619 934 3712 1049 989 734 3572 2943 3999 1354 2050 1012 4063 1563 1873 1852 3803 994 3806 1927 3583 1875 2000 2041 972 3985 1885 1827 942 1005 1934 2733 1892 1052 903 3668 1995 3923 4013 1056 3593 1029 937 3745 826 949 3038 1957 1091 1935 2085 1806 1948 4012 1926

56 89 151 100 4 211 140 44 417 73 99 83 152 390 122 62 102 144 109 142 24 19 226 166 44 182 121 30 45 141 6 939 27 33 32 51 41 285 26 7 41 6 330 35 594 319 23 21 170 72 26 66 245 83 53 86 171 269 57 91 409 476 6 11 54 101 25 147 230 16 264 322 142 86 15 57 14 299 20 72 9 28 111 230 32 199 351 65 90 265 60 197 13 25 3 280 111 96 180 29 54 127 264 53 408 86 9 31 281 148 113 238 870 104 236 62 357 12 183 430 60 309 559 123 3 437 12 83 16 187 657 577 264 103 56 90 18 195 71 35 111 2 134 135 39 92 145 761 113 8 68 43 103 49 76 14 97 763 150 35 105 959 42 121 49 185 87 27 56 86 13 6 212 20 57 69 97 81 31 93 29 10 101 384 23 27 143 25 20 93 36 78 34 198 198 34 4 111 239 62
