500 3 1
47 68 14 66 64 90 14 84 66 76 94 67 13 12 70 6 80 71 72 46 78 13 22 1 91 41 91 54 1 93 80 53 54 59 16 85 11 85 79 78 73 22 19 82 1 32 64 5 36 90 57 21 65 76 85 69 12 12 4 87 97 99 49 34 27 47 75 31 37 7 55 58 94 45 100 78 20 71 14 46 77 49 86 100 51 82 96 67 50 88 8 70 6 53 70 17 88 21 67 94 6 79 77 77 67 63 13 74 89 20 69 60 87 93 65 60 90 21 43 63 78 39 32 99 42 6 1 46 57 52 73 59 34 4 45 33 35 79 24 57 44 38 85 25 61 21 29 83 73 25 44 10 66 11 52 93 63 73 73 2 3 34 60 84 21 25 72 64 93 82 46 30 35 10 69 27 7 20 14 81 88 61 62 43 68 14 29 86 68 43 27 44 21 76 51 17 94 49 62 13 56 44 80 73 49 81 64 55 92 5 19 59 49 5 84 81 98 46 33 93 64 20 64 28 71 12 46 28 100 76 78 91 68 36 68 54 50 34 51 76 52 23 9 70 19 46 37 6 65 43 68 12 27 94 29 80 22 40 84 100 96 24 70 51 16 38 44 11 12 21 89 97 4 36 11 51 6 54 48 49 62 100 14 95 13 85 68 92 6 12 6 66 29 7 6 37 68 41 60 62 64 31 74 56 2 5 52 1 4 17 85 57 17 92 47 12 77 57 97 28 94 77 3 22 81 9 9 99 99 22 40 17 54 76 55 25 55 71 46 58 74 40 52 45 85 40 69 43 74 66 54 64 96 95 9 82 12 59 64 38 8 54 71 21 34 62 43 9 77 95 2 72 77 69 67 65 43 62 48 66 6 72 20 45 10 79 67 35 66 17 77 47 47 16 97 83 88 47 5 87 16 86 11 23 60 96 17 10 18 94 9 69 52 1 37 60 82 81 21 71 94 17 15 49 5 13 4 23 15 72 67 38 31 85 64 84 4 69 25 79 35 98 50 3 64 72 100 43 45 31 91 57 41 20 38 65 19 16 95 21 19 84 100 63 83 76 4 38 75 46 63 100 97 86 35 52 16 28 72 68 53 38 75 23 99 82 4 98 86 7 25 86 5 35 37 49 73 3 35 88

9 14 7 3 10 31 13 10 7 69 2 41 22 3 10 24 55 5 21 12 9 67 32 31 68 10 14 53 7 54 1 16 2 12 18 7 41 48 12 12 2 32 43 9 5 12 18 67 21 20 2 29 22 7 38 49 76 6 62 69 14 22 18 34 1 32 6 24 42 47 38 26 11 31 43 34 12 38 15 68 48 39 17 45 15 44 16 37 8 44 1 7 35 25 28 15 63 10 10 6 28 41 23 32 46 18 57 18 3 25 41 33 46 3 18 30 25 2 24 17 7 18 7 14 3 1 17 36 46 2 9 11 22 32 14 10 2 1 28 20 10 34 24 16 44 11 29 35 40 17 32 40 71 51 45 38 27 11 20 8 11 3 10 8 26 45 33 6 40 3 15 6 6 17 8 12 10 21 50 46 47 9 20 18 8 27 2 8 51 55 6 3 33 1 35 36 14 12 17 32 35 29 41 32 18 74 52 6 25 48 49 58 27 9 3 38 34 33 20 34 9 4 54 27 5 15 17 49 22 65 18 14 4 6 3 9 12 35 43 36 13 7 3 23 7 11 19 18 39 20 10 3 22 19 11 20 5 17 6 12 5 64 72 79 23 51 20 41 85 36 9 6 10 23 30 23 12 6 55 56 9 27 5 22 78 1 40 7 2 28 2 50 79 37 38 60 35 13 6 31 13 8 50 45 11 1 48 41 21 45 8 12 29 20 59 67 28 3 17 45 1 55 12 37 11 11 50 49 54 26 65 7 43 32 10 12 10 17 19 15 7 26 5 7 25 21 21 3 4 35 32 5 54 34 25 1 39 42 18 20 26 47 27 44 6 41 21 41 22 10 19 39 23 67 50 2 10 10 5 21 34 70 44 28 31 50 20 16 48 13 11 9 66 26 18 13 31 12 5 28 7 65 27 8 7 4 37 27 31 41 2 83 14 51 27 44 17 54 6 41 18 49 7 45 35 2 33 24 32 30 4 5 49 34 13 5 3 14 21 46 19 18 11 12 30 41 42 15 10 16 9 8 20 29 40 1 34 10 80 7 23 41 57 14 42 3 35 17 34 11 22 46 42 42 6 9 6 13 39 23 13 35 44 38 13 30 29 2 62 50 38 24 1 62 7 4 48 17 8 58
76 34 61 6 19 32 38 12 19 81 32 45 31 24 13 28 96 23 40 31 10 68 36 54 86 13 25 73 26 66 25 22 68 42 69 52 49 63 63 37 6 51 50 23 48 31 27 88 29 26 15 36 56 23 43 55 83 51 82 70 54 32 61 88 1 95 52 26 65 59 69 27 34 79 67 35 71 43 47 71 78 43 23 50 48 65 28 74 55 50 20 97 88 26 41 24 77 70 65 31 40 68 30 84 56 20 64 64 84 27 74 59 68 10 36 75 63 11 79 83 45 21 11 16 69 54 24 48 52 45 39 11 44 41 39 78 16 28 28 42 57 54 75 45 94 71 43 96 44 38 41 93 82 68 78 50 70 11 28 21 55 7 27 47 49 74 49 16 61 59 34 26 35 29 67 56 14 76 78 64 66 74 26 32 14 71 29 45 67 76 46 60 86 14 48 55 31 75 63 54 37 47 58 36 36 78 74 66 66 52 61 62 45 19 50 61 57 69 46 65 17 6 57 71 21 52 27 54 68 82 24 17 67 60 28 14 49 48 44 74 22 44 35 78 53 30 31 92 42 20 87 47 50 20 56 54 67 45 73 21 24 66 74 91 58 78 32 50 92 78 40 19 30 42 75 75 83 79 69 60 43 56 45 60 80 47 76 31 25 79 6 79 89 52 50 65 78 16 37 62 25 14 74 71 64 19 78 86 46 53 64 60 42 54 75 75 42 26 45 72 50 82 29 43 13 13 55 60 61 45 68 35 60 73 39 75 44 54 25 16 44 30 44 26 33 62 43 15 37 36 49 21 58 46 53 20 57 55 24 20 76 53 65 92 22 65 34 44 41 15 78 79 33 72 60 94 21 62 14 93 41 70 67 72 78 69 49 69 64 20 90 42 82 33 21 27 32 60 21 82 16 68 44 46 23 5 45 54 82 45 21 94 23 52 53 66 60 77 13 60 42 61 13 70 49 26 81 86 74 32 65 81 67 56 38 67 23 52 66 50 58 54 31 47 32 58 55 56 17 46 47 39 24 50 90 19 42 26 85 39 27 69 67 29 59 48 36 25 52 69 26 69 44 71 69 27 55 16 95 82 91 37 53 55 69 59 77 13 77 71 72 46 26 78 18 34 68 55 25 60
84 69 88 7 66 38 63 20 28 99 86 69 43 40 36 72 100 65 47 89 21 71 38 70 98 88 49 83 36 99 64 87 74 66 74 85 93 77 69 57 84 67 61 82 71 48 71 95 40 67 100 95 88 65 85 62 98 60 96 79 74 49 98 96 18 96 85 34 88 74 92 61 52 90 88 100 100 91 76 92 96 49 94 97 64 99 73 81 67 72 42 100 97 52 91 49 96 82 74 84 46 81 36 92 87 79 74 65 90 74 92 86 77 32 54 98 66 58 84 85 48 100 33 87 75 62 80 63 73 96 94 82 90 95 58 97 60 79 92 97 64 64 88 100 100 83 63 99 64 83 49 97 89 99 94 91 73 46 35 38 98 66 53 94 100 81 89 87 76 61 59 27 80 60 69 79 85 99 94 71 86 89 59 98 73 85 88 59 67 76 94 62 87 98 89 92 89 96 67 58 100 49 86 51 65 84 87 87 82 96 65 97 48 56 97 92 80 70 57 96 70 23 97 78 65 60 53 99 93 82 80 61 72 93 42 49 61 89 57 93 87 52 71 80 62 64 34 96 57 65 88 82 78 26 70 69 97 56 98 100 79 84 84 93 81 98 51 95 94 79 61 44 67 60 98 75 86 80 82 61 77 83 77 85 83 93 93 78 61 100 24 92 90 90 88 89 95 65 86 72 86 46 85 81 78 26 82 99 63 53 90 67 58 60 98 76 49 76 70 99 77 97 74 46 37 89 73 95 63 67 70 60 89 75 78 98 99 89 47 20 81 47 69 90 62 76 62 96 87 90 67 41 76 100 58 88 69 97 86 89 85 58 66 94 32 100 74 50 53 72 91 91 88 94 94 97 30 89 93 96 60 89 97 90 95 93 58 84 95 58 98 97 87 92 93 67 53 72 90 90 41 81 70 72 81 81 92 95 89 52 83 100 86 74 55 90 75 93 64 70 52 74 55 99 86 63 83 99 82 74 74 92 97 77 88 78 67 65 72 77 69 96 34 60 69 88 55 63 51 69 61 62 43 60 99 48 49 58 98 48 53 90 92 81 90 60 72 38 53 69 65 87 92 74 85 33 62 92 99 92 92 85 93 95 93 65 87 45 99 93 90 52 60 94 39 57 85 78 48 95

14 6 73 39 70 18 11 69 91 87 28 100 5 78 56 53 71 21 47 85 28 55 80 54 52 71 60 87 81 23 38 39 97 16 65 64 97 42 72 65 29 38 62 72 63 3 95 60 49 25 7 47 20 64 22 89 77 86 93 6 95 15 79 69 3 1 88 2 9 69 94 63 53 69 30 52 1 48 43 69 9 37 39 99 46 71 34 24 2 4 48 3 55 6 84 8 100 87 89 99 19 2 27 23 34 4 27 52 30 58 45 36 72 25 18 26 46 86 62 19 91 85 28 63 32 9 56 2 76 74 5 54 17 10 66 82 50 36 15 18 37 46 64 37 53 28 19 18 15 10 23 56 64 31 7 94 97 41 54 50 86 14 86 100 18 78 9 96 66 97 41 81 66 15 18 43 23 96 47 33 92 68 78 79 12 54 39 12 75 40 91 26 30 44 92 49 90 60 88 60 4 21 3 62 55 5 43 2 85 55 62 65 51 63 51 63 13 16 47 3 40 53 44 76 40 40 16 57 64 8 50 80 3 32 14 14 16 30 16 87 20 20 66 64 40 67 12 12 75 97 51 28 67 90 88 24 75 7 5 59 79 76 72 33 31 57 6 77 45 59 5 14 28 7 31 61 51 57 30 8 87 90 30 82 77 1 16 90 59 27 61 87 74 70 58 96 9 44 64 44 23 26 47 70 85 41 94 97 25 82 92 7 85 23 82 75 39 27 90 28 43 79 67 20 22 86 53 15 86 56 34 83 38 81 74 93 23 96 33 15 71 98 91 4 10 55 93 39 33 28 88 18 97 85 47 8 16 43 27 59 97 76 46 69 20 86 83 21 44 7 95 6 86 48 37 2 25 32 16 7 67 25 86 99 70 26 88 61 87 93 5 75 54 100 36 29 23 70 48 31 43 100 13 7 88 36 60 72 75 92 63 43 63 61 2 10 12 63 41 8 41 35 62 43 76 98 77 57 52 50 51 70 6 63 24 29 90 40 90 88 75 52 34 75 66 84 68 40 36 100 56 70 86 38 40 36 91 34 21 89 40 19 100 22 40 90 96 32 37 92 75 82 62 20 45 49 68 58 60 36 7 13 29 94 89 65 54 89 62 49 69 73 79 100 93 67 56 40 13 9

529 1161 670 793 1146 606 1083 631 563 3511 175 161 1060 2850 3146 270 734 1593 360 578 1469 1026 138 809 989 98 1049 906 500 817 1737 300 1086 627 873 554 830 1698 264 2313 2058 3374 1575 838 616 257 5183 465 2086 1681 682 686 349 374 442 4709 1069 381 214 709 2667 435 111 3870 8026 371 609 382 6079 2022 431 231 333 5894 995 2428 550 116 982 905 533 63 774 1984 543 914 163 2180 1068 412 1170 440 1151 113 588 1963 403 330 1312 968 3208 489 565 441 153 2185 1429 3679 665 1258 988 1452 469 319 912 2393 908 1307 489 251 793 1476 1315 520 1393 271 156 3504 85 1127 855 7755 162 971 122 614 358 483 769 222 509 639 2569 266 175 1123 4508 645 688 3004 780 88 1158 761 2098 826 2535 2056 5021 896 126 780 1132 2991 2975 930 657 810 1035 456 3550 1224 714 78 1628 336 1043 875 469 866 598 1298 320 288 2595 1006 1088 438 4665 262 909 200 1578 2902 2040 200 474 253 1077 795 680 560 4536 1859 2322 3153 586 960 272 775 2720 912 4897 1600 1369 2908 2631 1216 775 183 2280 1020 1292 899 2096 135 3274 492 411 487 859 1507 1505 1583 623 415 968 2710 2304 1076 6300 381 600 955 1471 801 5350 2465 3094 1864 301 358 1607 264 226 1127 520 4139 204 2073 4232 3183 680 67 4215 3431 911 306 1331 143 2702 1258 1603 3353 5174 222 1731 3459 2143 3495 127 851 780 185 5286 5497 1422 108 999 367 5906 211 1997 321 1067 2373 1230 1083 2657 1305 1301 464 149 1822 1034 779 615 335 308 5300 1804 64 624 418 930 2082 655 730 3242 1002 6666 3761 1114 1155 2415 716 1204 343 191 2939 618 961 3445 165 1008 103 129 303 3123 636 2104 1400 138 2850 3172 380 535 604 1534 1697 843 3976 129 1178 312 888 581 5567 118 559 1588 252 6216 106 1225 621 1156 3928 706 3381 745 1866 2119 1107 7306 3062 81 518 1197 208 4383 1872 1135 5201 802 517 1039 666 1800 49 2707 1365 293 6650 242 1023 4069 546 114 193 368 2042 826 515 2360 698 209 3714 460 121 983 440 1769 2077 3156 756 82 109 53 965 1323 198 117 399 3132 965 413 1321 855 184 1292 802 4550 3710 1629 402 1369 137 513 94 1322 425 4092 2574 1163 3818 513 685 66 286 1076 3077 3459 2419 499 1962 1457 33 281 4412 216 2489 2147 1435 1472 2035 332 2134 6219 1715 134 3730 902 3665 155 957 219 258 6724 694 1225 2258 3853 1062 719 1565 1713 6930 95 405 1149 564 348 2923 698 82 192 757 60 217
1051 1240 1681 860 1377 3759 1273 1796 1624 6179 505 401 1123 3706 3899 664 1005 1675 3033 754 2351 1207 749 1114 1328 590 2159 1799 1298 1834 3566 937 1410 1341 935 1202 1575 3377 1571 3060 2370 6753 2471 1791 1172 1889 6679 2393 2775 2445 1614 729 1641 2832 8122 5869 2074 1435 872 1159 3625 2224 421 5962 8136 3287 1383 1022 6247 2444 1610 336 1262 9023 1294 3949 577 552 1627 1378 3448 370 873 2187 2247 1089 828 6035 1343 1838 1846 565 4003 2091 1594 2456 1439 4512 1750 1348 8387 7367 1402 1358 369 3422 3406 5773 1072 7097 1078 8326 1701 1609 2991 9037 3503 1700 2877 339 2466 4491 1618 1543 1823 4014 337 3528 3386 1587 1408 8292 2267 1255 1246 1533 1015 4444 1501 1306 1466 3915 3334 520 2137 2164 5107 1957 1204 6678 1859 786 1667 2998 3180 981 4914 2443 6403 1032 957 1776 1810 5456 4677 1021 811 1579 1062 1985 4261 2160 1190 7444 1647 1147 1736 927 1916 1450 2876 5321 1629 6480 3162 6471 1846 2004 8094 514 1421 4290 1889 3909 4492 903 672 1159 1813 3663 1105 1352 5355 1868 8048 3486 2145 3854 1270 1054 2848 1682 7963 1638 1411 3083 3276 1989 2416 4827 3098 1341 1395 907 3097 820 6703 8609 606 855 3923 2035 3568 2992 1043 1755 1967 2980 5518 4739 8118 1138 1711 2450 1513 3521 5392 2580 8409 3329 3252 1462 2830 5510 989 1309 3878 4957 7485 2210 4377 5541 2311 1311 4430 7474 1227 5008 3191 870 2945 4722 6675 7217 7554 868 3232 5125 7620 4155 656 3163 4679 3915 6354 5704 8073 885 1638 578 7044 2009 4061 921 3165 4025 1435 1505 2985 3467 4823 1708 965 2204 2566 1311 4493 3317 765 5740 4249 7225 4892 712 1429 2476 865 1189 6514 1459 7974 7993 1806 2164 5028 4091 1806 1127 695 3490 1482 6966 5435 609 4557 1604 251 3194 3158 1119 2115 2010 556 3890 3984 1734 1303 2432 3475 2110 1455 6113 1994 7099 353 1381 1470 8823 1016 1289 1975 902 6873 6972 1275 1029 1710 6201 1433 5279 932 3415 4894 3890 7691 8227 172 3037 1667 351 5074 2873 1838 5575 2315 742 2911 777 4357 1580 2980 4057 733 9314 2140 1214 4091 2052 513 1105 919 7643 922 1079 2831 1206 528 4577 1055 203 2177 1461 3016 6105 6284 2068 952 1094 681 1796 1642 296 369 1689 8939 1303 676 4984 3191 743 1389 2322 8075 7679 5911 1562 4719 360 1404 1381 1629 589 8538 2595 1357 6045 851 6427 476 1475 8755 6728 4709 3163 552 3191 4539 833 4799 5424 1514 3274 2394 3451 2330 2136 1767 4007 7992 2357 871 4715 1901 3887 348 964 1887 670 6871 1071 2309 6732 7620 1077 1377 3910 2646 8076 1794 629 1594 1017 687 2944 1759 273 1066 3142 2806 1368
2450 4315 1915 1328 4758 3814 2049 1842 1661 9200 1386 403 1838 3853 6200 1243 3083 2531 3090 1879 2395 2407 1913 8311 2455 4190 2400 2671 1426 8601 4464 2093 1412 3804 2271 2111 1677 8648 1919 4047 4118 8144 3549 2169 7156 2444 6790 9201 6556 3753 3120 2662 2040 2857 8522 9684 4187 2563 2185 1440 3925 2431 2405 6458 9806 4380 2466 2288 9996 7254 1686 3547 1774 9930 1776 4766 1290 1849 2503 2464 5332 2495 1516 3383 2259 2912 2991 7328 9470 7627 4552 1893 4284 4688 1995 3688 4775 4576 2194 4405 9403 7903 3571 3584 2280 4099 4868 8024 2221 9306 3033 8618 2328 3277 3410 9203 4492 1916 2938 2350 3535 5539 1863 1880 4988 4609 2541 3686 3575 1734 1633 8948 2296 1910 2245 7547 8805 4828 1999 3243 1891 7988 4600 1866 2315 2308 6108 3339 1882 9563 1870 1170 2101 6216 4424 2417 5025 4081 9100 2213 2391 2249 7866 6546 5044 1874 2734 2095 1325 2085 5048 9038 4212 8088 1868 1244 2877 2223 1975 2079 2978 9841 1793 7689 3736 7006 2344 2377 9639 3600 2026 4730 7558 4699 4548 2404 2478 2264 2177 4897 2010 7563 5987 6612 8192 3987 2189 8138 7721 2472 5247 4419 9346 1644 1970 4628 3813 3525 4838 7419 3362 1638 2427 1675 5667 1229 8176 9981 2605 2538 7059 2066 8012 6307 1329 3650 2063 3407 6054 7436 8227 2262 2377 2454 4309 3977 6137 9668 9222 4965 4818 2439 3964 7950 2150 4116 4160 5006 9264 2269 5078 8829 2513 7296 4801 9483 2176 8066 3568 1028 4599 5025 8325 9435 7810 1507 3737 8293 8956 6879 2209 3522 4912 4418 7612 7426 9640 1573 2479 7014 7834 4526 4297 1819 4916 6707 3836 3821 8332 5381 9756 1777 1424 3175 3487 2424 4724 4585 1037 5905 8628 7802 4936 1921 3391 4662 1183 1798 7615 1943 8635 8327 2141 2506 9537 5295 3320 2008 856 7651 2871 9286 6467 2020 5931 1678 741 5123 3935 2520 2346 3469 2381 4473 8432 4383 1539 4872 3730 4631 1872 7063 2138 7183 4219 1931 4433 9491 1374 3516 5944 2756 8690 8507 2394 1401 1765 9191 2037 9992 1939 3569 5022 5549 9131 8292 1859 4620 1692 719 9290 3253 2038 8546 3696 2468 3738 1527 6602 4329 8295 4773 1182 9891 2450 1298 5381 2998 1472 1715 1081 8086 2177 8387 3302 1713 1463 4971 4312 2226 3592 1937 6903 9935 9582 4460 1138 3550 2669 1850 3419 2376 1640 2412 9600 2329 2637 7467 3987 1510 4239 2454 9638 8985 7871 4852 5068 1495 1455 2446 1633 1559 9420 3994 7095 8896 1636 8849 1414 1909 8964 9410 4985 3647 1196 3191 5157 2243 8934 9901 3394 3427 2565 4509 3250 8550 2265 4549 9333 2422 1958 7705 2075 5471 1664 1411 1944 1568 8441 6737 6103 8446 8529 1162 1988 8400 6411 9924 1858 1486 2806 2602 4790 4834 4332 1455 1525 3707 4337 3191

333 464 402 651 205 142 746 75 224 1363 148 60 117 217 633 157 371 283 13 146 1146 319 88 606 163 84 622 746 172 685 1025 51 446 281 270 315 569 211 236 2229 1762 1350 148 147 562 29 1820 361 694 89 354 196 164 7 350 4618 570 242 181 254 2575 29 30 2765 1613 39 536 187 2687 1136 109 193 288 3377 324 1551 411 6 302 894 152 16 639 1277 486 476 141 361 837 303 1078 387 852 46 374 221 153 328 1161 778 3177 20 81 399 143 658 482 2406 98 395 982 846 424 214 218 61 522 799 1 24 11 398 216 23 1118 259 44 3461 32 223 197 3220 139 780 41 47 115 459 91 177 133 510 628 74 174 607 3129 544 562 1009 270 58 372 714 461 262 54 1271 4887 249 110 476 49 2788 319 31 236 190 269 193 726 221 614 28 1442 211 385 275 36 40 486 619 68 8 1244 763 545 328 4116 23 570 164 1500 812 978 97 257 195 443 728 243 231 1136 1333 2106 2256 341 64 231 533 82 766 3978 257 1110 1184 1496 698 191 110 1911 923 323 274 256 84 2709 320 229 352 206 198 632 333 319 210 414 379 1277 442 443 336 484 553 1330 746 3601 1046 2566 227 128 141 489 200 91 267 53 2959 54 761 1072 379 382 20 2817 2805 323 293 492 40 2596 494 1031 488 1680 53 1359 3273 2010 36 114 438 439 181 4492 4237 1317 9 455 126 3432 28 932 201 244 1294 1025 516 1409 1049 623 45 128 1620 344 656 199 75 227 4962 90 8 9 181 496 1144 464 655 1275 83 3251 2160 4 838 702 581 437 217 148 1677 331 820 2588 150 911 41 117 65 1690 76 2057 227 91 1724 556 253 403 483 443 407 690 2433 102 826 68 33 62 3948 31 421 34 208 846 11 1154 615 1120 3511 232 2685 553 1741 1747 954 1355 3048 31 298 1131 43 3017 293 792 2601 342 264 20 613 1312 7 2161 414 15 5168 158 834 3273 167 67 143 271 1152 635 412 2356 442 128 1327 120 25 923 425 144 1654 1508 347 53 8 11 629 385 131 65 130 730 956 104 684 677 120 461 223 1265 2361 134 8 464 94 207 17 604 113 3926 400 10 3436 201 90 2 279 903 1723 1324 1841 41 994 203 31 142 3953 175 2047 2134 512 1216 1748 255 2048 1791 99 79 715 480 2581 133 802 165 136 5812 247 1097 852 473 56 666 509 524 2002 77 386 45 56 27 2838 377 56 152 101 54 73
