500 3 1
73 34 95 55 84 4 36 59 61 9 41 64 39 10 85 79 86 87 50 41 28 96 90 16 17 54 29 81 78 74 11 73 70 77 50 83 24 11 13 29 79 56 93 81 80 92 39 66 72 51 40 53 37 64 48 31 69 40 58 13 82 84 53 76 74 15 10 27 94 68 71 52 29 95 70 97 87 8 31 29 85 65 62 47 88 41 10 72 19 68 46 60 17 55 14 70 94 16 31 16 12 68 28 29 30 33 42 9 84 31 31 74 91 4 99 18 44 36 17 99 3 40 89 62 76 50 12 50 12 23 23 19 41 48 57 32 72 57 36 68 36 31 55 71 81 42 68 4 86 79 15 34 88 100 74 28 64 58 34 80 59 63 13 43 86 88 91 79 68 64 65 1 91 77 21 50 62 21 50 25 8 68 93 68 78 6 40 69 93 54 25 13 62 8 73 64 86 55 16 48 71 21 77 19 17 11 58 39 10 18 19 4 42 28 51 47 31 89 65 35 37 1 89 96 3 70 76 23 45 49 94 5 50 35 19 22 99 66 3 74 19 90 46 49 91 8 29 9 41 87 80 28 52 42 56 49 27 36 11 76 41 40 48 45 84 4 77 89 12 13 27 10 16 85 7 18 36 9 9 80 17 59 21 88 39 55 28 78 4 49 50 50 48 47 92 40 14 51 74 5 61 17 43 41 64 6 43 43 85 67 59 44 90 9 29 29 12 69 12 8 36 82 6 20 39 25 95 11 99 16 66 20 15 4 90 14 55 24 45 70 98 45 49 89 10 96 2 37 49 34 26 34 91 67 45 42 69 66 6 23 22 77 100 60 82 61 47 33 52 19 4 52 31 33 4 30 47 99 68 19 50 33 99 9 21 89 45 80 79 51 86 32 24 72 67 41 63 19 71 18 81 65 72 75 76 95 97 31 57 93 89 22 10 20 53 51 51 59 43 56 88 40 31 90 10 96 61 33 95 41 27 93 90 91 61 76 45 18 11 68 19 39 44 30 21 51 70 92 82 67 98 100 34 25 73 13 91 52 53 80 93 77 90 48 29 51 37 4 87 72 79 49 92 26 97 33 90 55 26 84 87 24 45 35 75 62 46 31 86 49 27 48 45 1 72 9 32 8 42 70

6 10 85 12 27 6 26 24 24 54 65 28 16 4 4 5 14 38 53 1 5 3 25 26 68 31 29 43 66 44 12 33 1 61 4 69 41 31 55 5 19 54 4 24 5 15 36 8 16 22 40 68 30 11 61 2 41 29 6 43 37 23 13 1 21 23 2 17 17 21 6 1 34 7 8 35 1 27 18 48 52 39 39 5 32 17 35 38 14 14 53 15 1 1 26 7 22 46 29 38 17 74 11 37 4 1 26 27 17 13 16 27 4 11 14 7 7 23 11 8 13 19 16 36 17 28 24 36 25 33 30 8 50 32 16 24 17 15 30 43 6 38 45 20 5 76 5 18 7 15 19 10 3 35 4 6 37 42 26 21 14 33 39 1 2 45 55 12 24 26 7 60 50 2 15 3 29 4 3 26 22 27 61 3 6 10 10 31 34 16 19 25 10 3 36 13 6 39 65 15 8 30 15 54 49 18 57 27 25 14 28 17 9 17 37 17 40 1 14 29 14 4 54 3 22 22 28 17 21 12 23 65 8 18 23 26 56 64 32 42 46 14 4 11 39 7 13 78 7 64 29 11 1 8 45 14 53 10 14 34 62 2 25 8 9 47 25 33 7 11 9 10 26 81 17 7 47 10 6 3 50 23 10 18 17 16 7 23 35 11 14 7 11 47 27 8 9 22 16 18 52 8 2 30 6 45 32 7 7 59 67 46 33 72 27 56 24 40 4 20 26 16 47 8 12 10 15 12 7 30 6 6 70 67 25 62 21 9 49 12 30 17 5 58 8 9 14 6 39 24 14 10 16 66 18 52 26 3 33 54 34 20 46 17 37 35 33 4 51 47 19 9 15 31 8 2 32 14 27 13 10 1 43 5 17 11 73 34 19 11 2 5 77 14 5 32 33 14 25 13 22 23 22 53 4 27 5 58 13 6 7 18 43 22 44 7 8 26 59 34 31 46 55 1 30 23 1 36 71 24 16 64 20 54 15 18 11 75 5 3 32 68 21 3 18 4 7 43 31 52 30 24 24 18 8 11 64 45 53 18 19 14 60 4 35 3 46 29 37 1 74 13 5 16 8 15 63 51 22 10 3 18 11 7 54 50 26 9 5 10 4 66 58 36 31 47 24 6 59 11
14 29 96 13 60 10 33 46 44 66 76 42 64 54 40 49 64 38 59 17 80 62 41 48 69 53 53 68 74 83 54 75 22 72 22 75 77 49 58 6 66 61 26 44 19 58 44 70 51 50 42 82 54 58 86 55 87 38 45 50 48 29 20 8 60 26 12 68 72 26 53 68 36 55 50 85 65 88 34 67 57 52 66 25 34 27 80 40 30 66 55 66 2 14 56 21 23 60 60 74 17 87 27 63 23 4 83 35 67 80 56 70 12 89 84 85 52 26 20 12 50 29 35 56 54 65 27 75 41 51 37 23 55 77 61 39 48 26 42 68 24 74 66 53 18 82 80 57 25 30 20 18 54 67 15 58 41 51 35 56 63 79 79 79 56 52 91 78 65 53 45 99 83 53 68 44 58 71 6 27 30 75 83 52 81 19 12 57 39 84 58 74 22 24 56 31 17 67 77 63 47 32 38 67 79 50 64 30 51 61 42 82 31 35 86 40 61 60 26 61 71 55 84 4 89 25 61 80 69 26 67 76 30 34 59 55 85 81 69 66 61 49 6 72 50 44 49 90 15 67 31 91 71 9 70 53 87 52 58 37 70 30 90 18 56 74 30 42 12 32 41 16 65 88 33 23 49 47 34 58 55 44 25 72 39 67 62 71 37 68 19 11 14 56 79 48 60 29 62 67 62 30 41 44 72 47 70 76 21 64 99 61 75 77 30 73 37 52 58 41 42 36 61 17 37 26 50 77 37 41 43 38 80 67 44 69 67 43 51 82 39 20 56 74 43 18 34 33 59 40 45 16 67 77 57 64 37 8 42 55 63 41 51 59 39 68 41 62 86 75 62 66 20 70 11 42 68 76 71 43 17 52 46 80 41 56 81 64 49 19 11 31 95 84 8 56 83 59 51 36 77 44 38 82 29 66 28 59 56 8 41 36 46 64 50 65 74 41 67 47 37 67 61 34 57 24 50 62 72 35 31 66 69 89 35 20 66 89 37 76 36 79 74 58 73 50 11 52 90 83 59 48 46 84 37 43 66 55 83 44 46 65 81 38 35 41 47 43 43 14 88 41 10 78 21 79 63 74 55 28 43 86 12 52 85 54 35 18 55 25 66 83 75 57 48 77 43 21 59 17
97 96 99 30 70 76 92 81 85 69 78 96 98 58 93 82 70 80 76 89 90 86 79 98 84 88 70 76 99 98 72 84 83 77 54 92 80 51 81 27 99 62 27 89 93 61 90 74 52 59 77 94 90 87 99 72 100 92 88 84 54 32 29 52 94 76 36 78 86 46 82 71 62 78 60 90 76 94 79 92 59 73 73 52 46 41 100 91 32 95 68 66 33 80 76 44 59 70 62 74 30 91 94 95 88 54 94 38 84 83 59 91 39 93 89 98 53 97 50 13 52 81 37 72 96 80 83 88 99 67 93 62 70 97 79 56 50 98 83 81 95 100 67 88 28 89 94 67 100 49 67 93 59 100 36 88 96 73 79 80 74 91 95 96 59 91 91 96 86 86 87 100 92 100 84 77 69 78 46 47 71 98 99 83 94 50 47 98 75 85 78 81 100 79 57 53 91 94 99 80 68 52 51 75 83 86 92 40 66 91 46 84 91 100 96 43 62 67 68 99 77 84 95 32 95 44 86 91 73 76 74 83 93 83 88 93 91 97 71 83 73 99 30 85 69 98 65 90 85 98 90 95 98 22 97 75 92 77 94 83 100 56 99 41 66 100 51 86 86 92 53 82 67 94 48 25 96 59 63 64 89 55 40 93 49 68 82 99 69 76 99 32 97 84 96 50 96 29 68 84 76 89 66 67 93 99 80 88 27 67 100 77 99 93 78 79 58 98 87 91 66 70 66 28 46 28 94 98 81 56 68 61 98 75 76 77 74 72 74 99 99 69 60 76 97 79 94 55 63 94 93 88 90 88 77 70 39 26 71 71 70 48 98 76 44 70 59 94 88 76 93 67 72 71 21 50 75 85 100 63 35 78 59 81 62 90 91 85 73 51 98 87 100 95 95 70 93 80 56 91 78 73 51 99 41 80 55 94 94 65 96 44 58 90 51 80 86 58 94 97 42 78 73 54 58 42 92 100 87 68 73 91 90 98 74 77 79 94 41 98 68 85 90 60 91 68 14 64 96 93 70 77 63 99 55 77 83 85 87 65 85 75 84 56 58 96 49 92 43 62 100 52 45 100 31 85 98 75 77 99 56 99 74 77 97 90 82 81 61 46 93 90 89 57 57 77 94 94 88 88

60 76 98 70 22 71 84 71 90 14 75 16 31 94 25 19 98 52 81 29 2 21 54 3 29 83 57 80 50 33 57 24 20 55 40 70 10 40 67 93 28 90 10 64 67 19 13 78 66 61 59 50 25 34 87 85 22 45 22 27 100 98 48 63 20 44 90 34 55 90 59 89 31 42 25 91 77 19 34 34 64 86 66 90 26 24 57 27 52 58 80 72 42 21 80 2 32 5 69 51 24 44 26 35 16 21 47 68 45 26 63 11 79 80 58 30 38 14 42 75 60 15 64 76 58 4 28 88 2 27 18 26 10 16 20 24 42 31 83 13 20 54 71 52 86 26 49 10 29 10 96 36 47 54 70 94 74 99 86 35 16 63 2 78 42 66 85 6 70 23 47 14 14 7 22 69 52 6 72 13 8 48 47 23 30 19 95 95 20 30 55 22 66 38 58 62 76 44 99 74 95 2 60 15 44 74 67 79 23 3 30 25 93 26 77 69 17 69 26 48 30 82 33 84 89 67 3 96 38 78 37 1 80 35 69 94 4 21 48 92 74 10 77 75 37 5 1 20 25 73 80 13 17 92 11 76 31 75 3 32 37 86 40 29 30 27 92 98 58 53 62 88 92 18 85 24 7 56 82 94 9 48 51 100 82 95 12 95 14 56 41 30 82 27 18 92 89 38 23 23 74 80 5 48 43 95 89 60 35 73 53 88 45 45 34 49 37 82 81 78 55 12 37 23 33 89 1 32 32 30 74 28 58 40 19 80 82 35 73 25 27 82 37 35 98 46 53 15 30 15 9 26 22 73 3 91 71 1 18 100 13 51 48 53 79 29 60 95 5 43 54 17 1 66 66 79 64 15 84 70 29 92 80 20 85 15 53 84 18 11 83 80 89 79 83 37 99 86 97 23 83 77 28 7 40 3 78 69 79 4 15 14 58 16 20 72 92 65 49 10 85 4 93 39 38 67 36 65 48 52 86 96 24 10 63 94 47 47 64 61 72 81 75 81 22 3 89 26 65 55 34 92 2 63 74 86 32 47 64 39 81 9 79 23 84 4 70 19 16 71 61 21 62 94 86 95 16 15 95 4 8 46 34 93 64 25 93 1 18 54 69 7 21 84 47 60 47 11 96 49

421 1064 3595 4528 1314 1372 126 1462 588 4204 545 3305 621 370 5014 5222 419 985 1312 818 489 1315 3452 958 1451 2385 609 4163 1505 1881 609 116 334 2715 201 169 312 118 356 1305 576 6465 644 1755 1764 1494 1158 135 9479 930 1042 261 832 2504 501 2822 243 783 2317 493 332 1816 2447 318 1451 25 10 922 129 934 349 1272 946 2951 2495 296 2134 2845 65 3680 488 991 1559 3145 2681 1886 1503 1528 2905 459 1656 2560 4119 210 2655 328 2599 642 628 2324 970 572 229 50 5015 637 3924 1789 1410 1122 3496 134 1285 1865 746 3903 2352 374 2263 651 1445 4445 1534 1918 2203 2533 31 591 4232 837 2039 3010 589 189 2952 637 108 118 1223 904 1197 65 2584 150 1242 104 2859 2143 1848 936 629 572 1868 291 3049 1282 861 3082 1990 853 644 196 666 50 7685 651 469 576 4297 320 1187 2834 255 1640 554 676 1650 5833 3335 86 1989 2181 1500 1293 2435 326 387 2099 1677 677 414 2805 71 766 757 533 3549 1280 632 1201 161 3373 98 54 910 47 800 2486 3443 4366 793 142 3692 4531 1256 2389 85 2055 3447 216 7482 143 409 410 377 184 2739 1233 150 182 220 276 268 378 604 1276 1169 1588 407 353 2179 3816 3771 1153 5938 681 884 56 1553 1261 5851 82 870 1078 713 991 3056 852 1269 804 1182 171 265 1543 1002 968 652 1721 1268 1589 4037 1707 397 926 252 308 2226 564 598 2915 347 630 356 713 464 714 1456 242 82 366 7698 2644 642 597 671 577 1086 1483 243 550 1177 1885 2240 251 5032 1397 1040 1637 521 1324 3295 615 184 98 1107 3177 348 3444 2594 183 378 1776 1579 267 1834 638 1650 868 3138 1898 3539 855 4884 619 289 1901 153 704 1393 907 334 116 258 198 688 117 1479 805 3085 2972 3901 58 613 3441 360 7346 570 376 1621 91 2604 478 1805 2104 1024 2054 1874 834 310 854 1280 444 485 49 427 588 1378 1863 2917 2669 758 731 293 762 207 692 529 2017 5437 4587 775 2493 926 1745 335 384 3054 2129 1241 821 2710 7615 359 1752 2886 1471 1248 157 740 6670 1453 2512 1144 3488 437 5036 526 2144 4052 2000 205 673 1865 1716 671 661 6405 884 2914 704 548 231 3170 1524 496 214 1436 1068 1267 216 604 250 3977 822 3240 157 2101 1537 233 2119 922 408 500 1256 547 621 3951 206 385 3261 1548 4241 2480 1240 1615 450 2944 6103 2698 134 593 1582 802 356 1842 3487 1268 140 1656 6307 2495 318 1439 308 1862 931 5209 331 1429 1515 3245 231 1095 1197 511 757 38 157 356 1913
550 2958 4606 8518 2653 1571 569 1544 960 6075 597 3907 4265 1300 6086 6567 631 1468 4446 1386 5020 4212 4769 4222 2212 7204 996 7672 3310 4070 5228 1521 927 4283 218 1542 906 513 558 2763 2188 6923 1792 4777 2092 4327 2589 1103 9562 4057 1185 870 1678 3646 981 3732 598 838 3358 535 943 4262 4506 1949 2132 1594 1259 2955 1419 4663 7614 1650 1168 3454 2848 1981 3571 3327 275 3983 4831 2448 1782 3621 2836 5367 4318 2929 8027 1531 2144 3855 7566 2393 5760 5838 4123 1882 1197 4256 3744 848 1436 285 9514 1104 4430 3489 2044 2717 3568 242 3454 5230 2443 3994 4280 1087 5476 1490 1676 8781 3204 1956 3828 6825 773 2022 7604 3190 3097 3969 1706 991 3181 1836 277 1364 4881 1921 1759 230 3529 525 3448 1943 3006 3797 3321 1211 2166 1087 5189 501 3349 2675 2162 4468 2153 5430 7955 1759 667 1595 9697 1915 753 4639 6143 4305 2359 3834 1063 4410 3396 1168 2953 8301 4851 1891 2493 2302 2290 1998 3444 1318 873 2227 1794 1669 1757 2937 1516 934 6260 1731 7605 4191 3654 2355 1027 3420 2135 1575 1040 51 1759 3609 6155 6494 1398 313 5460 8092 1694 3173 867 2874 6386 730 7894 222 465 3354 1305 185 3695 1425 1289 474 394 873 1688 1849 5690 2065 5823 2880 770 2171 2798 4993 6159 2814 6274 2315 1812 804 1817 1379 6732 2429 1331 1667 955 3364 5269 946 2560 1580 1614 1718 688 1685 3108 975 5921 2192 5365 2037 5049 1896 855 1285 981 1572 4028 7026 3981 5611 1461 682 2226 1036 1520 1488 9115 1279 607 915 8009 3963 1346 3584 5392 1264 1662 1882 1175 587 4207 6224 2732 261 5776 6699 1412 2846 534 2055 4113 845 640 1375 2420 4281 1647 9096 3263 3897 5322 2619 1878 722 4580 847 2351 1474 5711 4305 4747 1962 5912 3780 1301 6879 755 767 3691 2026 1062 878 1961 1428 2145 785 7572 1939 5949 3841 7725 286 1189 4271 1618 8257 1182 716 1787 1994 3111 1569 6480 8250 1276 2642 2240 1153 946 863 2579 2058 2014 2308 1216 1425 4117 2098 3572 4406 991 7878 388 1048 2549 1334 1951 2285 7593 6085 1949 3119 1848 4240 559 995 5298 4084 2911 956 2999 8291 1672 2599 3305 1814 1453 463 1498 7097 3184 4426 6255 4374 932 5369 949 2836 5411 2993 4097 4566 4994 1900 3843 2161 7881 4288 3659 1022 1845 253 3374 1952 1180 711 5260 4776 3123 826 3048 390 7166 3327 5230 244 5363 1923 1231 3173 1211 755 775 1891 1302 1536 4838 1709 1423 3958 2939 6367 3715 2206 3471 506 3239 8102 2873 1852 1841 1777 2314 1117 4103 7113 2277 976 3754 8021 3185 8312 4473 3024 1899 1883 6852 1990 8248 1862 7194 2040 3336 2125 2590 2880 196 1137 1318 6013
2227 7896 4913 9693 3647 2371 1495 2404 1158 7090 1281 4505 4667 1763 7036 9406 1659 2258 4712 3236 5151 5434 9289 6926 2262 9240 1625 8254 3434 10039 5922 1951 2520 9028 996 1768 1545 1587 8066 3307 2579 8920 2261 7065 2130 5020 4329 2187 9763 4198 4149 2221 2215 4280 1447 6919 1412 1663 4518 838 2242 4930 7311 5076 4732 2134 2416 3808 2087 6985 9139 2952 1969 4921 4248 2481 5438 3779 1487 8706 4969 3031 2858 3974 9595 6677 5934 4448 8746 2525 2344 7623 9654 4007 8346 7181 4890 2077 1562 7102 5480 1152 1712 1129 9911 2461 4916 4811 2653 3607 3759 1033 4837 6339 2471 4983 8919 1687 7328 1606 1873 8787 4164 2257 10053 7903 1017 2548 9436 6681 3280 4376 2117 4487 5638 4894 2625 1740 6293 2030 1874 1668 5581 2540 5004 9379 5677 4826 4296 2357 2924 4828 7420 2364 4417 3294 2368 9645 2434 9889 8088 4341 1752 1746 9925 1965 821 4650 8384 4571 7682 8748 4428 4984 3464 1506 4318 8932 5899 2061 5188 4967 2336 9563 4532 1551 2947 2250 2207 3940 2200 4915 2371 1762 10007 2017 7642 7219 7964 2443 2111 7999 2203 2332 2394 1233 2434 4485 7015 9746 4798 2092 5622 9733 2527 5013 1738 3711 8766 896 8728 1544 1499 5051 2238 1020 3824 1998 2031 2061 2656 2311 2216 2128 9557 5184 8478 6148 2384 2285 2977 7704 6515 3573 7683 2739 7190 3697 2335 4263 9584 3698 1547 2159 1126 4043 9215 1142 2598 1775 6032 2141 3948 2345 4501 2329 6238 2372 7252 3624 6730 4272 1162 3104 2022 2070 4090 9323 6174 7092 4425 1149 2237 2251 2685 4013 9214 2252 2008 1875 8140 4640 5022 7703 5885 2044 4791 3325 3303 1663 9837 6508 4272 544 6824 8143 1834 4135 2033 2142 7328 9098 2407 2224 2585 8575 1996 9844 8502 4404 6847 5349 3157 1959 4597 1094 2371 1503 7566 4386 4925 2426 8589 4288 2396 7983 3789 2215 6124 4926 1621 1472 2511 2021 2347 2281 9832 4732 5980 4644 8143 3534 4769 4440 4302 10022 1474 1245 2539 2501 8263 2542 7051 8968 1901 3484 4323 2230 2309 9473 5563 2753 2187 2326 2421 2056 4825 2327 6358 7880 2535 8469 3320 1729 3114 1775 1984 2545 8472 9085 2318 4460 2027 8068 1256 1913 8629 4261 4121 2451 3712 9863 2377 3555 7416 2532 2263 1328 1834 9758 4964 9680 8382 4414 1105 5507 2530 4788 6891 4777 7026 5710 5019 3581 5453 2368 9216 4685 8831 1715 3134 2282 7438 2527 2253 1861 8906 8236 4883 936 4916 1210 8448 4635 7767 1429 7479 2181 1632 3753 2042 2514 1176 2056 1708 1861 5061 2365 1802 4446 4406 8198 4906 5027 4016 1543 3786 9639 3926 2114 1907 4947 2472 2295 7193 9424 2291 1420 8447 9635 8417 9604 4769 4976 2362 2288 9186 4957 8496 2045 8332 2442 3775 2328 3848 5083 442 1360 2058 7820

404 624 2827 3686 1132 527 59 1259 437 3243 286 2859 191 9 660 792 268 224 232 353 458 46 1272 321 1422 1588 418 4158 1287 1497 565 81 86 176 52 136 283 113 45 92 32 4377 553 1 1528 511 200 63 8684 3 921 188 38 239 291 235 128 760 1417 127 215 622 930 222 264 1 9 463 71 790 274 1217 248 1873 1154 204 1360 924 26 1007 436 459 1377 2495 2379 1485 826 1278 2514 71 183 1158 1767 145 1113 67 1416 3 564 1939 226 258 52 15 4809 4 3196 471 444 910 2416 8 1013 206 498 247 1100 54 379 366 884 2688 575 1750 926 1220 11 345 3248 828 1031 1514 516 136 1768 153 57 32 333 150 723 5 1650 70 954 75 2694 666 1841 232 326 97 781 90 566 544 696 548 776 429 288 74 189 44 2704 348 69 334 4225 153 756 2234 85 1237 194 99 1155 2211 2765 27 1948 1507 895 775 1743 308 122 493 8 259 20 5 26 271 702 253 832 1137 519 407 113 156 78 52 225 16 724 1528 439 3725 443 95 3524 3389 9 237 32 586 688 138 3982 114 161 227 365 23 2657 1194 56 156 130 275 159 262 498 1150 869 865 49 278 397 539 146 487 109 650 562 45 93 78 2410 75 417 828 536 917 1972 100 751 333 785 124 134 443 211 721 336 1421 543 1287 2855 929 2 624 101 149 1751 174 95 421 56 16 94 253 134 152 383 36 5 28 6569 2594 317 569 583 570 228 953 173 410 882 1863 1924 22 1043 34 363 65 73 952 417 306 69 33 642 332 112 1369 2258 79 253 158 399 132 1428 218 402 607 1442 1283 1445 190 4304 548 227 1640 54 536 304 843 209 56 224 169 81 12 870 475 1761 1951 2430 37 491 712 47 3245 113 299 647 10 1458 162 484 1813 588 43 1579 159 28 409 1003 80 16 28 292 439 650 538 2028 302 640 615 66 553 196 424 415 1422 1917 2577 155 1207 581 1360 84 21 1198 341 132 183 1262 5271 162 191 2170 696 1079 134 112 399 187 1414 831 199 210 725 505 1802 60 1991 7 468 117 143 93 636 4148 124 2837 80 277 111 1657 220 355 74 1352 968 306 76 73 147 3865 744 1209 71 32 6 196 1995 135 84 88 627 385 158 2079 16 233 330 1282 2985 599 1185 38 19 2707 3000 734 48 215 220 767 20 1203 157 1141 83 1330 2658 1511 181 1325 225 1117 842 4230 147 1204 1318 239 212 948 498 70 18 28 87 315 228
