500 3 1
58 21 83 76 31 39 65 16 47 57 35 24 61 61 99 38 20 58 10 44 68 49 50 12 77 4 31 60 83 90 6 35 47 78 14 74 9 57 5 48 30 66 36 42 24 1 46 3 97 26 96 43 4 23 18 22 40 50 99 53 73 27 50 52 83 99 58 54 62 82 30 59 66 53 87 91 51 78 58 26 85 59 17 26 54 53 8 88 26 44 2 10 93 72 10 97 40 17 42 2 32 46 32 14 15 42 39 98 46 81 86 60 99 84 28 2 82 20 49 18 24 16 84 18 2 40 76 72 6 33 28 26 38 85 3 31 36 93 98 53 27 56 64 6 64 23 80 7 25 67 50 96 80 96 73 79 82 41 81 60 94 60 21 3 73 55 26 17 3 26 37 51 18 41 12 38 97 62 26 100 43 39 23 66 23 15 71 31 44 36 40 59 68 61 28 61 62 37 99 67 79 79 61 58 96 2 53 41 90 85 27 86 8 81 11 76 13 73 30 28 37 41 26 46 60 15 98 57 59 22 68 58 70 8 48 54 63 58 8 6 41 64 27 66 91 96 6 88 73 31 58 94 46 73 40 90 3 58 58 8 13 45 87 26 27 25 7 91 99 94 77 70 10 78 21 55 33 88 79 4 4 65 93 52 65 77 38 73 11 51 59 68 76 23 3 80 89 66 91 95 45 24 43 34 13 50 100 34 85 18 32 28 90 30 42 42 8 11 27 96 10 3 95 23 75 33 42 1 95 25 53 51 42 2 86 46 7 49 29 13 58 61 84 94 78 63 51 17 30 9 86 19 90 15 75 10 96 61 60 51 78 99 12 55 98 16 88 87 72 65 79 35 6 10 94 54 23 98 61 24 5 85 51 82 18 39 80 79 86 64 9 60 17 73 45 62 45 97 83 51 64 10 59 28 63 17 70 80 18 50 25 40 92 85 60 18 91 48 73 47 78 97 46 80 90 91 28 69 17 13 46 87 30 81 46 16 31 68 55 82 90 87 60 65 71 35 67 10 68 28 98 30 30 35 68 45 22 11 65 60 26 46 29 37 70 67 25 87 86 90 88 21 42 30 96 30 63 41 21 76 21 37 88 73 41 44 2 8 67 18 29 43 3 48 92 18 3 62 62 37

19 9 23 62 3 25 21 8 22 28 42 36 36 17 10 29 20 12 43 24 28 21 45 28 11 11 40 25 28 11 25 18 68 13 34 21 41 7 2 9 1 18 21 60 24 31 68 9 15 22 9 22 27 39 2 76 9 16 8 33 6 24 43 5 52 43 39 4 65 3 39 19 28 18 44 35 15 35 63 6 27 4 20 65 16 11 2 49 25 55 13 48 13 36 32 19 34 12 19 17 10 4 85 75 4 13 38 21 42 14 51 8 12 21 34 10 1 25 8 14 17 44 20 23 33 2 28 27 17 48 2 43 27 8 60 19 38 2 18 18 18 9 4 85 49 12 4 34 4 13 31 17 20 19 14 76 2 59 14 24 47 50 68 38 72 33 20 51 43 8 15 64 58 10 4 33 39 60 53 10 55 34 3 79 4 15 13 12 79 20 49 4 5 8 2 47 18 31 30 58 15 6 29 29 15 23 33 49 5 3 45 18 51 2 21 16 9 36 47 54 8 33 27 49 18 52 14 32 4 15 9 27 52 25 35 19 6 1 22 41 35 12 1 15 43 8 29 2 36 29 1 39 27 14 33 29 49 43 59 31 21 21 17 41 16 8 60 10 10 21 15 20 3 4 5 29 58 51 5 17 22 7 32 33 46 25 39 65 11 22 22 7 63 51 58 9 50 30 1 3 11 35 17 2 12 33 76 5 30 40 8 20 16 25 16 3 2 24 4 47 32 1 63 44 3 17 14 3 76 66 4 54 62 13 28 1 39 40 9 2 16 55 37 47 30 7 17 40 19 1 4 21 13 8 16 4 69 55 5 16 27 16 42 65 37 48 56 15 54 10 30 17 25 26 25 4 15 77 11 12 5 21 49 17 39 11 63 5 16 9 15 21 1 22 3 18 3 7 30 52 17 7 50 26 19 2 19 9 2 41 46 62 6 25 22 1 21 48 50 19 23 8 58 8 3 43 40 57 22 27 40 66 4 23 3 8 18 7 4 33 59 5 3 59 13 47 73 45 57 8 25 10 3 2 43 46 34 44 26 37 73 11 32 12 17 12 23 1 64 12 63 7 10 3 6 15 38 32 44 28 36 76 44 76 33 5 27 11 1 48 93 30 32 19 87 35 25 34 20 17
47 22 64 71 61 75 22 10 42 66 46 44 61 24 56 42 58 29 53 87 52 41 51 53 11 44 83 61 83 28 30 23 91 80 46 34 60 64 9 30 9 56 31 72 50 43 68 13 68 61 35 51 62 41 8 87 11 41 49 53 56 62 65 80 75 91 49 53 75 14 71 33 32 58 53 53 57 75 82 57 55 8 32 83 51 46 2 68 32 64 15 50 59 65 51 84 65 71 25 48 24 5 88 93 67 14 47 35 47 18 53 17 86 67 64 18 88 52 26 48 33 66 63 27 43 70 81 48 69 81 31 68 59 45 85 23 82 21 22 24 50 12 20 89 61 14 46 46 24 46 71 19 29 54 45 80 7 67 45 79 69 56 76 79 75 48 69 91 47 55 31 75 62 67 51 81 80 71 82 54 71 59 21 92 50 16 28 34 81 23 61 20 22 28 65 93 21 57 39 63 52 11 30 37 46 24 56 71 47 77 46 59 75 17 26 30 14 39 64 63 66 59 43 85 60 73 69 60 70 39 70 37 52 39 84 26 14 61 57 62 88 34 15 43 53 33 39 74 73 52 21 45 47 80 86 53 60 64 86 40 41 25 62 44 39 55 75 60 26 78 53 41 38 43 18 93 62 65 37 71 75 41 37 49 74 26 49 81 40 53 66 35 82 74 93 29 58 80 48 93 31 47 47 5 22 88 77 11 35 65 67 83 17 75 42 65 3 66 8 61 81 1 96 45 72 46 27 29 80 79 24 63 80 18 75 26 40 80 26 34 94 66 49 50 65 39 54 47 48 19 33 46 40 18 41 18 73 59 18 50 28 85 44 78 41 66 57 90 76 42 55 40 36 27 59 9 87 91 63 54 8 62 60 54 69 89 75 51 25 22 74 56 11 74 63 81 48 28 72 64 40 43 85 61 90 30 37 80 4 68 53 69 46 84 43 63 24 63 50 30 25 14 68 77 75 49 46 64 26 35 41 81 55 24 38 10 92 21 36 36 61 13 48 68 49 54 86 57 94 33 67 37 7 4 43 96 44 57 70 60 80 95 91 29 67 80 60 60 65 31 87 11 20 28 19 45 55 52 57 56 40 93 56 86 60 41 45 40 88 57 96 42 41 23 94 55 69 53 46 30
81 100 72 82 68 86 88 86 82 94 47 83 89 92 81 79 72 65 57 96 84 43 87 87 60 88 90 88 93 55 32 71 100 82 79 55 76 66 25 100 83 82 69 98 90 81 91 47 91 96 52 79 65 85 19 90 83 56 100 62 80 77 97 87 81 93 98 75 86 67 91 33 97 98 75 82 70 99 94 92 65 80 79 100 81 68 67 71 93 74 86 66 72 85 82 100 76 81 86 51 45 8 98 94 77 21 74 74 88 70 94 50 91 84 67 88 98 63 61 85 46 81 72 93 70 82 98 99 84 91 48 100 68 77 91 99 93 94 46 49 88 88 74 97 69 40 60 48 42 98 97 49 43 67 63 93 92 87 61 83 77 72 83 98 77 55 95 93 73 100 36 93 98 97 81 82 92 89 97 60 79 94 23 97 92 86 67 88 87 82 94 94 57 75 84 95 86 62 59 77 80 56 96 81 90 46 69 75 73 100 73 92 90 24 68 31 54 97 92 77 86 60 61 92 61 98 81 75 70 85 89 82 63 66 89 48 35 86 76 96 95 58 49 66 81 41 85 99 80 85 76 70 48 98 99 98 77 87 95 84 90 90 76 76 67 74 83 70 34 81 55 79 74 90 63 100 97 72 50 87 96 56 40 72 84 38 94 85 92 97 68 47 88 78 99 65 67 100 58 95 34 57 52 78 37 93 100 26 53 96 96 85 32 89 88 78 94 93 18 67 87 84 100 60 91 90 96 87 85 90 79 83 97 37 96 42 88 85 49 87 94 69 98 62 84 90 73 80 94 54 56 68 63 92 73 95 85 66 92 58 91 88 84 85 62 76 73 99 81 44 83 90 97 34 81 86 100 98 87 60 37 76 83 59 100 93 83 82 78 85 92 83 15 82 64 92 67 34 77 77 50 46 88 69 100 38 99 93 13 95 93 90 83 99 47 77 99 94 77 88 82 49 90 88 80 83 79 70 87 79 100 88 95 95 60 17 96 71 84 100 80 18 58 72 58 59 100 72 94 93 86 46 20 15 74 99 63 58 94 85 94 97 95 97 73 95 77 77 94 66 88 97 27 35 57 51 89 85 85 69 94 100 92 89 61 98 50 78 96 68 98 69 57 70 97 100 83 59 91 78

64 51 69 26 63 25 3 57 21 7 20 41 6 28 78 37 15 34 19 79 38 74 91 29 99 8 3 38 83 3 18 88 14 79 81 81 56 79 5 94 9 33 41 92 76 75 9 49 7 34 61 62 86 65 59 43 64 100 16 57 53 84 73 91 63 37 63 10 50 16 63 19 78 6 10 17 1 30 95 27 39 16 21 81 31 75 83 63 16 42 22 19 62 71 4 32 35 22 35 2 80 68 60 81 19 49 71 11 59 25 70 47 11 73 24 65 87 58 58 44 12 22 55 49 96 6 1 31 87 51 83 36 85 51 54 44 21 72 77 97 5 63 84 94 29 31 28 10 1 3 52 15 4 90 23 45 17 66 48 29 7 44 17 97 43 55 69 41 90 47 22 98 34 99 45 24 18 92 88 83 47 71 93 46 93 88 33 32 45 53 80 45 76 82 20 71 57 54 70 99 78 67 79 8 90 64 19 14 76 67 64 98 52 86 69 8 13 93 77 90 30 43 17 47 24 83 89 51 17 2 74 30 57 71 78 24 20 57 19 96 41 99 1 11 83 82 30 60 31 34 75 18 7 84 70 32 66 42 72 60 53 88 93 86 57 81 58 98 65 34 31 11 35 49 19 32 57 92 79 52 21 97 45 100 68 83 41 24 33 98 74 52 29 77 27 8 49 91 38 77 38 13 54 13 61 64 57 49 59 14 80 52 44 57 96 26 90 72 29 91 34 69 73 25 11 15 51 10 75 71 49 1 81 72 34 34 88 7 80 5 75 22 77 21 3 26 75 76 85 57 36 52 79 12 58 18 57 96 18 40 44 47 6 5 48 39 55 24 77 19 76 18 63 18 70 87 41 26 22 83 5 96 99 33 54 18 51 43 92 88 32 40 43 73 79 84 68 43 86 21 98 58 16 72 84 2 30 26 59 66 100 47 37 56 65 95 16 27 65 100 38 4 56 25 33 46 72 29 95 83 54 69 96 75 60 15 24 76 96 12 38 51 17 21 40 13 55 49 26 12 31 92 64 21 72 47 15 95 44 47 47 100 36 30 52 74 65 14 37 8 3 65 40 41 32 55 9 92 52 75 63 99 78 80 99 83 20 17 52 37 69 94 64 30 53 92 88 37 44 55

377 409 4296 2860 4140 117 84 94 3434 1392 153 1034 1334 286 219 3601 5765 336 752 306 940 776 1697 226 1529 1161 530 1219 4011 2707 1771 302 3591 507 293 2379 740 2968 2692 1082 482 2614 537 3699 3179 4500 931 2471 2938 4891 316 916 1636 886 1269 1373 4703 533 2629 147 368 1755 809 2295 3416 2270 1650 1547 5256 2017 5388 870 2905 4960 1040 740 948 903 1446 1115 2970 180 446 1575 2890 6072 4588 893 271 1306 2693 425 1428 4745 837 128 540 533 3166 295 378 3023 791 847 5329 392 589 543 1652 614 678 1296 3134 337 2037 344 3571 2203 5702 103 576 990 1270 924 740 60 136 938 1669 724 2250 1619 346 368 1106 190 2200 1527 3608 7179 512 119 221 6415 1138 1197 243 643 932 206 1186 149 4965 705 5213 270 1188 1067 1445 297 352 887 212 567 105 554 2827 136 2442 2135 1624 1098 1179 579 3905 597 2425 302 2644 1145 2502 564 7249 4052 1908 4641 5686 907 251 581 1988 238 220 684 125 992 1211 308 181 283 679 103 1096 1925 2235 203 3352 3086 2148 3184 1366 3445 1393 1755 742 653 1845 121 1980 5550 575 248 2290 2148 533 1657 836 2556 1378 259 1161 4199 406 102 523 156 1869 1968 159 436 3325 533 3306 1665 1292 309 1428 1149 775 1394 1629 949 72 152 518 474 2789 880 4458 387 450 150 552 5833 5437 2313 3274 1828 2776 1182 289 2145 189 321 1168 621 565 1204 1124 528 1326 647 103 2067 498 283 1135 1903 6585 5096 2626 204 989 199 4699 1244 2410 802 1651 562 72 1461 4932 202 3127 809 231 3762 2095 58 554 2112 298 525 4369 299 312 1153 1323 1227 819 2069 1726 190 185 767 141 1067 5627 5956 8564 360 1347 248 956 403 581 1293 363 1248 984 2034 1528 146 571 181 779 4287 2857 895 1973 171 1383 1263 231 708 2065 425 3490 751 556 3261 999 1429 1182 366 3139 1153 95 1742 497 841 1682 1787 219 1476 3607 246 687 741 258 211 606 120 812 1434 647 131 1159 700 7898 236 3322 331 1974 655 1575 849 1940 640 603 2065 223 1442 2876 1726 7408 407 145 624 769 1461 565 1556 113 3633 229 1402 1139 1890 3083 641 50 965 261 1568 1468 1116 711 231 73 2173 668 1614 2753 41 1555 2818 1103 1116 583 5021 1046 209 1626 1586 5860 274 3414 2385 235 569 2847 878 446 2005 3333 2526 3752 120 86 3750 363 99 685 259 33 385 430 1206 889 649 932 984 3180 515 265 3220 150 1124 3458 3269 848 1709 4905 2266 787 1449 231 644 97 98 1592 2357 1099 752 319 1167 2603 1549
1310 645 5128 2883 4173 774 4105 1475 6792 3584 506 1602 5787 969 236 5310 6604 1142 1927 3665 1785 1383 1707 5711 1605 2174 2246 2037 4424 3142 1925 374 4733 897 1993 5207 4195 3845 2694 1733 4377 8128 3359 4488 3987 5855 1894 2668 3096 8800 1085 2064 8363 972 7118 1427 4786 1528 3190 643 2852 3995 1187 2476 4002 2577 6905 2161 5350 8605 5865 2304 3357 6846 1754 1153 1051 5934 2387 2345 3503 275 1131 2309 3969 7593 7422 933 4255 3033 3824 500 5464 6065 1510 3591 542 836 3853 435 3602 4562 938 3462 6162 1925 6740 1349 3272 698 747 4066 3564 2383 4377 1844 3666 2956 7976 2786 4028 1944 1725 962 2193 1526 239 2919 1695 1456 2494 3224 739 1193 1925 1055 2793 2789 4919 8051 2719 261 687 8425 2101 2251 957 2912 1076 1405 3503 1258 7051 772 7027 728 1387 1288 2701 7093 1124 1428 2116 2921 777 2967 8014 1028 4582 2453 2759 2516 3129 3150 8105 1115 4634 1668 3967 1218 2918 913 7979 5157 3014 7440 7989 1720 1849 1316 2052 1472 1498 3411 2818 1538 1416 611 3376 518 1451 782 1741 2599 2659 1088 4818 4071 4979 3750 4445 8558 2797 3998 774 966 2716 954 3395 8362 2548 2748 3852 3420 879 2965 5973 2771 1748 2367 1367 6533 690 895 688 218 2853 2480 2134 687 6433 1816 6118 2082 2266 1805 4082 4284 3024 1822 2614 9604 1144 2050 859 1156 3193 1156 8724 747 2892 314 2321 6901 7843 3182 4905 2037 5646 4694 3775 2325 6795 2367 2432 3528 2076 1738 2058 1667 2879 1525 2336 5200 549 1245 7905 4035 8278 6451 3044 1211 2276 448 5204 2550 4065 1145 3368 652 267 4378 5294 254 3739 2780 452 4233 2346 539 1186 6364 5025 1297 4536 813 2687 1429 1391 1462 1973 2824 1904 5205 3488 1158 327 1753 7112 6709 8612 1964 1973 3937 4539 1914 692 4210 1052 4427 1066 6727 4380 3247 835 3663 4270 4303 4242 3965 3589 995 2169 4328 1683 1259 3727 1119 4948 1318 6261 4307 8282 1559 5086 940 4915 1232 1534 2235 1509 2023 1717 2157 1785 1966 4605 630 2970 1119 395 4189 668 1363 1254 5625 2540 155 3079 1702 8825 1238 4159 392 6560 1530 8260 1654 1986 4781 7004 8797 531 4411 4191 1849 9311 2073 1787 3833 1336 2992 4972 2662 138 4750 415 4677 1250 2485 3232 1717 460 1096 1920 4332 1955 1242 776 1521 2948 2366 1553 4188 4834 1598 2725 3510 1582 1839 782 5686 1682 3704 2484 4053 6313 7956 4281 4394 2640 1482 2929 1160 1339 2120 8894 3762 4151 1319 1160 4341 2192 7787 2847 419 1103 764 573 1426 2593 1586 7350 4272 4360 737 824 4295 551 1297 4596 3476 2928 6756 6323 3842 1738 1559 957 6467 1215 5413 4765 3644 2321 1376 1989 1618 3983 2252
2930 4828 7183 3356 4772 3893 4379 8378 7878 4670 755 2155 9279 1078 1112 7893 9332 1597 2325 4068 2001 1551 2299 7740 1807 3660 4709 2186 6116 3681 2386 2125 5617 1431 2427 6168 5123 7066 3637 3776 4542 9942 3922 5566 9566 7474 2168 3830 3481 9167 1446 2175 8837 1354 9948 2491 8533 2354 3527 2091 6104 4317 1796 8220 9093 3592 9833 2501 9012 9624 6689 2493 4887 9805 3831 2442 1074 8462 2937 3447 4498 2478 1846 4576 4802 7819 7704 1329 6587 8878 4456 1182 6025 7929 4358 9945 596 1142 3921 2069 4656 4868 1741 4346 8915 2037 7358 1431 3489 3269 4345 4697 7484 3395 6739 1885 4525 3297 9979 4466 4638 2398 2397 2141 4239 2457 1210 8518 2420 4321 2679 8334 1323 3076 3278 2091 3178 2922 5076 9969 2913 2573 1427 9095 2364 3164 1726 3165 2474 2014 3706 1719 9980 1477 8058 1887 2349 4421 3759 9760 1229 1945 2142 9239 1367 4975 9057 7014 9837 2812 3513 2862 4766 4387 8125 1591 6760 2124 4394 5218 3493 1942 8407 8446 4328 7546 9129 2009 2039 1889 2464 2504 4104 4647 3086 2491 1935 1345 4049 929 7638 2211 2353 7039 2976 2236 9242 4852 6356 4885 7353 9265 4249 4273 1774 1267 3329 1273 3518 9034 3705 4495 4467 4094 2402 3824 6954 3132 2054 4259 2318 8445 1796 1321 2118 1463 6089 4662 2343 3719 9099 1894 8812 2983 3823 2071 4970 9703 7910 2169 4854 9923 5402 2116 1650 2518 4352 3103 9169 4532 3107 1472 3024 7851 9828 5609 5087 9549 6023 9854 4612 2550 7415 2528 4707 3553 4177 2265 3637 1909 3976 2431 2340 8344 815 4965 8532 4851 9967 9456 4970 1565 2409 2359 7538 9321 6307 2224 3862 1654 652 4900 6297 778 4872 6736 1525 4852 5200 1925 2058 7259 7771 4373 4617 1704 3919 1559 4495 4168 2191 4616 2028 6455 6807 5447 3088 2100 7758 7454 10012 2391 2191 4488 5069 1932 2054 6496 1529 8427 1477 7046 6650 4901 1416 4109 4624 4735 4414 4441 6830 2156 8416 6339 2086 1903 9964 1136 7652 1412 7494 4515 9642 1986 5746 1224 4979 4794 1613 3268 2557 2237 3558 4090 2036 2186 4707 1997 5855 1267 1107 8502 1965 1896 1622 8582 3753 2245 4196 2443 9348 1321 8060 8077 9667 1661 8366 2241 2350 8159 8748 9218 757 6723 4521 3507 9901 7248 2254 4199 1550 3978 5003 3142 1335 5421 429 6746 2082 4360 4686 2210 986 2033 2210 7714 5940 2416 7595 2173 2954 8462 2183 4400 7903 1675 3366 9853 2495 1853 4455 7696 1791 4907 2549 4814 9004 9194 5007 4555 3923 1678 8814 1943 3489 3020 9069 4969 10035 1412 2498 5447 2431 9367 4149 543 2173 1851 1111 1627 8005 1621 7719 9361 4873 1390 4485 7613 1705 2568 4873 4543 3270 6925 8947 8881 2471 2451 2067 9082 3130 7801 6420 4238 2899 3804 2341 1740 4086 3542

309 44 3836 113 115 36 50 80 878 1151 74 789 969 172 61 441 866 144 615 150 397 444 876 133 81 485 15 1206 3039 474 152 189 2428 71 199 1644 246 663 1165 304 354 818 381 1964 211 612 909 981 2888 3190 88 398 504 45 377 1306 4144 445 2079 94 11 636 130 2059 657 2231 552 858 3316 139 4802 95 2503 1662 578 156 327 33 1012 368 2409 64 94 208 1152 3678 3664 765 51 746 2263 403 1008 1179 681 23 235 458 377 179 327 2374 517 197 660 189 538 426 886 144 55 340 2641 150 460 156 2111 275 4776 42 251 950 1063 360 275 1 42 820 416 658 1225 435 104 210 934 146 764 1047 161 5338 139 94 151 4026 34 242 185 503 626 147 136 134 4458 239 3562 71 748 675 596 205 154 879 127 243 102 292 751 64 317 703 86 666 204 537 3190 595 1163 100 1267 826 1375 370 3761 3202 948 1710 513 526 117 74 636 154 63 514 8 2 70 59 9 69 126 99 1015 1413 559 199 2598 2484 1475 70 125 1289 1274 1013 464 128 632 17 777 3381 472 161 208 1108 95 1115 535 2382 572 152 585 2504 329 98 403 31 357 1244 119 357 1941 25 1104 114 389 150 427 59 563 879 1452 39 55 139 506 273 997 557 2318 36 156 134 459 5056 5436 1285 1164 598 2528 163 238 477 173 147 462 604 181 578 662 61 1115 589 59 1584 470 66 761 1119 857 1525 1818 168 187 2 33 1013 1715 436 1268 560 47 441 330 73 2400 309 172 2405 153 22 374 354 33 220 1011 58 162 358 1263 541 282 28 202 177 5 150 87 413 3721 349 8509 226 509 233 311 237 388 135 12 129 145 722 1312 46 542 135 225 1426 430 505 1670 146 683 267 69 418 106 100 501 375 319 177 804 604 31 16 2951 508 8 437 352 160 1090 1293 194 579 3163 15 639 137 211 180 242 56 774 151 268 71 596 673 3631 187 2751 202 879 151 535 369 1528 225 195 549 40 51 1107 1126 2366 332 40 354 387 888 109 862 106 1720 19 348 367 594 2772 9 15 217 58 1186 443 877 197 153 64 1267 256 1485 2493 40 727 354 747 882 250 747 39 63 1330 770 5389 215 3055 1488 72 521 27 726 156 1132 815 262 3749 109 26 426 248 82 599 5 17 304 97 222 9 225 233 324 2673 512 159 2249 130 395 584 3136 323 95 4694 741 766 73 12 125 90 93 989 2274 663 606 254 737 1097 405
