500 3 1
37 54 48 13 46 96 16 21 63 54 87 1 8 13 70 73 23 88 14 83 35 34 89 36 91 26 48 41 55 11 35 54 65 18 26 86 40 92 85 42 66 34 34 31 13 27 39 1 9 72 36 9 6 90 41 29 1 65 52 5 21 82 71 82 35 84 24 72 94 11 41 76 7 87 20 20 68 36 55 9 61 52 20 78 13 72 30 67 83 3 85 95 17 65 99 68 87 31 60 68 97 83 91 96 89 46 99 90 72 90 31 55 67 84 10 93 88 83 45 38 41 25 48 18 79 92 29 72 91 47 28 23 56 75 43 98 1 56 80 72 70 57 88 60 65 57 17 48 84 22 99 92 8 20 37 68 62 98 51 29 66 13 26 94 79 24 68 50 13 22 54 32 54 68 22 62 88 61 100 22 33 77 85 15 72 35 96 97 52 27 20 18 73 30 77 20 11 18 77 50 45 42 63 38 2 99 71 85 2 89 42 70 78 60 30 88 53 36 62 10 77 93 32 55 94 42 69 74 49 95 36 9 29 65 61 27 42 39 66 50 9 85 28 95 40 58 20 36 90 79 3 17 5 3 25 25 89 43 93 49 24 7 94 13 9 37 3 8 94 9 55 71 74 35 53 4 81 54 49 28 2 93 47 77 21 80 10 13 49 41 27 35 98 64 35 2 6 97 26 54 11 78 65 19 65 57 97 83 84 88 50 11 83 10 72 44 39 99 97 63 63 61 59 45 44 20 26 78 14 25 31 5 71 88 55 20 18 4 96 10 46 100 84 18 60 86 44 65 32 61 78 19 7 7 95 68 32 13 12 49 6 76 61 88 38 85 28 92 100 66 49 70 95 6 66 51 22 24 51 43 18 9 19 12 74 47 94 81 86 57 97 30 43 38 91 66 98 47 51 19 92 88 60 1 85 28 35 83 27 47 62 70 71 14 34 86 99 91 23 41 62 75 80 35 61 27 30 33 68 100 76 53 35 28 20 76 31 80 23 2 48 76 90 98 69 1 18 85 91 89 35 80 6 16 97 31 96 30 93 72 85 33 25 67 38 97 25 92 47 2 45 22 4 57 85 51 23 76 43 10 26 81 68 93 12 39 90 74 73 98 98 67 32 19 98 21 43 16 51 23

2 75 26 17 4 18 42 11 37 4 60 5 13 2 9 9 27 29 46 12 55 21 91 44 23 30 14 35 14 25 13 41 45 11 1 83 5 13 7 17 77 32 13 11 23 39 13 52 8 20 19 29 20 2 18 54 22 9 3 34 16 1 13 12 1 2 33 13 6 79 50 24 26 7 46 8 52 4 55 17 38 56 78 6 18 34 15 3 19 16 10 14 26 11 4 28 72 48 2 49 1 1 69 24 12 56 18 31 12 33 47 66 3 30 57 41 25 31 18 63 68 16 11 2 28 25 17 7 43 30 6 52 2 18 30 23 16 37 23 15 28 27 24 12 13 62 37 8 3 1 8 53 2 31 11 77 30 20 63 23 2 16 5 33 20 1 15 69 47 9 31 4 29 2 15 16 2 57 1 8 23 3 9 10 31 3 28 23 6 23 5 9 19 30 6 19 66 53 11 14 16 23 57 25 70 22 31 8 1 31 41 12 27 5 7 9 23 15 7 16 20 6 52 39 39 13 7 30 20 27 17 34 44 10 10 33 16 57 25 17 29 27 10 62 87 29 6 13 43 17 43 10 5 17 25 16 6 3 45 4 29 12 61 53 17 5 22 42 27 34 42 52 29 41 9 10 18 26 16 6 7 28 10 52 68 30 31 55 29 4 12 61 37 16 33 11 58 22 3 23 24 15 26 74 6 56 21 29 21 56 41 6 28 18 5 2 9 10 37 6 5 7 13 45 25 28 9 6 61 30 6 43 11 46 7 46 1 33 46 53 39 30 49 3 5 48 3 7 19 21 42 10 31 17 23 32 3 43 8 84 14 4 87 2 14 2 18 15 26 10 40 5 34 8 35 59 3 4 35 11 10 42 84 28 19 46 14 3 4 27 10 12 28 35 2 14 2 2 11 25 13 41 11 57 56 14 13 37 5 30 43 46 5 11 77 44 43 12 2 21 65 29 58 39 7 15 20 20 28 14 46 5 78 23 21 19 45 32 16 17 5 7 22 21 26 41 4 22 3 28 55 22 38 12 39 37 16 18 4 10 25 41 23 1 4 40 6 31 39 10 7 35 8 53 11 1 5 15 48 49 22 51 26 13 29 5 19 33 68 54 8 18 38 75 8 3 33 35 19 31
56 83 64 27 8 22 47 86 78 17 64 23 67 6 71 14 53 60 66 26 56 61 94 59 36 56 18 63 43 60 14 59 76 12 37 94 15 82 34 36 99 47 45 82 49 44 78 67 63 30 54 33 30 12 58 70 68 27 3 47 73 53 92 13 36 58 34 21 27 85 72 76 29 77 74 44 86 47 63 40 71 74 83 9 20 46 61 12 43 20 16 43 29 32 8 48 85 99 65 87 81 73 80 55 59 83 49 46 15 67 51 87 13 39 72 53 86 39 61 85 71 26 35 91 44 71 51 18 56 62 47 54 50 37 52 25 42 50 46 59 36 39 27 50 36 72 41 46 44 48 24 69 23 54 53 78 52 75 74 75 11 57 74 71 69 50 22 71 86 34 50 9 58 16 47 22 33 80 10 43 70 38 20 22 57 8 40 55 29 59 41 46 83 81 60 93 82 99 30 87 17 28 69 27 76 76 42 20 12 31 57 26 42 29 50 50 48 18 28 19 28 22 71 47 67 36 36 37 26 60 43 47 44 67 22 39 51 62 70 23 44 47 17 78 92 51 39 32 64 30 48 24 70 23 60 34 85 19 68 55 76 22 74 72 97 35 44 84 52 68 42 55 55 51 30 45 39 74 72 12 55 63 11 76 86 53 62 69 77 33 40 72 41 48 87 14 85 71 5 47 54 36 86 85 32 61 69 37 55 75 52 44 53 56 78 78 66 78 41 9 22 40 38 68 76 71 22 59 82 36 77 61 16 77 16 51 60 51 61 80 47 48 52 34 20 84 46 42 60 22 75 25 70 85 82 43 94 73 10 88 37 37 91 34 50 56 45 21 52 82 52 25 47 35 35 69 67 4 60 35 54 44 88 73 31 65 70 36 33 48 23 54 52 48 57 18 39 24 20 59 31 77 77 78 56 24 58 70 28 59 63 59 47 56 80 51 57 31 83 52 73 49 59 90 25 87 75 23 70 31 57 71 86 35 95 67 63 79 41 50 8 36 73 42 47 62 7 80 9 68 72 44 66 18 47 56 39 38 81 77 42 76 76 21 7 72 81 32 57 27 53 47 27 89 44 15 11 15 48 85 63 58 39 18 60 75 38 51 73 86 10 55 41 84 36 60 47 37 58 36
59 84 80 46 15 41 92 92 78 83 92 54 99 42 81 69 62 63 92 56 58 100 98 91 37 72 37 64 56 88 21 91 88 71 67 95 83 83 61 84 100 61 47 85 80 88 81 97 78 52 85 99 69 67 62 95 94 42 7 79 81 78 99 53 92 99 90 76 58 87 88 91 49 87 98 61 89 71 95 47 73 100 98 56 38 85 62 93 71 46 97 62 89 53 9 61 95 100 100 98 92 83 92 79 86 84 52 92 27 92 53 98 53 74 85 75 89 85 96 95 91 35 55 100 97 89 51 58 81 90 84 99 81 64 69 63 94 66 99 95 100 70 37 87 82 79 99 70 95 71 38 69 44 94 56 92 83 90 75 97 48 73 75 83 80 65 79 90 98 96 66 61 70 63 97 77 57 100 16 89 85 54 78 54 71 20 45 80 71 100 83 52 85 86 70 95 91 100 39 90 31 86 73 68 100 80 83 52 79 34 68 87 45 55 53 53 67 86 89 57 54 84 81 76 72 80 93 47 28 71 76 67 59 71 74 59 97 83 100 28 100 77 72 99 99 99 84 63 97 70 59 93 95 44 79 68 94 64 99 96 98 33 99 95 98 84 83 98 59 69 78 61 76 78 54 79 53 79 95 57 59 84 74 92 91 81 81 98 96 55 97 95 75 60 94 33 96 79 20 81 56 91 99 99 85 94 79 59 81 76 75 72 55 91 87 82 99 81 88 37 43 82 77 72 94 92 41 77 92 71 86 91 81 94 25 77 98 79 84 100 85 75 72 64 31 95 54 68 76 58 96 30 84 90 96 47 97 94 61 88 65 94 100 94 100 64 58 93 83 89 55 58 61 63 59 78 78 35 100 86 86 85 90 88 44 90 89 59 37 93 96 58 82 87 76 71 80 93 95 66 80 86 94 98 91 77 66 77 29 96 99 95 90 64 84 89 82 68 85 59 81 71 73 94 29 93 83 99 77 76 92 71 88 87 98 70 97 90 68 71 82 62 93 72 96 95 35 87 19 72 93 44 76 29 83 68 58 86 82 86 49 90 97 30 14 75 94 40 97 37 73 69 92 91 44 81 19 17 62 89 75 89 80 89 100 84 96 66 99 89 49 66 91 89 57 98 54 81 95 56

88 96 45 43 61 53 20 28 54 87 65 52 18 5 4 78 73 7 10 90 35 87 22 99 54 79 54 19 37 74 94 47 49 5 29 56 39 50 40 60 78 48 83 81 90 45 2 54 99 21 49 36 12 58 93 25 94 36 31 82 61 28 42 95 72 33 44 40 66 71 54 49 31 37 100 68 83 84 67 98 46 66 93 55 17 39 23 30 77 65 86 92 7 79 6 31 86 17 35 85 11 29 76 94 65 54 92 28 42 11 49 13 75 80 44 36 12 2 34 55 36 20 70 34 31 52 100 32 81 31 75 73 29 22 7 47 76 1 26 34 58 39 27 37 1 61 85 8 7 39 56 51 3 5 60 68 67 17 31 20 99 25 79 38 4 76 88 57 17 96 37 37 11 76 55 47 48 58 30 95 21 92 66 26 6 8 27 7 24 9 51 12 36 26 46 42 86 21 85 20 42 70 92 17 11 26 12 57 55 54 31 10 74 32 4 62 8 26 72 54 31 60 19 81 52 12 26 91 95 37 17 88 41 36 49 12 95 8 100 10 70 41 33 6 57 90 41 27 86 59 45 11 42 74 3 25 67 13 46 72 23 97 30 8 2 87 45 51 74 65 64 67 52 32 22 92 12 24 62 40 96 41 92 4 12 42 63 49 60 36 28 84 51 14 55 66 82 18 10 39 62 65 12 62 21 47 30 20 41 5 20 67 8 52 54 33 29 94 38 61 61 75 38 45 93 45 65 80 19 9 91 83 85 3 6 12 78 34 6 28 31 94 43 7 80 9 10 2 40 42 72 12 76 63 20 38 55 15 10 69 8 44 27 31 26 83 80 82 34 25 51 35 55 41 61 20 22 78 86 100 10 41 62 17 48 74 23 74 84 89 19 43 63 99 7 64 35 74 78 48 32 47 47 76 11 46 47 36 59 97 45 67 22 16 71 76 12 54 25 27 36 22 91 28 54 87 96 7 96 12 66 23 44 72 79 86 16 26 96 92 90 61 63 58 43 6 35 70 63 1 35 52 28 26 73 35 39 89 42 76 16 53 53 29 51 14 96 28 67 30 97 4 9 28 72 14 60 81 15 7 53 84 95 72 73 73 40 38 67 12 100 9 23 27 11 48 12 54 60 60

7670 1570 743 2707 155 228 1135 108 249 1153 911 124 14 1304 1528 401 1236 529 97 352 245 724 6445 2253 681 643 933 355 1734 201 1169 864 503 424 4282 2816 1312 210 2387 2896 561 1000 317 441 1395 2495 562 1950 454 1517 242 676 942 1903 848 4142 711 1577 1467 2752 56 320 2173 333 5093 120 306 722 2044 22 908 1717 3757 1688 1017 153 198 176 6047 3485 278 583 212 1012 1328 580 162 264 2706 570 6301 397 219 3156 550 1924 2617 3499 1259 696 520 617 335 2720 3419 1161 1891 730 2273 1126 855 674 2982 1550 386 591 6862 1074 367 1389 270 141 1176 2264 511 2959 489 1718 144 4419 214 2175 455 1862 3849 432 6925 810 3207 3843 471 2246 263 1509 3337 2664 813 169 3492 316 1483 6754 3162 1825 227 1332 1450 255 160 1791 978 881 1711 628 734 2711 2390 1437 1207 2009 1485 1034 796 1100 2018 1041 1192 779 313 3561 967 255 3507 723 1889 2001 277 876 861 4921 2277 913 626 550 708 2061 46 7172 1023 6068 1520 1440 586 1461 162 138 394 2005 4821 1166 269 811 891 5576 1250 369 2854 3481 596 1746 1239 3947 1069 379 1297 691 2666 4788 59 678 2803 132 38 3651 665 1847 1439 1953 954 403 1797 1662 1286 1050 276 507 1699 1867 1202 382 4176 1958 1419 216 934 478 3923 394 994 2455 5043 2265 1276 468 175 4746 2359 1533 1933 4248 564 1382 485 541 886 3518 376 510 1910 2526 1493 2679 4722 2473 836 7211 34 429 165 2341 475 272 1581 686 3969 58 1369 444 334 3529 2588 317 565 290 256 313 5882 381 1902 1794 1942 614 5731 599 486 2235 450 2112 1067 103 4324 202 766 1027 2691 1828 463 3003 218 33 274 1536 478 6620 772 635 1405 1842 427 110 3523 1291 783 1421 758 703 91 1375 3452 1370 201 327 1299 279 358 2556 1040 16 401 715 1690 186 657 311 1852 515 1057 2171 2132 1090 80 1774 754 223 986 250 2297 602 1868 846 76 1840 293 570 4114 1926 1043 184 796 3814 816 322 544 2056 839 390 197 6407 609 796 485 2023 1060 2268 1065 608 1378 685 860 506 399 1066 567 1052 2246 3828 501 180 2218 366 1690 308 544 592 278 1711 89 3915 533 602 559 2175 791 507 1723 292 1150 92 4083 2883 486 1895 643 701 454 1940 1676 440 2028 121 611 1029 908 802 186 1765 3861 3877 3671 547 475 533 2183 1547 51 1185 1790 563 1057 228 1513 1906 3570 258 2122 7658 474 4347 176 3448 403 507 89 527 924 1176 1111 265 843 142 487 1548 676 352 583 4463 1692 1214 474 669
7872 5000 6263 3124 2230 1466 3909 220 1080 1241 1137 280 659 1484 3506 1616 3987 1126 715 376 2192 4611 7626 8020 689 1124 1442 514 2244 285 1510 7081 917 555 7501 3142 7497 1446 4126 5519 720 1604 995 1912 2367 5559 2749 3686 1766 3454 2921 1633 8614 2107 6676 4194 6604 1856 4932 3378 2000 1335 5788 1336 9145 987 3185 1012 2394 391 1194 2614 7657 6398 1125 1788 637 190 6067 5593 1375 768 336 1652 1965 1184 3589 502 4885 3254 6446 583 2936 4996 826 2286 3348 3683 1979 743 2038 1225 1114 3374 5265 1442 2477 1884 3550 1548 1113 1223 4846 2138 651 961 7505 2132 389 6413 684 4132 1714 2941 7990 3381 1234 4886 1822 6436 934 2323 842 6053 8898 645 7379 2772 3395 8139 500 2673 956 8891 3466 3938 1987 665 4052 1344 4946 8897 3419 4412 559 1467 1546 1300 660 2217 6585 1569 4803 2056 2046 3598 5212 1929 2519 3508 3120 3890 1204 2126 2335 3420 1357 3470 516 4739 1190 1165 3639 1246 1893 3001 462 1187 5051 5489 2805 3652 812 1099 3455 2485 934 9591 1128 6307 1605 8234 1080 8406 4027 339 635 2606 5723 1413 963 838 1631 6093 2999 1939 3759 6139 3759 1873 1433 8433 2640 504 1629 1398 6422 7140 3305 841 2821 1859 4296 3861 7214 1865 1938 2236 1382 438 2119 2765 7143 2005 704 7577 2859 2352 6993 653 5118 8924 3584 1406 5952 521 4457 1219 3206 3892 7120 4956 2990 2288 191 8353 4599 5040 2340 4469 4076 1771 2103 1474 1503 6026 1137 1408 3091 3705 2885 5861 5146 5411 6750 9140 1008 1630 2043 2906 1112 537 2228 1152 5267 1362 2746 736 1906 3837 6594 694 1908 557 1803 3253 6025 3346 4205 2592 4148 1169 7437 2816 2765 3572 966 2264 2881 1441 5323 333 1950 6090 4833 3339 1737 3765 860 252 1214 1591 796 7905 3392 1600 1534 2746 1773 317 9071 1946 1608 4231 1497 2131 1635 1580 3794 1508 389 329 1452 2207 763 3059 5652 852 437 1462 2472 3934 2473 922 3428 1066 7570 3614 2255 2147 209 2137 1595 1563 2104 1285 2402 1318 8398 1203 1842 2192 635 3755 4554 2044 3175 3239 2134 7978 1730 4042 1790 3641 1462 3405 1296 7944 5081 1338 3657 2801 3026 8312 1911 1535 2389 2374 1764 810 1279 1865 834 1420 3005 4178 1349 3195 3613 919 4587 960 1022 2027 633 2446 3005 3970 1877 1020 997 4681 2526 2360 6609 881 1446 158 7693 4788 3443 3511 677 993 706 3440 1697 1187 3670 1512 4358 1591 4480 901 4225 2205 5385 6953 3871 1723 1127 3942 5423 3068 717 2033 2056 3444 5059 1980 2472 2831 4389 821 2210 8772 1203 6597 2352 3727 1037 597 449 1057 2451 4321 1164 2328 1845 960 1583 1554 1714 1701 2269 7089 5410 2102 674 1078
8300 5034 7935 7568 2477 1974 7399 4922 1446 6540 1195 952 1355 1835 5128 2356 9072 4325 2019 668 3277 8349 9983 8629 2286 1127 1482 1724 2260 674 2052 8968 966 2114 7631 4179 9679 1971 7679 6178 1982 1907 1642 2244 3447 8685 4517 4790 3159 4497 7194 1787 9919 2420 7141 7241 9873 2165 8134 3696 4691 1923 6830 4442 9714 1570 4233 1545 2408 1845 1394 4520 8574 6882 2225 1865 8881 751 9224 5892 1998 2075 2232 2242 3008 1431 9284 701 4947 9220 9140 2491 3380 7490 1147 2867 6393 3705 2921 1266 2323 1547 2448 3397 7268 2418 3769 2048 3658 2126 7221 1974 8932 3130 2294 2207 8512 3165 1315 9672 2652 4527 1769 4533 9884 6155 3560 6459 1874 6782 1240 3632 1782 8201 9787 2336 7636 4640 6865 8965 1566 3196 2551 9765 5010 3983 4766 2324 4469 2251 6745 9287 4610 5013 2308 3197 1859 1919 2261 7730 9573 1658 4816 5568 2372 9095 5254 1987 3137 4296 3876 4872 2530 3115 2515 5041 9048 4226 2024 4872 1545 4590 4193 2155 3070 3931 1246 1786 7618 9161 4569 4598 5245 9115 4892 3127 1072 9718 1617 7305 2196 8965 1292 9707 4583 1042 2482 4297 6841 1751 1646 3088 1938 9925 3611 3659 5611 7969 5388 2284 2326 8937 2833 1828 2468 1648 9138 10014 4834 1970 4769 1929 8260 5459 9729 3259 1982 2438 3780 2176 2560 3460 8204 2125 2698 9569 7446 9347 8355 1907 5724 9747 4157 2250 7780 1345 8016 6953 4693 4872 9532 4964 3185 3028 1167 9869 5510 8494 4858 4747 8580 1814 2305 1560 4010 8424 1894 4174 4222 9078 8114 9170 9637 9065 7593 9145 2377 1766 3467 3038 2123 790 2575 4706 6371 1701 3425 1330 2914 4254 6669 3031 2556 1894 2085 4244 9684 4547 4817 3250 7188 2491 7965 4104 3980 4861 4953 4235 2975 1516 6681 7101 2171 7561 4976 4301 2209 4426 993 2148 1663 1995 965 7960 4584 2077 2477 3982 2213 4638 9963 2546 2025 4514 7331 2550 2298 1583 7000 4965 1701 2392 2213 2446 2439 7363 6643 1227 2130 2216 9643 4874 3621 2248 6310 1504 8191 4793 3101 2479 2073 2872 1673 4197 2183 1783 2489 1597 8868 3863 2304 2400 9759 4961 4730 3667 4147 3531 2493 8496 4985 4060 1807 4009 4613 5867 1661 8352 8717 2306 4168 3606 9078 8685 3907 2456 3530 2522 2577 3645 2382 3247 2560 1648 6718 4390 3266 4110 4620 1218 4602 2552 2135 4380 1038 3266 3885 6476 2374 2365 2177 8428 4308 4986 6672 4296 8305 487 7809 4851 4047 4061 2805 1461 1943 3462 2381 2308 6727 5639 4965 3917 9549 972 7426 3494 7942 7482 4623 1948 2427 4029 9220 5062 2102 4569 2178 3492 6293 2048 2631 4229 4526 6683 2233 9037 2870 9191 2468 4109 3303 1992 1602 1545 4800 6802 2153 2419 1856 2408 3865 2393 3214 1862 4921 8548 9472 3553 3447 2191

4115 930 530 1302 59 168 335 92 15 728 280 94 9 671 940 127 640 175 38 91 95 632 854 626 430 321 502 308 507 158 166 747 125 391 1811 1875 470 143 508 1649 514 520 135 144 1377 2261 332 90 44 1054 43 229 600 218 339 2093 107 729 308 1398 16 319 1735 73 3985 109 202 301 671 8 99 1607 1710 161 803 136 166 67 5995 1451 159 581 67 777 410 567 66 116 2399 372 2609 103 55 340 535 1102 1398 1264 1026 420 304 284 20 395 1256 405 1133 564 16 312 773 290 2683 456 99 168 2166 511 364 243 182 91 973 628 47 1344 404 325 129 392 193 171 48 692 1293 102 860 51 1647 2174 257 390 185 1136 402 1396 398 4 697 66 1267 3211 2712 1460 54 1315 411 73 100 905 686 741 1304 201 214 489 1356 496 466 1375 1121 181 327 59 944 366 60 476 45 2429 310 94 2936 93 948 1500 7 866 481 1318 2119 719 435 89 687 391 2 3841 709 5665 349 877 443 830 138 1 279 1372 4621 96 233 500 304 2226 211 113 1547 3427 570 996 608 1305 341 169 371 258 2637 3997 40 618 302 85 4 2853 127 1650 76 1371 66 378 1360 1294 1209 280 91 154 667 165 224 309 1807 808 361 171 269 319 3404 132 33 1458 1361 1237 277 333 53 1286 84 1447 850 251 498 958 260 84 587 914 270 329 1356 1650 1336 1606 2019 140 209 1495 17 220 122 1374 256 137 1323 99 3944 35 271 292 258 629 2176 194 293 115 249 111 4494 355 1864 1004 644 293 12 245 394 1614 390 246 272 16 2280 62 728 616 1589 1647 222 1927 187 6 254 1230 48 2409 79 568 671 1417 1 62 3160 322 680 1310 613 106 52 572 1619 567 14 161 727 141 297 803 456 8 162 587 621 33 199 159 1487 137 40 636 1219 967 78 458 44 210 810 243 2160 413 1253 400 28 327 263 129 2859 1372 873 30 640 650 234 110 401 1066 385 137 102 2222 144 126 161 1579 1050 330 459 108 1310 71 123 432 330 651 242 688 2231 1541 41 58 268 70 1537 225 157 345 228 727 32 2884 307 388 352 1059 734 72 299 112 350 62 2568 2389 429 1383 65 677 61 1467 108 77 1146 114 361 153 334 683 31 41 119 293 1895 330 68 512 481 1134 43 142 1528 450 36 6 1373 395 3394 189 761 1723 293 474 62 1468 192 285 38 159 75 216 429 155 198 34 485 863 477 65 577 3691 1266 991 148 104
