500 3 1
53 23 77 62 21 36 27 31 19 34 34 50 31 49 42 4 66 7 36 78 17 65 76 3 62 64 48 82 90 36 39 35 78 16 9 73 10 52 81 3 82 57 10 89 42 11 80 4 80 42 59 94 62 15 72 51 30 67 64 5 56 58 95 61 37 35 71 49 14 45 18 99 11 51 8 51 62 60 71 68 56 5 12 65 9 50 39 28 8 63 97 65 83 37 95 51 18 16 99 64 92 60 14 8 14 33 40 34 44 67 47 93 40 86 16 50 27 35 65 99 86 72 53 76 50 34 97 41 90 4 29 16 95 1 46 15 75 27 95 67 85 35 8 54 69 32 2 84 46 95 21 25 62 58 45 69 17 99 72 42 50 54 88 48 79 54 66 86 85 53 87 49 62 5 79 40 64 56 92 16 92 49 19 12 21 33 49 32 45 66 6 13 75 66 53 10 5 66 24 25 75 48 71 16 89 61 97 11 20 27 49 52 6 71 30 5 10 85 72 64 34 71 74 12 38 52 41 96 10 53 87 10 32 76 45 48 59 37 48 72 99 79 19 78 27 21 80 25 68 54 67 55 76 46 78 59 38 37 76 47 98 34 58 19 3 99 61 79 28 46 43 38 52 27 34 94 65 86 83 95 26 4 79 43 68 7 64 36 89 14 82 51 66 4 67 68 12 69 76 28 30 70 98 60 6 25 35 41 29 79 85 47 6 79 2 51 78 18 33 41 65 94 42 91 50 43 1 72 15 74 80 47 67 45 7 36 93 51 47 67 9 19 67 31 17 69 65 70 26 8 38 21 61 26 60 40 2 82 89 82 95 77 61 42 26 89 78 12 9 13 48 80 25 37 16 55 44 62 87 100 46 28 33 66 39 9 7 7 11 96 2 92 78 100 50 64 14 22 6 10 71 84 67 95 62 7 71 32 12 87 85 46 61 48 54 85 3 11 8 16 54 48 5 18 62 39 98 98 40 5 27 16 46 70 73 4 6 10 61 37 62 55 29 5 84 94 16 95 69 22 30 23 62 52 9 1 86 55 93 57 87 8 9 69 93 90 30 69 20 81 22 43 73 3 99 38 32 36 49 39 27 84 42 79 25 85 46 30 54 48 87 47 94 73 48 47 79 47 22 92

52 31 16 41 52 9 4 10 35 42 2 36 12 25 61 35 3 33 3 6 31 16 6 41 13 15 77 7 45 19 55 16 23 20 26 6 22 30 36 25 4 9 11 32 2 50 54 76 48 3 20 19 77 6 8 6 21 8 22 7 10 2 46 55 25 55 49 20 24 37 12 6 43 40 1 79 11 30 54 55 39 68 9 54 9 32 58 17 67 5 4 20 51 3 13 71 43 27 14 6 9 9 18 51 20 51 17 31 14 1 5 32 15 5 23 4 17 27 52 11 32 51 7 34 16 39 3 22 66 44 65 10 7 61 7 16 21 14 11 1 64 3 18 50 30 6 68 31 12 33 3 43 1 20 8 26 17 19 26 10 4 27 15 55 17 9 34 46 15 31 70 5 12 1 45 26 23 32 19 4 6 43 12 30 21 52 31 9 9 29 10 30 43 35 23 34 14 51 13 9 25 6 24 28 21 60 1 38 51 3 24 10 46 33 17 19 64 1 44 7 18 37 35 5 68 24 2 21 76 35 40 14 36 20 49 4 27 51 19 7 8 18 35 42 25 29 11 71 29 18 23 14 54 2 36 5 19 22 24 79 23 46 37 19 15 67 32 13 32 39 20 30 22 50 3 4 46 7 9 14 14 28 69 35 66 11 36 21 26 51 7 49 18 37 77 1 17 26 2 6 55 4 49 59 15 28 75 4 28 58 15 2 27 7 24 10 44 42 13 9 3 19 19 8 53 4 45 9 7 37 34 14 75 35 25 10 38 35 5 19 8 9 9 19 22 13 11 66 43 11 1 63 27 55 10 20 34 30 67 11 11 56 5 3 6 15 8 20 3 52 1 2 38 2 30 36 16 52 17 25 21 62 30 46 42 28 10 67 11 58 51 32 25 1 25 33 54 54 73 7 11 29 36 8 31 22 2 32 63 3 61 10 12 28 31 8 55 52 51 12 61 22 30 33 20 24 44 9 49 4 23 20 16 16 21 8 25 24 21 18 9 1 23 41 23 30 29 15 89 4 57 3 16 18 20 5 34 8 3 30 3 24 59 61 56 6 1 73 5 5 2 33 2 22 5 13 36 63 15 4 31 22 1 10 15 49 22 31 35 6 44 78 17 5 48 25 14 75 44 1
63 89 20 49 68 45 76 61 80 74 66 44 51 56 73 50 15 40 51 30 83 71 23 79 50 15 87 41 62 70 65 35 62 42 56 18 61 77 92 54 61 34 21 61 42 89 59 84 51 80 40 78 81 28 85 45 68 18 63 30 67 21 88 65 60 56 82 30 51 39 25 10 78 69 24 80 81 31 62 67 66 69 9 80 41 61 61 49 88 17 66 60 85 58 95 73 48 64 27 44 54 24 70 73 47 51 68 59 34 35 31 56 28 63 24 7 37 72 64 83 44 71 43 40 28 67 33 25 69 70 69 33 47 66 11 45 24 17 48 18 90 14 20 59 76 39 81 60 75 64 38 71 7 20 60 72 44 69 87 68 63 57 86 75 32 15 37 46 80 45 72 9 17 54 66 32 63 37 33 85 50 50 69 30 34 53 33 61 32 75 63 64 56 73 82 73 20 74 19 44 27 62 85 39 79 87 28 58 74 15 69 31 55 45 51 45 87 53 62 77 38 40 36 58 93 44 4 44 88 45 60 19 53 39 51 56 47 64 20 70 43 23 64 48 42 45 55 75 70 76 32 62 75 27 75 12 45 36 39 88 27 88 50 57 18 67 36 96 33 80 55 88 70 73 7 48 55 55 13 18 30 37 82 82 76 64 84 31 50 69 29 73 33 59 88 74 19 40 30 30 59 46 71 89 53 72 92 11 34 81 17 22 92 27 60 21 46 67 41 42 14 48 68 33 61 17 68 32 14 40 69 68 80 75 84 23 66 58 6 59 69 16 31 19 27 31 14 94 90 61 18 86 79 79 33 39 85 53 89 65 29 66 37 30 17 35 64 48 51 85 46 81 58 10 48 61 24 58 24 36 83 70 36 61 65 43 43 91 17 97 54 42 50 13 36 56 82 62 79 71 19 64 40 15 36 73 45 76 78 18 88 29 36 38 77 61 66 69 70 29 95 52 37 47 39 58 47 52 79 63 56 36 30 66 24 72 27 25 25 30 36 29 48 56 44 60 36 38 92 46 59 12 26 51 48 11 47 18 5 39 46 63 70 82 68 56 65 73 45 81 66 34 7 37 38 25 36 75 26 16 62 71 79 55 72 69 25 66 41 23 45 91 85 6 61 31 41 86 87 78
71 97 76 59 93 52 81 62 88 91 100 80 65 69 94 93 21 82 81 45 100 100 62 96 76 88 88 74 68 72 83 86 80 48 57 66 64 94 97 56 63 93 91 69 81 95 89 96 73 90 41 87 89 64 92 87 75 83 92 44 87 25 97 73 85 61 90 99 82 63 46 31 83 76 52 83 97 55 93 99 80 70 43 95 95 86 85 70 92 26 70 79 96 90 95 79 66 64 46 87 84 32 78 93 87 57 73 78 38 94 58 65 100 100 94 95 96 77 97 93 73 91 100 52 46 90 51 42 100 97 94 95 69 78 32 94 93 90 83 78 97 17 73 66 82 74 87 60 84 66 47 76 86 94 62 99 94 73 92 95 81 90 92 96 42 65 78 71 86 97 92 67 37 83 76 74 82 79 56 97 57 66 74 99 55 73 76 64 38 97 65 93 98 98 84 86 20 96 69 61 87 63 92 66 83 97 70 63 75 30 92 58 68 80 93 68 96 58 85 86 45 85 46 78 96 69 8 56 91 49 92 48 58 88 82 76 80 74 31 84 84 49 75 85 67 52 67 97 87 100 68 71 94 92 80 88 86 64 50 90 52 90 54 90 39 99 64 98 61 95 66 88 72 84 36 96 73 73 92 29 96 47 100 99 84 80 98 66 88 94 78 82 90 74 96 99 31 74 30 56 96 99 94 91 95 96 95 61 97 82 51 65 93 79 75 85 57 73 90 50 80 51 86 43 79 75 71 47 68 50 78 77 92 93 90 66 92 95 56 94 74 48 45 56 28 64 15 98 99 90 48 91 90 99 99 51 98 83 90 70 88 95 85 73 38 70 81 59 78 97 94 94 66 99 61 68 78 63 94 78 97 75 93 76 90 87 68 91 64 100 71 83 56 90 74 79 100 98 92 97 21 64 90 19 44 78 85 78 93 84 97 98 82 41 91 62 73 99 88 75 98 59 57 55 81 76 86 54 85 88 92 46 93 73 67 99 54 53 38 45 46 99 72 100 77 74 45 43 95 71 86 49 97 70 55 17 63 56 98 98 87 81 91 88 96 90 97 91 51 90 100 55 81 71 39 79 62 86 64 78 88 96 91 79 88 89 42 90 93 59 92 98 87 83 68 71 58 92 95 79

31 64 32 48 22 38 90 14 66 22 77 24 35 71 74 6 8 1 35 8 41 65 96 29 60 80 64 76 95 47 74 27 45 57 91 80 63 5 26 69 86 52 15 65 5 19 88 100 28 73 2 13 87 54 40 75 100 10 12 74 45 99 15 15 92 17 98 95 92 81 57 40 87 16 4 79 18 57 53 85 23 35 16 49 46 57 13 74 100 55 94 26 98 58 66 10 71 56 38 35 16 58 31 41 58 73 28 60 34 11 30 47 23 70 69 41 28 3 88 72 53 3 55 4 67 8 22 45 67 23 19 20 82 29 48 16 65 27 9 65 71 29 53 37 61 39 18 68 21 73 77 64 4 21 61 12 91 92 14 82 72 63 92 7 22 30 26 21 33 12 72 64 79 65 35 25 91 75 61 26 8 2 99 69 39 47 36 3 37 24 9 93 70 17 65 88 79 72 53 52 15 4 77 80 16 62 48 68 62 63 21 86 70 66 53 100 35 21 48 96 81 39 17 8 20 81 92 15 44 40 7 19 16 83 63 59 35 56 100 47 82 47 61 100 21 54 97 36 19 11 75 14 1 86 63 74 34 63 29 60 39 85 2 62 12 35 61 94 18 40 61 39 77 45 3 39 6 48 52 54 70 27 6 42 65 8 47 22 15 32 5 41 39 73 80 34 73 29 80 82 83 56 75 33 56 92 97 71 63 69 69 54 31 26 14 97 46 51 62 70 99 50 83 79 4 24 14 47 33 100 19 42 23 60 3 56 40 94 52 51 97 28 28 28 47 21 2 23 14 22 32 97 11 15 27 33 37 88 55 82 1 38 18 34 10 37 71 32 22 30 99 9 82 5 97 39 60 88 68 84 32 34 1 45 35 72 26 37 76 42 42 21 93 86 78 100 19 31 27 94 87 43 16 38 57 69 19 32 28 78 85 78 20 89 79 64 23 71 88 1 97 29 63 52 56 7 74 63 12 10 51 82 65 79 28 28 78 49 96 70 11 91 4 72 71 40 21 52 36 76 11 92 79 39 60 94 87 98 66 40 50 94 32 50 79 32 38 79 42 34 81 8 22 87 35 19 13 75 38 7 31 54 17 93 21 40 65 54 93 53 11 75 87 64 97 100 98 11 26 41

189 2219 428 1827 3218 698 838 1907 4438 226 2309 890 5009 911 1124 570 563 1712 312 851 132 2773 3317 503 761 2038 248 1897 695 367 1473 219 434 1902 956 3508 90 4218 1144 2930 678 673 853 848 225 766 417 381 117 1053 411 2062 1564 32 2151 1449 1033 2209 803 2397 370 300 99 258 748 1284 1487 395 1100 5199 2393 2484 1490 1313 1805 1184 973 3929 364 2309 2336 873 4247 121 1276 1461 1793 336 1196 551 1667 2623 2120 1172 1804 446 2626 721 2089 508 2329 1969 3890 50 5341 178 176 3870 1490 4441 1257 2464 1764 5020 5210 1820 1101 366 2010 3400 457 2552 4477 1808 690 3753 1733 2311 3462 386 1632 1112 2578 1891 440 257 1456 570 137 2729 2568 5884 541 1478 167 1628 622 304 777 875 995 1070 1805 405 1380 566 3155 778 83 1705 3347 1155 316 826 2578 2133 2419 1216 1667 1656 1576 3692 1189 6402 3362 149 2607 2141 116 4053 1362 825 230 504 291 1477 2488 57 590 914 151 369 5396 935 466 527 1512 801 158 1346 1000 668 423 1703 838 447 126 3045 758 70 635 422 2331 454 1201 469 690 929 446 5223 4601 547 1135 1214 2297 173 2213 198 1148 2492 3728 509 287 1337 678 525 2019 3928 4520 1701 717 1671 3304 367 2405 432 2173 2157 897 1094 244 436 172 1807 1080 862 129 3725 3235 1931 155 551 178 337 3501 340 5670 1296 4215 221 1134 249 369 881 5080 987 5945 1000 659 860 167 801 4206 819 760 178 7212 720 1246 2453 522 3065 3417 4016 1962 1672 694 5576 1647 1679 1010 4335 976 207 2863 924 4383 515 3541 964 2431 1189 522 2147 726 1949 692 7772 138 2856 1819 6590 641 619 3714 937 1659 851 2735 484 8327 880 93 262 219 2949 2236 6926 468 230 131 922 1766 1054 3580 888 1488 1470 6444 6678 573 214 1067 126 1164 1694 1007 262 1519 720 227 674 3155 2234 3620 147 738 377 576 948 3549 379 245 1617 1594 182 1402 993 281 495 1746 980 4383 626 1247 191 4102 965 96 434 54 1372 2997 912 315 4975 1003 1108 1253 1305 76 111 2792 3113 1947 1961 3567 404 46 652 1003 1207 144 655 2252 910 2204 451 3065 266 3349 5288 284 2117 5684 342 8322 8532 321 298 1121 2489 115 3338 981 2597 608 807 269 2655 360 173 35 3262 1108 1084 2137 273 2744 272 1272 1743 391 3471 1552 308 536 526 2178 400 212 3180 883 368 769 199 323 4506 1247 400 2955 2431 576 943 2833 474 997 524 287 1483 305 129 641 2180 597 2951 286 928 5366 1721 885 1176 848 2042 1624 515 1276 929 2009 766
812 3941 4012 1992 3851 1212 1539 2729 5546 308 5666 2185 6088 1058 1249 3631 1305 1968 1325 959 804 3212 3902 1114 1264 3756 1575 3670 786 4023 1650 676 1098 2915 3404 7836 2981 6679 2468 5019 2686 3931 2673 4620 365 1497 2139 3014 1684 2253 710 2328 3740 486 2200 2122 2896 2441 1460 3331 5934 1131 1236 762 1025 1694 2075 3793 4263 7396 3491 4230 2245 1629 9322 2857 1033 7329 460 4373 3684 1074 4264 687 2395 5637 2309 470 1883 959 6886 2638 3699 7968 5611 1176 5508 1630 2434 1034 3216 2598 4990 257 8412 2143 1101 3976 2796 4853 4059 4844 1837 6236 7512 3522 2412 897 3009 6483 1410 3524 9110 1955 2589 6412 3027 2427 3774 2541 1702 1257 8622 4258 3410 461 4934 3552 589 5014 2617 6378 1687 3197 3952 2108 682 753 1160 1863 2922 2660 8691 4041 2230 1485 3163 3337 411 3755 5706 1697 674 1084 8103 4102 2682 1834 7250 2115 3065 4031 4159 8473 3606 615 3749 4410 458 8217 2141 1186 4252 770 3894 4373 4910 4667 1075 4301 945 680 7726 1189 1237 692 1725 3242 201 1869 1394 1357 977 3167 1485 1188 3846 5200 1302 1831 859 517 4850 1053 1565 7737 1209 1365 1971 5889 5636 705 1265 3149 4480 894 2469 671 2081 3263 7488 1721 1012 3259 1643 3402 2301 4273 5661 3264 808 3874 7112 811 2417 558 2304 2250 2379 1287 2144 753 460 5813 1738 7432 4110 6093 3923 3622 2218 1100 1690 1269 3615 1458 7802 1746 6493 2854 1487 935 1122 1949 6418 1682 6612 2718 1910 7152 353 2156 6118 1407 1578 1616 9409 7852 1601 2551 1036 4168 5666 7127 5354 2533 1372 6843 5304 1849 2012 4976 1946 7503 3328 1727 7418 1595 3986 1860 3439 4472 2969 3023 1237 3133 2334 9466 755 3376 2331 9386 1781 1891 4213 1977 1996 1484 3454 765 9215 8082 762 1289 2032 3600 2859 8023 1398 432 165 1262 4789 3200 8870 1148 5833 3006 7092 8463 1673 260 1469 936 1807 6124 1211 1788 2421 2211 4883 2236 4132 5112 8008 453 3847 3611 3387 1317 4256 758 1197 1809 1696 281 6744 1607 564 4624 2987 2663 4734 712 6865 1029 6307 1086 1901 1736 519 1616 4893 2175 1328 7834 3000 2197 4328 5840 3263 607 4091 6151 2079 2705 6084 807 650 1106 2094 1986 1844 4897 4442 1079 4436 1372 6367 706 4295 7716 5387 5144 6060 1171 8328 8549 1967 1065 2210 8539 173 9388 1216 9375 1378 817 711 2944 6331 960 646 5222 2271 3892 2675 2598 3953 2582 4705 4414 586 4746 2001 2313 1306 1892 3479 3957 323 8421 1462 8667 1088 709 793 6117 3456 1495 3491 4120 618 1771 4064 3128 2097 1247 2240 2145 869 2351 1418 4870 1006 3109 3535 2172 6797 5450 1750 4268 2209 2272 2169 2262 3148 8740 7958 1415
2067 6517 4999 2407 3928 2512 1551 4815 5704 1944 9327 2427 9213 9140 4648 9042 2881 3107 1366 1445 1550 3657 4999 2405 1427 4278 1853 4644 930 4027 4688 2145 2261 3563 3443 8499 4118 7224 4619 9357 5082 4174 3779 9491 937 1830 8120 3361 2239 3683 1233 3268 4247 2215 4319 4950 4257 4455 2074 3548 7698 1485 3395 2281 1351 2700 8341 7993 4800 9400 4789 5042 2493 2539 9460 3520 1107 9655 1903 4541 7968 1644 7031 2333 3085 7107 4768 804 2381 1759 8532 3801 4847 8600 8768 1271 8909 4168 3587 2154 4086 7651 9554 1292 9585 9764 1351 4433 3100 5500 4618 4982 2884 8949 9604 4702 2502 1615 3517 7871 3606 4991 9853 10075 4622 9206 3853 3858 4867 3464 4235 2253 9649 9746 8174 9277 5038 3838 1219 5687 2773 6697 2285 5003 4584 2520 2908 2481 2087 2034 9006 4984 8952 4113 3636 1494 4458 3647 4031 6487 8427 2066 857 1811 9904 5053 3945 2226 8308 2476 4916 4786 4852 8897 4105 1751 4364 4520 1960 8799 9434 2445 4446 3977 4057 7186 7359 7785 4967 5905 1841 1194 8452 1361 2108 4064 1793 3972 480 1947 2272 3297 1636 8093 1516 2171 4323 6960 1655 2326 2466 1858 5735 2092 3264 8351 1610 1728 2136 6335 8114 2189 1635 4952 5310 2126 2915 1452 2460 3323 9606 2224 6732 3530 9243 4107 2350 4335 6234 4044 1293 4234 10004 3445 4088 9496 4893 2482 2567 2249 2154 1376 1957 7959 3995 8010 4618 7811 3938 5696 4072 1850 2172 1757 3675 2215 9422 1937 9100 3084 7534 1133 1863 2699 7677 1830 9272 4462 2232 9638 1905 2275 7351 1726 4284 1678 10038 8579 2172 2880 6289 4798 8775 8850 8713 4971 3809 7350 9257 2231 4597 6303 2562 8278 5902 2313 8982 4331 8942 2057 4152 4740 3454 3907 2139 4415 4051 9578 785 4620 3382 9599 3847 2391 8883 2339 2183 4236 4767 1171 9846 9339 931 1422 2187 9352 4839 9734 2307 1813 3024 1753 4842 6273 9598 2272 7995 3160 9568 9430 2478 333 2356 4201 3649 8588 1554 3581 3494 2452 9636 2826 4469 9468 9112 1899 9192 4390 4292 1693 4811 1575 1560 2050 2142 982 7750 2228 1817 4667 3116 2928 4755 6302 9500 2015 9994 7412 3864 2287 1059 2104 4927 3782 1809 9448 5955 3517 4644 8151 4433 3922 4986 8233 2220 4495 6988 2730 896 4492 2289 2109 1911 8949 4699 4113 7660 1427 7985 2978 9971 9854 9154 5335 9510 1769 10056 9300 2473 2012 2233 8638 2412 9446 3356 9618 2127 1523 734 7395 8938 1551 1254 9076 2337 4884 4500 3782 4167 3842 7147 4780 889 7062 2310 2374 2577 1949 6430 4929 819 8445 1475 9550 2585 2326 938 6598 4879 1517 3840 5716 2368 2475 4585 8127 4616 2461 2286 2362 2521 2352 2379 5814 3888 3486 7034 3856 8885 7520 2435 8677 2356 2573 2356 4856 4376 9289 9527 7432

52 1153 168 1704 2908 237 721 949 436 205 202 847 560 250 989 227 381 1246 124 315 120 1871 1818 304 74 899 57 1265 45 28 854 147 191 1741 331 2072 45 3883 474 13 573 452 587 212 208 614 168 363 42 78 369 313 1246 6 1776 1080 435 558 339 1104 118 253 24 155 160 601 974 148 917 3206 1698 2466 1248 89 790 58 76 3387 121 2010 943 239 3464 33 259 1009 361 90 737 73 1088 564 1859 852 1079 243 94 321 608 10 1320 1253 1995 26 1306 101 87 1247 56 731 658 1569 1383 2886 4358 1151 609 251 1549 3097 377 1108 2739 1214 660 3179 1021 2015 184 30 294 699 2161 1712 419 95 361 106 36 1636 1896 764 103 1323 104 206 558 224 594 125 278 317 670 285 1225 223 2512 129 8 368 3186 1121 125 273 1485 716 808 12 1058 523 1207 2891 313 1923 2652 9 2412 1810 110 3805 1325 527 185 190 109 402 314 14 158 838 97 291 3817 862 447 288 1489 391 61 839 352 166 118 882 784 158 66 1359 60 19 76 64 1951 443 190 143 561 5 138 1606 935 353 748 476 1998 47 1932 7 997 516 3703 386 178 1265 591 198 193 2338 2692 1529 261 369 2990 194 45 308 1594 912 385 517 54 59 71 172 191 798 70 1372 1751 1103 19 194 67 278 968 127 196 944 1605 74 15 118 205 611 468 124 1069 157 611 761 65 534 20 717 642 2 5551 641 629 1850 475 1538 2617 3154 333 9 537 4577 22 909 639 521 608 5 724 35 228 368 2697 533 1983 163 71 361 77 866 239 7630 42 425 1602 415 601 495 1388 564 971 17 7 58 4087 795 20 209 197 2173 1604 4840 257 100 38 692 1233 355 73 12 1467 479 1767 1073 285 29 291 41 237 1580 316 96 106 503 169 55 976 2127 2290 35 125 146 151 530 1539 44 216 56 1181 9 1060 680 143 162 672 381 1065 341 117 109 3653 284 82 280 45 924 1018 434 293 1613 288 574 1039 1177 30 44 758 2608 569 1283 2506 232 10 310 677 1180 132 445 1341 165 211 110 29 148 317 2670 128 1786 597 216 4932 3319 10 5 382 1957 100 1325 10 295 571 580 53 1998 202 61 10 1820 859 449 126 221 942 62 1034 1139 202 1368 996 219 356 87 1469 193 52 267 272 159 647 14 93 3157 553 346 2502 2081 148 296 2168 390 335 19 29 1275 29 35 408 1596 486 2568 210 776 1149 113 819 175 844 795 935 346 1085 895 1979 258
