500 3 1
87 99 56 69 51 40 14 42 5 39 26 45 14 100 29 33 95 80 90 38 53 51 81 16 47 35 96 86 36 29 4 61 12 69 32 72 73 12 86 92 17 96 27 19 11 76 76 43 21 9 5 95 55 88 18 52 21 54 2 38 45 62 14 41 17 51 87 40 27 76 97 83 50 72 3 89 59 30 96 53 77 79 97 14 13 57 59 50 9 70 50 62 56 37 80 38 74 92 91 62 77 84 14 22 8 35 41 67 14 1 74 42 28 91 34 52 72 97 54 41 8 6 27 33 30 64 27 86 86 27 60 89 96 27 85 11 55 87 28 33 7 75 7 53 32 52 22 73 76 61 27 79 23 76 3 19 63 51 88 64 26 61 28 31 100 99 76 16 77 3 5 16 72 65 61 35 66 88 71 17 89 13 88 22 52 44 100 44 38 6 79 57 91 73 48 79 89 10 65 78 29 42 83 91 66 31 52 45 83 89 90 68 91 62 13 70 7 46 63 66 38 45 25 58 40 83 98 20 60 44 35 81 85 84 77 63 96 9 18 37 81 50 73 37 59 60 23 42 85 25 84 63 23 70 10 21 66 41 7 81 33 54 35 44 27 26 7 16 5 4 61 56 13 66 76 79 46 10 28 15 37 44 55 2 60 63 43 12 45 66 76 24 23 65 90 6 66 45 92 50 54 66 98 33 35 38 97 77 48 43 90 66 5 29 48 66 36 98 45 69 14 12 3 99 45 31 37 34 93 39 83 12 5 20 3 55 8 26 30 4 53 71 98 28 93 30 75 43 52 63 4 24 52 53 77 19 28 74 15 61 70 3 23 15 49 92 85 44 47 59 28 45 91 86 16 91 61 85 52 52 25 11 39 99 49 6 88 23 33 11 95 85 8 7 92 61 20 37 50 10 84 11 93 48 61 5 20 96 86 97 65 42 77 76 42 9 67 10 20 95 53 78 15 95 35 84 51 8 92 67 96 21 7 59 87 60 88 43 48 61 70 89 9 45 72 91 48 15 88 63 79 49 10 82 65 40 26 82 18 42 32 78 40 92 20 78 34 29 87 84 75 45 82 65 43 8 13 2 36 24 79 70 14 89 90 81 71 90 1 50 98 8 52 51 70 87 65 91 24 50

16 25 15 18 2 10 62 10 35 17 26 10 38 11 27 10 15 62 16 21 57 59 11 43 46 6 8 5 53 35 61 16 33 26 6 51 25 2 18 21 33 10 17 38 28 10 22 14 29 71 43 35 35 17 14 9 8 42 5 6 4 71 21 6 4 32 9 14 6 30 9 8 36 31 23 8 72 57 23 16 51 46 33 38 2 46 33 8 13 41 25 40 3 24 41 23 18 10 59 32 18 8 11 37 59 36 23 16 22 49 10 19 1 28 33 58 37 51 38 61 48 25 8 9 89 15 5 44 72 27 68 42 6 36 42 55 24 18 39 8 52 11 47 1 1 27 28 38 1 21 20 57 63 9 22 5 27 35 26 7 2 23 31 62 25 21 33 38 23 1 11 29 4 29 10 5 38 21 10 3 58 61 15 27 1 27 21 13 45 4 30 71 33 26 3 12 20 42 3 24 25 5 36 7 30 22 1 10 11 13 32 39 18 14 41 5 5 3 8 13 13 5 19 3 8 7 13 5 46 23 17 23 11 7 6 52 2 15 1 19 7 35 37 16 21 20 9 20 75 33 29 31 28 14 58 17 56 12 23 11 81 25 52 20 6 20 9 28 7 58 55 11 10 23 12 16 16 16 22 31 60 11 1 40 52 60 14 25 9 1 21 2 59 54 4 26 34 44 1 53 4 4 2 28 2 21 59 10 53 41 6 25 28 12 3 3 7 48 24 6 66 28 19 18 26 27 11 45 12 13 19 4 26 33 42 2 19 9 27 4 25 44 37 40 20 62 37 3 10 1 2 7 30 30 25 26 50 15 16 12 6 22 52 19 16 29 47 47 38 25 26 52 73 31 19 31 3 9 54 18 8 16 12 25 3 33 15 31 38 30 20 19 65 31 47 63 2 17 79 26 34 40 5 49 1 50 29 57 6 45 22 40 42 15 76 21 49 39 33 88 9 87 2 16 7 2 37 58 27 9 1 56 68 51 14 10 6 58 6 25 18 26 12 44 4 27 33 73 3 1 20 7 13 9 4 5 6 74 7 3 16 1 7 1 2 3 39 17 7 22 10 32 42 18 15 15 22 12 7 16 36 10 19 23 22 29 26 17 1 24 21 46 26 8 9 32 17 20 32 24
43 31 42 64 12 92 98 48 65 26 73 38 53 21 32 18 44 83 18 41 73 76 21 78 56 20 22 54 69 92 68 28 40 43 31 72 56 97 27 30 57 43 54 96 84 16 26 36 59 76 54 65 48 24 35 25 44 76 71 66 36 76 39 16 91 45 25 58 23 52 51 10 87 74 40 12 87 67 48 68 59 52 53 54 17 73 48 93 32 52 39 56 44 35 62 29 43 64 88 41 29 59 41 61 71 43 66 44 44 72 50 49 39 67 54 69 44 58 54 92 55 27 14 23 95 23 41 57 94 60 86 52 27 66 61 77 51 54 65 59 58 46 62 10 48 28 39 84 43 32 38 80 74 17 31 31 66 87 38 51 94 33 42 65 54 75 53 62 32 57 64 45 28 59 43 6 57 74 14 58 58 68 22 66 3 52 56 35 69 15 53 85 45 37 19 15 51 70 60 67 29 28 61 8 87 38 26 50 36 26 74 56 95 18 76 22 85 64 32 24 45 27 61 60 54 22 88 91 54 32 54 92 25 46 7 58 31 70 6 72 34 50 62 29 57 56 26 53 80 42 46 66 46 62 61 66 82 53 42 23 87 41 53 81 11 21 58 63 70 70 60 15 47 87 44 29 26 39 75 35 61 56 16 49 53 78 28 61 41 14 29 27 59 83 64 51 39 65 14 56 11 50 4 44 10 33 67 48 71 49 18 54 35 23 87 31 48 89 58 16 74 42 36 29 92 83 22 54 57 40 44 5 59 81 62 86 41 21 84 59 27 88 51 61 41 66 80 37 22 1 28 18 95 42 28 43 62 39 42 68 42 28 55 21 32 81 51 94 48 62 33 75 78 45 38 41 71 46 61 92 57 41 32 37 6 64 65 62 71 88 27 40 87 33 94 65 81 28 95 30 47 81 43 81 79 53 40 60 12 52 74 87 47 75 81 56 68 52 50 94 70 88 29 18 18 41 85 70 55 25 12 73 87 70 18 34 18 60 7 56 29 29 29 65 75 71 63 79 47 17 30 23 17 40 41 66 30 86 24 21 64 28 42 68 40 52 59 32 52 44 53 44 65 27 49 88 57 19 15 48 71 51 31 30 27 33 38 72 49 26 46 48 83 52 63 93 70 54 33 70
65 35 69 85 69 99 99 82 79 43 87 89 58 41 87 99 82 86 74 80 82 86 97 87 86 48 94 80 96 95 99 74 53 75 44 89 72 99 58 69 91 96 73 98 98 86 57 62 79 85 99 97 100 84 68 72 91 99 72 74 90 88 81 74 94 72 34 82 52 56 73 28 93 84 65 31 98 70 59 95 66 56 62 97 57 84 67 96 41 78 55 86 99 47 65 58 68 91 99 63 100 64 51 73 87 99 66 55 68 87 59 62 64 100 82 93 96 98 98 93 99 71 41 69 96 57 94 59 98 79 99 88 80 95 91 94 92 76 90 64 95 80 86 83 87 88 75 95 90 39 76 95 82 84 47 42 86 87 74 83 96 39 98 71 77 84 74 93 86 94 99 85 67 63 56 37 67 75 36 95 80 88 94 95 46 78 76 65 74 16 58 98 87 89 62 45 56 98 95 70 96 68 96 49 93 95 49 87 93 30 97 67 100 32 91 37 98 81 69 88 83 55 64 87 77 43 90 95 66 39 70 97 46 58 39 75 79 84 27 91 53 77 76 71 86 75 58 72 95 70 69 77 66 92 66 82 96 60 92 45 87 83 91 87 89 58 76 97 75 79 98 38 72 90 91 66 82 46 78 84 90 74 41 57 75 83 79 63 56 64 78 63 71 85 91 89 85 76 77 65 90 91 93 72 17 72 93 71 93 77 92 88 50 43 95 53 84 93 83 21 97 82 59 59 95 95 81 54 69 79 95 37 72 95 70 87 51 27 91 74 46 90 98 73 46 97 87 97 36 98 53 77 98 43 53 83 93 69 65 94 56 83 92 35 64 95 98 97 86 90 90 77 99 90 92 46 91 65 96 96 85 53 58 84 68 93 81 85 88 92 65 96 90 60 96 70 92 72 100 76 94 81 98 89 94 91 68 63 20 53 98 98 49 99 98 91 87 83 85 98 83 95 36 41 91 51 92 94 58 90 25 83 96 79 49 54 84 80 22 87 83 54 70 89 75 86 79 95 56 30 70 53 76 90 66 76 89 97 65 40 71 46 87 90 54 69 80 85 73 91 54 91 80 64 92 98 72 98 80 69 84 67 92 78 62 46 63 93 67 34 54 87 83 81 90 97 81 99 81 100

55 86 61 70 61 51 83 4 64 51 46 80 20 98 13 63 22 84 60 88 88 63 69 18 64 79 64 27 1 21 71 98 22 27 14 95 90 63 51 53 96 47 29 50 58 46 31 12 4 73 13 29 43 62 41 49 9 12 98 42 73 75 33 25 10 46 54 99 24 15 64 58 95 40 52 42 35 98 37 45 85 95 72 23 33 89 41 52 74 39 49 36 7 1 4 23 79 9 100 37 28 36 65 41 15 83 44 8 88 81 35 87 49 42 58 19 29 81 21 72 60 60 3 70 86 15 87 49 24 11 22 14 98 63 50 96 55 78 59 42 94 95 23 65 32 75 29 92 44 14 24 21 65 16 59 28 72 19 8 52 42 33 40 17 69 59 2 79 42 3 48 77 97 71 57 48 40 94 77 86 2 56 87 99 77 92 40 28 65 34 15 3 57 93 44 90 33 76 32 65 61 36 2 17 3 9 3 95 71 11 80 45 99 9 68 57 21 27 96 6 59 15 61 60 100 21 81 64 91 86 42 61 41 75 53 18 89 57 41 35 78 55 54 97 43 66 77 97 58 79 77 93 92 1 87 84 68 20 3 76 65 92 17 66 16 51 97 68 90 72 36 97 35 82 3 61 60 69 10 1 9 20 51 45 82 40 57 58 90 66 55 77 57 29 65 50 86 92 36 48 83 89 60 84 8 67 67 17 38 94 79 52 23 91 90 1 63 14 13 40 63 73 89 53 13 64 16 9 70 1 59 27 60 87 95 16 35 48 59 49 29 23 25 8 12 56 74 17 71 58 62 51 71 73 37 99 91 99 70 95 48 26 32 34 34 19 48 38 14 41 16 65 100 55 8 78 53 73 99 80 44 58 59 68 3 11 40 61 16 11 53 57 12 3 20 61 69 1 54 14 11 68 95 76 95 69 3 92 68 59 78 34 93 50 70 9 28 22 8 98 62 88 29 79 58 71 34 16 83 58 42 93 55 55 81 3 26 40 69 94 71 73 27 16 65 57 73 34 85 4 72 7 45 67 68 34 42 8 52 59 93 28 56 40 99 61 41 68 64 5 67 74 67 66 98 74 27 79 100 64 95 46 46 23 10 18 8 84 71 96 5 73 77 35 64 7 41 5 1 59

2269 549 886 2042 1739 597 1010 2316 1339 816 940 2463 892 1872 4556 1461 4714 1021 1748 367 561 5858 718 6518 666 1441 166 614 6085 2555 876 3547 3478 4392 217 510 3047 741 876 1119 1336 240 81 1095 720 367 1398 2468 1362 278 1198 1626 2245 407 112 507 1584 407 4732 1283 2403 74 1204 1881 449 2002 6477 1040 782 1561 2367 3424 320 191 1484 2284 1418 1020 715 3029 6605 478 1259 752 1739 209 1051 1512 61 1313 85 2316 584 1741 6782 2068 835 1169 2250 128 3748 1164 309 2626 584 94 429 1588 884 886 1725 2809 308 2477 748 966 260 3886 302 5244 1650 1227 386 469 689 642 935 1454 716 1185 1429 1264 2310 670 930 2456 2568 97 1650 815 3850 1097 1204 1273 1001 1902 3861 652 1632 528 601 4409 1124 609 2725 1452 584 781 335 150 480 326 4679 2843 2311 1255 177 89 1105 2105 510 415 154 6197 3937 297 2198 1726 374 5264 568 504 116 8343 788 556 138 1056 5379 2772 826 107 1577 763 840 4921 207 337 3369 1760 874 2346 347 1723 4393 136 120 447 784 1065 1673 173 1838 64 7356 1040 2582 3369 1124 137 337 352 120 1527 2016 1404 891 348 4422 267 1461 2377 2368 7994 641 356 479 7954 165 6070 2163 3888 1035 3238 1458 5062 173 379 343 2913 5069 2268 349 336 352 187 204 735 871 336 116 939 60 100 341 3642 1049 1109 1860 710 124 922 2620 117 85 1673 862 1090 2094 2391 1959 783 3903 801 2639 231 466 3208 843 1223 243 944 337 897 3484 366 115 2114 989 935 208 1712 1181 395 620 1550 1751 351 1752 805 3499 582 328 192 6032 335 164 2523 1628 213 256 469 328 1034 1001 2479 1826 196 201 478 3723 42 1180 477 368 1998 1238 1818 2587 830 890 1278 2547 4696 138 70 697 4530 2118 335 813 2007 182 732 588 1321 1804 1421 1468 662 1430 984 2709 2546 1636 908 1148 1180 773 966 779 7554 4518 7775 588 736 606 4706 1670 81 2016 2159 456 1560 5209 762 1027 1265 3987 271 1159 3327 4615 1020 3467 992 198 3132 244 1514 1288 230 3132 2053 606 495 3406 1573 2183 681 412 2462 603 2656 1282 985 230 160 1858 308 1662 4403 4633 4932 45 489 218 973 504 1500 1805 2335 215 315 976 448 1426 181 2711 574 758 5515 632 372 1678 1440 114 4266 450 620 392 1414 1338 2483 1124 827 5394 991 1571 882 909 481 1613 170 305 738 100 171 213 512 963 333 505 635 1079 1261 477 246 423 3348 284 818 1673 775 888 1249 224 5533 811 250 4993 799 505 322 2691 1261 1321 4352 34 3281
2721 1042 4627 3626 3152 1451 1231 6442 1465 823 5262 3609 933 2061 6289 2579 4919 1174 1755 775 4637 9288 1968 6871 3056 2507 825 848 8637 5161 1051 4405 7426 6946 1498 1502 7050 5427 975 1217 1887 2847 1136 2177 1404 6227 1407 3103 2460 476 1713 2040 5281 2585 1312 761 2939 697 5473 2272 5654 8013 2880 5877 854 4292 6815 5191 1130 1854 6678 4585 2968 1792 2355 9909 3641 3877 4997 5828 6686 1779 3497 2576 4581 1559 2093 1649 880 1537 1103 6445 876 2107 6994 2689 1843 1531 4814 1266 4319 2146 902 6396 845 681 557 3360 1854 1321 1822 7726 1704 6156 750 2105 1153 4168 1587 7818 3010 1624 2228 874 1261 5401 2127 2115 744 2086 1826 1522 3178 4433 2362 3323 3552 2197 2237 1230 3980 1656 1497 2280 4229 3893 5850 3566 1936 7872 1728 4697 1212 1701 3514 2259 2285 1012 631 2189 2990 2170 6663 3109 2490 3804 1454 1553 2881 2112 854 999 2880 7576 4005 4803 3216 3382 2296 5278 770 1715 1403 9244 4391 2085 863 6126 5409 6773 1418 2399 2624 3111 4689 6052 2776 2714 6603 4174 999 6687 1995 2360 8085 1385 1415 4443 1814 2701 1884 2669 2429 1861 7586 1771 2944 6572 1195 364 5651 2507 865 2560 2757 2474 1862 1717 9039 467 1918 3473 5936 8271 1461 388 686 8073 976 6569 4830 4021 3332 3764 4552 6117 2034 603 759 4016 8132 4966 2929 2343 2707 2703 1647 1868 2991 1590 1963 1775 4921 666 1952 7635 2369 2855 9481 1224 337 7274 3376 217 1587 1800 2007 2060 2311 5362 2578 2057 3937 1459 6380 2970 739 4373 8683 1842 989 1852 934 1754 4083 426 1041 2717 1260 1211 547 7694 1293 1957 983 1646 2869 1310 2992 2028 8401 4560 8323 1831 6327 1042 1234 2958 1775 1190 519 887 2079 2229 1339 3214 3050 1635 534 1737 5848 1472 1358 1119 1328 4240 1469 7453 2915 1336 6950 2482 4701 6295 310 881 3238 4963 2199 2246 992 3050 2465 2992 7471 4408 2244 1473 2462 1055 6358 1272 4643 3283 3147 2121 1512 1681 1986 1556 4669 8806 4875 7920 5299 1595 980 6570 5096 2904 2435 4199 1324 1660 6114 1925 2491 1699 4690 291 2255 4334 5144 4082 3717 1848 778 9836 733 1578 1616 2349 3296 7861 2731 765 3517 1735 2408 817 1012 4701 943 8630 2197 3002 376 1353 2919 1549 2053 8409 7278 6139 965 2370 838 1795 1200 7707 4589 4272 1393 574 2057 1514 1529 1165 4219 1339 1071 9397 708 4223 1883 1477 1001 7681 477 1332 553 4892 3092 5485 3774 4527 7859 2512 7348 2089 1525 3503 5680 2048 678 3009 2291 1804 1132 547 1168 670 553 1223 1532 2331 522 620 1091 3593 1120 2696 3101 3538 2212 1844 296 10010 3148 1056 5613 8377 1477 1021 5288 1605 9699 4842 1305 5989
3498 1827 4634 4760 3714 3832 1253 7663 2192 1235 5444 4977 3822 3043 9671 2880 6396 1939 2056 1474 4778 10012 2433 9831 7972 2793 2097 2119 9979 7479 2066 4622 8012 7241 1554 1544 8803 8133 1235 1946 6277 3904 2433 4731 2344 8024 2261 4931 3608 1979 2060 3939 6586 4868 2085 1188 3383 4588 9966 3379 9108 9454 4664 6821 1053 5832 8278 6415 4943 2556 10064 5764 4539 2452 3957 9950 4908 4992 6891 6530 8443 2195 4138 2773 4699 3142 2100 1881 2917 2021 1820 9162 2094 4994 8108 4075 2008 2437 4914 3937 5539 2439 1561 7251 1455 1067 695 3397 4978 1665 2003 8513 4797 9534 4266 2355 1423 9592 2410 9283 3714 1843 2399 4095 2422 6995 2307 2560 1133 6332 2377 2173 3974 4973 3328 3944 4864 2247 6583 3857 4169 5950 1891 4360 4713 9548 9358 4358 2319 8779 3920 9292 1276 1766 4687 2652 5004 5036 2091 2515 3307 2475 7812 3936 3369 4514 7935 2486 5785 3106 1301 1830 4063 8241 4543 7637 4905 9689 2406 5810 2042 1760 6838 10015 4967 8078 1488 9340 6857 7746 1818 2633 3626 4597 7446 9770 3761 6321 7372 4503 1772 9865 4479 5418 9962 2812 2096 4675 2407 4221 2242 3354 2542 2359 8312 4190 4438 10019 1232 1478 5942 2831 6237 8052 4987 3518 2948 2010 9056 682 4021 6485 7607 8472 2159 1150 1621 9536 4573 8354 4949 7222 4487 3837 4820 7057 2102 4978 1966 8184 8819 8238 6776 2362 2725 3968 1660 2514 3245 3342 2215 4062 6482 1936 2514 8463 2396 9194 9542 2185 2403 7370 8069 532 2148 2288 4182 2142 3106 9138 3145 2372 4113 3774 9790 4071 1548 9990 9584 2147 2347 2036 2455 2956 9685 569 2076 4139 1801 1221 613 9762 2052 2383 1456 2980 4040 4941 9001 2642 9201 4888 8463 1875 8891 1939 2448 3877 2486 2504 2148 2373 2433 4773 1616 4664 3199 1977 1813 2074 6254 1835 1736 2493 3091 9875 4081 9998 4370 2147 7172 5576 7781 7079 3515 4295 7145 9032 2543 6982 4428 4633 4803 3557 8356 6629 3376 2211 2482 4304 8896 4018 8672 4030 7383 2838 2128 2202 2210 2378 6998 8976 4898 8500 8734 3191 3707 8063 6329 6467 2516 5006 2282 2902 9863 2344 3484 3893 5360 779 4346 8109 6903 5599 4311 2557 1502 9874 2368 1587 1808 4744 5160 8689 3057 1022 5206 5406 8382 1273 1474 8672 4931 9098 4098 3195 2553 4774 4424 2590 2327 8799 8093 6162 1591 6752 1182 2167 1221 9911 6264 7482 1761 1951 7427 2721 2180 2450 4920 1627 4080 9837 2148 4666 3298 2574 2433 8452 1308 4188 3603 7811 4952 7213 4795 4552 8496 2883 8975 2446 2425 3957 9161 4539 2458 4555 4106 2014 1174 1244 1847 1397 1352 2516 1724 2336 7782 2237 4313 3938 8476 6897 7026 4378 2429 4817 1753 10019 6733 1349 7485 8960 2356 1773 8182 2096 9799 7740 1671 6451

546 502 200 2002 932 94 836 1889 556 325 457 2362 265 152 3470 802 2394 722 768 277 269 2076 16 6068 238 1033 157 431 2506 621 689 831 338 290 37 220 1005 635 777 550 1038 41 66 424 561 261 258 2163 513 277 707 1054 2109 110 82 183 1014 347 178 64 1842 62 549 1558 384 1065 1414 540 328 735 1994 2764 225 172 921 1250 752 453 682 2398 3213 420 425 215 1674 143 1004 999 33 583 31 554 296 226 4659 902 562 718 109 121 1261 303 27 559 219 65 220 859 462 501 1303 17 22 1632 714 847 157 215 208 760 1135 1052 232 331 179 574 743 851 146 814 1071 1188 723 34 879 1350 1701 21 170 432 352 695 627 1051 456 1704 223 566 1155 63 51 2569 540 126 1135 395 246 631 6 122 93 7 113 186 1167 548 35 26 827 1320 24 273 122 2540 3187 164 12 536 333 4808 34 359 81 901 185 267 65 24 3879 1245 84 90 1042 195 253 1588 14 96 2362 996 772 1989 199 798 2243 16 5 385 422 519 1091 77 1010 54 609 571 274 3265 29 62 166 92 52 484 1528 1263 697 208 478 112 1106 493 1348 2812 578 274 184 1564 70 5323 1069 2950 671 2448 79 1820 62 182 107 1807 2125 1514 92 242 308 88 82 604 719 290 89 667 8 57 10 1374 938 14 1571 278 10 378 1954 29 37 1263 377 52 2025 1145 1213 181 1673 125 1093 119 440 2479 156 937 11 495 198 710 3064 256 19 2061 573 898 98 1695 40 385 498 925 1637 63 874 790 1415 128 322 31 1999 195 61 1006 944 143 80 235 265 1007 702 1868 1166 61 151 284 503 16 83 465 290 1330 624 951 1926 249 489 1124 1430 2563 93 22 2 3355 1898 90 417 98 148 548 361 196 1086 954 752 260 764 967 1511 2472 1582 896 39 305 265 231 28 3888 2484 4504 304 724 444 1398 1373 43 1221 1868 95 796 1765 336 780 109 1568 243 419 56 829 377 733 409 111 1647 123 745 1286 60 2345 2040 228 83 111 66 249 344 238 1835 202 1611 243 501 67 79 428 98 1419 85 699 939 3 77 105 138 132 766 870 212 174 75 337 384 1379 172 2105 545 112 2779 83 269 1643 414 82 3331 431 283 107 113 227 2414 178 217 408 763 1009 412 708 51 747 146 285 160 52 41 125 130 795 148 286 73 205 1051 210 123 55 1849 279 574 1353 608 827 503 222 2047 42 57 999 710 441 34 2392 676 55 4010 12 681
