500 3 1
49 32 51 77 6 72 27 6 10 1 3 82 64 93 73 6 18 83 34 18 73 81 39 89 27 22 42 13 27 82 24 10 3 86 96 58 26 65 57 49 100 14 39 96 47 18 28 81 52 96 89 82 80 39 24 73 68 68 5 10 88 62 84 87 61 5 28 41 3 2 3 95 64 8 35 77 32 34 23 91 85 95 84 17 83 49 28 73 18 40 25 52 41 68 96 17 37 48 12 98 20 45 62 8 76 86 48 95 32 48 31 31 50 45 98 86 46 10 66 18 62 76 28 30 12 68 23 68 34 62 40 23 49 10 33 1 100 96 57 42 96 85 19 25 80 28 94 52 47 76 72 78 3 8 5 31 1 31 93 99 48 34 28 28 97 11 31 63 88 26 43 87 61 62 90 65 85 93 53 31 70 13 36 38 99 72 65 13 17 82 65 6 85 56 79 17 91 39 42 54 87 61 10 26 3 83 85 14 35 10 26 12 55 35 20 65 53 80 94 67 94 78 97 47 61 65 71 10 22 48 6 47 99 85 11 66 57 51 46 50 64 19 34 3 10 76 16 31 38 90 77 74 51 63 72 55 61 15 10 49 18 60 99 3 96 28 99 47 62 75 55 16 30 33 43 17 39 81 95 30 76 12 82 85 38 71 78 19 99 92 66 25 30 51 88 57 58 80 61 90 69 99 45 29 36 52 52 42 83 58 12 72 87 92 100 68 61 41 26 28 86 70 22 32 67 3 40 13 65 70 99 92 61 59 96 8 91 20 46 3 70 6 77 22 93 41 9 43 56 55 9 91 44 56 68 84 40 10 14 65 58 60 45 62 31 59 14 66 6 34 78 87 59 42 26 12 39 71 98 75 83 10 11 77 89 60 71 65 52 69 24 76 55 89 65 46 24 44 41 57 7 93 52 32 82 92 40 92 77 20 25 33 61 20 66 71 64 48 85 50 43 52 89 35 64 17 12 28 37 97 81 58 69 50 61 4 73 19 40 31 84 76 35 30 95 78 79 29 4 2 63 37 63 52 11 18 40 26 14 14 7 97 18 64 82 55 97 26 23 61 13 39 56 19 4 98 88 34 78 71 88 40 34 14 39 48 83 14 21 12 50 28 54 83 93 41 83 6 28 95

3 28 3 14 7 46 35 41 12 9 6 22 67 24 5 2 36 25 9 50 43 38 4 11 1 10 59 25 15 40 38 6 14 58 15 18 15 5 8 42 8 13 14 39 12 5 9 27 2 37 2 23 42 10 19 55 14 21 56 14 27 56 33 6 39 8 35 24 49 49 53 6 48 23 32 1 49 40 65 2 45 43 6 24 2 20 55 5 2 22 23 38 25 3 2 6 56 12 17 24 7 40 9 10 17 6 41 14 31 85 15 18 30 53 6 13 26 25 4 4 10 38 47 41 3 14 13 31 39 6 16 1 7 32 39 38 18 38 78 12 33 22 17 3 10 6 29 11 43 13 24 4 16 42 73 22 13 6 39 25 53 25 39 11 56 24 10 9 9 7 56 44 13 2 40 19 76 83 15 53 71 6 35 9 1 19 3 8 57 26 49 28 28 18 5 20 28 8 16 1 56 5 16 11 38 17 16 6 29 24 80 4 12 73 11 32 15 73 52 10 13 19 33 44 1 5 11 23 37 16 51 22 13 21 42 17 34 5 61 30 17 13 34 60 3 2 22 22 38 9 5 36 75 2 10 20 1 10 15 8 61 20 54 16 10 19 76 5 49 22 54 37 5 31 3 47 36 12 14 51 53 2 13 47 18 1 40 16 73 60 25 13 26 34 13 12 16 41 8 2 8 14 6 10 18 40 36 50 59 1 3 35 56 39 15 52 26 6 29 13 4 22 7 18 5 41 9 16 69 18 9 27 24 39 2 3 22 16 19 21 55 10 2 16 33 11 6 17 41 51 41 51 44 55 7 36 3 16 20 14 20 42 64 10 46 18 11 12 51 23 20 60 21 17 52 14 54 27 36 17 9 47 9 23 21 4 23 12 12 23 29 36 1 30 22 7 4 6 6 27 72 56 7 16 49 33 13 22 9 7 60 1 10 4 35 30 22 5 25 2 29 72 2 39 6 6 29 5 9 14 58 58 39 45 33 8 17 42 8 22 7 15 17 29 61 81 40 78 38 62 30 4 18 20 16 32 5 33 3 62 10 5 39 60 19 14 85 7 46 34 47 6 28 32 1 20 34 14 12 17 3 46 54 19 17 1 20 29 7 25 24 9 36 19 36 45 18 12 9 50
49 33 17 39 15 53 43 45 50 13 20 27 70 28 19 20 53 47 16 74 69 79 55 15 11 33 66 53 32 53 42 50 33 84 20 19 35 23 19 56 21 39 34 89 34 50 61 75 30 46 70 66 94 11 22 80 24 36 72 68 40 86 38 35 58 16 75 59 53 52 77 13 80 34 59 35 60 61 78 6 63 55 9 31 15 57 75 11 48 69 32 54 26 61 28 9 72 29 51 64 14 74 59 14 27 19 56 87 54 88 44 56 53 82 18 19 61 27 9 79 80 88 56 66 67 33 17 58 56 10 35 89 9 70 53 42 52 42 79 24 71 86 52 13 87 29 61 35 58 25 34 10 46 43 78 29 74 74 60 26 57 32 74 56 66 58 14 48 12 11 74 52 37 40 70 22 78 88 40 93 93 6 60 32 3 73 39 43 61 56 65 42 41 69 9 58 67 84 17 3 69 10 27 11 49 78 30 39 50 47 93 39 32 73 67 69 84 79 67 14 75 27 52 51 64 38 48 72 75 18 76 33 23 37 84 23 83 43 79 58 71 66 54 62 20 19 23 25 43 84 22 43 81 8 52 40 60 73 19 9 73 37 72 82 14 51 78 59 55 62 59 69 73 33 15 48 60 31 32 67 65 30 29 81 20 36 86 53 74 66 31 27 46 57 21 37 24 58 14 41 26 18 84 21 70 46 56 51 60 20 13 88 61 50 40 53 32 53 41 14 78 44 30 53 10 44 24 30 77 38 35 57 33 54 6 91 52 35 81 35 61 11 36 47 38 68 65 37 45 63 77 86 91 59 9 78 66 28 29 28 41 79 74 23 80 25 12 27 64 27 34 85 46 32 53 33 75 30 42 85 60 79 50 31 22 16 23 41 49 24 54 47 59 67 65 15 32 45 24 59 74 61 33 47 76 46 63 49 23 31 61 33 39 85 73 35 56 88 43 68 42 86 4 76 7 25 37 37 14 43 59 74 51 66 70 36 70 62 78 28 21 22 56 70 75 91 64 81 90 64 42 5 23 77 41 34 25 54 52 77 78 27 58 62 20 75 99 93 83 49 59 76 31 38 46 68 36 68 16 53 67 56 54 23 36 34 41 54 58 47 44 41 36 83 57 75 41 17 44 61
69 84 83 62 83 89 98 77 70 27 83 42 91 32 54 27 65 51 58 93 89 99 68 53 33 56 74 75 49 79 42 62 64 88 47 70 74 55 42 87 64 65 37 98 82 96 72 88 55 93 83 95 95 76 78 87 86 53 98 96 81 98 90 81 95 47 87 75 74 76 80 32 88 36 66 58 96 87 94 23 70 62 84 90 27 71 82 30 75 89 97 95 44 95 80 38 88 59 85 81 64 88 80 59 27 29 69 89 62 91 75 74 80 100 24 80 96 43 53 95 96 99 68 88 89 53 42 69 78 28 54 91 48 73 67 87 86 57 79 32 71 93 94 71 100 45 96 81 61 33 71 99 96 99 83 72 96 84 70 81 89 90 76 93 80 70 30 62 98 59 99 83 80 98 74 59 89 91 42 100 99 79 67 41 4 83 53 69 64 67 100 75 53 97 93 76 90 92 48 51 81 62 38 80 57 92 46 78 86 61 97 45 49 98 86 78 95 94 81 96 85 94 75 88 70 69 97 81 84 76 96 73 88 91 86 50 86 80 81 95 77 69 74 66 36 26 51 56 54 89 82 67 93 47 86 67 92 91 49 29 79 71 85 97 79 63 88 76 68 77 71 71 88 67 68 49 85 40 91 68 82 65 53 96 94 97 92 90 82 92 53 97 48 60 25 43 86 82 86 71 64 70 97 99 91 61 70 56 70 56 23 100 77 78 46 64 77 72 48 63 89 56 77 93 14 75 27 33 91 56 79 73 64 92 50 96 63 85 99 69 89 90 59 53 79 79 82 56 100 78 91 89 95 65 51 92 93 51 52 32 53 100 96 67 94 28 64 43 84 84 74 97 62 80 95 46 78 34 79 87 89 91 79 49 50 91 56 62 66 85 54 60 64 85 94 100 52 50 36 74 74 71 85 80 85 55 94 68 76 71 73 100 98 94 96 75 70 94 60 100 55 92 17 78 39 52 86 90 36 78 96 78 90 91 75 84 71 98 94 49 40 91 67 85 99 93 76 95 95 69 48 79 35 100 92 91 50 87 98 79 94 41 60 87 39 86 100 98 87 92 76 96 46 49 52 72 45 100 46 64 92 61 72 69 89 58 81 90 89 72 97 57 50 84 91 81 53 97 83 71

14 87 44 87 41 54 39 83 78 37 98 40 25 51 84 61 41 95 56 58 20 81 83 24 75 88 39 53 15 76 15 75 4 82 12 46 37 36 74 66 24 81 29 23 56 6 32 61 96 70 65 13 84 66 34 3 57 60 83 70 10 33 68 57 49 44 82 47 90 46 92 72 54 74 55 89 19 38 8 48 91 42 77 29 19 4 65 78 64 47 6 4 38 9 70 20 73 90 71 82 16 18 76 57 79 34 49 62 66 67 50 21 25 58 89 12 59 48 76 59 41 53 84 51 43 4 30 90 48 32 71 57 10 43 14 77 33 92 68 92 71 33 14 71 86 60 89 12 37 62 81 2 4 74 46 1 5 87 59 16 90 96 98 22 6 46 81 33 77 29 65 64 78 7 46 39 64 78 61 65 95 97 95 68 8 17 94 94 71 51 79 79 92 10 13 33 1 92 45 52 53 41 52 61 25 22 43 67 41 62 12 89 82 50 8 30 91 92 22 88 3 55 25 22 73 75 24 88 62 88 14 33 93 19 71 3 13 44 69 24 75 35 4 38 43 36 100 95 60 12 59 97 57 42 32 5 1 2 47 28 60 48 74 18 83 96 91 15 21 87 35 97 5 85 27 36 100 60 17 7 100 23 65 5 28 56 75 99 82 8 32 39 54 49 21 46 14 10 93 30 74 64 38 72 61 99 37 69 70 9 68 70 61 72 76 34 38 63 89 8 52 61 79 12 39 99 5 13 2 77 2 73 33 70 32 98 75 61 11 1 12 50 29 96 34 29 50 31 66 18 85 20 31 3 1 16 42 15 70 58 30 77 39 76 4 21 56 3 55 56 28 47 90 72 51 85 1 27 35 19 20 75 33 53 52 33 1 81 16 21 54 75 22 46 71 1 51 74 91 67 15 54 97 54 1 14 53 27 88 8 42 17 61 47 84 62 96 22 16 78 53 73 62 46 3 77 70 4 86 61 70 50 53 12 44 80 97 57 25 9 22 21 26 76 38 91 1 85 83 39 97 96 70 98 62 80 23 31 52 32 69 49 100 98 20 94 43 85 39 5 94 32 43 16 36 10 42 43 27 55 65 87 51 59 55 3 75 24 88 38 21 64 95 65 58 25 30 22 96 97

420 199 685 610 6479 919 698 329 1982 879 529 1228 2037 1050 2936 3118 70 2686 1660 255 1168 1032 1305 1984 842 1671 1744 6887 2629 2201 2902 269 890 3497 1155 1734 893 3188 693 775 1984 369 3102 130 311 1931 1196 513 561 4372 774 1062 1798 799 480 1069 1326 2083 96 441 792 771 2421 8387 6315 217 1748 952 1070 114 489 600 7132 1613 327 578 674 8424 2530 704 2988 1199 2827 1457 447 167 88 3370 3410 340 419 1274 3220 3422 1134 1335 515 2725 432 930 1109 292 785 505 5195 177 2061 332 113 1691 1087 662 1632 6080 2392 2443 3647 965 5402 592 829 1193 2886 2623 1384 1889 109 243 1436 1001 2204 2413 529 131 135 2531 7190 1055 787 386 527 2616 648 335 250 610 1150 516 574 630 2648 1157 716 1247 290 692 197 1629 191 5429 593 921 1800 3671 1439 932 2099 323 635 2715 5594 6058 2725 1664 190 246 1230 3836 106 7273 1980 473 1149 1873 450 1740 491 478 124 389 633 532 1172 172 911 1224 269 3318 659 359 206 455 249 232 1577 155 2743 114 1044 379 403 44 2384 79 5034 1890 3132 210 919 4098 376 875 1496 328 390 697 908 203 636 108 1529 2374 841 1888 491 1136 1459 4098 497 353 2957 2849 1281 147 797 428 1299 35 1392 487 122 4780 116 1095 1331 527 993 841 3714 2039 304 2682 556 5473 3383 641 1090 740 1367 748 408 919 1024 1574 610 975 351 521 6097 3678 3541 443 194 4261 1219 6830 212 722 503 161 422 831 306 1079 1137 1046 1294 323 971 367 390 865 3622 1198 1285 1761 886 471 1323 580 202 278 188 612 679 2157 916 1659 2256 139 3220 6033 4499 847 507 440 2007 3426 1196 3262 3022 818 1721 1016 409 1015 1039 3833 339 2580 459 268 1560 248 2311 152 557 2250 339 2007 204 1010 499 1810 3096 1660 640 302 466 292 2059 6710 998 2669 1929 561 407 3954 852 74 1301 188 965 330 97 28 3026 189 645 1463 286 147 6371 1652 1454 1099 582 81 1181 1824 1316 2911 141 4781 341 501 8355 640 1019 3914 405 1428 2384 7756 693 1974 4783 2328 672 2206 498 3487 5351 2302 889 636 2657 1592 870 710 76 1101 694 1229 1705 6287 2512 379 968 1532 733 4846 3264 3007 2320 2322 100 3098 1758 246 157 676 1178 790 3590 2184 1884 145 20 1787 6758 2818 257 205 1357 1736 2266 1036 1976 1820 275 774 3863 1114 4759 1413 2413 1180 25 220 311 1299 88 7110 462 145 1239 858 3702 1519 2086 2445 2838 354 1660 1315 2433 114 4251 276 726 492 142 5223 960 94 601 2102 597 325
1066 593 1363 927 7191 2337 1479 3149 2701 8713 1321 3338 3255 2644 2984 5599 718 4169 7171 7196 1780 1247 1463 2108 1127 3473 3982 8570 3583 2983 4294 284 3703 4433 1973 2740 1393 4427 1750 1391 3399 746 3684 422 1071 3251 2041 4128 1845 7609 3971 1428 3029 1948 1238 1798 2821 2570 1170 1521 6066 9461 5012 8446 8919 1971 5138 4705 1593 7228 9607 1172 8641 2010 355 2016 685 8685 3728 1309 3827 4961 6310 7051 1535 1629 1800 5586 3894 1120 718 3277 3483 7749 3048 1810 1239 3672 2136 4458 2205 966 1416 2427 5360 1697 7554 1984 1384 2625 3039 5454 1648 7603 8552 5118 3697 1032 5625 1504 843 1346 4149 3101 2519 1890 2388 2951 2415 3928 3120 4645 2546 171 816 7994 7336 2717 5371 779 4661 3305 2211 1850 2445 2775 2143 589 4134 3083 8185 1418 1626 1984 708 918 1851 2196 482 9118 1512 4942 2200 4216 2543 935 2108 3122 854 4054 8334 6096 7503 4646 3206 351 2468 5816 945 7587 2044 7449 4980 6517 8069 3242 1782 3641 648 3526 4151 1971 3033 2164 1708 1598 286 3792 2226 2275 2400 1960 443 667 3197 888 4303 2942 7314 2841 1840 758 5450 1072 8136 2917 5825 2267 3047 8956 946 3046 1606 515 424 3441 3196 797 891 1830 1585 6093 3079 3640 1503 4316 4939 5052 1784 2942 3065 3257 2289 1592 1497 4351 2080 1802 2030 2402 125 7009 354 1532 3082 676 9481 2944 5128 5967 3563 4105 6002 5942 3854 1252 1482 1137 1764 6956 2214 4884 1581 2481 747 4696 563 1567 9887 4957 4342 628 2068 4905 2462 7844 2229 1200 1609 1202 1533 1373 2831 1294 2129 1584 1478 741 1916 4339 1866 1734 3633 3867 4194 2646 2416 2600 1592 989 2236 1319 251 727 1138 2158 7073 2357 2486 3275 9325 7674 5045 1182 4403 1799 2085 6066 3912 3595 6892 2466 3082 1431 1733 3813 2600 6906 3246 3659 4273 352 2038 1044 3812 1625 1870 6430 2684 4405 630 2550 2004 2453 6494 2318 654 2750 1958 1046 3923 7360 1471 3354 2817 595 2930 4390 1295 2327 3243 642 1703 545 206 585 6287 210 1158 2772 1086 1057 7508 6184 3070 1464 1362 801 2400 2006 1353 4145 544 7640 7239 2268 8899 1256 5637 4567 1135 4441 2532 9311 1221 3127 7519 3073 2535 3408 907 5741 6249 7656 1128 1541 2988 4578 1095 1327 428 1291 948 1617 3557 6644 3283 2213 1844 2214 900 6568 3285 3014 3740 2545 885 4602 2863 1018 1035 681 1427 1165 3952 4076 2526 798 1113 3565 7566 5072 2235 1107 2409 1998 6785 1730 2165 3381 522 2498 4473 4391 8168 4784 4941 1711 1521 302 759 1776 1282 9261 1746 1083 3967 2347 5770 4053 3222 6898 4155 1293 1803 1393 3204 557 5283 919 1710 523 299 8218 1111 1315 3067 2202 6089 9554
4503 1905 1557 4443 7815 2439 2077 8400 3599 9641 1567 3904 8501 5058 4947 9632 2382 8576 8714 8333 2193 2063 1639 2435 2337 3909 4414 9712 4287 8945 4550 590 4877 4703 2290 3054 2394 4505 2463 2031 4307 4697 8719 1668 2065 9809 2270 6015 2098 9205 10013 2160 3084 2736 2454 4698 4813 4898 1846 1888 8571 9939 8120 8662 9660 3905 9990 6130 1852 9425 9765 3076 9578 2464 477 4569 4850 9710 4677 4460 4674 7566 8774 9664 4569 8011 3675 6751 4859 8544 1228 4862 5022 9954 4364 2080 2212 4591 8325 6003 4346 1103 1994 4742 7404 4435 9334 1999 4214 3619 4405 9415 3456 8153 10043 9125 7247 4461 8475 1715 3975 1621 9169 9703 5784 2470 2445 4254 2481 4163 4725 4971 7771 2488 1655 9440 10021 4173 7894 849 7256 5043 2349 2375 2549 4854 2144 1470 4709 3649 8583 3359 1749 2554 1278 1098 2100 2366 2067 10002 3378 8345 4400 9315 4348 1328 2706 3991 1228 4589 8567 8743 7749 6588 4235 2254 3802 7293 1334 9109 2550 9395 5220 6901 8693 4343 2448 9682 2195 3970 4820 2061 9777 2456 5558 9003 1568 6280 2252 2338 4447 9718 2084 2322 4219 2211 4428 4143 8461 3334 2519 2530 6132 3479 9342 4765 5934 3706 3653 10054 4717 3328 1680 1366 3930 3778 5006 946 1814 2141 2276 8440 5072 3808 2239 4414 6684 5991 2181 3657 4143 4497 7730 1895 2405 4560 2273 1992 2337 2838 987 7015 455 3721 4061 994 9824 3852 9272 7986 3629 4495 8270 9903 6186 1653 3692 1627 2399 8677 3529 4966 1809 3157 2723 8442 1297 2082 10065 8321 4473 1943 3781 5915 4103 7996 2308 2499 2416 2285 2368 2050 4813 4124 7783 2350 4730 1999 8291 9719 2153 1755 4440 4105 4916 3706 3844 4359 2288 5505 2315 1711 395 2063 2449 4316 9393 3439 2519 4600 9857 8157 5830 2484 4623 1939 3590 6336 4829 5056 9224 4050 4892 1486 2429 8956 4891 7659 4152 4089 4394 848 2290 1399 6220 1845 2156 8958 3155 8418 1202 4429 2505 6900 8917 2366 1504 4599 4708 1335 4775 7455 6995 4981 2963 1873 4183 4748 1814 2432 3809 1206 2321 2120 4638 2550 6710 1549 2346 3148 2488 2472 8981 9770 5039 1492 1590 1031 2489 2182 1835 4540 861 9966 7998 3237 9704 1262 9312 4863 2285 5343 4697 9756 2618 6308 9778 4118 8871 4659 3480 8567 8785 9432 2307 2402 3918 6269 9953 4421 656 2055 2518 1889 3898 6807 3434 3354 2309 3489 1780 7635 9788 3127 4329 9494 1975 6853 3970 1557 2453 1852 2224 1601 6070 4174 3372 3966 1800 4073 9757 8488 2530 2371 4855 6489 7259 2126 2238 4769 569 3888 7607 4857 9695 5116 9756 2221 3694 836 1529 1978 2070 9761 4902 1351 5828 7090 9353 4760 4268 9548 4582 1604 1959 1445 4334 1229 5508 985 2406 561 1869 8558 3180 2108 8282 4003 6298 9763

300 154 248 601 3522 743 343 18 1936 808 107 428 468 507 291 541 27 434 195 234 854 160 120 296 721 1414 1353 2800 422 1030 1733 43 438 397 330 20 500 556 125 679 941 273 1500 5 32 178 1067 381 338 2319 261 20 704 621 153 715 1232 465 90 14 763 695 1003 2271 2437 48 242 729 957 35 11 320 6470 657 138 454 618 2097 142 26 673 987 1353 30 195 157 87 1840 28 16 319 24 2667 1303 621 571 281 637 382 63 295 160 766 234 4775 38 1525 282 29 1605 542 519 1156 5137 78 2419 2703 638 3299 529 566 175 2048 71 1273 460 52 88 553 689 874 238 92 101 4 818 2289 798 641 114 477 1217 306 266 117 534 81 110 431 504 692 474 476 1070 278 113 2 1011 111 3264 155 768 1508 3315 163 558 468 269 632 508 662 2331 1585 1450 37 53 332 917 74 3263 1106 91 351 284 371 1329 407 84 97 240 379 70 478 10 188 731 213 2435 392 68 199 365 87 48 17 102 1041 31 453 45 256 3 1044 53 2187 1144 768 202 651 3378 25 661 1196 38 10 482 126 183 490 84 721 62 656 1070 85 882 51 3180 146 194 326 1191 441 48 719 426 304 19 1275 363 103 1231 50 531 875 43 432 57 536 660 219 2381 86 5241 2281 202 435 36 1298 723 393 315 376 634 27 240 120 220 4173 3541 2744 106 122 3625 1103 4204 172 241 454 143 211 267 194 640 141 632 1249 139 670 101 255 352 2286 447 488 1510 872 194 792 320 198 254 41 2 185 801 185 1208 1027 86 1480 669 1444 449 204 222 1771 1463 407 2382 1113 370 976 57 279 392 816 1103 3 1894 118 177 1414 176 829 12 538 1071 278 1871 40 615 88 556 2958 567 387 113 69 4 1846 2934 61 2190 1602 54 119 205 224 19 1297 98 340 236 25 17 185 142 436 485 105 92 2320 1651 194 727 91 34 53 1301 424 253 3 761 69 141 8068 117 294 477 181 730 1607 4540 222 1421 3590 1931 289 1715 181 3448 4417 1169 60 459 991 222 516 34 33 687 451 584 889 561 1056 220 559 568 622 97 1340 1132 30 1240 86 3090 1014 233 89 558 1075 762 2146 36 859 111 17 581 3333 784 70 161 629 1575 1840 895 1701 1548 186 208 2951 641 3562 1221 404 1092 9 21 28 443 30 719 7 44 982 235 632 682 401 323 621 164 1448 710 411 76 4134 254 378 369 30 4671 657 25 447 75 391 60
