100 3 1
124 70 148 107 103 1 1 1 1 31 105 1 74 1 51 1 137 119 210 197 234 201 1 159 1 146 43 93 177 69 1 234 192 142 54 93 74 140 157 119 102 49 1 1 94 88 206 183 128 65 1 1 58 108 30 90 1 68 69 133 151 89 191 59 66 56 92 1 67 197 59 1 50 121 118 1 97 104 1 29 99 101 28 265 119 144 77 10 109 176 156 66 255 96 118 275 1 213 30 46

22 20 9 22 17 4 1 24 44 39 7 1 15 9 26 2 12 31 15 8 1 22 29 2 41 25 1 55 1 17 30 40 24 13 25 7 10 15 27 36 21 14 14 8 14 35 21 49 29 11 37 16 46 1 37 36 46 27 51 38 21 15 19 23 23 17 39 1 1 14 35 16 17 14 31 21 9 16 16 25 1 1 38 18 17 4 63 37 59 7 32 1 2 25 1 27 7 23 23 12
31 24 10 25 20 14 11 25 60 60 18 14 23 11 45 5 26 39 16 18 6 39 42 3 42 49 12 73 2 23 42 41 43 14 45 11 14 19 34 39 36 21 17 29 21 46 32 56 30 18 46 18 49 25 43 49 48 34 58 56 30 38 24 52 44 25 58 5 17 27 36 34 18 28 36 27 11 21 17 35 15 18 41 32 18 9 68 49 60 12 40 10 15 31 28 30 22 43 40 27
46 25 24 27 40 22 31 37 79 69 19 28 24 21 72 9 39 40 28 21 23 40 58 10 54 60 18 86 3 34 49 53 66 23 70 28 17 23 50 45 58 30 28 36 27 52 45 70 38 35 51 25 65 41 53 62 82 58 69 67 37 55 44 58 45 35 65 17 38 39 37 50 34 36 46 31 21 22 23 44 16 37 58 36 30 14 81 75 64 33 42 16 31 58 34 45 26 51 44 29

2 23 1 7 24 22 5 8 12 10 3 12 1 1 11 15 14 1 9 14 15 6 26 11 4 12 9 10 19 10 5 7 4 4 8 7 17 10 7 6 12 11 7 18 13 9 19 5 18 15 1 13 9 1 4 19 12 10 1 14 3 13 26 12 21 20 11 11 20 8 3 18 17 14 1 5 1 7 2 20 4 3 14 7 13 9 11 6 22 14 10 7 17 17 7 6 22 14 3 1

8001 3888 8572 2920 5270 3152 4691 7998 6389 2735 3578 4610 5591 6371 2676 5674 4970 5613 3216 5626 3072 4750 2858 6994 2472 3296 3734 5040 3957 3802 5721 5289 8062 3019 7100 4726 3102 4079 5849 8487 3657 4687 5985 4164 2607 1915 5948 6146 1263 3883 6984 6242 7197 6856 203 8357 5091 5978 5178 3425 3268 556 2256 5502 6232 5077 3437 3400 5006 3526 5825 4112 3512 5152 1195 3749 1554 3953 3546 5813 3705 446 4794 3342 7500 235 560 5818 5849 4143 5279 5733 5488 5536 5730 7341 6322 5013 5183 62
9474 4736 9942 3233 5907 3625 5669 9102 7849 3324 4438 5111 6317 7381 3163 6752 5961 6460 3709 6851 3442 5562 3149 7976 2881 4084 4134 5719 4496 4244 6801 6500 9539 3324 8695 5517 3723 4639 6834 9445 4063 5398 6890 5003 2982 2332 7020 6871 1464 4764 7925 7780 8870 8458 224 10275 5971 6992 5990 4093 3996 688 2770 6673 7120 5691 4019 4036 5998 4197 6562 5042 4341 6287 1430 4161 1756 4541 4418 6780 4595 493 5477 3809 8895 277 667 6486 6642 4643 6560 6708 6219 6512 6982 9080 7753 6204 6246 72
11442 5555 10937 3676 7051 4313 6783 10101 8860 3681 4949 6192 7634 8174 3671 7878 6696 7272 4291 7821 3951 6041 3854 8945 3389 4423 4571 6854 5066 4786 7691 7343 11176 4048 9564 6111 4455 5255 7671 11552 4643 5955 7593 5603 3375 2605 7675 8009 1769 5410 9363 8715 9833 9321 261 11625 6693 8401 7263 4798 4453 744 3327 7833 8215 6560 4764 4707 6944 4661 7186 6032 4881 7268 1650 4798 1951 5470 5172 7756 5126 542 6011 4263 9686 327 801 7430 7747 5151 7225 7469 7091 7335 7589 10517 8556 7415 7229 81

4787 2250 5884 2473 3371 2410 3407 5508 4071 2218 2698 2973 3958 3458 1877 4310 2565 3198 2234 4004 1545 2872 1730 6000 1630 2650 3023 2986 3024 2383 3419 4502 6329 2424 5258 2379 1836 2693 4473 5285 2116 3486 4708 2113 2181 1667 5111 4992 1083 2815 4445 4790 5560 5110 166 4691 2659 4416 4600 2295 2233 392 1184 3803 4690 3391 3018 2165 2949 2359 3381 2488 2157 3966 740 2654 816 2523 3163 3665 2845 338 4130 2420 5365 205 476 4105 5004 2137 3557 3455 4904 4779 4613 4985 3759 3379 3488 48
