100 3 1
69 141 63 54 201 100 99 251 180 118 95 63 72 94 141 131 14 90 127 1 91 152 184 1 127 126 106 122 213 180 53 165 97 61 106 107 77 85 104 167 121 155 216 44 152 83 73 78 69 225 35 211 84 46 81 1 8 1 72 176 191 7 59 129 96 33 71 1 122 17 37 67 113 188 172 284 271 71 145 192 171 2 178 115 252 159 35 51 1 81 161 1 201 1 105 1 98 49 42 112

48 1 13 17 20 33 1 1 33 36 23 9 1 1 13 5 30 35 31 37 33 27 7 31 26 19 33 23 1 25 1 44 35 20 43 45 41 20 25 53 30 17 20 1 31 43 41 31 12 25 17 39 15 18 15 49 34 1 14 1 32 42 22 40 26 8 11 65 10 14 27 23 40 31 26 6 12 1 16 8 41 34 43 10 36 36 41 28 24 1 18 44 1 1 40 24 20 29 21 15
60 2 24 35 30 54 15 31 46 46 41 12 5 8 14 10 40 44 36 39 37 36 8 41 37 20 39 40 11 35 2 59 51 23 61 49 44 30 36 58 42 27 30 12 41 52 53 35 14 49 18 44 19 22 17 59 42 14 21 5 35 53 28 41 34 30 27 72 24 32 38 38 52 35 28 12 17 2 22 11 61 60 63 27 53 40 53 31 26 20 47 65 5 8 50 30 41 45 29 16
77 24 26 38 44 64 35 33 61 57 45 13 26 23 29 16 59 48 40 58 47 40 16 44 39 40 40 53 24 44 22 65 66 24 69 65 46 41 49 66 50 48 56 17 42 61 60 37 31 63 31 56 36 41 22 70 52 22 23 9 44 55 45 42 39 39 30 84 30 40 42 43 61 37 48 22 28 5 25 21 74 65 92 39 68 45 70 36 53 36 53 66 25 14 59 39 57 66 55 25

5 28 20 15 1 10 8 10 3 31 8 7 11 17 4 18 10 16 8 9 2 10 8 1 12 11 10 13 1 8 6 3 5 1 1 10 2 16 1 14 10 7 2 13 17 13 15 24 10 18 1 11 16 16 5 9 11 13 3 14 4 17 19 7 9 24 8 13 4 17 21 9 20 16 3 17 13 1 2 1 13 8 9 17 13 3 2 1 19 11 5 1 7 22 25 1 15 19 14 15

2731 3610 1998 6928 4373 4214 2399 7026 4730 3330 4638 1755 8243 4653 6681 1988 3291 2611 4147 8650 4057 4585 6110 7260 3461 3891 5709 3083 6454 7218 7771 3719 6307 6053 1673 4304 6497 3353 8014 5769 3636 6667 8703 5487 2460 5697 1434 1458 1463 4131 5789 3534 5482 3424 6414 6072 3989 499 7288 6710 3429 2894 5484 3742 4421 1373 2821 4862 6096 6346 5811 3335 8697 3344 3932 6917 7193 2674 6553 3641 5122 4176 7093 6976 6336 2489 6021 3895 3445 4472 4720 3020 2666 4330 4629 6346 6135 3307 4157 3614
3295 4429 2229 8617 4849 4671 2910 7837 5756 4148 5742 1952 9976 5643 8095 2307 4100 3013 4751 10115 4597 5589 7085 8473 3891 4746 6943 3844 7399 8625 8909 4205 7533 6734 1911 5284 7476 3830 9290 6514 4315 7805 10594 6595 3016 7100 1702 1799 1636 4824 7014 4100 6519 3818 7719 6971 4524 588 8762 8387 4083 3553 6590 4586 5493 1569 3437 5673 7319 7414 6625 3897 10096 3794 4754 8626 8432 3193 7369 4064 6184 5192 8760 8121 7869 2978 7394 4307 4154 5039 5352 3655 3290 5347 5530 7537 7332 3889 4721 4001
3810 5007 2489 9805 5339 5173 3454 8611 6794 4686 6206 2249 11034 6229 9271 2738 4451 3332 5654 11202 5568 6461 8545 9345 4458 5690 7700 4161 8219 9687 10235 4586 8900 7619 2321 6093 8162 4319 11013 7464 5207 8579 12166 7848 3602 8461 1995 2094 1814 5832 7812 4953 7877 4294 9006 8409 5187 673 9651 9901 4872 4138 7203 5183 6402 1783 4141 6233 8502 8653 8022 4730 11319 4214 5252 9356 9910 3515 8475 4889 7233 5635 10484 9813 9430 3247 8897 4836 4693 5974 5932 4090 3795 5919 6001 9118 8302 4590 5685 4645

2434 2250 1125 4880 3817 2895 1371 5593 3387 1786 3819 1299 4644 3693 5623 1079 2807 2321 2878 6352 3621 3502 5162 4415 3037 2133 3098 2596 4483 5394 5640 1870 4062 4511 1431 2888 5381 2228 4827 4307 2102 3527 7531 2799 1365 4242 1178 1055 932 3072 3890 1837 3559 2380 3653 5454 3196 267 5275 3977 2583 2238 4900 2633 2338 1028 1612 2613 4362 3701 5060 2820 4355 2516 3205 4933 6344 1817 3463 2552 2915 2125 6297 3734 3236 1773 4916 3115 2481 2963 2420 1716 1771 3707 2698 5189 4193 2060 3010 2983
