100 3 1
83 64 128 36 55 99 17 171 147 117 52 12 113 5 81 1 110 1 30 193 299 73 80 63 187 155 64 35 1 70 34 31 23 161 241 1 184 179 1 88 24 25 1 113 145 39 137 33 157 69 22 1 14 142 46 68 85 98 1 142 237 1 1 21 188 125 140 133 153 31 61 137 1 167 138 161 241 84 129 37 26 190 31 43 247 118 90 137 68 107 29 100 1 122 103 76 89 102 14 37

19 11 25 8 1 34 14 45 10 38 31 1 3 55 28 29 16 9 1 10 19 1 10 6 27 34 23 25 20 17 7 33 21 38 5 26 21 1 15 10 28 38 45 15 10 26 7 18 25 1 26 3 30 46 1 35 28 8 30 11 63 8 19 41 38 31 7 1 12 14 37 16 1 39 36 18 40 11 43 16 1 26 1 1 18 18 45 10 12 17 24 1 14 26 29 27 22 31 38 37
30 26 35 16 2 66 30 64 21 40 40 2 19 67 35 35 32 10 12 25 23 8 15 18 38 48 41 32 33 23 10 36 27 54 22 31 23 10 16 12 42 52 63 35 15 43 15 32 30 8 39 5 35 57 15 44 33 10 44 21 80 14 27 59 43 38 14 2 14 30 53 24 8 54 48 25 52 28 50 37 25 29 17 9 31 39 59 22 19 32 35 20 22 36 41 52 25 41 43 41
35 29 44 28 7 68 41 81 22 44 46 14 34 77 43 41 42 17 30 34 26 11 33 25 48 59 60 42 36 27 13 39 44 55 46 32 24 16 29 43 55 55 71 43 34 66 23 47 36 16 49 22 42 61 16 46 56 12 52 30 97 18 30 68 58 43 30 10 16 47 59 28 14 62 57 39 54 42 51 49 28 33 18 16 33 51 60 42 25 49 47 27 23 37 48 60 32 52 56 47

16 11 17 7 11 5 15 21 15 6 12 2 1 1 17 11 16 8 24 14 20 15 29 17 4 11 20 8 21 14 10 5 9 1 5 12 18 30 16 23 17 10 14 9 6 10 17 16 1 8 17 7 24 1 8 1 11 14 15 1 15 1 3 1 14 16 18 11 12 17 7 5 12 25 22 22 11 22 7 15 4 1 14 16 26 12 8 21 18 16 6 16 11 12 8 9 1 1 3 10

1892 5172 282 6036 1401 4838 3001 5168 2399 5170 5357 4679 6693 5758 5129 3047 4654 5422 1006 2465 5127 3482 2579 5862 3040 3170 4640 676 2192 2135 4805 666 4019 5607 3656 3634 4807 3762 5374 6718 3443 5315 803 5401 5046 5822 2397 5223 4661 2382 3697 3506 2981 2226 2352 5634 6110 5060 2418 578 5642 3111 3981 2981 4253 5925 3634 3805 4943 5460 3586 4798 3704 2586 5478 3812 5767 3080 6122 3096 6684 44 5965 5635 1347 5528 3581 2454 4787 2592 4551 3001 4636 2760 3428 7961 4735 4440 5959 3398
2169 5939 333 7292 1563 5874 3623 6447 2759 6408 6143 5622 7793 6625 6331 3438 5798 6517 1245 2939 5729 4095 3075 7052 3653 3917 5667 844 2663 2443 5767 808 4949 6426 4351 4293 5731 4209 6152 7415 4036 5973 913 6007 6261 7243 2650 6356 5315 2875 4224 4355 3502 2511 2600 7004 6952 5990 2822 710 6603 3554 4645 3624 4783 6847 4227 4372 5608 6769 4231 5310 4599 3116 6508 4365 6363 3445 6941 3805 7712 50 7176 7007 1622 6322 4116 2985 5784 3214 5541 3701 5272 3407 3814 8801 5564 5355 7080 3953
2575 6963 388 8198 1768 6599 4240 7577 3125 7345 7455 6710 9049 7485 7078 3865 6692 7260 1379 3444 6782 4847 3514 7848 4161 4500 6749 979 3092 2829 6661 906 5876 7288 4908 4965 6852 4759 7238 8137 4571 7005 1012 6649 7246 8405 2942 7204 5800 3320 5113 4928 4188 2814 3127 7676 7575 7048 3242 809 7726 4024 5499 4344 5344 7577 4982 4842 6263 7384 4908 5967 5074 3426 7799 4803 7552 4160 8344 4402 9377 59 8362 7665 1939 7651 4780 3585 6955 3846 6179 4110 6073 3688 4573 10359 6055 6376 8487 4636

951 2678 243 3192 1053 3600 1526 2612 1563 4122 4542 3477 4295 4624 4348 2011 4162 4772 697 1400 2636 2136 1409 3834 1943 1598 2665 514 1699 1576 2582 440 3000 3086 2686 1888 2971 2715 3793 4148 1974 3080 404 3595 3162 3838 1999 3722 3008 1276 2447 2707 2298 1321 1195 3124 4115 3067 1651 376 3530 2606 3094 2084 3131 4206 2804 3333 2691 2863 1827 3462 2890 1324 3966 3353 3548 2168 4192 2376 5821 39 3516 3026 1010 3534 2277 1824 4179 1335 3684 1728 2410 1585 2315 6351 3144 3791 4929 1820
