100 3 1
137 90 77 1 48 31 132 74 32 1 148 242 120 147 104 150 122 245 87 75 73 47 176 78 72 133 161 40 63 1 56 1 65 21 167 159 65 1 100 52 166 73 1 174 90 185 116 240 136 123 1 92 188 74 60 1 134 29 225 142 77 197 1 42 1 233 251 141 125 99 247 211 234 147 78 99 263 26 62 199 1 110 270 99 211 86 149 212 98 179 101 184 94 97 105 137 33 52 163 107

25 1 9 26 28 40 6 23 18 38 42 4 1 24 1 12 11 9 10 37 26 19 1 11 32 16 39 20 8 1 26 43 1 4 26 5 33 3 33 9 12 20 56 21 23 23 17 38 1 16 10 36 3 1 1 21 20 7 18 22 28 15 27 39 24 58 1 16 10 43 24 5 8 34 12 20 16 13 38 16 15 10 9 13 6 9 12 38 13 40 43 26 12 32 39 23 64 13 25 21
35 27 18 52 35 42 15 28 42 40 61 13 14 28 5 15 17 29 11 39 53 34 10 20 48 17 48 36 32 19 30 46 5 18 50 14 47 14 38 11 36 29 76 37 41 28 22 50 10 17 43 41 6 17 10 40 32 8 19 38 54 16 38 55 33 71 19 38 15 49 48 16 19 42 16 34 29 32 58 21 33 24 25 14 15 30 23 42 23 61 54 45 20 63 40 28 70 30 34 33
43 32 29 73 48 44 37 31 69 45 62 30 21 31 7 26 29 53 38 42 54 64 27 24 52 24 49 47 44 25 43 73 13 36 62 21 51 22 50 19 52 39 80 50 51 37 33 59 23 30 55 42 22 32 11 46 43 11 27 58 63 27 50 64 34 77 45 40 17 61 50 23 34 51 32 41 37 40 81 35 56 27 34 16 27 51 26 53 46 84 69 46 33 71 52 42 83 58 38 52

7 28 21 1 14 27 16 1 9 5 1 6 12 8 9 26 8 5 13 22 3 2 13 10 1 18 13 22 10 17 8 13 1 2 9 12 3 3 2 25 14 23 1 19 21 25 18 22 1 1 1 16 5 20 9 11 18 9 1 18 7 1 3 14 15 11 38 1 2 2 8 15 8 1 4 16 19 21 20 5 5 16 1 17 22 15 8 18 8 1 13 1 2 6 12 2 3 4 1 7

2880 5542 8536 3619 4947 8822 6428 4959 4747 5701 8632 7695 3808 3542 7465 4062 3423 4083 3592 8546 873 5763 7675 3793 6038 8031 7249 1002 7337 5642 2877 6157 1401 1309 4800 6987 4413 5553 3572 3953 6741 1864 10330 6355 5575 3969 3951 3853 6780 9480 5787 4156 338 6266 5144 5353 5806 3669 7207 4362 6897 4672 3839 1596 4922 6242 6154 2988 7181 7643 6023 2101 2928 9560 4345 1230 8244 7419 10220 4914 6423 6632 6053 7578 3766 7451 3725 4656 4429 7457 3626 5163 6286 8159 5497 3325 7087 3498 2813 3178
3401 6204 10145 4014 5892 10009 7673 5738 5456 6544 9574 8546 4312 4057 9189 5024 4268 4871 4084 10375 1090 6515 9105 4325 7040 9925 8733 1156 8248 6254 3258 7473 1618 1581 5597 8625 5386 6309 4184 4410 8014 2114 11924 7121 6158 4628 4865 4713 8119 10939 6974 5037 413 7381 5803 6437 6693 4526 8492 5096 7847 5648 4532 1907 5825 7386 7649 3629 8254 9207 6775 2446 3545 11914 4859 1357 10141 8525 12633 5799 7708 8006 6708 8759 4153 8949 4591 5579 5083 9228 4469 6250 7619 9761 6376 3909 8072 4150 3477 3834
3724 7139 12009 4586 6790 11952 8943 6251 6104 7507 10823 9710 4910 4677 10119 5888 4722 5373 4898 11408 1179 7834 10094 4894 7987 11489 9956 1301 9592 7630 3654 8405 1949 1772 6081 10215 6446 7147 4936 5269 9568 2566 13904 8704 7161 5192 5648 5242 9806 13118 8348 5638 472 8727 7073 7392 8086 5179 9302 6037 8887 6349 5425 2177 6776 8590 8704 4316 9915 11098 8218 2704 4090 13574 5789 1574 11168 10364 14375 6470 8653 9495 7768 10637 4707 10801 5266 6153 6043 10042 4917 7203 8937 11199 7345 4506 9151 4639 4115 4597

2234 3200 5746 2238 4329 5611 4417 3090 2545 3020 5534 6377 2193 2386 5602 2773 2559 2641 1895 6431 743 3504 4539 2977 4976 4086 5596 670 4847 3397 2121 3725 828 843 3762 4193 2233 3903 2619 2402 4762 1141 7131 4741 2835 3000 2757 1943 5732 6744 3923 3387 181 3372 3631 3653 3776 2070 6463 2549 5472 3546 1990 1095 3755 4593 3651 1676 6312 6150 3041 1201 2203 4905 2226 721 7298 5752 8153 2742 3656 5935 3504 4440 1913 5258 2348 3620 2906 5433 2344 4209 4921 6249 3860 1926 5636 2954 1696 2182
