100 3 1
44 1 56 244 143 1 152 40 72 1 37 77 91 118 1 1 273 118 215 83 60 131 161 123 122 82 1 101 176 102 142 89 255 204 1 135 212 75 105 169 44 278 198 82 84 1 55 78 37 37 256 11 41 132 95 103 71 92 1 39 73 185 100 237 115 177 186 62 95 229 1 348 150 131 150 188 62 310 73 62 39 1 17 133 39 102 116 185 135 235 269 181 22 47 54 65 253 194 178 136

20 22 26 47 12 9 19 43 16 14 1 1 4 19 1 27 2 57 16 16 1 42 27 16 19 22 13 46 1 30 12 52 1 4 12 30 54 14 38 6 19 1 20 14 8 1 4 6 15 18 53 41 4 25 44 9 1 26 1 24 1 26 35 7 26 14 42 28 56 33 7 46 42 30 38 1 8 45 14 30 28 27 29 4 47 12 19 16 41 2 18 2 17 37 13 40 7 15 1 24
50 33 46 67 25 19 26 61 21 15 18 11 11 28 5 31 11 71 22 30 16 43 43 26 28 42 18 49 2 53 19 62 11 12 23 56 69 15 57 11 30 18 34 15 23 12 17 25 23 28 56 44 8 47 48 12 13 52 18 37 11 43 44 21 37 15 46 35 64 39 24 62 61 44 46 10 21 52 20 38 49 30 45 25 52 22 39 27 48 4 20 29 18 41 19 59 30 18 5 32
79 40 47 74 49 21 45 81 30 16 39 15 12 31 19 41 21 87 28 38 17 51 62 27 29 46 21 57 16 55 44 77 26 15 46 57 93 21 58 23 38 33 48 24 33 19 39 31 33 39 78 50 10 66 49 20 23 57 31 48 14 59 45 34 51 20 54 42 71 48 44 83 82 48 54 22 26 70 31 39 56 31 58 42 57 31 51 35 76 12 37 41 29 44 37 73 43 26 8 42

18 3 7 24 17 12 5 14 1 6 22 6 1 11 22 1 1 12 18 12 18 13 1 9 1 16 5 17 5 1 13 8 9 3 12 11 15 5 10 11 7 8 6 7 28 8 1 11 17 9 2 8 21 1 19 13 16 13 26 7 13 8 9 9 9 11 1 12 10 14 8 13 4 9 12 26 9 6 20 1 3 21 8 13 1 3 14 23 17 8 7 8 2 6 15 12 16 10 16 1

4050 9430 7235 6151 6464 7221 3623 7066 8954 838 5571 1076 4051 1430 6793 4886 5031 1588 5813 4517 10487 4474 3519 3338 3968 4178 6926 3955 10198 4148 1150 3964 6126 8459 9550 1134 3648 5043 9628 2915 7532 4563 2939 4508 3942 4607 2894 7701 4508 2975 5192 3452 4977 7104 3427 7499 7530 2499 3750 4167 3767 5839 212 7817 3349 3546 6090 6417 5996 6379 5748 1713 8412 7581 6092 4351 499 7796 4553 4731 4848 4926 6177 2953 3719 4672 5459 7967 10433 4839 4869 9106 5653 8088 4182 3737 4214 9506 8001 3836
4798 11457 8806 7100 7243 8679 4377 7830 10555 934 6359 1250 4928 1714 7935 5724 6132 1954 7061 5025 12003 4971 4313 3799 4773 4672 8074 4701 11875 4962 1319 4934 7011 10053 10638 1284 4516 5830 11236 3595 8789 5048 3294 5151 4681 5479 3232 8549 5350 3656 6059 4114 5751 8533 3835 8688 9249 2908 4526 5113 4558 7184 243 9272 3906 3907 7462 7798 6869 7389 6641 1998 9397 8386 6725 4948 580 8757 5338 5710 5688 5964 7462 3500 4440 5531 6774 8915 12102 5352 5625 10177 6810 10037 5028 4468 4667 11017 9827 4416
5355 13500 10535 8107 8753 10206 5111 9432 12126 1073 7634 1479 5342 2016 9622 6504 6657 2206 7835 5962 13727 5458 4818 4331 5434 5666 8877 5684 13159 5878 1558 5825 7995 11759 12560 1537 5351 6989 13033 3995 10566 5582 3945 6256 5616 6149 3795 10305 6173 4200 6616 4576 6584 10007 4326 10075 10020 3256 4903 6015 5220 8190 283 10323 4633 4770 8173 9110 8138 8431 7893 2378 10412 9905 7737 5426 688 9722 6386 6581 6687 6596 8511 4141 4983 6385 7388 10707 14633 5877 6469 11916 7996 11642 5447 5293 5476 12279 10718 5064

2258 6872 3621 4734 5052 5262 2413 4282 5714 697 4494 809 3182 932 4923 3019 3864 1219 3932 3635 6085 3877 2596 2783 3162 3434 5617 2650 5720 3719 857 3105 4198 5341 4896 1015 2433 3191 7792 1971 3953 3792 1956 2730 3066 2895 2494 4186 3256 2295 2827 1836 3556 4673 3034 6066 5131 1269 3344 3482 3148 4279 174 6850 2487 1979 4040 3396 4555 5185 3562 1532 6241 4122 3120 3276 264 5461 3593 3079 2656 4269 4432 1971 1991 2831 4582 4103 5836 3045 3584 4818 2911 6343 2943 2965 2440 6245 5846 2833
