100 3 1
121 1 50 127 234 65 1 80 100 195 131 34 137 41 171 156 139 39 97 67 131 1 52 32 157 130 123 49 17 131 164 101 119 56 122 53 47 1 1 1 15 13 228 139 242 1 156 113 51 161 68 1 29 127 53 147 59 262 182 29 199 122 94 128 69 63 134 190 59 130 105 19 179 121 44 74 69 71 164 165 127 150 1 96 49 104 48 148 81 1 1 138 34 109 216 166 49 43 89 88

32 18 25 39 1 21 12 25 32 18 40 17 49 25 9 9 20 24 11 9 6 20 1 1 21 1 22 15 22 9 1 34 17 7 6 1 31 38 35 37 22 8 16 29 58 8 40 1 13 30 20 45 30 7 1 39 27 12 6 35 1 1 9 1 13 30 45 16 29 3 19 7 40 27 14 19 22 31 30 18 20 6 44 29 6 30 1 22 28 2 46 43 56 13 30 38 28 33 28 41
34 28 34 46 9 32 23 28 43 28 49 41 57 39 17 12 27 25 17 14 12 35 5 24 38 4 27 30 30 21 15 45 34 19 10 11 37 45 48 56 23 15 23 30 73 26 59 3 31 35 43 47 37 10 20 40 46 19 21 46 22 10 23 4 14 36 49 31 43 13 34 15 46 35 37 31 38 35 41 49 33 7 61 46 9 35 4 46 30 12 57 60 65 14 43 59 44 43 30 74
46 38 55 59 20 51 37 39 62 34 65 47 59 60 25 19 35 39 34 27 21 36 7 28 40 17 28 44 43 26 22 48 40 39 27 12 45 46 49 81 24 22 33 45 81 32 80 8 52 54 52 60 46 25 21 45 58 44 22 56 27 21 31 9 29 55 53 42 52 34 52 35 55 48 40 38 43 48 51 50 35 9 73 67 10 36 12 47 45 28 58 76 71 31 44 60 50 47 33 80

11 7 19 9 7 7 8 8 9 10 1 6 5 3 8 7 6 9 9 9 26 23 10 1 10 20 24 10 7 17 26 1 13 7 15 13 2 29 4 2 7 8 7 22 7 16 1 5 7 10 25 10 16 21 10 16 6 7 17 22 5 22 11 8 11 23 25 5 18 16 2 8 17 13 15 11 15 7 13 1 19 3 14 5 8 1 8 8 1 6 19 1 7 1 24 28 6 3 14 12

2549 4987 4192 6161 2966 6372 5528 4107 4958 5954 5556 5688 1570 3484 6557 4888 53 4269 6664 6332 4061 6304 3394 3438 7947 350 5896 6009 1166 2497 2618 3364 4474 3714 2358 2905 5479 3874 837 5561 5803 5205 2069 216 2661 6288 3225 902 4202 3120 4001 567 7834 6085 5225 2676 4250 5111 3559 8962 8080 6351 3438 5234 3942 2895 5357 6345 5733 5025 7255 3690 3487 5710 3937 3897 3593 3073 5610 1376 5681 5707 6602 3311 6382 1357 5400 3930 5317 5822 2813 6582 7763 6070 5627 1357 4534 532 3729 2528
2942 5923 4795 7278 3385 7749 6411 4848 5619 7311 6550 7001 1806 3833 7536 5688 61 5293 7386 6975 4745 7162 3904 4076 8941 386 6572 6723 1414 2927 2951 3747 4980 4363 2613 3231 6116 4772 982 6947 6651 6181 2393 268 3295 7623 3939 1121 4725 3811 4959 670 8830 6923 6405 3155 4827 5987 4070 10343 9404 7101 4241 6525 4461 3375 6201 7511 6599 6031 8702 4293 3855 6464 4414 4847 4074 3780 6942 1549 6623 6780 7290 3745 7396 1533 6539 4882 6531 7051 3124 7442 9148 6773 6902 1683 5293 652 4628 2793
3454 7020 5365 8042 3815 8626 7144 5826 6809 8520 7378 7867 2050 4695 8667 6239 66 6023 8402 8063 5507 8446 4673 4800 9824 436 7253 8139 1589 3299 3284 4158 5783 4827 2998 3540 6885 5359 1186 7659 7747 7276 2803 301 3771 8974 4394 1282 5159 4506 5532 734 10233 7996 7168 3585 5321 6835 4705 12407 10538 7938 4913 7696 5251 3878 7444 9068 7888 7069 10308 5054 4466 7490 5282 5712 4629 4477 7924 1710 7804 7868 8137 4263 8932 1669 7730 5493 7232 7689 3632 8274 10446 7855 7771 1889 5844 723 5469 3103

1672 2997 2221 4310 1889 5133 2865 2397 2708 4039 4914 3195 952 2330 3407 3358 46 2308 4206 4165 3201 4242 1920 2725 5922 262 3720 3195 636 1597 1939 2971 2764 2876 1869 1753 3413 2373 548 3985 3731 4279 1585 165 1836 4798 1651 715 2761 2596 2209 382 6866 5008 3518 2011 2507 3553 2985 6478 6946 4286 2203 4660 2805 2325 3566 4889 3686 3796 4399 2079 2296 4098 2844 3476 2654 1928 4702 1229 3990 4648 3897 2802 4134 1216 4405 2653 3552 3462 2005 4783 6951 3794 4630 994 4054 466 2159 1849
