100 3 1
268 206 96 140 268 120 1 43 113 169 83 1 96 124 154 228 128 214 1 58 166 110 44 205 127 87 76 202 199 172 131 40 78 136 184 1 43 32 195 124 266 141 58 1 61 140 1 78 103 49 163 30 103 48 72 217 202 1 140 76 181 105 175 133 45 85 26 1 24 145 136 93 113 210 25 64 74 208 83 225 128 24 1 197 123 176 76 150 258 1 150 155 84 1 61 204 1 32 211 74

17 5 13 1 44 10 15 23 20 43 11 28 32 28 32 10 4 20 1 13 6 12 1 22 8 2 1 30 33 1 9 6 26 21 24 47 33 40 24 4 20 14 21 28 1 29 25 39 22 35 19 15 17 45 33 1 20 5 8 17 28 5 19 26 22 7 36 30 23 6 13 22 1 1 35 30 47 2 32 1 24 22 14 30 39 4 23 18 21 16 1 4 23 12 8 43 46 33 33 10
31 11 25 14 45 14 35 46 33 57 13 33 34 47 46 23 7 24 2 17 9 18 14 23 29 10 12 32 38 5 10 14 27 37 41 49 56 61 39 14 33 28 37 38 12 54 30 50 29 50 24 21 39 48 40 8 37 16 18 26 45 15 23 44 29 27 48 52 34 22 27 40 14 5 43 50 68 15 41 27 29 34 22 39 49 19 41 22 22 17 7 11 34 14 19 55 64 56 56 25
39 27 29 17 49 24 52 64 50 64 25 34 40 70 56 34 15 25 9 23 24 20 30 41 35 18 13 45 56 24 25 25 41 40 71 60 57 80 46 19 39 42 51 56 25 55 53 57 30 51 25 24 43 53 53 35 51 26 27 27 48 23 27 51 49 39 59 78 38 33 30 43 25 20 57 52 76 17 53 46 42 68 32 45 62 37 48 27 33 30 20 14 48 20 33 59 70 77 60 37

1 6 4 20 16 12 11 1 3 1 11 1 7 17 1 5 21 13 2 28 13 14 3 10 13 7 15 16 7 14 1 4 12 14 2 7 3 1 3 1 1 4 5 1 1 1 12 14 8 1 15 1 7 1 3 21 13 18 1 18 1 20 13 10 16 21 6 19 15 18 30 1 11 1 9 15 1 7 1 24 4 19 2 19 6 13 10 19 1 2 15 11 8 9 5 7 11 18 5 10

7215 5393 6243 5891 3114 7679 3987 6472 2852 4170 5758 3862 2849 6750 5608 6892 10102 6026 3173 3842 9067 564 9684 7615 5973 6504 4526 9569 6550 7415 3967 4150 4053 7310 3434 3947 4417 6142 7634 6032 4269 6279 4064 1914 1491 6423 7155 6695 10397 5773 6896 2784 7442 6567 3896 5831 3236 4052 4233 5870 6601 5914 6646 4861 5848 4640 4813 1400 6801 4299 6800 6241 4657 4517 5847 3832 4068 7021 5698 4744 3280 1518 5557 7384 2960 7142 3613 4458 5892 4809 6938 6664 5223 3621 4314 4805 4434 7649 5494 4619
8965 6348 7718 6497 3451 8694 4939 7429 3217 4670 6726 4527 3170 8344 6486 7732 11365 7331 3549 4364 10254 699 10835 8979 6623 8090 5556 11247 7712 9020 4459 5026 4720 8152 3910 4643 5457 7505 9365 7310 5052 6919 5050 2298 1793 7212 7960 7753 12039 6538 8034 3128 9266 8039 4437 6896 3732 5011 5137 6582 8121 7047 8131 5659 6895 5694 5651 1659 8135 5372 7986 7465 5346 5400 6926 4723 4654 8181 6595 5585 3858 1786 6717 8335 3554 8637 4419 5547 7180 5678 8086 7370 6251 4239 4820 5966 5142 9350 6742 5639
9776 7062 8662 7559 4044 9530 5697 8326 3859 5553 8127 5265 3783 9439 7536 9189 13648 8168 4327 4879 11765 833 11956 10428 7453 9555 6145 13165 9221 10073 5177 5744 5168 9166 4470 5380 6428 8906 10184 7998 5657 7674 5591 2709 1978 8022 8850 8568 13131 7697 8903 3577 11031 9671 5036 7640 4134 5798 5789 7471 9511 7900 9178 6676 8003 6185 6510 1974 9461 5881 9086 8910 6009 6392 8016 5641 5545 8979 7333 6648 4435 2074 7976 9711 3876 9602 4967 6133 8245 6508 9156 8360 7009 4798 5754 7076 5626 11011 7841 6455

4766 3563 3980 3968 2177 6257 2867 4473 2277 2863 4985 2892 2030 3673 3436 4904 6959 5127 1677 2225 6069 414 6669 4927 3297 3418 3469 4967 5274 4518 2075 2548 2895 5031 2293 3536 3955 5408 4503 3402 3167 5645 3244 984 1197 4733 6369 5860 5830 3028 5099 2199 6201 4946 3096 5180 1789 2840 2520 4433 4157 3777 3664 3013 3857 3516 4291 961 4203 2164 5448 4420 3633 3254 3286 2000 3212 3968 4409 2833 2941 878 4642 5605 2463 3794 3139 3539 3669 4074 5599 3945 4276 2796 3858 4233 2530 4517 4895 3044
