100 3 1
113 145 107 46 208 167 93 1 239 82 122 113 58 241 1 146 95 39 46 118 78 134 189 159 163 93 68 272 152 1 84 121 39 30 120 127 1 1 159 42 16 103 126 24 16 1 139 70 278 1 40 1 125 1 99 56 147 124 145 170 1 112 101 118 181 152 87 1 181 93 104 210 72 35 1 253 1 117 153 104 196 127 33 163 56 72 116 175 128 142 33 69 128 69 75 111 36 67 82 1

24 1 19 28 43 29 14 17 27 11 8 6 1 20 1 14 52 14 8 57 14 5 1 49 18 20 13 55 44 37 26 27 20 14 25 36 41 1 13 1 18 20 8 13 5 16 8 35 16 22 7 32 5 19 41 16 24 43 9 36 33 6 18 13 27 12 15 23 30 13 27 24 19 6 15 13 39 1 1 22 8 1 19 57 25 4 30 26 3 18 46 29 1 9 34 51 4 12 19 5
36 31 22 40 47 31 27 39 46 12 32 16 25 24 34 29 76 15 13 67 28 10 5 68 41 40 30 67 60 38 27 34 38 19 56 37 64 4 20 22 37 33 10 23 18 21 13 44 17 33 45 41 18 47 59 18 30 55 37 50 38 24 49 16 32 18 35 36 38 27 47 41 35 17 18 26 41 11 4 27 16 6 30 78 41 14 55 45 11 24 72 47 9 16 45 73 7 20 42 21
46 35 32 54 65 44 46 59 47 23 37 43 45 29 43 35 89 17 17 81 39 33 6 71 48 56 31 70 74 49 54 45 42 27 62 52 68 12 30 39 46 38 28 32 32 33 27 54 23 34 67 55 44 49 60 33 34 75 50 52 39 38 59 20 43 24 57 43 49 36 56 47 36 25 20 27 61 25 6 28 17 18 34 96 48 21 59 70 15 36 88 56 19 28 58 75 24 37 56 46

1 11 8 17 7 7 32 11 24 5 3 8 4 16 3 19 20 1 19 3 14 15 25 14 6 11 16 2 10 5 12 3 18 2 13 6 2 14 4 3 6 16 16 9 20 8 19 5 12 8 1 17 16 18 19 12 27 7 4 1 18 1 32 4 2 18 9 9 8 19 9 12 8 8 16 6 5 19 30 1 2 8 20 12 16 21 9 6 13 15 9 9 18 7 9 10 18 1 13 2

6806 5753 2610 5369 3210 3126 3719 5349 6813 7396 2183 5182 2515 3778 8976 2927 2906 1427 8692 4252 6036 5730 3131 2406 5648 6724 5953 6189 2888 2477 3748 2813 5372 5652 6544 5039 3929 3683 5428 4762 5399 8076 2470 3581 6703 3726 5220 6071 3286 2464 5129 1291 5971 6821 4994 4594 6132 5372 5971 7205 5283 4971 1668 5710 7631 2687 4759 2616 6897 6860 1873 1634 8014 4233 5075 2662 3083 6061 6508 7535 2192 3616 5634 2643 4362 3947 6934 3701 3806 4062 3397 5030 4792 8981 3769 6185 6962 3188 3458 3520
8324 6794 2994 6372 3637 3566 4269 5935 7588 8331 2567 6035 3116 4491 9921 3655 3222 1763 10658 4872 7423 6387 3458 2896 6535 8357 7321 7312 3325 2949 4383 3246 6079 6363 7779 6083 4595 4435 6488 5646 6519 8935 2855 4145 7730 4480 6437 7236 3884 2983 6116 1552 7242 8094 5595 5677 7250 6711 7066 8179 6250 6038 1924 7038 9532 3078 5543 2967 8145 7923 2278 1871 10001 4711 6263 3315 3752 7009 7209 8981 2429 4093 6643 3292 4812 4777 8162 4550 4741 4869 3767 5544 5279 10909 4314 7013 8536 3623 4033 3907
9050 7887 3589 7574 4112 3939 4694 6747 8442 9295 2980 6808 3719 5020 11320 4361 3819 2091 12691 5906 8040 6976 4062 3395 7651 9444 8423 8117 3943 3520 5248 3549 6893 7437 8773 7034 5334 4864 7196 6678 7683 10405 3459 4626 8833 4898 7207 8333 4620 3572 7037 1768 8261 9369 6426 6591 8416 8020 8134 9306 7390 6599 2329 7793 10619 3372 6022 3470 9353 8750 2471 2212 10963 5479 7060 3955 4217 8427 8483 10162 2873 4560 7486 3775 5883 5313 9365 5146 5410 5624 4134 6630 6045 12313 4923 7874 9519 4278 4635 4660

5086 4448 1790 4024 2217 1892 2204 3829 5527 5717 1261 2990 1292 2286 6599 2630 2567 1006 5944 2164 4673 3456 2145 1775 4797 5608 4554 4931 1759 2083 3068 2314 4471 4094 4628 2599 2822 1857 4662 3446 4409 5931 1423 2346 4562 2365 4017 3386 2596 1432 2742 648 4118 5023 3549 2480 4691 4125 3590 6100 3531 4304 837 3167 4558 1465 2839 1682 5666 4281 1459 1044 7091 3140 3348 2172 2242 3569 3708 5759 1619 2352 3929 2173 3797 2246 4210 3152 2667 2103 2145 2905 3123 7709 1987 5550 5682 2366 2685 1966
