50 9 2
185 203 146 73 1 147 137 75 1 221 90 175 81 196 230 232 81 159 200 44 107 133 1 1 219 35 1 93 210 166 134 48 92 56 7 266 34 193 216 6 103 113 7 17 54 104 81 21 84 40

3 31 20 24 25 35 25 9 1 22 21 25 17 25 7 39 31 34 1 14 3 25 21 62 2 6 42 1 1 28 37 1 1 9 21 53 48 1 42 21 44 4 24 18 1 34 48 34 10 1
17 44 33 44 33 43 27 22 25 23 22 36 20 40 8 47 44 35 3 22 26 38 31 73 4 17 55 9 13 36 40 2 4 28 34 75 61 3 43 27 51 5 31 29 2 57 61 35 22 14
18 48 38 55 50 56 29 37 37 36 27 44 34 60 15 50 47 49 14 28 28 51 52 92 15 31 76 25 18 37 54 15 18 45 48 83 65 13 61 30 74 11 44 46 10 66 70 55 44 33
19 54 40 62 52 61 44 45 52 39 43 46 44 65 16 56 50 52 21 31 38 56 61 98 28 35 95 37 19 47 74 20 52 64 64 86 84 16 72 31 91 16 69 51 31 68 73 75 49 40
28 55 63 73 63 62 49 67 54 73 60 57 48 78 28 64 74 59 42 58 52 62 70 106 38 55 96 43 21 48 83 31 73 65 65 98 99 26 85 38 102 20 75 69 53 75 86 82 63 54
29 74 86 80 77 77 50 80 57 89 77 59 54 96 31 65 103 66 48 65 67 64 71 119 54 59 98 60 37 53 91 46 78 83 73 100 104 48 86 52 117 28 93 74 65 81 107 91 65 64
55 75 99 81 79 90 64 102 65 90 87 73 65 123 45 68 110 76 57 73 77 88 80 121 55 84 107 67 52 54 93 60 103 88 76 103 120 63 88 59 129 32 116 79 84 93 110 96 69 80
77 85 114 99 89 102 75 111 80 93 94 84 72 125 69 69 113 95 80 97 88 94 87 122 60 89 116 73 53 58 107 61 116 103 88 114 124 67 99 87 130 43 122 95 92 116 115 107 101 94
91 86 115 119 90 112 84 120 91 110 105 86 76 153 83 79 132 105 81 114 91 95 96 123 65 93 142 82 58 62 125 69 119 112 97 120 145 69 106 97 138 47 145 100 94 117 119 113 108 112

16 16 20 5 5 16 9 15 6 1 13 1 16 1 1 26 5 17 7 2 9 22 5 15 1 10 15 15 9 14 12 5 5 1 5 10 22 9 5 6 8 4 10 22 1 15 7 21 5 23
29 17 35 15 19 24 14 29 15 6 21 12 20 3 12 29 6 22 19 18 31 29 20 36 12 33 17 42 31 17 21 10 17 15 18 19 34 10 16 18 16 10 23 26 2 27 9 34 14 33

1733 2832 2366 3757 3233 1952 4697 4924 3744 312 3520 2516 2977 2733 3564 3894 3600 2961 1751 2724 1465 3170 2830 3069 2165 232 1378 2389 2802 3149 868 3451 3166 1271 2065 1915 619 272 3247 3845 3591 786 3669 2309 3366 1568 1521 2002 1920 201
2093 3317 2840 4560 4006 2256 5170 5486 4627 389 4147 3030 3552 3043 4315 4489 4403 3674 2082 3322 1828 3911 3346 3540 2594 283 1620 2962 3474 3878 971 4239 3703 1427 2397 2222 751 304 3641 4487 3954 886 4430 2724 3961 1941 1721 2212 2390 228
2459 3839 3377 5005 4687 2710 5943 6337 5198 434 4784 3557 4010 3416 4921 5412 4837 4295 2428 3991 2089 4561 3806 4128 3051 306 1781 3415 3786 4361 1117 4885 4059 1697 2871 2537 825 350 4046 4975 4513 1047 4962 2994 4635 2237 1951 2474 2587 271
2712 4239 3940 5794 5251 2921 6924 6887 5714 482 5141 4180 4439 3722 5622 6233 5237 4688 2721 4578 2351 5094 4350 4711 3438 357 2041 3759 4373 4930 1328 5441 4734 1947 3149 2738 887 384 4744 5656 4876 1200 5770 3395 5092 2415 2212 2884 2866 303
3082 4655 4351 6677 5849 3308 7888 7526 6323 559 5530 4494 4802 4038 6445 7048 6080 5182 2950 5095 2595 5425 4983 5106 3941 404 2192 4289 4889 5335 1450 6117 5446 2119 3358 3211 985 420 5249 6421 5573 1287 6291 3886 5599 2667 2441 3377 3077 344
3456 4946 4925 7210 6337 3503 8400 8385 6863 629 6391 4998 5220 4535 7212 7967 6793 5875 3297 5413 2838 5863 5336 5419 4468 446 2382 4644 5262 5874 1564 6464 5770 2329 3820 3655 1086 487 5747 7163 6014 1376 6744 4392 6340 2831 2798 3690 3323 374
3858 5393 5416 7980 6877 3957 9372 9303 7722 664 6968 5357 5746 4964 8068 8858 7356 6552 3626 5775 3148 6432 5917 5922 4837 490 2527 5129 5704 6557 1718 7198 6435 2579 4125 3968 1209 521 6211 7888 6431 1554 7284 4795 7118 3190 3132 4176 3800 400
4263 6044 5948 8898 7664 4268 9911 9827 8365 700 7827 5745 6368 5458 8708 9618 8034 7230 3848 6340 3311 7028 6472 6546 5223 531 2665 5448 6143 7299 1844 7719 6900 2812 4514 4284 1273 561 6889 8653 6830 1649 8110 5035 7844 3424 3504 4448 4081 445
4569 6570 6351 9777 8292 4498 10459 10491 8751 742 8469 6227 7033 5808 9372 10364 8929 7671 4173 6763 3575 7547 7019 6870 5490 585 2928 5813 6675 7852 2055 8169 7591 3006 4937 4581 1344 605 7512 9292 7235 1840 8564 5274 8595 3696 3803 4680 4399 486

1495 2471 1762 3317 2811 1702 4189 3937 3240 213 2730 2223 1854 2361 2915 2159 3143 2581 1232 2324 898 2411 2376 1881 1845 182 765 1563 2096 2077 737 2865 2211 902 1582 1219 521 212 2187 3035 2971 605 2774 1903 2634 1162 1253 1796 1523 152
1028 2214 1270 2901 2554 1214 2827 3518 2192 187 2158 1562 1732 2327 2239 2151 2057 2298 1111 1528 865 1612 1668 1852 1276 135 724 1551 1860 1771 521 2604 1869 790 1182 1057 436 210 1894 2425 2353 467 2265 1200 2053 1142 1243 1602 1477 131
