50 9 2
85 170 79 134 63 1 115 85 206 17 55 262 107 123 155 91 1 167 36 126 89 122 183 82 1 64 77 136 11 54 139 84 78 130 136 194 113 1 59 68 1 1 5 96 24 252 75 70 26 124

38 2 14 25 19 15 1 16 8 23 25 37 51 22 34 1 19 19 12 23 1 6 25 7 15 39 14 16 7 1 20 28 1 1 15 7 24 22 16 6 22 1 32 19 12 1 8 52 1 34
39 24 23 39 28 18 13 31 26 29 36 52 53 23 37 10 45 30 16 40 7 30 26 29 28 41 24 25 13 2 25 45 8 27 27 17 34 25 20 10 33 10 40 21 29 5 17 54 12 37
48 39 30 54 33 30 33 38 39 32 57 62 74 31 39 26 51 38 27 57 8 48 42 34 42 51 32 37 24 6 41 50 29 43 32 35 47 32 21 21 34 16 49 40 33 10 18 74 15 50
56 46 49 68 35 42 39 53 41 50 64 76 80 51 51 47 56 45 36 65 22 55 55 49 50 66 34 47 33 12 53 60 32 64 34 42 53 42 23 28 58 21 71 49 34 29 27 77 24 53
58 52 69 84 37 48 59 72 65 58 70 91 98 58 62 65 69 52 37 71 29 63 64 54 51 76 35 56 36 28 70 84 45 78 38 60 55 57 24 40 70 23 93 67 46 30 44 78 33 54
59 54 80 91 59 51 60 80 73 68 88 112 103 59 74 74 76 69 47 73 30 68 79 73 61 83 38 61 46 35 82 90 68 89 44 76 70 62 40 64 71 29 103 73 61 50 57 91 60 72
64 61 88 97 69 57 85 104 74 80 106 127 106 63 79 87 95 73 53 80 31 88 82 88 74 84 57 69 56 46 98 96 77 99 47 89 84 77 60 66 76 33 110 84 74 61 58 96 62 73
75 70 109 103 80 69 97 129 87 85 125 146 130 73 85 97 107 76 65 90 60 101 94 101 92 91 64 90 83 58 102 110 81 109 68 90 96 85 73 67 80 46 111 104 80 71 67 106 65 81
87 82 120 112 87 85 106 144 100 88 141 161 135 75 100 104 130 93 68 95 73 102 99 112 94 92 74 96 94 66 115 114 88 128 74 100 107 90 81 82 81 66 122 105 103 90 88 112 83 93

14 2 21 15 24 13 1 2 8 1 12 11 10 11 8 14 15 1 3 9 12 15 6 14 13 22 7 13 10 13 5 4 15 4 15 1 17 6 7 5 10 7 1 9 9 23 4 19 1 20
21 16 29 16 33 27 8 16 21 9 13 19 14 25 9 27 32 21 19 19 14 29 18 22 24 32 12 23 25 22 11 11 19 16 33 3 38 8 30 17 17 16 13 17 14 26 18 36 11 47

528 2792 2198 2580 2131 2829 2362 3496 4276 2670 3712 3022 2709 2050 2313 1159 2651 1407 4135 2337 457 1450 45 2972 9 1659 2300 592 3742 1728 2334 2762 1268 2938 3836 4044 3820 1899 1423 2680 2781 2103 3051 2947 1882 4238 1860 1821 4322 1224
633 3354 2431 3182 2550 3477 2641 4360 5330 3118 4337 3338 3303 2260 2862 1322 3199 1718 4571 2584 549 1720 54 3270 10 1824 2553 736 4281 1996 2606 3252 1408 3343 4754 4578 4704 2278 1612 3022 3391 2402 3517 3543 2248 4704 2081 2172 4840 1415
734 3681 2768 3534 2872 3917 3066 4964 6134 3439 4916 4058 3927 2667 3423 1583 3531 1971 5422 2972 622 1939 63 3930 11 2010 3090 808 5107 2284 3083 3899 1640 3802 5276 5091 5352 2572 1844 3510 4053 2844 4186 3932 2662 5641 2276 2565 5834 1578
862 4235 3089 4000 3216 4605 3420 5797 6771 3897 5561 4530 4315 3024 3854 1747 4156 2170 6428 3403 699 2270 67 4277 12 2410 3398 876 5917 2624 3544 4503 1847 4386 5991 5702 6002 2767 2174 3855 4614 3280 4889 4301 2874 6191 2661 2771 6857 1729
915 4699 3421 4620 3572 4993 3858 6520 7439 4462 6348 5156 4735 3494 4385 1983 4771 2374 7329 3746 802 2554 76 4767 13 2787 3710 940 6645 2888 3978 4893 2109 4870 6648 6557 6666 2965 2469 4137 5222 3668 5545 5010 3159 7010 2851 3071 7540 1962
1044 5174 3654 5011 3850 5437 4157 7253 8019 4991 6933 5715 5375 3963 4800 2155 5176 2520 8335 4264 898 2755 82 5380 14 3201 4068 1045 7122 3149 4379 5433 2250 5578 7391 7020 7050 3236 2702 4777 5778 4028 6105 5501 3527 7472 3266 3392 8597 2188
1127 5721 3880 5447 4342 5743 4511 7897 8519 5431 7589 6252 5755 4407 5309 2300 5478 2708 8954 4552 1008 3105 89 5714 15 3423 4384 1169 7650 3565 4856 5928 2490 6025 8272 7931 7713 3703 2865 5133 6313 4433 6812 6228 3798 7911 3697 3788 9148 2411
1231 6402 4181 5705 4570 6321 5011 8738 9360 5864 7975 6799 6175 4618 5631 2547 5928 2854 9651 5128 1055 3460 94 6097 17 3661 4736 1277 8078 3851 5291 6317 2697 6728 9200 8498 8332 4001 3168 5457 6968 4926 7566 6593 4200 8647 4124 4210 10185 2656
1343 6691 4650 6064 5063 6961 5278 9271 10020 6273 8646 7257 6709 4889 6108 2764 6369 3124 10457 5675 1162 3642 99 6458 18 4029 4983 1339 8924 4059 5608 6872 2896 7424 10054 8952 9179 4298 3354 5917 7504 5181 7967 7072 4478 9393 4513 4611 10652 2800

359 1501 1551 2192 1550 2019 1578 2456 3030 1728 2722 2447 2083 1222 1285 907 2140 1242 3685 2040 279 1106 35 2572 8 1492 1545 487 2741 1495 2067 2007 1092 2072 3224 2890 2722 1680 1028 1574 2349 1533 2166 2366 1522 3642 1172 1598 3266 825
297 1479 1328 1698 1203 2013 1577 1804 2985 1471 2047 2117 1981 1192 1256 891 1508 966 2288 1436 246 835 27 1971 7 1381 1157 465 2366 1123 1370 1771 883 1812 2098 2848 2154 1050 937 1352 1796 1112 1622 2023 1513 3278 1080 1017 3201 805
