50 9 2
44 183 1 86 77 136 62 121 111 186 162 246 105 25 344 79 1 125 101 3 138 1 115 10 178 232 222 103 124 70 39 78 1 156 25 128 131 113 150 162 107 123 219 128 114 65 225 74 135 85

10 32 48 17 5 31 35 15 1 54 38 11 20 29 15 33 29 1 17 5 1 2 55 27 28 1 21 8 31 23 4 52 5 1 1 35 23 27 30 9 6 20 1 27 1 24 29 20 22 16
18 42 66 33 15 38 52 26 6 63 52 21 32 39 16 42 33 16 26 17 4 16 59 30 39 6 25 21 41 25 6 72 22 8 5 36 37 48 35 10 10 30 12 34 13 25 42 36 34 17
37 63 67 40 23 41 59 28 14 80 62 40 45 56 38 53 34 21 42 22 16 28 69 32 64 22 30 30 57 36 24 91 24 16 14 42 40 56 55 14 23 38 30 40 25 26 59 37 35 34
44 70 72 53 24 47 70 39 34 94 68 41 61 73 41 61 61 22 60 27 21 43 70 36 87 29 48 47 72 42 29 99 34 41 34 58 41 91 63 33 40 46 38 43 26 32 64 41 48 47
67 71 84 60 25 48 86 45 35 102 76 55 64 74 47 78 78 38 64 45 54 45 102 43 96 55 56 52 73 58 36 116 43 44 37 75 65 92 74 43 59 50 55 50 44 50 66 44 58 54
84 83 90 65 28 53 91 57 51 105 94 58 77 76 65 94 86 56 73 67 71 52 113 60 122 61 58 72 89 64 37 118 53 51 57 87 68 104 86 57 60 54 56 56 47 51 74 63 67 65
88 98 110 92 30 65 93 69 58 119 95 71 81 90 94 106 110 77 81 76 82 66 121 67 144 62 61 83 106 68 39 121 66 60 59 92 81 114 111 68 77 71 59 81 62 59 82 69 83 68
89 110 123 120 35 78 96 81 70 138 107 89 91 104 96 113 125 78 97 88 94 78 136 68 145 75 75 94 120 85 62 130 78 79 65 99 89 134 124 84 78 84 60 94 87 67 84 76 84 86
92 124 140 139 49 106 113 100 73 152 123 93 103 105 108 120 129 89 110 97 108 91 148 79 170 84 89 95 121 104 85 135 87 86 74 112 111 138 143 98 91 85 61 100 90 71 102 83 94 109

13 17 20 7 1 22 11 10 24 15 17 1 10 11 3 18 1 13 11 11 15 8 1 8 8 1 10 7 4 10 2 3 15 3 15 17 6 21 10 7 13 12 8 22 2 3 13 11 2 10
14 27 29 38 2 34 14 18 41 20 30 17 21 19 14 44 16 30 39 25 23 12 13 9 26 12 11 12 5 27 18 8 21 24 31 18 8 33 22 19 31 20 21 36 4 7 23 31 7 16

3511 2843 1988 1960 2904 3781 2219 3409 3338 5121 2770 3285 1403 1452 3864 2869 2634 1732 1637 3047 1699 3726 2627 1833 3028 3496 4319 1141 400 2187 3362 2835 2861 3803 2941 3510 1418 3412 1635 2156 1961 3068 2884 2515 2971 1708 592 4795 568 3594
4293 3215 2220 2208 3563 4249 2750 3931 3726 6131 3233 3777 1727 1692 4754 3215 3067 2140 2012 3417 2052 4438 3086 2092 3769 4175 4970 1340 480 2627 3857 3352 3556 4532 3641 4285 1648 3946 1824 2594 2355 3441 3547 2797 3518 1924 668 5573 691 4152
4738 3878 2444 2419 3997 4858 3238 4586 4237 6782 3909 4111 1883 1918 5444 3759 3692 2494 2257 3872 2462 5017 3378 2512 4231 4592 5456 1506 579 3123 4293 3644 3867 5129 4117 4898 1839 4320 2199 2977 2638 4160 4208 3060 3855 2268 792 6668 815 4664
5097 4182 2827 2882 4430 5480 3640 5288 4684 7430 4441 4588 2057 2172 6403 4356 4318 2884 2570 4281 2878 5413 4027 2737 4883 5020 5973 1673 650 3530 5036 4069 4432 5688 4586 5304 2119 4676 2473 3241 3025 4722 4904 3447 4491 2650 864 7171 927 5274
5864 4509 3082 3243 4970 6245 4071 5785 5379 8195 4911 5279 2282 2414 6800 5063 4789 3215 2954 5041 3289 5833 4633 2992 5313 5670 6710 1956 746 4028 5602 4536 4910 6303 5299 5844 2408 5457 2758 3705 3339 5098 5518 3782 5171 2968 976 8248 1028 6005
6723 5171 3444 3721 5500 6735 4454 6225 5834 8726 5324 5941 2475 2767 7329 5686 5291 3553 3300 5743 3573 6486 5258 3364 5702 6101 7643 2096 797 4555 6206 5212 5199 6738 5803 6292 2559 6168 2932 3978 3744 5609 6155 4216 5570 3362 1035 8942 1157 6744
7179 5559 3660 4099 5806 7168 4837 6772 6490 9471 5674 6454 2791 3079 7808 6351 5675 3885 3536 6107 3966 7328 5594 3635 6400 6505 8205 2374 852 4931 6586 5889 5655 7166 6308 6918 2787 6926 3305 4482 4063 5954 6857 4505 5972 3605 1144 9955 1235 7610
7695 5853 4151 4531 6176 7757 5214 7609 7141 10021 6097 6877 2947 3323 8740 6741 6010 4246 3759 6463 4281 7877 6159 3888 6988 7187 8708 2592 923 5215 7091 6317 6056 8026 6965 7326 3080 7412 3561 5009 4465 6503 7504 5063 6573 3966 1241 10892 1372 8443
8451 6345 4426 4735 6581 8171 5528 8228 7897 11096 6721 7324 3213 3510 9428 7266 6576 4629 3982 7079 4579 8689 6492 4130 7472 7844 9271 2716 984 5565 7786 6682 6606 8490 7604 7971 3249 7829 3878 5414 4785 6854 8140 5616 7171 4296 1306 11489 1490 9238

3112 2484 1105 1326 2407 2586 1988 2263 2778 4228 2032 2523 1191 1166 3255 1981 1845 1002 1394 1783 1191 3300 2276 1381 2214 2517 2512 694 287 1743 2197 2109 2563 2456 2556 2665 1276 1928 1091 1819 1644 1943 2305 2150 2203 1215 424 4202 481 3138
2184 2309 1030 1137 1547 1993 1831 1963 2674 3328 1390 2077 887 784 2844 1501 1620 980 1221 1676 1169 2718 2049 1230 2079 1945 2403 657 225 1266 2117 1509 1637 2430 1545 2187 793 1790 867 1401 1022 1753 2032 1786 1542 959 331 3316 416 1859
