50 9 2
228 139 119 7 164 86 107 74 155 195 230 47 188 82 47 157 115 42 115 77 142 1 14 1 113 298 189 183 169 69 224 174 82 164 66 104 74 261 122 53 12 164 99 194 1 271 1 54 161 66

9 10 1 9 22 29 42 1 52 26 13 1 49 21 11 2 14 27 68 26 37 14 29 13 12 1 16 29 7 18 1 12 25 26 10 8 19 44 6 8 10 19 4 1 2 22 34 5 9 3
17 11 8 10 31 41 64 14 67 48 27 23 50 30 25 19 29 32 72 35 50 27 38 18 13 16 22 41 16 46 28 30 45 36 12 28 35 50 22 19 20 41 5 24 19 49 35 25 10 8
38 13 21 26 39 52 77 27 78 49 43 30 62 37 45 23 42 57 81 36 52 28 63 29 31 21 40 42 42 59 40 44 64 38 20 30 42 66 44 27 21 42 19 41 26 74 54 39 24 10
52 30 38 38 57 57 83 32 88 64 58 40 84 43 62 26 50 65 99 44 53 45 75 30 39 44 43 54 51 81 43 45 65 46 26 41 49 86 61 36 31 50 20 61 32 96 60 49 35 22
53 34 48 42 77 70 84 49 91 75 82 48 93 46 67 42 69 89 105 55 61 55 87 34 54 62 54 62 54 105 55 71 78 66 42 52 50 104 72 50 36 55 29 66 45 110 66 73 40 40
62 43 60 43 80 80 91 69 103 83 90 64 110 59 70 47 77 92 115 59 62 69 99 35 64 73 57 81 58 109 61 78 87 73 55 60 65 114 93 51 38 69 30 90 49 112 85 79 49 55
70 62 65 45 84 92 105 72 120 94 91 74 119 67 81 60 82 95 140 65 80 75 106 48 74 76 73 88 59 130 76 84 106 81 62 62 74 126 104 55 49 78 48 95 73 120 91 90 55 61
94 63 67 58 94 103 128 94 122 107 103 75 123 73 99 75 98 102 141 81 90 83 111 59 93 89 80 98 83 144 96 96 119 89 67 63 75 142 118 76 50 90 59 110 81 132 92 113 58 70
115 65 75 71 99 118 129 115 124 117 113 95 130 74 108 80 112 111 150 97 100 96 112 67 101 107 94 106 88 156 110 107 123 110 72 81 84 151 129 95 65 91 85 121 84 149 97 119 66 74

1 26 16 17 19 22 11 1 11 12 23 18 9 13 5 10 3 17 14 2 7 1 1 4 11 14 10 20 13 1 4 1 16 6 7 10 8 12 7 1 1 19 14 8 10 3 17 9 24 19
17 39 30 33 27 29 22 7 25 13 41 27 20 20 22 22 17 18 19 8 14 4 12 13 15 27 18 21 26 2 5 2 26 7 20 25 27 14 24 2 8 25 21 12 19 24 23 23 41 29

5187 3347 1816 915 2623 3538 2344 2316 1700 2391 3755 2636 2628 1788 1739 3425 3151 5484 2114 2236 3498 4164 1684 3011 3782 2976 868 2181 2191 2227 1515 3848 2280 3662 1977 667 2152 2429 2564 4043 2317 3920 3638 2956 3874 3731 1547 1733 2509 4659
5880 3917 2191 1020 3153 4070 2604 2653 2025 2679 4448 3237 2924 1976 2116 3797 3686 6729 2585 2580 4322 4962 1861 3494 4487 3329 973 2409 2507 2554 1840 4763 2808 4333 2434 807 2521 2778 2899 4916 2629 4383 4433 3267 4806 4309 1705 2026 2838 5304
6520 4525 2419 1204 3659 4902 3145 3223 2266 3193 5283 3827 3251 2177 2473 4378 4084 7410 2926 2865 4677 5786 2170 4138 5427 3794 1170 2691 2955 2807 2155 5539 3234 4785 2766 963 2861 3028 3326 5460 3031 5089 5297 3963 5565 4744 1914 2354 3091 5912
7794 5080 2761 1420 4278 5452 3553 3698 2690 3565 5939 4235 3895 2483 2899 4912 4842 8308 3262 3243 5104 6435 2489 4548 6245 4127 1301 3091 3378 3133 2456 6385 3483 5505 3082 1061 3363 3287 3813 6190 3319 5826 5712 4301 6243 5567 2192 2742 3390 6521
8808 5527 3207 1633 4714 6031 4109 3971 3053 3955 6390 4737 4412 2861 3295 5336 5388 9475 3505 3698 5952 7458 2790 4867 6777 4518 1429 3450 3916 3383 2652 7151 3826 6390 3533 1149 3749 3712 4249 7050 3890 6275 6365 5017 6755 6474 2491 2947 3908 7612
9336 6192 3659 1816 5075 6882 4497 4487 3338 4384 6858 5265 4763 3117 3585 5875 5904 10354 3950 4222 6570 7954 3054 5387 7171 4973 1556 3785 4230 3929 3003 7785 4356 6918 3799 1233 3997 4155 4860 7718 4418 7140 6829 5493 7368 7299 2777 3207 4258 8115
10523 6669 4101 1984 5639 7525 5052 4945 3619 4822 7738 5852 5354 3377 3828 6261 6322 11052 4237 4603 7212 8588 3410 6031 7924 5642 1645 4063 4478 4392 3334 8242 4878 7417 4169 1382 4381 4663 5472 8184 4764 8068 7651 5968 7948 7905 2959 3510 4795 9179
11059 7464 4477 2116 5934 8065 5594 5334 3790 5225 8224 6279 5854 3702 4233 6815 7088 12102 4526 4882 7859 9383 3628 6651 8430 5982 1839 4547 4872 4820 3619 8866 5164 8020 4501 1533 4876 5066 6036 9127 5292 8834 8081 6383 8380 8647 3163 3685 5143 10336
11729 8182 4762 2248 6477 8652 5960 5692 4119 5695 9042 6590 6219 4032 4468 7278 7730 13413 4844 5193 8406 10285 3921 7254 8868 6311 2051 5073 5197 5068 3789 9406 5526 8606 4711 1658 5214 5342 6534 10063 5617 9458 8699 6923 9089 9388 3455 3931 5612 11344

4059 2289 1387 751 1812 3089 1761 1907 1211 2040 2819 2037 2341 1200 1433 2288 2282 4377 1840 1890 2762 2704 1233 2384 2234 1997 751 1534 1903 1943 1251 3248 2015 3200 1763 463 1327 1849 1653 2917 1593 3200 3165 1945 3099 2735 1038 1270 2085 4178
3006 2199 1175 650 1535 2694 1448 1160 1206 1303 2064 1709 1497 1069 1344 2139 2042 3638 1435 1845 2075 2666 1012 2282 2056 1525 447 1496 1857 1630 774 2173 1424 2399 1246 461 1079 1377 1536 2409 1299 2218 2497 1527 2822 2542 962 1239 1537 4040
