50 9 2
7 114 17 143 87 1 45 6 133 45 254 8 101 249 111 113 1 215 100 215 139 183 1 188 19 102 1 20 139 226 74 70 161 5 117 1 199 166 180 19 51 23 62 1 98 135 200 94 48 28

1 12 12 11 16 41 56 1 15 30 54 40 26 8 1 14 34 33 44 12 43 10 14 4 9 40 15 41 26 43 6 10 19 27 3 32 13 16 43 24 25 17 21 26 47 34 13 4 24 42
15 34 20 22 21 42 58 4 18 39 67 43 32 19 12 20 53 47 64 31 44 20 21 24 16 56 32 55 41 64 11 31 26 37 19 34 19 20 52 41 41 25 41 38 54 35 17 8 39 65
32 41 27 28 36 43 78 5 24 58 78 49 36 33 18 21 71 56 71 42 53 24 31 34 37 60 39 56 63 68 17 39 27 46 35 41 24 39 65 54 61 41 69 39 59 40 33 22 53 81
39 45 31 47 61 55 91 22 34 75 82 64 50 50 36 41 79 66 83 43 55 32 40 44 50 65 58 61 70 73 24 61 32 65 52 44 37 45 66 76 83 45 75 67 63 42 48 32 62 91
49 46 34 60 70 59 98 31 41 87 83 67 68 67 40 47 92 76 92 60 73 48 52 54 54 76 59 71 74 84 31 81 40 92 60 68 44 46 76 79 84 50 92 89 66 51 49 36 67 96
63 69 35 73 86 64 100 63 42 106 94 81 76 82 56 59 104 77 104 78 75 64 62 58 55 92 73 73 79 95 33 90 45 106 67 78 47 64 77 96 95 67 95 109 76 62 57 38 77 108
70 76 57 76 91 65 122 78 48 111 100 95 86 99 58 67 121 79 116 86 85 86 76 68 67 93 84 74 86 115 42 91 51 113 76 94 53 74 82 97 100 83 106 121 87 65 76 43 83 116
82 88 77 96 103 84 126 96 62 122 108 106 87 103 79 75 137 92 136 96 108 109 96 71 68 104 98 88 92 129 53 99 73 114 98 116 61 76 88 115 102 90 112 144 95 66 83 64 93 119
86 99 78 101 117 96 134 100 68 143 117 107 88 125 85 89 152 103 140 99 109 114 121 78 81 122 111 95 111 130 55 108 87 124 104 133 63 92 99 126 108 91 116 155 107 77 107 75 97 120

1 1 10 10 2 23 16 5 8 13 14 14 12 19 25 15 28 4 3 23 11 4 10 3 5 28 1 12 12 4 1 7 10 8 18 23 8 21 1 1 20 14 15 10 6 8 13 16 1 8
12 21 21 15 11 35 20 14 11 18 18 18 29 29 53 20 53 25 23 31 26 16 26 6 19 32 2 13 13 5 16 13 11 18 30 33 10 27 11 13 31 19 17 29 13 15 24 37 6 9

3259 3114 935 4147 2757 2587 1342 2816 836 1917 2850 2023 1857 2552 1548 3134 1778 3202 1467 2365 1353 1494 1264 3283 301 1768 1591 3134 1394 1678 1226 3258 1278 419 1744 1973 2738 2594 1195 2256 2366 1923 2508 1860 4075 2511 1764 3508 1303 4015
3771 3578 1049 4936 3141 3211 1619 3505 1028 2253 3285 2344 2276 3101 1825 3814 1964 3911 1745 2914 1535 1774 1574 4048 342 1946 1784 3865 1553 2034 1378 3729 1471 510 2056 2428 3014 3181 1330 2785 2903 2289 2976 2118 4949 2781 2109 3959 1598 4710
4536 4327 1238 5700 3442 3492 1876 3912 1117 2641 3714 2780 2560 3704 1985 4502 2238 4548 2041 3320 1736 2091 1845 4583 380 2286 2144 4599 1771 2239 1539 4104 1761 575 2320 2626 3326 3530 1594 3273 3256 2547 3543 2531 5416 3293 2386 4664 1752 5542
5304 4786 1379 6542 3920 3776 2057 4432 1316 3118 4319 3107 2988 4029 2359 4948 2538 4945 2378 3703 1921 2302 2144 5089 434 2696 2396 5015 1940 2487 1770 4463 2023 646 2708 2861 3688 4013 1845 3611 3729 2948 3977 2871 6077 3593 2752 5310 1918 6203
6019 5127 1583 6984 4556 4261 2203 5131 1463 3384 4873 3569 3298 4362 2517 5370 2777 5451 2614 4096 2169 2549 2277 5782 482 3004 2614 5746 2133 2806 1898 4986 2316 738 3082 3217 4117 4578 2005 3998 4046 3413 4555 3307 6676 3896 3103 6070 2089 6993
6488 5878 1744 7867 5022 4874 2478 5443 1654 3812 5362 3792 3631 4757 2882 5689 3137 5833 2936 4446 2335 2771 2481 6237 512 3266 2900 6471 2410 2976 2034 5495 2580 837 3465 3698 4427 4880 2187 4297 4623 3793 5034 3537 7502 4192 3397 6876 2347 7809
7081 6227 1950 8808 5404 5171 2706 5833 1813 4241 5714 4291 3818 5203 3075 6099 3542 6389 3170 4866 2511 2968 2641 6573 573 3626 3223 7074 2741 3343 2247 6170 2823 909 3799 4041 4739 5405 2425 4623 5000 4202 5315 3755 8346 4595 3605 7468 2525 8295
7827 6610 2144 9330 5949 5660 2969 6470 1917 4610 6033 4585 4111 5726 3274 6604 3867 7130 3444 5355 2733 3324 2926 6909 612 3876 3470 7589 3074 3631 2552 6952 3086 996 4053 4348 5249 5821 2574 5086 5447 4507 5605 4143 9008 5117 3913 8210 2784 8839
8530 7067 2305 9907 6360 6103 3283 6987 2014 4846 6348 4848 4488 6231 3480 7264 4104 7872 3746 5830 3050 3679 3187 7646 677 4221 3747 8301 3233 3865 2728 7507 3319 1066 4401 4780 5828 6287 2857 5502 5833 4819 6102 4457 9426 5421 4201 8639 2976 9499

1957 1808 819 2848 2457 2167 965 2039 514 1502 2484 1669 1282 1924 1159 2557 1572 2858 980 2054 1053 1218 917 2865 261 1590 1290 2478 1233 1456 1033 2690 831 290 1344 1618 2204 2328 928 1913 1736 1651 1703 1458 3297 1824 1298 2564 962 3562
1698 1640 620 2453 2117 1728 795 1719 438 1158 2145 1179 1113 1415 1135 1913 1119 2819 834 1919 860 1053 794 2846 160 1278 910 2161 811 1329 911 2292 652 273 1002 1040 1617 1488 864 1893 1436 982 1288 1052 2771 1335 1188 1974 905 2805
