50 9 2
1 89 176 105 96 100 88 28 167 25 55 4 211 4 55 125 166 86 214 143 54 30 181 142 1 121 28 26 219 18 182 175 195 86 36 206 238 35 216 253 1 43 1 1 81 144 93 89 171 208

43 55 8 44 35 5 30 43 34 30 42 24 34 9 57 1 18 4 19 28 12 1 26 42 8 16 26 40 9 46 1 22 33 24 1 24 44 13 60 1 36 12 34 8 10 1 22 8 1 36
55 73 34 57 52 14 35 59 58 47 58 36 38 23 69 24 35 6 28 49 27 5 32 63 16 34 36 55 16 58 11 30 56 28 16 29 57 32 88 9 40 23 35 9 19 8 41 24 8 43
71 74 46 68 69 32 40 61 62 51 65 44 42 32 74 26 45 23 29 50 47 6 37 66 19 47 42 59 28 74 23 43 70 30 17 53 77 33 96 21 52 41 47 10 27 18 42 35 16 44
72 79 59 82 91 36 51 66 64 56 67 45 43 36 102 48 58 27 43 51 48 18 57 69 27 48 59 72 39 81 39 51 72 48 24 66 80 35 108 38 55 51 54 14 44 43 64 53 17 58
92 88 69 94 109 43 72 81 77 65 83 60 52 37 108 58 63 45 44 63 56 19 68 83 39 65 76 75 55 96 52 65 83 63 33 78 100 49 113 41 73 64 76 24 66 58 67 55 28 64
103 90 79 111 126 56 89 82 80 84 99 69 55 47 111 72 82 56 49 79 69 20 85 98 49 74 97 97 70 109 67 67 101 80 62 88 112 63 123 57 86 68 95 37 82 79 79 57 51 81
116 106 80 134 130 78 90 87 83 99 123 77 58 48 137 92 95 70 53 91 77 26 90 104 68 81 105 114 72 111 72 86 111 92 87 107 135 72 132 74 101 74 108 46 85 80 94 64 56 84
125 122 101 153 139 88 93 96 98 106 145 83 74 66 160 96 110 92 54 98 78 27 91 110 74 90 119 125 88 116 82 102 120 93 88 118 150 80 139 81 105 78 119 48 89 88 110 65 62 91
139 141 123 161 145 96 96 110 104 121 166 101 86 72 166 108 112 93 70 103 85 30 117 126 104 91 130 142 100 135 95 113 134 108 98 143 162 84 145 93 119 97 120 61 98 96 128 71 63 102

3 16 18 1 7 10 15 3 1 1 11 13 26 8 13 8 17 8 13 3 5 8 25 13 25 22 1 13 9 15 1 1 13 19 5 1 8 1 23 3 13 15 26 5 2 23 1 20 6 1
17 22 22 13 9 21 23 7 10 8 25 21 35 19 18 16 18 26 23 17 6 25 31 18 26 31 34 19 10 16 9 22 17 28 23 15 31 10 36 11 32 16 45 7 12 25 7 50 19 9

427 2003 554 4938 2689 3343 2051 3797 2241 3042 2036 3192 2966 3205 3032 3361 2226 2995 4374 1932 2798 859 4325 3436 2901 3322 1827 1759 3844 2002 2104 1941 3379 2231 2773 3174 3430 1832 3372 1539 3078 1661 2947 3432 2906 669 3312 1337 2090 2613
516 2235 626 5807 3120 3777 2455 4452 2740 3390 2245 3736 3376 3730 3402 4132 2473 3517 5013 2159 3472 1013 5080 4196 3482 4001 2032 1958 4415 2236 2430 2210 4130 2594 3266 3740 3936 2216 4200 1905 3582 1954 3655 3891 3254 836 4011 1492 2578 3178
561 2520 693 6361 3663 4395 2942 5373 2977 4139 2586 4466 3848 4285 3898 4734 2825 4212 6056 2371 3992 1139 5749 4980 3916 4536 2316 2211 5069 2564 2833 2626 4618 3060 3811 4237 4755 2408 5031 2245 4339 2260 4152 4541 3809 956 4748 1630 2808 3461
612 2832 808 7178 4125 5036 3445 5867 3463 4456 2886 5002 4237 4959 4223 5499 3249 4850 6779 2621 4380 1330 6486 5731 4603 5238 2751 2459 5813 3037 3117 2893 5015 3328 4204 4741 5601 2602 5716 2593 4792 2634 4578 5142 4192 1068 5569 1805 3055 4108
662 3287 884 8048 4698 5799 3897 6577 3755 4944 3274 5702 4613 5560 4820 6237 3612 5236 7470 3075 4934 1449 7049 6512 5084 5616 3038 2796 6335 3358 3448 3282 5567 3718 4669 5188 5979 3031 6250 2858 5263 2943 4927 5648 4917 1210 6107 2003 3566 4625
715 3506 994 8799 5184 6359 4309 7294 4244 5437 3736 6485 5141 6277 5425 6845 4148 5709 8042 3423 5534 1604 7559 7229 5663 6020 3320 3032 7226 3694 3693 3575 6107 4161 5110 5535 6833 3379 6778 3031 5655 3193 5548 6235 5478 1302 6895 2305 3831 5016
783 3802 1058 9835 5455 7005 4565 7985 4547 5792 4209 6874 5729 6921 6026 7650 4587 6161 8533 3881 6209 1806 8079 7780 6303 6775 3723 3449 7746 4159 4107 4017 6713 4549 5562 6242 7670 3610 7294 3408 6192 3412 5888 6609 6093 1380 7590 2589 4139 5396
841 4181 1186 10533 5860 7541 5054 8608 4787 6494 4711 7351 6062 7299 6399 8052 4985 6905 9576 4082 6851 2014 8838 8603 6906 7215 4086 3838 8359 4542 4435 4498 7451 4958 6070 6676 8464 4048 7939 3661 6503 3662 6497 7426 6418 1477 8357 2731 4549 6029
947 4502 1296 11295 6263 7884 5263 9080 5066 7233 5211 8140 6575 8093 6971 8566 5410 7537 10504 4512 7359 2215 9508 9343 7486 7881 4509 4143 8842 4802 4911 4735 8283 5339 6577 7156 8877 4322 8646 4021 6975 3883 6915 8276 6836 1567 9017 2977 5057 6403

330 1105 408 4245 2385 2388 1714 2825 1686 2640 1525 2362 2469 2418 1878 2593 1987 2392 3816 1679 1957 593 3794 2791 2574 2499 1621 1275 3153 1405 1850 1671 2619 1845 2125 2761 2691 1324 2908 1252 2675 1260 2443 2554 2458 397 2900 1163 1439 1978
284 1053 396 3477 2183 1955 1330 2410 1459 1931 1367 1849 2243 2186 1716 1997 1606 2121 2516 1449 1949 487 2419 2055 1558 1847 1131 1138 2069 1161 1256 1455 1711 1244 1933 1615 1864 1236 2197 1154 2059 965 1501 2506 1909 340 1942 916 1183 1343
