50 9 2
158 72 65 71 1 1 222 78 206 175 224 94 5 1 100 245 164 111 1 9 37 210 180 88 1 121 150 45 162 1 6 51 122 63 85 6 114 123 130 40 121 21 106 1 59 106 7 1 151 141

22 9 7 20 39 31 1 31 31 28 29 24 18 13 34 19 50 1 1 1 18 16 56 39 2 24 26 2 18 1 63 28 1 1 33 48 4 15 37 19 1 23 6 17 18 40 1 1 17 9
37 25 8 28 40 37 13 38 32 53 33 42 23 25 41 30 65 14 12 6 19 32 77 45 23 34 27 3 27 9 85 29 4 24 39 74 12 22 40 22 11 46 18 33 19 51 3 10 26 12
57 46 10 45 53 66 15 41 48 80 51 54 34 34 54 41 78 16 23 12 34 35 88 51 32 40 36 20 31 17 87 35 7 36 64 87 30 36 44 44 25 52 26 52 30 58 4 15 28 34
66 47 11 50 63 75 19 64 69 82 75 69 46 45 72 73 89 28 32 34 45 46 99 58 47 51 46 27 42 23 96 42 16 48 77 98 39 43 45 65 28 61 37 64 52 62 8 16 36 47
74 50 25 61 64 82 23 73 74 83 87 73 57 48 90 94 94 30 35 36 51 47 113 74 64 61 52 29 44 29 106 43 23 52 90 103 52 51 52 70 38 81 46 89 57 83 9 22 47 48
86 63 33 71 69 83 36 82 81 92 95 82 59 57 97 95 99 36 52 51 52 53 124 80 91 68 68 53 62 31 115 46 35 59 104 115 54 52 63 86 45 92 58 96 70 87 31 28 55 66
108 88 34 89 87 103 44 92 87 96 107 91 63 59 108 108 105 37 62 81 69 69 125 85 113 81 73 58 76 38 133 57 38 81 110 121 59 55 72 89 67 104 73 103 78 105 36 49 58 81
118 93 39 107 104 121 45 106 114 110 127 92 64 69 125 111 122 56 77 85 70 74 126 101 137 97 91 68 80 39 146 62 49 90 114 138 74 75 80 102 68 107 84 104 84 113 40 55 92 86
141 101 46 116 115 137 48 110 125 121 138 110 79 94 138 114 130 65 84 88 73 96 136 118 138 111 102 69 85 57 152 67 55 104 122 144 92 76 89 119 88 111 100 112 94 116 67 59 93 92

2 12 7 16 6 17 8 16 18 16 19 12 17 16 23 7 22 14 19 6 24 8 9 2 22 14 1 15 13 12 1 1 10 23 5 17 14 14 8 3 2 19 19 6 1 17 10 7 13 8
9 24 12 24 27 31 23 21 28 23 26 20 29 40 26 18 34 19 20 24 25 19 25 5 37 19 5 29 31 23 11 18 22 25 27 30 40 18 18 21 6 26 45 8 12 33 39 19 19 9

1313 2805 3831 2975 1401 2526 2927 3087 2714 2564 1127 1271 1163 2526 2516 3866 1952 1236 993 2207 3846 2236 1004 1617 1745 2848 1166 1700 3013 1213 1788 2987 1783 3914 1561 3011 373 1347 2898 589 2999 1368 2481 1816 1706 2016 1431 2515 1767 2526
1530 3274 4763 3471 1680 2826 3265 3401 3130 3170 1248 1436 1309 2848 3073 4798 2329 1414 1109 2460 4233 2512 1241 1824 2072 3436 1307 1889 3440 1385 1983 3548 2113 4393 1741 3503 458 1577 3594 731 3302 1592 2777 2190 2110 2484 1688 2779 2085 3043
1680 3633 5672 3909 1826 3159 3635 3858 3477 3504 1366 1599 1481 3448 3496 5491 2776 1630 1332 2885 4911 2880 1489 2056 2501 4036 1444 2233 3790 1592 2382 3993 2422 5226 2087 4191 504 1712 4066 850 3911 1878 3144 2372 2440 2788 1876 3302 2272 3584
1813 3951 6576 4625 2031 3494 4167 4435 3962 3800 1487 1828 1745 3765 3994 6218 3122 1855 1565 3366 5361 3334 1728 2349 2733 4678 1566 2513 4239 1720 2803 4435 2622 6141 2430 4930 580 1855 4724 971 4504 2158 3652 2621 2723 3156 2093 3639 2521 4191
2008 4641 7151 5031 2350 4100 4867 5098 4382 4097 1625 2111 2008 4053 4482 6743 3443 2003 1707 3862 6093 3644 1844 2585 3069 5360 1741 2774 4878 1918 3248 4915 3025 6806 2707 5619 670 2100 5228 1107 4952 2355 3952 2930 3008 3447 2312 4166 2859 4542
2253 5326 7900 5539 2605 4391 5430 5456 4936 4605 1809 2296 2221 4421 4739 7562 3784 2281 1873 4123 6574 4155 2014 2909 3412 5889 1923 3149 5301 2217 3429 5229 3220 7664 2900 5933 721 2305 5841 1210 5276 2513 4539 3112 3236 3905 2620 4696 3258 5066
2495 5692 8559 6002 2800 4913 6094 6062 5236 5200 2001 2524 2469 4705 5170 8381 4181 2453 2093 4572 6982 4710 2164 3197 3749 6562 2173 3487 5808 2401 3621 5840 3404 8417 3217 6404 804 2562 6417 1292 5841 2742 5107 3317 3486 4223 2859 5277 3456 5521
2749 5973 9316 6384 3014 5248 6680 6412 5797 5507 2252 2811 2739 5276 5689 8986 4513 2624 2325 4860 7491 5207 2344 3525 3955 6987 2297 3776 6244 2535 3952 6310 3707 8979 3573 6905 894 2861 6932 1377 6264 2894 5497 3752 3754 4651 3089 5822 3793 5916
3038 6550 9758 6695 3198 5788 7309 7078 6099 6147 2404 3068 3007 5542 6259 9932 4844 2905 2488 5194 8260 5491 2592 3780 4167 7544 2551 4184 6720 2675 4265 6678 4065 9676 3881 7487 931 3172 7255 1507 6605 3153 6054 4156 4039 4944 3366 6209 4137 6522

999 2253 3431 2185 965 1822 1569 2545 2324 2220 758 996 907 1966 1936 3005 1690 964 815 1748 3423 2006 796 1382 1524 2408 1029 1408 2542 871 1602 2537 1556 3412 1222 2468 236 822 1717 413 2324 1197 2194 1126 1452 1645 1282 1737 1532 2226
758 1555 2610 1944 720 1735 1560 1616 2031 1801 590 800 872 1620 1477 2483 1392 899 792 1720 2733 2002 568 1357 1339 1703 782 1319 1798 792 1469 2145 1307 2959 842 2095 211 706 1666 326 2278 946 1623 940 1283 1445 832 1557 1297 2066
