50 9 2
102 111 1 111 1 54 33 100 101 127 172 137 39 26 189 205 105 190 25 304 129 171 183 40 1 110 30 111 180 19 45 1 106 124 18 130 151 111 35 119 156 156 170 1 47 93 226 1 28 161

20 30 30 21 36 15 55 24 25 27 13 39 37 3 16 37 21 3 3 10 27 15 45 21 36 1 1 43 38 32 14 1 1 34 30 33 23 40 13 5 28 2 25 1 31 1 1 1 34 70
31 44 45 28 46 19 66 25 26 43 23 44 51 4 28 58 22 18 16 27 31 30 50 42 44 2 17 54 56 45 20 2 2 47 34 51 25 43 14 19 36 9 35 2 40 10 10 12 37 80
39 59 60 33 48 31 76 28 33 44 30 77 71 13 42 59 23 22 17 39 46 47 55 48 50 24 22 68 69 66 34 7 16 69 49 66 43 51 22 20 66 36 55 13 52 23 12 25 52 105
49 68 75 38 67 51 88 47 49 65 42 87 75 22 48 60 28 31 25 53 59 54 66 49 52 34 36 69 93 77 47 8 23 81 66 82 47 61 41 45 72 49 56 23 56 24 31 26 66 106
73 94 84 44 68 55 97 52 63 71 44 108 83 31 67 68 42 40 51 62 69 75 78 58 66 50 46 76 103 102 57 28 30 84 84 91 48 64 54 60 95 66 58 35 57 41 39 42 69 123
81 103 86 58 82 69 106 56 71 82 45 129 89 43 70 69 60 60 70 67 83 84 80 74 73 67 47 95 106 125 65 40 59 92 94 102 60 81 76 83 109 80 71 36 59 53 47 50 86 124
94 105 95 74 85 70 113 60 77 99 52 148 98 70 73 70 65 68 85 80 95 90 95 78 79 78 53 98 126 128 67 41 65 108 119 103 76 85 79 111 124 97 73 54 60 60 51 52 87 125
103 121 96 85 92 79 116 76 83 109 64 152 111 90 74 81 66 94 87 87 114 96 118 83 96 87 59 101 127 129 69 50 67 124 129 110 80 94 85 112 128 106 76 61 76 75 58 57 90 137
107 130 103 102 102 80 131 84 93 121 68 162 132 102 87 91 87 105 95 103 127 102 128 101 104 88 65 117 146 131 73 53 77 140 132 124 87 104 112 121 142 109 81 74 84 83 62 59 100 144

6 5 13 1 10 16 6 17 21 8 25 10 15 8 12 6 5 1 3 14 3 6 10 6 19 13 10 22 13 16 3 14 2 21 11 11 13 9 6 8 22 8 17 13 10 22 28 11 1 5
17 6 21 7 15 20 21 29 22 25 46 22 27 13 17 16 11 20 20 25 15 13 18 19 36 20 26 30 31 22 21 26 3 28 13 20 18 17 7 18 45 9 25 18 13 26 33 31 7 14

2717 3314 2143 1296 463 1622 1593 76 2693 3471 2066 1329 3042 2691 4230 3687 1036 1583 2812 2050 1461 3414 2946 1369 2712 2567 2199 3283 2872 1362 1906 3105 1363 1255 1997 2238 1364 590 2499 3565 4307 2152 1480 1822 3431 1961 2007 1252 365 3216
3038 3729 2613 1518 519 1841 1845 87 3315 4288 2348 1619 3670 3159 4778 4376 1182 1948 3436 2484 1677 4256 3324 1589 3343 2923 2630 3845 3510 1619 2106 3479 1580 1406 2481 2610 1523 654 2822 3966 4913 2396 1638 2008 3840 2263 2484 1526 405 3554
3397 4482 2997 1755 583 2165 2175 95 3608 5049 2605 1908 4171 3750 5646 5051 1310 2157 4070 2745 1840 4821 3985 1779 3803 3546 2943 4591 4018 1958 2441 3908 1747 1584 2938 3025 1774 773 3188 4780 5691 2640 1861 2390 4406 2617 2696 1768 476 4331
3799 5231 3485 1900 675 2507 2525 113 4057 5872 3088 2226 4669 4137 6388 5862 1494 2324 4526 3252 2148 5206 4424 1977 4259 3978 3321 5301 4419 2176 2718 4278 1908 1847 3379 3293 2043 880 3793 5570 6271 3114 2179 2749 4967 2845 3109 2046 560 4915
4343 5975 3957 2098 723 2780 2887 128 4714 6542 3560 2537 5235 4692 7278 6679 1656 2614 4905 3650 2386 5996 4937 2165 4802 4430 3650 5781 5000 2372 3105 4651 2067 2081 3824 3630 2291 942 4224 6294 6916 3606 2469 3172 5501 3211 3591 2305 638 5371
4876 6787 4404 2328 826 3112 3265 142 5306 7065 3893 2752 5717 5270 8320 7600 1773 2793 5230 3925 2540 6489 5392 2471 5146 4814 4084 6299 5504 2668 3327 5315 2326 2347 4180 4122 2558 1019 4586 7013 7754 4038 2832 3532 6115 3647 3849 2518 712 5752
5299 7398 4914 2562 876 3491 3512 159 5883 7803 4323 3068 6105 5588 8820 8165 1931 2979 5795 4429 2728 7146 5772 2706 5814 5296 4438 6829 6205 2812 3614 5932 2627 2541 4502 4488 2837 1149 5162 7714 8212 4342 3043 3832 6920 4110 4157 2698 760 6308
5829 8041 5416 2828 990 3682 3749 175 6361 8201 4603 3359 6794 5865 9299 8921 2156 3275 6158 4710 2921 7670 6323 2920 6102 5869 4665 7459 6599 3025 3970 6518 2810 2804 4959 4750 3138 1224 5734 8497 8759 4815 3219 4266 7756 4348 4475 2925 800 6646
6195 8509 5864 2990 1059 4052 4128 192 6768 8634 4850 3533 7248 6419 9886 9331 2346 3608 6589 4997 3245 8408 6981 3233 6772 6485 5083 7932 7264 3183 4438 6840 3090 3004 5325 5029 3296 1328 6296 9019 9691 5346 3390 4635 8445 4607 4903 3192 879 7148

2255 2812 1387 1164 365 929 1234 58 2076 2958 1767 966 2617 1943 3622 2469 817 1163 1921 1546 1046 2946 1831 1106 2342 1663 1321 2059 1688 915 1689 2608 1013 793 1675 1959 781 395 1900 2321 3475 1724 1191 1626 2287 1531 1573 1084 258 1789
1627 2066 1151 1042 258 922 1132 41 1573 2130 1667 738 1754 1468 3390 2037 689 960 1690 1425 850 1919 1750 725 1964 1349 1148 1864 1491 766 1586 2165 734 761 1214 1833 732 372 1749 1878 2432 1639 1106 1085 1882 1032 1549 951 250 1639
