50 9 2
114 99 156 1 1 167 146 172 293 175 212 196 79 225 204 231 179 76 81 146 166 185 103 102 1 50 87 5 174 172 1 109 104 125 80 194 43 1 230 181 221 161 42 1 139 152 101 123 3 122

16 1 1 1 34 1 1 1 1 30 45 18 33 18 1 24 48 24 20 1 31 2 18 35 57 6 20 28 21 1 31 14 8 27 30 1 16 14 53 27 1 1 4 39 20 23 36 20 29 11
20 29 2 2 37 19 4 28 8 37 56 39 37 19 3 25 55 41 24 13 51 6 26 41 72 7 26 30 45 11 40 20 11 41 41 8 21 21 57 37 19 9 21 40 21 41 45 34 34 26
28 36 26 9 47 26 11 36 9 48 59 49 50 22 15 48 61 55 41 16 63 12 41 50 79 21 42 42 61 24 57 36 21 46 44 20 23 26 59 53 34 25 32 51 32 53 57 42 38 30
52 45 44 22 59 46 24 51 19 52 74 67 54 31 42 49 75 56 48 26 71 25 43 61 93 45 48 49 67 39 70 56 30 53 54 21 42 40 81 75 42 33 34 60 36 64 66 63 39 50
67 49 52 26 72 54 31 61 33 56 86 92 69 35 51 56 89 68 55 36 100 35 70 69 94 58 55 57 78 54 71 69 31 60 77 25 50 53 91 83 47 37 35 68 46 81 81 76 52 53
81 64 65 29 88 63 33 82 41 64 97 93 76 48 62 77 111 87 59 52 106 46 77 84 112 61 76 78 92 62 89 75 47 76 91 28 61 71 102 86 67 43 48 72 48 96 97 98 69 55
104 69 81 41 104 69 44 89 53 66 118 110 83 58 73 94 128 108 74 55 122 56 90 94 140 74 84 82 98 63 101 81 59 84 116 29 62 74 104 100 78 55 56 79 60 115 109 108 70 69
120 86 84 50 117 82 45 95 59 67 127 126 86 69 77 95 149 117 88 58 138 72 97 113 154 89 100 95 105 77 106 98 62 85 122 34 77 88 121 110 87 67 65 96 72 116 128 110 78 70
121 103 85 55 125 85 57 118 78 77 139 140 100 85 80 104 164 121 115 70 152 77 116 125 158 105 124 98 121 78 126 105 65 107 123 67 81 109 136 124 108 74 75 100 96 134 146 111 94 78

17 10 20 1 7 16 10 15 2 15 21 2 18 12 3 1 1 5 21 17 5 16 10 22 5 26 21 14 10 1 13 8 5 6 16 21 1 12 15 1 8 9 1 1 18 1 21 20 9 12
21 17 25 13 10 21 26 26 6 25 30 13 29 29 11 9 17 21 41 29 16 28 19 39 9 31 36 22 13 20 20 16 12 22 20 22 18 20 28 10 16 22 6 11 40 27 39 30 24 13

4142 1819 3133 3116 2189 3358 3181 2118 5277 1888 2257 4758 3288 3572 2618 3759 4173 3941 2724 1619 1901 3756 1945 3112 3735 1154 2035 3444 2210 3285 1169 4013 3667 3349 2426 3569 1575 3696 2827 2328 3689 2397 3399 2224 1964 2015 4132 1805 2433 1843
4616 2218 3607 3655 2587 4124 3801 2363 6144 2083 2617 5630 4083 4057 3026 4697 4799 4505 3050 1844 2282 4613 2395 3545 4398 1313 2520 4210 2548 3939 1425 4778 4307 3782 2732 4094 1865 4258 3409 2810 4090 2786 4088 2716 2405 2302 4868 2025 2999 2103
5440 2612 4153 4350 3077 4600 4207 2798 6792 2499 3050 6205 4677 4850 3605 5277 5499 5412 3349 2208 2647 4989 2752 4177 4974 1502 2839 4855 2829 4496 1573 5383 4774 4295 3243 4912 2143 4916 3961 3267 4682 3279 4556 3135 2853 2636 5634 2220 3493 2358
5946 3058 4802 5024 3516 5272 4974 3016 7664 2890 3409 7158 5458 5574 4194 6049 6427 6337 3887 2407 2908 5677 3220 4884 5875 1743 3043 5527 3312 5175 1842 5948 5241 4797 3667 5587 2518 5448 4456 3730 5583 3677 5354 3363 3265 3133 6215 2561 3836 2546
6765 3318 5295 5562 3949 5972 5573 3320 8415 3274 3887 8015 5968 6276 4825 6499 6957 7059 4472 2811 3297 6549 3443 5343 6671 1896 3336 5875 3638 5658 2047 6484 5617 5368 3936 5996 2872 5831 4915 4001 5987 4119 5901 3892 3621 3573 7059 2809 4133 3004
7588 3540 5842 5934 4183 6375 6265 3811 9281 3630 4147 8953 6567 6857 5185 7223 7658 7538 4805 2988 3619 7274 3682 5909 7221 2104 3692 6598 3957 6241 2164 7424 6244 6176 4267 6713 3257 6579 5487 4494 6481 4407 6667 4409 3852 3957 7717 3236 4477 3316
8376 3898 6300 6391 4661 6813 6752 4055 10001 4080 4623 9640 6929 7436 5760 7753 8498 8024 5352 3236 4081 7683 3968 6296 7921 2382 3968 7394 4352 6691 2393 8160 6650 6756 4576 7407 3633 7302 5994 5064 7309 4997 7172 4751 4242 4220 8175 3426 5071 3671
8849 4204 6879 6959 5202 7599 7345 4570 10740 4405 4998 10527 7604 8304 6027 8193 9449 8497 5906 3501 4312 8543 4247 6899 8434 2588 4370 7979 4591 7062 2512 9069 7065 7423 4925 7863 3820 7724 6318 5545 8190 5356 7674 5013 4538 4692 8769 3870 5381 4054
9819 4530 7226 7643 5598 8372 7851 4946 11471 4683 5343 11711 8085 8914 6498 8673 10053 9464 6438 3830 4505 8934 4689 7325 8991 2778 4684 8784 5002 7407 2743 9791 7729 8165 5344 8270 4107 8093 7016 5815 8603 5915 8052 5387 4805 5195 9593 4142 5949 4511

2611 1165 2630 2654 1717 2735 1922 1892 4139 1684 1444 4124 2640 2848 1535 2750 3031 3381 1930 1193 1606 2811 1408 2519 3290 890 1749 2394 1683 2734 865 2433 3213 2242 1556 2428 1361 3174 2485 1768 2918 1520 2027 1421 1619 1538 2473 1375 1726 1006
2494 1031 1957 2351 1676 2296 1672 1287 3143 1004 1245 2938 2268 2082 1464 2072 2595 2311 1847 929 1032 2423 1030 1738 2820 725 1297 2191 1444 1932 671 2101 2077 1825 1293 2333 813 2845 1954 1590 2155 1474 1934 1117 1581 1085 2470 1168 1490 947
