50 9 2
185 122 119 161 173 85 146 115 99 1 254 139 78 57 29 33 7 61 169 179 11 64 76 62 21 1 185 54 154 1 1 195 221 134 1 71 123 44 84 144 31 1 1 214 100 1 1 74 149 54

29 14 32 42 10 34 24 1 2 34 15 39 3 9 42 11 23 38 18 1 1 22 35 32 1 46 1 1 4 1 28 29 30 1 34 1 14 40 1 20 5 9 27 40 15 27 1 18 44 11
32 31 36 61 25 35 25 5 5 42 25 42 9 16 59 21 34 41 21 9 3 40 48 35 16 81 2 23 21 16 47 44 40 16 35 9 30 45 14 33 11 14 36 49 31 41 2 28 53 12
39 33 50 78 46 39 33 10 11 55 35 49 17 24 91 30 48 45 34 24 6 48 57 54 21 91 15 32 26 25 51 55 67 27 45 14 31 63 16 46 28 26 46 58 37 44 12 37 61 24
55 54 56 104 56 46 48 11 14 64 39 56 35 40 113 43 58 54 37 39 11 71 63 65 34 92 16 49 40 43 64 66 88 48 65 39 43 78 27 58 42 37 53 66 44 62 34 38 71 33
83 66 70 113 67 57 62 13 19 72 48 68 69 45 119 46 60 67 41 48 13 87 71 77 44 107 17 65 42 68 66 75 104 57 71 64 48 83 28 71 52 50 54 71 64 76 38 52 93 41
100 75 78 141 88 65 81 25 31 92 61 80 86 52 141 63 70 75 52 56 29 110 78 82 45 119 24 76 56 76 68 87 124 73 86 66 59 89 44 74 70 56 61 72 74 87 52 60 100 42
101 83 87 147 91 92 88 28 46 106 86 91 100 54 148 71 71 84 53 62 31 120 89 83 60 141 39 85 60 80 77 102 137 78 89 69 79 118 49 77 80 66 83 76 87 105 71 74 106 54
111 97 88 159 95 99 89 30 62 122 122 93 106 61 164 89 86 95 68 75 44 123 92 85 70 143 40 88 68 93 86 103 147 106 101 87 94 122 56 103 90 79 84 86 97 117 83 82 115 72
122 120 108 165 103 121 111 53 80 133 123 116 114 76 181 110 87 103 74 85 46 130 114 92 77 147 43 89 76 94 87 125 148 132 126 88 122 126 72 134 110 105 95 101 118 131 89 103 119 76

10 20 9 18 5 19 14 12 28 10 15 1 13 1 8 4 9 1 22 5 12 16 5 1 5 20 3 19 10 18 12 8 6 15 19 15 12 13 1 4 17 20 6 3 11 16 1 2 9 11
16 34 15 25 8 28 29 23 35 11 28 4 20 20 17 12 14 17 29 13 22 19 13 19 16 43 17 28 17 21 21 31 7 16 43 35 24 17 12 10 23 30 19 5 15 39 6 30 22 38

3690 1846 3797 1574 768 2700 2322 1289 3074 2004 2898 4260 2747 1916 1407 2574 2515 2914 2413 3515 2441 1195 3669 1688 1833 2911 3055 3550 1981 1616 1500 2893 3435 4112 1752 2577 4133 3926 1286 3003 809 2410 2496 2459 1571 1696 2396 318 3086 1560
4224 2292 4629 1801 883 3371 2628 1508 3522 2364 3494 5183 3367 2354 1645 3140 2823 3334 2998 4205 2976 1486 4245 1975 2089 3526 3457 3912 2355 1849 1685 3453 4210 4528 2124 3048 4841 4329 1547 3585 903 2828 2766 2964 1779 1885 2969 395 3723 1835
5093 2626 5197 2174 1040 3997 3176 1693 4021 2609 4214 5867 3845 2688 1787 3658 3195 4019 3458 4879 3492 1783 4973 2349 2345 4230 3977 4780 2622 2163 1962 4042 4852 5222 2324 3410 5352 4771 1868 4315 992 3320 3147 3466 2112 2270 3224 449 4297 2036
5783 2861 6139 2387 1126 4513 3475 1971 4493 2823 4765 6344 4438 2932 1941 3927 3704 4650 4011 5492 3811 2012 5752 2653 2612 4708 4506 5367 3116 2454 2175 4380 5355 5840 2708 3983 5845 5285 2006 4940 1074 3840 3543 4043 2504 2553 3646 499 4899 2273
6532 3148 6701 2670 1239 5138 3764 2145 5080 3268 5113 7026 5000 3207 2192 4364 4271 4944 4508 5942 4345 2270 6225 2908 2894 5426 5081 5880 3517 2631 2356 4880 6044 6401 2901 4333 6810 6046 2325 5386 1177 4341 3857 4371 2705 2853 4161 532 5278 2613
7433 3545 7239 2931 1386 5437 4340 2441 5611 3619 5590 7893 5497 3478 2356 4731 4643 5578 4777 6325 4952 2451 7132 3196 3246 6075 5478 6514 3805 2973 2657 5568 6764 7264 3079 4968 7403 6995 2564 5698 1351 4747 4168 4871 2891 3066 4738 576 5608 2933
7836 3889 7708 3114 1518 6044 4714 2623 6243 3936 6039 8707 6087 3896 2604 5058 5003 6261 5068 6919 5314 2683 7928 3488 3545 6455 6179 7359 4283 3225 2841 6147 7434 7734 3464 5333 8390 7825 2860 6056 1529 5341 4728 5474 3170 3460 5180 650 6307 3207
8432 4246 8601 3407 1667 6416 5034 2874 6947 4374 6684 9285 6737 4186 2914 5347 5484 6623 5643 7574 5594 2876 8437 3780 3840 6829 6554 7717 4525 3429 3021 6693 8120 8278 3782 5838 9275 8498 3143 6675 1697 5593 5017 5940 3401 3747 5476 698 6647 3528
9236 4453 9450 3687 1812 6949 5555 3064 7637 4719 7181 9973 7041 4448 3148 5977 5958 7344 5977 8064 5970 3025 9257 4079 4216 7358 7120 8533 4826 3805 3274 7242 8959 8891 4021 6271 9690 9443 3442 7401 1832 5998 5509 6266 3649 4105 5915 758 7205 3742

2998 1376 2793 1225 658 2115 1743 1154 1587 1695 2435 2623 1863 1652 1158 1802 1625 2238 1458 3099 1915 748 3189 1446 1648 2608 2016 3176 1671 1104 1278 2598 2211 3290 1465 1811 3684 2548 1154 2539 692 2161 1469 2035 1054 1215 1414 237 2101 1242
2406 1271 2488 939 578 1785 1483 674 1573 1485 1881 2533 1572 1512 860 1333 1399 1515 1314 2743 1888 668 2868 1444 1110 1609 1911 2274 1287 1103 1255 1593 1902 2287 1435 1576 2981 2168 817 2527 506 1730 1254 1939 861 875 1232 203 1647 817
