50 9 2
1 15 1 66 1 4 32 14 15 105 62 136 79 61 111 75 309 152 92 1 259 171 1 104 203 34 250 177 210 143 9 76 187 94 182 180 57 202 1 179 1 258 16 194 90 1 54 1 188 55

22 11 59 46 27 30 1 18 1 36 34 18 1 2 1 33 27 1 9 42 3 15 25 1 14 1 14 29 8 1 17 45 11 11 23 36 15 1 9 12 17 1 1 11 29 7 38 1 37 30
33 27 66 66 34 37 14 19 11 40 43 33 18 20 6 37 31 5 17 58 8 21 36 15 18 15 18 50 17 3 34 55 12 17 39 47 23 6 28 20 29 20 13 22 33 9 49 16 49 40
43 42 69 79 39 45 32 29 24 53 57 62 36 21 23 41 38 19 22 70 27 25 43 20 34 31 22 61 38 27 47 67 15 18 42 56 32 9 36 24 38 31 22 23 51 24 54 18 58 45
51 53 81 84 46 65 37 51 30 84 76 68 48 29 25 49 43 31 32 76 38 40 45 37 38 36 24 66 47 28 59 90 22 37 57 69 44 21 42 43 46 39 23 36 66 27 63 30 64 54
64 61 82 91 50 84 57 57 45 92 79 73 68 47 37 63 53 34 45 83 44 44 58 62 52 50 50 80 49 29 65 96 37 54 67 90 58 33 53 50 69 56 24 48 85 28 71 47 70 61
73 66 92 107 62 86 64 74 66 93 99 83 81 55 47 78 59 50 51 89 54 45 66 65 69 51 51 81 53 33 80 114 47 55 68 111 61 38 56 58 83 59 27 61 99 53 78 55 85 75
83 67 109 108 68 96 70 90 75 96 102 98 95 71 67 81 69 65 70 110 75 63 88 76 87 54 61 91 71 43 88 116 53 56 69 117 63 55 63 60 93 68 43 62 112 62 81 75 86 96
98 83 127 134 92 104 82 92 76 99 114 111 107 79 97 89 77 72 78 123 85 82 94 83 100 55 72 94 72 60 94 118 69 73 90 138 80 75 65 61 108 78 49 63 116 66 95 86 92 97
105 86 129 143 93 110 83 101 84 110 121 123 117 90 100 96 84 75 87 128 98 89 116 93 117 57 82 109 79 81 103 133 78 85 96 149 101 85 71 83 109 81 51 75 128 68 118 93 94 98

1 7 17 1 1 12 9 4 17 15 3 7 5 8 1 6 7 1 15 10 30 15 1 13 11 19 6 1 14 2 1 16 6 9 16 15 5 9 24 16 13 12 31 26 6 4 2 16 28 8
17 13 21 16 10 22 19 17 31 16 19 23 28 25 2 15 12 12 29 27 48 35 11 18 17 29 26 18 19 4 27 21 11 18 38 23 13 11 34 27 26 29 39 29 7 11 19 40 33 14

1684 3103 3398 1917 3310 1214 1820 2689 4213 2186 2565 4165 1863 4560 3208 2703 3372 3248 3312 1989 2792 1719 3855 3391 3495 1644 2148 2889 1859 2640 3872 1535 3235 3122 3309 2662 3232 2758 1845 2144 3536 3221 4506 3352 2933 133 1885 1091 2208 3078
1945 3831 4212 2303 3696 1439 2199 3339 4719 2709 2958 4641 2142 5231 3785 3320 3982 3777 3955 2396 3371 2056 4715 4190 4155 1858 2423 3445 2206 2991 4480 1782 3772 3519 4037 3049 3940 3413 2189 2657 4278 3850 5329 3805 3402 150 2308 1253 2511 3417
2143 4372 5017 2543 4289 1653 2433 3775 5457 3201 3391 5288 2430 5893 4585 3926 4460 4309 4650 2822 3847 2336 5155 4797 4581 2061 2859 3776 2569 3604 4899 1986 4356 3964 4748 3696 4430 3854 2426 3088 4916 4347 6246 4204 3780 168 2516 1452 2986 3836
2438 4743 5412 3002 4652 1887 2830 4060 5996 3524 3917 6009 2680 6510 5265 4206 4950 4849 5231 3237 4220 2560 6011 5391 4975 2253 3185 4318 2774 3923 5524 2272 4724 4328 5563 4346 4786 4539 2785 3614 5569 4701 6728 4660 4370 194 2798 1561 3437 4313
2672 5163 6022 3474 5294 2176 3080 4353 6445 3994 4319 6977 2976 7119 6041 4562 5590 5348 5751 3579 4534 2868 6743 6134 5793 2487 3480 4782 3015 4371 6029 2499 5352 5094 6251 4978 5219 4977 3045 4117 5959 5194 7267 5378 4876 218 3261 1757 3964 4685
2989 5657 6398 3903 6079 2388 3357 4693 6942 4222 4894 7513 3220 7778 6579 5161 6180 5693 6155 4036 4995 3200 7431 6901 6546 2782 4013 5426 3395 4734 6429 2835 5816 5791 7039 5610 5830 5340 3300 4335 6602 5654 7786 5761 5216 239 3467 2009 4224 5098
3293 6091 7016 4250 6875 2652 3573 5216 7878 4718 5482 8368 3614 8312 7058 5700 6594 6436 6846 4389 5301 3511 8258 7535 7065 3157 4532 5865 3644 5255 7119 3128 6364 6331 7424 6065 6430 5952 3675 4623 7037 6226 8725 6417 5843 261 3732 2127 4761 5773
3699 6409 7356 4448 7352 2869 3998 5550 8311 5074 5908 9251 3956 8978 7831 6214 7218 6891 7258 4851 5772 3756 8672 7938 7596 3551 5005 6225 4048 5843 7940 3401 6848 6967 8133 6613 6826 6278 3970 5129 7699 6554 9240 7210 6412 281 4097 2301 5209 6118
4009 7043 8120 4761 8095 3119 4403 5897 9246 5595 6188 9999 4308 9617 8238 6817 7963 7660 7635 5278 6160 4066 9580 8749 8015 3758 5454 6518 4329 6217 8682 3642 7370 7638 8654 6879 7162 6873 4192 5424 8318 7299 9755 8028 7019 310 4363 2436 5731 6657

1231 2577 2578 1608 2941 930 1267 1985 2965 1740 1319 3327 1302 3513 2225 2170 2801 2854 2881 1640 2197 1519 2474 2756 3020 1096 1702 2229 1663 2336 2181 1145 2861 2340 2468 2041 2578 1814 1404 1791 2464 2847 2859 2934 2555 100 1204 841 1866 1995
934 2424 1806 1473 2277 808 1144 1963 2158 1492 1289 2587 1248 2575 1626 2054 2725 2045 2179 1413 2093 1033 2055 2728 2042 1089 1457 1729 1199 1526 2105 788 2858 2122 1723 2032 1936 1752 1081 1755 2103 2722 2565 2369 2134 99 943 740 1630 1821
