30 3 1
53 80 91 94 36 94 95 86 96 67 98 99 68 24 41 73 45 16 73 14 88 10 2 52 69 84 74 93 16 15

30 42 3 65 3 42 20 6 18 60 7 38 23 69 37 62 15 10 34 1 35 9 68 46 4 43 9 9 22 12
61 66 28 85 60 63 28 21 79 83 35 46 57 75 58 69 23 36 57 6 48 73 78 96 43 56 71 61 52 39
66 67 93 100 71 69 87 80 91 92 52 51 91 79 74 84 80 78 96 83 60 97 93 98 65 81 96 91 64 75

90 96 94 44 34 5 42 93 4 98 93 39 53 40 77 60 5 52 94 70 34 42 23 53 67 61 30 43 99 99

116 107 231 274 158 221 547 211 176 114 146 271 73 135 56 75 124 19 402 166 137 400 145 167 208 131 87 136 73 459
137 124 246 277 227 280 549 382 449 177 157 320 123 254 87 147 130 107 584 184 220 441 246 271 322 152 127 140 131 468
199 183 336 365 259 475 628 666 512 251 246 343 130 320 147 208 161 166 625 613 283 494 263 299 356 180 211 214 160 604

7 77 138 159 62 192 135 176 20 44 5 254 60 88 36 41 101 4 321 34 110 83 35 116 179 29 13 62 71 328
