30 3 1
68 68 33 14 89 25 83 49 13 7 46 80 84 82 4 19 68 3 20 35 6 13 75 44 16 42 66 80 16 77

8 18 3 26 23 47 30 26 8 43 7 4 2 41 60 6 25 2 31 38 1 20 16 1 18 3 37 2 5 43
41 62 51 37 31 86 48 42 11 73 17 91 42 44 60 23 39 22 52 70 81 68 32 32 18 25 79 4 24 47
53 99 85 61 76 87 86 47 36 83 73 99 56 51 66 86 90 69 58 75 100 82 100 99 94 40 96 17 98 81

27 50 48 36 26 12 89 43 38 18 70 99 46 94 76 79 37 74 27 32 39 7 51 64 84 32 5 88 29 44

279 149 112 103 103 96 524 109 191 471 135 470 125 355 397 117 141 43 67 136 8 132 243 182 94 87 118 195 210 101
308 245 193 133 150 135 541 129 241 556 138 473 168 461 468 156 202 215 153 260 10 189 314 516 190 333 137 344 280 140
360 345 540 237 223 140 649 179 274 589 141 663 227 556 554 311 331 330 289 328 131 285 360 630 239 478 143 361 295 148

193 86 103 98 8 48 494 11 113 427 51 309 10 139 298 76 15 12 54 90 7 29 134 44 65 21 36 89 124 87
