30 3 1
27 19 48 59 8 19 26 85 55 76 91 22 25 71 42 76 76 11 53 60 20 73 77 66 75 67 44 100 59 95

9 6 10 29 79 86 25 43 18 37 63 13 14 43 29 59 16 7 12 6 44 39 30 40 20 40 17 44 17 1
16 35 39 31 83 86 28 61 66 52 76 93 43 48 31 86 32 56 63 26 48 50 32 87 72 44 40 82 58 4
18 91 72 77 93 89 70 68 74 85 94 96 99 97 46 91 35 96 100 96 52 54 91 90 89 92 65 93 85 63

9 96 17 36 71 67 73 23 7 50 81 55 12 71 21 46 16 61 97 3 72 28 31 26 27 28 83 65 93 88

91 35 107 86 44 94 26 95 84 104 391 133 54 97 381 82 105 178 78 440 97 107 128 174 328 252 46 138 71 190
101 85 118 122 57 421 40 122 113 205 423 288 122 113 542 350 129 394 167 610 330 454 210 202 345 280 60 192 73 224
219 96 150 128 74 600 73 188 133 223 626 317 156 160 564 460 196 460 561 660 433 548 225 352 642 290 67 433 179 237

62 34 104 65 35 40 1 6 6 101 45 83 53 5 280 47 69 159 67 433 27 19 56 90 157 42 25 47 52 189
