30 3 1
83 82 72 22 96 52 25 42 30 12 50 17 87 36 4 57 31 85 47 52 5 52 89 46 74 64 22 71 66 65

27 9 29 17 34 20 17 7 41 29 21 13 63 17 10 6 31 11 70 61 14 25 1 21 40 2 41 32 81 24
54 21 80 20 47 38 99 56 69 38 58 47 65 63 34 38 66 58 77 75 40 90 88 33 57 31 69 47 96 36
65 23 100 44 47 88 99 70 79 70 66 78 80 86 97 95 94 65 78 80 73 96 94 96 66 42 75 67 100 77

34 48 71 96 82 17 18 70 71 14 47 100 2 1 77 57 45 62 92 61 18 77 96 77 49 21 11 29 61 7

309 168 78 32 105 205 107 56 113 50 70 101 95 67 72 69 39 93 87 111 110 94 151 246 89 133 107 225 66 182
432 223 191 42 149 346 154 175 204 60 96 443 147 395 509 138 54 178 94 172 238 111 166 441 99 155 127 234 201 267
550 352 196 125 181 348 163 204 322 108 156 592 189 495 523 196 125 550 163 231 255 173 189 568 213 156 159 316 209 361

283 114 1 22 28 74 58 53 15 35 6 27 60 16 52 15 12 2 71 110 74 24 63 19 52 56 24 94 64 31
