500 2 1
39 54 78 12 88 96 25 75 17 43 12 97 50 49 33 46 55 40 87 65 90 10 86 38 42 19 2 13 23 75 9 43 94 86 43 47 74 90 54 95 87 83 55 18 24 83 51 64 17 4 85 82 76 39 87 61 46 73 44 10 18 63 74 73 4 83 96 40 82 51 100 89 20 8 53 78 13 17 54 32 36 41 18 70 85 24 57 14 13 90 31 80 35 48 24 31 100 33 3 12 2 20 51 29 14 44 68 76 55 53 72 75 64 81 67 5 82 92 60 75 94 70 75 89 78 33 98 30 14 9 66 11 51 90 5 3 18 46 47 80 88 23 38 9 43 77 67 24 60 55 47 92 67 34 61 100 24 95 92 87 62 85 73 64 16 38 4 92 8 65 65 84 11 96 73 9 43 11 20 85 33 91 49 84 60 27 40 81 25 14 51 22 52 86 71 13 3 48 99 55 69 33 41 90 72 86 95 68 12 19 74 77 63 39 81 82 88 39 25 78 10 33 87 42 11 9 44 62 29 89 43 93 82 18 91 37 33 13 65 30 80 20 32 37 19 77 98 47 33 98 55 20 92 26 78 69 90 86 18 30 2 57 25 86 15 41 96 62 89 11 54 16 94 88 90 84 94 38 63 15 91 62 31 6 66 28 61 23 88 99 41 13 38 92 8 18 20 2 72 48 12 88 86 99 71 94 11 74 29 96 93 8 26 82 57 18 61 19 86 62 2 82 79 73 55 9 41 99 25 83 97 48 21 16 12 87 12 6 41 63 96 33 47 66 76 28 37 29 1 54 96 6 57 38 7 55 85 44 19 13 78 58 48 69 10 34 49 45 65 35 86 28 27 71 92 28 30 63 9 84 3 35 10 88 45 52 38 15 52 17 53 64 83 53 4 24 91 94 15 71 61 82 92 34 85 18 73 31 18 39 77 37 100 21 94 59 44 12 35 15 55 4 76 24 91 80 68 59 54 8 39 82 40 75 35 76 25 85 30 79 59 96 16 51 100 45 2 3 98 89 70 85 45 63 52 3 5 34 25 19 74 38 59 99 46 44 39 28 13 68 70 23 40 27 24 93 74 2 31 46 13 45 75 85 9 77 67 1 39 55 26 75 52 10 78 52 90 29 85 18

17 17 63 23 32 24 8 66 38 64 63 6 27 29 58 72 48 17 43 41 31 6 2 36 63 10 18 21 80 6 17 41 2 70 12 44 24 53 18 9 28 47 31 20 13 5 30 18 70 5 23 61 4 5 6 5 76 18 3 72 67 17 31 24 37 41 1 5 21 82 15 1 58 43 13 52 5 25 85 20 47 44 16 63 10 56 6 80 32 4 78 67 25 14 18 35 26 77 29 30 2 2 48 33 66 76 11 75 32 39 10 30 37 63 27 17 1 11 30 20 29 5 37 59 29 8 3 9 62 26 64 79 19 53 38 43 24 20 28 3 23 4 8 23 16 49 5 63 3 19 30 35 75 33 17 45 19 60 44 9 6 84 36 3 14 14 22 9 59 41 26 18 75 21 41 6 18 29 54 27 18 9 41 22 47 65 93 5 7 13 71 36 4 11 3 58 40 27 57 44 9 75 7 7 49 57 13 2 95 39 60 12 48 19 70 19 52 47 60 17 31 19 22 30 12 5 15 5 54 15 18 16 23 85 54 12 79 42 40 23 6 38 13 38 25 7 25 24 10 14 43 81 54 19 36 80 27 47 5 39 33 6 60 8 23 4 16 17 13 3 11 66 24 51 30 65 16 17 17 20 20 47 58 38 91 15 27 31 43 34 26 53 18 13 11 52 27 74 37 23 20 21 48 31 10 64 30 20 66 77 8 32 69 53 24 29 30 41 18 11 58 19 41 59 4 21 40 6 78 60 4 31 29 58 30 72 56 38 57 44 35 41 13 22 1 42 16 1 23 50 34 85 20 40 84 8 89 23 12 12 13 13 35 41 14 48 23 21 77 3 10 4 25 34 45 80 7 91 1 66 18 1 8 28 28 15 55 29 76 1 61 42 50 43 61 14 44 14 18 25 48 97 3 52 1 28 4 51 14 34 27 69 66 22 75 9 6 58 6 64 3 19 1 4 37 55 60 82 82 5 8 74 26 70 47 12 44 21 44 57 33 46 41 29 24 21 61 51 46 53 49 49 48 30 38 27 39 27 40 49 6 10 41 20 3 3 38 2 20 49 7 2 16 48 10 9 11 27 28 29 47 67 55 20 59 47 57 83 39 55 4 6 17 10 32 58 7 20 79 24
32 39 82 95 76 36 78 84 56 74 72 61 47 93 90 72 53 94 69 63 70 15 59 98 100 25 34 52 86 38 61 92 26 89 48 48 25 57 30 100 53 96 41 62 70 83 88 94 79 96 82 82 91 26 59 8 85 21 64 92 70 20 58 79 63 89 95 75 35 87 55 7 86 95 49 58 33 86 86 58 98 87 50 88 38 58 97 87 51 6 95 71 57 65 49 90 73 97 89 97 8 50 73 67 67 83 17 91 73 72 86 77 39 97 29 43 65 73 75 56 45 13 90 98 83 70 79 81 83 62 93 97 45 91 94 78 98 96 91 85 93 100 72 27 69 74 75 65 57 83 59 49 88 82 43 71 34 86 96 53 26 89 93 64 60 21 74 62 71 50 51 29 88 86 82 87 46 54 81 100 31 33 43 24 88 92 95 76 85 91 85 84 44 49 58 84 76 35 60 97 60 95 84 66 86 63 63 16 97 66 60 79 79 29 87 61 73 52 67 19 98 25 84 73 100 92 63 18 99 91 32 83 78 99 94 13 95 97 82 25 30 64 38 47 26 16 61 43 55 54 81 93 93 60 51 90 66 91 52 79 68 34 94 96 59 57 66 98 53 31 57 94 42 62 38 68 34 97 35 75 78 95 81 62 93 88 79 53 47 79 83 63 35 14 40 94 62 88 74 97 95 53 56 97 51 68 53 34 77 100 94 84 91 89 38 59 83 54 82 40 70 95 68 77 38 78 59 8 97 98 93 42 51 66 80 92 70 59 76 71 77 63 21 58 20 76 43 20 82 94 42 88 31 60 100 90 97 93 84 88 80 92 85 72 50 73 56 61 83 12 96 16 25 95 56 91 25 99 56 72 66 22 22 90 66 36 77 61 87 66 62 71 87 47 67 83 67 88 18 72 86 98 94 64 95 45 25 81 16 89 27 89 76 38 91 95 44 75 15 93 33 73 28 70 75 67 69 91 96 55 12 98 50 90 69 59 94 37 47 84 58 60 86 69 64 76 62 97 88 84 67 63 94 71 99 69 49 38 42 92 21 58 53 57 35 33 66 81 64 83 39 46 20 100 29 11 13 56 98 95 53 83 74 96 70 47 59 96 58 92 72 90 38 79 93 98 11 60 81 33

1 27 39 68 65 88 77 39 98 73 91 84 12 16 58 44 32 54 67 50 30 89 47 78 34 79 95 47 9 27 8 76 33 73 72 77 41 41 83 1 62 87 21 43 92 9 5 53 32 37 25 40 34 62 86 42 93 81 23 55 41 30 3 4 91 75 61 63 69 12 10 17 35 22 6 77 54 92 53 99 13 46 95 45 4 60 78 54 71 19 97 50 88 71 18 29 50 23 41 29 64 75 66 92 53 27 70 100 64 82 6 54 71 21 90 40 65 76 55 61 80 45 87 56 30 4 74 70 73 54 34 20 90 52 90 48 17 54 52 15 49 33 88 31 4 48 52 6 83 59 63 33 28 67 7 94 57 98 65 99 89 90 49 26 52 90 21 33 87 82 7 90 92 51 23 57 8 35 17 2 95 47 19 25 92 44 19 47 82 27 34 83 36 93 11 87 33 80 48 66 49 46 28 78 18 51 9 24 31 82 21 35 71 6 84 27 45 31 93 87 17 45 36 33 8 84 86 22 87 80 55 58 9 66 38 42 24 96 87 20 4 100 25 37 10 61 46 29 91 27 84 40 100 16 39 49 91 16 61 58 59 34 32 53 38 27 57 87 56 21 35 96 98 31 8 84 63 5 14 7 49 83 90 4 94 82 96 62 59 10 4 63 42 5 46 51 19 42 48 5 30 55 98 87 88 31 14 26 88 39 26 61 17 34 83 36 51 24 72 80 99 49 18 74 36 32 26 2 49 40 72 75 47 100 86 40 98 87 42 12 83 78 93 2 6 40 99 33 94 47 37 39 53 11 59 82 67 37 85 81 15 27 21 53 32 68 29 93 11 27 4 55 22 67 4 55 80 14 4 13 40 94 100 29 62 35 54 95 81 63 64 97 39 49 31 92 16 83 46 82 3 18 4 21 17 31 3 66 1 44 71 65 88 39 64 29 75 79 80 31 92 6 1 87 9 91 4 16 64 1 34 2 55 28 24 14 23 27 40 32 86 82 45 98 24 11 39 86 56 32 96 71 25 66 39 33 26 2 91 55 6 91 64 49 39 39 77 40 22 97 34 94 57 48 17 23 91 59 14 10 12 49 67 25 82 2 93 52 58 12 91 94 86 64 80 38 76 16 10 98

966 2736 1092 2469 2632 936 2869 912 260 3249 2159 2042 2424 6553 1812 787 350 285 2217 349 946 310 1426 4393 388 2989 902 1064 494 1144 208 2117 8177 416 5136 1717 1147 822 157 7996 1029 8383 110 2190 1555 7945 2754 1823 199 3766 7512 397 964 1600 2686 2328 460 84 1772 3897 2096 3464 818 4720 1756 1080 2642 703 1002 1386 1432 9194 522 456 2066 2480 1242 5731 267 947 5574 2610 269 2229 1908 936 6696 3610 1288 7766 1741 874 372 176 6390 7711 289 1333 2545 1510 6172 932 8364 76 1824 2014 1759 3280 3616 700 1532 7871 1059 7428 1169 2498 199 683 2073 79 5148 6508 554 840 3887 537 1144 571 4107 4098 1229 790 944 2137 816 2092 4823 1869 1273 1947 1799 2052 986 2556 1208 2665 690 602 2623 678 181 597 3984 2972 3431 2360 1664 749 237 469 5006 6769 3278 3576 1552 101 1916 1023 1117 1000 5040 3548 537 539 766 162 1885 1223 2158 922 3551 2320 369 268 1216 7052 732 424 6849 856 132 637 1760 2909 1151 3291 3586 1416 438 6185 3683 7801 49 2553 2672 2061 666 1229 1822 1167 1099 1050 1139 6969 1725 3709 5509 1109 3470 1293 4159 931 1454 1946 1325 161 352 3613 1176 2262 5864 1205 1309 626 2231 6247 405 801 538 1478 3965 6646 916 3459 2027 1715 4683 2943 314 3490 2350 999 1886 2819 1248 624 1200 1645 4600 284 544 845 4857 410 773 2876 2390 3528 563 4207 255 2605 774 4693 1228 5985 124 1576 4445 1574 698 844 3897 470 418 634 2230 4118 349 1920 1264 1681 2065 5845 2082 290 1085 2584 1492 4670 1409 3149 1126 1223 1525 2438 276 4391 2661 3077 314 875 2457 582 704 1274 584 8390 7151 294 225 7552 4328 5420 667 1852 6343 520 41 570 501 247 7523 658 982 632 966 8227 1353 2162 6002 173 4756 312 1417 114 5582 6429 979 910 1958 2865 2505 1306 3673 2461 5612 1829 3282 185 3458 3255 3543 1910 2003 1143 2432 627 2380 1986 1332 835 510 1187 2243 2209 3965 4413 7097 2311 1155 729 2451 5599 8100 1028 289 3962 673 2161 627 430 720 415 2054 801 416 1549 839 569 2097 1328 2406 3268 2364 2828 1124 2192 8951 355 3273 267 1548 1102 5705 3836 316 660 801 667 2593 92 913 1973 2290 4298 1947 2163 4133 1340 1084 488 1002 622 1074 4297 464 3821 1580 573 973 4447 80 188 233 118 920 300 7245 1683 2385 2778 259 1488 1345 4600 811 571 4171 1672 415 850 3908 1236 2867 445 350 155 156 876 614 158 6095 1572 232 632 579 1098 1441 59 1152 956 841 854 2920 113 138 550 620 3908 1485 942 2832 409 1352 1094 1281 886 512 1197
1859 4667 1644 6194 3714 2054 4209 1897 4365 4172 8890 2547 5050 9886 2599 889 1631 3213 4910 581 1165 958 3439 5819 1087 4043 1085 2402 9484 2935 1761 4652 8413 2086 6937 2292 2423 1092 1027 9247 1676 9914 830 4011 2461 8294 4915 9970 692 7587 9917 4992 1315 1721 6493 9185 1292 2219 2442 9188 2158 4168 1398 7658 2208 2255 4278 918 2026 3346 9833 9852 891 2428 4829 9956 1267 8762 715 3522 8338 4527 2416 2257 2715 4325 6988 5235 1323 9954 2716 4692 1884 888 7866 9127 4244 2025 2892 2997 9817 1744 9055 1886 3181 2824 2376 5081 9023 4216 2049 8395 8369 9942 9175 7137 877 1435 4378 1914 6990 8498 4063 1438 4938 1089 3693 1941 8672 4445 9264 3737 3333 3640 1790 2480 4963 6645 4835 8352 2505 4684 1780 4387 8286 4226 1552 639 3406 1958 1117 3650 4552 3624 3838 4073 2196 1090 2344 2316 7329 9336 3453 3809 2089 4492 2069 1058 1910 1009 8437 7157 1130 2185 2054 1656 2534 2206 6262 1074 4248 2569 1955 2522 4106 7085 3770 2546 9242 1118 136 2537 2024 4962 2487 4334 4787 3783 9910 9085 4188 9160 3848 4252 4949 3065 6588 2120 6384 2326 4440 3603 4793 9417 1845 9384 9113 2537 4727 4228 8501 2232 1724 4326 1771 1496 9962 10005 2569 2581 6579 8400 1826 2032 4003 7788 1950 3629 1591 4356 3987 8165 1652 4555 3502 2396 7880 3543 2474 4494 9817 1271 3049 4186 2553 832 1876 2281 8828 967 4883 2342 4953 1092 1088 3575 4135 4306 4423 7088 1415 3516 4707 7930 2165 6100 2876 4539 4857 4847 901 1639 3927 1301 478 1283 2983 9760 1972 2660 1475 3902 2688 8864 2154 727 2115 3656 1623 4771 2296 8610 2302 2578 1695 2947 1613 6402 4336 4958 314 2278 4570 9056 1190 2865 4432 9876 7783 2334 3322 9094 4727 6595 1014 5751 6713 3847 565 1502 2302 904 9885 3566 1775 1835 7579 9732 2978 9242 6898 1234 9677 1162 1765 6857 6218 7662 3687 1191 2243 4871 2673 1719 7288 7213 6049 4510 3631 3072 4861 4197 7381 4858 7899 1545 9929 3371 7428 4414 1813 2138 2432 1278 7210 4699 6000 4508 7347 2341 3568 1134 3678 7986 8492 2644 894 5541 2962 2384 2336 1687 2056 1408 2669 1486 3732 2267 2166 9726 2467 6868 2427 3784 3726 4218 1200 6096 9782 6627 4313 785 1558 1117 9886 3973 1117 4829 1707 2396 8143 2441 4786 3857 5816 7325 2477 2283 4732 1792 2972 1772 3025 2118 1819 9004 645 4907 1852 4073 1086 8799 5549 535 3824 1634 3013 3388 7394 2497 3461 4144 3520 2386 1420 9317 4939 1045 5932 4562 2108 1954 4699 3477 3900 1870 653 2236 1179 3301 1720 2392 9188 1812 974 3914 1851 3609 9587 5180 2187 1450 2017 1020 3811 1968 1601 5211 1631 4884 2006 2152 8033 1062 7625 1657 8801 5571 2285 1601

836 1757 698 948 293 391 1419 831 147 1114 549 1469 1864 3658 985 605 85 254 1964 191 603 43 208 1398 232 2806 258 469 157 893 158 525 3957 124 466 509 172 604 1 574 414 7667 54 69 560 71 1402 410 17 2796 3500 353 872 48 53 641 131 48 666 3366 1942 729 672 1255 865 772 427 188 729 618 588 3287 183 323 45 1667 1134 1472 200 762 690 462 28 165 677 596 1329 1218 767 4746 1173 357 197 141 3450 4442 160 1131 1445 85 1646 325 2798 19 1644 990 50 2359 3374 613 1011 7464 232 6465 1059 1907 190 493 25 8 2117 803 230 100 830 304 170 152 2338 3122 734 193 516 1482 711 1938 839 555 624 902 604 1350 584 474 381 2525 641 421 1668 123 178 465 2869 563 2092 748 231 138 160 213 2142 2707 919 2759 482 46 1878 826 1032 706 1337 311 171 13 239 87 1464 804 1786 856 19 344 318 7 874 5611 439 54 1981 671 34 205 215 1065 1149 2917 2944 1198 200 5164 3203 6472 47 2126 2090 1073 166 1154 942 136 265 733 374 5521 848 2156 3456 647 1895 966 2894 364 228 1838 51 59 106 2467 18 2195 115 207 1269 563 2043 2553 295 325 107 408 573 4969 624 2108 115 1395 1759 432 132 950 197 955 926 1355 865 599 560 672 1524 154 207 106 2324 342 549 2688 1790 2670 279 3138 80 1990 276 583 1011 2126 47 1163 3925 764 405 195 287 97 139 383 1303 3547 254 548 597 1199 1919 3559 1811 66 505 665 29 1659 817 1174 463 621 1097 1869 217 609 2327 2298 240 788 1061 336 450 5 158 6485 2019 97 88 5054 1210 4819 98 1046 2048 438 17 514 54 227 714 69 364 518 824 842 1347 1919 127 130 1982 73 1046 85 35 2070 572 165 1884 1976 1158 760 586 1726 2407 1383 1198 25 2352 2705 3001 851 13 836 1334 319 1846 108 884 135 61 257 1159 378 2794 4377 3974 87 1090 694 1944 2483 1764 156 73 1486 16 1941 461 357 337 260 309 332 340 632 96 69 580 1015 1475 625 1186 773 370 11 7930 90 1088 89 1371 938 4248 1420 85 270 796 54 480 3 539 1640 1700 985 978 1704 2197 623 887 312 709 272 545 3218 358 2656 829 261 407 1740 24 111 74 36 545 143 1572 1381 51 1642 128 998 436 965 498 35 1710 891 98 23 101 1100 1372 57 334 101 148 215 521 53 518 1319 211 418 466 696 806 18 41 456 712 21 208 4 42 502 219 315 843 624 1201 43 89 576 893 110 362 869
