500 2 1
21 90 54 69 46 58 61 92 10 72 94 66 75 29 85 8 76 13 90 93 7 36 67 18 87 95 4 97 44 13 13 2 31 62 68 64 74 22 92 42 17 38 40 18 17 75 98 14 33 3 13 46 10 50 4 51 83 29 31 76 100 79 12 61 21 64 14 74 80 99 39 31 97 6 81 58 21 23 53 31 63 85 10 72 85 29 66 53 89 27 63 39 99 16 88 68 66 26 16 65 15 80 5 8 45 100 64 16 62 2 81 51 90 40 58 80 10 31 78 56 48 7 78 58 100 61 23 11 79 73 1 48 58 39 52 72 37 58 71 23 29 79 14 50 99 95 88 78 28 8 55 54 49 53 12 63 27 1 44 55 17 4 20 2 16 28 60 33 4 2 82 100 84 4 90 35 57 36 99 73 51 94 24 70 9 74 81 33 69 40 82 96 11 15 34 80 15 60 17 68 57 37 89 82 76 38 85 25 43 83 82 54 79 78 66 88 37 43 32 78 44 35 91 95 56 5 78 15 29 58 44 10 92 43 3 99 30 33 68 21 69 26 64 70 14 72 27 41 42 64 19 74 62 38 91 50 32 21 12 97 55 27 99 9 16 91 82 96 38 93 90 78 78 78 55 74 81 92 81 24 19 42 96 25 76 84 89 32 1 1 81 34 76 84 26 67 6 54 98 12 29 43 90 85 30 13 56 52 52 66 27 48 94 41 79 13 72 45 49 7 44 55 66 85 65 16 36 62 18 18 32 16 36 77 47 54 8 92 40 55 13 100 7 41 63 8 52 31 10 67 77 97 84 30 25 60 2 41 72 27 83 46 99 21 16 10 35 76 31 80 66 41 5 70 44 92 23 92 82 24 82 38 83 53 67 67 82 24 43 100 17 19 21 90 57 72 30 43 39 3 100 99 86 56 74 19 31 27 2 1 43 32 2 19 22 6 41 51 37 49 3 95 6 42 79 21 84 79 62 21 80 63 70 52 6 98 46 24 93 38 41 52 85 89 55 40 42 33 64 82 5 78 85 67 91 50 32 20 84 80 73 84 1 41 28 18 2 52 10 61 68 19 32 42 61 41 81 32 16 87 58 45 89 94 67 97 90 25 48 94 91 46 88 46 7 84 45 72 29 93

33 50 4 34 67 53 39 16 21 27 44 6 25 35 83 56 14 9 68 99 34 36 29 8 24 18 22 63 6 1 3 71 56 88 1 17 58 42 20 13 57 56 10 56 9 14 39 41 46 49 5 61 2 2 25 12 79 41 6 18 46 2 29 64 23 64 35 20 20 67 77 24 73 64 53 50 5 3 39 51 3 55 34 12 13 22 20 75 45 13 30 1 14 17 47 18 11 29 3 1 10 56 28 8 53 60 17 69 32 36 40 2 9 12 10 75 2 3 31 13 4 8 1 40 15 5 3 5 25 6 39 55 51 42 1 69 74 22 32 3 47 82 5 13 61 13 26 42 21 47 33 62 23 30 14 7 32 49 74 78 47 72 38 10 19 70 56 11 37 37 88 4 51 1 4 50 13 23 13 100 9 14 65 70 1 24 42 15 44 40 24 69 60 12 39 23 4 40 25 22 1 38 18 19 15 17 19 53 8 46 19 7 28 4 40 36 39 51 73 60 11 18 6 37 48 5 53 22 33 49 26 2 73 25 99 3 6 12 15 4 15 38 9 81 36 5 34 6 13 53 71 37 3 49 11 88 52 6 14 61 42 31 72 40 18 45 3 21 25 25 6 3 66 9 1 55 28 22 1 2 39 53 42 3 24 26 58 2 59 17 8 7 30 3 14 25 8 51 56 39 21 34 50 24 4 57 7 23 34 1 35 64 53 39 92 1 5 43 6 98 49 15 38 75 29 13 40 35 54 45 38 12 35 45 3 66 9 84 96 22 9 58 5 61 20 28 33 69 52 8 56 10 24 16 35 56 3 24 50 14 18 26 54 13 69 9 17 68 1 8 4 57 11 38 14 40 9 40 10 33 21 59 5 20 20 27 12 44 60 20 22 57 50 55 34 60 60 57 30 41 57 16 9 13 56 17 3 68 12 59 61 12 5 2 28 59 44 12 93 70 18 24 50 62 89 2 26 23 30 58 43 52 82 12 44 28 19 11 6 26 41 22 25 61 46 48 17 70 9 90 17 78 60 27 48 44 14 43 78 65 66 85 11 11 71 18 66 41 70 12 23 77 26 11 55 23 23 77 71 32 36 60 62 23 31 72 55 51 19 4 1 9 19 5 7 41 31 79 1 80
70 100 40 74 100 97 86 80 78 61 85 20 34 39 88 68 39 86 90 100 50 86 59 50 44 33 77 74 49 41 21 98 90 96 1 94 64 51 59 22 80 84 69 58 80 61 71 42 49 74 6 72 82 78 95 16 93 55 32 90 98 9 88 95 35 82 89 57 91 91 96 96 99 93 95 95 74 73 49 75 53 59 64 85 83 71 58 92 79 26 91 55 55 38 62 19 22 41 73 40 66 65 70 75 85 88 46 96 55 96 91 49 19 21 36 97 73 62 61 25 10 29 47 91 54 9 17 38 64 81 40 67 62 76 69 99 91 82 42 34 83 100 36 69 76 26 71 60 28 90 63 63 87 58 83 16 80 85 83 79 88 95 50 100 53 89 88 69 54 40 98 66 91 11 89 81 41 89 59 100 87 91 94 74 11 54 47 56 81 85 59 82 71 30 49 33 32 64 72 93 65 88 21 73 29 56 69 89 17 85 48 71 82 41 95 93 56 82 83 60 55 66 54 37 68 94 63 65 57 92 28 53 82 46 100 73 33 93 94 69 80 80 88 96 87 53 71 28 66 85 87 45 32 62 100 93 54 51 81 81 79 95 76 99 29 59 75 71 47 44 48 69 74 99 33 92 60 75 27 45 69 68 59 99 29 56 85 93 65 70 79 96 74 36 87 100 63 72 61 54 59 66 93 61 98 71 12 90 62 98 91 90 98 45 97 86 77 44 52 98 87 92 56 94 54 37 96 100 84 78 59 19 63 100 90 96 23 97 99 39 48 72 77 66 77 92 37 95 95 69 58 69 64 50 45 84 23 41 81 45 43 29 60 100 94 37 26 68 29 98 61 85 38 73 83 89 26 79 16 56 53 93 9 56 32 89 94 62 93 62 28 76 61 86 66 78 80 61 50 54 99 85 52 69 82 60 31 72 58 74 75 21 70 40 64 77 48 22 99 98 18 59 94 78 93 63 72 47 51 99 69 88 91 18 53 55 36 37 92 49 88 94 68 61 77 56 99 74 84 100 45 87 98 74 56 96 33 74 88 89 85 88 78 19 98 50 66 71 96 33 65 98 40 19 64 40 30 81 88 32 99 64 62 23 33 84 99 92 99 49 50 50 95 41 68 58 51 91 98 99

13 43 48 86 58 99 82 55 38 9 96 80 74 20 91 79 17 40 95 3 22 25 2 21 20 23 63 56 42 54 38 42 38 42 66 43 44 39 31 82 50 26 61 8 70 72 79 16 40 55 32 96 73 96 88 73 79 92 71 76 87 69 19 85 93 3 47 35 55 76 55 13 92 34 50 19 38 65 4 3 97 25 56 79 94 24 10 35 1 93 91 9 79 47 55 83 29 69 5 46 15 6 47 18 75 5 48 85 98 40 67 38 44 59 27 70 53 99 99 100 52 42 1 12 90 12 100 99 23 79 17 37 42 5 49 73 13 17 14 58 57 26 24 70 6 50 12 48 9 9 34 23 62 23 92 81 72 27 17 83 3 37 78 85 60 79 31 93 70 77 18 79 45 68 29 45 13 38 86 12 37 47 97 61 18 20 65 18 52 22 60 6 3 94 86 75 23 13 31 60 98 9 9 78 61 43 86 72 8 94 46 78 62 10 7 89 79 52 80 76 64 18 26 62 63 3 87 95 57 64 56 69 93 89 13 44 56 57 77 94 85 43 31 90 47 54 66 12 40 7 79 73 15 52 69 36 86 50 18 65 21 29 24 62 28 46 39 13 44 12 24 98 8 22 4 72 18 7 66 21 26 82 14 100 87 79 35 62 67 13 62 35 58 60 32 51 59 49 92 82 81 100 69 72 66 55 74 60 99 97 58 36 47 62 21 53 70 4 60 65 71 44 16 78 63 12 65 67 36 17 38 93 4 74 59 95 42 62 67 81 90 76 3 39 68 72 14 84 33 71 87 77 65 63 87 22 63 79 92 77 61 40 62 53 40 92 59 69 97 11 15 81 45 5 40 52 82 18 40 28 6 16 23 17 36 65 91 83 80 25 72 33 86 19 83 44 95 68 41 95 7 99 78 92 57 78 15 89 79 22 93 100 8 41 97 45 36 71 50 44 23 74 18 34 59 23 90 46 5 81 39 9 72 51 42 70 37 70 10 96 59 61 26 21 10 77 10 26 61 3 10 23 65 79 64 91 91 68 70 76 42 9 53 70 94 63 72 22 92 36 62 63 72 76 84 21 52 24 30 4 77 51 1 77 24 100 22 70 33 29 84 46 60 64 37 45 55 66 24 55

1359 1165 4318 3758 1046 799 2278 943 431 1907 1306 400 1321 5551 4640 1724 2911 2195 582 6292 58 5461 713 1067 1168 1015 349 218 1667 342 211 4525 1209 3450 6191 244 3998 3985 4380 2668 4912 2099 99 5104 734 1462 7768 1997 1041 1379 1988 693 276 1109 5657 1412 4885 7966 1245 1372 5926 411 656 658 378 1287 964 1224 1704 4811 2381 5623 1011 98 1182 4438 66 49 1766 459 107 1803 1808 854 1269 1584 4055 9197 3386 187 599 62 1515 1530 5241 1326 913 129 1913 66 1116 2367 975 2026 1892 927 2062 1455 188 2966 541 7777 4117 1532 1077 2590 514 812 469 1568 1099 4660 4057 6912 916 1594 1392 197 1299 4765 2226 981 5604 1328 6645 656 6792 1284 725 973 840 277 1066 189 1579 748 898 2019 1487 283 1092 921 2246 170 2114 2922 4909 248 636 1400 1004 6635 2080 972 462 457 587 735 395 915 1418 1420 897 1906 378 1178 6284 391 1151 571 7778 624 2627 573 2224 370 1098 1179 5760 610 3613 331 2554 1283 651 4829 484 1045 3434 1593 4181 1740 102 1043 732 3088 2483 2476 96 549 3401 2189 147 1885 1525 737 425 76 137 1719 1438 2629 513 135 1052 1896 3392 3350 1231 850 2522 5610 5777 676 6639 486 1733 310 538 3226 614 1149 1578 3105 3108 4417 117 972 259 3490 584 1031 610 2649 588 811 1008 4695 3669 2915 3947 5435 1557 312 2058 2340 148 3788 460 4717 4128 238 216 570 3283 1045 694 870 3198 1289 100 3519 3965 4402 239 1574 1241 2509 2380 1745 1671 995 1150 699 4429 6639 961 1125 1062 4563 2888 1001 2041 1965 1103 2268 696 764 1307 1952 2547 1813 572 686 300 1365 884 3615 259 309 3346 615 5847 529 3848 1771 1149 1639 2682 1993 1129 271 5402 6919 635 961 1610 3571 694 1250 2085 641 2051 7677 349 479 9319 118 424 2874 213 5024 1307 574 439 741 1880 386 4638 2073 649 2845 1504 1307 510 393 1275 702 130 6784 3028 206 33 182 760 860 2653 215 1109 3752 620 954 1804 403 624 189 5854 513 1102 1028 726 5690 443 1657 3695 3645 3691 1824 4469 54 5826 934 6932 1570 3614 3875 1016 336 3125 973 7128 1283 1025 186 3411 3722 2253 95 2250 618 12 2441 1275 1165 115 4426 2204 4531 1344 474 879 1286 1444 519 3162 646 4590 3376 671 4185 777 273 1937 1965 1007 335 5975 2442 2046 4601 769 3556 1358 250 1890 2998 411 1136 2370 8498 706 3263 360 1033 1088 190 461 962 488 3275 3359 1269 351 1181 1940 58 307 2001 1319 711 3878 54 2092 1233 1611 1038 904 1589 1425 3381 1268 4458 3637 490 662 1972 2088 1051 1645 1395
1511 1409 9491 4044 6622 1031 4814 1666 1413 4556 2453 3372 1470 6972 9053 5440 7746 2367 1629 8222 1675 6907 4321 5120 3418 10056 647 1416 2429 1347 1370 5268 2363 10004 9243 2954 4635 4348 4653 9007 9965 2801 155 5421 4385 1952 9904 3794 1569 2163 2172 2316 1766 1674 8979 2592 6595 8875 2088 3397 9388 4334 1854 3291 1750 1520 1661 4455 4389 5301 2489 7656 2592 1160 2340 4824 198 1173 1987 569 1851 2554 3083 4704 1666 6916 7703 9311 7581 690 3214 713 2080 4979 6288 1346 9394 180 2378 3983 1561 2426 3641 2442 1954 4392 2452 1638 4864 4772 3492 8438 8111 5878 1796 10061 940 1806 1439 2808 7459 8183 5853 8398 2296 1936 2376 707 2441 8274 3065 2669 8792 2565 8623 1920 7121 2547 3525 1759 1949 892 1603 1447 2402 4757 4074 2360 2460 1624 1558 2093 4998 4905 2500 4148 6735 3853 3332 2445 8180 7829 2155 8551 1249 1848 1200 1477 723 3860 1982 2145 1096 1953 714 1948 7899 2660 1923 791 8610 2713 8961 3624 4907 1847 3076 4573 6875 4298 6535 621 8763 1486 4699 5617 3545 1497 3458 3400 4930 2529 3261 1267 1488 3139 3555 7447 853 1252 7971 5178 1445 2425 3333 2112 1280 2142 1949 4219 4297 3774 2490 7563 2454 2427 4295 8312 1754 3194 9899 8424 7465 2697 7190 6715 2100 2341 2032 4406 2825 1934 1783 6085 3390 9743 2045 4869 2406 8044 1116 3441 2491 3461 3235 1152 1435 4763 6489 2917 4462 6143 2588 7633 4109 3278 2930 7011 1270 8813 8598 1719 4294 2500 4063 1247 1864 5974 7528 4426 1783 7294 7599 4538 1406 2517 1681 3292 2444 2304 1735 1938 4382 1241 4742 9355 1039 2389 1624 5474 4948 2296 2998 2208 2565 9370 5813 2016 1398 8736 6968 1984 659 4033 317 2879 1742 3997 567 2139 3850 9245 5892 4268 5492 2878 1950 2937 3310 4329 3372 2180 7699 7671 1842 2420 8215 4216 1846 1801 2174 3763 2094 9492 1589 3055 9775 2334 570 7097 416 7645 3352 2808 773 2080 4577 2340 6078 2076 1914 8161 1991 3505 973 2572 2336 4830 2434 9815 4149 465 8842 9074 1441 5008 8103 1247 3227 8637 9957 7672 3950 1599 2205 1761 9093 589 1729 4303 1915 7810 1632 2199 4393 6291 6237 4972 4602 628 5864 936 7982 2640 8936 6972 1251 2236 3779 1435 7677 1579 1218 1798 4097 4209 4815 1649 2443 2421 1665 2464 5006 8209 2118 4884 9320 7662 1891 3033 1020 4825 7955 1742 7520 1010 4932 3627 679 9047 2298 1324 5065 2199 1268 2124 8854 9361 7326 5671 2989 5066 1870 3765 2240 3087 576 1660 2919 9492 851 7112 2148 2878 1222 2451 823 992 4862 3688 3725 1804 1278 9872 3377 1924 1957 4255 2239 7016 4045 1892 2366 1786 1725 1507 2405 2789 1524 9917 2176 9140 6055 874 822 2006 2153 1642 2469 2205

1219 188 181 1733 691 417 852 662 178 149 1216 224 769 4241 3346 1128 2681 1654 102 6170 45 753 139 62 609 450 324 123 575 51 113 172 489 1201 199 200 288 3806 3641 514 663 1718 79 3348 259 1342 3276 378 862 227 1760 625 86 733 4216 1329 2150 1317 1100 1159 846 145 467 358 22 202 90 784 1049 755 902 4300 223 97 1155 290 43 16 1470 34 10 984 1725 474 1159 859 948 4952 1484 125 595 30 587 1338 5080 989 236 115 863 40 484 1955 264 376 814 346 224 242 72 47 43 5193 2746 663 163 698 36 593 438 526 405 3812 12 2039 790 175 102 187 735 3594 1121 638 2091 881 5998 309 731 41 52 487 381 192 662 142 239 132 134 651 837 136 589 694 1735 139 176 2680 65 213 121 1115 357 5547 68 7 35 182 127 708 69 198 10 128 357 1472 115 618 4066 120 1133 44 6452 417 2031 538 130 215 900 583 5137 32 2499 273 245 1246 94 2498 61 593 1454 1496 456 1477 90 914 130 2317 434 1888 33 289 1477 946 39 915 939 363 119 44 87 1449 392 778 275 46 467 870 25 2133 697 401 14 5251 501 221 2840 64 9 186 63 1532 137 194 1221 766 2781 1569 25 877 223 270 337 979 33 2641 295 189 495 4406 1544 2679 3254 4754 112 159 1758 1852 54 3267 59 557 1889 136 22 332 3152 273 488 448 926 1057 83 424 1100 3297 5 332 980 1574 490 966 1200 269 195 160 2842 3053 260 22 959 2879 2105 895 266 603 898 47 642 512 831 1885 2429 1361 224 468 170 206 777 471 73 48 2079 427 1541 12 1318 875 1143 436 1767 935 964 135 908 1349 324 322 1194 2873 636 155 2038 246 361 6515 284 13 5133 83 419 1565 159 4722 97 170 410 144 1265 10 68 1284 454 1872 1321 582 368 386 766 7 46 4383 1073 148 23 94 95 748 2379 169 528 2958 174 31 987 186 446 70 1035 391 889 521 191 5447 309 1278 485 2798 661 894 2793 12 2974 745 2908 976 2525 2808 807 274 278 516 3354 516 459 119 1648 2729 1321 66 1789 300 7 143 316 1128 81 2609 38 518 111 242 27 37 1143 205 980 94 247 2195 11 3260 556 54 1887 1422 897 248 4551 2305 602 3885 633 556 1350 37 285 187 293 1122 1125 5717 689 1750 358 114 372 73 233 150 95 525 188 797 97 312 1177 9 12 34 557 423 2548 23 278 335 544 573 570 262 550 1336 44 4096 1099 272 376 549 1394 955 984 1016
