500 2 1
71 5 12 67 25 52 75 4 79 58 74 46 78 8 54 83 42 12 33 18 13 56 61 100 37 53 65 65 30 48 49 69 10 55 48 27 24 25 98 88 5 89 7 26 51 73 60 33 31 12 54 41 45 19 100 22 23 83 45 80 45 85 15 56 57 99 70 61 51 97 5 95 87 57 95 18 81 78 62 64 21 57 35 28 45 64 1 77 73 53 17 18 78 83 3 42 55 65 58 69 97 11 64 25 60 93 52 42 16 71 8 91 85 9 86 76 32 2 23 96 13 81 23 29 23 83 46 5 76 53 23 12 22 84 37 9 85 30 47 70 16 7 17 60 73 37 48 97 57 65 42 52 47 47 49 8 58 70 3 91 21 24 94 88 32 78 17 35 14 38 24 36 14 57 19 48 98 46 7 75 16 54 10 80 24 84 44 13 46 64 13 55 59 60 81 35 100 2 26 6 77 41 96 45 51 35 70 31 10 84 75 30 23 2 94 71 93 49 40 44 3 99 63 10 57 10 44 89 5 47 94 62 87 95 72 98 30 76 13 18 33 53 62 18 80 22 92 50 20 72 14 63 34 46 86 15 87 78 80 52 30 93 87 32 28 63 71 98 15 78 86 51 47 1 70 49 58 8 25 95 55 5 41 67 29 96 14 41 1 42 38 33 17 52 55 62 24 61 64 96 93 14 28 94 36 23 47 52 61 12 61 7 88 92 13 15 67 96 97 93 12 4 65 90 24 54 64 53 69 68 90 19 82 49 37 69 89 15 93 42 63 92 20 62 88 30 9 53 45 28 71 84 45 38 76 91 55 48 1 39 19 31 25 23 35 27 58 76 76 69 37 77 24 76 43 1 65 15 98 52 79 79 7 9 7 13 84 39 90 58 68 76 90 86 12 34 92 10 92 80 87 70 39 3 10 9 14 7 23 21 95 71 57 70 90 66 4 75 21 1 34 61 85 27 34 90 3 60 67 39 48 34 37 94 21 83 100 33 2 96 54 50 16 99 13 33 5 45 50 24 71 14 16 33 91 95 7 35 76 93 8 81 55 70 79 43 75 52 95 31 20 66 81 95 63 90 36 39 88 55 50 83 89 40 23 10 98 76 10 5 79 90 89 65 32 7 86 21 27 5

8 45 38 15 39 8 75 60 62 19 27 25 89 60 12 11 31 35 24 12 28 17 51 10 7 71 4 12 43 71 9 28 9 48 33 57 1 18 3 13 87 13 57 27 30 3 20 27 1 22 64 72 1 2 10 23 66 57 38 79 2 19 26 77 46 21 1 1 15 22 1 3 51 23 1 61 45 14 10 6 49 7 59 57 23 6 26 26 7 10 21 9 45 67 23 1 18 27 3 42 17 9 35 72 5 77 2 10 36 19 23 43 7 23 48 46 10 35 4 49 26 70 57 27 39 15 57 16 16 70 73 47 7 16 21 43 38 4 18 17 67 93 3 48 68 47 25 57 28 39 47 72 63 12 6 69 60 9 13 76 46 24 16 47 12 22 54 31 3 67 8 83 13 11 51 49 18 43 49 74 69 42 22 22 36 53 65 34 18 45 93 31 30 45 22 15 89 59 17 6 28 44 89 15 14 32 31 44 54 65 71 15 10 12 69 3 55 26 11 44 75 44 38 24 55 8 16 66 17 36 43 30 45 16 36 6 18 57 65 34 36 23 54 73 5 11 14 19 21 13 10 65 9 41 60 37 70 24 39 99 2 13 46 58 21 36 48 46 50 51 27 19 33 22 8 51 66 13 24 52 5 4 24 68 13 19 15 67 65 8 34 34 72 15 29 16 67 29 73 44 14 16 56 52 2 56 50 47 23 82 63 36 18 2 13 12 24 7 91 16 41 5 63 77 47 4 57 20 10 43 36 12 50 13 41 8 88 21 22 20 26 34 8 9 17 38 71 17 34 1 3 15 7 24 40 66 74 2 54 67 17 55 6 66 46 47 11 6 19 7 57 10 44 1 27 33 23 24 86 62 68 4 17 24 18 14 63 19 4 25 83 66 64 13 20 35 11 2 3 24 78 16 37 25 48 11 19 16 70 26 32 35 29 10 2 6 22 48 60 1 48 4 63 72 70 30 25 65 25 13 39 13 15 35 5 64 6 69 40 11 6 18 15 6 11 11 7 57 63 6 59 15 82 25 45 85 7 56 1 65 55 5 43 22 5 11 74 64 6 61 59 78 18 66 3 17 16 70 3 26 97 33 7 57 57 46 16 25 35 3 17 11 3 25 38 74 24 33 28 50
16 94 96 92 64 49 84 61 91 53 79 28 97 69 35 79 35 96 53 31 42 45 86 85 48 100 74 96 71 82 34 29 56 80 54 69 13 73 82 78 89 33 76 65 91 93 48 56 27 47 78 84 36 98 12 25 71 59 40 82 21 70 56 86 66 47 78 2 28 50 3 13 94 45 72 69 63 46 65 71 99 68 73 96 85 13 34 83 46 43 88 63 57 73 95 96 69 49 88 81 59 12 40 94 29 88 28 92 54 29 76 48 98 57 84 97 68 74 52 95 79 78 77 74 45 77 88 45 74 76 95 50 52 39 24 51 78 50 76 46 82 94 89 50 100 75 36 78 80 71 70 73 70 93 94 90 69 49 54 78 64 62 65 68 36 71 60 32 71 90 34 98 29 100 89 99 47 70 67 74 83 83 57 46 89 86 73 68 51 51 100 49 96 80 33 45 94 97 63 18 61 78 96 58 81 76 36 69 82 78 72 51 62 23 94 60 100 76 34 65 89 98 60 41 56 16 44 90 81 49 77 73 56 36 77 28 53 60 71 44 98 65 80 90 75 18 34 70 100 96 39 95 52 58 93 44 88 29 42 100 90 99 75 98 60 56 49 86 52 80 88 41 100 92 30 65 97 27 26 94 43 54 34 85 34 55 44 99 66 97 70 41 92 40 79 74 99 34 88 95 43 91 59 74 74 70 52 94 63 96 90 71 58 3 53 94 94 66 98 50 95 98 76 96 75 73 68 85 25 100 37 20 62 71 63 83 97 25 62 90 66 92 71 47 56 46 90 92 34 80 9 35 60 93 84 78 98 29 88 97 71 78 14 87 71 90 54 79 70 90 80 97 78 36 94 67 94 82 99 68 88 12 31 95 30 86 64 25 73 75 100 85 68 29 80 80 96 34 24 86 85 93 71 93 66 74 94 67 88 76 97 93 70 65 15 37 52 89 85 16 54 8 91 87 83 82 97 74 28 63 92 16 16 90 57 94 59 80 96 42 28 55 91 35 100 65 31 73 99 71 93 93 86 53 54 93 25 65 9 79 68 16 60 77 94 18 88 94 40 78 60 93 71 98 4 90 20 79 95 64 98 74 33 65 95 83 82 80 81 96 47 61 18 77 49 81 46 59 39 80

49 54 20 13 89 25 47 45 92 35 59 67 84 88 100 86 78 50 34 77 12 39 55 51 42 11 33 19 13 55 66 73 43 52 94 91 59 39 4 53 35 97 7 91 2 22 45 100 96 97 58 3 82 15 85 57 9 88 72 97 76 78 71 71 18 32 98 75 35 83 82 78 62 74 48 52 32 63 13 64 38 34 50 2 78 22 8 49 92 9 94 57 86 3 18 81 39 91 8 81 16 33 44 66 67 88 38 68 50 20 55 81 31 9 59 79 94 96 2 35 84 99 3 10 85 68 73 31 81 56 61 5 12 17 84 42 77 18 94 98 13 48 92 52 49 84 34 39 16 67 14 79 11 2 70 3 40 62 11 13 39 78 81 53 49 74 64 87 47 52 6 78 51 7 12 74 64 2 84 39 13 93 13 91 12 39 32 93 9 10 72 73 9 16 46 34 67 5 98 71 70 65 100 98 27 90 83 67 29 17 4 12 44 48 51 60 46 26 5 41 65 26 83 48 99 98 39 65 62 83 1 18 100 27 82 66 89 75 67 28 3 89 77 37 79 11 96 37 57 83 47 49 10 45 51 18 96 69 86 95 84 3 10 99 69 22 18 5 8 31 51 62 16 28 73 56 27 91 37 11 46 19 49 32 16 30 44 53 13 79 80 91 85 70 75 6 51 25 41 93 95 27 30 50 3 32 67 98 56 49 68 16 71 100 50 84 82 84 2 78 64 86 43 31 22 13 10 21 53 52 76 59 21 44 45 10 80 72 30 23 96 62 11 53 18 15 100 68 37 85 42 69 70 69 97 64 44 19 45 86 64 59 40 6 21 25 40 63 71 19 24 85 77 61 6 48 78 4 16 92 48 33 59 99 49 51 6 34 2 12 69 11 69 75 34 46 1 74 34 30 54 66 88 28 60 68 49 83 31 97 12 45 93 21 19 39 70 23 6 73 90 5 98 61 100 74 86 64 76 10 87 73 67 73 35 11 26 4 27 74 52 33 22 88 89 48 18 84 27 43 52 75 48 85 94 34 46 59 4 85 16 47 67 1 6 97 73 59 83 82 29 8 7 54 89 63 82 7 51 29 83 73 3 96 76 34 9 69 86 90 70 44 4 7 1 89 27 38 72 60

5716 6908 1702 2872 137 245 3422 587 920 211 755 2220 397 2082 460 201 7197 1058 216 7003 783 689 156 900 2883 527 1245 418 7927 740 567 286 6462 588 695 90 1009 1762 2325 101 7010 727 1987 1808 1506 2438 4337 1751 59 4112 834 87 187 6947 1962 471 3456 3384 961 105 2393 671 780 1142 2078 1858 1048 478 373 2718 3098 1413 3976 93 646 4337 570 485 4867 3079 1709 924 7859 5781 2369 5281 637 797 167 397 8491 1465 2408 6228 1788 1910 6048 227 4489 7002 193 584 649 1116 2579 2699 1485 1221 196 1048 2308 379 6244 4143 624 951 5099 809 551 3705 4095 996 1441 463 300 1462 579 294 2345 437 438 2710 3784 5301 7872 1882 1875 2378 1800 1555 162 1323 5922 2031 995 508 455 8182 1520 3773 2466 131 1552 397 297 9705 970 745 288 1326 132 139 313 469 391 1241 1641 711 1722 257 309 936 620 1262 3812 1260 1260 2077 1706 1432 316 1052 3362 1878 1548 2833 1381 3203 122 1194 780 2789 967 4453 8660 1148 2380 1417 2587 446 2490 2211 1495 8850 660 1911 5881 4525 503 2342 928 1655 2377 1763 3927 362 795 3952 694 1685 4352 321 3197 3945 516 763 570 1206 6835 245 2098 555 417 3389 410 3644 348 1250 607 211 8351 988 410 708 650 1068 2435 121 2834 2384 284 804 2618 2735 4557 2402 271 7303 1469 161 1798 400 5689 1181 1547 2422 1552 2905 1101 349 2665 666 156 4258 280 1303 535 269 4547 6565 287 2465 563 1049 3912 1616 1737 335 236 5707 152 66 662 959 1854 3831 28 761 233 2299 6308 2794 700 2609 976 686 1884 2123 520 2121 1666 1696 485 794 4067 3252 2628 899 762 1630 445 60 3828 812 2705 2002 965 546 4464 320 1853 2864 5763 2440 2600 2524 2190 860 957 1402 2874 1543 544 7082 613 425 353 128 5714 3565 1169 1325 572 2158 1103 171 1871 3019 1644 1491 8352 1804 1014 1269 564 2030 721 1971 1284 714 3686 2650 802 1469 638 5412 7953 3362 751 2045 569 2550 3142 223 390 4954 440 5251 1064 3891 1639 773 2313 2258 237 1148 1675 1314 6608 1382 2880 397 601 254 2081 97 679 338 5066 1870 9193 6514 952 866 3751 99 714 2149 2940 745 1871 1991 1427 862 1825 3587 8934 527 442 1893 4214 877 1644 1070 274 315 957 5342 696 756 7886 743 581 1705 1803 6236 114 2119 4342 1158 996 3449 2264 4066 1400 545 1348 1144 1969 172 1082 3112 959 358 133 3948 1256 1099 1231 1265 699 521 1884 160 719 1399 3602 942 1286 322 113 1002 1035 831 811 1815 3042 1636 740 1424 1499 1458 2498 914 325 4052 1437 1217 978 2746
7478 7971 2362 4714 1830 254 3520 1174 1994 3707 4798 4177 2896 3667 1660 720 7533 2266 2242 7133 964 1675 1595 2514 2923 2206 1583 755 9339 1541 825 2336 9800 4337 4426 1845 3805 2475 3461 2135 7116 4112 2129 2409 1518 3816 8843 1901 1501 7442 4052 1814 2037 7394 2026 2324 4573 3699 2178 3289 4183 831 3795 1330 3399 3821 5028 4595 588 3609 4687 2533 5537 1118 836 4721 1324 1998 7616 3419 3102 8924 9226 7629 4772 6060 4381 1548 2210 3349 9761 2202 9048 8714 2494 1998 6406 1861 6452 8390 1695 1265 4479 1322 4422 3956 2285 2497 1492 2356 2394 4987 9687 4290 2575 2347 5586 5941 3015 5051 8561 1700 3167 4971 753 2580 920 7209 4170 1052 703 2895 7972 7061 8514 3195 3111 4516 6653 4139 2351 2185 9045 2689 1870 1476 5903 8736 2017 3874 7558 2080 7238 498 1574 9944 2476 1569 2339 2796 664 2205 2055 1143 7695 2565 8878 2449 1937 410 1893 4724 1506 3964 6804 5048 4147 3918 3575 4952 1149 1206 4203 4476 2525 3960 1715 6158 1567 1747 889 6103 1740 5532 8758 2194 4401 1670 6735 2057 3215 8205 2060 9762 1430 2191 9483 8037 2506 4964 2318 8118 3457 2119 4613 2199 2285 5858 3085 1689 9576 1745 4221 8845 1493 979 4998 1335 9747 5299 2353 5032 2575 5401 865 5682 1706 2003 2385 1390 9477 5152 4256 2162 2146 1675 3676 3263 3444 6300 2504 9018 4607 3568 5490 4757 1600 7777 1755 2821 2662 622 7012 2451 4845 3790 2856 5844 1940 982 4100 1713 896 4967 2059 2588 2243 766 7463 9044 926 3317 1890 3874 6095 1794 4367 1283 1417 8104 9161 1952 2497 6029 1988 8376 1831 1319 2950 3726 8074 4082 3282 5397 2070 2343 2382 3109 1451 8937 10035 6898 764 1646 7100 6376 4346 1319 2153 1974 1303 1825 8973 1656 5150 7036 1410 1580 4846 1453 2044 2961 8500 2956 4884 4159 2550 4716 5579 1806 6674 5730 913 7427 4318 6583 1395 4497 6010 5546 1445 4860 4513 2363 4948 1212 7270 4141 3579 1516 8899 2871 1055 2244 2026 2518 1016 2439 1726 7141 4579 4720 4338 2352 2326 5626 8840 4279 1546 2061 8867 3551 4966 4396 2013 9424 4110 6450 1268 4149 2275 1462 3506 3274 1880 2967 2990 1485 6801 5175 9466 3917 2544 2063 3953 1440 1134 2276 5206 3428 9379 7156 2402 1069 4720 624 4784 8791 4418 3494 1992 3677 1710 2407 2166 4307 9912 1089 1703 1992 5807 2648 1832 7360 685 9023 2656 6068 1003 3566 8037 2641 1391 4567 6465 9542 2037 2275 4504 1639 1685 4706 3761 4866 1733 1853 9327 2755 2511 2308 4221 5015 2343 635 655 4329 4871 3150 4169 2039 1364 4898 5350 2333 2234 3952 4689 8753 2230 4592 1393 2149 4769 4749 8215 7522 4109 4073 2488 4966 1705 8999 9416 6295 1794 4203 3177 1609 1430 5216

1502 183 889 1555 117 208 2620 89 766 54 430 430 194 232 432 76 7168 295 136 1113 688 335 29 703 2630 289 98 25 7820 372 125 85 74 273 260 36 233 661 2064 94 3391 650 386 105 983 1713 2366 306 22 3056 605 86 172 1169 472 60 746 3085 337 7 926 87 650 940 829 229 1028 394 231 73 1778 566 3175 48 521 1692 532 42 2877 2570 239 879 6373 5458 2286 2452 454 691 124 75 1686 638 2113 4971 400 229 5776 13 2705 1513 163 87 434 979 2491 2459 509 1016 128 803 2164 155 2250 3896 176 801 2957 111 348 2826 2575 148 1087 146 62 1282 511 208 958 20 3 1481 1323 3511 5322 35 1283 227 583 1106 108 1270 152 1396 179 171 95 636 481 1 1965 28 1457 201 16 6642 623 163 200 12 23 64 138 72 183 779 1326 275 726 157 304 220 410 585 1850 553 224 339 1516 739 172 426 2115 793 750 1693 174 3163 121 978 619 912 127 1704 2847 178 1522 904 2200 322 2454 2100 1031 831 388 1238 4588 2823 117 1958 910 315 827 551 612 179 591 2195 201 638 2958 215 1968 2739 29 473 17 940 2009 98 2033 428 303 3209 238 543 319 958 513 78 3318 716 333 668 101 5 1559 118 2144 749 44 242 2576 202 216 853 109 6137 396 3 65 281 2451 235 981 23 310 843 392 136 708 160 116 721 162 810 463 79 4417 6350 12 66 556 662 3202 1405 453 108 132 4005 109 49 643 548 1704 1150 23 137 187 32 5376 1688 67 983 8 589 826 619 66 335 522 1269 328 389 363 422 748 675 272 490 428 50 2074 782 2181 1305 593 142 2778 319 1118 438 3996 78 477 1933 1697 697 832 899 139 112 453 345 588 354 314 76 1529 2226 478 1134 516 93 733 170 1225 624 502 1457 2245 1260 430 611 459 746 102 1667 1109 380 1982 76 300 624 456 2301 6316 2304 359 27 366 1853 2665 162 280 2944 92 5235 946 409 784 590 1732 919 88 674 497 1005 552 1034 2709 111 412 158 1204 65 619 143 4690 1791 1667 5834 187 269 1214 38 233 2090 1904 306 629 445 1114 795 74 375 6559 431 150 1571 893 480 326 832 178 79 648 3067 426 422 2048 648 485 881 1084 2799 98 119 574 229 92 2298 2237 1849 1057 433 151 1121 1252 148 409 2427 706 321 41 3890 351 680 672 143 471 129 923 73 373 44 1489 547 282 15 7 102 539 501 760 754 191 1261 94 1132 430 730 587 27 206 3870 574 381 866 1824
