500 2 1
44 86 30 28 31 88 60 96 11 86 29 99 75 54 8 100 4 97 63 19 34 54 48 51 33 38 54 78 93 82 90 13 16 15 16 41 6 4 81 80 65 77 43 57 10 79 30 5 83 15 37 70 1 22 99 46 39 84 94 56 80 70 8 5 42 34 55 20 94 15 56 64 92 61 27 97 37 69 79 59 66 98 58 85 73 41 100 44 33 66 70 58 90 86 54 61 14 14 27 27 10 73 40 34 46 16 96 24 95 31 92 91 3 65 18 92 14 60 27 12 25 94 51 25 50 30 48 60 1 38 30 40 82 42 32 95 17 51 9 40 97 57 39 48 12 96 83 90 52 95 44 87 46 91 45 72 26 45 33 86 5 7 64 56 54 2 22 59 80 30 77 94 72 31 41 97 18 39 94 16 31 91 99 58 57 84 86 53 68 90 58 88 73 97 99 15 26 84 67 7 79 15 100 90 72 89 8 2 21 34 26 34 41 33 42 68 52 86 23 34 34 41 92 65 5 44 40 7 19 81 89 27 49 94 76 62 90 71 16 74 64 81 48 69 10 38 30 58 29 37 96 79 10 64 3 61 54 49 80 17 5 58 85 48 70 53 9 27 55 13 30 91 55 13 35 67 86 35 16 62 5 100 3 33 71 31 43 39 49 99 55 49 93 10 10 47 39 15 41 78 7 26 70 12 72 17 74 3 31 35 62 48 96 19 51 99 80 32 51 36 4 96 38 93 50 87 71 53 49 83 3 80 11 46 41 16 34 27 93 92 78 56 58 60 87 46 30 27 9 90 17 42 4 11 31 33 35 36 62 14 39 21 9 70 20 30 53 59 42 64 83 33 79 58 86 97 18 82 86 29 9 12 94 28 16 12 52 58 20 97 37 57 10 70 56 6 32 9 29 19 43 68 7 51 70 13 53 80 19 72 22 81 1 5 88 7 12 27 51 43 54 64 83 23 39 8 71 7 14 88 58 70 50 60 9 76 50 3 50 14 34 63 97 37 50 8 58 42 97 61 94 62 100 21 72 83 22 70 31 89 12 42 73 31 57 59 79 56 69 15 89 21 35 29 55 79 24 72 67 63 50 87 76 84 76 34 29 100 71 83 54 12 68 70 86 76 68 51 49 66

9 1 97 75 21 45 32 26 33 36 7 64 54 11 48 9 16 14 33 20 50 52 34 39 28 58 65 24 33 34 22 64 9 21 3 36 27 17 62 16 33 4 45 8 20 22 49 48 85 49 79 33 46 45 88 50 39 78 34 33 29 74 37 20 34 52 37 31 21 58 4 19 12 49 40 38 2 54 19 60 2 19 6 29 25 51 38 3 33 47 54 13 18 33 38 42 40 44 27 51 17 36 41 17 64 42 17 7 2 23 42 65 20 96 20 23 6 82 76 4 93 33 49 50 35 74 2 20 25 86 38 79 13 48 21 27 8 54 25 30 27 36 28 28 25 19 66 6 41 62 4 3 60 7 57 8 71 50 40 22 28 90 8 45 4 80 49 3 48 3 41 17 11 70 56 51 63 76 46 69 79 19 17 41 48 16 50 6 9 10 8 58 12 31 41 28 67 76 41 46 49 89 50 16 5 42 22 5 22 21 17 74 12 25 45 45 4 22 52 34 44 35 7 18 75 42 35 59 69 13 7 11 83 28 61 35 59 33 11 11 5 5 3 37 28 55 56 34 13 5 12 45 58 71 12 42 31 67 30 76 34 24 11 43 67 8 68 4 31 17 60 23 34 71 19 36 45 6 16 44 78 39 49 17 43 4 40 37 68 11 46 49 78 6 13 11 57 38 40 3 36 7 60 3 61 13 4 10 19 53 43 8 4 43 9 71 10 24 84 69 72 1 49 39 10 7 27 57 4 82 21 34 20 38 17 30 24 61 8 24 27 46 16 79 36 16 16 4 42 39 64 77 82 22 18 58 7 17 13 71 76 34 9 35 12 20 27 6 28 45 8 20 11 13 77 45 33 31 8 14 39 30 12 49 14 57 88 15 35 14 41 70 33 28 50 2 9 39 6 2 54 26 26 47 46 7 67 18 21 6 69 37 3 43 26 24 45 43 42 12 80 21 22 21 46 33 58 39 3 41 82 35 36 13 27 13 36 29 13 47 8 22 14 44 62 74 7 1 14 54 70 63 9 10 11 25 56 19 46 47 39 12 2 38 16 67 16 49 25 44 51 60 28 58 60 25 47 52 60 29 23 45 21 49 13 15 7 96 17 13 2 16 65 78 16 32 8 31 37 70
77 90 100 80 58 72 78 77 100 55 73 88 80 50 95 45 47 22 57 84 96 77 93 44 81 75 73 56 88 49 25 78 17 92 81 68 41 72 74 19 43 96 85 43 56 71 61 98 91 56 90 56 85 56 95 65 51 100 68 71 74 98 65 69 49 93 76 81 66 91 22 46 48 82 60 43 12 94 66 67 73 75 11 94 50 63 63 72 86 78 87 93 92 93 67 62 56 46 92 80 98 74 73 33 89 84 53 49 56 58 53 98 37 100 54 84 58 93 94 34 97 34 67 91 76 85 49 87 34 96 44 99 55 96 35 63 30 76 84 57 89 59 33 68 27 24 68 46 65 66 83 11 97 33 84 33 80 93 87 42 75 99 72 69 47 96 94 6 82 17 98 71 43 86 83 65 69 79 92 76 98 32 27 87 84 84 99 67 18 88 88 70 83 97 94 58 94 87 54 100 76 90 79 71 21 85 84 98 94 33 95 78 30 28 55 90 5 44 69 89 98 78 24 36 100 55 66 86 74 37 59 28 95 90 93 69 97 49 98 35 43 41 36 83 95 86 85 44 69 38 82 96 62 92 32 57 68 82 34 83 50 65 82 78 94 51 79 86 66 55 93 80 34 79 28 77 65 32 29 76 100 82 81 40 71 16 86 59 78 80 89 57 100 97 90 21 91 85 62 86 75 76 82 23 78 50 95 63 43 76 73 10 88 90 66 87 70 44 89 81 100 18 91 80 34 65 87 73 11 86 92 79 61 85 40 86 42 85 22 89 85 81 56 83 100 66 98 13 96 97 94 86 98 79 27 73 20 77 19 99 97 66 32 96 90 45 35 56 60 95 74 75 91 36 100 91 80 67 93 15 79 85 81 68 45 70 97 85 92 41 48 86 52 60 66 39 26 56 52 34 62 62 54 55 64 57 74 91 70 77 88 42 19 78 33 83 84 48 69 18 94 54 62 80 62 66 86 78 32 82 86 61 44 45 34 79 90 67 59 74 73 41 85 74 89 86 23 86 79 70 90 80 100 88 39 61 73 88 99 57 47 78 8 59 91 79 52 78 68 55 60 100 50 97 91 47 53 98 97 31 45 82 48 66 67 57 75 97 92 58 21 84 86 88 45 54 39 31 41 82

19 4 90 81 35 95 24 52 64 22 72 64 100 52 63 83 71 50 71 96 53 76 47 26 78 67 29 5 9 30 63 3 30 57 12 51 84 81 69 97 34 35 7 87 77 84 89 17 47 8 66 35 96 24 81 23 49 20 15 60 52 80 52 29 3 84 3 88 76 75 88 1 8 74 100 36 59 14 77 72 18 68 42 1 27 78 10 62 45 86 75 54 25 11 93 11 41 80 100 85 78 31 54 22 52 41 42 95 89 36 47 88 88 74 76 39 75 34 7 46 53 70 66 40 14 33 51 9 89 84 32 9 43 59 32 62 48 54 16 30 65 51 64 10 26 93 49 80 65 77 16 66 46 15 80 39 4 61 27 52 40 72 87 57 70 94 80 43 77 22 32 76 13 61 74 82 79 99 34 30 20 54 60 77 18 95 26 31 9 25 31 69 95 40 67 76 48 47 14 29 61 50 58 34 91 40 83 26 95 38 90 68 21 86 13 18 98 57 30 28 17 92 100 53 4 96 91 72 65 94 24 61 14 26 24 26 45 26 62 89 37 18 4 39 61 79 90 18 74 26 46 75 7 56 71 25 8 71 97 39 68 63 67 14 86 9 68 90 6 92 77 11 88 52 24 97 87 77 57 58 63 30 25 70 35 5 91 79 46 99 70 43 91 20 54 13 80 61 51 47 74 54 19 92 55 10 9 59 36 15 9 70 44 90 10 49 49 22 2 14 11 45 27 29 98 59 62 54 100 17 82 44 19 82 91 72 37 8 63 72 34 81 28 87 4 36 30 25 56 3 97 75 24 41 93 56 87 6 26 83 61 5 14 57 7 67 69 89 19 27 49 13 73 24 85 83 54 17 79 22 54 14 65 51 27 27 81 69 29 56 16 98 47 57 62 35 95 28 13 83 81 26 85 6 88 48 2 11 51 13 65 59 1 25 71 86 25 71 95 76 53 70 82 94 9 92 82 3 15 99 25 17 86 84 7 38 62 6 87 3 15 28 62 79 51 67 91 14 99 53 48 32 35 80 80 70 6 54 77 36 9 97 55 22 18 66 20 35 99 100 87 91 48 34 69 65 12 39 40 41 47 98 26 10 19 44 11 57 57 6 38 6 86 89 66 95 17 50 73 57

487 917 507 1091 358 793 3488 1530 1110 950 628 1109 1578 7716 698 105 489 3487 1611 1467 1256 2858 802 1555 107 2059 1239 3117 3392 242 1255 222 1571 74 29 510 562 579 1238 1897 680 2973 834 101 3436 111 1851 313 4188 1058 3415 93 5642 893 1359 1350 1517 1182 729 972 2295 2508 2212 3692 1360 2911 778 1758 593 1542 5177 1247 605 4095 327 2092 2574 2282 3446 692 7651 1317 247 266 1969 1576 1232 2855 2086 705 754 3866 690 5657 1869 1159 1873 628 78 604 534 4682 2414 1449 1848 1676 187 2543 1357 2785 5309 2047 870 344 1168 336 447 1948 567 575 2193 682 1963 3445 1930 906 6702 815 86 1651 1435 80 1045 1336 2572 1331 1218 1582 3095 494 3857 2585 662 4139 1159 3820 2940 3386 772 622 1712 1778 160 3627 1058 4312 740 219 1096 2313 2547 5180 3154 1429 124 2723 688 717 754 3543 4962 4743 1608 1220 3035 2318 1166 792 239 1070 1748 1288 2675 149 2912 6113 2508 484 2905 442 505 586 2347 239 1933 233 9229 3209 901 1795 1560 4204 5183 4075 4337 518 712 751 267 1950 2474 65 1712 699 2085 3984 150 883 976 1143 1363 2039 1940 2274 1045 700 1527 3639 3873 1912 815 1790 639 872 3785 188 257 2962 416 248 1389 1473 456 1607 1693 1702 6261 908 1258 1486 786 614 1756 5300 2384 8894 8066 1150 296 1863 2088 1531 2729 639 226 6432 203 3191 424 3658 1137 1935 773 2947 3298 1174 583 2274 186 474 360 162 216 4907 3583 140 1674 559 901 2000 1231 6588 1422 1433 1217 155 312 1881 1484 626 255 166 600 1449 2410 134 1486 1667 395 819 1720 219 933 2727 1649 575 940 293 3208 1689 1100 4612 247 534 661 1226 663 363 148 3245 573 5049 2665 859 959 469 8252 36 2183 5054 214 261 1565 2654 1766 959 2384 544 79 4201 2574 729 3909 98 1207 1611 1705 653 1782 440 523 3150 3564 1436 706 874 1502 1196 557 1475 358 1844 2627 1154 1126 885 1224 619 1168 275 287 4115 9017 2772 5193 234 98 1620 792 1703 2001 554 499 1254 1756 2594 6544 1739 1435 1818 2453 8814 684 2820 939 1395 3244 1407 2940 607 3835 1472 834 1072 7237 19 4886 355 2440 4668 1807 5835 369 4240 131 812 1301 2667 3286 1853 2004 471 312 347 3714 1064 283 5727 456 1388 59 1311 1211 1573 694 1841 93 1064 4828 779 246 5249 4738 394 282 493 815 4402 7769 3676 152 5740 2560 367 1026 305 4334 415 7032 2758 522 1787 3811 1645 1369 4838 3082 1760 2997 5507 1313 1891 3344 4342 1713 592 1831 1430 912 2113 3496 1834 1940 1026 1771 263 157 99 7346 2004
1334 2910 1885 3241 1497 8630 4325 3631 2511 2822 1768 1224 2186 9120 4287 5003 915 5534 3263 2019 1495 4450 1068 3021 4277 2372 3917 3523 4747 2149 2520 1311 1808 118 811 777 1037 936 1478 5783 4761 4729 1356 2514 5528 5902 1961 6752 7406 1279 8670 2057 9075 1906 4028 1514 1752 2647 1423 3980 2531 3120 3155 6779 3856 3731 1039 5148 1495 3360 9741 2351 6284 4534 6857 4530 7556 4050 7627 1767 8498 1641 4123 524 2734 1917 1486 3534 4132 1373 1769 4579 1621 6584 2390 1177 4492 4888 5710 2241 1947 7768 2441 1859 1929 2287 2514 4339 4184 4650 9032 2318 1716 2335 2831 2371 3697 4057 1646 918 4967 1744 2273 8508 9526 3709 9628 970 1716 1995 4667 6817 1396 2814 6806 1488 2397 2172 4371 2165 4090 3143 1858 7630 2101 6394 7786 4837 2079 679 6391 4207 2562 9389 1809 5770 855 1909 6970 2545 3932 8657 4397 2195 9667 3592 2473 3632 1280 8887 8657 9133 2406 1895 8942 3130 7470 4640 1842 1936 9739 1596 8918 1238 8880 6713 7532 1664 3660 1360 1810 2282 4773 1370 2057 3116 9676 4868 5328 2320 1795 5875 5210 8939 7289 1291 2213 2303 2362 2451 4856 681 4939 878 2682 4283 1653 1288 4809 8986 1776 2404 2065 5146 1688 2383 1963 4297 5450 2148 2281 1875 9327 1915 3876 467 3026 6391 2158 1856 2700 8781 8681 3786 3255 2119 7691 4785 6025 2309 2009 1949 3513 8594 8449 9210 9730 1544 427 3917 2191 3669 3012 2558 4378 6501 2802 8963 983 3894 2042 2444 2369 3308 9640 1782 664 2830 311 5552 1631 4189 1979 5015 5496 3319 4557 838 1987 4733 1637 7291 4162 1997 1744 2581 1749 2386 1713 1157 2364 1904 1533 1492 4197 1991 1534 2472 4607 1110 2382 958 2997 8516 3718 2357 7260 9181 4939 1860 2196 6480 1972 7718 3628 4187 2951 4238 718 9927 598 6384 3957 2278 2006 7626 9029 7091 3166 7864 4224 3740 4322 4699 2071 6571 3916 653 172 4536 2769 4849 5522 536 3461 4997 3109 2235 1845 9779 1813 8706 5640 3727 1137 2891 1593 1850 774 2841 4026 2655 7340 4317 3025 1412 1347 8638 2198 1149 624 5355 9161 5510 6731 4707 1301 1678 3669 2067 2367 654 4620 2013 2208 3638 8365 8082 1541 4663 2987 9280 4221 3967 1228 2091 3497 1665 4036 1461 4883 2429 9957 2064 9385 1933 4998 4158 5352 10001 2425 6247 4383 4354 2348 2126 8306 4326 4523 2027 2064 1741 2120 2154 3826 3645 743 6381 1567 1993 441 1312 3980 1699 963 2982 1677 2144 4920 862 520 7556 5904 6279 5075 2055 1174 4523 8838 4465 1473 9710 4549 4402 4266 1738 9703 2201 7292 8914 2807 1936 4835 2909 1710 8908 3698 6173 5440 10060 3783 5690 4451 4786 2309 2701 1936 1851 5131 3904 4076 2380 1940 3904 3341 2901 4851 577 8846 2698

331 306 230 683 4 333 2827 880 881 533 61 200 386 1340 224 10 318 1849 1361 456 128 2095 128 1532 90 1287 1037 741 3207 201 497 39 780 43 5 363 215 383 792 157 472 1719 109 12 222 28 368 63 4084 459 436 39 144 412 536 1330 1112 407 234 145 1865 607 2090 3251 127 1756 176 1077 290 380 1252 502 121 3012 234 1873 1584 1248 566 462 3504 877 134 244 1413 47 1111 2094 1133 7 85 397 180 3600 841 1136 595 584 64 578 420 88 53 854 1842 913 46 1487 912 2458 4294 715 424 255 327 218 248 1121 102 156 485 405 242 2589 1505 440 4457 126 1 1067 595 36 109 661 1145 750 841 584 263 210 1767 1692 404 3604 520 538 108 1167 89 508 1131 685 81 3039 643 4278 84 35 327 554 1907 2724 2883 630 96 1350 83 535 90 590 694 2168 18 1015 647 889 260 626 138 184 576 730 2527 30 1809 1894 2251 140 700 251 118 244 1695 48 1850 167 4570 2849 707 705 1169 2772 3547 3950 1308 355 317 638 155 104 1427 18 1050 640 1576 131 81 123 375 300 404 2023 843 1021 636 106 537 1591 413 956 167 1299 517 234 1393 131 43 2895 233 156 782 867 156 194 1313 1071 4265 204 237 687 560 25 1464 4552 622 334 6431 1011 120 1717 182 573 325 211 7 3525 147 952 245 3249 345 342 523 2747 272 491 215 918 65 182 318 112 125 2923 3031 10 1127 23 588 1593 1144 4533 211 912 843 19 289 697 312 106 225 50 304 737 1214 26 1062 1078 136 191 1431 34 529 2420 691 138 557 204 3130 492 542 2156 153 365 422 1203 170 16 119 1518 195 2186 723 222 949 414 7413 8 2025 634 89 47 1223 812 1657 415 1814 162 29 1592 540 109 1564 25 1128 684 1304 153 356 256 148 1789 3415 8 198 218 16 1189 229 472 338 1841 467 127 918 26 1047 156 576 39 168 4083 619 854 4659 7 73 343 252 398 314 388 318 750 1716 2382 6060 1039 603 1271 339 2172 25 2405 153 1231 448 122 1145 428 2332 207 450 711 5807 6 2760 177 901 360 1584 340 114 3986 125 93 598 2603 2149 1850 891 329 151 37 587 865 279 5257 28 1026 56 278 724 857 547 605 52 469 4079 126 188 4567 2464 210 96 199 13 550 7167 824 133 3240 2309 6 78 304 3467 365 6671 2606 457 493 1517 1494 900 1523 2224 46 1321 3687 611 1841 73 3817 841 428 880 935 377 1799 2919 1217 1031 147 1191 62 46 82 2917 407
