500 2 1
47 36 37 22 57 76 67 88 92 95 79 50 19 83 44 24 25 4 8 75 10 17 35 14 24 23 95 16 88 91 25 57 3 56 29 34 40 28 92 35 16 67 90 35 44 69 13 27 8 85 62 81 10 47 100 84 84 59 46 63 51 55 55 31 51 26 100 34 23 92 68 74 76 4 40 51 32 5 32 47 73 43 15 39 40 66 36 45 58 13 49 20 53 43 70 70 50 11 67 71 76 78 11 66 16 65 76 71 95 7 62 33 42 10 44 75 7 53 30 13 16 99 56 9 69 59 29 77 56 35 36 71 13 55 43 83 93 55 33 51 47 25 79 48 65 45 9 49 47 67 45 75 72 88 58 44 89 95 22 87 30 64 2 81 55 40 54 77 50 36 62 17 59 42 12 1 60 63 80 14 64 43 66 75 30 77 71 48 22 17 82 56 75 73 58 29 16 84 17 58 3 69 24 50 48 4 75 55 78 89 81 90 5 7 9 94 98 95 82 69 46 14 61 53 65 41 34 74 68 85 59 46 47 68 56 92 37 55 61 15 94 18 53 57 26 70 7 30 20 66 81 47 19 78 5 57 23 36 30 82 15 100 27 79 83 70 58 45 72 62 6 15 76 38 66 8 65 74 66 60 60 33 32 92 86 13 80 50 70 70 56 30 100 51 78 5 4 19 70 27 95 64 95 74 25 18 22 92 26 89 94 30 5 70 64 90 17 75 27 3 27 36 64 100 25 28 57 92 70 42 25 25 13 42 21 85 68 1 38 95 61 52 72 38 27 71 16 87 54 93 50 98 36 84 50 43 37 63 30 87 6 15 66 19 26 6 14 15 14 74 67 100 13 8 17 6 83 20 12 50 56 97 56 7 12 94 11 71 91 59 71 88 17 74 46 13 51 2 25 45 2 81 40 44 4 53 5 69 82 80 25 18 28 80 70 25 7 23 64 37 20 39 47 20 12 98 62 3 5 3 98 11 93 11 74 67 60 56 63 44 81 89 13 17 89 95 95 17 72 62 53 4 88 82 80 53 19 71 64 100 72 8 32 31 77 14 39 93 6 61 28 37 56 95 40 13 96 7 76 35 87 17 72 39 21 11 66 50 16 74 92 49 13 100 42 99 60 13 96 21

9 31 90 44 65 26 61 64 9 38 3 87 15 88 41 19 24 59 39 72 21 39 2 60 23 14 2 83 12 14 25 53 1 56 1 50 49 13 60 2 40 12 27 12 16 33 80 16 21 18 33 29 11 6 36 30 2 25 48 1 16 23 28 53 12 28 9 26 3 27 21 15 81 20 36 23 9 18 65 50 15 31 83 57 25 31 16 69 15 53 78 33 52 81 65 36 41 39 14 26 32 26 24 2 44 14 12 52 17 17 2 10 63 16 25 37 23 50 27 28 12 37 53 22 25 61 44 32 18 25 8 11 4 51 59 24 41 73 65 3 13 70 34 86 15 23 44 40 7 26 18 24 75 20 45 98 4 75 33 37 35 46 34 17 44 58 49 34 60 2 2 7 71 3 19 84 14 26 9 18 29 14 23 4 2 25 97 9 7 13 21 38 6 15 10 46 17 12 26 2 64 50 25 37 50 3 22 19 75 8 63 2 43 15 18 76 8 12 9 62 54 19 3 3 64 7 79 64 13 87 91 17 21 29 1 64 61 4 41 3 31 22 44 29 70 15 43 64 18 21 10 59 63 16 49 21 68 36 26 44 1 22 31 73 8 43 40 13 41 92 43 38 9 61 81 11 24 70 77 78 16 2 2 47 70 51 4 43 21 68 9 67 53 37 7 12 7 57 72 9 27 63 33 19 18 19 15 57 31 44 21 18 72 34 22 48 74 33 11 7 73 15 34 46 50 19 11 24 58 16 63 26 49 71 28 3 46 1 13 49 32 75 8 93 13 31 45 7 17 58 7 29 66 24 43 13 3 16 22 57 27 7 17 55 42 44 71 9 27 30 21 28 71 29 43 27 4 27 34 40 21 35 44 18 12 15 4 82 73 67 63 3 40 40 61 13 9 11 43 60 47 25 30 33 37 14 10 41 12 16 48 17 69 1 52 64 11 12 41 73 2 46 1 13 17 3 23 2 22 50 3 30 41 32 25 10 26 31 16 15 2 34 8 28 37 35 18 77 32 81 32 39 25 19 51 70 37 23 41 13 22 10 11 4 12 6 73 22 17 10 72 29 24 45 5 12 15 28 3 55 14 12 47 50 41 18 1 64 41 60 46 3 25 34 37 40 5 3 96 27
18 71 91 46 88 28 98 91 88 91 90 94 72 95 88 33 33 92 87 89 62 96 70 88 89 82 43 85 33 99 88 94 75 75 77 91 98 85 68 75 81 30 79 13 84 64 94 98 77 33 34 57 80 39 100 92 57 57 100 65 25 56 94 56 70 83 13 49 67 92 73 54 94 64 69 93 17 89 81 54 61 33 88 83 45 80 65 91 98 80 98 43 94 89 97 57 87 90 29 75 59 68 88 49 82 39 63 53 85 86 31 93 99 36 44 50 35 80 89 73 94 76 65 78 72 71 95 77 42 76 44 30 13 66 59 45 72 98 90 84 90 91 95 99 85 82 84 57 39 39 50 93 93 90 83 100 5 82 81 58 36 93 72 87 87 63 93 51 100 5 67 55 96 8 82 85 43 70 64 91 33 75 57 31 66 26 99 74 41 24 27 73 63 68 28 100 90 54 27 60 94 79 39 85 94 12 59 90 95 61 86 34 64 36 27 97 66 42 84 75 77 92 92 75 70 31 93 93 58 100 96 89 96 79 91 78 99 22 68 76 82 42 58 76 74 67 84 99 75 23 51 69 75 92 67 53 96 47 60 89 69 48 96 99 39 77 73 91 77 96 45 48 86 61 85 90 29 94 79 88 40 76 52 90 91 69 42 50 54 97 65 73 68 55 65 25 97 60 89 59 82 74 49 67 97 60 52 67 68 47 81 57 82 54 97 55 78 69 70 24 85 45 66 82 60 69 62 95 93 97 71 36 98 85 37 75 55 82 82 85 89 79 87 94 99 33 94 11 47 73 86 68 73 68 58 27 5 43 37 78 90 99 89 84 78 90 96 55 32 68 91 82 81 89 67 93 66 55 63 75 48 88 81 68 53 41 86 83 86 89 73 64 46 47 86 62 97 47 82 72 51 53 45 92 54 28 74 96 40 65 63 29 95 36 87 67 30 24 90 93 96 49 18 98 87 97 85 94 40 98 40 78 84 32 91 47 97 49 29 25 85 87 63 30 76 65 73 93 88 89 50 69 30 89 95 79 52 47 75 56 90 61 80 66 72 74 76 68 30 76 80 82 99 46 64 59 91 48 37 67 50 63 95 90 84 53 17 94 58 66 76 77 96 83 67 83 72 95 96 86

30 8 62 48 29 54 85 38 42 39 92 63 38 38 13 95 72 43 74 10 57 77 69 76 32 86 28 75 98 47 8 70 31 46 4 94 92 59 24 38 16 18 23 63 71 48 69 42 73 10 54 21 48 63 55 72 60 88 10 24 13 85 34 74 6 13 59 82 80 41 3 5 61 30 64 56 53 95 23 97 23 41 12 30 2 48 64 82 54 82 76 87 71 1 41 14 41 38 66 29 16 42 76 66 20 9 71 23 85 44 34 26 53 61 39 68 89 30 77 88 58 59 43 70 61 90 92 81 28 70 50 6 80 58 46 96 30 45 18 9 29 45 38 19 29 5 51 79 74 2 100 15 49 23 67 33 26 42 4 79 2 51 24 3 96 8 71 77 91 30 57 46 24 87 21 76 74 37 45 42 20 50 67 17 100 47 40 59 51 19 33 48 21 97 5 30 32 97 22 48 33 26 92 54 40 99 7 85 27 91 96 83 55 53 64 11 39 60 80 51 44 66 29 14 44 82 92 99 10 53 5 81 91 98 71 70 55 86 18 77 55 65 38 96 53 71 3 47 13 53 74 53 54 51 64 5 33 35 42 45 13 62 30 92 100 18 88 90 79 69 25 22 70 13 35 74 24 7 64 77 3 95 7 3 53 18 36 12 11 62 41 29 17 72 13 72 68 94 83 10 14 67 58 71 74 34 24 56 18 62 66 68 27 81 15 33 22 1 75 60 7 64 100 31 68 80 44 99 92 9 97 73 58 71 33 17 11 80 53 67 100 35 84 26 35 80 62 85 60 46 58 80 59 93 25 54 14 90 99 7 37 88 63 70 54 96 93 1 96 53 62 96 33 13 93 47 19 47 72 64 41 78 70 90 83 1 47 65 23 44 96 14 49 100 100 86 13 49 1 30 70 16 16 47 10 24 76 4 32 78 92 89 40 8 20 98 70 11 53 18 80 16 82 61 36 26 59 2 16 24 16 74 92 62 15 53 9 65 33 36 15 77 32 22 98 69 65 37 37 8 58 70 25 72 25 1 54 35 88 92 13 11 75 19 66 46 5 94 80 75 79 85 88 27 3 90 66 46 74 32 32 19 19 54 72 32 92 27 46 29 42 78 4 20 92 90 50 9 22 6

2416 730 3098 8634 2205 1488 598 4281 3094 3202 1563 1346 2905 273 851 2543 3801 2165 2995 154 522 1482 3864 527 127 377 3947 783 872 757 770 1797 279 4643 1710 1040 965 461 2286 2623 902 2409 677 1790 2581 574 333 481 645 3170 1426 777 1102 2179 3286 411 5133 1131 1844 2484 2707 788 1957 1822 2989 1519 259 1878 2109 4105 167 2630 4679 2386 3957 5334 671 1458 259 1354 1271 5817 2521 1685 120 6482 945 2239 5582 127 2326 1616 1419 2821 453 7111 1521 389 180 199 517 3086 300 8011 2340 855 808 437 2872 1496 1157 856 1373 3452 139 2575 59 144 1616 812 1279 1412 5409 807 4164 5989 1733 218 786 214 1932 3816 1372 545 1582 1992 947 898 656 1458 173 474 1309 539 1666 5104 1148 1838 2808 3445 1127 761 757 5560 3626 914 2189 1556 192 5878 557 811 204 1229 200 1570 1935 2829 1068 747 1344 998 1561 5838 2919 2676 3804 2059 666 5329 1445 3346 1060 508 1831 1886 647 4924 2935 153 544 1189 2485 684 2279 488 867 3626 277 820 1294 1037 2267 253 1135 346 1106 1749 821 4068 1667 1634 1995 164 2336 1332 288 583 2141 2009 715 1833 3859 1058 5975 1142 1718 4069 1664 1622 3222 229 5677 697 2031 9452 5959 269 2814 256 721 3216 514 100 2361 2241 808 176 82 962 741 1049 154 1273 982 430 3787 1285 1553 7449 3705 1222 289 617 681 1892 755 4917 512 650 1264 445 4176 77 67 776 5656 3799 239 1438 1286 738 996 1680 1211 3046 4238 1045 1456 607 320 1624 1392 1700 331 701 8849 2489 1197 705 670 795 236 2051 1179 3701 3097 2540 2170 152 3661 49 1605 603 2663 692 1276 189 465 5638 1987 1699 4664 204 8103 1045 4989 908 7113 890 675 211 1823 860 892 302 124 4 346 117 415 843 2347 4437 524 6955 1647 1116 3446 781 2859 777 178 3682 4200 1657 4026 735 1325 2251 763 199 4598 530 747 178 723 2984 304 262 155 758 146 84 3228 2281 1513 2877 3595 4769 534 2063 1768 4807 3096 420 797 3570 4355 2411 600 1073 133 4243 888 1064 295 2891 84 1667 2379 5104 237 2811 1666 1118 3981 440 2175 474 4953 849 1291 1799 1213 1217 3271 1571 3287 283 518 477 368 1414 275 515 1660 1366 66 5427 1828 1900 811 3930 798 5565 704 867 1195 190 3055 1017 7112 2034 3487 367 1343 1970 246 509 2273 6750 2265 322 2650 3030 553 1944 4513 474 1083 929 46 3652 1979 31 3325 2269 1260 4414 748 3426 122 2937 6291 1238 4146 2062 2920 107 4135 68 429 830 3691 1922 6621 676 81 734 1158 1411 4712 575 1963 1275 677 1034 681 2366
5665 4980 4046 8797 2448 2134 1771 4931 9032 4420 7728 2264 4867 3689 4787 2860 4689 3115 4926 2288 843 1891 5721 1859 4191 1392 6071 2543 1376 1824 3472 5646 3094 4655 3237 1083 3080 891 5342 5509 2171 4330 3162 4579 4901 2194 2151 2419 1815 4324 8256 2226 2378 4596 4032 776 7074 2051 6594 4774 4396 858 3956 2670 4546 3797 2884 4948 3105 9046 438 2779 4759 6325 6206 6843 1742 5218 2079 3681 2368 9181 3393 2181 2751 9969 3930 4928 8463 4915 6587 2374 8591 3348 2496 9142 1780 2110 1478 439 2673 4380 2476 9054 2495 3219 856 2592 4709 9163 3014 2533 2420 4067 518 4234 515 496 1744 2143 3263 1820 7634 1932 8540 9853 5606 1986 1985 7360 2053 9166 3253 1603 5019 2270 4684 3840 2402 4942 905 1496 2471 630 4586 5823 3714 8612 7553 4991 1675 3719 4237 9668 3628 1807 3433 3788 1337 8830 2912 1127 936 2979 8892 3207 4149 4213 1235 4740 1388 1057 4539 8435 4759 2853 9472 2546 1500 7591 2366 3510 1247 3977 5975 4482 696 8674 6377 2317 2556 1235 4033 908 2539 2734 2381 4506 1659 1910 2584 1816 2794 1020 1829 1820 2229 4003 6700 4268 1991 7939 4567 1556 2437 7517 4898 3656 2420 4658 8544 4133 4215 2807 9854 8107 2498 5001 4372 2448 4353 3698 9775 4486 3795 10000 6880 1834 9852 2065 874 8216 1609 993 2903 9842 1761 1806 2018 2548 1452 6209 251 2735 1134 1658 6707 2087 3298 9952 3993 1590 2187 1467 2036 2246 8657 9104 2169 655 3473 1884 9989 3932 2363 2121 6151 7972 2370 2035 2024 2363 1271 6880 4675 4779 5052 4753 1581 2008 2330 2300 7516 1989 2076 967 9611 7677 1555 4698 4958 1528 3272 8543 2263 4351 3787 4432 4383 1396 6713 2287 1889 2105 7505 1961 4488 4027 1251 9267 8534 6717 6230 2159 8659 1973 5055 4658 8826 1402 8057 5584 5240 9223 1074 379 2284 3851 1129 1540 567 1851 3225 8128 2237 9859 4803 1555 3544 869 3663 1402 2513 3925 4318 3648 8772 764 8083 6221 2489 2379 6527 3415 842 274 1097 3139 4765 2562 938 5216 326 1308 3842 7789 2165 3450 4600 6571 1201 2394 4842 9763 4685 2196 2174 4789 5471 2743 1327 3460 417 9248 4301 4240 1497 4712 5155 2507 3741 5760 494 9069 5580 2232 8533 3373 4944 1651 6251 4663 4227 3281 8094 1493 3592 2657 3807 2052 1188 836 636 2184 4527 9632 2271 2204 792 6317 4845 2377 1336 7782 4725 6443 1178 4928 7988 4076 4297 6702 7533 3231 6946 1980 2554 4952 8597 1977 5093 8818 7156 1677 2785 7150 1784 3593 4957 4983 1633 1454 6940 4024 2015 71 3465 8920 2293 8460 3379 4315 475 8431 9920 1926 5801 4238 3612 771 5012 4745 1494 7113 9849 1992 7002 840 215 1509 1679 2515 8048 5314 2421 2101 1498 1613 1471 6565

914 62 2613 1425 968 395 181 3816 881 783 821 836 1823 131 71 10 2702 926 2215 113 378 1309 1848 134 106 99 2697 45 525 602 267 1329 110 4366 263 628 325 455 1714 706 410 1718 238 559 231 304 156 307 439 497 33 305 842 1660 2448 238 2444 1088 204 184 2548 556 182 537 2684 218 148 107 2006 906 17 2571 769 313 3843 3686 191 1096 205 421 333 5430 528 1050 63 2004 938 268 49 125 2207 1016 482 102 450 6989 147 165 110 114 34 1587 54 600 127 71 35 101 1807 271 284 607 498 593 104 1897 3 57 665 420 779 560 2540 476 2050 5245 434 10 237 57 1669 1127 1275 23 583 736 610 873 114 1398 6 411 23 53 1408 251 244 1803 1343 2736 413 265 618 4926 2006 380 202 1522 129 1531 325 259 153 543 82 1435 1578 1478 403 5 190 310 381 4127 2728 255 2725 1370 115 1715 870 1901 1 202 967 1082 238 2298 264 79 112 953 2366 603 1084 253 111 2791 105 340 1051 963 439 30 388 95 644 728 114 3040 1516 316 538 18 1508 285 272 126 49 1214 83 371 1432 365 4399 125 276 2638 57 311 2227 140 2735 389 1383 5275 1467 47 1913 142 645 2601 177 80 2291 908 778 137 41 690 165 314 149 235 910 398 2539 728 1057 3096 70 261 52 264 11 302 140 4482 295 396 666 71 1507 31 28 115 767 972 236 939 98 598 812 1269 1207 2714 571 906 1016 56 267 137 617 1409 4 263 3129 2118 549 38 210 591 215 494 697 1661 1048 2126 1801 79 778 27 358 307 1415 154 80 5 41 3811 419 301 1408 101 4961 612 569 103 796 160 108 156 1380 486 254 77 11 3 10 75 376 237 1375 134 121 4430 907 845 493 603 1967 318 111 3073 3674 505 2233 561 203 1048 156 58 3704 386 501 102 390 831 215 210 53 1 63 50 2431 2219 876 670 2702 2306 24 695 1249 2932 1213 367 325 1638 2371 1858 35 719 36 634 71 695 263 2697 73 503 1792 82 207 1018 1624 896 3619 408 1776 448 1017 213 226 768 1212 686 308 1033 1492 140 438 300 225 623 179 422 1402 281 41 3338 603 1801 790 38 582 4994 599 411 93 145 2429 531 3255 77 1750 158 839 1156 37 385 1299 2628 2180 321 1167 92 244 1724 2201 283 979 327 13 1483 1712 19 2935 1399 488 3284 249 1580 109 1088 5295 996 1505 1196 2192 18 134 15 65 465 2021 1281 5711 93 39 272 653 41 141 315 355 509 115 636 489 777
