500 2 1
57 12 59 71 4 65 68 6 22 62 88 93 16 68 35 10 51 43 85 75 76 43 14 22 3 70 73 62 29 9 37 66 44 46 38 20 4 20 76 56 39 22 61 10 40 37 42 20 4 18 45 63 82 30 30 31 50 79 53 56 34 1 44 69 96 80 37 82 67 37 56 39 57 49 56 99 41 13 20 71 82 92 89 90 10 51 70 13 77 71 30 49 53 47 80 83 69 76 17 99 6 21 56 6 43 64 33 19 27 61 64 24 19 72 64 40 64 3 92 78 29 63 60 58 60 23 35 74 29 51 99 6 15 83 6 28 37 50 48 74 20 34 96 53 35 10 84 90 34 60 53 7 30 7 40 56 87 58 38 24 2 58 85 1 20 56 48 15 41 38 78 23 82 77 43 29 49 35 16 96 63 49 30 34 52 47 43 55 74 16 98 100 28 79 44 34 99 94 16 19 19 26 63 55 8 21 30 88 59 28 4 82 31 19 75 80 8 15 8 29 62 21 69 77 76 51 1 64 22 70 90 93 38 58 92 42 29 87 100 16 33 8 9 1 86 18 94 83 66 11 28 66 83 52 41 38 37 17 19 22 17 96 89 29 98 71 57 96 34 41 57 72 36 73 12 75 61 36 93 55 64 3 22 77 89 9 74 81 66 5 16 74 24 30 69 4 64 2 71 7 52 98 25 28 86 53 54 100 18 10 30 99 56 57 95 10 14 52 35 51 86 64 93 66 61 47 38 51 22 26 97 39 78 95 43 35 48 7 56 54 42 49 57 55 24 99 100 59 100 82 38 5 79 77 2 56 91 70 37 26 32 18 58 3 59 50 7 25 81 87 47 49 17 38 52 74 78 84 29 18 5 49 94 61 69 82 39 53 80 92 50 41 78 60 34 97 3 40 49 2 80 97 82 21 65 36 87 8 95 13 81 81 82 79 11 32 49 72 43 74 14 45 76 25 35 95 29 56 81 16 53 1 74 42 7 9 29 97 39 18 73 4 64 65 27 79 38 38 78 5 31 13 78 50 44 94 23 91 2 60 43 45 43 41 39 72 52 41 100 61 10 84 60 68 61 60 53 53 34 79 8 4 83 96 4 33 56 91 54 91 27 30 65 64 48 11 74 65 87 37

56 17 77 11 38 43 4 21 25 19 9 11 94 20 20 84 59 50 9 9 54 16 45 73 6 10 8 61 3 10 15 13 95 29 29 43 35 28 38 78 27 31 34 4 5 16 21 42 20 39 8 51 61 79 49 40 80 36 7 11 90 52 74 61 23 2 28 20 29 64 11 89 39 4 29 17 37 66 61 6 21 51 37 9 64 12 56 16 19 8 14 62 16 24 10 27 44 42 10 21 8 59 54 4 30 34 11 12 8 8 71 52 51 18 70 19 3 22 50 66 27 20 67 64 57 69 46 23 2 37 47 61 76 51 15 14 10 82 54 51 8 14 5 7 56 17 27 16 52 3 35 14 14 49 22 70 62 27 80 49 74 5 55 75 8 62 24 28 4 40 11 67 46 59 13 27 15 14 8 20 32 13 36 15 52 45 8 35 2 38 62 63 16 13 20 52 4 18 25 21 94 14 51 11 45 1 16 36 7 26 19 38 13 67 20 2 74 61 47 29 6 53 30 28 7 8 8 10 12 48 14 28 32 13 6 5 46 4 17 7 65 15 34 48 13 53 43 37 1 24 53 63 24 47 24 68 23 36 91 17 66 18 41 5 5 20 13 55 17 72 8 10 17 1 20 34 29 35 61 2 67 8 23 11 9 15 9 25 23 5 12 74 67 11 53 22 66 61 79 47 18 49 56 3 27 18 25 18 39 43 36 23 42 88 61 4 77 13 39 79 27 40 4 21 72 10 31 46 33 22 11 26 13 15 32 24 39 64 12 14 32 13 72 28 41 45 25 4 32 13 52 4 7 81 25 4 46 17 88 77 26 4 13 26 53 3 25 48 63 22 26 59 45 68 80 50 68 6 61 5 48 26 29 1 5 57 43 15 61 47 14 50 78 29 32 82 51 19 23 38 53 49 53 13 10 23 58 1 19 53 58 67 52 6 15 17 26 35 31 32 36 32 9 14 19 50 82 38 3 58 27 66 28 46 75 42 67 4 34 54 31 55 45 53 34 49 5 47 55 34 46 15 19 49 1 7 16 74 31 62 70 16 17 36 8 8 21 5 10 37 56 7 46 6 20 21 81 34 35 19 66 48 13 30 11 6 12 51 9 33 73 18 81 8 5 31 66 31 61 98
87 21 78 89 70 84 26 62 88 30 54 31 97 64 81 85 76 59 53 77 99 62 71 78 25 44 13 73 86 79 37 91 95 91 86 45 64 47 92 97 56 58 90 80 28 45 36 89 53 79 28 91 85 99 67 52 85 95 57 12 93 100 91 69 84 5 96 100 30 88 76 94 61 99 89 57 85 89 76 59 30 100 52 75 73 40 71 74 42 86 69 75 60 29 37 31 44 78 33 51 60 87 100 40 46 84 34 51 15 68 73 95 89 24 99 19 88 35 94 72 94 35 70 87 90 88 60 30 40 43 83 93 89 62 22 78 55 87 69 72 60 57 46 53 65 18 33 92 93 67 95 69 96 84 41 79 77 67 82 99 95 99 60 82 68 89 100 97 35 67 81 70 64 88 88 37 81 96 8 84 91 100 76 16 91 94 27 72 83 68 84 63 92 65 47 73 58 76 95 76 97 35 94 36 95 58 86 87 83 55 76 68 30 90 34 92 96 95 51 86 80 96 66 33 34 27 81 57 42 51 62 49 96 57 88 16 92 53 60 18 91 88 61 51 56 82 45 57 42 97 78 81 48 91 47 88 72 51 92 62 66 91 95 29 58 78 88 92 61 93 10 31 37 38 49 53 30 47 98 20 98 56 52 25 42 29 78 96 95 95 34 76 73 56 99 34 79 68 90 65 77 72 62 18 44 70 49 59 65 95 81 57 63 92 85 54 83 15 51 99 36 45 39 95 86 59 79 73 67 97 86 87 31 36 65 47 65 86 89 89 87 81 81 89 89 77 32 12 76 59 63 92 40 93 82 27 71 40 89 97 45 20 60 65 90 19 98 61 82 79 81 85 46 95 91 97 90 20 73 12 55 82 94 98 99 73 46 26 95 69 94 72 87 97 37 99 61 53 85 67 100 52 55 97 73 67 66 48 66 93 76 81 89 99 19 72 65 50 85 93 85 49 33 56 42 82 88 38 17 94 87 79 63 70 87 45 69 19 71 73 62 63 75 53 82 67 38 88 78 60 81 70 57 88 79 13 84 80 73 62 94 73 90 88 15 34 80 98 89 53 95 78 65 42 90 90 88 52 68 76 90 70 91 100 48 9 81 100 78 74 73 49 97 100 9 41 68 57 80 99

15 51 57 87 53 68 3 64 22 4 22 76 53 21 85 30 44 12 94 82 5 81 90 43 76 29 78 41 61 42 99 48 51 89 20 54 100 6 1 67 58 31 22 3 31 76 71 21 59 60 100 27 70 98 88 57 36 99 81 37 15 80 72 37 11 58 49 1 91 96 81 89 4 43 27 86 37 34 60 33 93 28 11 35 68 73 91 77 6 18 28 25 39 1 70 40 59 12 67 34 92 34 97 45 19 21 8 15 53 27 62 2 40 56 77 84 12 70 81 55 82 30 36 62 47 96 24 55 92 90 40 17 47 16 12 61 17 6 77 87 85 96 8 68 48 71 93 92 54 45 29 66 43 27 29 44 62 20 41 98 83 55 21 97 53 54 29 2 43 55 65 41 26 84 91 33 39 64 61 52 1 64 20 2 90 45 42 99 61 34 71 16 76 65 21 61 54 52 61 5 100 83 62 76 67 72 94 38 49 3 48 37 79 5 73 5 71 26 34 85 21 36 3 45 70 7 35 2 83 21 66 76 66 54 11 65 86 7 76 72 38 80 87 63 53 30 63 12 23 74 58 72 98 59 53 39 94 81 18 49 39 70 22 97 91 54 83 98 38 1 96 54 52 97 83 68 16 7 6 12 98 34 18 6 71 32 8 38 56 95 23 64 36 62 82 73 36 7 51 66 43 35 57 87 79 24 23 42 95 94 98 52 51 38 54 67 10 64 21 1 100 50 78 81 99 31 56 13 100 59 34 99 29 53 85 33 53 36 50 8 27 22 76 92 87 17 56 12 86 50 95 46 90 9 16 7 79 53 6 58 42 53 48 11 22 74 19 29 40 18 51 66 55 57 68 63 39 88 78 24 37 86 100 61 15 10 4 42 25 96 24 77 65 28 49 87 53 49 76 70 11 35 24 59 92 87 35 5 49 65 44 94 9 2 82 27 26 48 36 34 34 89 3 87 7 48 2 11 64 44 7 46 47 69 95 92 68 38 99 76 37 52 76 41 93 79 8 95 45 65 34 93 95 93 1 61 45 61 15 75 24 96 67 8 98 51 97 31 50 22 31 85 80 74 57 21 61 20 60 23 21 2 90 38 87 48 14 60 10 4 32 97 91 46 94 41 45 25 90 20

4386 544 1151 725 6145 849 2757 248 1540 79 1009 990 493 169 1794 989 481 2462 4214 360 1144 1004 447 1317 1179 1341 3957 2377 1383 617 7089 8942 2969 357 867 7306 1295 1131 302 1207 1380 1236 1390 597 1869 2243 2206 561 725 1747 7753 1186 3014 2293 6748 284 761 341 5782 623 5053 36 1080 361 3028 6017 6279 806 2741 6063 873 5959 2310 357 2115 4558 4327 598 2407 2056 337 2646 1702 1169 31 843 1627 1592 930 318 1550 1825 1124 5069 4066 2411 1304 2050 93 244 205 434 534 1171 4143 1387 1831 1665 5460 4447 2241 421 2914 2019 131 1622 5676 493 171 4161 308 323 325 339 924 1864 742 1957 68 2025 980 4687 406 1048 523 1029 1024 2484 341 2530 1258 877 1406 1835 3112 3250 690 2405 989 1732 569 517 1494 3712 4280 606 1280 953 816 894 1697 1259 978 699 1049 489 1894 1430 3403 199 1063 1370 755 1881 1392 639 1584 2898 1418 1086 984 986 582 979 3754 545 965 1467 796 5543 3121 4781 1905 555 723 2334 676 1086 2659 4442 4133 1880 773 373 619 3555 1519 2717 672 122 1327 2144 381 1072 1120 1734 4274 1155 1659 723 1352 338 2759 684 3648 1857 586 319 1241 887 2251 749 3959 7486 2862 659 1023 224 1747 1943 158 2882 253 1706 5333 384 567 1391 1241 2165 1495 5236 123 240 389 8955 96 3812 949 723 75 1285 293 1713 868 1251 432 3441 1602 154 3039 4172 103 3037 1365 3186 236 346 5569 1064 1687 643 116 2349 2432 3767 362 1373 891 497 727 5372 727 3859 663 1139 1121 2779 2673 1210 2576 4325 3756 2069 1616 2258 466 735 688 236 1308 247 3953 1198 1105 4643 160 8678 1078 1113 1181 3650 362 1976 397 821 186 277 2238 542 5846 1039 3912 1023 2113 1524 3874 981 1071 9342 664 120 1917 3084 2744 514 1865 545 1377 179 729 275 2577 650 256 1701 3383 2462 1211 32 818 2148 207 243 452 2812 2019 497 980 2052 2212 1151 286 170 2238 4413 2279 1939 431 2908 1054 863 274 1772 2564 2407 7552 2496 2513 1015 51 2813 626 2262 5312 7544 1853 1927 1243 460 2476 206 1361 736 6890 1784 4412 3121 1847 194 1875 2284 646 3284 502 462 270 2407 1876 2514 4528 3148 4275 1730 488 1386 1381 1393 1177 2480 5872 1223 274 3755 650 1272 4346 772 384 1297 3622 447 607 789 246 3213 1133 1615 4402 5386 4338 976 438 6912 1158 1554 1742 1642 400 1200 1059 1252 342 128 4972 3041 1472 1670 2177 655 367 4609 3418 1317 602 768 118 662 389 738 3855 64 2957 1083 229 2492 4364 4281 5693 3166 2620 9892 3692 194 2042 2311 104 4318 110 2737
7734 1297 1557 751 9304 1515 3701 1302 4562 821 2442 2312 1927 3435 1968 1929 6203 3095 4643 412 3380 1585 1298 1891 1429 2333 4714 2784 2157 1902 8039 9459 4436 2221 1084 8586 4800 2087 1086 2202 8057 1464 4406 1819 8525 3150 4610 1553 1851 3433 8029 1932 4886 4726 9626 1592 1030 4048 9557 2325 6735 826 1087 417 4095 7075 8667 2447 3991 7218 1088 6470 8814 1281 2622 6901 7706 1402 3564 9982 4615 2963 2376 1196 2161 1650 4118 1915 1986 1190 2125 4203 1293 7773 4650 7012 2751 8312 1499 4125 2399 1016 2550 1501 9315 3038 2391 4004 5784 6767 2314 436 4949 5685 544 1982 5773 1939 1005 9544 1050 1589 8813 9137 1770 3101 1657 2137 2373 2319 2375 4768 6320 2668 997 2058 1807 4204 1019 4318 4476 1308 2213 2615 3185 4760 1576 2474 7034 7408 1098 4676 3172 4149 6323 893 1875 3764 2104 1812 5500 3238 1469 2244 2963 2248 3384 2193 3693 7292 1517 3387 4865 2383 2148 909 1847 3695 4997 1749 3256 1340 4541 2021 3985 2000 2158 1810 3532 9260 7475 5048 2511 2410 2329 3758 1752 2066 4021 9866 4146 2212 1864 2139 1665 3654 2004 2862 2157 1204 1803 2192 1236 2066 2074 2079 8117 2105 4817 1442 3766 1897 3372 1188 3790 3428 5796 498 1506 8087 2524 1780 5334 8571 3470 3539 2383 269 2104 7669 670 4418 1995 2329 9488 2433 2226 2436 8889 2749 4167 7538 7431 3582 1628 9502 2115 4365 1737 2171 591 1504 1037 4720 1301 1565 586 3769 2095 1121 9904 6274 2778 7811 4638 4934 2804 3008 9935 2466 1756 4934 1820 4924 2526 8755 2152 1382 2745 1270 2446 8745 2458 5068 933 1853 2229 3333 3868 1281 3052 9640 4800 9959 1855 3139 2505 1723 2500 716 2354 1812 4055 2320 3406 8948 2080 9226 2664 2188 4609 4808 2592 1985 1216 3534 6355 792 2336 1047 9375 9026 4294 1163 2141 9914 5017 1752 1307 9382 2847 2039 4602 4209 3020 2848 2108 1310 1981 801 1140 1223 3849 1692 2428 4366 4909 4958 2339 1901 2268 2450 3356 620 1879 6132 3964 529 1648 2404 2487 1329 5365 2114 2353 6343 6358 4118 8986 4399 1410 1755 570 5318 3241 4927 8448 4338 2580 1502 219 6224 5012 2292 8566 9363 2465 4243 6927 2140 4196 2235 4667 1541 9261 3687 8474 4284 2225 1472 8046 2356 804 3772 1801 1367 754 4998 2187 3030 4724 3475 8274 4015 2298 1685 7343 2863 6728 3282 7941 1536 1776 4389 1834 1474 7135 1857 2279 9374 4716 1397 3385 968 396 4770 2005 1841 4944 9252 4473 4266 1086 8072 1934 2514 5134 4322 4587 1272 2301 2316 1589 2425 6674 8598 1638 1891 2563 1641 5483 4853 4604 1993 3808 1794 2135 1332 1286 1183 4081 2486 4660 3809 2229 7957 8114 4738 9225 3937 4100 9949 7843 217 6166 6650 2544 5371 9882 4455

3519 291 993 434 3633 514 2010 83 737 4 970 785 432 32 40 251 204 2347 2459 58 1111 912 442 163 231 1247 2849 1123 432 157 3544 4668 2257 215 80 5356 1288 316 200 828 1181 237 561 268 313 535 995 421 147 1422 7321 657 1930 1657 5380 8 723 115 3089 575 4294 26 1052 201 1007 1628 1060 530 1705 2700 365 824 2146 335 922 3279 2660 388 404 1292 72 1512 1158 610 13 54 1095 1571 815 83 449 93 858 1515 115 23 742 985 21 112 165 53 43 32 1970 132 1760 508 368 3162 888 391 531 1402 98 173 996 17 28 3191 169 20 94 217 397 730 665 255 22 1114 802 3747 226 517 517 701 796 2423 52 1094 245 63 1124 383 1436 2449 68 313 75 1201 291 20 337 3453 3239 528 411 806 192 314 1357 260 402 561 418 430 427 455 596 90 249 1001 729 131 1101 568 93 733 1395 107 211 858 98 253 3227 24 374 1379 190 1839 1552 3312 1520 529 415 1849 434 1050 1429 4373 1935 246 25 343 359 2082 736 139 284 121 674 127 218 41 789 441 1802 761 1492 486 1012 55 1832 549 2234 1530 105 125 698 184 391 644 263 2049 1305 540 218 142 841 800 71 106 68 184 2117 195 504 202 813 2148 704 436 74 186 117 3165 39 541 575 214 30 356 16 1618 769 1178 171 316 1292 84 2336 2313 40 652 870 2007 19 207 3410 287 901 318 100 1182 1353 1506 281 396 280 355 61 2320 695 2415 582 744 313 1977 2063 32 645 1707 532 1014 996 255 143 131 325 91 901 160 3111 1077 601 4473 121 7207 75 1097 872 620 255 1789 275 641 61 71 51 455 3121 182 2616 194 1878 1379 958 343 675 7534 122 70 1765 1478 1612 149 804 191 17 79 96 219 538 242 160 1685 2020 600 412 22 200 491 23 151 127 2518 244 482 404 38 176 888 101 72 1541 1348 1719 778 128 2006 174 522 203 1193 276 2025 1146 1595 1319 419 44 868 528 1877 1000 3366 966 1338 976 422 708 40 740 138 4151 1038 345 3012 1637 127 20 484 8 2020 241 144 117 1802 1093 357 3034 2272 2852 1582 209 1200 1195 1336 769 1202 326 958 137 103 333 1207 2477 267 328 787 1739 429 171 138 70 2018 749 1109 1325 1498 2411 138 162 308 70 844 449 1033 133 188 695 445 268 111 2562 2055 1319 1026 1961 128 142 2237 3031 1134 346 321 65 412 378 243 414 41 278 344 201 797 4254 2013 1898 799 1804 2718 1246 146 811 1647 50 2705 104 1775
