200 4 2
103 40 1 145 59 90 1 95 1 1 46 156 135 176 148 67 132 1 42 194 49 216 11 94 88 1 92 32 90 58 25 69 122 128 110 1 78 210 1 135 1 74 59 137 69 39 25 37 182 205 84 101 1 6 229 47 60 40 95 100 12 14 104 9 133 67 94 85 1 131 99 161 115 103 1 73 144 26 243 193 66 87 173 186 263 82 23 134 133 124 76 106 1 107 1 213 1 85 150 48 321 194 43 155 142 132 11 231 152 10 219 85 146 34 109 134 186 187 2 28 113 143 104 68 108 209 194 266 22 1 69 153 65 104 99 1 122 266 170 20 87 62 79 169 81 109 101 161 100 68 58 88 118 90 43 1 1 12 91 122 1 74 1 219 212 29 84 110 88 120 12 143 67 55 137 29 28 169 96 1 102 202 120 53 76 136 1 98 1 159 1 187 73 47 151 116 189 52 1 1

3 27 16 22 17 7 21 11 32 13 16 19 13 26 35 42 15 34 7 38 1 25 1 1 16 38 34 1 31 14 19 16 36 49 38 2 28 19 32 20 1 11 29 17 17 34 6 8 27 2 25 27 55 25 43 34 2 16 34 17 1 11 47 1 1 36 15 23 1 44 2 14 8 37 17 31 2 21 14 16 1 1 33 5 17 36 6 50 3 27 1 27 15 29 21 1 12 8 6 57 48 39 19 1 12 5 13 38 1 28 23 21 20 42 14 43 35 9 13 21 41 13 1 28 2 34 1 24 14 30 14 5 18 28 31 28 7 34 14 28 18 42 40 27 18 21 34 2 31 1 12 34 29 18 23 15 13 40 25 35 6 2 1 16 25 46 21 48 25 1 27 1 20 20 2 11 28 21 1 7 44 15 25 46 28 8 21 1 30 23 12 21 53 6 12 6 11 16 8 39
17 31 20 42 29 20 27 14 42 24 17 31 36 28 53 44 26 36 19 53 18 34 9 6 31 39 42 14 46 16 39 23 50 57 44 6 41 25 45 23 7 12 49 20 23 37 11 11 31 7 30 30 56 29 49 35 19 17 38 28 15 15 50 29 9 51 37 26 2 60 13 28 20 51 32 39 8 24 33 17 11 17 48 9 23 45 22 67 17 28 2 37 33 47 22 5 21 19 25 77 63 40 34 8 38 12 29 40 11 45 49 42 24 52 19 50 39 12 24 36 53 31 21 49 5 47 11 46 47 40 27 11 20 46 43 44 15 42 23 29 32 48 53 29 27 34 45 18 46 16 34 44 37 23 44 26 29 63 37 38 11 16 2 17 32 72 29 69 36 4 28 6 31 21 18 19 37 43 20 11 45 42 38 67 53 13 43 13 39 36 24 32 62 22 22 10 27 24 36 55
18 40 35 59 38 30 30 28 45 28 24 46 43 29 62 46 43 62 30 58 31 35 14 27 44 56 49 30 49 23 50 45 65 60 56 17 51 28 48 30 19 32 70 28 48 44 14 14 33 17 53 38 62 31 61 46 23 36 57 37 32 16 68 41 11 65 38 27 9 77 18 60 29 61 38 41 12 34 34 21 33 29 51 29 32 57 34 82 29 29 9 43 38 57 28 17 32 34 33 87 73 47 50 12 40 24 37 49 20 61 52 53 35 66 38 55 59 18 42 47 55 54 33 51 10 59 12 51 49 47 44 18 30 51 73 52 18 50 32 43 44 56 57 37 42 46 66 25 62 27 46 57 41 34 45 34 36 74 52 47 18 31 5 21 45 76 52 89 38 16 38 8 39 22 39 30 45 58 41 28 59 50 43 84 56 14 48 30 48 59 25 40 82 31 26 11 28 31 51 56
22 53 50 78 48 43 37 34 46 47 48 60 53 50 75 52 44 91 35 72 38 39 47 35 60 57 63 44 71 38 67 48 74 75 89 18 65 40 64 41 26 55 86 59 51 66 20 33 52 30 59 50 80 32 78 64 32 43 69 50 34 22 84 49 28 76 39 31 30 80 30 73 30 77 54 53 20 35 35 33 45 34 53 30 40 67 37 83 35 38 29 65 62 66 43 27 46 44 41 96 87 52 51 25 56 43 42 78 33 63 66 57 53 68 51 67 73 29 43 66 67 55 35 55 19 61 15 63 51 59 58 31 31 65 74 67 35 51 33 71 63 70 70 38 44 47 72 45 63 31 52 78 53 44 59 50 38 78 56 61 25 35 23 33 46 91 57 90 47 17 48 22 60 37 44 51 59 68 42 38 69 61 61 120 61 38 49 47 49 67 32 44 83 44 31 12 29 47 65 74

12 18 32 6 7 13 1 10 20 15 17 13 13 1 1 4 1 3 8 1 18 14 11 6 6 11 16 8 1 11 3 8 5 1 9 15 9 1 14 14 13 1 6 1 16 1 4 1 14 16 6 1 13 3 6 9 16 14 1 16 12 5 6 16 8 8 10 12 1 10 20 5 9 4 1 1 19 6 14 11 1 9 1 17 19 4 15 1 16 15 4 17 6 5 4 6 13 1 3 12 18 5 5 7 11 8 22 16 16 20 5 22 37 4 2 8 9 11 1 14 2 1 10 5 5 7 19 7 3 3 25 15 7 7 7 21 21 9 6 5 23 10 18 6 1 14 8 27 19 1 17 4 13 1 7 18 7 2 11 20 10 15 18 14 16 1 12 14 7 12 4 19 27 19 3 1 16 6 5 26 12 15 1 10 14 15 21 13 8 10 1 1 9 14 22 10 17 1 3 1
19 32 43 23 19 21 6 21 29 31 20 24 27 15 20 19 9 11 19 22 26 15 27 11 17 14 29 10 11 20 14 27 9 18 17 24 26 17 18 26 19 16 7 11 30 10 7 11 26 28 17 4 17 8 21 18 23 20 7 30 21 12 30 21 10 9 14 19 12 22 29 18 18 25 5 16 33 22 24 28 34 18 2 28 26 7 26 2 20 30 16 29 26 13 11 21 23 7 16 21 30 13 20 10 15 12 37 30 20 24 11 36 42 16 14 22 20 26 22 28 5 6 16 22 7 15 20 20 25 10 33 25 22 24 12 22 34 10 14 12 47 22 30 17 5 18 18 54 38 8 18 12 31 22 26 22 28 17 32 21 35 20 35 15 17 15 41 18 16 16 15 20 35 38 27 21 25 12 25 39 17 32 3 17 27 19 31 26 13 13 11 12 10 25 33 27 37 7 21 13

6325 5004 11003 6824 6292 8357 10258 6684 10907 10498 10988 12105 5167 6697 12444 11762 12204 9684 16303 1933 10415 10134 7318 7714 7346 6626 5219 11794 11913 8954 10312 4691 63 12714 5711 3611 9614 7665 5148 17317 5870 5636 6390 16367 6790 13265 5085 16258 10629 6964 12053 6587 8430 6484 16457 5653 7828 4226 7400 7301 11284 8367 11244 10842 10981 7525 6190 7895 4283 10255 6096 12814 10410 4242 10897 10129 9852 6480 11940 10339 10056 12026 7250 6980 7152 5187 6698 16126 13868 8219 10158 2328 10050 9748 17381 9782 10590 12675 5984 977 1155 11464 11071 9632 7413 10200 10648 6996 8734 5212 5950 12003 12160 11903 7271 8463 10223 5767 10087 5148 3575 1216 10807 6097 12183 9946 5277 6653 17088 12846 8069 10952 8055 6012 6371 15226 11642 8244 9420 11260 1580 5426 7961 9249 10930 4963 8219 8365 10582 13726 12463 5319 11610 10862 11407 9916 2988 14660 10642 10647 11691 15039 379 8814 5046 4716 4947 16577 8509 13040 2407 5158 10413 11883 4282 7774 9876 10824 6376 15854 10529 12781 11799 5174 13013 11183 12609 8114 15360 6103 8586 5721 9755 7029 7620 7010 11918 7357 12493 9698
7720 6205 12700 7869 7548 9490 12164 7704 12451 11932 13345 13905 6358 7910 15288 14350 13941 11027 18438 2299 12794 11879 9004 9547 8538 7761 6219 13332 13573 10394 12698 5541 70 15725 6653 4494 11826 8739 5851 20533 6702 6918 7685 20261 8129 16365 5671 18269 12243 8497 14514 7640 9569 7759 19789 6380 9760 4749 9045 8210 12461 9993 12930 12149 12834 8358 7374 9835 5155 12063 7597 15061 12474 5089 12381 12202 10951 7554 14327 11780 11769 14876 8483 8146 8928 6401 8144 17888 15777 10007 11950 2581 11168 11663 20590 10980 12630 15183 7085 1106 1429 13451 13320 10663 9114 12640 12613 7845 10645 6058 7033 14611 13386 14250 8397 10365 11980 7170 11658 6367 4038 1453 12467 7100 13727 12233 5965 7379 20659 15313 9953 12417 8877 7240 7320 16828 13187 9588 10715 12448 1972 6666 9922 11495 12380 5965 9090 9603 12915 15462 14593 5909 13260 12442 13618 10980 3503 17861 13095 11725 13049 17097 468 10094 6294 5539 5728 19410 9509 16075 2966 5823 12326 13601 4950 9090 11502 12243 7820 19012 11976 14484 13955 5978 15454 12803 14551 9418 18259 7082 10457 6456 11789 8052 9076 8050 13722 8793 13899 10721
9079 6814 14332 9061 8384 10914 14218 8390 15129 13479 15544 16635 7511 8955 18323 16068 16002 12756 20827 2647 14596 12909 10699 10886 9986 8680 7468 15116 16308 11519 14089 6532 78 17505 7470 4937 13920 9629 6943 22353 7335 7875 8337 24310 9288 18569 6650 21604 13971 9938 16980 8502 10529 8535 23770 7589 10638 5725 10808 9590 14949 11390 14431 13787 14837 9579 8421 10997 5881 13124 8368 16437 13805 5919 13826 13415 12241 9006 16606 12937 13190 16936 9352 9471 10000 7236 9358 20770 18799 11326 13108 2854 12770 13816 22545 13054 13817 16582 7700 1264 1612 15840 15477 12163 9984 14807 14939 9376 12647 6635 8431 16181 15556 17104 9194 11708 13601 7769 13151 7454 4762 1632 13661 8619 16690 13323 7019 8056 24298 17198 11205 14348 10511 8077 8414 18481 14776 11039 11996 14127 2291 7537 11273 12503 14185 7122 10756 10878 14034 17010 17312 7013 14596 15155 15587 12535 3920 21341 15469 13216 15283 18726 521 11849 7266 6026 6896 22387 11399 17603 3221 7066 14343 15410 5959 10214 13603 14227 9089 21673 14438 16800 15907 6949 17484 14228 17426 10641 21504 8225 12061 7227 13672 9444 10940 8899 15994 9903 16974 12585
10042 7367 15959 10606 9322 12776 16470 9410 17825 14737 16703 18616 8495 10394 21078 18393 18066 14696 24111 3011 17198 14091 11574 12110 10960 10255 8601 16335 18600 13324 16567 7422 89 19365 8133 5413 15351 10945 7511 26151 8470 9010 9394 26220 10073 20616 7594 25273 16279 11647 19045 9367 12240 9483 26318 8858 11727 6408 12253 10510 17386 13375 16146 15621 16516 11204 9693 11812 6524 14986 9253 19435 16018 6810 15221 15070 14389 10080 19146 15421 15063 19346 10645 10245 10923 8179 10029 22448 21514 13352 15170 3149 14069 15745 24304 14890 15688 18359 8554 1486 1838 17756 17237 13856 10898 16629 17274 11109 13768 7415 9098 18055 16804 19639 10104 13656 14721 8512 14327 8353 5458 1864 15195 10063 18313 14551 7658 9019 27832 19006 12984 16041 11524 9386 9848 22191 17436 12153 14196 15788 2541 8687 12166 14228 16477 8061 12763 12471 15445 19274 19855 8146 17106 16961 17493 13768 4647 24143 18017 15281 17124 21611 607 13817 8114 7003 7401 25470 12629 19157 3630 8265 15425 17136 6720 11847 15947 16507 10571 23260 16775 19810 17512 7591 19508 15487 19400 11828 23166 9669 13478 7864 14837 10839 12708 10265 18151 10731 18904 13960

5445 3855 9879 5097 4858 4934 8991 5196 8008 8574 9446 7188 4093 3908 8038 7251 8207 6040 12272 1413 9153 5443 5272 6321 6222 5051 3977 9296 7856 7366 7783 3725 49 10803 3679 2791 7753 5015 4226 14787 4229 4433 5308 10108 4825 10614 4309 12102 8757 4668 9175 5273 4845 4837 11804 4462 6131 3803 4985 5150 9076 5341 9927 7149 7492 6496 3222 5467 3755 8261 4291 10145 9043 3752 7640 9054 6071 3738 8173 6755 8329 10348 6436 6233 4102 4217 5602 11462 10014 5941 8580 1962 8200 7975 13142 6730 5603 9051 3703 601 811 9447 9680 8396 4639 7878 6956 6061 4983 4542 4628 9899 9343 7710 5670 7453 8620 4873 6457 3715 3170 748 6191 5038 8737 7775 3745 5463 12854 8844 6512 7832 6499 5257 4417 11762 10052 6160 6815 9283 1121 3964 7046 6805 8702 3026 6367 6030 6148 8837 10185 4055 10057 8860 9501 8565 1802 13136 8468 9081 8852 8664 313 7405 4197 3433 4370 10515 6763 11555 2093 4423 6861 7532 3487 6711 6290 8611 4967 13002 6370 10445 10265 4522 10815 6103 11234 6930 12689 4665 6755 4615 8398 5867 5698 5015 7336 6312 6842 6421
5005 3000 9349 5087 4675 4293 7381 3351 6599 6033 8802 6699 4009 3824 6915 6463 7801 5465 12142 976 7428 5292 3954 4434 4179 4516 3290 7530 7259 6253 6221 3002 35 8228 3084 2202 6703 4909 3536 9897 3238 3749 5190 9605 4730 9329 3518 10145 7227 4412 6955 4547 4827 4305 10914 3566 5802 2901 4155 4066 7652 4716 6958 5808 6983 4426 3142 3960 3199 7336 3187 9967 5433 3372 7045 7808 4972 3714 6887 6710 7907 9234 4613 4594 3897 3155 4699 8503 7157 5938 6782 1808 8090 7028 12356 5917 5377 8439 3029 513 766 8256 7373 8198 4557 6933 5599 5248 4786 4064 3445 8850 9187 6452 4587 5599 7456 3071 6370 2941 2715 731 6067 3300 7411 5121 3166 3663 12771 7782 4580 5993 4868 3448 3617 10346 7288 4406 5282 8494 854 3534 4849 5857 7416 2517 4971 5751 5668 7131 9827 3028 6573 7992 8494 8531 1559 11517 7241 6619 6289 7666 283 6974 3246 3117 4185 10312 5204 8577 1995 4050 5594 6398 2766 6053 6064 5755 4641 12922 5833 9452 6482 3931 10519 5983 10849 6284 11929 4527 4659 4345 7985 5317 4559 4462 6287 4056 6457 5062
