200 4 2
1 213 11 45 57 96 74 167 102 84 85 242 127 103 121 57 50 39 136 1 185 1 86 182 112 322 63 134 109 157 144 126 99 274 22 115 150 40 90 83 81 105 149 73 28 34 98 1 321 77 131 107 83 63 143 225 244 207 263 130 198 12 287 1 96 54 119 271 190 75 36 2 63 120 299 57 32 20 152 25 23 268 12 64 29 69 189 125 106 51 53 1 148 35 73 154 1 1 78 1 59 173 72 109 91 84 28 167 130 171 82 1 247 130 137 1 126 97 152 250 115 156 146 242 120 114 112 187 116 197 85 159 146 194 120 18 78 8 98 88 35 41 49 15 125 9 7 243 38 31 1 356 117 136 59 40 30 2 97 41 76 35 1 1 177 19 156 108 9 212 41 43 7 1 136 27 201 1 1 124 78 163 152 127 144 1 131 1 58 276 168 41 132 62 234 305 60 107 161 116

44 25 16 18 40 7 17 13 41 1 15 16 37 23 6 20 1 44 66 48 1 25 5 1 42 34 9 35 1 49 28 19 15 24 1 50 24 8 31 10 20 30 16 27 53 1 1 8 30 1 13 24 19 32 1 9 21 35 33 1 33 35 43 26 28 30 13 3 19 45 19 1 26 36 19 33 1 24 10 1 1 41 16 9 13 4 28 14 1 29 1 30 1 23 36 9 33 11 21 13 35 14 15 16 42 37 7 5 27 26 30 11 1 1 28 1 36 36 29 23 30 10 50 1 1 12 39 21 28 6 26 44 31 19 20 21 9 42 1 6 29 20 24 32 5 29 23 19 25 9 26 15 28 1 14 24 23 23 31 37 4 20 23 35 8 37 42 1 14 30 1 16 50 33 13 39 7 5 16 32 36 32 27 17 1 3 13 25 1 14 20 31 1 1 1 23 19 26 9 25
58 33 19 19 55 12 25 27 59 2 22 31 44 43 28 21 14 47 71 51 13 31 14 17 45 41 11 51 13 62 40 34 16 43 16 62 34 16 36 18 21 49 30 33 69 11 16 11 31 18 24 32 33 51 13 24 29 44 39 2 45 47 48 49 30 50 35 7 25 55 25 5 35 52 28 38 26 25 16 3 6 46 36 23 15 13 45 20 7 54 8 48 22 33 42 18 44 27 25 19 53 16 28 22 50 41 10 17 28 33 39 27 7 9 37 7 43 47 40 29 37 16 59 7 18 28 54 47 41 11 48 59 32 31 21 27 10 65 23 8 53 28 25 34 30 32 35 20 31 26 30 23 31 22 22 41 34 32 35 53 6 31 42 39 9 38 43 8 19 38 15 28 73 34 29 52 8 6 36 48 39 60 42 18 17 4 15 38 18 15 36 39 13 8 13 32 42 27 18 45
60 34 32 22 73 34 29 43 69 13 35 44 49 45 31 29 28 50 87 66 23 37 38 34 53 52 25 69 35 75 43 51 17 55 21 68 39 27 54 25 39 66 37 43 78 18 32 21 45 19 25 45 61 54 35 49 32 52 54 3 69 50 52 61 33 65 41 17 46 56 38 24 53 69 33 55 31 47 23 13 16 70 50 35 30 27 53 21 10 62 16 49 43 37 62 19 54 43 34 46 61 24 29 31 67 50 19 42 41 36 47 33 17 19 38 20 50 63 60 32 48 18 76 13 21 31 57 53 45 25 58 74 46 38 22 36 11 80 38 12 76 40 31 41 31 37 48 38 44 42 36 34 42 26 28 66 48 55 52 61 12 32 55 57 11 63 44 25 29 56 29 33 80 58 40 63 27 7 53 60 50 73 54 28 28 6 33 40 21 34 40 46 26 15 23 33 47 35 27 63
80 55 44 27 93 50 37 51 88 18 55 50 69 54 32 46 32 51 109 84 35 52 55 38 58 56 41 78 36 89 68 54 28 66 36 70 40 30 60 43 47 81 39 51 82 24 48 24 52 30 32 53 70 75 39 54 51 67 66 13 71 65 56 77 40 86 47 32 47 61 39 33 63 82 56 56 49 69 27 14 24 77 51 36 34 38 58 47 17 64 24 75 60 52 84 28 72 53 44 51 71 40 37 45 70 55 34 48 47 40 48 41 31 40 46 28 69 75 68 45 56 31 79 25 34 44 59 63 68 34 60 88 56 47 38 52 30 102 49 18 79 57 34 54 39 45 60 55 62 50 54 53 47 42 51 93 51 62 59 76 29 52 64 68 14 65 48 48 42 68 43 35 81 59 51 74 58 18 60 68 58 92 58 37 33 9 37 45 34 40 54 52 27 25 43 34 49 55 30 80

24 15 20 2 12 1 10 1 20 11 6 5 22 7 11 18 1 2 23 10 14 12 15 12 11 6 13 12 10 1 15 8 14 21 15 26 7 19 14 1 17 13 1 5 16 9 19 12 19 1 14 22 14 9 11 16 10 11 2 14 13 15 4 6 22 14 10 8 11 8 10 10 4 1 6 10 18 1 12 2 13 2 1 8 16 16 7 29 18 8 3 13 3 24 9 1 1 3 1 1 26 11 10 13 34 1 10 15 4 9 8 10 15 18 21 1 8 15 1 26 3 5 17 11 11 1 23 10 4 19 1 8 12 9 1 1 13 16 13 8 15 5 7 20 16 9 9 4 9 11 12 1 6 8 12 7 5 15 25 11 12 17 9 8 14 17 17 6 1 1 15 8 15 15 3 6 12 1 12 2 3 9 12 16 11 11 25 8 11 20 14 5 9 3 11 20 13 21 16 14
42 28 30 11 18 12 15 11 30 17 30 11 37 26 24 38 16 27 25 37 24 27 28 24 14 35 23 31 19 12 16 21 36 29 27 33 23 32 15 2 25 15 6 18 25 11 34 20 20 15 16 31 16 19 14 26 15 13 20 21 18 18 44 17 30 21 15 20 18 15 29 18 10 2 20 16 26 12 13 4 19 24 16 10 25 21 8 46 27 13 4 25 16 25 10 23 14 20 7 15 31 21 32 16 35 3 25 19 8 22 11 34 27 29 33 12 12 28 17 40 23 22 22 34 20 7 33 14 7 23 8 12 14 16 7 17 27 27 19 9 26 7 17 36 26 18 18 25 21 40 17 23 17 10 25 13 9 28 32 33 39 30 10 19 31 33 18 8 24 13 18 14 18 27 16 20 18 9 17 7 14 33 13 41 17 14 35 29 34 24 27 24 21 14 21 21 25 28 17 35

12386 13878 5247 18719 13214 13365 8705 11209 10697 7344 11362 7350 2055 7762 4413 5620 9466 13249 18690 9136 6308 5270 6335 8582 8347 9380 7376 11766 12370 12489 17852 5840 8477 11928 2054 6250 6744 8558 11052 3182 10406 7438 13139 1358 7623 10565 4361 8601 7014 10818 13313 14407 6867 6956 6371 9317 5405 13367 12302 5335 7388 18383 12064 17586 11524 13060 12715 9135 9673 15562 6806 8218 112 13481 11849 14357 1161 13041 8550 11734 5989 9498 54 1901 5666 12160 11560 10403 8155 6493 13815 9172 11629 5470 3461 13977 12534 8371 5438 6436 1188 6781 16666 14211 7638 13415 12336 6017 10856 8710 9639 6795 10812 5306 5165 7487 14298 4415 7921 12093 2017 8073 4280 12569 2369 7861 6526 7951 9232 8194 12423 8582 16949 10801 10283 1296 13669 1911 11145 13863 6964 7747 13472 6202 12346 5707 6300 13566 13871 6436 12819 7797 2263 5770 8294 14113 7285 78 16063 4478 6333 5694 17578 12460 8284 11613 6984 8924 14201 16282 16899 9075 9343 6029 4694 12310 12361 7192 11369 6154 5669 13565 11181 7191 6381 4552 18159 4437 11064 12615 9038 11675 10906 13590 7403 14426 11779 16812 11434 5746
13655 17323 6449 22065 15680 16583 10344 12953 12064 8246 12707 9185 2285 9132 5046 6951 11395 14699 22251 10431 7146 6142 7169 10544 9878 10362 8188 13980 14462 14103 21501 6504 10287 13871 2450 6906 7471 10566 12507 3617 12869 8637 15512 1667 8583 12842 5111 9999 8203 12109 15733 16144 8377 7690 7937 10910 5967 16123 14087 6213 8693 22722 13892 20453 14065 15312 15378 10806 11680 17614 7586 9954 138 16108 14047 17475 1439 16005 10354 13346 6776 11466 63 2286 6323 14815 13614 11741 9280 7507 16154 11234 14226 6446 3877 15462 14374 9968 6098 7406 1349 7988 19833 16999 8963 15481 14192 7431 12579 10121 11630 8242 12944 6342 6441 9335 16186 4886 9186 13739 2405 9135 5178 13828 2754 9268 7582 9213 11537 9436 15381 10356 18813 13356 12664 1522 15481 2306 12864 16227 8112 8732 16325 7385 14030 6538 7413 14929 15791 7644 14737 9175 2667 6619 9359 16128 8107 90 18653 5314 7576 6473 20058 15514 9769 13993 8196 10494 15815 18204 20281 11094 10999 7231 5327 14230 14341 8140 13376 6943 6303 16831 12547 8110 7410 5401 22312 4917 13818 14782 10005 14277 13520 16378 8148 16721 13314 18824 13070 7021
16525 19849 7212 25916 18942 18150 12207 15188 13868 9945 15392 10447 2635 10422 6031 8120 12365 17954 24140 12483 8573 7040 8410 12422 11697 11742 9903 15634 17413 17144 24488 7095 12353 16498 2803 7644 9123 11508 14973 4286 13943 9903 17952 1990 9637 14180 5582 11616 9414 13666 18247 19049 9916 8758 9378 12127 6751 18721 15936 7338 9724 24593 16781 24040 16643 18524 18244 12057 13643 19823 8298 10798 153 18344 15587 20493 1571 19060 11866 14579 7607 13317 68 2614 7203 16098 15853 14011 10662 8362 17670 12248 15863 7306 4557 18625 15963 11151 6957 8923 1523 9466 23462 19046 9755 17110 16748 8257 15176 11039 12752 9177 14540 7281 7526 10978 18948 5834 10007 16404 2826 10533 5776 16164 3106 10148 8600 10537 12830 10833 18363 11783 22360 14724 14287 1744 18162 2634 15248 19069 9336 9722 18023 8502 15421 7641 8136 16853 18235 8295 16710 9978 3068 7258 10458 18877 9213 104 22394 6342 8828 7506 23377 18625 11265 16307 9116 11455 18852 21554 22669 12545 11999 8637 5923 16470 15949 9643 15957 7963 7661 19497 14043 8895 8319 6270 25711 5777 15790 17723 12055 16641 15481 18771 9487 20065 14999 22406 15094 8401
19202 22356 8470 28086 22012 20010 13112 16737 15136 10718 17423 11378 2919 11729 6943 8912 14581 20845 26225 13741 9537 8329 9754 13952 12855 13678 10936 17551 19637 19309 26673 7774 13834 18609 3136 8618 9996 12893 17094 4963 16155 10864 20161 2188 10957 15814 6497 13322 10271 15915 20353 21033 11195 10309 10750 13236 7358 20429 17246 8148 10713 26862 18363 27993 18121 20762 20414 13739 15107 22697 9877 12520 166 21197 16838 22328 1818 21657 13405 16044 8820 15213 80 3059 8339 18539 17813 15212 11676 9576 19400 14085 17941 8355 5276 21919 17650 12498 7755 9859 1804 10698 25406 22324 10594 19202 18774 9744 16864 12514 14744 10315 16082 8094 8117 12524 20666 6747 11122 19175 3197 12206 6303 18858 3345 10953 9972 11665 13857 12774 20636 12681 26149 17395 16040 1985 20672 2896 17975 20817 10706 10728 21201 9776 17992 9003 8814 20197 21447 9428 19793 11608 3487 8531 11349 20652 10021 118 24472 7047 10192 8135 27027 21288 12592 19033 9858 12628 20902 25594 25824 14571 13275 9863 6789 18055 17479 10717 17454 9004 8378 21434 16329 10278 9358 6883 27947 6773 17646 20184 14139 19550 16932 20892 11126 22256 16816 26003 16323 9387

7294 10188 4423 15700 9909 11592 7636 6106 8786 4418 8344 6420 1720 6202 3879 4333 5953 10773 11497 5413 4201 4264 5552 7215 7329 7720 6174 9746 6668 11122 12700 5131 5601 8436 1177 5343 5687 6280 9473 2851 6825 4831 9813 1056 4959 8013 3175 7269 4185 9485 10936 10407 5968 5917 4981 6806 3820 8127 10749 4736 5225 16420 10571 13231 7260 10073 8603 8042 5230 13793 4026 7298 83 9569 8759 12660 935 11418 6875 8381 4689 8143 31 1675 4936 8177 9499 5469 5194 5524 10505 7143 8417 4702 3062 10060 7130 6709 3930 3355 828 5408 13734 12422 6796 11810 8420 5021 8932 7718 8224 5055 9300 4587 3171 5480 9284 3411 6014 10120 1666 5048 3310 8517 1829 5850 5157 6529 7299 6504 10607 6896 11663 8508 7468 940 10418 1037 7014 11002 5938 6858 11446 3865 9586 3218 4938 11762 8291 3473 9273 6903 1434 4544 7365 11154 5948 51 12940 3585 4832 4143 15506 9166 7326 10180 6013 5226 9719 14379 14914 7259 7676 5087 4024 10770 8175 6385 8807 4679 4313 9006 10026 6025 4249 3555 12284 2898 9447 8956 7907 8371 8162 11816 5929 9368 9069 14054 8824 4475
7138 8610 2794 11910 7618 10332 6857 5958 6094 4042 7699 5247 1467 4738 3837 3976 5581 8752 11019 4729 3448 2914 4145 4846 5459 7633 5220 8115 6562 10762 11754 3517 5257 7652 1072 4196 4041 4540 5602 2785 5232 4500 9305 939 4323 5590 2523 5949 3542 7132 10040 10029 3889 4630 4436 6452 3077 7721 7115 3529 4046 12058 9405 11172 6693 8003 8247 7829 5066 12023 3939 6586 69 9233 8567 10460 621 9284 4381 8049 4471 6810 28 1423 4473 7157 5889 5295 5057 4234 8154 5197 6728 4162 2327 8027 6571 6547 2829 3329 792 4300 10955 7184 4854 7987 6817 4372 6391 6396 6046 3928 9130 4495 2943 4033 8985 2555 5336 8626 1448 4209 2207 7411 1360 5136 4145 5691 6771 4261 8288 5375 9204 8069 5857 839 10022 964 6787 8482 4920 4370 7422 3112 8349 3134 4362 8701 8009 3311 8254 4266 1291 3666 6442 10022 5777 46 12223 2397 4246 3974 13832 7808 7052 7886 5680 4949 8607 8274 10688 6026 5884 5057 3522 8717 6494 4089 6034 3442 3285 8614 6112 4450 3526 2834 10341 2721 5915 7394 7147 8320 7903 6816 4293 8572 5975 12437 7639 3407
