200 4 2
84 1 103 116 124 230 188 1 47 1 1 168 192 178 185 143 3 21 191 125 1 120 157 50 243 93 196 82 42 79 11 98 50 177 291 119 199 27 111 178 99 202 198 1 99 188 90 56 80 128 282 118 187 1 200 239 225 107 66 190 102 1 51 144 249 170 1 149 1 51 49 59 15 164 32 116 45 1 110 170 27 1 1 117 39 117 176 31 1 184 182 114 116 45 163 47 54 66 71 1 56 127 1 1 273 50 178 187 95 58 257 94 60 223 108 107 164 17 264 80 99 1 202 82 83 174 21 43 1 1 37 43 125 84 1 110 102 239 1 5 55 154 139 233 27 56 123 119 19 218 160 41 188 186 87 172 89 40 85 15 112 1 109 95 110 1 68 7 86 96 57 1 119 315 19 206 159 92 67 99 170 158 142 145 136 137 9 179 144 157 54 145 174 76 116 164 33 232 177 54

24 7 1 24 5 24 1 28 1 21 6 38 16 31 3 24 7 9 9 37 48 29 1 17 24 1 10 17 37 23 2 5 4 11 33 22 32 1 47 1 18 38 1 37 17 4 60 47 27 30 21 22 31 1 19 16 12 5 5 8 34 16 5 34 7 27 22 1 11 34 5 1 23 3 4 12 5 43 35 9 6 6 3 31 33 44 1 32 25 7 17 32 21 28 8 31 21 14 7 11 2 49 19 31 15 38 38 42 59 28 29 27 22 19 22 14 19 6 14 13 12 35 25 9 18 31 49 6 17 28 24 5 28 22 24 25 12 46 21 23 56 12 21 43 13 36 8 32 17 33 8 13 26 29 10 33 13 1 30 5 21 6 25 16 9 18 6 61 7 13 48 12 20 21 1 5 41 21 9 7 12 14 32 28 4 23 1 5 1 20 15 47 36 32 1 24 1 21 49 23
25 24 6 33 9 25 2 50 16 39 10 40 28 48 14 36 15 21 25 43 55 30 7 21 42 16 18 37 41 34 9 31 5 19 43 36 36 7 60 12 19 56 2 56 28 23 75 49 31 45 25 23 40 3 33 24 25 12 7 21 52 33 10 37 32 30 35 7 21 35 13 4 28 10 22 25 24 59 43 28 20 20 9 32 42 45 7 36 39 19 39 36 24 39 13 32 30 29 14 13 8 56 21 40 19 41 49 49 68 36 36 47 33 42 43 15 36 7 21 15 29 50 38 15 34 53 51 20 34 53 41 9 45 31 35 38 18 61 44 29 62 31 35 45 22 51 16 54 28 47 17 18 32 40 11 53 18 7 32 6 31 19 50 18 24 41 20 71 34 30 65 19 21 22 19 10 45 25 14 24 28 24 47 41 16 28 14 14 18 38 29 60 38 51 11 25 2 31 59 24
39 36 20 49 10 29 12 55 49 42 12 42 35 56 22 56 21 22 26 47 61 35 16 48 45 17 19 41 43 40 36 32 20 22 45 38 40 31 65 13 29 67 3 83 45 31 95 53 43 59 41 41 46 5 60 41 51 20 9 32 57 50 28 50 34 43 56 16 22 45 27 16 46 16 27 39 39 71 57 29 32 51 13 46 46 53 15 41 40 27 49 53 29 45 32 41 33 49 20 18 9 59 26 42 37 49 55 51 79 49 43 65 39 43 44 21 37 9 29 31 31 69 51 23 53 65 57 21 35 67 59 12 64 32 44 50 33 75 46 52 71 43 46 58 25 53 24 59 39 50 28 23 49 41 21 68 22 18 50 16 34 25 56 21 35 44 26 79 56 40 66 34 34 23 24 23 46 31 26 33 40 26 54 50 36 37 15 28 31 51 34 64 52 54 21 34 31 42 70 34
46 39 30 57 22 48 16 68 56 58 17 56 41 60 38 74 46 27 36 54 80 54 21 62 50 23 26 55 55 55 40 51 28 38 54 42 42 35 73 14 45 94 21 94 46 46 109 56 56 75 48 63 65 16 66 45 53 30 15 40 63 73 36 58 35 63 61 37 26 55 33 27 64 29 30 54 49 78 64 43 44 54 23 48 71 59 19 42 60 43 64 57 34 50 39 57 52 65 26 46 15 84 34 43 48 64 66 60 88 53 50 72 47 44 61 22 39 15 40 32 37 76 57 52 60 83 73 38 40 72 69 15 89 47 54 63 47 92 62 56 86 46 47 68 31 67 40 64 64 72 32 29 59 60 26 76 31 21 68 25 50 38 62 27 37 57 41 105 64 42 68 57 42 24 26 24 54 45 47 47 49 44 69 68 59 51 20 29 50 66 53 77 61 55 32 49 57 45 77 40

7 1 7 18 14 20 12 4 9 1 19 1 6 20 19 31 13 10 1 8 12 5 11 11 5 14 13 2 13 15 5 13 15 24 15 8 16 28 15 16 10 11 16 18 1 12 4 7 13 1 6 14 11 21 1 15 16 9 3 9 12 14 11 8 12 1 11 19 10 1 12 6 17 4 23 2 27 8 1 22 1 7 1 6 20 9 10 29 3 7 10 14 2 19 31 2 4 7 24 14 1 16 18 9 11 3 1 18 8 1 2 12 1 1 5 18 12 31 7 6 7 4 7 1 5 16 13 6 5 14 14 18 5 3 12 7 4 9 20 1 1 12 12 24 12 1 3 5 8 7 18 6 14 4 1 12 8 1 4 8 16 11 9 18 12 14 16 12 3 12 4 8 26 10 9 1 14 7 8 19 25 8 15 7 1 26 9 5 5 1 21 14 15 14 1 13 13 19 11 2
8 16 19 19 15 33 33 16 19 2 43 10 9 26 22 54 24 30 4 25 14 6 23 19 13 20 33 7 15 36 8 21 24 32 18 13 19 29 16 24 18 28 27 24 27 29 19 9 23 10 13 15 17 36 11 26 19 10 12 30 23 21 21 25 17 14 16 37 12 11 17 11 29 10 38 15 37 15 9 38 12 21 18 26 26 17 16 31 7 12 39 21 11 24 40 25 15 12 35 30 14 37 27 22 18 18 12 27 17 12 10 19 9 12 8 19 19 40 22 11 19 10 23 12 17 24 30 16 20 28 31 27 8 22 24 10 26 14 27 9 10 30 30 53 31 14 4 9 17 19 33 19 28 7 5 31 15 13 32 21 30 17 15 33 23 15 27 22 4 15 5 21 30 11 17 13 16 28 12 26 40 11 36 11 17 51 31 11 12 9 28 21 16 31 27 25 29 25 26 16

13435 11933 11673 10524 12410 12451 2097 8786 9368 9013 13097 7920 13437 8433 6534 9402 6758 6724 8329 12502 14842 13779 13368 6953 15690 9280 14476 14539 9308 5553 14313 8399 9077 14130 11068 5242 14028 6558 11246 13064 5261 8846 14283 12333 5618 12797 17779 17625 10392 7172 5487 10364 9092 3989 3978 8341 5416 14292 11290 13069 10947 5562 13011 11137 4725 12241 8637 7615 17059 9460 5581 11310 5559 7465 7127 7297 12511 12845 9019 7076 6467 12788 13221 14700 13906 11595 2738 13608 5842 8612 10799 6963 8242 14488 14826 14547 9579 11321 5566 348 8568 8118 14473 799 10768 8061 11048 10350 8634 5888 8802 16908 7229 12633 5630 6037 12209 9155 14718 12480 10659 13418 5364 8728 13838 12135 10584 5846 2711 13549 11779 6285 4680 8948 4362 11052 2244 5539 9620 12760 12710 14296 5838 5344 8749 6589 8590 11278 14185 6972 7932 17706 7029 12283 6254 12955 6526 7576 6482 16794 16816 6626 13523 17703 7994 11230 1446 6640 12088 12444 5714 3049 17632 7916 13859 9964 12609 8865 13098 12298 14583 12565 12034 12367 11232 16564 16937 8531 13118 11092 13342 19547 8068 8466 6226 13988 3290 7263 9215 11326
15377 14265 13576 12785 15022 14483 2530 10847 10580 10663 16013 9627 14911 9847 8089 11233 7883 7575 9369 14106 17899 15241 15342 8641 18551 11468 18075 17578 10461 6119 17163 10229 10818 16372 12354 6521 17340 7285 13608 15057 5931 10789 16858 14653 6710 15060 20644 20225 11727 8455 6239 12451 10130 4545 4770 10137 6410 17846 12628 14798 13677 6645 15948 12662 5212 13883 10171 8731 19968 10879 6610 14097 6932 8216 8357 8078 15367 14401 10268 8299 8045 15769 15223 17005 16041 14035 3375 16452 7254 10500 12032 8044 10101 16836 17414 16047 11803 13819 6411 411 9998 9593 16689 960 11888 9650 13614 12469 9508 6570 10232 19006 8506 15509 6334 7512 13639 10591 18327 14408 13030 16759 5980 10217 16144 15068 11972 6790 3305 15534 13385 7175 5167 10577 5067 13642 2514 6449 11682 15295 15365 15916 6626 6340 10527 7544 9663 13663 16536 8288 9203 21204 8557 14749 7318 15274 8075 8762 7712 20435 19296 7874 15896 21533 9718 12597 1778 7378 14629 14015 7112 3477 22013 8933 16722 12406 15578 9816 15511 14400 17225 14535 13301 14299 12701 18433 19743 9604 15724 13814 15229 23160 9017 9947 6919 16276 3685 9005 10812 13525
18500 15548 15560 14477 17098 17519 2782 12617 12584 12657 18585 10437 16903 11080 9519 13152 8931 8506 10737 16396 20260 18260 18491 9617 21645 12405 20686 20984 12435 7366 19986 12097 12059 18877 13505 7378 20047 8765 15787 16906 6793 12374 19726 16624 7723 17563 23215 23527 13502 10217 6945 14875 11567 5104 5423 11716 7174 20563 14703 16149 15104 7637 18409 14826 6101 15521 11084 9654 23859 12689 7827 15873 7689 9196 9849 8912 16902 17583 11986 9324 9494 18490 16853 18502 17911 16603 3853 18703 7912 12457 14447 9460 11327 19465 20109 18624 13034 15134 7208 491 10955 10715 18786 1071 14394 11585 15982 13703 10998 7212 11600 22519 10037 17505 7077 8750 15175 11669 21743 17039 15153 19954 7212 11174 18637 17845 13780 8121 3652 18519 14985 8208 5683 12229 5905 15478 2935 7434 13592 17883 17359 18001 7645 7019 12474 8381 10795 15760 19780 9095 10600 23416 10120 16381 8497 16773 9229 10345 8800 24301 23214 8773 18272 25001 11286 15020 2133 9019 16154 16933 8517 3819 25158 10034 18423 14150 17883 11185 18673 17405 20325 16003 15403 15701 14575 22064 22863 10459 17539 15587 18113 26483 10228 11182 7884 18748 4476 9905 12756 15002
21746 17238 16845 16931 18568 20403 3122 14359 14113 13854 20516 12166 19669 12688 11002 14260 10442 9949 11686 19241 22472 19781 20569 10525 24207 14045 23650 24337 13974 8113 21657 12948 14111 20778 16025 8120 22648 9444 17831 20023 7838 14444 22563 18458 8646 19819 27468 27231 16067 11502 7695 17162 13321 5992 6265 13788 8217 22593 16853 17670 16627 8329 21618 17561 6645 17650 12828 11374 25852 14418 9071 17244 8486 11030 11504 10720 18847 19752 13587 10137 10918 20665 19560 21209 19800 18552 4386 20223 9028 13915 16364 10854 12933 21597 22998 20213 14410 16697 8055 552 12024 11527 21215 1183 16695 12453 18015 16261 11879 8675 12725 24765 11697 19424 7672 9918 18190 12693 24721 18819 17219 21568 7956 13182 21033 19524 14960 9524 3938 21128 17041 8847 6601 13394 6936 16719 3248 8801 15767 20467 19622 21342 9072 8173 13444 9103 12374 18439 22057 10504 11459 25959 11164 18084 9722 18473 10349 11396 10305 26996 24906 10225 20932 28174 12377 17566 2328 9947 17367 19380 9661 4262 27920 11541 20741 16550 20700 12626 21864 19798 23166 18959 17530 17904 16940 23827 26500 11887 19144 17400 20662 29641 12209 12753 8867 21636 5048 11286 13808 16569

10939 9808 9964 8940 10846 8696 1788 5584 7455 6200 11509 5620 10266 7459 4532 7140 5732 4281 6327 8517 9923 8055 11441 6002 11734 6311 11936 9789 7578 3902 12757 7395 7695 8837 9142 4313 12507 5498 5724 7499 3990 6871 10061 8886 3969 8324 15198 15577 8078 4124 4843 8726 6102 3110 3311 4425 4270 11854 7564 7707 6815 4073 9826 6499 3740 9888 6863 6102 14821 6571 4717 9913 4927 6471 5263 5002 11206 9174 7194 6332 4997 10189 10758 12382 9515 9382 1555 11185 5038 6872 7787 6136 5776 10703 8756 11752 8336 9685 4308 281 6002 7274 7963 559 7850 7038 8352 6440 6093 5128 7357 11976 4618 8746 4288 4106 10150 6889 11295 8220 8517 11429 4545 7556 9728 9469 9005 3176 2072 11904 9010 4939 3825 6651 3519 6504 1789 3859 6899 10514 8712 8906 5184 3919 7598 5059 7282 8915 10733 5559 5193 14663 6047 10864 4216 10933 5662 6534 5524 10365 11750 5515 11478 11238 5655 9746 1101 5889 8766 9064 4429 2676 14719 5367 11853 8542 9286 5663 11437 10998 10495 9225 9245 10121 8623 11967 11709 4895 7425 9157 10567 16047 6294 7521 5553 10984 2141 6522 7986 8808
9497 6025 6986 8296 10147 6404 1531 5081 6905 4772 11380 4791 6834 5288 3352 7111 4619 3640 5810 7122 7556 7538 8009 5098 8174 5943 8944 8761 5689 2818 12479 7208 6165 8766 8931 4243 8236 3473 5666 6874 3259 4714 7702 6324 3432 7511 12096 9053 7496 4093 3042 7430 5640 3047 2327 4227 3534 11000 7477 7461 5491 3906 6661 5902 2625 7324 6170 4425 8730 5800 4680 9268 4042 5292 4344 4828 8619 6462 4903 3978 4796 10079 9609 9271 9164 6704 1462 8950 4918 6528 7709 4691 4502 10020 7966 10629 6729 5974 3197 197 4632 6710 7663 441 5876 6747 7132 6160 5496 3315 6714 11242 4343 8558 2938 3635 6487 5744 8865 7068 8426 6745 3735 5730 9049 6442 6187 2994 1667 8623 7511 3914 2693 5662 2343 5644 1756 3090 5885 7011 7363 7172 4158 3154 6849 3677 6599 8337 7862 3927 4071 14202 3780 8014 3929 7653 4282 4975 4481 9024 8594 4481 11267 10545 4210 8125 1098 3946 7692 7858 3953 2129 9272 5097 9448 8413 8820 5380 6884 10495 8239 9186 6916 8650 8069 8997 11141 4715 7158 6286 8222 11213 4727 4335 3590 10369 1803 4976 7301 6719
