200 4 2
111 46 76 216 33 249 226 189 14 1 107 247 245 1 77 123 237 104 115 81 74 90 135 55 12 90 89 154 81 104 108 80 203 161 238 63 35 237 120 180 58 138 102 57 1 44 192 1 121 179 113 74 15 69 1 269 144 133 1 195 144 152 199 31 17 55 153 8 86 1 200 120 124 54 186 157 93 24 69 97 1 146 134 144 183 167 134 258 122 207 274 256 207 1 101 208 80 100 29 146 225 60 179 146 172 58 254 81 237 1 1 1 158 1 137 171 139 5 143 125 124 143 152 153 244 163 24 27 43 132 126 285 118 59 65 63 124 129 65 1 140 127 115 176 1 28 67 34 1 134 70 86 1 135 232 185 97 119 92 85 33 1 174 103 140 126 67 18 144 129 86 9 162 207 74 108 1 150 13 40 72 1 185 75 237 195 31 1 143 6 136 264 134 166 167 161 165 1 144 175

4 1 13 31 9 46 37 1 1 22 1 37 39 28 1 7 12 1 8 1 34 29 40 32 38 12 1 1 9 32 6 1 6 17 37 26 17 35 1 1 20 35 50 7 29 35 1 9 25 31 17 25 1 45 1 33 17 8 27 27 26 1 34 7 1 21 43 22 19 27 55 44 1 42 5 14 26 53 23 8 1 35 29 37 1 9 45 35 16 35 39 5 29 3 1 1 1 31 30 1 30 65 23 42 6 17 21 22 13 18 5 1 6 5 14 1 7 1 14 23 24 13 45 13 1 36 41 22 1 8 23 24 24 31 18 51 23 14 13 1 24 46 21 41 29 1 24 34 30 56 1 33 39 12 19 44 8 6 21 8 10 33 32 3 17 1 1 2 1 2 40 14 1 16 21 24 1 1 17 28 21 24 14 1 25 30 4 10 1 39 1 10 12 1 9 33 25 1 42 18
13 3 29 39 10 52 48 19 21 37 7 47 47 43 6 11 32 17 27 2 47 30 47 43 49 25 22 12 16 41 7 13 12 45 60 36 37 36 20 8 32 36 82 20 34 36 20 11 37 45 30 27 10 55 19 40 18 32 38 32 42 11 51 15 9 41 52 27 26 44 61 55 5 55 18 15 43 57 46 26 11 50 46 38 18 23 63 42 17 36 51 6 49 14 29 7 17 37 38 10 37 85 34 47 14 18 35 23 24 22 13 29 7 17 21 8 28 6 15 27 37 37 50 23 17 39 59 34 5 15 27 26 34 39 26 61 34 17 14 5 29 61 22 44 31 14 34 49 34 73 24 38 51 23 20 52 24 16 34 18 11 43 52 23 27 14 9 9 6 8 55 31 6 29 24 38 12 8 19 37 27 50 23 11 37 34 6 12 5 50 6 27 22 13 19 40 26 13 49 23
24 6 43 43 18 61 49 21 33 43 24 60 48 51 7 12 40 18 37 7 52 31 62 53 61 38 43 23 31 47 20 21 21 50 68 37 53 39 26 35 33 51 91 31 47 39 23 31 59 56 52 29 19 60 26 44 41 42 66 42 54 27 53 39 19 66 55 37 48 45 67 63 14 69 19 30 65 76 50 35 25 60 64 43 28 35 72 57 29 50 53 19 61 21 35 12 23 42 41 18 61 104 37 71 30 25 50 27 26 23 14 49 17 32 38 22 29 9 32 29 44 45 57 43 19 55 62 52 11 36 41 36 51 44 38 74 35 19 33 13 43 65 43 46 51 23 46 62 41 77 35 43 57 26 27 64 28 28 39 25 12 59 66 38 32 29 10 16 27 19 70 47 23 39 44 40 22 16 25 57 36 54 24 20 46 42 21 17 7 72 20 45 26 27 38 44 42 34 60 47
38 7 54 61 37 80 56 36 34 48 33 85 49 52 8 15 54 26 42 19 59 33 63 57 79 40 54 27 34 63 30 38 25 61 104 38 74 45 43 61 36 59 106 45 68 51 34 38 61 67 55 41 31 77 33 61 47 53 75 51 73 32 64 40 20 71 63 54 63 51 90 69 22 73 37 50 84 81 66 41 39 74 75 54 33 36 86 68 37 73 66 34 65 34 42 19 32 47 54 29 71 122 39 75 44 37 58 44 28 45 20 53 19 49 52 26 34 36 34 54 57 60 70 51 22 59 76 65 12 38 54 37 64 59 45 84 50 20 35 18 44 66 73 52 65 28 52 79 46 95 46 54 61 30 34 77 39 37 69 29 13 75 75 50 63 40 25 30 49 23 85 50 41 43 57 63 30 22 27 63 39 82 27 21 59 51 37 20 21 81 27 54 38 31 42 47 45 36 63 53

3 13 14 7 17 3 2 1 17 12 4 6 5 19 21 12 20 6 5 17 28 9 13 1 9 10 12 16 3 8 19 9 9 13 15 16 2 2 11 9 19 1 19 24 17 2 18 23 10 10 9 14 26 14 20 15 5 20 11 12 7 8 2 6 16 15 11 27 8 8 15 9 1 3 9 9 1 5 17 22 12 11 9 14 4 8 8 21 6 13 1 25 12 12 15 10 9 5 9 17 7 1 21 14 1 1 13 1 10 5 18 11 3 3 7 5 8 16 8 20 18 10 8 8 17 24 18 8 1 20 21 6 8 20 1 15 12 18 1 14 22 9 13 1 5 8 11 15 11 3 18 1 19 1 10 15 23 16 1 1 11 5 14 9 3 14 20 33 1 21 11 6 1 10 31 33 15 12 10 16 9 5 9 17 16 22 1 24 12 6 18 4 13 13 7 12 3 4 6 3
13 29 15 20 33 4 5 12 18 19 16 17 11 30 22 27 27 7 7 31 42 33 23 3 10 12 27 20 18 13 31 15 16 25 16 25 18 12 34 17 32 7 29 52 18 4 36 32 18 16 16 23 35 19 33 26 16 36 12 19 12 18 11 28 36 17 21 49 23 22 32 22 10 16 28 12 5 12 19 48 20 22 15 31 5 26 20 34 14 21 3 36 30 22 27 37 10 25 30 49 21 12 30 19 9 20 25 12 18 19 37 18 20 8 18 11 24 17 25 21 34 14 20 43 28 33 23 12 9 28 30 8 26 22 8 19 25 19 4 23 28 17 43 10 23 18 14 29 16 6 34 13 26 7 29 17 29 19 7 7 15 9 19 13 18 22 39 44 18 31 17 14 20 13 41 38 29 21 19 25 15 9 18 32 23 34 4 26 23 7 27 14 34 23 19 17 10 11 28 13

6709 7319 18545 9348 11503 11463 6338 18140 14641 13683 12930 9296 18113 14480 6265 13958 11411 11518 6684 11935 7649 6053 3278 16358 9931 18289 8882 14101 6529 11294 6248 11389 8243 20671 8409 17722 13481 5731 7851 20059 7431 13713 4714 15433 18907 5558 12980 9059 1173 13308 6471 7505 11215 8761 6301 16591 18580 6334 8111 13641 4255 20554 15433 19059 7048 1065 17360 5846 15234 12647 14020 8662 8007 5609 11573 14166 12924 14868 5949 7064 13551 5793 13873 14521 8430 6831 401 10998 7461 13573 9339 5406 9270 14125 12217 7977 6523 14488 16540 10357 8821 10981 9560 8265 9157 5802 15075 10761 13304 8744 15028 13837 11574 14531 18081 7810 14123 14925 7079 21072 8415 14297 6131 16058 14740 9900 14867 17865 6660 6216 13913 8062 6029 12866 7636 14744 12766 14093 7280 13051 13950 5778 16714 5508 13355 11142 13703 13472 12088 11857 13342 14089 593 14212 9812 12761 19682 6190 8151 12596 1527 11588 14166 14557 16654 15232 6155 11939 9700 13712 5831 12156 8585 13958 6571 8078 8306 11785 13017 19260 9407 12003 6009 6561 12410 7446 17373 13081 13395 11692 12417 9422 6345 4117 14705 14456 12313 1826 7653 8571
7490 8383 20906 11632 13477 14027 7725 21066 18231 16902 14955 10383 20139 16811 7735 15769 13825 14358 7837 14139 9489 7333 4020 19830 12413 20769 10676 17217 7482 13664 7574 14193 9095 24617 9682 19884 16053 6479 9308 24582 9195 15555 5679 18947 21954 6328 15639 11291 1399 15577 7695 8976 12584 9643 7075 18470 21224 7170 9853 15488 4815 23831 19146 22069 8170 1249 21043 7189 17997 15111 16809 9834 8863 6862 13043 15625 14840 18344 6850 8370 16103 6491 15280 17237 10149 8096 453 13482 8270 15629 10627 6662 10472 16812 14193 9438 7859 16946 20419 12240 10713 13423 10737 9354 11294 6463 18716 12318 15552 10115 18306 16013 13286 17019 20818 8862 16846 18417 8595 25214 10345 15779 7245 19646 17424 11552 16591 20075 7326 7458 15459 8956 7061 15392 8534 16906 15505 17541 8830 14538 15921 6675 20246 6563 16230 12617 16902 16422 14676 14762 14925 17114 656 15863 11526 15503 24077 7016 9879 14990 1891 14003 17089 16817 18737 17206 6854 13889 11480 16975 6827 14619 10277 15422 8025 8953 10058 13501 16071 23310 11042 14709 7407 7654 14327 9158 19551 15440 16310 13266 14008 11223 7157 5140 16261 17535 13580 2078 9515 10497
8543 9838 23306 13734 16039 15921 9129 24366 19828 18472 17109 12345 23680 19305 8499 18536 16284 16619 9375 16812 10544 8443 4384 23228 14737 23733 11843 18901 8540 15056 8560 16514 10878 26866 10871 24223 18309 7609 11088 29186 10274 18481 6507 22289 24841 7368 18809 13198 1524 18850 8406 10438 13802 10779 8357 20324 24319 8642 11352 18206 5743 28639 21642 25941 8879 1491 23400 8368 21029 17806 19377 11512 9947 7605 14351 18639 17652 21904 7879 9428 18171 7381 18622 19070 11837 8797 553 15583 9250 17421 11798 7875 11937 19996 15768 10328 8717 20223 22328 13724 12025 14856 12679 11069 12710 7440 20363 14487 18434 11830 20728 17952 15042 18639 22957 9982 18445 21665 9598 28471 11656 18015 7900 22722 20647 12649 18340 22004 8502 8965 18693 10717 8550 16875 10339 19482 17985 19941 10640 16462 19075 7535 22766 7565 18088 15218 20030 18095 16055 16492 16880 20085 719 17484 13912 18294 27550 8184 10909 17597 2089 16628 20419 18682 22855 18943 7545 15761 13556 18776 7784 16624 12412 18352 9062 9966 11144 15445 18566 27797 13190 16162 8754 8849 16213 10976 22786 17402 19101 14575 16066 12301 8658 5794 17900 19628 16574 2444 10525 12477
10195 11471 27044 15460 18243 18061 10215 27877 21620 20681 19526 13646 28145 22479 9180 20549 18259 18391 10858 18996 11718 9548 4736 25218 17139 27755 13564 21999 9505 17274 9231 17761 12125 29076 12732 27793 20525 8617 12512 32111 11734 19961 7164 26129 27609 8134 21332 15037 1668 20344 9394 12312 15758 12245 9807 22483 27572 9645 12588 21211 6758 30881 24018 30369 10582 1634 25960 9389 24790 20208 21893 13126 11587 8676 16273 21592 19567 24783 8556 10213 19764 8751 21122 22639 13171 9589 634 17554 10275 20694 13905 9142 14175 22156 18658 11824 10226 22430 24123 15992 13957 17339 13815 12658 14225 8110 22124 15776 20973 13914 22521 20285 16570 20819 27355 11678 20397 25174 10322 32018 13342 20507 8755 24939 23527 14198 22034 25327 9398 9970 21538 12615 9568 18224 11173 22376 19398 23029 11779 18768 21686 8679 26114 8326 21113 17032 21546 20394 17558 19123 18891 22985 851 19838 16275 19604 30212 9193 12849 18987 2378 19300 22217 22266 25847 20867 8303 17274 15389 21712 8499 19351 14286 20121 10403 10994 12586 18364 20945 31300 14674 17973 9456 10382 18064 12283 24683 18990 22292 16433 17327 13383 9596 6628 21188 22266 18221 2786 11553 14558

5140 4720 12582 6044 7290 8814 4814 12635 12186 10126 10754 7026 12355 11571 4690 11583 10187 8255 5021 8889 6545 4557 2939 11283 7901 15890 6540 10061 5284 9961 4554 9564 6154 15942 5973 13917 9631 4328 6829 15383 4721 11278 3324 9998 14111 3298 11490 8103 936 7980 5305 6054 7346 7659 5435 11893 15356 5573 6873 12205 2698 17795 10293 12955 5632 736 11787 3812 9692 11197 9002 5613 6939 4351 9307 12642 9383 11875 5190 6305 9039 5096 9485 11890 6271 4287 301 9252 5916 9431 7509 3890 8209 12470 10078 5665 5026 12403 14566 7147 7348 8840 6423 6722 7245 4944 12058 9347 11593 6323 12615 9305 9432 13006 12160 5684 10137 11056 4870 17367 7392 10430 4133 10667 13224 8670 10791 13327 4684 4883 10990 6283 5163 10264 6678 13161 10766 10313 6533 11515 8369 4901 14125 4471 10261 9539 11828 11481 9077 10459 7973 8220 482 9727 7989 9586 15129 4922 6547 10470 1270 9850 10910 9706 12796 12985 5500 8285 5477 11807 4026 10022 6195 10331 5384 6654 4551 8536 7472 17283 7816 10477 4175 5433 9570 4209 13415 9172 10731 6727 11024 7456 5127 2701 10126 9062 8529 1509 5661 5201
3578 4377 10797 5678 6746 7407 3702 10367 10779 8527 7675 6457 9665 11493 3989 9841 7249 7244 4078 6727 5148 3257 1978 10107 5671 11448 4728 7201 4113 9154 3618 7082 4929 10605 5007 13179 7234 3751 6372 12580 4303 10926 2915 8306 13956 3121 10334 7070 854 6663 4437 5162 5848 7467 3475 11411 11041 4028 4455 11940 2643 14324 9389 9645 4893 614 9174 3351 8484 6980 8709 5337 4670 4107 7099 7088 7160 8015 4083 5756 7783 3692 8945 10664 4929 3841 232 8285 5835 7651 6483 3638 6316 9635 7933 5264 4818 11457 14363 6550 4447 6413 5399 5856 7075 3737 10074 8660 9926 5398 8637 8541 9347 7448 9474 5233 7439 7545 4713 10755 4684 9798 3329 9662 10549 6938 8398 11746 4035 4373 8178 5693 3139 8470 4232 8318 6598 9745 6478 8122 7538 3812 8518 4107 8660 9354 9127 8675 8456 9950 7951 8068 303 9171 5576 7924 10663 3240 5903 7255 1147 7783 10477 7356 8494 11688 4953 7773 4911 8722 3579 6418 4535 8226 3399 5640 4452 6195 6607 14745 6307 7463 3618 4201 8569 3972 11849 8124 6889 6117 10904 6953 3586 2496 7686 8418 6837 917 4516 4809
