200 4 2
97 169 55 90 41 132 15 94 133 1 78 143 63 157 35 1 85 138 106 126 1 35 198 131 107 125 146 194 102 145 74 8 126 115 139 77 115 36 147 1 59 51 88 179 143 154 70 126 137 103 141 140 88 185 100 148 71 111 128 93 64 80 26 73 187 133 145 138 1 231 129 66 26 89 210 143 1 52 177 92 81 188 130 106 1 88 122 64 1 203 11 229 53 253 86 36 116 80 220 38 93 6 283 142 67 22 169 20 222 161 304 126 111 1 72 155 90 33 125 1 127 113 1 110 131 136 8 164 82 1 136 145 149 29 57 1 82 247 191 166 119 98 121 212 1 90 51 123 67 134 207 58 34 177 69 83 160 218 141 84 189 2 154 212 187 42 123 146 247 1 117 1 95 111 241 124 65 70 126 125 1 127 1 280 93 18 109 1 221 199 98 166 156 113 62 45 4 224 1 1

34 40 23 54 1 8 23 11 10 31 24 28 41 1 10 21 36 15 11 38 11 31 28 28 16 20 18 33 1 42 7 3 1 8 44 14 5 37 18 21 16 44 1 42 12 22 35 17 26 15 1 20 21 1 1 22 1 28 1 4 15 17 1 26 33 23 18 17 37 63 51 29 26 19 18 39 20 4 30 1 35 21 49 16 29 12 22 28 28 20 31 1 28 12 29 31 42 21 10 23 45 26 1 1 27 8 7 47 25 20 23 37 26 26 7 12 21 26 16 19 1 32 34 7 20 1 10 40 27 36 2 27 7 16 23 1 25 1 26 20 2 31 54 9 14 9 28 7 17 54 24 24 17 22 14 31 31 24 22 2 11 56 24 1 51 35 21 13 41 61 14 39 12 14 8 39 8 39 10 35 44 20 33 15 14 45 2 6 35 28 24 36 29 51 13 17 20 16 2 30
40 54 24 59 3 16 30 31 20 34 57 37 56 35 19 47 52 20 14 56 34 37 29 29 18 24 36 34 2 49 13 13 7 22 52 15 6 40 29 32 17 55 17 66 14 27 53 36 33 28 2 25 33 2 24 42 3 31 3 16 25 18 17 32 44 25 27 27 44 67 58 44 45 28 33 41 39 9 43 9 36 30 57 31 30 20 33 37 40 35 50 12 64 21 40 32 53 33 32 28 51 33 13 10 31 27 18 53 29 38 27 49 34 38 28 26 36 37 31 38 10 38 52 20 24 12 15 47 40 55 24 45 17 22 24 11 44 6 47 23 9 32 77 12 23 24 39 26 30 66 45 28 31 23 16 37 43 38 31 14 22 61 27 31 62 55 22 16 49 62 38 58 28 23 23 62 22 57 12 42 64 22 36 21 16 70 8 20 45 29 25 56 47 56 21 29 23 25 4 45
41 60 35 63 8 22 51 35 37 35 59 55 73 45 32 65 65 33 15 62 40 42 48 54 25 32 44 41 28 51 14 16 18 27 59 27 9 59 42 40 23 58 32 74 18 37 66 37 44 29 3 43 39 15 38 63 13 46 25 26 41 28 31 39 47 30 28 31 57 72 63 59 46 35 55 62 43 19 49 20 39 33 58 33 50 34 47 50 64 55 79 16 72 25 41 33 59 51 58 34 63 52 14 24 36 28 24 59 38 44 44 57 49 44 46 27 56 56 43 60 31 40 61 32 38 35 39 53 56 59 38 63 29 27 37 12 45 17 62 34 29 35 86 25 33 44 51 27 37 76 48 41 45 56 28 42 61 44 32 22 52 71 36 38 77 65 31 42 77 65 43 64 38 28 25 72 27 69 29 48 91 41 50 24 24 76 20 36 48 46 29 57 61 60 31 55 29 33 18 46
54 62 40 71 14 29 66 41 38 45 66 66 92 59 40 71 66 36 19 65 49 46 59 74 26 42 61 50 40 63 29 43 19 31 61 46 18 68 43 50 47 66 37 99 26 51 93 49 51 42 12 62 59 31 40 66 24 58 27 38 63 29 36 61 54 41 47 32 71 76 69 62 63 56 78 68 59 31 67 44 43 36 63 44 60 43 77 60 65 68 81 31 78 28 51 39 65 62 76 41 80 53 23 25 48 42 28 73 59 54 52 58 54 70 50 39 57 63 54 68 36 63 84 58 43 48 53 62 61 76 45 66 34 41 41 25 68 24 74 39 41 55 101 44 37 73 66 35 47 85 64 42 58 70 29 47 80 59 40 26 56 79 41 49 79 71 43 48 101 67 45 78 46 29 44 83 33 73 33 63 96 52 57 42 29 95 28 41 49 52 30 59 68 64 34 64 38 43 31 58

21 1 25 20 22 1 18 18 28 5 15 13 11 1 8 20 11 6 5 6 4 9 12 12 7 21 20 6 20 7 17 21 5 13 1 9 2 17 17 16 1 1 16 11 3 12 8 5 13 16 20 13 11 17 9 1 10 7 1 10 1 14 17 14 9 10 14 7 3 9 18 4 11 14 1 16 14 8 4 2 1 16 23 17 29 21 14 10 4 7 17 1 17 2 2 26 19 8 9 15 3 3 9 14 14 27 13 8 22 9 10 18 8 15 17 12 23 15 8 5 2 11 13 10 24 12 18 10 1 13 13 6 1 21 1 4 7 13 1 21 22 4 14 21 1 12 11 9 6 15 4 4 16 29 19 1 1 4 3 9 2 6 11 8 1 10 1 13 18 1 12 6 9 2 15 2 9 1 20 2 9 14 6 7 1 12 1 9 19 5 16 8 21 15 8 1 8 16 4 32
35 9 33 36 24 27 20 22 38 6 26 14 16 2 25 38 14 10 10 21 7 17 35 13 14 41 42 23 41 15 24 38 11 22 13 21 18 37 33 25 10 8 18 28 6 25 22 6 18 27 34 21 20 34 16 15 16 20 2 34 12 26 38 25 14 21 28 15 4 11 20 23 15 18 13 31 25 9 7 7 13 25 29 36 38 22 22 30 7 19 27 25 18 19 13 40 24 11 24 16 15 15 17 20 36 28 15 9 29 10 11 32 21 30 35 26 26 29 11 18 13 42 30 24 39 26 23 17 13 15 23 23 24 26 4 15 11 22 21 42 29 5 16 31 11 19 21 10 10 29 16 7 30 37 34 22 19 13 4 38 4 20 27 24 21 17 19 17 48 23 34 7 11 16 26 7 10 29 31 20 11 18 10 9 22 26 25 19 34 15 34 43 35 23 19 13 9 45 13 37

10550 2232 4016 7051 6592 8716 10054 11907 13777 9313 13127 9431 12206 11821 11001 11639 9124 5359 14593 7498 12348 7734 10555 6590 9402 15975 12536 14708 6507 7699 6963 7379 13144 10697 16951 6278 13498 5893 214 7459 8449 8729 19864 13440 7489 9853 12049 9950 5958 9748 13649 10779 12597 13144 8750 11607 14127 14005 12976 5265 10980 11930 15485 11388 11664 6723 8043 7303 7233 12000 10193 12824 8455 19906 2382 11532 5762 12342 13832 19820 14566 10704 7465 12598 14503 13728 6039 9593 7112 6089 8571 12067 8649 12838 9044 6838 16499 14265 291 5607 13288 7498 6863 9149 12761 8664 13570 9595 9155 13341 12677 12140 10999 10459 5931 7833 16424 10787 7440 14310 14330 15727 10204 6456 6662 6259 16218 9203 6584 7653 14234 11481 7472 9353 18076 13787 8682 13631 10629 14671 6181 12687 3425 14404 11996 2692 14284 6194 7052 13921 6962 14282 19053 12277 14308 14271 19308 13915 12119 14597 9176 5533 9403 8842 12012 6380 3075 7236 14165 7546 7267 9877 8002 11314 10648 8593 8460 9719 14421 9879 7855 12545 10732 13692 8417 19510 7363 7387 8389 16592 7410 12469 13464 12416 13210 11596 9109 10245 14721 2036
11938 2760 4531 8042 7566 10629 12526 14183 16242 11132 15585 11198 15136 14606 13234 13028 10504 6075 17822 8809 13732 9344 13138 8191 10404 18729 15249 17535 7157 8995 8617 8466 14777 12420 18723 7390 16783 6633 258 8521 9970 10899 22586 15865 8714 11998 14194 11948 7051 10865 15915 12918 15208 15429 9660 12898 16954 15875 14601 5809 13252 13496 17275 13022 13737 7890 9280 8504 8575 13747 12498 15620 9594 22943 2689 12939 6548 14002 16696 22473 16941 12801 8375 15311 17657 16755 6740 10635 8880 6755 9588 14447 10480 15703 10877 8436 19212 17358 346 6621 16043 9245 7776 10086 15503 9654 15046 10760 11014 16437 14744 14946 13607 12603 6665 9661 19373 13098 8752 16363 17249 17365 12688 7732 7760 7244 18764 10329 7854 9140 15673 13026 9185 11084 19909 15443 9673 15475 12034 17555 7545 14536 3799 17153 14527 3323 16850 7303 7924 15478 8302 17615 23651 15110 17720 15977 23649 17120 14161 17841 11435 6523 11273 10663 14794 7972 3817 8978 17333 8795 8613 11885 9561 12576 12526 10307 10248 11446 17624 11120 8948 14766 13054 15908 9373 22411 8224 8853 10140 20558 8774 14303 16479 14074 16355 13249 11313 12479 16456 2360
12996 3258 5260 9465 9047 11565 15010 16474 19345 12623 18502 13133 17038 16967 14563 14797 11983 6759 21187 10318 15464 10688 14220 9626 12434 20952 16742 20347 7996 10008 9595 9296 17838 14637 20621 8952 18265 8104 306 10230 12028 12985 27308 18910 10497 13829 16864 13327 8202 12498 18544 15125 16679 18099 10836 14603 19769 17373 16901 6580 15985 14827 19193 15235 16575 8839 10403 10278 10269 16587 13750 18070 10781 27059 3032 15598 7137 17049 18793 24747 19539 14243 9571 18226 20914 19243 7800 11779 10624 7651 10475 16283 11489 18428 12198 9871 21431 20329 413 7966 19348 10043 9429 11056 17643 10962 18193 11723 11980 17929 16392 17931 16142 14216 7720 10559 21129 15678 9819 18770 19953 20715 14892 8515 8444 7886 20510 12210 8754 9950 17648 14265 10975 12259 22625 17720 11452 17010 13565 19748 9051 16142 4167 20228 16633 3664 19056 8821 9073 17857 9931 19320 27048 16464 20951 18533 28116 20100 16592 19525 12785 7414 13118 11759 16288 9040 4158 9843 19833 10346 9806 14351 10753 14169 13676 11532 12217 13595 19947 12568 10172 16628 15076 18973 11466 24736 9766 10179 10988 23549 9929 17187 19387 16622 18564 14580 13353 14526 19916 2687
14340 3768 5845 10582 9850 13446 16067 18055 22774 13971 21237 14699 18512 19506 16095 17098 14076 7854 24606 11206 17639 11578 16808 10987 13706 23996 19459 22896 9447 11206 11049 10209 19482 16871 22838 9709 20007 9057 332 11099 13813 14257 31122 21810 11451 16154 18161 15226 9499 13978 20556 17416 19557 20180 12483 17052 22271 19552 19505 7267 17954 17079 22974 17664 19180 10259 11424 11249 11327 18510 16234 21197 12169 30717 3368 18176 8422 18568 22180 29337 22242 16533 10325 20476 24149 22413 9296 14067 11666 9024 11429 18601 13178 19973 14228 11088 24806 21900 480 8973 21851 11791 10839 12618 20202 11897 19833 13554 14086 19448 19395 19350 18608 15551 8755 12330 25100 17762 10666 21937 23151 23445 16220 10073 9987 8731 22166 13738 9719 11781 20362 16067 12289 13475 26357 21072 12836 19347 15179 21387 9978 17459 4979 21844 19017 4295 22063 10190 10028 19304 11232 22619 29250 18824 22889 20068 32129 22060 19350 22601 13747 8502 14724 13500 18971 9799 4551 11615 22143 11779 11473 15916 11922 16116 15374 13504 13794 15579 23547 14680 11870 19488 17419 20996 12491 29529 10792 11855 12738 26977 11628 18873 22610 19083 21090 17245 14750 15966 22989 3039

8920 1520 2563 5873 5096 7586 8131 7935 11326 6143 9035 7404 8912 9898 6241 9168 7415 4449 12138 6514 10696 5392 7987 5668 7186 12814 10417 10256 5275 4676 5589 5486 9849 8299 12226 5086 11155 4909 118 5081 5832 6126 13131 7803 6133 7836 8587 7248 4079 7081 11785 7525 8007 9634 7285 8686 11505 10064 10549 3596 9587 10176 13206 10203 8741 4328 5402 5166 5292 10227 8891 9726 7462 16742 1661 8988 4954 7826 12230 14099 9334 6218 5957 10743 10327 12170 4432 7014 6159 5162 7521 9801 6872 9842 7530 5171 13737 12563 189 4032 11223 4361 6038 5745 9684 5928 11873 8451 7637 11079 10755 9536 5831 9027 5284 6505 10742 7976 6582 12206 12724 12995 5899 4153 4810 5155 13451 6066 4931 6524 10743 9202 5739 7974 15320 10979 6624 11044 7112 12960 4320 10976 2448 12376 9755 2009 11782 4717 5671 10820 6210 10106 17042 7157 10548 12157 16072 11027 9167 11009 5759 4302 7327 7023 8397 4824 2201 6356 11303 4590 5798 8791 7077 9774 8553 6720 6656 6294 11913 7852 6100 10693 8971 9458 7126 16005 6430 5733 7220 9449 6513 10633 9466 10187 9380 8731 6466 9214 11621 1559
7710 1471 2106 5157 3937 6053 6474 7249 11231 5230 7348 5136 6896 8464 5904 8280 6918 3419 8121 6398 9286 4758 6129 3976 5383 12080 9920 9069 3581 4128 5183 4883 7759 6612 10181 4283 6947 4873 108 4540 4258 4925 10636 7363 5923 7231 8008 5254 3461 6308 10616 6694 6410 7473 4792 8055 8204 9169 10017 2637 5840 6352 8426 7882 7443 3641 4040 4693 4071 7678 7195 7262 6289 14860 1360 8912 4373 6230 10658 10921 8592 5799 4578 7428 10167 9375 3369 6838 3699 3127 6834 6684 4818 6449 5135 4250 11717 10400 148 3015 9444 3921 4106 5646 7459 5645 8038 7796 6790 9588 10645 7940 5775 6886 4354 4382 9220 7752 5799 7941 10500 12857 5669 4095 3823 3840 10639 5515 3660 6104 8039 6073 4214 5035 15112 10145 5134 7177 7063 9961 3933 7673 1895 10025 8154 1993 11060 4613 3900 10611 5978 8433 11184 6621 10400 10835 13995 7206 8405 9572 5231 3233 5858 6873 8234 4620 1651 4474 8890 3877 3740 6525 6762 6034 8159 5051 5993 4907 10009 5214 4021 7954 8352 8949 7067 12862 6416 5622 5562 8607 3966 10156 7912 7333 7463 6558 6322 5305 10313 1213
