200 4 2
74 51 209 57 152 1 239 146 136 72 281 38 101 117 77 116 150 16 133 149 166 29 124 222 16 79 166 218 84 156 181 148 186 130 96 127 56 59 80 81 54 93 139 156 100 185 109 1 118 115 159 161 34 190 115 131 67 118 196 29 38 79 80 147 139 1 22 206 134 143 1 275 55 224 87 99 144 131 111 123 49 171 125 44 94 134 98 1 146 100 129 128 118 140 20 100 16 63 1 1 162 75 102 121 190 76 104 1 151 70 100 169 15 50 11 187 65 75 225 152 192 98 109 25 1 226 178 52 186 9 246 1 117 64 49 138 44 170 1 1 96 124 261 29 57 160 79 75 183 136 186 62 25 117 1 128 95 132 276 1 34 1 92 115 82 136 132 163 110 142 85 169 25 99 91 109 21 22 1 195 196 218 212 98 1 145 1 149 1 182 129 44 177 22 102 137 1 31 149 1

1 2 42 4 30 20 9 20 23 18 33 4 1 6 30 23 45 1 32 2 22 10 28 6 22 26 14 10 1 36 30 36 32 28 19 5 45 40 33 38 12 26 16 3 12 41 18 56 33 1 1 26 12 17 4 40 20 32 3 16 35 28 39 19 18 26 34 34 1 15 5 5 26 21 1 2 26 28 20 40 7 22 5 48 7 1 7 8 10 41 39 16 46 20 8 37 18 15 26 1 22 9 19 14 28 23 18 6 13 10 5 1 18 18 54 1 1 40 38 21 4 10 25 1 21 1 53 12 53 21 33 14 1 23 35 29 1 21 17 17 9 22 24 7 14 48 38 1 24 30 29 16 6 70 14 35 30 2 1 1 33 27 1 1 31 1 3 43 45 2 9 42 15 47 22 35 43 15 43 3 44 40 1 37 26 17 12 33 21 25 18 58 44 27 16 48 32 12 6 38
18 3 44 29 31 28 22 21 45 29 51 22 22 7 39 33 55 11 33 16 25 14 39 8 39 32 27 20 10 39 31 42 44 33 26 18 71 51 48 44 17 38 31 14 19 67 34 67 42 8 15 38 36 35 20 58 34 46 14 26 36 32 54 31 27 27 38 40 11 22 6 21 33 32 21 15 40 30 21 53 8 26 16 55 22 5 19 14 28 47 45 21 65 26 22 48 28 23 42 23 40 13 36 23 32 27 23 23 24 15 12 11 33 25 57 8 18 56 50 38 16 24 41 27 40 9 62 24 75 33 57 28 7 31 38 32 24 35 23 43 26 41 43 20 24 60 42 2 34 42 45 19 7 83 25 39 37 19 2 14 35 28 6 19 33 4 22 48 59 22 14 49 25 66 34 58 64 16 57 17 56 44 8 49 38 24 13 49 22 47 32 75 58 28 23 66 39 35 13 48
48 13 49 43 37 37 38 38 62 42 64 29 42 16 41 35 60 28 44 28 32 30 52 20 46 34 38 21 19 40 42 49 54 48 31 31 72 57 66 51 31 44 44 28 37 81 40 68 64 24 19 41 39 45 32 59 45 70 15 37 50 52 58 32 45 34 50 52 17 30 12 31 51 49 29 31 47 53 26 65 9 42 17 70 32 7 37 18 35 53 62 22 83 33 31 51 36 35 72 41 53 21 39 46 38 38 25 25 25 19 35 37 38 41 61 20 19 70 57 41 35 25 48 28 51 11 77 25 82 36 68 44 20 34 39 35 30 36 27 50 34 46 46 46 30 72 50 16 35 45 57 24 14 93 27 53 54 31 8 24 36 31 27 30 50 13 29 57 63 44 30 56 50 91 35 79 75 17 62 27 57 53 20 66 39 47 28 66 23 55 52 83 65 36 30 81 52 46 33 58
58 17 57 53 42 41 53 43 83 63 71 41 56 24 55 50 61 42 47 35 36 44 64 24 63 37 43 28 47 49 54 66 64 62 38 33 89 63 69 57 48 55 48 42 48 99 48 91 82 45 30 42 55 58 37 60 54 82 22 63 61 71 59 42 49 35 51 53 29 41 16 51 65 51 53 37 71 54 34 76 34 51 20 78 46 17 38 23 43 68 75 49 101 45 44 59 56 42 76 42 61 33 40 59 46 47 26 58 44 22 37 45 67 53 77 29 27 77 65 47 52 26 54 49 53 21 79 42 91 38 80 62 25 55 53 65 36 40 40 55 41 52 64 71 32 80 51 18 55 53 70 43 16 104 44 65 56 53 32 48 41 44 47 37 53 26 31 58 88 66 51 75 60 113 38 88 78 43 85 31 63 67 33 86 59 69 45 86 29 58 59 85 73 56 36 82 57 63 45 65

1 1 1 6 3 24 7 20 3 9 13 17 10 5 8 1 18 1 4 23 4 1 7 8 26 5 2 1 18 9 12 6 40 15 2 4 4 1 2 4 4 7 6 14 1 19 20 6 3 20 14 20 21 1 13 1 14 6 9 10 14 9 21 3 14 8 13 12 6 24 1 12 19 3 1 3 1 7 22 1 4 1 3 1 13 5 11 8 6 9 6 16 21 7 5 5 3 10 10 4 1 24 5 6 9 1 14 1 5 13 3 5 11 11 17 7 3 22 24 26 15 15 7 10 8 1 13 6 2 22 1 13 10 18 5 3 11 4 8 22 15 6 17 15 20 20 21 11 10 15 15 11 11 25 9 12 26 9 7 17 3 12 8 8 6 7 23 4 15 21 5 2 7 3 22 7 17 1 1 21 8 16 30 7 23 8 4 6 4 19 1 7 14 10 14 1 4 21 4 11
22 2 25 26 19 41 18 32 18 26 25 18 19 22 21 5 41 13 10 49 9 19 20 22 36 9 16 13 36 15 27 7 56 26 8 10 21 2 3 16 10 29 26 15 7 27 38 7 11 24 16 25 36 10 16 11 26 20 18 23 30 18 30 16 36 26 29 17 23 38 27 14 34 9 7 9 9 17 23 3 9 7 16 6 42 29 28 26 30 10 14 32 30 16 21 17 31 31 21 13 18 33 12 19 18 3 26 12 21 23 26 9 16 20 18 22 10 34 35 37 34 33 18 14 28 2 24 12 19 32 12 20 15 37 14 13 31 19 18 37 29 7 36 26 39 24 24 18 26 20 17 14 21 27 36 21 34 15 18 29 39 30 13 15 8 16 24 15 20 41 13 10 23 11 25 40 33 22 30 33 14 28 35 17 31 30 15 21 5 31 19 17 16 26 30 13 5 49 16 22

8895 14494 853 4965 5101 11525 9227 11363 11225 10641 8696 10324 14125 11795 13526 13539 6774 7613 11777 8122 6148 12826 8211 8909 8673 10582 6024 6441 7464 8332 1990 9156 11511 2087 8014 6187 1908 2711 10345 18861 10746 6150 8924 13598 6469 8829 11340 9045 6853 8919 3478 6889 12991 7554 7369 12744 13146 14373 5968 13556 7079 9942 14417 17148 6407 14200 11376 12570 7009 8964 16775 4715 10486 11083 1669 8338 12507 16316 4128 7612 14294 8747 14037 12755 13086 15222 7335 5912 4083 1627 13299 5510 18917 7321 13900 11354 4306 7189 3630 4154 7131 12187 12947 5971 13969 13546 13252 7973 6737 9295 19838 10606 6760 11004 17138 2063 8889 7049 8886 12168 9445 1033 6769 13766 9056 14462 12664 13724 12591 6781 15896 6656 16897 7058 15706 17514 13358 4178 8304 10783 11696 5376 8739 4427 3295 13988 11580 12092 5683 11676 12336 2767 6780 7135 7055 4764 6358 69 11098 1193 11824 12579 13016 5797 7393 8222 13905 11125 12449 17701 7002 11916 7494 11154 1935 14186 6155 7203 11916 18429 2611 5904 12343 4401 14089 8588 19289 7066 18800 5879 8567 12991 12452 9566 10927 6991 2512 19684 9061 12632
10990 17223 1055 5958 5664 13254 10860 13954 12472 12518 9848 12326 16155 14190 15124 16578 8179 9259 13727 9568 7380 15193 10074 10968 9593 12926 6752 7154 8663 9344 2425 11383 13618 2430 9142 7506 2177 3262 11906 23571 12975 6815 10613 16500 7563 10682 12741 11174 7564 10718 4225 8040 15326 9250 8272 14956 14480 15812 7241 15559 8126 11284 17097 21071 7090 17627 13999 14015 7760 10652 19912 5447 13064 12217 2083 9985 14097 18074 4644 8736 17617 9830 16778 15758 14870 16776 8330 6635 4492 1826 15271 6122 23378 8193 15305 13888 5117 8953 4477 4782 8578 15111 15492 7144 15853 15172 15911 9756 7507 11096 24461 12026 8099 12453 20804 2355 10444 8050 10587 13624 11207 1169 8435 15889 11219 16336 14860 15440 14854 8339 18676 7392 19522 8442 18447 20296 16084 4696 9289 12989 13808 6577 10488 5078 3787 15534 13880 14374 6523 14041 14661 3193 7506 8722 8340 5371 7109 81 12296 1360 14351 15614 15202 7143 8149 10201 17220 13393 14958 20863 8469 13671 9296 12547 2183 16145 7402 8330 14660 21487 3053 6567 15121 5461 15989 10449 23829 7806 23106 6592 9779 15446 15415 11320 12409 8502 2926 22499 11201 14273
12506 19734 1232 6496 6285 15653 12589 15094 14451 14477 11320 13529 17715 16509 16736 18370 9445 10597 16507 11178 8330 16895 11987 11865 10838 14523 7468 8040 10036 10557 2734 12632 14879 2643 10766 8515 2525 3581 13239 27741 14872 8029 12482 18624 8464 11744 15459 12872 9212 11937 4964 9208 17893 10162 9081 17251 17296 18769 8251 16971 9220 12326 19797 23488 7736 19601 15954 16679 8951 12656 22325 6243 14202 13800 2492 11903 16517 22078 5268 10051 20825 10994 19031 17076 16494 18582 9801 7855 5187 2057 17326 7103 25293 9212 17925 15099 6012 10538 5190 5401 9698 18054 17064 7924 18414 17821 18787 10723 8257 12044 28433 13209 9034 14590 23099 2690 11547 9071 12753 15537 12155 1386 9345 18898 12132 18503 17780 18850 16685 9497 20323 8677 23452 9492 20944 23486 19137 5394 10599 14839 15306 7640 11996 5572 4165 18029 16435 16229 7131 15428 16640 3656 8678 9598 9390 6151 8337 89 14001 1535 15659 17947 18162 8465 9778 12246 19130 14637 16391 24060 9979 15298 10784 14280 2435 19511 8889 9495 16003 24397 3360 8012 17763 5999 19128 11636 28640 9174 27680 7457 11829 18432 16968 13522 13555 9425 3346 27053 12816 16783
14427 21420 1372 7456 7115 18092 14712 16556 15618 16883 13296 15229 19943 18850 19350 20019 10223 11604 17919 12055 9625 18771 12820 13503 12250 16876 8482 9243 11880 12419 3018 14059 16741 3039 12438 9420 2826 3929 15673 31447 17290 9074 14021 20094 9897 13624 16923 14941 10634 13290 5475 10584 19630 11315 10482 20251 18660 20432 9727 18396 9971 14058 22667 27259 8706 21421 17943 19404 10407 14659 24456 6840 16294 15196 2703 13799 18224 25165 6109 11273 23359 12495 22022 18364 19763 21664 11159 8928 6073 2438 18943 8205 29049 10844 19714 17180 6634 11481 5655 5910 10464 20197 18951 8617 21024 19772 20540 11865 9711 13858 32809 14410 9905 16704 25499 3070 13101 10511 14181 16783 13872 1580 10904 22038 13667 21787 19306 21103 18585 10563 22133 10281 25925 10414 22568 27781 20611 6242 12170 16990 17399 8555 13225 6155 4921 21118 19018 18217 8340 17235 18255 4047 9979 10649 10436 7177 9306 99 16086 1674 17904 21023 20306 9739 11427 13700 21864 15869 18591 26539 11606 16568 12584 16909 2801 21944 9625 10662 18166 27519 3987 9179 19897 6729 21601 12631 31671 10448 32212 8915 12938 20542 19059 15498 15491 10152 3904 31667 14231 18788

6988 7599 751 3124 3767 10042 6827 10128 10081 8726 7727 6913 10896 10098 11123 12172 4494 5754 7347 6410 3963 11541 4562 7735 7022 7418 4700 5552 4788 4847 1386 5344 7141 1646 6109 4452 1577 1647 7563 13582 8175 5358 6404 7659 4405 7392 6349 7710 4390 5905 2850 5110 10755 6781 6620 9043 9740 11209 4372 10939 4373 8286 12753 11259 4162 9495 8035 10200 4883 7052 14912 3065 8519 7040 1256 5345 10739 14501 3452 6492 11671 6766 12632 9666 6748 12143 5220 4987 2732 938 10829 4011 16451 5424 12127 6095 3757 5064 2031 3356 6417 7712 11238 4567 11025 10066 11095 5528 5374 6932 16255 8488 5882 9138 11774 1420 7854 6102 6372 9864 6999 720 5429 10592 7782 12624 8904 8265 10613 5112 13363 5506 12908 5422 13822 11902 11694 3502 7449 7650 7559 3936 7153 2753 2403 12204 8329 8814 3711 8387 8142 1710 4949 5602 5139 3828 5122 62 8364 964 8931 7561 8032 3901 6040 7255 10448 6721 8782 11485 4186 9274 6202 7400 1304 12343 4869 6374 9569 13789 1709 4064 9080 2466 10450 5738 14167 6334 16735 5122 5908 9324 9325 6787 8045 5917 1983 17647 7016 11225
6776 7424 673 2987 3285 7304 5809 9941 8004 6713 6829 6002 8874 6828 8512 9942 4149 4081 6275 4874 3678 10792 4500 4508 4480 6471 3610 3824 4737 4287 1169 4768 5935 1466 5220 3865 1502 1362 5731 10041 6259 4163 6128 7224 3637 5894 5736 5386 4296 4929 2668 3744 6816 4860 5578 6420 6682 8279 4110 9080 4149 7630 8258 10466 4073 7192 7342 7362 4813 6272 12609 2993 7640 5870 881 4383 6782 12041 2892 5405 9362 5054 10901 6809 6614 10660 4040 3455 2637 831 7158 3108 10268 4571 10122 5763 2411 5044 1953 2271 6253 6918 9256 3571 9537 9712 9697 4861 3468 6369 14102 6141 5236 8276 11017 1213 7085 4905 5571 6468 5911 657 5421 8826 6261 12218 8580 8033 6579 3641 8172 5472 8492 4746 10989 9436 7080 2360 4225 6889 5892 2787 5840 2415 1927 7548 8184 6511 3267 7707 7085 1552 4877 5369 4254 3271 4704 46 7197 959 6457 6607 7919 3555 5024 4397 9877 6374 7953 10698 3918 6344 4511 6972 1270 11506 3763 5833 7990 9713 1448 3572 8086 2261 9863 5269 11612 5173 14350 3897 4941 7244 6733 5797 5846 5666 1407 17473 5102 7135
