200 4 2
35 1 62 187 160 48 1 130 190 254 133 130 146 6 117 72 34 272 44 167 151 52 32 1 124 246 113 32 103 163 104 1 222 134 71 69 98 145 115 118 1 46 2 23 218 1 120 104 208 21 1 50 82 1 224 52 1 63 237 101 141 200 70 112 139 23 114 205 1 100 127 174 97 1 179 45 186 128 81 43 189 1 167 70 25 187 17 48 75 21 71 17 68 275 226 177 93 30 132 77 129 207 113 184 1 1 94 205 69 198 1 68 150 5 136 134 103 116 237 104 118 193 215 44 252 105 103 199 205 1 86 61 1 167 108 56 203 76 83 22 204 70 110 16 19 165 222 63 146 119 172 112 136 221 52 50 190 51 107 217 70 1 1 138 239 162 245 113 110 95 56 81 51 258 49 67 23 56 69 160 245 122 208 191 154 142 1 195 211 104 48 110 19 190 174 43 82 104 28 143

53 6 45 4 35 31 44 10 4 29 20 34 24 14 4 14 14 1 1 24 27 47 66 15 20 1 6 14 16 1 36 17 7 12 16 4 11 16 33 8 22 1 24 2 5 5 44 36 65 1 10 7 4 28 29 28 40 6 10 38 30 1 25 1 23 1 45 26 8 33 25 61 1 33 1 32 3 38 1 30 36 13 58 13 22 34 1 37 16 23 20 30 1 20 39 1 12 1 14 28 37 12 60 23 23 4 1 10 9 3 14 1 17 6 6 1 18 17 1 28 23 16 1 9 5 42 1 18 2 31 23 10 38 56 1 1 4 1 23 13 44 15 39 1 21 12 42 48 1 1 1 32 14 18 20 41 33 38 1 5 19 39 3 2 17 15 1 25 19 27 14 22 4 1 5 1 45 33 15 11 10 28 50 4 9 30 23 49 1 22 1 1 17 33 38 10 32 39 9 5
70 25 46 14 48 38 66 22 19 46 21 40 47 15 5 17 15 13 8 40 47 70 67 33 36 3 26 15 26 20 52 34 23 33 23 6 20 27 57 22 33 10 38 9 6 7 56 57 85 21 23 16 6 31 32 36 55 12 13 46 36 10 42 2 28 2 56 51 10 44 44 70 6 34 18 56 8 40 10 41 53 14 59 22 37 38 11 53 28 29 35 53 5 23 45 14 17 14 23 30 43 30 74 34 34 29 12 17 11 5 20 15 26 31 8 8 36 31 7 39 33 32 10 25 17 58 14 35 14 32 30 43 47 75 4 4 6 6 43 27 59 32 46 9 28 31 56 67 12 18 11 33 30 28 34 45 43 46 12 19 22 57 31 25 28 18 2 28 26 45 32 32 5 3 8 13 49 48 29 26 22 30 54 21 11 31 26 65 14 31 7 14 31 43 42 18 57 44 10 6
75 31 64 31 63 51 69 23 39 54 36 45 64 28 13 20 29 20 18 50 53 79 93 41 58 4 41 20 36 37 70 44 25 36 26 29 37 35 58 36 40 22 39 20 7 36 67 61 86 28 24 21 15 39 43 42 56 16 32 50 44 20 47 14 36 3 64 63 11 48 45 74 22 35 28 65 19 41 11 63 57 15 76 30 61 39 14 60 33 30 50 61 9 47 80 17 27 34 41 37 46 35 78 49 46 46 36 28 26 13 21 21 31 46 22 23 50 47 15 42 46 39 24 27 33 80 27 53 15 35 44 44 64 88 10 21 11 16 56 33 62 33 58 13 33 46 73 78 19 30 29 36 37 48 39 49 51 57 22 36 27 58 60 43 40 22 16 32 30 46 38 43 16 14 28 14 60 66 36 35 34 53 55 28 21 49 36 84 36 50 8 33 40 62 54 19 62 57 26 9
78 33 71 36 84 63 79 24 51 68 46 50 81 30 31 35 36 25 31 52 63 80 100 63 63 10 64 26 56 55 76 54 26 44 38 31 40 48 69 41 41 43 51 37 13 47 81 67 111 37 31 30 28 43 44 54 66 29 49 59 47 21 55 32 51 15 66 75 39 50 59 81 23 38 43 80 22 51 25 74 61 18 87 36 92 55 19 76 59 41 54 62 11 52 86 26 28 42 42 48 56 48 94 50 66 57 47 47 36 14 28 37 46 53 31 43 54 48 27 43 57 54 38 39 39 100 34 55 34 36 51 48 65 110 23 34 12 27 61 45 72 42 66 26 34 50 82 85 35 37 36 37 49 54 41 60 55 63 29 60 33 62 82 57 64 35 23 40 44 47 39 55 21 28 43 19 63 84 37 44 45 67 56 31 22 55 42 92 44 58 10 41 41 73 61 30 72 83 37 15

7 19 10 10 4 1 9 11 7 13 21 4 19 7 7 18 5 16 10 9 6 18 21 10 1 19 6 6 11 22 9 16 5 8 8 3 9 21 22 11 11 16 5 14 1 2 5 13 1 21 7 14 6 18 10 7 11 11 21 7 9 8 13 10 2 14 8 20 8 15 18 4 25 13 17 8 11 19 1 7 4 3 19 31 12 1 1 11 1 17 1 9 8 1 17 4 16 1 17 1 18 21 14 7 6 25 18 13 5 10 12 9 19 5 12 1 20 9 16 1 13 19 24 14 14 3 3 7 1 1 17 7 10 12 1 8 11 12 14 1 1 10 16 3 14 17 16 22 19 1 13 1 7 7 11 6 16 3 12 26 3 1 1 15 22 19 16 21 16 4 7 5 8 6 17 11 1 1 12 16 19 26 1 1 13 1 9 10 3 3 1 14 21 1 14 1 1 17 14 16
21 32 14 11 9 19 25 20 20 25 32 8 32 16 32 27 22 17 18 37 19 34 24 14 12 46 11 17 21 28 20 30 11 17 16 14 33 22 31 13 17 31 14 18 15 3 16 25 7 34 16 23 10 25 22 11 20 22 43 26 24 15 18 16 14 18 28 25 9 25 37 16 37 21 23 29 28 28 2 16 5 13 20 33 24 5 5 17 7 30 5 23 25 7 21 15 19 12 25 6 36 31 30 23 11 50 37 21 10 28 13 14 33 12 21 3 34 20 23 16 31 28 26 37 26 7 22 16 29 4 18 15 24 16 6 12 22 31 22 7 11 34 24 14 34 25 40 32 37 7 18 14 17 28 27 14 33 17 13 45 10 19 7 39 31 35 37 26 18 12 20 20 14 21 21 17 8 3 15 31 37 34 22 8 32 5 16 23 11 12 21 30 31 5 24 25 10 36 20 34

8033 13819 7584 14532 11468 10649 14701 13985 17394 13980 5741 11485 12277 12524 494 7367 9186 13687 9109 17415 14910 11605 15000 14755 11256 10323 8281 7461 7506 9562 13840 11970 9172 12170 14834 10111 9538 13883 9019 918 16690 10280 6722 2614 9052 7869 11349 6723 10878 13696 11875 8169 15264 11636 7544 18723 8871 11406 13872 10042 14604 6933 16570 9980 18127 9304 9342 13602 8845 12488 17165 13736 11849 6470 1305 8967 6746 8025 14860 6876 13342 9406 10316 5622 8522 12854 4542 5609 5575 14901 16154 13916 12657 9480 8244 12277 7697 11269 10614 10884 14190 14053 13505 5806 6367 19088 8271 7206 10245 12533 13964 2386 3659 18301 10858 9709 13529 8738 9154 9301 8876 9671 8146 8447 7262 11100 6874 11523 14808 13386 11764 5820 7273 14383 11721 9660 14673 7045 17471 12357 7221 10198 11934 17249 9547 12821 11585 7099 11061 5658 5824 3981 8743 13505 12039 9132 11456 12529 11606 13544 11990 5987 8022 1425 7089 7914 11667 14452 12164 9315 11459 8533 12812 13847 9290 12275 10506 10968 9855 5007 7830 7480 7362 12935 6819 5434 13978 8366 12252 8201 9684 6804 6465 8034 5592 15294 2167 12618 6309 12865
9030 15655 8345 17645 13964 12761 16705 16679 21482 15712 6713 13728 14766 15607 547 9150 10310 15474 11297 21283 17608 14299 17695 16663 13144 11702 9469 8702 8463 11195 15372 14287 10265 14805 18336 12606 11755 16591 10103 1054 20110 11458 7415 3195 10424 9519 12488 8008 13242 15124 13963 10021 18311 13359 9315 21191 10150 13969 17220 11737 16221 8100 20593 11223 21540 11566 11011 16037 10349 15550 20155 16030 13325 7693 1604 9864 8031 8877 16424 8276 16551 10543 11387 6344 10085 15958 5479 6455 6892 18540 19365 15702 14505 11354 9941 14751 8542 12969 13196 13129 16565 16541 15927 6605 7811 21243 9766 8784 12604 14261 17345 2824 4397 20373 12225 12098 16225 9704 10269 10573 10115 11688 9408 9645 8495 13266 7819 13830 18330 16484 13469 6684 8160 17605 14262 11199 16999 8125 20305 15139 8420 12243 14813 21030 10754 15600 13941 8502 13226 6760 7198 4907 10787 16056 13824 10341 13712 15024 14398 16801 14638 7208 9023 1648 8657 9425 13935 17736 13961 11637 12714 10127 14304 16096 11412 14423 12130 13324 11523 5746 8839 8493 8968 16135 7948 6050 16500 10440 14876 9978 11581 7556 7276 9541 6611 17707 2666 13951 7231 16048
10290 17723 9598 19958 15980 15217 19922 18998 25269 17622 7940 16351 17535 17143 643 10434 12471 17904 12839 25599 19408 16623 20591 18641 15319 14219 11201 9991 10271 12247 18220 16277 11727 17534 20789 14229 13950 19221 11789 1238 21914 13150 8382 3695 11743 11141 15315 9205 15253 17921 16080 11041 21788 14890 10806 24840 12202 15921 19455 13415 18381 9677 24162 12460 25589 13451 12352 18612 12078 18260 22409 19320 15289 8451 1919 10932 8807 9903 18861 9869 18117 11624 13482 6978 10979 18167 6398 7835 7731 21375 21945 18956 17449 12907 10913 16616 9640 15720 15026 14927 18978 18695 18981 7250 8695 24887 10826 10553 14206 17099 19655 3383 4983 22383 13581 13447 18952 11050 11534 12010 11494 12722 10308 11656 10037 15546 8673 15510 20791 19684 15401 7458 9205 20884 16615 12557 20287 9274 22220 17423 9289 13744 17553 23654 12920 18781 15553 9323 14358 7747 8611 5877 12718 17847 15109 12290 16194 16806 16594 19977 17374 8142 9966 1942 9651 10751 15599 19836 16442 13485 14367 11359 16008 18214 13134 16578 13522 14601 13471 6263 10285 9859 10572 18789 9052 6981 18173 12353 16489 11101 12719 9046 8144 10620 7982 19852 3025 15251 8132 19255
11176 19900 11237 23559 17825 17837 21548 21877 27061 20572 8580 18150 18786 19890 705 12164 13927 20805 14201 27585 20920 19050 23035 20729 17711 15742 12339 11740 11071 13894 20931 18983 12806 19978 22294 15302 15539 21145 12794 1334 24438 15469 9133 4113 12688 12166 16524 10606 17131 20605 18128 12502 24692 16876 12602 26858 13709 18081 21870 14431 21410 10880 26266 14952 29426 14391 13874 20591 13616 20234 25136 20902 16680 9516 2140 13155 9934 11770 21281 10623 20146 13239 14891 8025 12295 20334 7294 8973 8842 24028 23934 21742 19401 14829 11779 18391 10541 17072 17240 16678 21950 20773 20772 7854 9391 26829 11672 12098 16060 18439 21108 3767 5601 26426 16135 15167 21547 12291 12775 13860 13706 13758 11862 12736 11357 17820 10370 17057 23782 21252 16665 8186 10677 22679 19359 14917 23865 9999 25087 19569 11058 15415 19560 25450 15233 20415 17214 10298 16753 8871 9785 6592 13650 20357 17046 13256 17629 19174 19093 22227 18646 9471 10888 2242 10445 12064 16958 22704 18779 14916 15877 12574 19081 21390 14851 18460 15676 15905 14820 7390 11393 11537 11948 21451 10698 8308 21526 13631 18768 12487 13759 10300 9564 11880 8551 21941 3268 17983 8936 21754

4419 9562 5725 9694 10148 8229 12422 11946 15381 11755 4926 8578 9931 10049 407 5150 6868 10481 5568 15605 10696 9908 13470 11790 9727 8642 7178 5375 6581 6253 9795 9216 6393 10829 12739 8783 7653 10665 7501 677 9783 8900 5980 1553 8070 6140 9047 6037 9262 12092 10303 6190 10427 9001 6499 15854 7956 9965 12435 5920 12493 5533 13185 8370 11967 6873 7794 11522 7296 9521 12620 10252 9821 3513 1111 7659 6062 5795 9669 5178 9358 7727 6567 3696 7081 9319 3741 4498 4565 12273 12161 9397 8676 6883 5669 8724 5482 8944 9499 8465 10111 10097 12095 5181 5272 15697 6881 5984 9214 10295 11463 1360 2731 11689 8162 8437 8929 7795 5646 6109 6138 8052 6565 7334 6532 7439 4266 7533 12947 9703 8392 4462 6428 12713 6168 6748 10995 4940 13173 9145 4628 6507 8352 10036 7665 10284 8588 6233 8607 4475 4043 2305 7727 11165 9858 7774 7980 8318 8629 10562 8399 5126 6457 991 6367 5337 9840 11756 10139 8166 9928 5159 9267 9490 7111 10482 7439 7125 5484 4013 6099 4759 5625 6715 5297 4759 8001 5754 10909 5118 6168 4816 5517 6761 4244 12817 1478 8772 5579 11295
4082 8366 4476 9384 9624 6959 7633 7123 13790 8106 3938 6983 9405 7692 379 4849 4890 7138 5449 10022 10175 9875 7682 9457 5892 5615 4620 4331 6078 4878 7572 6760 5867 8361 12533 5579 6810 10099 5257 560 9004 7575 3589 1397 5318 5882 6291 3487 6490 7671 7767 5769 8576 7204 4286 12273 4737 9583 8505 5759 7881 4444 11715 7066 10722 5070 7012 10462 6871 8331 10736 9600 6772 3268 989 7033 4707 4459 8114 4973 8593 4856 5387 3623 6116 8706 2473 3234 4133 9667 11763 8916 6822 5143 5407 8356 4908 5742 6952 7035 8241 8400 9476 2936 4034 12050 4755 4914 8745 6893 11047 1316 2423 10847 6240 7552 7531 7238 4850 5333 4546 7382 5287 6350 4313 7247 4185 6464 10060 8629 6193 3958 5787 8294 6079 4974 9397 4482 9363 6537 4327 5478 6180 9410 5666 8208 8170 4865 5991 3191 3715 2281 5780 9587 6097 5287 6702 6468 7280 8842 7129 4938 5519 985 4514 4738 6664 10646 9114 6954 8306 4874 7067 7138 5750 8770 5372 6370 5033 2650 4067 4674 4401 6596 4537 2903 7093 4648 9119 5086 5561 4039 5055 5073 3017 10035 1300 8662 3605 11123
