200 4 2
1 204 1 115 112 74 120 195 1 47 252 223 53 89 103 39 18 85 68 183 1 68 55 118 142 230 95 95 264 231 47 35 211 39 66 178 43 1 44 190 97 258 110 64 156 178 95 53 101 91 102 234 200 1 1 127 69 81 43 122 180 257 1 66 29 112 9 24 68 37 5 107 21 155 10 159 122 56 168 131 146 1 128 92 101 77 254 21 149 19 58 154 91 97 51 102 189 195 1 51 106 141 79 30 122 181 72 155 1 1 106 202 81 247 152 104 153 71 194 57 1 35 96 104 192 28 67 127 48 17 242 1 118 188 46 31 83 102 30 89 22 174 81 121 70 188 1 124 126 1 1 79 2 147 1 161 134 126 22 31 132 294 67 39 174 107 225 150 120 59 81 263 81 57 109 1 106 139 77 240 94 121 55 269 98 176 33 1 184 51 1 263 150 77 124 2 1 34 105 110

26 26 29 19 1 1 24 8 58 28 31 26 43 28 10 17 37 35 27 26 49 27 1 24 42 13 20 4 28 13 19 9 6 13 70 48 3 4 2 5 15 37 31 9 15 40 8 11 34 32 14 35 16 11 6 8 1 17 31 1 14 35 1 27 1 19 32 15 53 15 26 21 19 31 32 18 54 48 20 42 9 26 47 1 49 40 16 24 9 32 56 32 31 1 6 13 10 25 31 17 24 51 19 37 1 3 29 19 11 23 9 12 23 20 34 16 20 15 20 3 10 1 20 12 63 10 8 40 26 17 49 5 15 16 32 28 1 19 31 66 3 36 6 1 16 24 50 1 34 36 24 54 23 22 10 53 1 4 1 36 5 25 1 18 8 1 26 23 36 37 35 5 28 24 30 28 18 22 18 26 7 24 17 3 35 5 11 8 29 20 31 22 1 8 33 22 16 1 13 22
30 41 49 20 22 4 25 19 67 38 41 42 54 51 24 18 39 37 34 37 58 44 19 28 53 20 25 8 43 23 32 27 10 36 75 62 7 12 15 30 31 52 40 13 21 50 15 18 43 33 22 50 24 21 9 27 11 25 36 4 23 40 12 28 10 39 38 29 83 31 40 32 34 54 34 19 69 61 29 50 26 37 58 17 50 41 33 30 23 37 77 33 52 20 19 23 13 43 35 19 35 79 37 50 9 28 41 29 18 24 18 20 35 36 46 20 27 29 37 20 18 17 29 20 69 13 16 43 35 31 58 21 23 34 44 46 7 21 32 72 12 54 20 14 21 50 55 2 54 48 43 67 33 40 11 62 4 24 9 51 17 37 12 27 12 10 39 35 50 40 51 7 40 43 35 33 19 26 25 34 8 33 39 6 46 11 22 11 42 26 40 24 9 16 46 34 32 7 21 37
43 51 59 23 30 18 35 29 76 59 60 43 56 79 32 34 53 52 50 40 70 55 26 42 62 35 32 22 58 28 42 44 17 51 82 65 9 33 39 34 56 59 48 24 50 60 20 24 53 37 25 54 42 46 11 32 22 39 54 7 25 52 40 35 29 40 57 31 92 38 43 48 43 68 35 36 87 62 49 64 38 49 65 37 51 51 41 48 26 48 90 35 65 36 35 24 32 52 51 24 41 93 43 72 32 43 63 33 19 28 22 34 52 42 60 45 44 34 49 25 19 22 46 27 81 33 27 57 49 33 59 22 36 37 45 61 26 24 46 77 20 61 34 25 42 51 62 15 69 73 51 79 42 46 22 63 7 32 13 52 43 43 21 28 18 26 50 40 55 49 64 16 41 65 47 47 26 29 33 46 12 35 54 22 60 22 35 25 47 28 60 36 18 24 52 49 39 18 46 55
69 52 62 28 37 19 43 49 85 60 62 46 64 90 33 50 64 69 60 48 91 63 33 56 74 40 40 25 62 37 44 49 34 62 96 72 16 60 40 60 87 70 66 25 54 77 41 43 59 46 26 63 48 49 16 36 33 54 63 24 33 64 50 38 38 49 75 34 100 39 57 58 57 90 45 37 102 72 52 74 55 59 66 45 64 67 56 56 32 61 100 56 66 59 50 41 54 68 54 37 49 100 51 83 41 54 70 38 34 34 34 36 61 50 81 51 49 42 59 40 20 44 53 36 84 39 37 63 63 37 63 23 49 55 51 70 39 25 57 78 38 65 38 51 45 65 76 21 74 80 58 93 62 60 31 69 20 42 33 70 48 47 33 33 19 27 60 41 57 64 65 25 48 70 60 65 45 42 58 53 28 61 61 46 74 23 64 27 56 44 73 41 29 38 69 50 52 27 65 70

5 2 12 14 14 9 7 20 12 7 13 5 1 20 19 22 14 13 13 11 2 4 8 4 9 7 1 4 1 11 15 1 18 1 16 17 11 13 22 7 20 3 24 10 2 10 13 18 15 1 7 6 16 4 20 9 17 11 12 17 14 19 1 20 8 17 12 17 1 3 11 18 6 14 18 4 2 12 15 22 16 15 18 13 16 11 14 16 11 1 11 1 8 13 9 24 1 4 13 11 21 4 10 4 11 4 1 8 13 11 9 9 17 9 3 17 12 6 8 6 1 9 6 1 17 4 3 8 3 18 3 5 7 6 1 8 8 8 29 10 1 10 16 4 1 7 6 23 22 14 19 12 1 7 7 5 2 4 16 1 8 1 9 8 12 8 27 1 21 21 9 9 19 23 24 1 3 9 13 8 10 7 2 9 21 1 9 1 3 13 17 23 1 14 6 14 1 16 1 13
21 11 17 40 26 21 15 35 19 19 26 23 21 40 36 30 21 21 40 12 4 5 9 13 10 22 13 9 2 28 20 13 29 15 17 29 25 14 37 19 40 27 29 18 18 11 33 32 17 31 11 15 31 24 27 13 28 15 18 31 15 36 12 22 29 21 17 20 6 6 24 30 18 21 23 6 8 23 33 24 23 25 22 20 33 21 19 32 21 25 14 26 13 25 17 33 5 5 18 19 38 16 18 31 12 17 7 14 24 21 20 22 20 11 10 19 14 10 15 22 2 25 9 6 32 18 5 17 8 25 9 15 9 15 4 9 19 23 32 16 19 15 27 14 18 18 10 46 23 21 36 16 30 18 20 8 3 18 18 12 14 10 10 13 21 13 39 20 33 26 15 15 33 53 30 13 18 13 38 9 25 11 24 22 44 10 18 12 10 29 18 31 4 15 14 17 10 21 12 30

10221 12032 10382 5412 11414 2814 8811 3289 11389 5958 10873 390 14038 5347 8797 6387 7931 12624 11755 9820 5026 11327 10975 8710 11564 10506 9598 8049 12573 7777 9002 15577 16907 13769 17357 10843 7028 8257 12616 10094 15516 15663 4330 5659 7027 13217 12866 10073 8475 8891 8077 10073 10944 7573 6208 5456 7367 6467 9065 6115 15532 5338 18070 11909 10728 7658 10173 5962 11905 11680 6282 13770 12677 17185 8587 10722 7464 8713 11076 101 10962 11525 5245 7605 5695 7787 7654 14633 12103 5264 7028 5853 10604 11215 12823 8264 5631 7391 6346 10019 10417 7964 7876 18751 7142 11569 8011 11047 10634 15569 12267 13070 14541 7806 8193 12666 10783 12446 16426 2044 10977 7889 10813 7896 12037 7935 10341 3424 12723 7908 587 12558 18835 17347 17099 5250 3976 11988 5084 7861 13222 5404 13956 13504 5226 10229 17856 10108 4659 12565 14625 7853 10719 12950 279 11738 7112 12550 6668 12180 10648 12190 12882 8752 5187 17153 11056 10456 7400 5660 10303 7263 5778 5368 12345 17627 18538 12543 8957 7928 12681 12162 1260 13176 2679 10590 5293 5397 5979 6165 7226 18078 4191 13597 5113 9469 15153 11662 13401 5087
11469 14999 12718 6261 13943 3374 10442 3666 13371 6795 12612 477 15524 6459 10694 7580 9638 15326 13225 11406 6081 13466 12213 10469 13163 12665 11944 9456 14979 8963 10092 18368 20102 17059 21283 13256 8313 9113 15627 11728 17104 18913 5033 6977 8100 15459 15579 12366 9441 10726 9646 11372 12879 8387 7485 6512 9095 7563 10336 7097 17496 6203 21493 14582 13038 8912 11910 6925 14596 13946 7682 15782 14860 20047 10723 12193 8262 10312 13472 122 13173 12856 6377 8800 7013 8611 8674 17561 15018 6076 7827 6625 12258 13979 15746 10262 6902 9183 7535 11957 12576 9777 9585 21622 8901 13368 9549 12527 11697 18801 14473 16249 16843 9200 9412 15477 11941 15527 19098 2263 12239 9620 12271 9589 14138 9689 11614 4177 15166 9813 657 14194 23370 21160 18927 6170 4488 14273 5937 9419 15501 6321 15828 14985 5824 12349 21187 11424 5778 13888 17068 9140 12095 15772 328 13720 8655 15249 7613 14983 12923 15082 15423 10158 6330 21251 13406 12786 8903 6366 11609 8242 6366 6277 14795 20216 22279 15572 10309 9445 14689 13850 1499 16070 3066 13119 6518 6079 7096 7002 8248 21365 5044 16849 5658 10777 18344 13150 16544 5873
13606 17423 14889 7124 15484 3911 11726 4232 16198 7529 14825 561 18313 7769 12882 8693 10970 17427 14910 13413 6585 14635 13976 12036 15137 14851 14296 10649 18022 9911 11477 20359 22144 19905 24279 15820 9179 10742 17650 13498 20386 21836 5706 8183 9639 17755 17622 14814 10425 12567 10715 13534 14990 9314 8228 7254 9898 8941 12341 8431 19084 7331 23509 15834 14844 10713 13113 8107 17133 15670 8539 17329 17004 22744 12018 13339 9827 12414 15618 139 14654 15267 7135 10598 8392 9452 9459 19035 17034 7033 8693 7485 13794 15746 17647 11196 7466 10125 8443 13795 15075 11248 10660 26153 10345 16063 10939 14810 13272 22639 16422 18473 18886 10592 10231 17999 13672 18175 22323 2518 13436 10484 13826 10935 15514 11645 13162 4711 17116 11603 768 16537 27642 23862 21541 6926 5231 16003 6458 11302 17077 6943 18390 17882 6483 13675 24412 12940 6596 16083 20589 10695 13564 17102 388 16344 9501 16865 8509 16264 14377 16724 17595 11550 7574 24349 14778 14770 10019 7588 12990 9647 7479 7406 17686 21980 25514 18439 11378 10536 17355 15076 1778 17601 3474 14232 7450 7118 7895 8344 9575 23895 5747 18812 6533 12226 21739 14875 18679 6902
16074 19161 17009 7886 16634 4597 13345 4948 18261 8815 16157 609 20714 8828 15004 10076 11805 20032 16919 14819 7639 16349 15908 13304 17293 16849 15679 12080 20140 11737 12944 22155 24125 21335 27532 18328 10704 12623 19675 15401 23331 25451 6741 9384 11384 20087 19055 16118 11922 14770 12592 14982 17291 10777 9351 8544 11093 10119 13247 9953 21888 8355 27639 17722 15999 11858 14843 9239 19819 16914 9374 19072 19570 24726 13330 15367 11432 14308 18331 162 16307 17926 7952 12297 9287 11147 11021 22295 18532 7909 9938 8142 15702 17588 18979 13159 8680 11100 9216 14870 16594 13091 12282 28386 11445 18387 12248 16613 15266 25375 17739 21376 22189 12247 12260 19560 15270 19794 24686 2876 15528 11654 16303 12766 17080 13550 14546 5312 19953 12629 866 19477 30472 28049 25551 7451 5634 18691 7357 12215 18668 7952 20988 20679 7185 15576 27923 14109 7624 17633 23161 11920 14856 20163 433 18918 10469 18556 9921 19224 15594 18553 18999 13490 8535 26552 15999 17201 11661 8898 14741 10976 8491 8667 19465 25906 27581 21106 13062 11592 20464 16691 2080 19202 3966 15516 8422 7695 8769 9110 10566 27208 6321 20608 7088 14398 24669 16735 21423 7792

7065 10108 5425 4331 6847 1541 7156 1965 8469 4773 9564 348 11348 4377 7584 5319 6892 11140 9806 7061 3962 8652 9245 6658 10204 8192 7075 6764 10239 5933 7563 13909 12917 11580 14743 8911 5348 6301 10959 8759 13139 13865 3533 4146 5434 9131 6973 8542 7117 6887 4901 7581 8954 6435 4609 3438 6308 5237 5750 4958 13236 4529 12334 8441 7948 6338 7936 4553 6873 9734 4724 10902 7826 14625 7055 8132 4770 6267 8604 87 7127 8289 4484 5795 4680 5494 5301 11052 8385 3960 4105 4890 8276 9836 10613 4665 3620 4928 4157 7545 9362 6963 4354 16602 5756 6336 7075 9199 8597 11371 8036 9768 11234 6756 6394 9199 8309 10065 14130 1459 7198 5300 7599 6772 9384 6316 7778 2837 10994 5826 337 8542 12925 11417 14651 3163 3537 8836 4303 5951 10065 3095 11709 10753 3499 6972 14550 7264 4014 9013 11150 6502 7842 11052 183 8843 5514 9259 3743 9524 8282 9808 7948 6207 4402 10776 6742 7443 5262 5080 7625 6291 4313 3389 9471 15132 15781 7761 7457 6537 11154 8871 1006 10232 2300 8911 3804 3998 5075 5385 6176 11063 3301 11827 4601 7460 10194 9364 8662 4325
6860 7414 5272 2765 6402 1479 5738 1777 7366 4503 5443 227 9218 4175 5753 5020 5726 8397 8950 5698 2728 6160 8426 5685 9566 7725 6250 5230 9904 4043 4617 7938 11665 10829 9800 6202 4751 4177 7060 7530 12804 11240 2263 4003 4237 8813 6903 7659 4974 6302 4153 6472 5909 5497 3336 3036 5259 4053 5070 4677 11530 3922 11307 8143 6522 5042 5488 4542 6527 8917 4523 10834 6777 10113 5864 6722 4068 6038 8125 62 5674 7238 3436 4742 3118 5353 3989 9927 7805 3455 3687 3347 7460 9799 7118 4411 3194 4016 3207 7253 6558 5173 4050 11240 4813 6207 4971 8534 6571 9807 6624 8573 10175 4163 4716 9046 5955 8228 8246 1096 6835 5028 5961 5406 8189 3990 7186 2015 10218 5568 305 7452 10052 9868 10744 2784 2442 7208 3692 5200 8316 2783 11684 9419 2855 6828 14327 5092 2351 8733 7954 6058 6900 8879 156 6612 3953 7608 3339 8701 6725 9286 7593 5223 3025 10111 5828 5489 3910 3369 6543 3983 3540 2833 8898 10990 15155 6544 7271 5106 7181 7384 892 8663 1712 7073 2658 2720 4408 5197 5980 10583 2261 8259 4595 4859 8838 8019 8491 2834
