30 4 1
10 94 50 14 20 78 65 97 63 60 85 1 15 73 46 26 16 63 9 33 91 20 34 96 100 72 32 6 62 78

32 19 34 5 3 8 32 13 10 3 6 18 23 11 34 34 5 31 64 56 19 6 14 12 14 47 7 1 31 19
48 34 50 37 18 40 32 15 33 9 47 34 46 15 60 68 70 48 68 68 47 9 28 20 35 48 49 9 52 74
74 74 54 63 65 59 44 19 49 41 65 55 46 29 60 70 77 65 86 73 66 46 39 53 61 78 87 33 53 76
89 98 55 95 81 100 83 37 100 54 70 66 70 85 80 78 97 88 89 93 67 68 79 95 70 82 87 54 69 85

6 82 54 90 5 95 91 15 79 59 39 79 4 66 82 90 28 94 46 75 75 19 57 22 35 73 63 80 68 39

16 136 130 44 120 160 106 121 281 97 99 4 29 112 90 226 28 131 20 170 99 25 59 103 111 111 34 53 333 153
91 183 188 60 227 161 112 158 491 155 202 354 64 214 547 315 34 163 202 177 158 111 93 116 119 132 210 61 404 230
97 184 277 252 367 179 160 187 587 195 372 358 97 583 620 423 84 184 215 199 173 112 101 163 142 290 302 112 474 298
139 239 317 261 475 207 180 225 659 207 510 470 109 651 623 476 146 213 292 261 180 144 152 191 196 331 330 144 570 510

8 123 118 22 66 70 85 30 50 32 56 1 9 88 76 84 17 60 1 11 41 24 29 13 34 9 29 51 270 12
