30 4 1
55 23 86 56 71 80 15 82 96 91 10 11 73 88 10 70 42 51 64 60 42 87 11 91 40 85 4 51 18 29

14 10 41 16 44 14 4 13 23 13 24 23 17 30 16 37 32 9 6 1 3 10 24 11 1 30 45 2 4 13
35 90 55 22 62 23 7 20 29 39 30 39 41 45 33 57 80 11 13 18 17 29 26 21 13 47 74 47 14 67
69 92 57 36 69 34 51 30 77 43 46 57 52 49 41 76 83 37 36 39 64 52 28 41 24 61 81 48 51 73
83 97 71 37 81 88 61 80 89 55 72 79 55 64 98 90 88 60 43 93 95 66 91 61 36 64 90 63 62 76

11 15 78 31 55 54 53 15 97 3 63 27 56 88 72 10 100 28 58 73 28 52 100 52 94 73 36 83 44 28

147 192 215 241 95 115 100 101 101 154 193 22 157 102 243 104 133 92 90 188 61 96 49 131 96 227 41 142 27 42
164 384 215 497 269 137 154 262 141 204 264 98 350 167 436 225 409 144 94 336 77 146 78 176 102 557 102 196 44 164
171 406 453 534 299 208 212 317 325 291 484 115 366 265 506 243 525 179 119 456 97 217 119 615 306 562 181 271 56 253
198 556 569 577 366 210 299 353 695 346 540 356 368 285 606 342 632 184 154 510 208 236 151 679 559 643 258 480 91 256

98 132 117 159 87 76 74 83 11 54 25 14 60 97 97 30 16 82 2 153 14 18 37 129 65 152 40 43 12 8
