30 4 1
33 91 79 59 92 19 22 22 32 37 82 80 31 63 82 88 42 96 42 32 36 25 85 88 28 89 53 4 7 30

32 40 21 4 6 1 68 39 17 3 5 44 45 13 36 10 16 29 10 21 48 5 7 22 54 4 16 42 46 3
35 40 40 8 23 50 72 58 26 6 14 64 50 29 39 39 33 41 35 25 51 53 49 25 59 25 25 44 65 8
84 56 48 19 24 57 75 78 85 35 29 66 78 30 44 66 45 52 37 46 69 83 51 59 73 31 42 49 84 30
96 93 96 50 65 67 81 80 92 68 40 76 94 90 98 74 64 99 92 68 88 100 52 70 76 70 54 86 96 63

82 51 59 44 37 19 25 8 3 35 89 36 70 81 50 57 97 76 24 81 18 50 8 86 46 35 77 75 83 73

72 107 120 127 101 19 63 242 100 130 96 214 36 67 97 200 263 305 90 303 257 77 102 190 32 93 99 237 114 36
79 171 207 430 110 45 78 273 176 236 240 368 73 133 120 298 348 344 107 573 319 132 114 225 96 199 166 247 145 51
96 237 279 515 219 61 111 326 294 380 350 486 81 136 164 404 446 474 146 591 454 226 218 272 154 259 175 465 290 140
171 386 368 551 342 112 157 497 330 583 625 678 105 167 217 557 531 594 167 631 539 262 348 290 167 365 188 592 298 295

25 55 41 118 52 11 8 221 19 100 12 191 22 3 65 152 76 268 31 156 71 75 76 164 4 78 1 81 80 18
