30 4 1
5 27 44 98 25 75 35 9 39 14 5 34 58 74 53 16 88 6 95 18 46 27 76 60 34 16 41 38 37 70

4 22 15 11 19 21 9 24 1 43 44 5 21 27 35 1 14 1 23 17 3 7 15 13 32 13 39 12 13 58
5 52 25 27 41 55 11 84 4 59 51 27 29 28 51 50 52 64 26 52 31 12 18 80 48 15 41 46 34 65
15 57 55 46 61 61 56 92 22 65 65 37 58 42 57 53 73 72 62 75 60 49 74 83 70 28 41 71 49 82
21 87 80 86 67 73 64 100 54 77 82 89 62 61 74 83 74 79 66 94 67 64 86 91 82 39 50 73 52 90

6 23 41 46 78 55 71 80 77 95 49 51 70 58 84 59 44 8 50 47 79 82 45 24 39 40 2 93 28 46

16 173 110 207 29 93 131 101 86 45 77 52 62 80 55 59 92 174 100 138 125 171 96 69 79 123 54 99 92 145
100 290 125 288 101 93 154 193 105 99 78 73 85 88 115 129 221 263 189 219 214 239 114 164 85 158 110 235 117 545
210 361 165 386 123 176 166 228 108 247 200 454 104 125 133 139 251 344 239 320 230 279 125 203 123 227 116 299 151 611
278 613 184 440 168 196 185 292 153 537 263 576 142 213 138 282 317 486 242 439 337 291 322 324 184 232 162 310 287 636

6 2 109 42 12 65 66 73 82 19 42 37 26 54 10 1 4 40 19 77 1 122 61 22 15 7 17 84 30 85
