30 4 1
98 52 66 35 82 81 56 98 50 3 60 26 97 77 72 84 10 27 77 13 8 88 70 55 54 24 69 50 69 14

39 26 19 10 9 10 20 34 7 5 67 36 10 2 4 16 20 17 4 28 18 2 4 30 58 18 2 8 12 4
40 59 21 35 44 52 21 48 38 19 68 59 11 6 65 18 37 19 17 53 53 11 24 35 79 24 21 49 42 30
67 70 33 59 44 76 25 48 94 41 75 59 88 45 84 24 40 76 22 79 55 17 47 38 82 54 59 66 55 57
90 80 77 98 76 94 75 97 96 58 76 67 99 88 94 33 44 84 45 90 86 68 70 52 92 76 72 68 81 95

43 71 29 32 95 51 91 42 37 38 1 57 27 60 19 41 39 11 78 56 45 56 8 62 23 48 2 98 32 23

114 70 88 44 120 103 134 112 83 87 118 48 139 80 86 86 56 45 133 50 91 117 140 67 56 271 97 56 102 88
141 88 114 222 133 105 226 158 393 252 221 133 209 115 86 142 94 59 321 55 109 120 183 221 471 317 143 160 121 114
272 99 125 474 227 234 330 192 415 457 240 476 220 187 101 145 109 76 343 73 161 131 197 251 476 423 146 580 144 124
359 158 213 551 362 291 351 324 501 494 247 549 228 358 139 218 135 111 381 237 175 192 292 295 482 576 189 589 200 241

45 36 71 33 60 48 104 17 52 4 10 12 80 21 28 83 1 38 103 37 57 2 125 34 28 161 34 49 91 74
