30 4 1
98 20 25 46 67 55 78 88 86 1 74 5 71 32 79 59 82 10 18 99 86 84 48 85 22 92 47 35 22 10

48 4 2 28 26 12 19 2 8 11 8 13 17 8 46 25 12 13 21 6 25 23 17 34 2 14 14 6 15 22
52 39 35 32 29 26 31 41 36 14 9 18 29 28 55 27 34 17 40 21 26 35 59 39 17 20 53 27 40 31
66 49 78 40 48 26 69 46 65 33 19 61 33 28 77 63 40 40 42 64 40 71 59 88 76 69 79 44 41 49
98 65 87 51 62 72 91 46 79 100 51 83 91 92 89 66 77 48 51 73 100 79 93 94 82 72 81 84 52 80

94 93 52 19 58 28 72 47 75 65 77 68 91 36 28 44 94 80 95 24 55 86 98 8 83 82 81 15 28 62

186 72 56 63 117 85 107 92 191 60 142 136 119 91 104 94 146 162 44 129 154 274 106 116 99 177 111 65 101 61
190 76 76 192 140 221 149 140 215 236 180 325 147 150 132 123 211 441 83 140 157 371 129 198 139 221 131 114 152 71
246 83 125 198 467 294 167 166 242 331 214 485 332 155 144 135 248 451 166 276 172 379 132 391 211 243 165 123 156 118
541 84 166 329 515 335 478 187 371 411 220 521 366 165 150 162 301 576 177 303 197 672 188 511 234 324 169 158 167 141

121 40 21 19 3 74 75 80 34 4 132 128 51 40 90 75 98 38 10 95 18 259 74 23 61 153 39 63 55 24
