200 9 2
29 37 78 71 34 84 3 98 36 38 41 20 23 51 46 67 56 100 73 31 20 58 59 61 56 95 69 86 54 94 40 25 27 3 83 53 77 23 1 44 95 5 10 97 5 86 86 65 68 100 6 24 26 68 25 43 72 41 66 54 78 36 35 66 83 90 44 84 27 33 34 58 100 92 10 65 98 47 30 55 21 84 12 91 20 67 47 77 40 53 19 95 12 18 90 52 38 85 6 76 85 49 61 96 76 26 31 78 15 38 55 89 22 40 22 1 3 14 73 54 38 68 44 90 45 62 54 76 70 43 99 55 19 91 34 45 57 41 56 89 92 14 73 74 33 100 73 9 62 25 100 35 86 100 82 93 32 56 41 44 91 65 40 32 18 78 89 93 10 67 55 80 62 61 1 28 62 72 90 75 60 100 71 24 64 46 21 36 44 32 4 76 83 76 6 92 80 23 97 6

20 33 6 16 7 24 5 2 18 30 10 13 12 1 13 25 1 17 6 10 20 5 8 6 20 7 19 1 8 33 19 11 19 9 8 8 2 14 2 7 1 6 3 4 14 5 6 14 1 20 5 6 8 27 9 1 14 11 5 3 4 12 1 24 2 9 3 13 29 2 21 1 5 6 1 4 2 2 1 29 17 3 13 1 6 18 26 8 13 1 2 1 1 1 8 7 25 16 3 19 8 4 12 16 8 7 14 4 10 1 1 16 7 7 11 5 4 6 1 1 13 38 10 17 4 11 5 4 14 4 2 2 23 26 3 4 3 12 1 5 2 24 2 2 10 1 9 8 6 4 1 7 1 10 2 4 11 4 23 6 2 2 19 4 2 5 1 15 5 21 7 1 26 9 10 2 6 13 7 26 1 7 12 1 1 9 12 1 5 3 2 4 8 5 10 7 7 11 1 19
28 33 23 17 8 43 6 2 30 30 17 35 21 12 26 26 15 39 26 38 39 9 9 9 23 7 28 25 11 34 35 27 43 37 15 18 15 16 16 9 18 32 34 16 19 15 44 16 44 30 7 45 20 39 14 6 28 34 23 4 29 28 4 26 24 17 20 15 37 16 41 2 13 10 20 46 17 6 21 31 19 14 18 11 11 28 29 34 26 4 2 2 15 9 19 17 32 40 9 27 30 41 36 21 19 24 16 11 14 1 17 20 11 7 22 12 16 17 4 8 28 51 16 44 20 24 39 8 16 15 3 15 32 27 4 13 7 12 5 24 2 27 15 32 13 20 10 10 12 14 9 16 4 25 3 10 30 21 32 10 3 3 50 34 20 24 3 35 14 24 9 4 28 14 20 5 15 17 22 26 15 9 14 25 13 10 51 14 25 25 13 9 24 15 13 10 8 25 32 23
39 52 27 24 12 57 26 13 44 37 29 36 24 22 36 32 42 50 40 45 43 15 42 18 30 12 33 31 15 38 65 34 53 43 37 24 17 24 28 25 23 38 39 30 21 21 48 31 44 54 30 48 33 42 21 12 29 49 26 5 37 28 26 35 33 32 27 15 38 21 48 3 19 11 25 52 40 12 25 38 23 20 26 15 21 28 37 36 30 28 7 8 17 32 42 24 37 48 33 41 31 45 48 24 29 39 23 36 35 2 22 41 15 15 53 33 29 29 5 17 33 58 27 47 25 33 41 28 20 16 6 25 48 54 25 22 22 32 20 31 5 37 19 47 18 62 21 20 17 15 36 18 5 33 6 47 35 25 35 11 10 8 56 39 21 26 10 44 17 28 26 17 40 22 24 6 28 17 25 42 18 10 25 35 25 18 57 26 33 28 21 11 24 42 23 12 22 28 37 32
47 55 48 30 22 59 37 19 58 63 46 41 33 41 39 41 46 53 41 52 47 20 47 45 36 34 38 32 21 47 67 60 73 65 44 33 31 30 37 30 32 74 41 43 29 41 48 47 48 57 43 55 41 54 30 13 36 58 46 11 43 40 27 67 36 39 38 20 41 23 55 34 36 16 28 61 48 29 36 39 37 30 29 30 30 41 43 45 32 40 36 33 44 37 54 44 40 49 35 42 67 68 52 39 35 55 25 37 38 8 48 71 42 16 56 43 39 30 16 56 38 60 41 48 28 66 42 47 21 26 18 46 50 65 54 27 23 34 50 32 26 58 37 51 27 68 26 36 21 55 37 44 8 41 20 49 39 30 44 38 34 14 57 54 46 77 31 55 20 45 29 22 48 27 28 8 45 22 30 49 27 34 35 44 30 30 63 34 36 30 30 31 34 50 29 17 46 33 50 55
60 72 55 55 63 61 42 19 68 63 47 56 34 49 47 43 47 65 47 60 65 27 52 51 43 37 42 54 29 54 68 77 73 68 55 48 43 63 58 35 36 76 45 44 30 45 51 56 51 59 63 58 58 72 34 37 51 61 59 24 71 48 33 68 49 55 38 22 52 29 58 36 40 32 32 67 80 47 49 46 59 64 40 34 42 82 60 46 51 41 38 48 46 41 62 46 51 55 62 55 72 70 63 43 62 65 51 38 64 28 52 75 48 20 65 73 49 44 23 65 43 62 48 49 43 68 69 49 25 28 23 50 55 68 66 46 54 44 52 35 34 62 45 82 30 73 40 57 23 63 49 50 15 47 49 49 52 34 48 56 60 20 67 59 55 77 52 68 37 50 43 30 49 34 45 11 48 30 36 71 51 42 55 49 61 39 80 38 68 55 48 40 37 69 32 37 51 53 51 61
65 79 58 69 81 73 55 58 68 74 56 64 74 51 48 74 51 72 72 75 69 40 54 51 46 64 44 66 40 74 74 87 80 71 58 84 46 65 61 36 52 76 68 48 31 51 52 65 56 83 86 75 82 81 47 40 53 62 66 46 80 50 67 79 69 61 69 61 59 38 69 48 44 38 53 78 85 77 68 59 74 65 46 71 44 85 68 53 60 67 51 57 57 54 85 52 62 62 65 58 82 82 89 47 68 80 72 50 72 44 61 76 54 45 69 73 74 63 30 67 61 75 70 64 52 69 75 73 28 62 52 54 81 70 69 70 65 60 61 38 36 72 57 83 53 77 46 72 53 70 55 59 18 64 54 71 81 35 90 69 68 29 79 69 57 81 72 68 56 80 55 60 50 40 72 12 50 46 47 74 59 67 60 64 68 45 87 39 74 61 60 56 48 71 81 47 57 61 52 91
77 83 67 72 84 78 69 74 76 78 61 70 80 63 55 78 65 84 83 85 70 51 61 64 54 68 60 86 64 82 74 89 88 77 69 87 50 71 70 53 62 79 75 84 55 59 68 66 77 94 90 79 83 86 47 41 62 63 67 89 97 76 78 88 86 76 73 70 72 47 74 49 81 64 74 80 87 79 79 64 78 71 66 74 89 88 74 75 75 76 53 57 64 56 87 73 87 77 73 77 83 82 94 59 79 91 79 55 93 49 89 86 78 51 84 80 74 64 33 68 68 83 70 71 53 69 78 91 69 86 58 80 90 78 76 72 74 78 64 58 69 77 58 92 58 88 47 76 60 84 67 75 38 75 69 79 93 45 95 75 81 37 93 86 68 94 73 73 58 85 57 67 51 46 87 23 75 56 48 80 92 70 63 65 77 62 88 50 79 62 90 59 52 77 91 67 58 66 61 91
86 85 83 82 93 79 73 82 84 91 86 96 85 73 64 84 79 85 85 95 81 54 90 75 84 89 66 88 66 98 78 96 91 82 91 88 72 75 83 86 81 87 76 100 58 67 80 70 86 96 100 87 86 91 74 56 79 76 84 95 97 78 83 90 89 91 94 73 89 57 86 89 81 78 86 86 99 82 87 78 91 87 89 81 99 97 83 90 81 82 68 58 82 88 91 74 93 90 80 86 91 85 98 61 83 94 85 56 99 53 96 91 78 61 91 88 86 65 38 94 81 97 71 75 58 89 86 91 94 94 83 81 90 90 92 77 79 91 72 68 72 94 62 93 60 89 57 91 70 90 81 97 57 80 87 83 95 60 96 93 91 43 94 90 78 95 74 82 69 88 63 72 92 69 89 50 79 61 76 88 92 79 84 72 87 64 93 80 87 86 92 90 71 88 92 69 75 92 74 93
98 100 92 83 96 97 87 91 85 100 92 99 87 81 85 86 80 91 96 95 81 87 93 98 94 95 97 100 72 99 87 99 97 89 100 95 91 89 97 99 87 93 79 100 96 82 88 97 87 96 100 90 95 91 90 68 92 92 95 100 99 89 94 97 90 99 100 94 96 98 90 90 85 79 99 89 99 88 89 86 98 93 98 92 100 98 98 91 97 90 70 71 88 96 98 100 95 98 84 92 96 90 100 77 98 98 99 69 100 96 96 93 81 77 99 91 88 69 68 99 92 99 81 76 71 96 94 99 98 95 92 95 97 92 96 78 85 92 90 97 75 95 82 99 65 98 95 98 96 92 82 97 71 89 90 92 96 76 98 98 97 79 100 93 97 97 88 84 96 100 83 77 97 84 100 62 84 64 100 93 98 95 89 90 89 84 93 83 92 88 100 93 98 89 96 80 87 98 94 97

18 47 28 5 28 45 71 44 31 26 19 60 7 76 74 10 32 6 4 57 33 89 19 94 40 16 17 43 12 49 33 91 29 75 41 53 47 10 11 20 36 15 10 53 29 16 11 6 7 57 29 91 77 4 58 71 75 42 7 60 9 26 86 74 23 19 11 36 12 19 58 41 80 18 11 72 27 16 2 63 13 78 11 80 21 47 83 36 49 9 7 53 36 10 11 46 55 9 37 52 60 96 43 15 33 12 7 19 18 18 5 22 21 17 32 2 15 32 37 69 83 38 11 16 12 19 29 8 37 5 57 45 67 20 13 40 60 84 5 23 27 83 2 34 31 60 57 43 1 21 40 51 37 62 50 50 55 31 11 16 1 56 36 41 84 33 59 43 83 9 1 24 63 12 33 60 61 12 60 22 7 59 63 88 13 12 53 9 73 39 16 15 38 17 19 24 9 69 23 68
99 75 82 42 74 63 98 81 82 43 85 61 59 76 95 24 40 89 50 59 44 98 58 97 63 40 24 61 93 95 70 93 99 96 76 67 53 84 11 91 83 65 78 73 64 35 31 55 25 57 53 96 90 24 99 95 87 56 80 64 27 96 90 80 89 38 98 90 24 45 70 57 86 59 39 97 74 60 57 68 95 100 53 81 71 53 92 96 92 10 16 84 75 17 73 92 85 43 60 85 92 97 46 76 88 30 57 68 28 33 28 47 96 74 51 89 81 81 70 81 90 54 75 47 99 73 32 18 57 8 89 66 93 23 21 90 82 91 54 38 65 100 28 74 96 83 81 92 45 45 94 83 38 74 59 97 82 44 75 55 47 64 40 45 99 57 65 52 96 45 56 37 80 93 36 81 78 35 65 50 69 100 73 92 48 89 94 86 83 57 77 20 44 85 72 88 10 91 54 88

203 287 218 560 449 925 182 734 277 434 1077 85 25 851 379 201 78 407 267 1057 316 75 69 75 110 258 798 582 463 110 120 433 1256 168 691 462 179 42 42 423 241 15 253 157 127 94 379 153 183 158 15 692 80 103 225 71 192 286 139 299 562 82 185 213 659 92 139 130 68 40 40 275 877 651 110 370 384 60 509 141 437 381 80 214 224 383 69 90 597 73 79 199 323 654 161 306 177 307 14 517 93 92 153 522 690 375 327 157 50 408 128 1146 282 1622 309 375 208 1051 509 560 1787 543 214 310 110 98 397 850 322 1225 180 239 789 183 82 88 196 270 871 180 190 458 829 132 608 262 718 58 131 557 746 833 802 1029 702 174 55 69 804 163 954 266 96 39 89 189 319 195 21 231 85 95 1098 122 215 443 424 126 137 384 348 965 140 203 545 57 21 728 567 263 258 173 239 1061 328 96 209 171 228 326
232 370 331 1081 848 2050 328 953 490 630 1673 458 157 1243 532 1222 112 823 471 2270 478 347 284 209 322 259 943 716 1047 335 804 586 1749 224 785 466 341 60 61 566 251 158 420 212 487 132 414 399 247 390 464 755 86 344 258 241 327 1564 183 340 898 83 329 356 701 148 245 413 101 285 654 318 1284 694 168 562 821 143 609 1039 937 539 126 503 229 451 207 152 751 144 148 510 373 829 204 386 283 389 45 610 152 276 213 692 2212 495 398 198 447 866 219 1266 598 1705 759 471 1526 1308 515 1025 1910 725 348 646 235 311 521 921 381 1387 190 340 819 315 327 118 413 362 973 324 383 1076 1081 226 707 554 1468 192 208 828 809 845 1498 1376 829 232 196 253 1373 216 1264 308 228 52 137 647 471 210 23 282 177 163 1204 230 640 677 465 1041 378 713 351 1216 264 453 627 71 51 1353 633 794 711 173 338 1623 347 283 1337 258 278 375
314 396 363 2080 1283 2529 431 1169 519 771 1839 753 177 1634 869 1297 258 842 611 2282 693 454 354 405 323 731 1146 937 1267 348 997 624 1886 650 1584 590 360 162 351 585 327 362 588 348 606 214 878 426 534 520 636 799 134 355 380 426 359 1697 417 397 1093 180 994 428 863 246 445 456 106 399 880 320 2239 1230 168 1275 912 406 663 1136 1031 597 186 583 538 605 423 273 763 512 492 513 1083 1175 509 446 284 467 287 854 660 342 297 1188 2333 677 413 216 500 1187 299 1342 656 1934 1357 813 1811 1405 543 2650 1935 963 365 792 399 317 570 1874 455 1559 250 355 1021 399 891 590 425 577 1200 1616 754 1401 1134 307 2155 1283 1552 534 352 993 1465 949 2167 1756 881 250 202 519 1427 471 1952 431 350 109 390 952 490 241 123 1694 461 213 1229 238 1035 750 514 1366 653 1168 1331 1335 426 839 1051 101 193 1511 936 856 773 291 375 1791 602 411 1386 328 398 661
496 652 699 2163 1301 2841 623 1169 604 1343 2285 785 182 1760 999 1778 691 1015 870 2531 723 837 519 508 329 898 1168 1353 1382 525 1001 738 2350 652 1645 637 438 219 436 682 423 471 702 393 666 557 1148 475 679 567 660 938 227 441 440 574 405 1749 557 619 1398 478 1225 467 1008 398 448 490 119 430 1290 373 2441 1276 278 2600 1596 420 690 1543 1243 1148 247 759 580 713 462 1436 1581 523 712 562 1697 1714 607 456 324 920 725 938 665 362 304 1516 2361 687 731 871 559 2249 304 1528 1223 2412 1432 839 1815 1515 788 2768 2013 1108 1001 958 463 318 603 2439 988 2075 441 375 1331 428 938 622 643 686 1479 1948 1275 1620 1781 340 2684 1725 1595 1301 405 1308 1500 1231 2988 2356 1005 360 207 631 1706 551 2060 548 388 366 560 2931 848 367 125 2465 667 223 1584 480 1183 1273 624 1575 907 1698 1527 1446 503 858 1736 129 500 1620 1204 957 919 424 1031 1795 824 519 1778 561 571 903
709 708 734 2739 1593 3068 748 2019 768 2028 2422 901 250 1942 1008 1806 701 1040 1264 2611 801 1162 601 734 625 926 1216 1355 2457 684 1059 1072 2409 816 1736 644 777 275 573 1063 541 512 816 450 786 591 1189 507 977 693 1176 1139 533 591 579 684 597 2507 562 815 1404 774 1460 488 1323 504 724 602 250 544 1329 388 2623 1309 311 2976 1777 475 707 2219 1475 1276 282 827 611 762 479 1568 1927 836 864 966 1746 1730 714 504 343 1151 905 969 1263 644 445 2104 2667 690 740 1546 663 2934 465 1842 1526 2725 1494 1170 2951 1533 944 2789 2828 1185 2439 1149 570 384 1270 2623 1285 2304 470 401 1448 475 2083 1130 665 711 2220 1951 1319 1659 2928 677 2710 2131 1674 1539 609 1349 1510 1248 3061 2756 1044 405 231 813 2197 620 2167 706 443 532 569 3584 892 575 127 2605 707 246 2178 542 2340 1895 890 1941 1489 1762 1762 1457 1030 1348 1738 316 506 1747 1535 1605 1012 716 1194 2955 943 643 2210 627 809 998
724 749 845 2824 1992 3225 773 2289 1157 2179 2667 1890 529 2069 1415 2118 826 1139 1461 2620 880 1279 947 825 881 928 1376 1509 2791 701 1186 1146 2554 844 2301 972 837 382 595 1072 592 570 993 615 835 651 1762 567 1079 768 1279 1162 557 694 722 742 605 2636 1172 847 1530 868 1481 639 1330 622 817 763 408 589 1594 470 2798 1509 428 3272 2702 623 1126 2327 1625 1667 392 947 1080 893 494 1641 2175 871 1626 1043 2588 1886 847 628 529 1815 922 1090 1319 755 535 3076 2748 1066 779 1864 737 3068 499 1868 2952 2922 1703 1331 3289 2121 1299 2789 2870 1232 2557 1159 769 529 1396 2696 1309 2852 534 571 1538 594 2117 1180 682 848 2268 2019 1538 2053 3688 957 3279 2209 1757 1721 667 1432 1716 1279 3246 2915 1404 462 351 994 2376 721 2184 809 548 719 574 3674 2054 812 498 2785 745 328 2337 618 2872 2276 1163 2386 1602 1963 2688 2049 1490 1566 2421 514 1138 1916 1808 1761 1053 814 1656 3598 1066 980 2434 853 1092 1039
823 805 1559 3010 2523 3310 829 2368 1460 2244 3428 2477 692 2224 1803 2418 1637 1490 1493 2766 933 1326 1086 868 1153 1079 1434 1662 3052 706 1241 1618 3207 932 2713 1231 927 700 631 1575 767 606 1087 653 858 747 1837 596 1142 822 1667 1423 736 711 1116 931 677 3146 1233 1029 1532 1178 1602 816 1490 691 849 783 601 734 1662 702 2975 1578 452 3358 2922 932 1745 2332 2602 2790 631 1180 1133 1232 514 2016 2453 1280 1641 1121 3086 3134 996 815 543 2166 1239 1103 1519 806 753 3173 3052 1165 794 1884 823 3317 1356 2094 3072 3282 1764 2373 3408 2270 1517 2880 2881 1529 2610 1188 954 626 1565 2938 1459 3491 550 760 1544 602 3273 1783 735 1285 3094 3059 1584 2633 3824 1007 3370 2212 1798 3093 737 2067 1883 1375 3290 3450 1589 558 397 1032 2381 734 2691 854 578 985 661 3793 2869 960 616 2850 745 538 2561 712 3376 2348 1395 2550 1629 2996 3068 2585 1699 1831 2555 516 1268 2642 2405 1904 1154 967 3172 3761 1227 1601 3471 920 1527 1125
861 984 1901 3266 2613 3849 1276 3183 3152 2938 3536 2907 798 3095 1828 3041 1818 1732 1530 3274 1014 1419 1759 940 1207 1302 1606 3538 3091 753 1475 1769 3737 960 3607 1614 940 824 729 1743 819 694 1141 867 923 817 1839 809 1999 853 2031 1651 849 787 1448 1158 678 3875 1269 1099 1654 1398 1618 844 1560 850 944 786 691 787 1783 963 3963 1656 480 3574 3153 938 1793 2435 3025 3380 655 1349 1509 1601 703 2975 2654 1338 1720 1541 3406 3689 1039 842 676 2247 1575 1734 1617 810 904 3207 3454 1707 807 1982 892 3606 1422 2306 3094 3386 1858 3385 3465 2797 1718 3576 3435 1969 2662 1364 964 689 1575 3586 1862 3624 816 822 1575 914 3804 1943 806 1383 3859 3965 1812 2696 3893 1051 3444 2537 1885 3311 873 3353 1899 1867 3672 3976 1658 707 557 1635 2489 756 3452 871 657 1016 757 3847 3907 993 792 3054 751 742 3509 1083 3387 3310 1508 2987 1740 3154 3352 2928 1722 2286 3164 771 1475 3331 3842 1939 1459 1380 3193 3764 1701 1868 3882 966 1555 1613
1001 992 2042 3387 2694 3941 1326 3698 3371 3556 3570 3912 863 3713 1877 3188 1994 1827 1812 3933 1498 1648 2041 1061 1871 1458 1944 3624 3135 889 1736 1935 3859 990 3707 1664 1075 854 920 1867 998 923 1390 1036 926 848 1978 939 2054 988 2366 1803 900 1000 1930 1738 751 3903 1711 1678 1985 1804 1996 1028 1807 901 974 925 795 966 2000 1019 4076 2091 766 4048 3700 957 1997 3345 3133 3622 942 2050 1652 1849 978 3209 3829 1525 1844 1633 3587 3782 1067 941 691 3312 1665 1798 2053 977 1013 3319 3488 1776 881 1992 967 3908 1783 2372 3581 3591 1866 3655 3846 3809 1971 4041 3565 2012 2968 2030 969 908 1741 3625 1950 4014 877 938 1758 1055 3991 2029 890 2034 3919 4064 1987 3193 3901 1073 3750 3935 2003 3687 890 3915 1977 2009 4037 4076 1918 1017 774 1871 3712 1031 3560 932 895 1017 972 3864 3975 994 981 3990 970 887 4001 1195 3909 3990 1822 3101 1812 3248 3557 3481 1764 2604 3849 856 1492 3753 4007 2011 1684 1776 3921 4067 1850 1903 3962 988 1632 1778

47 89 189 35 181 704 147 609 169 263 979 40 19 406 357 151 42 239 136 891 289 70 52 48 93 123 588 110 297 98 78 355 894 138 482 271 19 26 18 404 222 9 111 9 34 88 210 107 142 121 12 676 77 43 99 60 72 73 111 212 464 62 101 50 461 53 68 129 28 28 39 186 644 538 107 149 319 50 395 135 244 312 44 107 125 154 29 52 142 40 62 194 274 516 110 132 90 108 8 176 79 85 104 323 427 284 283 101 36 285 63 699 281 1087 149 294 205 910 488 392 1108 423 159 186 99 39 90 255 172 1013 119 178 787 180 53 63 178 150 611 132 161 187 438 84 411 222 498 34 104 67 476 402 651 242 558 63 39 26 412 92 788 202 83 38 84 18 204 143 12 123 47 91 432 19 184 283 96 60 103 287 270 791 67 172 196 35 13 505 478 174 31 117 156 964 278 41 117 41 196 265
21 17 131 24 166 46 135 42 147 47 174 35 17 160 215 48 32 103 73 40 101 32 35 35 53 102 160 62 21 21 1 315 159 136 283 105 10 19 15 31 34 7 16 2 6 72 203 29 113 12 9 133 20 4 98 44 51 42 73 73 166 44 60 21 396 28 8 88 9 22 9 132 331 414 91 9 303 17 324 21 197 289 1 40 105 38 16 43 138 29 28 82 6 221 109 121 62 65 4 57 42 45 13 311 335 56 121 87 21 220 10 425 55 25 57 30 105 553 333 64 279 279 103 9 30 37 47 254 5 185 37 36 584 93 38 4 54 61 329 71 27 151 219 14 313 26 219 25 12 43 184 381 365 149 148 9 18 14 5 49 429 20 63 21 4 14 84 9 8 26 43 80 249 15 11 60 91 7 2 123 59 639 46 87 147 14 12 223 189 112 10 3 58 558 20 1 46 3 38 28
