200 9 2
97 80 92 13 54 34 94 91 5 54 56 24 10 64 32 40 41 72 14 97 21 40 39 66 68 5 70 79 85 74 56 71 26 21 19 16 2 33 23 65 80 71 82 22 93 75 37 10 97 88 52 97 22 7 32 3 44 82 90 54 79 52 19 82 1 44 67 38 23 74 49 71 36 52 31 97 53 47 61 53 69 22 74 31 46 5 64 2 82 42 35 27 62 37 63 18 14 8 49 20 43 17 57 47 87 44 29 20 22 96 80 74 62 67 96 30 91 2 50 65 100 19 8 62 24 60 46 32 38 55 63 56 71 81 54 27 2 55 26 13 25 64 66 43 2 90 46 92 66 77 10 40 14 59 92 20 96 16 50 56 77 2 74 97 34 43 50 3 47 68 13 82 17 54 87 79 23 54 61 58 13 45 6 13 86 60 60 70 73 9 97 65 29 64 76 10 100 62 3 28

1 20 13 23 27 9 21 16 22 3 10 23 6 22 28 6 14 12 14 10 2 1 7 24 39 6 2 3 16 5 9 8 2 4 13 29 25 4 14 4 7 30 6 1 18 5 7 9 3 16 2 4 7 4 18 18 3 10 1 4 7 7 31 11 13 2 10 29 33 24 8 10 3 1 5 4 18 20 23 6 8 10 10 20 5 18 43 2 19 5 26 3 5 2 26 5 7 8 60 3 6 2 3 1 2 7 19 3 42 12 13 8 6 5 12 18 3 3 13 11 13 17 2 2 8 4 3 11 5 13 15 4 38 8 7 5 18 1 1 9 2 6 4 15 8 8 16 3 1 3 41 2 15 12 2 7 21 32 1 8 10 25 7 5 16 14 22 17 4 15 5 4 12 7 16 21 8 2 2 9 7 12 5 1 14 5 8 14 13 4 2 39 10 6 3 2 13 2 2 4
8 25 51 24 29 20 23 57 50 3 12 56 10 44 41 21 20 25 29 10 2 13 11 25 43 17 3 14 18 13 14 20 3 19 23 38 32 9 32 15 15 40 13 3 26 23 15 27 8 42 15 34 16 4 31 19 7 13 1 25 8 20 39 20 19 5 14 42 42 27 9 19 24 6 20 24 38 36 29 41 21 61 56 42 12 25 43 6 36 9 35 5 13 3 28 5 13 17 60 8 6 5 17 1 17 41 19 15 44 31 18 15 8 33 13 26 16 9 27 47 13 27 9 36 10 19 20 14 15 15 20 10 44 12 15 8 30 2 21 36 32 28 9 22 14 14 27 17 3 23 43 8 21 15 3 13 22 33 29 24 13 37 40 20 21 32 29 29 8 50 20 12 23 26 21 27 16 30 9 18 8 25 15 13 18 26 10 36 14 38 19 46 34 7 15 10 14 23 25 23
57 26 53 50 30 21 27 62 55 4 24 60 65 52 58 30 28 29 31 40 28 34 15 26 53 28 12 28 69 52 15 23 18 32 40 41 35 65 42 52 16 59 15 34 26 24 28 32 12 52 29 42 43 16 37 28 60 23 8 32 10 33 57 56 21 12 33 44 69 34 10 28 34 6 20 28 59 52 42 46 30 65 56 58 13 56 45 9 38 17 43 14 19 28 38 20 24 36 63 9 22 18 22 25 19 51 21 15 45 35 23 44 9 35 14 31 24 30 40 53 27 28 12 60 31 20 22 15 18 23 41 34 52 14 32 16 33 4 48 57 43 37 25 47 48 19 51 31 10 28 57 12 52 24 8 24 46 46 32 35 43 55 60 32 33 43 41 29 9 50 47 14 23 34 31 34 36 42 25 23 11 27 28 21 45 27 18 37 18 49 35 50 49 19 16 63 15 33 40 25
73 67 64 51 33 76 31 80 69 47 37 66 67 53 63 31 40 47 41 41 42 38 21 27 54 32 50 29 78 54 22 27 25 33 43 44 46 65 43 56 19 71 16 37 44 28 29 48 36 68 41 49 55 47 54 34 65 32 44 38 13 40 63 59 47 33 55 49 76 34 18 44 66 12 21 50 67 55 44 54 43 73 62 59 29 59 47 59 46 17 53 40 23 41 47 21 28 56 64 40 28 53 40 28 27 53 32 50 47 35 32 52 23 42 35 35 41 31 45 55 34 32 17 62 36 26 36 27 39 25 44 40 63 18 38 19 39 8 58 71 69 50 52 61 60 23 58 50 13 37 58 14 61 48 32 26 46 48 39 41 45 56 67 60 43 47 51 36 16 74 56 24 26 51 37 39 52 46 46 31 23 53 50 33 64 35 22 64 24 60 48 53 53 19 25 70 22 71 69 30
76 81 69 52 44 80 56 89 74 50 40 66 70 77 64 34 40 66 69 50 51 44 25 59 70 44 54 38 84 80 23 43 27 44 47 48 63 70 46 65 25 71 18 46 46 44 29 49 37 68 42 50 74 50 58 37 70 41 53 42 48 42 67 62 83 36 56 57 80 52 19 52 71 35 24 71 68 58 49 66 54 82 69 61 31 67 57 61 57 18 62 59 29 66 56 41 38 59 68 48 29 66 49 31 44 66 34 50 70 41 43 60 59 51 46 36 42 36 49 61 46 52 19 65 37 27 40 32 49 72 50 46 68 36 54 24 48 26 65 75 74 72 64 63 63 31 62 50 18 55 68 34 65 62 58 31 49 54 66 53 57 77 70 70 43 48 62 53 18 77 67 48 50 52 68 56 53 65 72 44 33 85 59 34 65 43 62 69 24 71 50 55 63 24 33 75 34 75 72 45
90 83 74 57 52 87 61 91 77 68 44 77 71 80 76 45 54 67 69 63 77 45 30 77 71 50 73 47 87 87 54 47 28 80 65 48 75 88 50 70 31 77 28 50 57 49 37 51 40 71 47 60 77 64 64 49 70 45 60 44 70 59 69 68 86 57 75 58 84 72 39 76 78 76 34 77 70 60 86 76 57 83 76 63 35 76 81 65 69 66 62 86 51 68 71 51 56 75 71 64 45 68 55 34 47 68 35 64 72 66 63 63 71 60 53 39 67 65 58 63 64 73 19 65 49 32 47 50 60 75 57 48 83 62 62 30 64 58 68 85 75 78 64 65 67 47 72 55 40 61 71 42 67 62 80 63 50 63 71 66 68 83 71 82 67 50 75 56 29 80 75 48 51 66 69 69 58 85 76 58 55 86 75 45 77 51 66 72 40 74 54 57 65 27 51 78 36 81 84 55
92 90 90 65 54 93 84 94 80 73 69 79 82 89 79 49 64 83 73 70 79 69 31 86 77 59 74 55 87 92 66 48 36 89 73 88 83 91 69 79 34 78 47 65 68 50 50 59 41 80 53 70 78 70 69 50 70 66 85 44 90 60 71 74 94 63 76 72 92 76 70 79 79 76 49 86 80 75 88 77 62 87 81 63 74 77 85 67 72 69 73 89 52 74 73 52 59 76 79 79 59 83 57 34 56 77 65 66 74 72 86 66 75 66 85 78 74 91 78 64 81 75 48 73 51 67 71 72 72 77 61 50 89 71 75 31 71 70 69 89 83 94 68 79 86 49 82 62 42 75 78 52 67 69 84 84 62 80 80 86 74 96 72 85 78 62 82 74 38 97 85 68 65 67 84 73 82 95 88 86 68 89 87 61 83 53 71 88 58 76 64 67 70 45 82 81 54 83 94 56
97 92 94 79 54 96 95 95 91 92 71 94 84 94 93 85 67 88 73 86 80 73 81 97 78 63 82 80 89 93 67 64 48 90 93 88 92 94 70 82 48 88 78 76 70 63 91 77 63 85 73 71 90 86 77 64 71 85 89 45 93 92 78 74 94 67 77 77 94 78 74 85 89 83 89 96 81 96 93 94 73 90 95 69 88 79 95 79 75 71 75 91 54 89 87 70 63 98 85 80 64 94 65 58 74 82 65 89 78 80 98 79 80 88 87 79 78 95 82 72 82 77 57 75 52 88 81 77 78 77 65 73 89 80 79 46 81 78 74 98 95 95 87 87 89 84 85 70 58 84 93 74 79 80 89 87 64 89 97 89 88 98 74 88 95 80 86 90 65 97 94 81 79 80 88 81 90 95 90 89 83 95 93 67 90 88 74 88 98 81 86 79 72 70 83 85 63 93 94 62
99 100 100 81 59 96 98 97 100 99 73 99 94 99 97 89 84 92 76 89 95 96 85 100 86 86 100 86 93 95 89 76 100 97 100 95 97 100 95 90 79 97 100 77 92 79 91 97 83 98 82 95 95 97 99 84 91 92 92 83 100 96 93 86 99 96 90 98 94 87 93 100 90 96 98 98 93 97 96 100 89 97 97 75 96 91 97 84 85 75 81 94 59 100 95 97 93 99 95 90 89 96 83 97 77 85 90 94 88 100 98 80 83 97 98 93 92 99 97 73 100 88 58 92 52 97 95 78 96 89 65 87 92 93 95 80 92 95 86 99 99 98 91 94 97 100 99 73 84 99 96 97 94 83 91 88 69 92 100 90 88 99 85 93 95 90 91 99 90 100 97 93 92 89 97 95 100 96 100 100 100 96 99 67 100 94 84 97 98 85 98 87 80 78 87 94 84 95 97 71

61 34 16 13 21 48 64 4 72 7 70 38 55 32 77 74 81 15 24 14 68 40 48 11 14 49 46 40 9 4 44 23 18 41 8 41 29 86 4 6 55 34 43 74 19 87 20 59 28 51 33 7 15 58 40 7 26 2 66 65 13 20 30 74 64 3 26 13 24 65 44 36 31 64 17 40 37 41 7 4 49 31 36 59 16 23 50 67 26 60 19 24 34 44 2 84 52 66 36 27 24 38 97 6 12 55 31 13 2 29 47 33 13 64 88 3 25 30 13 80 10 47 46 33 40 18 4 20 2 19 22 75 17 45 14 32 63 18 79 51 29 44 34 5 14 26 6 39 21 4 25 51 11 96 33 42 10 21 59 4 84 26 21 57 7 56 59 15 84 22 32 11 24 61 60 39 63 12 10 36 54 23 41 39 40 14 25 18 69 22 4 34 64 18 54 37 3 25 8 6
94 92 62 88 69 89 89 13 77 18 85 100 85 93 79 90 93 30 74 63 74 100 98 79 46 53 48 93 16 72 79 23 47 71 72 70 79 88 47 18 60 97 79 80 73 94 38 74 52 76 64 50 56 93 95 25 36 99 99 68 76 85 44 80 69 33 67 54 66 72 66 46 83 80 37 54 68 94 74 74 70 60 74 61 75 57 68 78 34 79 80 51 81 79 32 98 53 93 89 97 40 49 100 46 57 91 83 61 64 81 49 86 51 84 93 26 80 96 52 91 59 69 60 76 80 35 65 27 14 89 65 95 91 61 67 85 69 40 90 52 63 74 35 14 19 67 51 77 85 7 67 94 36 100 61 69 83 30 88 83 99 62 63 74 42 68 90 30 88 24 96 52 54 80 82 71 92 54 12 40 89 92 61 71 40 38 46 38 76 73 100 64 90 90 70 40 76 45 50 64

342 211 165 502 158 221 110 301 279 202 164 308 42 127 590 196 108 262 104 99 167 300 46 116 453 755 601 123 1552 224 115 194 277 345 565 249 904 604 117 69 168 348 356 259 223 291 101 370 103 1586 105 688 231 481 287 351 175 119 195 332 105 108 236 341 504 164 77 170 27 794 57 71 75 143 90 345 364 50 118 100 114 59 152 134 256 14 309 82 415 146 207 198 325 169 122 430 666 138 106 629 216 174 525 126 233 253 31 210 173 439 469 321 125 114 257 332 221 7 179 98 330 224 114 144 501 465 309 78 261 269 1138 94 119 366 467 615 436 349 118 70 34 93 475 290 14 562 328 393 191 177 473 143 84 87 218 262 192 167 363 112 80 70 426 934 217 111 212 94 493 675 83 166 349 82 777 220 67 137 642 218 57 1488 132 37 193 212 549 198 114 94 196 1034 334 93 392 159 135 238 236 555
488 450 403 756 440 395 288 390 558 441 1763 544 61 175 741 476 152 391 309 198 254 488 124 289 526 847 1635 179 1826 416 857 310 321 1170 625 622 1005 858 128 170 728 683 389 1269 278 603 687 568 479 1765 243 900 258 564 552 643 298 172 552 1652 132 157 894 815 537 457 86 723 149 881 192 136 158 185 192 547 526 65 354 256 284 117 426 1427 700 39 540 1838 421 149 208 259 822 209 184 522 675 833 125 728 276 470 672 844 263 925 350 311 177 470 539 520 479 246 596 707 273 77 316 118 337 460 755 1048 1302 539 576 347 391 297 1683 158 220 906 623 1123 549 646 365 200 48 185 600 361 1240 1620 405 611 461 179 916 336 204 622 601 505 761 346 459 128 123 151 699 1420 1039 294 232 245 878 700 126 282 409 115 802 272 131 305 865 305 704 1917 244 89 393 246 1023 254 361 170 370 1666 343 938 413 378 419 276 412 1552
704 470 412 829 492 756 343 401 636 444 3197 941 64 344 771 526 519 402 374 258 398 826 887 296 658 964 1753 223 2089 758 2156 311 332 1193 1710 829 1535 1213 775 377 1550 736 1156 1505 882 620 744 598 651 1986 269 1329 364 979 959 1246 911 273 904 2579 151 177 1075 1366 698 1869 132 882 210 1691 331 643 264 189 430 863 740 81 354 271 304 200 474 1753 780 1168 585 2177 522 951 209 277 968 375 252 1803 1128 896 167 1297 294 514 681 973 349 944 815 319 239 636 2846 523 1011 310 677 1318 1484 78 1693 630 381 590 1435 1380 1542 595 1083 760 715 446 1933 159 1167 1196 650 1299 618 758 563 260 58 337 1166 432 1265 1625 498 1446 489 267 1379 645 267 833 604 668 1115 365 1151 197 305 172 1333 1633 1601 738 246 508 1460 802 159 422 434 563 917 321 316 368 1402 345 1090 1956 366 420 755 283 1129 1597 417 171 439 2265 751 1062 438 794 427 473 853 1851
909 560 413 2029 544 991 403 604 897 1046 3287 1894 210 421 1123 622 830 441 430 2326 441 1055 927 563 793 1250 2324 252 2408 1334 2156 369 482 1219 2192 2499 1644 1762 1006 378 1929 904 2259 1568 894 622 1329 783 721 2410 335 1889 617 1074 1040 1293 913 315 1048 2710 190 486 1459 1441 1424 1976 310 1151 257 1740 415 956 343 316 531 1176 772 136 369 508 406 314 1012 2730 824 1365 589 2360 931 952 344 385 1009 878 708 2344 1582 1633 214 2249 444 655 691 1014 433 1235 987 346 479 642 3371 636 1280 317 678 1319 1677 263 2366 863 685 593 1864 1737 2204 648 1093 1025 1365 958 2462 259 1280 1618 842 2121 652 975 620 301 292 537 1210 1219 1302 2220 996 1571 604 408 1526 1311 292 885 658 1904 1889 450 1953 347 572 239 1395 1805 1876 1185 337 563 1590 964 248 436 490 919 1245 371 656 420 1678 427 1846 2125 678 435 1041 446 1451 1779 430 282 533 2519 939 1104 530 1555 587 1633 1872 2518
1015 754 736 2420 1279 1035 599 708 909 1209 3295 2124 226 495 1133 738 1090 452 482 2470 517 1309 1078 825 1048 1648 2418 268 2668 1976 2532 379 570 1410 2747 2515 2509 2254 1148 378 2601 1184 2924 1770 934 625 1405 794 860 2856 458 1963 938 1426 1146 2305 1151 352 1072 3450 374 587 1729 1470 1724 2515 437 1527 311 1933 529 1652 363 1336 754 1406 842 139 443 637 432 417 1141 2733 1077 1734 697 2443 1086 1199 490 556 2329 1345 758 2701 1593 1646 230 2426 451 1103 1464 1359 460 1304 1012 413 556 645 3721 721 1420 348 1028 1403 1809 311 2414 939 1150 1049 2026 1786 2620 682 1503 1298 2262 1091 2493 270 1369 1622 1875 2286 718 1041 1254 329 456 568 1377 1378 1602 2774 1060 2118 709 591 1814 1328 403 988 850 1979 1952 599 2033 425 621 393 1722 2258 1928 1223 468 774 1859 1603 1235 788 507 1035 1695 763 900 458 2008 436 2063 2663 837 527 1164 534 1770 1999 504 317 1189 3096 958 1109 697 2111 773 1743 2281 2784
1389 844 1502 2778 1422 1292 781 761 950 1833 3302 2949 388 636 1401 789 1204 565 522 2840 577 1346 1250 873 1309 1995 2494 287 3032 2309 2542 427 775 1855 3117 3096 2905 3230 1222 380 3081 1563 3162 2535 1468 649 1407 1029 869 3128 613 2294 970 1471 1173 2335 1706 624 1118 3570 522 772 2135 2267 2423 2592 491 2040 416 3280 668 1690 599 1412 803 1482 1630 336 628 715 720 596 1220 2983 1164 1961 916 2541 1112 1269 500 733 2405 1379 882 2759 2165 1783 565 2444 800 1376 2409 1525 563 1436 1419 531 666 750 3936 879 1662 431 1370 1763 2295 425 2718 960 1417 1310 2358 3351 3130 686 1589 1333 2419 1210 2935 271 1489 1687 2528 2655 814 1111 1382 558 845 971 2044 1553 2488 3320 1143 2633 712 747 2339 1399 423 1038 1498 2297 2328 803 2063 525 857 496 2215 2716 1978 1820 503 880 1881 1703 1389 902 525 1147 2292 948 1440 634 2419 825 2830 2701 1053 600 1693 674 1895 2028 522 661 1234 3246 1463 2421 757 2207 778 2125 2585 3036
1555 857 1669 2815 1672 1368 800 964 991 1839 3530 3000 477 838 1761 840 1221 613 579 3176 670 2112 1260 918 1853 2129 2734 509 3266 2355 3180 689 782 2880 3164 3595 3092 3360 1286 393 3490 1656 3356 3365 1536 678 1436 1141 905 3257 813 2373 1050 1585 1684 2792 1727 690 1343 3708 1031 834 2796 2890 3293 3101 579 2918 575 3368 751 1746 672 1654 810 1669 1671 547 896 771 759 597 1476 3078 1189 2636 958 3121 1302 1861 534 769 3338 1468 1464 3159 2546 2346 667 3317 811 1440 2656 2069 605 1725 1451 540 809 792 3974 885 1901 477 1666 2638 2613 565 2844 1223 1434 1462 2967 3420 3211 704 1649 1557 2954 1258 3034 806 1563 1733 2640 2769 1124 1163 1530 620 854 1439 3174 1803 3062 3388 1156 3527 908 962 2997 1572 728 1210 1511 2611 2583 823 2099 533 862 715 2271 2753 2206 2354 762 967 2007 2243 1511 904 617 1920 2658 1121 1854 709 3141 873 2880 2784 1556 724 1898 758 2723 2652 531 758 1293 3441 1576 2460 863 2588 884 2707 2664 3366
2047 921 2696 3770 1764 1580 893 1018 1494 1909 3563 3300 750 972 1891 863 1588 755 1207 3280 894 2564 1409 933 1884 3014 2954 713 3438 3035 3902 875 843 2908 3236 3856 3114 3603 1737 756 3517 2502 3459 3452 2805 761 1601 1287 1037 3536 905 3247 1121 1928 1769 3158 1935 753 1673 4039 1040 993 3041 2994 3353 3303 805 2968 670 3546 779 1763 765 1867 864 1728 1941 636 990 852 958 660 1997 3482 1965 3619 1045 3425 1686 2659 627 833 3526 1666 1968 3556 2759 3217 833 3472 852 1633 2883 2978 653 1921 1515 841 818 883 4022 957 2005 641 1996 3035 3249 793 3915 1232 1654 1812 3265 3684 3658 849 1749 1581 3503 1772 3537 856 1571 1870 2898 3531 1697 1182 1942 918 901 1887 3320 2217 3247 3487 1636 3615 959 1703 3246 2000 894 1756 1567 3660 2672 970 2632 882 966 718 2744 3078 2829 2771 762 1442 2018 2324 1868 981 681 1985 3063 1335 1871 845 3303 877 2905 2908 1659 857 1916 969 3034 3086 826 792 1745 3501 1652 3217 1039 2903 907 3474 3088 3523
2082 987 3473 3908 1849 1681 984 1026 1695 2029 3960 3658 980 1002 1934 992 1921 986 1244 3805 1003 3372 1532 1041 1976 3942 3323 824 4016 3930 3929 1026 927 3546 3286 3942 3607 3723 1750 783 3529 3738 3882 3848 3124 767 1694 1820 1055 3843 1052 3312 1341 1933 2002 3283 2015 994 1971 4054 1051 1030 3294 3811 3374 3989 862 3953 913 3751 1003 1953 884 1877 997 1918 1975 842 1024 1009 1027 684 2046 3912 1967 3761 1047 3851 1848 3687 842 999 3790 2012 1971 3966 3195 3866 953 3872 969 1848 3972 3804 852 1970 1831 1005 835 906 4027 1041 2009 787 2023 3884 3648 860 3943 1348 2096 1922 3959 3742 3947 1042 1941 1806 3874 1827 3977 947 1685 2045 3741 3966 1980 1854 1992 1007 954 2028 3860 3165 3451 3519 1909 3847 982 1935 3307 2021 996 1955 1976 3749 4067 1007 4026 944 1011 851 3188 3307 3545 2913 963 1947 2043 3156 1956 1014 846 2050 3540 1479 1900 886 3718 1049 3184 3207 1785 966 1991 1034 3043 3572 915 881 2017 3599 1942 3600 1066 3311 1073 3662 3183 3664

208 133 132 276 154 138 71 234 118 129 147 161 26 64 532 185 40 166 36 22 130 258 23 57 129 480 487 105 1367 67 42 68 194 274 250 213 787 598 78 34 140 317 75 245 181 281 76 269 79 912 14 644 58 254 268 320 74 34 162 251 26 55 122 192 496 95 66 132 21 584 49 33 61 52 78 338 354 42 113 78 89 50 131 119 166 9 228 64 238 125 206 95 209 52 58 141 435 135 66 351 143 145 357 116 230 174 24 181 100 274 70 265 123 105 87 276 138 4 107 53 119 198 75 140 238 386 197 42 226 243 1046 33 72 87 350 584 409 303 103 37 19 73 97 210 13 456 150 278 176 109 463 105 72 6 150 237 151 101 209 51 37 48 351 750 188 75 108 19 360 289 69 81 267 77 430 182 33 95 618 192 44 1104 115 34 167 113 282 78 96 80 154 212 214 92 316 104 70 202 185 549
36 2 16 14 140 97 38 119 81 68 17 2 22 21 35 13 39 153 12 6 83 99 12 51 22 362 73 31 1107 39 16 63 14 73 94 62 501 43 34 30 111 143 48 227 141 218 38 166 4 257 4 198 22 36 50 34 32 11 42 146 18 54 72 67 105 94 15 38 3 298 43 24 9 51 56 31 282 8 4 74 66 46 28 91 158 5 69 55 236 32 142 1 1 17 48 54 290 119 12 147 85 1 204 115 210 24 7 16 38 102 64 49 122 27 23 233 127 3 70 26 21 114 22 22 8 333 76 34 18 17 433 29 30 48 36 342 403 60 57 12 11 7 68 159 3 194 121 264 44 89 438 29 14 4 126 84 132 10 35 48 11 30 289 20 5 68 101 16 149 149 2 76 132 19 91 110 8 35 133 2 22 224 73 10 96 84 139 68 9 48 15 121 128 28 184 60 59 201 108 150
