200 9 2
65 38 48 28 92 39 9 58 97 20 64 91 57 94 2 44 57 33 17 94 91 39 78 49 56 64 16 8 72 42 10 30 48 38 75 1 88 32 72 26 42 44 57 46 17 67 61 68 25 69 53 83 4 41 70 88 36 89 65 76 40 64 69 55 15 46 97 28 67 22 24 67 11 8 4 89 49 71 97 62 70 49 33 5 9 37 41 26 73 72 99 78 70 79 29 55 33 79 97 51 54 75 79 24 66 99 67 40 80 98 86 6 10 29 31 57 57 35 46 2 22 92 88 97 34 11 31 82 82 66 92 97 22 49 25 56 41 55 2 49 34 90 93 58 56 3 73 96 88 72 72 49 65 3 9 17 85 41 4 97 83 39 50 5 79 28 22 55 1 37 11 69 71 19 12 24 20 33 61 68 40 32 82 64 33 66 43 97 93 9 15 13 2 13 80 23 45 78 84 25

22 3 21 1 9 3 10 9 10 18 12 9 6 14 19 10 12 3 28 2 22 22 6 3 22 7 27 7 6 2 14 9 35 13 1 1 12 11 17 5 2 14 9 2 1 37 17 10 11 19 3 14 15 8 11 8 2 14 7 17 2 33 21 22 3 4 4 3 5 16 19 20 13 25 3 6 11 4 3 8 35 3 1 2 3 21 12 2 7 9 6 8 1 20 6 21 3 15 16 13 1 2 5 7 8 4 15 18 18 11 16 12 4 24 4 7 1 5 19 5 5 2 12 14 7 22 7 2 12 28 9 19 8 7 12 20 5 12 4 11 3 1 4 10 4 40 19 2 6 1 5 3 2 6 38 5 6 18 10 25 3 9 3 8 19 18 11 15 7 6 3 20 18 7 21 4 4 12 8 7 1 17 10 6 11 5 10 17 4 4 17 3 6 7 1 2 1 8 1 5
22 10 29 6 11 16 19 19 41 24 26 13 6 32 20 32 26 18 56 3 29 28 9 7 23 17 49 9 17 6 17 22 38 48 5 4 14 15 30 6 29 22 17 3 1 53 28 13 19 29 9 16 26 32 17 10 14 14 8 20 17 36 58 24 5 47 14 19 10 23 28 21 31 29 5 12 37 19 8 17 46 11 6 10 7 23 26 13 24 11 29 15 7 24 8 28 6 16 36 21 8 9 6 19 23 5 20 27 21 19 38 16 19 34 8 24 32 20 25 15 20 14 26 24 24 56 15 4 13 34 11 40 16 10 17 20 9 20 12 20 7 18 5 40 42 42 23 3 7 2 7 32 30 11 42 10 22 18 18 31 18 25 10 10 27 19 13 43 12 6 6 32 30 22 22 7 5 18 22 8 14 29 37 12 37 26 20 32 29 6 30 6 14 13 9 15 9 16 29 17
29 21 41 10 14 47 27 19 41 25 34 15 8 44 22 33 35 22 65 16 33 44 11 10 31 18 51 23 27 17 19 32 43 60 8 23 34 20 37 7 35 39 38 10 4 63 29 27 36 31 10 18 38 34 30 15 27 24 10 37 37 37 72 36 24 51 37 41 31 24 37 59 39 38 12 12 40 25 13 29 49 13 6 15 9 25 30 17 27 12 33 30 19 47 12 30 12 40 41 22 12 31 12 19 26 10 23 49 43 21 49 19 37 47 23 31 37 23 31 19 42 34 43 35 29 61 17 17 14 35 13 48 39 13 25 42 10 28 22 30 16 19 18 45 45 54 23 27 13 5 16 43 33 14 48 11 31 21 28 33 26 28 15 26 39 35 14 46 21 40 19 48 63 33 23 25 13 25 27 11 21 57 50 14 40 31 64 42 30 13 30 23 21 26 12 36 32 39 40 18
37 31 48 21 14 55 38 19 42 41 35 26 24 48 37 43 55 33 66 33 42 46 25 37 39 28 60 33 30 26 40 33 79 68 28 58 37 22 41 21 37 51 38 22 4 76 42 36 39 33 18 22 39 53 45 29 65 32 25 54 37 44 73 38 45 59 44 73 41 34 47 68 43 42 22 17 40 35 20 37 60 32 15 21 49 45 41 35 42 24 45 37 19 52 33 30 24 51 42 23 57 43 32 40 33 18 33 50 48 24 61 29 42 58 23 34 40 24 57 79 45 44 51 42 54 62 45 17 33 56 52 54 71 16 27 46 22 45 25 39 21 20 29 58 47 61 27 31 18 13 32 59 35 29 56 24 37 32 32 52 28 29 18 31 64 40 16 46 60 66 50 49 68 55 66 30 18 26 35 21 23 62 55 16 56 36 66 43 35 15 31 39 49 28 49 40 36 59 51 19
48 35 56 31 31 69 48 46 66 46 37 37 32 50 44 48 58 50 87 42 42 52 30 56 50 43 61 39 33 31 58 35 80 70 38 59 55 28 54 55 51 58 38 45 13 77 52 50 45 34 38 66 41 56 55 37 66 44 26 64 63 55 81 53 46 59 67 79 67 37 52 70 45 55 22 20 42 39 39 64 61 51 33 28 67 51 46 36 50 46 56 46 46 65 39 33 33 67 69 26 58 45 51 51 35 34 38 54 48 60 62 41 45 58 41 52 62 60 65 81 48 59 53 43 62 66 71 60 53 56 78 60 72 21 50 53 38 47 35 53 31 25 39 60 57 72 45 43 36 24 49 69 42 30 64 36 39 36 37 52 35 39 25 72 73 55 22 55 74 69 51 51 68 75 79 34 20 46 39 42 33 63 59 38 73 41 67 63 37 21 34 42 57 30 49 48 45 71 60 29
88 60 82 42 45 70 57 54 71 53 56 76 34 51 65 59 59 53 89 50 54 63 38 64 62 43 67 41 41 34 73 42 82 76 43 66 57 40 68 57 57 79 41 50 14 79 74 67 51 53 38 71 42 69 64 50 75 55 52 65 85 57 85 66 58 65 68 81 79 42 59 72 61 61 37 47 56 40 40 70 76 53 50 34 70 59 57 38 54 62 82 47 55 69 55 37 67 86 79 29 66 49 62 60 37 52 52 68 59 61 68 52 49 75 50 55 72 67 93 89 58 67 61 44 71 67 72 67 57 67 83 74 79 24 63 69 41 49 42 68 45 29 42 61 62 82 52 58 46 34 60 76 49 37 86 41 57 70 38 66 37 52 49 78 78 60 27 71 87 69 54 69 88 77 84 35 23 57 45 56 45 70 72 50 73 53 76 71 37 22 44 45 60 34 50 60 48 80 61 34
95 86 83 44 48 72 74 61 78 76 59 78 41 57 72 84 65 57 91 70 57 85 44 72 81 58 67 47 81 48 75 50 94 82 63 75 62 42 80 67 74 87 58 60 64 79 77 67 71 58 74 80 43 70 67 59 87 70 52 78 86 69 91 70 78 92 94 85 80 59 69 83 66 61 38 61 61 46 54 72 88 58 66 52 83 67 72 43 71 69 88 56 61 79 59 52 79 89 93 29 72 92 76 64 42 60 82 93 64 62 70 67 52 76 62 57 82 69 95 89 83 77 72 52 74 73 89 68 66 75 94 79 81 35 71 79 43 59 52 77 51 33 46 64 63 85 54 65 52 42 73 78 59 63 92 66 59 70 50 75 84 74 69 79 82 70 40 88 89 83 63 82 91 79 84 39 41 75 65 81 50 75 86 82 77 53 83 74 47 24 44 49 75 49 66 61 54 84 68 70
97 89 83 48 49 77 90 62 78 92 59 97 65 57 88 88 79 92 97 82 89 95 47 81 96 76 71 48 89 76 76 74 97 99 81 81 73 85 87 80 88 92 88 84 84 81 83 68 80 73 99 83 46 71 90 63 94 81 61 89 90 75 92 82 80 95 94 94 92 71 74 94 68 76 62 73 70 88 63 87 96 64 80 66 86 74 74 52 75 77 89 72 71 84 65 67 90 89 97 66 74 95 86 72 53 63 85 94 67 68 80 68 71 87 71 65 91 71 97 96 85 92 78 67 75 86 94 72 88 87 94 91 95 38 86 98 52 84 60 87 81 75 65 72 74 93 84 73 67 47 84 82 74 74 95 78 61 70 77 80 85 96 70 80 82 71 70 90 90 86 76 82 91 93 100 51 45 86 71 100 83 96 88 88 79 87 91 81 72 65 45 57 83 91 76 70 70 85 75 77
99 94 85 54 59 87 100 64 85 99 61 97 91 85 100 96 90 96 98 92 97 100 96 82 98 83 94 53 92 77 99 93 97 100 93 98 95 97 93 91 89 93 90 95 88 98 97 71 91 95 99 97 97 94 91 75 94 81 62 97 98 93 93 100 85 97 100 97 100 94 82 100 74 83 95 79 97 92 91 96 97 89 86 68 89 76 81 65 98 91 99 98 95 96 68 76 97 97 98 68 77 99 86 100 75 76 96 97 97 77 84 86 91 91 73 85 99 95 97 98 90 94 92 99 97 99 98 81 98 97 96 98 98 50 100 99 61 100 66 97 92 99 66 77 100 95 100 93 73 72 95 88 77 81 98 93 84 95 89 96 96 97 93 94 95 86 84 94 98 100 78 90 93 100 100 61 64 96 93 100 95 97 92 97 91 92 100 84 72 88 99 64 100 96 85 99 99 86 83 99

11 31 42 38 8 35 61 24 13 31 70 43 16 40 37 39 47 15 1 21 69 17 46 40 7 20 84 46 23 24 58 20 7 7 54 60 36 52 62 5 73 15 81 10 20 7 71 45 62 19 3 52 77 50 41 31 32 10 42 1 67 10 56 66 2 13 51 6 69 29 5 13 9 11 38 25 3 47 31 62 57 50 3 13 35 11 54 71 17 6 12 60 85 17 38 17 10 82 7 25 5 22 27 26 28 21 18 17 11 3 14 52 4 33 25 50 16 66 11 13 80 42 70 31 16 7 58 45 24 27 2 84 1 18 18 26 91 6 66 31 56 2 26 16 20 31 19 20 14 19 52 54 65 14 16 1 54 59 15 24 61 6 42 10 9 43 47 18 66 1 59 15 22 69 45 38 16 7 5 33 42 41 18 14 30 21 36 51 46 20 12 39 23 22 76 6 77 44 15 39
62 93 75 72 86 61 94 79 53 56 100 67 27 47 62 81 93 84 61 38 91 27 74 51 25 44 99 91 60 64 69 52 50 31 98 77 70 57 85 17 85 25 82 93 59 97 89 79 81 82 98 99 95 100 53 87 39 91 47 62 91 41 70 94 91 25 53 94 91 80 83 84 52 35 98 63 79 53 80 68 75 74 82 63 99 64 68 91 76 12 27 72 95 79 68 20 95 98 53 82 96 100 29 77 69 96 86 30 97 58 86 84 93 96 36 69 58 94 18 49 87 48 77 75 37 41 86 66 99 80 47 86 81 24 57 56 94 92 82 94 81 15 90 90 92 36 100 49 36 88 76 68 98 67 26 40 97 82 34 42 70 44 48 53 80 82 72 53 94 40 72 16 44 95 72 45 26 93 36 39 92 76 35 54 42 89 48 69 51 24 59 74 71 65 81 34 93 81 66 74

485 53 529 588 142 541 14 186 283 304 259 453 183 923 183 1045 489 480 200 297 212 212 938 61 303 289 310 270 901 100 195 269 453 330 256 549 150 380 89 61 218 198 576 230 632 417 302 231 67 647 54 99 457 99 140 296 62 412 1028 160 84 396 305 97 693 149 264 51 182 155 312 266 389 195 27 114 143 1170 105 197 384 134 197 134 82 264 63 1066 810 417 150 384 370 258 466 405 59 204 100 70 187 228 254 222 71 204 181 371 140 160 297 173 400 84 388 260 226 194 149 22 164 258 108 150 47 333 487 306 659 314 97 206 43 560 32 161 151 422 82 90 61 130 120 125 173 273 462 160 182 98 261 56 179 49 94 291 449 406 64 459 102 110 389 220 212 38 228 1165 342 65 66 625 103 112 210 25 239 53 132 101 66 562 250 356 53 616 207 222 134 669 131 1056 28 132 153 202 930 148 91 400
831 83 752 1439 246 768 229 778 412 454 379 1052 185 1206 349 1267 632 761 264 320 342 256 1329 184 399 320 953 737 914 116 239 465 600 481 357 557 503 437 195 125 316 243 1595 819 733 777 864 238 379 755 153 263 2033 216 280 394 157 529 1069 217 235 444 526 165 879 429 1108 307 441 234 321 529 610 210 105 241 178 1639 156 462 397 259 995 363 105 331 64 1247 1433 457 156 494 567 666 530 500 88 230 279 360 314 478 256 477 1059 206 353 419 374 434 315 392 549 144 656 520 465 242 155 180 802 419 155 315 126 395 593 480 864 463 158 506 81 780 556 382 771 439 122 108 242 493 368 194 681 680 554 168 235 436 1531 649 393 149 132 372 856 545 624 497 134 145 554 347 848 1342 237 1311 537 113 564 626 747 126 428 282 241 69 350 251 123 946 811 504 74 728 242 289 155 969 218 1195 86 155 170 291 1506 244 357 403
982 437 1423 1557 550 809 231 820 542 631 487 1089 213 2097 473 1438 857 1216 634 551 753 496 2136 277 526 384 1000 1353 1279 271 280 524 988 521 365 781 713 771 449 195 476 1302 1760 1617 738 1326 962 240 469 791 201 269 2058 398 363 486 183 570 1320 343 283 502 550 198 1354 440 1643 617 531 820 360 756 620 987 595 384 734 1973 243 545 1007 405 1050 1133 380 354 227 1605 1786 513 304 658 628 671 1210 628 229 750 457 366 422 672 336 1179 1097 403 486 473 446 465 319 440 788 284 851 567 636 258 263 391 927 579 197 331 335 549 638 503 1083 515 588 1405 128 944 877 455 1003 705 138 376 379 517 653 220 1197 752 1242 297 297 449 1630 1298 517 342 252 474 1088 846 720 1019 235 228 705 425 1623 1668 261 1384 907 318 801 789 1632 141 545 716 603 595 365 467 214 992 1385 514 560 1516 490 400 172 1219 388 1245 371 213 247 300 1811 284 380 505
1249 703 1883 2091 701 903 863 853 667 735 511 1110 420 2613 506 2271 975 1471 1158 760 896 707 2236 653 680 397 1481 2412 1839 474 746 1115 1076 540 429 1016 757 869 563 236 532 1448 1793 1923 1280 1482 1026 260 1141 1280 296 275 2259 1541 1055 544 343 727 1336 559 315 555 723 213 1365 763 2557 724 774 1795 1067 1110 893 1036 645 396 771 2571 468 588 1137 567 1090 1152 512 1511 404 1798 2604 701 524 1130 1386 671 1400 777 508 1270 459 591 717 909 731 1194 1176 939 816 617 582 540 1233 490 1143 979 1121 578 1069 273 365 401 1125 1018 367 399 474 922 804 639 1223 755 789 1685 396 944 989 520 1030 906 557 412 525 823 1220 226 2261 993 1422 418 606 711 2247 2236 547 652 493 587 1105 1070 920 1102 255 258 739 900 1751 1890 335 1544 1209 612 805 1147 2250 681 713 873 756 1539 673 499 393 1482 1934 1267 625 1939 1386 425 227 1825 447 1277 681 243 318 307 2284 345 422 607
1269 755 2087 2450 719 999 999 1584 690 755 631 1136 542 2719 571 2378 1001 1525 1181 1043 937 781 2265 790 811 498 1880 2562 1935 578 912 1137 1907 1283 621 1252 980 1181 788 263 533 1532 2555 2651 1881 2314 1773 649 1387 1484 353 454 2688 1956 1233 747 791 935 1544 578 363 566 770 222 1473 949 2611 970 1027 1839 1086 1331 969 1398 722 743 826 3036 616 614 1665 584 1342 1181 547 1582 531 2028 2644 774 639 1576 1991 726 1500 915 683 1365 527 720 749 915 879 1299 1306 1141 868 1071 598 645 1307 571 1656 990 1229 646 1237 454 495 468 1130 1338 681 436 535 1516 999 651 1231 844 912 2211 1189 1021 1104 553 1533 1082 563 551 630 972 1509 257 2422 1203 1566 622 635 835 2606 2851 627 665 734 876 1251 2283 1215 1215 549 289 779 1058 1787 2070 395 1708 1560 632 1109 1293 2603 720 1024 1252 764 2262 732 767 487 1777 2045 1491 817 2137 2762 558 358 2260 551 1639 820 282 404 354 2321 624 546 664
1519 1228 2737 2573 727 1174 1097 1731 767 985 665 1505 572 2985 719 2380 2371 1835 1229 1201 960 1204 2705 809 1114 576 3106 2604 1945 612 1116 1572 2025 1419 666 1306 1074 1346 1522 585 597 2638 2952 3326 2489 2763 2626 862 1485 2206 362 459 3343 2085 1337 804 806 943 2117 591 558 630 827 284 2180 1251 2929 1008 1108 2082 1745 1347 1055 2357 769 775 844 3095 649 755 3115 768 1756 1280 615 2399 664 2513 3085 835 653 1880 2113 922 1864 1296 992 1469 556 1237 875 925 904 1633 1554 1186 902 1074 710 1035 1653 600 1968 1076 1322 669 1538 489 509 708 1494 1453 805 503 664 1866 1179 984 1675 1114 986 2513 1431 1287 1389 580 1766 1259 700 688 1003 995 1581 377 2886 1367 1608 639 738 859 2683 3145 882 726 806 900 1560 2601 1799 1393 873 412 781 1145 2090 2132 710 2338 1661 729 1153 1410 2932 893 1074 2187 805 3698 797 775 593 2069 2260 1538 1093 2417 3268 817 664 3141 928 1760 1029 385 668 459 2621 991 780 876
1932 1333 3009 2809 800 1664 1098 1773 1101 1036 679 1553 601 3032 796 2526 3166 1853 1303 1293 974 1365 2960 842 1560 693 3131 3495 2106 672 1349 2014 3324 1484 789 3109 1111 1646 1637 591 643 2661 3099 3527 3210 3422 2629 901 1875 2317 618 490 3514 2223 1456 920 831 1153 2771 1060 618 701 938 442 3779 1531 2998 1312 1376 2767 1776 1601 1155 2721 785 855 889 3278 801 838 3550 991 1824 1321 719 2989 697 2623 3167 1047 750 1886 2315 937 2154 1567 1232 1597 806 1493 1337 926 1332 1651 1699 1744 931 1257 793 1152 2433 679 2975 1473 1402 761 1776 564 740 778 1593 1590 966 545 709 1982 1317 1056 1908 1365 1051 2929 1454 1657 1613 645 1935 1410 744 822 1722 1391 1805 476 2914 1495 2021 663 808 944 2885 3286 888 916 858 1167 1719 3142 2267 1448 1399 610 945 1412 2266 2636 927 2616 1791 729 1682 1501 3312 1062 1262 2517 886 3900 878 1045 911 2580 2560 2037 1166 3226 3316 838 703 3264 1172 2002 1454 512 795 620 2779 1016 921 914
3313 1419 3982 2930 976 1725 1482 1942 1214 1564 846 1558 609 3322 799 2998 3383 2108 1726 1456 1021 1440 3045 981 1891 819 3401 3756 2751 962 1422 3072 3377 1688 907 3476 1325 3664 1996 908 684 2826 3667 3528 3537 3561 3242 965 1978 3742 760 679 3549 3160 1926 1014 939 1829 3013 1237 712 837 1464 877 3788 1817 3455 1674 1654 3007 1782 1610 1541 2730 805 887 891 3411 947 970 3848 1049 2526 1700 728 3094 823 3219 3317 1060 871 2006 2623 992 3359 1937 1445 1763 1008 1551 1534 960 1419 1990 1748 1783 1103 1371 850 1986 3804 788 3762 1806 1775 891 1843 615 798 957 1742 1804 1018 997 836 2301 1797 1365 1973 1818 1067 2962 1477 1972 3677 742 2256 1615 812 886 1869 1854 1932 726 3833 1790 2023 798 878 1594 3409 3293 978 928 879 1693 1842 3502 2312 1589 1457 725 964 1437 3476 3121 951 2921 2975 815 1843 1525 3877 1239 1540 2696 1445 3911 970 1203 1245 2711 3492 3377 1545 3544 3529 893 908 3394 1368 2137 1689 770 1065 948 3465 1747 957 935
3526 1478 3983 4003 997 1948 1487 1967 1321 1599 998 1577 935 3939 830 3428 4009 2518 1785 1898 1024 1728 3984 1018 1908 834 3983 3883 4042 987 1477 3501 3671 1868 961 3580 1833 3936 2039 998 874 3741 3819 3865 3647 4009 3984 1054 2000 3849 897 739 4003 3329 2053 1030 953 1976 3618 1762 985 986 2041 900 3988 1879 3965 1794 1843 3332 1795 1799 1944 3003 907 1038 998 3807 1036 1057 4057 1872 3247 1886 731 3755 835 3971 3861 1065 1016 2016 2777 997 3702 1964 1958 2058 1015 1665 1731 1013 1485 2003 1995 1851 1630 1556 1021 2066 3823 914 3944 2020 1961 963 1891 813 913 993 1816 2042 1068 1056 844 2987 1827 1478 1990 1917 1075 3321 1994 2039 3784 951 3628 1943 999 1042 2025 2082 1949 997 4054 1884 2068 1007 1041 1792 3577 3764 1017 937 958 1814 1922 3726 3394 1748 1676 970 968 1441 3834 3393 960 3409 3874 829 1957 1968 3903 1401 1823 2796 1529 3969 1006 1978 1672 3489 3557 3816 1863 3851 3616 910 1048 4003 1695 2210 1873 961 1075 1006 3855 1916 1016 1007

333 13 323 585 101 483 12 123 196 195 227 323 137 861 85 1034 311 410 118 188 195 161 275 15 196 153 298 260 626 22 166 136 357 268 149 283 59 285 62 42 211 194 385 157 294 318 206 151 54 540 39 87 436 71 111 230 47 261 861 65 21 262 288 93 678 103 205 36 55 144 81 82 299 183 24 56 68 1071 91 113 332 61 149 64 57 169 49 620 507 172 29 241 207 117 61 395 12 68 92 31 140 166 246 206 41 88 151 280 137 152 141 158 335 46 133 104 117 169 136 3 62 68 56 115 30 207 433 76 560 200 51 195 20 341 29 156 138 6 4 88 47 64 90 88 154 196 71 127 137 79 169 40 167 47 74 100 129 305 55 419 101 79 345 109 171 30 126 621 192 49 41 344 71 48 183 16 118 23 128 46 64 292 174 173 7 399 75 72 71 544 53 826 4 121 132 124 290 112 66 243
71 9 168 109 73 97 6 12 108 170 73 220 62 554 11 180 126 61 108 97 140 125 27 3 152 113 201 145 506 10 54 4 57 16 81 253 5 166 44 38 137 114 33 81 235 10 116 43 20 240 31 78 66 55 54 31 14 187 356 19 13 253 16 56 499 54 143 22 48 40 72 5 265 53 5 50 53 1017 15 69 51 43 128 15 33 28 4 367 325 154 4 82 200 65 22 167 6 2 49 13 137 102 30 149 14 81 133 58 34 132 111 125 211 40 82 85 91 104 92 2 31 48 27 35 23 33 420 40 459 31 24 125 5 282 15 95 93 2 2 85 12 34 21 52 28 111 41 119 74 55 63 32 102 40 65 24 80 106 26 194 21 30 134 33 135 16 57 469 2 3 26 178 59 1 175 9 75 11 71 36 26 75 172 141 2 236 41 30 18 523 27 625 1 86 90 13 228 100 12 98
