200 9 2
82 88 10 41 70 92 28 67 63 49 14 13 12 57 4 94 51 77 43 36 20 35 4 46 58 38 90 51 73 65 13 80 39 62 33 56 26 68 17 20 31 30 50 45 12 75 54 52 36 31 64 20 71 43 57 25 98 42 71 27 8 49 66 48 59 88 76 87 86 11 87 43 5 5 77 10 57 55 60 40 58 9 93 39 84 13 69 30 34 29 91 22 78 30 48 83 49 79 8 90 35 83 54 80 66 93 16 28 91 5 24 12 91 48 96 67 44 81 59 33 93 71 96 98 87 91 80 97 82 56 89 3 32 25 88 90 98 97 17 9 47 2 100 72 49 69 50 51 81 90 1 62 95 34 3 100 13 31 94 61 79 97 10 95 36 92 64 24 52 77 5 25 7 8 69 43 76 23 98 99 81 48 19 77 64 9 20 84 35 3 71 76 97 44 29 98 87 41 77 22

11 14 7 3 20 27 2 1 28 20 30 17 1 4 18 17 12 9 6 23 8 1 12 2 4 1 7 6 4 1 24 1 1 3 23 3 14 8 12 6 12 8 54 7 9 16 1 9 3 4 1 7 7 3 17 3 18 5 3 3 2 11 11 1 11 9 3 3 15 7 7 24 11 9 20 5 5 15 1 15 1 12 5 4 34 2 15 16 1 11 4 9 3 16 15 2 14 3 5 10 1 11 1 7 2 5 17 7 11 7 3 9 16 27 7 4 2 10 1 20 7 15 4 2 2 10 31 19 9 2 43 2 2 4 2 3 6 1 7 10 11 1 13 1 26 5 4 1 11 10 2 21 3 21 11 1 7 3 6 1 1 3 6 16 16 4 7 1 8 15 14 12 9 18 4 9 3 12 43 20 5 21 1 16 16 3 3 6 4 8 4 14 11 16 16 31 9 4 12 9
15 33 23 11 29 34 30 10 32 27 53 23 22 27 20 18 12 13 7 25 12 11 14 22 16 17 13 14 5 3 40 22 4 15 48 6 27 10 13 7 14 13 56 18 16 38 13 19 36 22 10 9 25 8 19 19 21 43 28 33 3 11 31 10 19 16 7 13 20 12 23 40 11 25 20 28 11 51 4 19 25 28 8 16 47 5 25 23 25 14 9 12 7 17 28 5 14 5 8 14 1 17 24 27 19 28 21 24 25 10 16 21 17 51 7 18 21 12 33 20 14 21 5 28 3 11 32 32 34 26 52 6 3 8 3 5 11 6 21 12 13 14 17 2 30 21 10 13 14 19 22 21 3 25 16 13 12 18 7 6 17 9 18 16 43 15 27 8 11 19 35 13 22 20 22 24 26 22 47 26 7 29 3 21 16 4 25 21 17 20 27 41 13 19 42 39 17 15 13 19
26 33 29 15 34 37 34 14 34 39 60 25 26 42 24 27 23 32 14 51 37 17 27 22 21 20 19 23 26 23 45 56 5 15 53 21 39 28 23 24 24 24 58 22 35 41 45 33 44 43 12 10 30 25 20 56 28 49 39 40 4 16 44 13 19 53 17 27 22 12 45 46 12 31 33 29 25 54 30 21 32 40 15 19 49 23 44 28 30 38 12 48 9 18 30 17 17 5 23 30 14 25 34 28 23 44 22 28 42 15 34 21 25 57 11 26 36 13 52 30 27 44 9 33 9 22 39 43 55 29 71 8 5 21 8 20 21 6 37 27 20 18 29 9 30 24 26 27 14 33 25 32 17 29 22 19 14 37 8 9 24 19 36 21 52 23 27 18 64 42 50 24 48 49 34 27 30 43 57 33 10 54 9 31 17 5 26 31 19 33 29 50 14 36 43 44 17 15 28 20
34 36 36 18 39 45 35 15 42 41 61 30 32 46 33 28 32 49 18 52 37 41 64 39 30 34 21 27 43 26 70 69 15 23 58 23 54 29 28 24 29 30 64 44 39 51 50 34 44 51 16 18 32 31 41 60 36 53 47 53 5 17 45 19 42 58 32 30 23 29 62 48 43 31 34 36 52 61 31 42 46 73 24 40 59 25 48 56 36 39 17 49 11 18 30 51 41 12 38 32 27 30 42 30 47 44 52 35 55 15 40 32 34 58 16 31 43 29 57 36 60 50 14 38 15 36 48 50 62 54 80 24 33 24 24 22 31 37 58 59 26 46 38 34 37 57 39 44 55 51 26 49 21 37 32 48 46 47 27 42 28 19 52 40 61 26 30 29 65 45 57 24 52 54 36 33 46 47 60 35 28 60 20 53 25 6 35 39 20 56 35 55 29 45 55 76 26 40 47 34
40 51 37 32 54 47 64 24 56 45 62 37 33 58 45 30 33 50 20 58 39 48 74 63 33 49 59 34 44 37 74 69 18 24 65 31 58 37 38 37 51 37 71 52 63 65 57 36 48 55 27 31 36 41 52 83 39 54 47 56 22 19 59 24 60 74 80 59 31 30 66 48 60 43 69 43 60 72 43 42 50 75 38 48 63 27 50 60 49 67 28 53 53 28 62 60 48 30 60 46 43 48 48 34 56 52 70 45 63 23 42 57 39 60 32 33 52 33 60 39 61 64 26 39 26 41 59 58 66 54 83 28 38 52 49 30 31 45 70 62 34 80 50 39 50 64 45 62 55 59 29 52 30 39 45 51 47 47 38 58 43 22 55 48 71 38 50 32 66 51 65 25 64 65 47 38 64 48 65 48 46 62 46 67 40 26 36 70 23 60 38 56 32 55 58 80 42 58 50 61
47 84 41 33 57 67 66 49 66 49 62 45 38 96 69 39 58 75 21 62 52 53 74 83 67 57 59 37 51 46 75 72 48 25 71 58 74 37 42 42 59 73 77 69 68 69 58 55 63 60 34 53 44 65 53 86 45 68 58 61 26 38 61 41 65 92 81 72 52 36 73 52 61 64 74 53 71 78 47 47 59 79 43 51 65 42 54 65 69 78 29 57 57 43 69 72 48 62 60 61 43 57 58 35 59 62 86 45 64 46 50 75 53 66 81 49 66 50 62 46 66 66 38 53 40 56 60 60 72 59 85 60 41 53 52 51 35 52 74 64 37 83 52 46 85 69 51 64 62 67 43 58 36 44 50 56 57 67 40 72 55 27 65 52 78 69 66 68 82 56 75 30 65 72 55 52 72 50 80 56 47 83 60 70 52 27 47 74 48 64 39 59 34 61 60 83 54 59 58 71
59 88 60 42 63 70 70 54 80 61 62 72 56 97 72 72 59 77 26 81 53 55 85 85 75 65 72 44 59 50 80 82 51 31 88 59 82 44 43 47 63 79 79 78 72 79 70 61 67 61 58 55 56 72 60 97 59 77 60 67 34 59 72 76 83 93 85 79 59 69 83 53 67 75 77 62 72 81 51 54 73 81 73 52 84 66 54 83 81 89 44 74 85 45 77 72 49 71 64 67 48 76 72 68 81 69 87 81 70 51 56 76 64 79 83 63 72 80 78 56 88 72 41 71 56 90 70 85 80 67 86 70 56 57 64 65 77 61 76 68 87 83 52 57 85 70 56 81 66 68 57 78 44 98 57 80 68 87 51 75 66 47 66 66 82 72 76 70 88 66 77 31 85 78 84 62 73 55 82 76 49 88 81 70 58 34 76 80 52 89 51 69 37 62 67 86 63 60 58 71
62 91 64 79 81 72 71 61 93 62 97 96 75 99 81 86 63 81 64 97 58 60 91 95 85 66 74 54 61 82 81 91 85 67 88 72 95 61 53 73 64 88 89 83 80 85 71 70 71 84 75 61 74 87 64 98 92 90 62 81 87 79 84 80 85 95 86 85 77 84 92 59 82 89 86 94 94 86 57 58 75 91 85 66 87 72 71 84 88 92 91 76 91 83 83 87 88 85 90 88 73 84 76 82 83 80 87 90 88 52 58 86 70 81 86 98 72 95 79 68 91 79 75 94 58 92 83 99 87 75 97 74 83 88 81 76 91 96 94 69 88 90 59 60 88 73 66 81 87 73 67 84 52 98 81 82 71 88 66 79 84 81 69 85 88 84 80 72 90 73 87 67 87 80 92 76 75 58 88 77 65 97 82 80 67 57 77 89 54 90 87 71 76 94 89 87 64 87 69 72
79 93 74 93 82 100 83 71 94 93 99 99 93 100 88 88 100 99 97 100 71 79 97 98 95 90 84 99 99 97 84 99 94 97 94 76 98 72 71 77 67 97 92 97 89 95 77 72 80 98 92 97 78 91 72 99 93 95 82 95 91 85 98 88 93 98 97 87 87 90 97 85 89 95 97 94 95 93 71 100 87 97 89 67 91 94 95 95 90 98 92 95 94 88 95 98 96 95 95 93 100 88 94 90 92 85 90 98 93 67 93 90 92 100 94 100 88 96 86 92 96 81 79 98 79 93 98 100 94 83 97 78 98 100 100 86 96 100 99 89 100 92 94 99 93 89 70 98 93 81 75 96 77 99 88 90 92 97 81 99 95 97 95 89 98 100 99 94 92 79 89 90 97 80 98 90 91 97 93 99 69 99 88 90 95 89 87 90 93 94 100 77 95 96 90 96 92 100 94 91

7 11 48 41 17 39 28 2 7 21 29 24 45 12 5 2 10 50 53 24 29 12 3 25 43 7 2 37 47 25 25 76 23 15 57 76 52 52 15 10 35 33 61 6 34 10 23 23 18 5 17 91 3 13 46 50 24 21 12 18 79 36 23 26 85 6 11 2 81 20 27 27 52 12 72 14 33 19 14 8 34 3 4 49 41 28 42 6 83 28 43 24 6 8 57 1 48 40 3 20 49 11 43 43 86 16 32 18 4 83 23 83 9 35 4 88 29 4 42 13 21 25 49 16 19 47 43 30 9 82 2 59 65 50 63 8 58 63 11 1 26 49 12 59 38 5 93 2 66 24 51 12 20 44 4 23 4 27 10 43 37 43 63 13 40 21 13 39 17 8 31 33 74 2 78 1 18 90 56 15 43 50 23 5 27 20 22 34 25 50 10 37 43 2 48 71 6 9 67 37
42 100 84 86 74 86 47 81 37 79 88 75 59 95 91 27 46 71 97 44 65 30 43 48 77 67 16 53 57 69 88 96 96 17 59 97 61 96 42 67 79 88 77 55 83 70 49 80 40 23 62 93 85 15 82 89 74 52 76 36 97 40 93 100 86 44 28 24 92 79 95 95 61 90 92 36 74 52 65 87 64 79 48 67 95 45 82 82 87 41 58 64 37 93 62 100 67 55 98 74 89 66 46 50 98 20 84 38 85 91 95 93 78 66 81 91 69 48 96 40 55 34 93 56 93 58 94 58 73 85 46 95 81 87 81 24 63 79 25 66 86 89 91 88 58 87 94 36 73 77 70 13 40 98 97 91 29 57 51 83 66 66 71 25 58 86 50 49 22 39 82 90 80 63 96 67 70 98 76 55 53 60 91 37 84 93 51 37 41 92 77 80 56 59 81 80 42 83 96 98

99 101 121 1293 150 105 96 149 242 545 620 101 185 356 104 156 156 471 129 141 437 351 213 291 360 523 162 175 74 280 155 188 698 209 171 137 226 332 104 288 155 1181 58 233 23 171 334 78 586 91 129 121 75 45 1969 381 365 79 129 156 181 790 91 233 168 192 146 282 375 11 728 204 1301 33 1005 56 87 64 263 41 908 479 152 633 1314 393 98 493 111 75 502 84 511 62 750 151 163 248 14 317 127 287 250 253 371 314 41 293 127 32 111 17 124 64 1111 96 104 560 152 235 461 1005 248 776 154 137 190 307 410 679 206 55 649 132 709 112 167 821 101 374 167 5 209 82 360 77 260 677 518 617 144 472 190 109 458 158 507 37 567 172 147 173 34 217 38 171 274 44 208 378 256 59 445 278 93 74 95 471 1042 556 130 1437 538 418 131 429 315 117 99 4 127 1212 178 538 169 141 367 76 1891 112
127 178 133 1424 416 523 635 198 425 839 683 136 304 437 139 175 316 937 162 174 490 386 223 472 417 674 780 618 127 292 374 461 761 219 264 317 322 802 164 310 307 1445 66 318 74 244 510 438 723 224 208 159 137 65 2405 571 478 388 137 220 296 815 155 337 170 1212 159 1362 609 371 967 364 2097 162 1122 85 189 433 436 45 946 545 1107 691 1395 559 155 497 111 98 653 196 889 155 798 769 199 322 135 429 165 323 309 625 736 652 71 1009 516 135 116 87 182 136 1880 492 205 564 179 380 476 1157 331 1074 272 163 279 696 549 1011 248 175 736 317 716 160 199 1188 115 576 295 91 260 234 392 198 351 886 591 879 438 584 594 187 637 278 796 62 1096 198 274 216 66 1844 175 339 303 308 270 416 351 268 454 589 169 433 165 955 1329 1892 243 1501 1163 568 560 745 428 202 137 114 997 1517 489 822 305 218 1673 156 2044 112
246 278 372 2155 452 631 716 261 431 1131 683 511 362 451 927 685 445 1206 208 555 523 641 283 491 1127 826 785 929 165 489 390 1545 861 230 352 477 335 823 392 332 1257 1541 100 458 86 327 926 1090 808 258 301 287 438 101 2407 654 523 698 249 355 424 950 362 435 292 1307 162 2250 732 421 1249 487 2501 353 1666 568 1524 1024 462 101 1261 561 1190 1162 1584 692 231 951 208 246 1150 459 927 207 909 1524 387 326 508 735 176 382 481 778 754 708 191 1654 785 389 175 222 294 136 1973 506 222 634 232 879 805 1700 399 1140 669 276 948 737 756 1577 270 229 835 435 1114 409 899 1262 141 728 383 163 647 310 509 277 406 893 777 1152 545 700 819 215 784 440 2025 298 1117 225 458 764 126 2714 210 355 384 577 708 470 1111 584 523 1274 481 446 207 1070 1594 2084 270 1506 1670 650 1148 1090 1069 480 173 162 1077 1854 494 1015 695 345 2027 357 2288 281
400 625 510 2263 512 1203 788 332 547 1165 744 529 379 624 1496 1070 461 1755 370 577 530 1014 911 554 1572 885 834 1326 455 506 405 1969 1366 457 727 643 355 865 468 429 1691 2424 237 554 86 555 1021 1341 828 465 956 384 451 246 2692 844 1931 1171 255 428 595 1040 423 1642 541 1516 287 2357 934 743 1382 537 2808 357 1950 631 1788 1537 934 112 1372 645 1211 1261 2244 1175 1113 1124 242 789 1256 514 947 303 1935 1977 476 345 536 797 227 504 521 850 903 718 443 2786 898 400 187 225 300 436 2113 541 418 699 233 1174 1138 2434 421 1149 1440 431 1324 844 1212 1599 377 253 924 512 2249 675 1003 1543 219 753 580 210 968 391 522 470 419 1460 942 2157 559 855 1089 235 863 630 2596 341 1373 321 499 1956 189 3006 829 619 452 642 847 479 1268 884 944 1871 579 508 250 1090 2498 2725 337 1511 2666 981 1213 1491 1307 504 266 207 1902 2046 694 1171 937 824 2630 1075 2328 394
481 1035 525 2557 514 1260 830 414 557 1440 929 571 986 653 1860 1260 849 2225 601 640 662 1751 949 621 2012 947 913 1413 797 917 529 2369 1918 712 1086 1040 473 1131 555 663 2402 2581 298 751 1126 655 1267 1403 1242 736 1049 552 518 270 2761 1059 1952 1297 292 614 766 1392 438 1854 593 1855 631 2987 1089 772 1924 1146 2952 370 2030 711 1828 2222 1182 179 1484 1249 1751 1504 2637 1494 1608 1789 355 1029 1348 730 1025 514 2468 3197 505 1042 590 821 366 517 677 1105 949 772 551 2997 961 474 329 397 569 552 2113 543 554 847 382 1278 1340 2612 443 1681 1662 520 1380 1186 1213 1710 503 498 967 1265 2813 678 1038 1796 353 801 611 293 1222 670 527 483 433 1496 1219 2229 737 1031 1213 914 1046 830 3054 427 2755 364 883 2118 228 3047 1149 868 543 715 903 1777 1591 1306 1193 2012 1071 739 270 1102 2790 3006 351 1651 2832 1224 1360 1545 1515 620 477 416 1990 2065 773 1207 1631 994 2660 1612 2382 734
561 1488 650 2757 633 1374 1190 582 694 1457 1212 958 1084 663 2721 1270 861 2254 703 684 710 1871 1106 649 2151 1266 959 1700 830 1107 777 3042 1932 778 1321 1088 658 1254 661 852 3128 2933 522 765 1232 810 1583 1439 1472 902 1295 610 1182 288 2878 1108 2852 1391 315 760 803 1464 505 2783 657 2136 654 3034 1506 1484 1957 1226 3086 525 2203 1103 1916 2228 1943 396 1720 1335 1901 1525 2716 1621 1899 1863 583 1133 1878 824 1303 809 2515 3585 616 1325 592 1288 616 610 686 1554 1064 781 597 3194 1168 634 458 614 1185 804 2139 580 579 1240 480 1458 1350 3351 597 1908 2315 774 1381 1781 1284 1790 740 531 1148 1444 3539 732 1044 2557 426 835 736 358 1281 1530 533 496 597 1637 1233 2292 1212 1037 1303 1435 1322 1031 3120 429 3142 644 887 2445 261 3064 1245 1164 1022 721 936 2423 2195 1615 1257 2332 1264 796 513 1346 2926 3008 419 1749 2946 1296 1362 1598 1577 730 490 441 2361 2506 814 1208 1697 1270 2919 1992 2424 1109
803 1694 671 2841 701 1406 1793 819 718 1461 1343 1329 1132 671 2800 2044 928 2327 777 859 888 3141 1422 792 3631 1517 1085 1746 923 1268 800 3304 2008 855 1403 1645 821 1622 668 895 3569 3810 969 824 1441 958 2454 1441 1507 949 1487 679 1587 310 3346 1165 3059 1500 652 891 994 1843 589 2914 695 2156 827 3175 2340 2580 2964 2199 3510 711 3520 1160 2076 3006 2533 668 1790 1657 2054 1531 2923 1768 1956 1916 614 1234 1908 845 1575 811 3285 3605 695 1782 833 1474 681 654 728 1568 1400 1289 674 3360 1388 702 657 630 1384 1256 2226 808 658 1358 615 1743 1584 3841 661 1952 3028 901 1633 1992 2195 1801 766 604 1220 1675 3619 849 1159 2608 459 899 754 416 1498 1640 1028 503 612 1663 1507 2300 2309 1151 1458 3068 1407 1039 3499 551 3216 654 1280 2947 277 3733 1298 2405 1588 816 968 2746 2524 1746 1319 3221 2432 835 617 1401 2926 3094 709 2755 3793 1361 1682 1773 1625 787 613 589 2718 2587 868 1339 1770 1682 3014 3037 2509 1452
815 2048 835 3138 807 1592 1890 897 725 1602 1903 1581 1623 933 2895 2419 1215 2982 783 877 898 3344 1457 849 3689 2415 1156 1804 958 1662 881 3320 2635 938 1522 1854 941 1668 671 988 3671 3918 983 870 1550 1015 2489 1455 1510 954 1551 843 1701 1544 3476 2640 3166 1760 776 893 995 1906 946 3082 1034 3359 885 3629 2617 3509 3715 2503 3590 841 3670 1172 2713 3226 3083 669 3312 1753 2830 1560 3439 1906 2029 1929 955 1540 2362 1562 1780 916 3614 4021 862 1924 899 1731 771 863 796 1617 1413 1493 748 3499 1781 951 802 744 1657 1326 2689 819 671 1851 692 3130 1677 3978 789 2120 3225 959 1699 2128 2273 1845 900 792 1394 1777 3678 940 1672 3065 640 948 858 489 1804 1890 1086 895 645 1801 1781 3978 2914 1313 1464 3124 1579 1087 3553 701 3230 904 1968 3098 440 3894 1783 3461 1844 845 972 3775 3045 1772 1992 3348 2546 991 757 1848 3200 3131 710 2806 3973 1506 1730 1899 1648 794 617 645 3557 2601 943 1965 1783 1955 3492 3314 2874 1606
888 2048 959 3984 983 2018 2010 941 809 2015 1934 1788 1880 1027 3077 3113 1629 4017 943 963 901 4015 1857 898 3788 4016 1760 2030 1018 2028 903 4049 3609 1062 1871 1912 981 1775 956 1010 3904 4027 1037 1036 1649 1057 2532 1953 1919 975 1975 988 1858 1572 3659 2703 3740 1967 913 1001 1005 1986 1058 3184 1051 3391 909 3803 3140 3890 3999 3420 3658 905 3749 1389 3496 3996 3153 811 3356 1896 3568 3947 4084 1927 2068 2026 1685 1869 3948 1619 1865 943 3990 4056 1049 2012 970 1936 837 1069 852 1942 1697 2014 942 3905 2014 986 943 872 1724 1493 2855 952 823 1984 999 3842 1899 4066 1046 2909 3646 966 1705 2909 2296 2032 939 841 1477 1892 3759 958 1986 3503 961 958 1044 724 1947 1944 1784 962 873 2051 1896 4044 3624 1592 2038 3718 1989 1094 3578 807 3791 957 2053 3849 733 4043 1982 3892 1923 1022 1051 3916 3830 1870 2001 3461 3999 994 829 1999 3261 4010 953 3955 3978 1643 1921 2008 1761 910 712 762 3584 3025 1086 2025 1948 2081 3816 3350 3778 1639

45 81 108 738 106 102 21 116 175 533 242 92 92 126 95 50 119 393 67 102 307 309 203 61 225 358 119 149 57 155 104 131 640 176 115 35 208 294 81 57 114 1063 46 165 8 68 180 64 351 52 106 59 74 30 1287 374 230 76 42 114 95 252 60 178 129 131 96 185 347 7 498 65 1125 17 756 55 56 58 117 9 312 460 61 544 224 340 19 331 65 61 419 62 447 18 137 146 49 141 3 249 108 261 199 227 273 34 30 247 109 18 90 13 71 38 828 13 94 376 98 161 369 270 163 199 24 30 172 232 41 460 84 51 147 129 539 67 89 442 96 336 110 1 171 50 281 71 208 348 472 531 20 219 114 84 291 141 143 27 420 155 106 148 25 180 30 134 157 32 137 126 253 47 436 184 71 63 91 343 525 508 82 589 492 304 8 302 143 110 44 2 119 722 161 406 112 23 268 31 1663 55
42 27 51 374 52 40 19 86 76 233 137 42 3 22 43 9 96 61 15 22 4 294 167 47 12 33 40 109 23 146 98 60 155 164 94 32 140 69 71 10 10 480 37 158 4 35 97 3 5 23 102 52 71 13 902 19 99 31 14 39 62 233 24 162 75 119 86 91 40 1 443 57 840 13 162 4 41 7 55 1 257 90 46 101 54 48 5 241 46 5 304 56 206 7 61 85 16 38 2 77 74 204 44 218 252 28 15 70 13 3 9 3 2 23 97 11 66 366 5 79 199 208 49 45 21 17 164 171 13 60 48 48 105 61 445 38 47 104 38 151 9 1 90 11 230 59 140 154 223 396 12 118 79 30 142 115 56 7 403 38 10 6 19 43 11 45 25 17 13 108 18 29 382 158 19 25 18 179 130 285 24 24 29 212 6 85 20 23 26 1 108 575 116 2 67 17 239 24 710 31
