200 9 2
73 55 30 71 51 5 85 97 97 31 12 26 70 19 22 74 85 21 40 60 33 61 16 64 25 90 83 89 7 79 61 68 76 97 38 81 95 84 18 88 21 40 73 62 45 30 90 19 46 79 33 60 64 95 17 87 52 16 35 55 86 81 21 26 85 3 52 99 21 38 1 4 94 56 39 83 24 86 17 85 22 99 72 88 73 14 9 31 53 21 35 19 44 78 16 85 32 14 87 47 57 14 2 68 58 5 44 21 76 68 16 81 13 65 15 61 50 29 59 96 77 44 46 91 62 80 16 29 42 93 64 90 54 85 42 12 18 59 21 71 94 46 68 53 7 79 60 13 49 41 97 49 27 99 37 12 76 69 9 48 25 98 43 70 95 57 25 16 58 5 41 66 58 74 16 69 9 8 58 92 73 68 31 100 23 69 52 72 98 69 51 13 1 62 85 68 9 70 76 49

10 17 2 1 9 1 6 1 25 2 3 13 19 6 8 6 9 1 10 7 5 1 27 2 7 5 9 10 16 1 4 1 14 3 13 8 3 3 1 2 1 28 29 18 7 6 11 2 3 6 3 3 9 14 4 3 7 7 4 27 4 4 18 4 22 3 6 3 1 7 7 6 6 12 1 1 8 58 2 7 34 14 18 5 6 13 9 2 5 6 3 11 4 4 13 4 2 2 1 14 3 4 18 11 8 2 17 20 17 9 7 5 7 3 13 5 3 2 1 10 2 2 19 4 12 11 17 19 6 2 17 16 6 1 5 11 6 31 11 3 25 3 3 2 17 1 12 2 1 9 17 2 3 9 9 14 5 16 4 5 23 8 5 2 2 10 2 7 2 3 4 7 27 24 2 19 10 8 4 14 3 9 9 41 7 1 2 7 29 12 8 20 5 16 9 18 2 5 4 6
18 42 7 27 21 2 36 9 52 3 12 18 32 11 16 10 26 13 16 9 10 12 28 14 20 15 13 40 23 19 5 33 21 27 32 17 9 8 23 15 34 30 41 43 8 9 17 32 24 12 10 10 10 26 9 6 15 44 6 31 12 15 34 8 33 21 7 10 5 8 7 17 13 13 36 2 9 61 19 21 40 15 24 35 15 15 18 4 15 20 16 11 20 10 41 28 6 16 13 33 20 47 20 29 21 19 26 28 21 17 32 6 15 7 18 6 8 3 11 19 13 18 23 15 37 14 19 32 18 5 28 16 11 1 33 17 31 33 12 4 47 4 3 8 38 6 26 6 27 15 20 21 18 14 41 29 27 20 13 19 32 9 41 11 5 19 8 35 27 30 9 15 47 42 11 19 30 12 7 22 4 28 10 41 11 13 21 16 38 14 25 40 7 25 16 43 9 6 8 13
31 48 21 39 27 10 46 10 59 5 33 31 42 17 36 10 27 23 26 19 22 23 33 21 28 23 22 45 24 22 31 43 27 29 60 23 27 15 48 27 34 36 45 46 14 20 43 39 31 13 39 11 13 29 41 18 22 48 13 33 26 26 37 13 38 27 26 10 45 8 17 24 17 33 36 57 9 62 31 54 50 28 35 51 15 30 41 9 17 26 17 25 33 23 41 40 17 26 29 38 31 62 26 40 27 24 27 44 24 28 35 13 18 16 20 7 9 5 12 26 28 23 25 32 41 18 28 33 44 26 47 29 20 4 39 35 35 47 20 15 55 25 15 10 43 16 51 10 29 34 29 26 26 37 44 38 44 25 27 24 38 28 42 13 13 19 13 53 35 32 31 42 49 42 25 22 36 29 12 29 5 42 27 48 30 16 35 17 42 16 27 43 12 32 17 48 17 11 21 28
52 48 28 59 33 20 50 12 59 12 36 42 44 39 44 40 30 28 27 26 43 49 40 52 31 56 27 46 40 33 59 51 29 36 61 30 29 15 52 31 44 36 53 50 22 44 44 49 38 42 39 31 24 34 45 19 37 57 30 47 26 33 41 24 47 47 44 24 48 40 22 39 27 34 38 60 24 70 56 60 56 39 37 54 37 43 44 22 22 46 23 44 49 31 49 41 48 28 37 55 50 69 29 47 38 27 29 53 72 41 39 26 33 22 25 17 17 9 57 27 30 62 29 38 46 26 51 72 46 27 51 37 32 6 54 36 41 53 44 26 65 26 26 57 49 54 76 19 48 40 30 51 28 49 56 45 51 38 30 37 38 32 47 36 24 32 44 55 41 43 34 43 51 56 33 33 37 37 22 37 14 48 34 56 47 28 38 43 57 35 32 66 24 35 26 48 18 42 36 39
56 61 36 64 48 25 56 19 69 25 37 54 59 62 57 42 46 29 30 40 65 58 40 64 40 59 34 54 50 39 67 52 37 71 67 45 31 16 72 60 55 37 59 51 60 65 45 51 56 58 43 47 31 41 60 28 68 58 66 56 28 43 67 27 66 60 44 32 58 57 33 43 64 50 43 60 41 71 63 65 60 40 38 60 37 44 55 28 23 52 46 51 65 33 51 52 53 46 67 62 58 74 42 47 42 33 39 59 72 44 53 37 47 29 32 54 53 28 58 52 39 68 30 73 48 28 58 72 60 29 66 40 59 30 61 47 44 59 64 28 69 34 56 67 71 60 79 25 67 44 43 55 33 51 64 54 58 61 44 38 58 40 51 41 49 37 49 59 67 55 39 49 63 64 76 46 40 55 29 47 19 59 58 59 61 31 39 69 60 50 42 66 54 38 40 56 40 58 41 49
64 72 45 71 55 32 69 38 71 34 42 55 85 79 59 45 78 32 51 56 74 58 48 78 43 69 40 57 53 57 72 53 46 81 72 86 35 21 73 63 72 46 64 58 66 68 71 54 58 67 55 56 36 48 66 30 77 60 88 64 29 61 68 51 72 73 53 56 61 68 34 62 76 52 52 80 42 83 81 76 65 47 56 68 39 57 58 38 35 59 52 78 81 42 76 61 74 66 73 65 74 82 64 48 50 49 50 73 73 47 63 41 58 30 53 60 59 42 61 79 73 69 47 80 77 33 60 76 63 58 70 42 76 31 67 54 45 73 65 50 70 50 60 69 95 68 85 44 69 50 62 56 35 54 65 65 65 63 47 39 67 52 58 67 54 40 54 60 69 62 63 74 71 83 86 49 49 63 30 56 48 64 71 81 61 37 52 79 61 55 61 71 56 71 43 65 46 72 48 51
65 87 47 72 63 84 90 53 84 37 52 60 88 84 68 55 88 73 51 73 88 71 55 81 63 73 65 61 57 61 82 56 51 82 80 89 64 52 74 66 85 49 64 68 67 78 74 67 95 69 60 75 46 54 71 46 87 62 92 74 70 67 73 70 72 82 73 56 69 73 76 79 76 68 53 84 49 89 86 77 68 79 59 77 56 70 77 67 40 69 59 86 81 49 81 70 75 87 79 70 86 83 76 59 58 61 57 75 76 68 75 45 59 58 71 71 88 44 72 82 75 70 66 85 77 38 76 79 76 78 73 51 78 46 87 63 65 83 75 51 77 98 62 82 97 70 89 57 72 59 83 59 54 77 68 66 71 65 68 58 78 72 65 80 70 55 83 78 70 66 71 76 86 85 87 53 73 66 40 72 59 81 81 89 61 72 72 82 72 71 80 74 63 74 51 82 66 77 81 68
68 90 58 89 78 87 90 60 87 67 71 62 93 92 77 88 88 79 58 74 91 83 84 88 77 92 68 84 62 78 83 66 58 91 81 97 74 60 81 81 85 51 64 85 74 98 77 77 99 98 86 82 49 55 84 48 89 78 94 86 76 71 80 80 88 86 88 62 70 88 99 86 83 72 96 95 59 96 86 94 69 83 67 81 97 75 85 81 58 77 67 86 87 54 81 71 78 97 81 71 90 89 89 82 86 90 82 86 87 71 88 52 65 60 81 89 92 56 88 83 87 77 71 90 83 39 86 80 92 98 83 90 95 67 98 64 73 85 90 56 85 99 74 83 99 84 99 57 84 67 85 74 84 80 90 82 82 83 79 82 91 87 89 98 75 95 86 87 73 86 73 86 86 95 88 55 84 79 58 87 65 84 84 92 64 86 79 87 87 76 82 82 71 87 79 92 72 84 82 86
94 97 89 90 93 88 93 79 89 85 99 83 95 92 93 94 95 87 80 88 97 85 99 89 78 93 75 89 70 83 97 84 96 96 89 99 74 65 90 89 90 99 80 95 78 100 80 96 99 98 90 98 74 75 100 100 94 80 100 92 82 99 91 81 95 92 90 85 78 93 100 96 85 88 100 99 77 97 99 99 95 93 100 96 98 80 97 95 82 89 93 96 94 97 83 80 88 98 87 94 97 91 92 92 89 100 87 99 99 92 93 94 81 61 86 95 94 74 91 87 90 94 86 93 90 76 100 94 97 100 94 96 99 72 99 69 99 91 93 64 97 100 78 95 100 86 99 63 94 74 98 74 98 81 91 94 96 95 87 94 94 95 96 99 97 95 86 91 96 99 83 87 96 97 93 79 95 91 80 98 89 96 94 95 86 99 100 88 93 89 93 98 85 94 95 94 84 95 98 86

29 56 11 57 42 39 70 12 37 30 86 3 2 29 57 50 22 58 14 31 56 17 30 60 12 6 39 72 14 13 27 12 18 45 25 44 12 20 56 61 44 4 24 5 43 15 6 22 21 17 50 18 12 23 39 80 13 78 2 6 1 60 2 49 28 69 98 4 27 64 31 14 29 82 14 7 69 72 47 90 5 4 14 31 44 6 3 17 3 18 60 47 70 35 59 43 11 55 4 2 19 47 22 47 6 16 11 35 15 1 46 26 18 27 56 27 58 32 22 51 34 40 13 36 13 92 60 69 17 49 11 52 7 31 44 40 31 28 14 61 52 33 4 37 87 44 11 3 8 14 45 25 40 12 9 29 7 33 53 62 43 5 68 67 34 70 16 67 1 4 3 31 8 2 62 13 23 29 29 6 21 23 65 49 74 37 40 25 24 24 24 58 23 5 65 19 5 4 84 80
68 82 90 85 61 65 94 46 90 52 93 84 33 42 58 75 84 88 14 51 66 95 71 74 44 32 66 76 79 92 64 31 32 73 69 77 37 25 61 95 70 25 35 20 48 19 12 25 45 59 91 20 31 30 72 90 42 79 53 32 3 66 44 91 42 86 100 57 82 83 39 49 29 85 41 66 82 85 93 95 12 68 51 39 79 66 85 35 85 27 87 80 79 64 82 73 54 78 96 49 47 60 42 76 7 73 12 54 74 27 50 34 88 92 81 54 88 81 96 87 74 82 97 38 25 93 92 70 41 72 23 73 8 83 72 88 70 77 39 63 97 55 82 97 100 50 74 91 37 83 54 50 94 21 61 74 17 78 95 74 53 7 94 74 90 78 21 70 57 26 31 88 65 19 63 77 28 48 99 51 35 34 79 70 84 97 61 38 57 96 28 99 100 77 79 28 21 72 87 90

88 112 141 224 745 32 441 304 106 191 119 95 842 733 130 97 85 972 442 392 515 134 30 166 282 597 896 1060 21 350 255 93 91 117 266 94 153 241 32 184 380 124 525 64 55 31 282 143 225 520 142 434 69 139 335 440 109 75 129 91 317 152 629 86 123 121 374 140 436 288 89 733 1021 83 197 655 45 114 64 195 550 190 330 296 447 117 53 437 80 138 333 109 601 449 16 1110 561 285 279 203 415 340 108 884 223 300 163 205 78 309 152 1131 199 356 290 195 71 153 109 385 660 384 291 172 142 121 31 491 675 200 470 128 78 940 301 76 211 74 42 1010 169 134 137 83 536 163 142 22 502 452 246 453 126 173 58 85 315 989 281 442 134 109 701 599 1220 483 906 83 266 124 788 130 105 115 300 470 174 268 247 508 289 640 345 121 179 351 117 220 871 304 76 248 104 206 96 505 456 95 159 206
219 117 240 285 1057 346 742 352 728 256 268 1469 1181 736 185 369 755 1122 637 1570 654 232 101 675 369 597 931 1225 98 775 337 232 112 472 393 99 696 352 92 641 387 190 547 70 82 849 450 306 323 1232 166 841 390 472 419 877 116 182 311 207 422 304 1750 753 189 408 918 168 722 765 349 769 1029 109 432 821 223 609 554 1399 747 435 363 1383 558 178 280 456 120 233 401 169 611 482 60 1571 1476 299 620 326 1074 346 517 1286 288 818 179 278 115 502 245 1485 809 537 421 354 132 161 148 447 1585 725 296 1497 260 191 141 718 987 282 550 149 188 1738 1363 239 226 133 189 1120 192 191 171 257 1009 193 208 115 719 550 247 494 163 561 1297 240 797 1050 311 741 306 167 735 1189 1241 497 1052 93 274 193 910 541 729 331 828 565 398 387 280 605 307 743 1157 287 749 975 283 257 954 551 470 334 133 265 104 523 687 240 205 366
323 1044 340 326 1404 401 775 897 1553 389 440 2053 1802 1307 188 565 924 1434 652 2432 1484 693 455 708 371 1200 1563 1607 296 882 575 293 133 509 475 182 749 444 297 1159 576 394 1119 529 794 1049 802 799 582 1479 208 896 1395 487 490 973 163 703 347 308 615 854 2689 933 343 528 1425 470 865 953 383 1252 1109 230 442 1452 476 764 685 1506 1196 515 381 1966 1324 216 458 580 254 242 426 203 698 563 345 1683 1877 547 1009 425 1276 2099 869 1694 339 842 262 298 163 634 361 1493 1306 1151 685 652 136 174 156 682 1744 781 778 1875 469 278 220 923 1164 309 656 156 387 2089 1385 298 249 226 201 1645 256 440 324 595 1070 487 270 445 722 669 451 1278 178 819 2095 429 978 1323 1785 794 354 426 1154 1271 2192 511 1972 128 453 198 1014 554 1017 447 1964 589 897 834 333 1036 656 786 1924 567 936 1146 338 557 1393 737 525 1166 229 1145 156 927 1308 322 335 480
680 1564 542 567 1514 415 926 1022 1684 487 516 2341 1819 2116 309 592 2992 3089 1149 2737 2370 1874 611 763 503 2629 1617 1720 335 946 576 601 171 1009 580 199 1166 590 500 1775 608 423 1422 930 968 1152 1289 1569 854 1889 427 1237 1398 618 570 1507 190 823 469 428 1474 888 2768 1119 842 1439 1447 734 1086 1050 609 1319 1289 419 452 1460 880 801 751 1892 1504 677 749 2837 1483 237 524 778 395 375 514 601 1115 1701 471 1940 2155 1106 1182 455 2121 2169 1215 2014 582 885 415 304 503 730 408 2844 1395 1153 1030 744 138 344 202 1059 2118 1008 932 2199 628 386 389 1024 1322 554 732 204 389 3072 2154 393 405 271 291 1654 378 458 353 632 1136 615 452 494 724 935 508 2619 194 886 2326 650 1063 1536 2278 1219 398 566 1538 1294 2463 647 2159 371 522 413 1207 985 1063 514 2083 763 1105 2295 1015 1194 945 841 1950 882 1028 1392 386 1008 1600 792 599 1186 318 2275 295 1531 1454 443 343 1002
711 1662 624 648 1584 622 954 1171 1865 597 1201 2532 2365 2301 788 599 3403 3697 1488 3004 2972 2053 703 773 703 2803 2370 2314 855 985 660 674 225 1596 649 200 1367 926 924 1958 1097 790 1553 1037 1104 1427 1443 1632 1348 2120 855 1293 1812 720 928 1542 541 940 482 453 1524 1053 2780 1316 956 2137 1667 738 1298 1420 624 1456 1334 617 538 1469 1210 1149 793 2334 1905 1128 1179 3253 1600 479 530 834 643 442 1129 618 1185 1810 488 2403 2286 1133 1734 500 2186 3010 1223 2059 702 894 459 402 633 748 880 2877 1583 1213 1309 762 591 345 241 1255 2122 1173 1527 2539 716 525 563 1372 1652 568 954 255 607 3088 2182 490 454 399 481 2886 654 467 458 1698 1170 682 514 522 963 1466 1219 3013 293 983 2703 962 1072 1850 2488 1256 433 800 1605 1591 2546 782 2234 507 728 513 1777 1494 1389 630 2516 763 1632 2412 1115 1278 1388 1376 2236 953 1126 1545 439 1110 1627 823 784 1427 727 3044 439 2493 2124 459 380 1136
803 1889 720 946 1634 636 1037 2360 2094 612 1429 2918 2432 2421 1029 957 3530 3700 1637 3079 3201 2430 757 822 859 3003 2375 3438 914 1150 690 698 289 1634 750 423 1547 993 1271 2344 1232 1501 1578 1105 1194 1675 1758 1655 1768 2134 922 1437 1827 838 949 1562 727 1116 496 587 1642 1205 2781 1533 1395 2950 1879 868 1447 1459 630 1737 1612 847 749 1789 1505 1490 800 2379 2112 1625 1208 3442 1816 506 583 1224 776 460 1571 685 1216 2428 599 2457 2787 1336 2588 568 2295 3017 1342 2141 712 1101 614 422 649 758 1107 3427 1754 2031 1683 796 677 402 347 1327 2252 1372 1681 2578 820 534 609 1393 1910 631 993 402 680 3330 2586 743 1345 714 535 3149 968 601 569 1948 1513 682 538 597 1200 1518 1576 3197 348 1891 2822 1108 1199 1941 2694 1386 517 899 2025 2278 3139 1105 2583 568 895 677 1881 2045 1491 809 2634 839 2159 2518 1338 1527 1584 1435 2719 1503 1458 2113 720 1250 2537 901 841 1538 848 3085 444 2606 2280 606 605 1761
862 2290 1333 1261 1703 837 1272 2454 2913 641 1517 3342 2835 3184 1266 981 3552 3867 1681 3351 3411 3078 770 1516 877 3094 2818 3514 925 1421 721 705 373 1690 778 690 1896 1252 1907 3472 1603 1611 2459 1117 1529 1737 1864 1666 1783 2765 1196 1592 3159 867 1092 1944 810 1257 566 630 1767 1613 2975 1626 1621 3302 2523 972 2403 2990 772 2789 1698 953 816 1911 1704 1944 888 3255 2573 1632 1391 3823 1894 561 607 1456 793 556 1731 791 1303 2944 781 3248 2847 1372 3223 972 3358 3400 1448 3163 755 1320 739 435 834 825 1415 3621 1765 2490 2633 1339 709 607 557 1447 3493 1425 1786 3184 836 550 677 1460 2021 689 1279 541 710 3618 2656 803 1728 714 796 3217 989 652 912 3633 1726 833 636 857 1651 1622 1600 3537 511 2502 3076 1307 1292 2307 3019 1490 708 1124 2904 3085 3795 1143 2728 572 902 699 2022 2900 1496 823 2695 839 2254 3244 1421 1771 2000 1641 3250 1507 1479 2789 880 1600 2598 1314 861 1842 865 3538 497 2909 2332 779 674 1971
971 2805 1548 1519 1748 903 1327 2962 3153 703 1726 3853 3562 3556 1689 1015 3554 3895 1854 3540 3778 3291 844 1915 889 3440 3341 3527 1152 1592 769 779 718 1775 795 770 1933 1316 2255 3711 1744 1788 2976 1527 1574 1845 1951 1746 1844 3141 1265 1662 3493 906 1172 2004 859 1354 812 669 1809 1825 3355 1740 1709 3496 2800 979 2962 3197 817 3911 1740 994 864 1972 1799 2767 972 3652 3353 1815 1437 3873 1904 686 725 1526 912 683 1854 826 1877 3457 782 3574 3281 1547 3689 1031 3834 3610 1533 3303 814 1414 739 438 952 962 1859 3701 1781 3215 2729 1497 723 868 693 1600 3818 1607 1906 3920 928 655 707 1745 3317 922 1287 949 1365 3829 3184 813 1961 902 828 3281 997 1408 927 3967 1847 1028 736 957 1759 1701 2044 3555 746 2506 3659 1828 1660 2626 3108 1919 891 1392 3278 3181 3868 1165 2776 651 992 878 2428 3843 1707 944 3180 912 3286 3542 1651 1864 2823 1924 3883 1684 1943 2946 1001 1939 3621 1740 938 2460 911 3866 551 3285 2822 926 997 3101
1025 3812 1821 1846 1832 908 1432 3138 3499 1016 1961 3910 3675 3593 1733 1017 3708 3972 1875 3830 3850 3970 853 2047 894 3628 4036 3805 1270 1727 776 853 984 1921 949 998 1968 1696 3678 3956 1758 1977 3373 1600 1797 1880 2005 1850 2026 3844 1909 1868 3926 1021 1829 2052 898 2002 853 1747 1948 1871 3366 1982 1872 3876 3008 1057 3176 3610 915 3914 1847 1007 934 2044 1800 3222 984 3737 3894 1974 1695 4074 2041 935 915 1592 941 750 1868 943 1883 4000 904 3646 3354 1958 3900 1045 3945 3693 1719 3766 926 1759 775 695 964 1049 1865 3937 1837 3922 2751 1556 869 1006 958 1741 3839 1992 1955 4004 966 718 965 1749 3662 956 1646 1086 1433 4050 3273 912 1976 955 856 3874 1067 1874 1055 3979 1910 1045 955 999 1770 1802 2058 3653 895 3459 3900 2005 2009 3990 3774 1937 990 1584 3686 3845 3953 1982 2993 849 1025 925 2833 3910 1976 984 3291 1029 3949 3644 2042 1986 3995 1969 4027 1874 1964 3112 1044 2066 3978 2068 945 3939 959 3909 743 3381 3252 997 1076 3664

12 102 53 129 295 26 298 290 52 122 104 60 541 627 13 39 82 216 313 375 439 116 14 145 244 546 638 926 16 150 37 33 70 42 213 37 57 141 17 111 340 68 237 50 41 17 256 135 166 460 59 355 50 110 124 140 80 53 79 70 84 130 281 79 95 106 372 83 139 96 46 601 757 60 28 409 20 88 30 178 522 146 239 147 417 53 47 427 61 74 289 106 371 127 5 877 508 212 262 83 179 184 106 557 133 229 74 143 69 304 102 695 55 165 148 180 16 121 62 372 80 282 266 116 107 7 10 225 338 69 283 125 33 841 237 23 158 26 8 156 48 91 101 43 136 128 100 14 311 449 233 358 77 168 21 77 232 780 193 291 5 75 257 532 1176 419 288 39 250 99 259 101 88 92 235 418 131 266 122 483 266 527 323 84 39 298 96 60 626 301 24 96 27 203 44 440 325 19 136 64
9 96 11 11 5 24 193 143 35 44 87 57 240 522 1 33 70 33 252 143 62 96 13 47 128 433 262 641 5 126 30 12 13 37 207 28 40 115 9 43 194 67 88 2 30 6 69 79 93 53 4 252 47 89 9 99 22 26 74 11 33 92 14 1 69 18 364 82 114 46 10 563 590 9 5 391 14 59 2 143 108 145 192 125 17 16 46 132 31 11 54 56 351 105 4 735 462 188 128 22 78 160 24 314 79 99 48 141 6 239 40 156 15 69 143 51 10 70 43 254 74 8 62 23 64 5 6 8 187 36 147 112 23 148 193 13 37 5 1 25 42 41 18 21 25 86 85 10 152 169 61 337 35 103 7 65 180 662 149 166 2 44 216 400 366 98 31 18 188 60 115 58 52 41 171 92 128 181 19 179 24 352 118 82 38 124 65 44 374 145 16 66 9 86 2 90 142 4 124 40
