200 9 2
75 50 16 82 96 79 97 74 56 81 89 65 92 55 54 99 34 69 47 71 38 23 97 18 8 20 90 63 57 65 63 75 31 34 44 74 87 72 85 16 18 33 62 28 2 61 89 71 9 26 49 1 91 16 5 35 24 84 49 72 51 94 18 22 86 31 56 5 76 94 86 47 80 57 3 37 42 16 4 78 57 16 11 84 90 24 63 97 64 92 71 6 76 51 61 17 66 79 61 98 17 67 58 88 18 74 45 65 11 29 18 33 97 71 30 100 90 67 58 27 5 69 59 69 10 25 95 82 96 81 80 20 15 30 63 38 90 60 65 79 34 40 84 44 88 75 4 27 9 12 65 99 19 55 26 57 6 34 82 8 64 92 94 42 55 94 33 55 52 89 33 90 35 71 33 97 94 27 54 75 49 31 32 84 64 74 72 99 97 98 11 49 69 3 32 6 34 90 72 57

4 18 1 2 3 8 19 1 11 9 6 1 11 8 2 1 7 3 5 12 28 14 5 11 38 15 6 9 35 40 5 3 37 8 1 6 3 18 2 10 3 23 8 14 4 21 4 20 19 30 24 1 14 19 7 6 1 9 13 12 20 9 19 10 11 13 7 4 4 21 3 1 9 9 26 22 9 17 4 9 3 24 2 5 5 9 6 7 4 3 4 1 7 5 8 57 3 5 12 10 7 2 4 1 1 21 7 16 4 9 5 5 4 7 1 23 1 2 8 11 1 11 1 29 19 5 5 3 9 37 2 4 8 12 3 13 32 7 1 2 1 3 14 33 9 1 8 7 2 9 5 4 10 15 5 3 9 9 9 5 15 4 14 14 9 9 19 1 15 5 13 14 24 4 3 1 1 5 6 8 5 8 10 7 17 8 14 8 12 8 26 3 1 11 6 1 15 6 41 2
7 25 13 30 4 27 38 22 43 23 23 15 13 10 22 7 10 33 17 23 32 15 12 23 50 21 23 27 42 44 26 6 39 14 24 9 10 27 7 26 5 23 12 31 6 22 6 27 22 31 26 11 19 24 14 32 3 20 14 17 27 13 23 14 28 36 18 29 12 36 12 20 20 26 49 32 20 34 10 19 9 28 7 19 25 11 11 10 12 4 18 16 13 12 14 64 4 10 32 12 19 11 7 3 1 23 12 38 14 18 34 9 20 7 20 24 4 6 9 31 10 14 20 30 40 14 5 12 20 38 12 45 12 17 7 21 37 8 2 3 2 15 23 52 11 13 34 36 10 14 10 11 11 24 6 5 20 14 18 9 15 28 19 18 19 20 31 11 34 20 15 39 27 9 15 2 6 12 10 30 27 45 14 13 18 20 14 16 13 10 27 14 19 21 14 9 33 11 45 3
20 45 17 45 12 27 51 28 47 30 31 27 41 12 23 25 35 35 53 40 32 23 12 29 52 33 36 31 46 45 43 32 47 21 38 51 12 40 10 28 7 49 14 41 13 27 13 28 25 33 35 15 21 31 20 41 10 42 39 33 44 15 24 29 41 41 41 47 15 56 35 28 23 27 67 36 25 34 17 27 13 31 57 27 34 15 30 19 19 29 22 16 15 32 25 66 43 26 47 13 36 18 20 15 14 23 12 47 18 34 36 15 30 13 36 45 35 11 27 38 17 25 27 33 40 21 14 16 41 43 21 46 28 27 19 33 39 21 19 18 37 35 32 60 26 28 56 39 17 32 10 15 15 31 32 7 20 21 42 16 16 33 64 19 39 25 35 13 54 56 15 51 31 35 18 9 7 19 15 37 52 47 16 18 30 22 16 23 15 17 41 16 20 26 16 16 34 19 47 8
31 68 28 55 33 33 55 36 48 49 58 33 48 21 27 29 55 55 57 45 35 25 16 30 59 34 44 51 55 50 48 33 60 24 41 56 17 41 48 31 23 52 33 55 22 28 19 29 30 38 46 25 27 49 36 45 11 57 52 52 49 45 32 33 50 47 43 51 43 60 43 28 24 30 77 44 29 37 21 34 25 32 61 31 59 41 43 26 40 42 23 46 20 35 27 79 54 38 53 13 45 27 23 15 21 26 16 49 18 38 64 25 41 33 41 51 37 17 28 44 19 43 42 33 49 32 20 30 44 52 21 52 29 28 22 41 55 38 24 69 38 37 39 67 39 34 59 40 59 40 31 22 20 45 39 11 36 40 64 24 32 52 69 25 48 33 50 30 55 70 45 55 32 38 27 10 33 38 16 39 55 47 23 19 41 33 35 28 28 24 46 46 28 26 39 25 51 21 58 9
50 74 31 59 34 38 67 44 52 54 61 57 72 34 28 36 66 60 67 58 41 32 22 46 62 41 53 53 70 53 55 39 64 27 49 60 35 60 70 47 71 53 39 60 28 29 63 57 72 84 47 35 52 67 42 49 19 63 54 69 56 62 35 36 69 50 56 52 43 65 49 34 51 64 77 56 40 39 45 61 29 51 80 35 73 50 63 36 48 54 26 51 26 41 30 83 62 46 54 31 47 30 47 23 40 27 26 63 44 38 68 38 42 40 55 51 51 25 62 62 44 67 42 47 49 44 23 43 48 70 68 73 41 46 35 50 56 45 42 83 49 45 44 75 42 39 60 49 64 52 50 23 22 47 45 15 48 42 66 26 39 66 72 29 51 43 62 38 67 73 56 58 50 45 34 40 54 40 28 52 77 66 41 24 49 49 47 32 42 45 54 54 43 49 48 40 55 50 64 41
69 88 40 72 58 56 67 49 58 74 61 65 83 39 38 38 79 66 78 68 51 40 26 49 64 46 55 66 71 67 59 64 73 31 50 64 44 70 74 67 75 65 42 64 40 51 65 63 81 88 52 45 77 69 60 53 56 65 64 70 62 65 42 43 70 57 66 53 70 65 52 44 54 66 80 64 46 54 47 71 31 55 86 62 73 52 71 39 52 65 52 56 41 50 34 87 77 54 54 32 54 31 65 27 62 42 38 71 46 50 80 43 58 58 63 59 66 41 81 66 46 88 48 49 89 56 44 46 51 72 73 82 45 69 52 56 70 56 60 85 49 46 46 76 57 40 73 51 76 55 63 50 42 50 48 35 49 54 74 41 44 70 74 32 53 48 64 64 71 77 71 61 50 60 35 50 57 41 41 53 78 71 46 61 71 59 55 39 44 48 57 65 53 50 49 56 55 53 65 41
79 89 44 93 64 68 75 60 66 79 86 66 92 40 57 45 89 71 80 79 55 51 64 65 71 69 67 74 79 91 61 67 77 40 58 66 46 74 78 81 77 75 51 78 46 60 82 71 88 93 68 51 82 74 61 78 69 80 65 70 63 76 66 55 72 65 76 53 71 68 63 45 73 74 86 77 56 82 53 87 32 67 88 75 75 67 80 41 77 82 67 58 62 53 63 87 87 72 60 48 63 38 72 66 64 51 45 80 47 53 85 57 59 75 67 63 85 51 85 80 71 94 57 52 92 60 51 58 61 83 84 84 56 77 71 68 79 62 61 88 50 56 53 84 64 42 77 74 85 68 64 52 60 62 81 55 56 80 76 44 45 83 86 34 55 85 70 68 77 77 87 78 73 70 59 56 59 52 43 60 85 80 51 67 94 65 71 53 55 62 79 73 56 67 78 56 60 71 75 53
80 98 76 97 84 94 80 78 68 80 94 66 93 47 65 58 97 91 84 83 80 80 90 71 82 92 86 76 84 92 73 82 77 64 63 84 80 86 86 83 82 76 61 90 67 76 96 78 91 97 79 97 82 84 98 88 82 88 93 81 84 94 89 63 92 73 82 54 74 90 98 85 85 95 89 79 60 82 65 89 51 87 91 91 86 95 94 77 78 87 87 59 69 61 70 88 94 84 69 85 67 50 76 93 91 68 59 92 47 99 89 68 82 80 73 67 94 56 85 93 79 99 89 77 92 67 69 61 79 90 98 94 61 90 86 81 81 77 71 95 74 58 54 85 80 51 79 87 93 78 68 54 89 68 89 70 82 93 82 58 72 87 91 75 59 86 85 72 94 84 89 81 93 85 86 86 82 59 83 69 90 83 76 93 96 78 73 64 67 84 85 93 93 68 94 58 68 83 79 55
80 100 79 99 96 100 91 88 93 86 95 82 96 97 82 82 97 98 95 88 81 100 94 95 88 94 98 89 99 95 81 97 99 98 68 99 99 99 94 97 83 82 64 100 74 89 99 83 93 99 90 98 91 89 100 98 96 88 94 90 88 98 97 77 92 85 86 71 80 91 99 93 97 97 99 92 79 87 100 92 92 100 100 97 96 100 94 100 83 98 95 72 81 62 78 91 98 88 82 92 76 89 96 98 100 76 67 93 88 100 100 97 96 82 97 77 94 57 90 97 91 100 95 86 98 94 72 93 98 93 100 100 97 94 97 95 97 90 72 96 80 89 90 94 82 96 88 91 99 94 78 72 90 77 97 73 98 97 83 61 80 89 96 97 66 98 98 92 99 96 96 92 98 92 86 95 87 74 96 98 93 93 89 99 100 83 88 100 69 94 100 97 96 73 95 78 80 90 84 81

10 41 46 27 52 5 59 27 63 14 2 15 23 62 40 6 29 19 55 30 6 21 5 89 4 8 1 34 55 63 44 8 15 16 28 70 81 3 34 19 63 8 18 38 76 16 9 1 56 8 42 54 32 35 29 24 80 26 53 10 62 31 10 23 30 33 35 54 37 23 6 30 11 16 20 91 64 27 30 26 34 26 27 75 5 11 68 28 40 31 45 74 41 28 46 63 11 52 47 60 13 18 2 32 6 30 62 3 25 68 1 26 31 46 41 6 68 78 77 38 5 34 7 23 23 31 38 9 8 40 35 11 18 27 3 1 11 24 22 41 2 15 10 19 56 24 14 44 7 12 42 21 44 20 53 29 66 26 11 73 67 35 30 20 28 53 11 18 12 34 30 54 48 47 26 88 83 63 54 19 28 77 16 71 59 52 8 61 41 17 6 70 96 62 2 54 8 34 55 55
26 51 85 54 74 34 99 30 96 15 70 34 84 68 73 33 94 59 89 36 47 89 89 90 69 90 83 86 73 84 58 69 85 24 40 72 100 9 43 40 67 35 72 54 81 73 19 46 98 12 89 76 49 68 38 33 87 31 72 43 73 82 12 27 90 38 43 87 66 100 89 55 32 32 68 92 81 46 44 41 56 59 93 79 66 78 92 58 53 47 84 96 55 90 55 71 65 96 95 65 34 48 63 95 53 39 93 83 66 71 94 41 88 94 65 99 85 94 84 42 33 93 46 81 73 54 77 83 44 46 53 87 65 72 41 73 90 73 76 59 5 99 76 39 58 37 75 66 29 47 75 78 65 68 80 52 78 30 27 86 79 99 100 96 74 73 80 28 97 58 97 93 63 60 75 100 93 83 100 72 36 90 48 76 97 69 35 97 92 82 61 86 100 97 65 98 47 68 79 66

535 263 298 458 230 275 150 197 185 189 146 105 171 163 350 324 39 335 166 178 676 185 128 868 299 483 277 395 417 67 143 270 67 104 227 786 120 357 580 32 142 131 216 151 41 238 1160 455 185 719 175 140 121 413 5 102 42 86 130 352 189 360 62 497 858 821 106 1201 359 105 722 102 629 122 139 269 174 54 21 90 85 241 123 89 147 184 589 429 614 445 301 130 148 140 141 237 155 115 98 315 23 308 185 490 54 945 63 107 174 158 92 34 121 150 234 483 373 360 258 172 49 110 287 90 493 157 238 721 103 216 81 146 20 315 210 205 122 109 513 659 124 126 372 157 204 272 401 130 94 1024 135 512 22 405 362 285 117 240 165 133 152 439 489 304 132 754 157 284 53 416 390 295 358 124 910 131 94 132 60 631 81 98 39 114 894 295 252 246 748 128 580 189 478 13 416 246 260 104 280 91
1574 456 764 485 335 426 161 382 365 547 324 457 256 355 1197 371 210 410 232 314 939 384 182 1369 1016 1750 561 1592 592 99 316 1037 139 239 583 1121 192 383 1264 142 545 1312 288 247 58 468 1164 466 369 1742 242 270 342 1020 33 165 87 124 167 374 213 597 388 520 1154 1206 371 1213 583 506 762 240 643 172 172 644 316 70 695 129 333 376 177 115 174 492 1475 475 1574 534 398 196 497 160 192 274 210 213 595 340 39 326 584 934 919 1675 144 497 514 783 358 85 218 1497 491 585 409 436 282 188 178 149 322 144 587 347 640 1114 253 419 134 156 57 537 514 736 316 269 1088 733 358 146 412 332 215 283 657 304 139 1270 205 925 121 618 655 731 207 387 557 365 342 608 879 355 2111 1427 191 343 455 540 401 754 1001 135 1013 556 154 444 157 801 103 571 80 363 1500 531 874 636 1083 407 941 334 967 56 1336 261 542 295 751 176
1788 601 1163 616 498 669 224 449 372 585 388 530 1994 358 1286 644 490 769 239 676 1517 679 392 1692 1638 2293 567 1838 644 782 491 1038 276 271 639 1437 366 819 1365 195 552 1596 348 519 90 491 1176 508 923 2055 464 496 520 2243 99 332 119 398 175 1198 269 1117 452 564 1296 1919 527 1293 607 726 1854 446 697 469 225 1427 529 253 1708 288 344 501 202 123 384 689 1728 646 1719 1627 504 352 1035 222 348 427 615 440 751 670 133 808 601 1432 933 1888 252 654 1818 855 425 147 309 1579 593 612 611 481 317 338 282 270 343 288 1425 395 797 1521 486 426 454 250 123 556 528 1482 415 613 1275 1160 452 265 417 1141 272 294 1082 683 170 1402 458 2266 430 768 771 839 493 583 656 375 657 1407 892 903 2132 1928 257 539 608 909 457 922 2022 487 2464 574 1072 606 288 956 914 1234 124 503 1530 599 1074 666 1463 534 1238 363 1105 119 2116 642 1772 343 873 265
1831 611 1244 693 750 839 697 722 400 641 515 784 2358 540 1543 1511 732 914 251 909 2402 1089 556 1716 1901 2297 760 2151 908 823 567 1221 325 745 786 2322 556 832 1408 206 580 2422 438 546 254 768 1177 511 1043 2069 532 864 537 2833 348 365 163 480 298 2205 531 1502 574 818 1521 2169 772 1596 666 923 2070 530 745 703 254 2201 1021 652 1913 568 380 588 346 203 509 714 1960 876 2074 1766 509 482 1141 305 1059 690 981 891 845 808 322 1025 693 1910 1288 2070 281 891 1951 1022 813 266 825 2058 663 1053 649 622 332 522 324 327 364 383 1440 601 858 1592 682 493 844 518 189 684 546 1649 418 733 1383 1624 1044 362 823 1528 297 801 1381 1067 324 1473 490 3015 465 861 846 865 951 1500 782 728 1017 1887 1234 960 3194 2212 386 584 854 1015 466 973 2185 508 2555 655 1348 869 491 1178 1018 1238 313 670 2590 711 1807 699 1635 582 1923 801 1113 212 2345 1246 1880 534 901 303
2023 616 1812 714 767 1269 839 760 469 757 539 1024 2515 617 1957 1927 913 1749 291 944 2432 1393 753 2377 2573 2325 1432 2679 1059 841 574 1225 353 791 812 2714 980 858 1443 557 592 2894 449 724 329 900 1220 599 1138 2085 549 2493 620 2909 360 438 531 490 511 2494 676 1755 1375 914 1662 2434 805 1954 675 980 2274 610 835 718 378 2257 1193 661 1967 1152 443 803 567 235 516 770 2149 884 2934 1798 620 784 2633 399 1073 718 982 959 858 908 532 1142 759 2033 1376 2089 374 1538 1984 1119 1130 297 894 2736 1211 1877 696 641 428 542 558 354 434 471 1547 618 1994 2199 770 719 889 682 426 798 547 1948 608 952 1473 1985 1077 413 1218 1758 399 818 1563 1326 470 1634 629 3036 512 1139 856 994 1300 2445 1230 926 1876 2550 1419 1245 3604 2672 591 677 1239 1120 601 1090 2430 539 2628 843 1461 870 545 1327 1032 1252 330 994 2753 758 1956 724 1911 721 2525 924 1217 237 2727 1495 2323 636 1004 642
2696 617 2384 751 1663 1772 867 914 529 796 690 1068 2856 658 2492 1986 1063 2504 519 1138 2847 1539 1400 3011 2958 2636 1678 3512 1144 1309 633 2313 461 1160 938 3141 992 3182 1471 812 605 2909 586 1070 551 1020 1247 710 1471 2564 662 3275 685 3021 399 443 563 552 529 3007 900 2168 1647 1042 1672 2917 876 2128 961 1184 2388 618 850 1128 414 2372 2139 965 2413 1459 589 1117 737 609 647 879 2454 924 3088 1807 737 864 2861 426 1610 807 1380 991 949 912 562 1699 926 2823 1552 2321 470 1679 2018 1242 1341 488 972 3237 1523 2985 773 798 448 810 674 551 472 756 3539 796 2617 2743 951 993 965 724 462 1126 670 2148 637 1235 2256 2194 1258 485 1466 1867 625 1084 1729 1495 544 2283 793 3064 614 1170 858 1309 1375 2512 2049 1189 2260 2614 1589 1251 3623 2704 729 1227 1350 1161 632 1128 2513 865 2666 911 1506 930 836 2123 1191 1512 347 1585 2991 811 2099 748 2461 928 2921 1096 1301 279 3210 2494 2722 691 1062 816
2993 729 2999 905 1810 1953 887 1480 596 924 756 2121 3061 707 2624 2059 1075 2605 690 1159 2885 1618 1511 3243 3295 3073 1908 3641 1257 1387 784 2325 519 1342 1371 3558 1003 3744 2995 959 1416 3484 594 1477 719 1157 1272 968 1571 3073 849 3338 897 3227 842 518 698 852 597 3320 956 2581 1729 1065 1769 3292 953 3198 1207 1577 3109 629 929 1193 447 3245 3176 967 3406 1668 594 1413 862 693 819 889 3570 1188 3313 1857 776 1252 3060 655 1743 874 1472 1647 1558 1366 785 1723 943 2888 1652 2535 662 1697 2560 1364 1755 876 1149 3364 1655 3502 785 830 480 1037 749 701 958 812 3706 858 3168 2790 1012 1518 1595 811 549 1227 804 2557 671 1248 3029 2243 1479 516 1590 2332 849 1116 1737 1707 712 2865 971 3344 744 1287 936 1661 1616 2575 2437 1543 2945 2837 1703 1289 3779 3427 1305 1339 1372 1252 707 1639 2958 913 2675 996 1581 1397 901 2614 2477 1530 623 1674 3343 816 3034 798 2531 1054 2978 1605 1698 554 3362 3258 2724 723 1113 852
3178 808 3526 970 2924 2010 895 1710 633 953 905 2851 3379 836 2653 2659 1284 2850 761 1171 3326 1696 1970 3348 3633 3244 2178 3693 1941 1421 1016 3404 548 1389 1500 3719 1022 3748 3216 964 1478 3840 705 1692 954 1731 1832 1025 1767 3140 942 3564 963 3647 923 579 855 1029 781 3401 1008 2895 1833 1954 1811 3390 985 3813 1510 1613 3682 665 1018 1506 699 3616 3235 978 3507 1910 776 1515 866 694 967 942 3572 1551 3511 1924 1033 1411 3288 665 1957 892 1619 1879 1721 1806 812 1890 1595 2932 1686 2937 668 1707 2883 1678 1864 886 1751 3793 1835 3514 956 925 487 1809 777 1000 1282 845 3845 865 3463 3544 1025 1585 1657 845 981 1429 956 3885 717 1274 3377 3108 1664 670 1601 2758 986 1356 1785 1968 830 3273 991 3836 892 1633 982 1937 1878 2623 3636 1583 3572 3169 1726 1390 3833 3728 1488 1549 1483 1530 866 1729 3019 980 2683 1034 1691 1466 931 2973 2826 1609 739 1811 3404 873 3465 851 3855 1065 3120 1870 1758 846 3705 3507 2729 977 1506 896
3286 1004 3621 1061 3954 2027 901 2024 1034 984 1084 2991 3704 887 3714 3482 1865 3183 779 1705 3699 1985 2028 3975 3885 3604 2521 3872 1997 1830 1024 3844 1006 2803 1932 3943 1026 3861 3779 971 1764 3935 786 1818 979 2252 1947 1061 1944 3710 964 3865 1031 3807 1000 942 988 1064 828 3848 1013 4094 1854 1961 1846 3524 1029 3963 1591 3832 3915 686 1378 1740 856 3880 3371 1016 3509 1929 900 1584 974 1002 1006 989 3752 1556 3622 2088 1070 1602 3475 838 2049 980 1770 1894 1928 1816 844 1998 1908 3427 2010 2963 993 1959 3333 1885 1898 904 2085 3899 1933 4042 966 1023 732 1832 801 1049 1341 929 3993 998 3509 3826 1053 1749 1819 882 1001 1440 1027 3965 728 1525 3864 3513 1847 711 1779 3438 1011 1471 1801 2006 958 3906 1424 3847 1016 1710 1005 1951 2005 3836 3828 1885 3948 4074 1787 1677 3902 3903 1920 1871 1547 1703 998 1977 3923 1046 3563 1452 1819 1880 977 3579 3274 1683 941 2075 3925 899 3915 858 4033 1070 3439 1996 2061 908 3918 3746 3182 1073 1972 941

352 182 287 337 227 245 140 178 107 73 139 101 167 83 319 246 34 264 63 62 205 148 80 528 264 170 134 71 62 49 85 218 10 99 193 472 90 146 252 26 138 102 98 94 33 205 1010 299 175 691 116 26 76 293 3 71 24 66 106 294 115 70 6 354 836 708 91 734 335 49 695 72 295 97 121 228 78 33 20 80 61 122 100 32 34 161 380 400 555 195 118 69 63 83 86 162 148 104 82 252 16 246 156 398 44 462 40 86 27 109 51 15 115 120 223 335 254 357 73 141 38 105 193 69 423 67 193 393 89 92 78 108 9 163 123 64 70 96 495 358 102 41 186 58 128 86 174 82 68 434 75 488 21 87 195 239 115 225 96 119 48 235 344 191 112 648 124 233 33 378 264 163 278 73 747 114 84 122 53 270 62 97 27 107 511 230 204 229 346 54 88 75 236 9 241 190 201 60 274 63
289 29 38 150 112 17 34 77 33 11 21 14 13 24 249 54 1 109 23 20 197 63 75 3 70 149 44 45 12 32 20 127 4 10 120 158 54 13 78 16 79 94 77 18 2 196 403 132 83 465 12 5 49 250 1 39 8 42 68 288 101 69 1 175 631 247 11 45 183 46 37 8 54 45 14 166 31 12 12 60 8 12 73 25 12 106 153 311 392 177 82 12 9 60 9 145 64 83 34 82 6 225 29 165 39 225 31 42 14 90 29 9 109 1 209 263 177 53 44 112 8 4 45 39 310 62 55 388 54 53 48 99 8 101 120 35 69 34 50 354 5 40 57 2 41 10 43 29 59 333 30 181 11 50 54 41 64 23 54 4 18 101 228 111 43 461 94 1 22 82 138 122 272 25 702 6 44 90 6 12 54 66 4 24 296 188 90 177 180 4 5 27 200 8 109 13 87 37 63 14
