200 9 2
93 14 63 98 51 73 68 98 10 25 13 61 49 64 5 17 74 32 26 51 26 65 5 28 58 80 88 69 31 7 80 40 69 85 53 79 1 89 32 72 24 10 100 86 93 83 69 65 38 69 12 38 65 67 21 55 21 66 19 61 19 43 52 64 64 74 30 56 92 10 2 14 75 19 22 93 44 36 36 55 12 13 22 49 26 6 85 41 74 63 83 64 8 57 88 62 37 95 62 89 11 5 84 84 60 19 96 71 19 61 41 44 66 83 100 50 76 50 99 94 12 23 86 32 69 49 76 100 22 27 32 64 92 14 81 25 55 63 24 81 58 39 13 52 23 46 96 15 21 58 25 41 97 41 91 16 27 22 95 8 8 30 84 72 78 59 83 6 58 63 73 90 18 43 41 55 7 99 64 59 96 69 58 14 80 91 46 59 20 100 44 20 2 98 46 58 76 18 44 25

6 5 14 17 14 12 5 5 7 16 32 22 14 5 19 3 9 27 21 13 23 9 17 17 11 3 12 16 6 7 2 31 2 10 5 2 5 27 9 13 4 24 21 3 20 29 6 13 26 51 4 1 13 5 48 4 3 6 4 3 24 14 19 11 1 14 9 2 12 13 7 15 17 4 5 12 1 14 2 21 11 20 4 2 14 1 3 3 6 13 1 9 5 6 7 8 6 1 9 26 13 15 3 12 4 19 9 17 8 5 19 5 4 1 6 6 5 5 1 6 11 10 5 7 4 3 33 15 26 6 5 17 2 14 25 7 3 2 3 2 2 4 41 6 16 11 5 2 4 15 21 20 5 15 8 7 4 24 6 4 11 18 10 3 15 7 8 22 6 17 2 4 11 6 2 12 9 3 3 4 17 5 3 7 9 9 5 11 3 10 25 4 1 19 9 6 11 11 17 2
24 10 23 51 21 14 15 12 13 17 34 42 25 32 24 7 21 34 34 18 23 22 27 23 16 7 34 20 14 16 37 32 12 24 5 11 5 34 35 14 9 28 25 4 22 31 14 14 31 52 28 2 22 9 69 5 12 20 30 13 38 44 23 14 18 29 37 4 18 26 28 19 29 16 11 17 26 15 16 22 17 27 8 32 15 2 5 3 24 50 6 20 10 26 22 11 9 8 16 28 29 25 19 24 15 20 9 20 15 11 47 9 27 48 8 10 19 30 10 27 11 27 6 8 35 11 35 30 30 12 11 26 14 45 28 9 37 6 8 10 17 24 43 31 20 15 5 14 4 30 33 21 24 15 9 15 25 29 22 6 24 22 24 14 15 28 35 56 8 40 4 6 12 33 3 17 16 12 7 17 26 7 13 36 13 20 38 38 4 10 27 16 3 29 31 15 15 13 18 29
40 27 35 53 22 27 40 15 38 18 37 47 44 56 54 12 31 44 35 39 29 22 36 27 17 15 35 21 33 32 39 37 33 50 21 16 13 51 51 16 16 29 30 16 30 32 23 16 51 52 36 9 22 11 71 10 16 27 31 23 41 48 48 22 32 44 48 9 25 35 30 31 35 37 17 19 48 28 42 31 35 37 15 46 24 28 26 3 28 50 10 23 18 31 49 11 32 18 32 36 33 29 20 25 18 23 34 34 16 27 55 21 32 65 11 23 22 31 35 34 17 29 50 11 36 20 41 36 45 17 29 45 31 55 43 10 46 16 11 16 18 41 50 44 21 21 27 33 8 31 43 32 25 24 25 24 25 48 22 20 31 23 31 15 24 29 36 60 28 42 15 17 17 35 4 45 22 18 20 41 44 26 46 43 31 24 40 42 21 24 28 33 19 36 32 15 29 25 39 30
69 28 41 67 44 30 46 45 45 31 44 50 45 62 58 24 45 52 39 49 42 23 73 29 20 28 45 23 39 35 54 39 34 67 23 23 33 68 56 24 27 37 35 33 31 42 25 21 56 54 38 21 27 16 77 28 23 40 37 39 49 59 77 32 39 46 59 10 28 41 35 31 39 55 47 20 50 40 58 46 38 46 31 49 26 34 39 3 53 58 11 31 27 42 55 42 36 21 54 42 53 52 56 27 33 33 48 36 19 32 57 28 36 90 26 27 45 34 52 44 23 31 57 34 42 27 52 38 58 24 34 60 50 62 47 34 51 18 38 37 25 52 53 48 30 31 32 48 9 35 48 56 31 33 57 25 31 53 38 54 32 45 36 24 59 36 37 62 32 44 16 17 42 37 14 71 26 19 35 45 49 30 53 59 31 25 44 51 39 34 58 35 47 42 53 22 33 33 57 43
69 42 57 72 45 42 50 54 53 43 49 52 65 64 60 46 46 60 40 53 47 32 86 44 30 34 68 52 52 36 57 44 39 70 30 28 34 69 59 24 52 41 44 56 39 76 72 39 65 58 49 47 34 17 78 51 29 42 53 54 61 60 77 34 42 49 59 18 40 43 38 40 53 55 68 31 64 67 62 47 47 58 37 50 42 58 42 15 61 58 31 46 33 58 60 46 37 28 60 61 56 59 74 56 55 49 76 40 48 43 59 54 37 90 27 42 68 34 64 48 44 42 59 51 50 40 60 44 60 41 36 62 79 73 50 37 63 27 49 55 39 58 74 57 42 39 41 64 14 46 67 56 48 37 58 29 33 62 41 57 34 45 41 24 74 40 43 79 32 65 18 25 61 48 30 74 46 32 52 65 60 33 54 61 32 31 45 53 49 43 64 43 60 47 59 39 42 51 71 59
75 72 58 74 45 67 66 61 58 43 49 55 69 72 65 55 61 79 41 59 65 34 91 51 67 82 74 65 56 60 69 67 61 75 36 35 62 79 73 47 66 48 46 70 70 77 79 44 72 75 56 70 48 55 82 67 46 52 66 66 69 90 79 41 68 82 75 36 44 59 41 57 69 58 73 38 68 69 67 67 50 61 46 50 44 61 45 35 89 68 65 65 45 61 73 52 62 29 61 64 58 65 75 56 60 61 80 42 54 55 62 59 41 91 27 47 75 62 79 64 58 54 70 65 58 47 70 58 68 47 45 72 81 77 55 56 65 45 56 63 40 59 87 61 44 41 82 70 48 47 72 64 80 54 64 58 37 62 46 61 35 47 58 49 76 45 64 88 48 70 44 35 71 69 38 74 46 34 66 67 64 43 56 68 48 40 46 56 66 84 73 46 61 58 64 63 61 54 72 63
87 73 78 76 60 69 69 70 80 79 53 58 79 93 73 59 74 83 41 78 67 54 95 60 78 82 92 78 69 79 79 68 64 78 42 59 64 84 83 79 70 54 64 75 85 82 87 56 79 76 58 81 53 57 82 81 58 57 73 69 84 94 80 45 75 90 77 77 64 61 69 71 70 92 81 48 78 75 68 84 55 68 76 62 47 82 46 51 91 88 81 87 88 72 83 53 66 39 65 70 94 71 88 82 70 70 92 61 63 83 68 79 45 92 67 53 89 80 79 69 62 67 79 78 61 49 85 76 75 48 56 79 81 77 78 71 66 52 77 73 51 80 91 68 80 79 85 71 77 52 73 80 83 57 69 61 75 67 67 75 39 52 63 72 77 50 68 96 49 76 76 80 77 75 52 92 53 47 67 69 88 47 60 86 52 82 76 81 78 85 74 48 80 75 68 73 71 57 80 77
88 81 97 81 66 87 76 78 94 83 69 74 81 94 94 64 77 99 46 78 78 65 96 69 86 88 95 80 86 82 89 94 76 86 67 90 82 87 93 92 71 76 81 79 88 96 97 83 91 92 78 88 81 74 93 87 85 74 81 84 85 96 95 64 98 92 78 84 67 70 71 75 85 97 84 86 78 88 83 92 61 82 79 89 78 85 54 84 91 93 90 92 89 80 83 67 69 69 83 77 97 76 94 92 92 88 95 65 64 86 82 88 69 93 85 62 91 80 93 82 86 78 91 81 71 49 87 81 80 69 76 80 86 79 87 74 69 82 78 86 60 83 93 75 89 97 88 73 78 78 90 81 92 91 76 64 85 76 67 84 47 84 77 75 79 58 73 97 50 83 82 84 85 80 80 95 59 51 75 75 88 58 81 87 72 86 77 85 90 85 76 67 80 79 71 74 96 60 91 89
98 98 97 99 81 100 79 92 100 91 95 80 97 98 96 64 92 99 55 82 85 89 100 93 97 96 99 83 95 89 99 94 89 90 73 96 83 94 93 93 85 82 98 90 89 98 98 91 92 100 83 91 93 93 95 99 92 100 92 94 91 99 96 89 98 99 82 98 70 86 80 100 85 98 87 98 81 100 85 97 88 83 87 94 81 94 97 92 92 96 99 97 96 89 85 77 89 72 88 84 98 97 100 99 99 89 99 72 87 98 87 100 79 94 87 63 99 90 98 100 98 89 96 94 99 56 93 97 88 73 92 82 86 99 88 98 94 100 88 94 95 89 94 83 97 98 91 92 92 87 90 83 95 99 96 89 91 81 98 100 65 85 97 94 93 86 89 97 51 96 99 92 89 82 94 97 60 52 96 94 95 72 86 97 88 98 86 96 97 97 94 77 96 93 97 89 96 84 93 100

21 19 1 39 15 16 7 60 53 69 91 50 9 96 46 49 79 8 3 27 28 11 38 24 15 19 2 30 5 10 25 4 34 25 74 13 13 1 64 1 13 2 4 45 68 46 64 21 13 54 22 3 38 42 15 18 39 23 17 2 30 60 8 60 1 36 6 43 12 76 63 2 38 11 39 20 3 33 63 24 27 57 18 42 6 2 32 53 42 36 34 19 44 69 49 29 59 14 6 18 31 2 7 8 73 65 14 45 4 65 46 72 20 14 27 11 20 3 85 14 78 38 61 27 90 74 20 85 9 5 67 20 30 44 31 4 19 4 28 28 13 70 70 7 60 10 13 46 41 19 3 2 65 2 72 35 45 64 18 41 47 4 20 5 93 44 46 72 5 41 10 37 67 22 36 15 72 22 34 11 14 13 14 87 55 60 23 20 7 99 65 77 26 21 48 56 68 5 19 60
64 32 72 91 21 93 44 78 74 71 98 60 15 99 57 63 93 49 52 97 71 83 50 36 46 26 79 36 28 12 54 40 75 66 90 23 89 84 81 45 29 22 70 71 94 49 70 73 72 90 28 40 69 92 54 26 42 54 21 46 65 66 24 82 87 60 32 50 70 90 81 69 100 41 70 84 85 85 83 58 86 80 57 82 7 65 40 66 54 91 94 26 100 87 51 86 86 66 41 41 33 22 97 25 82 66 97 61 73 68 87 93 87 34 53 21 47 25 98 99 87 73 81 38 97 94 78 89 90 9 79 90 80 93 58 96 81 82 31 29 87 84 86 12 99 61 48 47 86 33 44 76 98 8 97 57 56 92 81 49 71 15 45 76 97 68 95 96 92 79 89 90 89 35 77 92 96 34 87 96 51 53 14 93 83 88 39 33 17 100 87 92 80 100 80 90 73 30 84 66

257 53 325 254 285 416 178 185 167 385 428 197 566 253 131 152 170 57 784 59 309 179 169 207 129 549 221 1596 253 92 273 255 183 468 84 470 644 501 87 279 62 371 157 637 218 130 398 202 94 308 57 108 175 422 162 235 467 199 219 79 38 43 115 182 296 496 576 120 150 52 160 124 134 65 331 584 299 372 184 131 742 106 686 227 77 130 124 69 223 151 205 224 229 87 146 234 68 141 110 311 368 85 207 1105 415 398 218 124 163 135 179 135 114 120 176 183 232 99 280 683 39 97 365 292 73 227 368 151 694 345 159 69 117 175 1168 107 81 181 134 263 544 700 63 124 64 78 102 26 429 139 699 77 97 754 436 321 452 115 493 554 679 848 175 120 231 198 285 97 543 722 114 317 546 115 70 132 207 147 145 421 218 596 640 17 414 182 938 131 318 103 66 963 77 231 49 98 173 940 343 151
333 155 339 370 549 793 209 265 328 595 758 1055 1342 763 391 809 284 149 975 167 374 201 939 325 291 566 337 2165 537 442 656 440 746 651 411 497 734 1148 380 508 115 756 386 938 453 258 819 626 949 808 133 297 481 450 193 912 778 252 325 115 236 119 295 253 334 956 638 507 362 504 248 163 199 117 499 734 320 420 331 231 944 176 1384 478 99 368 254 268 345 574 262 228 376 93 317 485 535 255 126 359 406 216 310 1494 459 1065 263 284 639 388 520 208 167 405 233 780 238 154 1291 801 192 1881 486 350 78 757 851 381 1164 576 422 344 164 248 1241 257 193 295 489 442 786 744 466 173 173 99 177 488 552 206 794 285 379 786 1131 326 537 167 502 762 731 1071 537 1185 451 247 426 165 705 1634 177 745 1952 123 237 803 218 176 186 500 337 619 1045 99 1103 191 1343 149 416 170 121 1210 167 233 217 132 333 1106 379 624
390 1062 916 536 827 890 401 488 585 1328 1193 1329 1709 1487 525 869 335 194 1064 213 706 406 1233 374 357 711 488 2189 545 557 1242 594 1180 951 446 579 1220 1246 452 530 231 1184 389 1903 761 281 863 912 1164 933 471 319 1273 713 239 1400 1242 297 646 248 363 308 432 306 627 1461 663 642 478 612 327 675 240 998 854 734 366 1081 352 561 994 259 1873 497 529 504 316 310 979 650 338 236 406 160 682 907 956 278 201 480 740 721 343 1848 558 1069 328 1015 658 1073 563 1162 670 671 383 893 315 205 1316 862 2410 2082 498 455 243 1447 1055 387 1461 629 574 535 206 326 2597 367 415 359 733 739 833 788 614 185 336 152 400 1189 823 445 1237 452 402 824 1135 437 550 223 511 1575 915 1253 744 1307 457 273 1651 422 1013 1703 448 795 2674 220 466 1045 327 544 311 525 360 1094 1069 282 1147 474 1357 306 731 615 249 1375 271 397 402 225 366 1851 409 717
1013 1169 1079 592 942 1111 418 636 612 1513 1317 2312 1849 1840 753 907 519 321 2232 214 745 495 1428 460 390 1181 564 2735 1128 615 2120 665 1371 1349 703 1070 1683 1398 555 1005 248 1642 430 2158 866 370 1040 1277 1510 966 1024 428 1658 985 244 1439 2110 476 671 302 942 574 481 656 661 1878 681 1111 560 930 399 1165 678 1238 895 1215 652 1216 421 1636 1027 329 2451 672 822 843 388 324 1525 912 548 449 566 506 1245 2305 1103 533 704 508 917 2101 1061 2081 766 1159 366 2321 965 1769 717 2332 750 711 638 1691 414 292 2563 1164 2466 2562 738 529 405 1958 1081 618 1686 665 650 576 283 514 2699 459 458 430 936 744 899 962 680 420 714 251 703 1713 991 818 1247 639 457 1390 1168 574 555 252 756 2803 1059 1380 998 1353 764 407 3118 435 1190 1820 534 957 2902 238 534 1116 331 2632 558 586 717 1197 1278 501 2578 545 2530 876 779 853 276 1379 293 410 660 368 983 2340 483 1167
1130 1517 1488 722 1137 1236 571 692 685 2260 1380 2699 1868 1858 769 1394 549 414 2931 383 777 508 1463 469 708 1519 597 2978 1603 650 3052 863 1532 1661 1140 1617 1723 1426 619 1139 415 1690 502 2863 876 608 1169 1321 1537 1012 1437 441 1874 1030 316 1985 2218 656 1449 384 1047 735 487 722 688 1893 1171 1679 600 1171 444 1269 790 1282 951 1399 884 1221 427 1762 1232 788 2528 830 1128 846 451 416 1728 1099 1498 602 994 525 2177 2544 1227 650 1122 571 1925 2241 1222 2257 1388 1988 547 2613 1082 2610 812 2699 1143 810 1405 2415 660 389 2812 1344 2857 2616 778 614 604 2210 1169 674 1759 689 1241 582 360 532 3267 519 587 445 1929 874 1261 1083 803 521 817 268 859 1997 1141 822 1254 986 547 1776 1539 871 636 411 927 2969 1360 1415 1043 1355 777 463 3137 454 1641 2033 680 1171 3134 243 959 1490 400 2903 637 587 759 1255 1509 1185 2615 692 2854 924 897 920 378 2216 379 461 1103 519 1009 2381 566 1235
1157 1577 1491 828 1238 1280 720 838 715 2405 1413 2963 2301 2257 973 1539 719 734 3036 1200 843 552 1608 514 721 1915 604 3250 1688 771 3070 890 1560 1716 2235 1757 1732 2033 1041 1434 442 1726 537 2928 893 694 1347 2288 1538 1084 1548 515 1876 1575 487 2791 2285 742 2590 396 1391 981 564 1256 785 2462 1256 2309 643 1426 472 1457 1070 1438 1020 1431 1065 1248 476 1819 1375 788 2564 850 1328 1036 699 580 1785 1397 1823 627 1069 578 2914 3035 1569 683 1458 624 2005 2882 1490 2852 1666 3097 578 2963 1123 2681 1155 3213 3415 822 1445 2624 742 466 3260 1449 3196 3170 888 816 776 2619 1179 1034 1883 984 1517 585 637 608 3578 658 677 491 2026 905 1475 1116 889 587 923 310 936 2151 1169 876 1402 1276 553 1870 1780 1566 694 417 1051 3058 2305 1674 1076 1420 797 615 3323 812 2159 2707 686 1265 3471 291 1080 2383 1412 3222 706 914 823 1455 2651 1340 2701 873 2920 1126 980 983 454 2316 420 660 1374 933 2185 2513 650 1265
1537 2205 1694 902 1526 1519 741 860 794 2625 1499 2973 2318 2343 1035 1685 868 757 3110 1214 930 629 1910 1186 766 2147 653 3714 2544 833 3470 901 1709 1799 3174 1872 1939 2267 1124 1566 562 1805 618 3114 948 749 1700 2732 1771 1244 1762 536 2737 1865 641 3685 2474 749 3408 425 1473 1124 618 1549 865 2514 1360 2318 803 1637 573 1535 1673 1595 1172 1561 1695 1325 801 1826 1378 1383 2776 856 1585 1110 735 602 1821 1522 1954 749 1076 584 3086 3258 1781 751 1648 640 2200 2998 2066 3535 2075 3426 749 3024 1284 3387 1365 3258 3430 933 1552 2655 1070 828 3337 1536 3230 3409 976 887 782 3006 1308 1382 3688 992 2000 727 816 638 3727 984 713 538 2915 958 1750 1237 958 710 933 635 1426 2902 1448 901 1402 1354 617 1887 1782 2705 788 798 1828 3358 2886 2290 1498 1681 831 998 3554 834 2356 3553 692 1307 3492 538 1201 3557 1615 3532 793 1332 854 1466 3433 1540 2778 1020 2928 1191 1163 996 600 2801 525 751 1458 1497 2630 3290 761 1326
1777 2288 1902 1028 1636 1853 1056 931 836 2907 1761 3124 2895 3049 1323 1886 934 948 3133 1296 999 961 2719 1334 778 2374 766 4028 3118 916 3613 935 1927 1804 3615 1957 3200 2412 1696 1797 834 1913 739 4012 966 786 1751 3025 1785 1387 1904 847 2915 1971 818 3751 3786 890 3569 456 1780 1643 667 1877 1559 2773 1575 3946 830 1820 576 1693 1889 1615 1262 1807 1719 1623 832 1836 1585 1792 3329 977 1607 1264 840 800 2574 1698 2016 800 1296 862 3689 3481 1971 1026 1873 989 2205 3463 2538 3615 2221 3747 822 3091 1557 3882 1852 3444 3510 936 1907 3355 1418 870 3338 1649 3704 3508 977 897 901 3571 1857 1638 3692 1009 2159 735 951 800 4042 1391 919 768 3152 1018 2640 1513 974 944 1170 731 1632 3058 2131 976 1498 1734 691 1941 1902 2879 850 875 1914 3744 2982 3132 1569 1870 884 1317 3589 841 3102 3854 730 1394 3745 617 1296 3806 1687 3622 841 1735 983 1619 3853 1589 3114 1034 3275 1698 1534 1043 722 3294 889 777 1464 1767 3414 3531 918 1356
1873 3173 1966 1052 1930 2024 1685 991 988 3897 1980 3372 3856 3213 1752 1924 1045 955 3516 1328 1018 1003 2760 1401 1026 3547 778 4055 3387 1003 3894 952 1959 2083 3910 2072 3468 3713 1781 1865 937 1947 846 4019 1057 877 1972 3330 1822 2002 2004 933 3966 1979 972 3950 3800 1008 3617 548 1959 1809 964 2048 1678 3618 1912 4011 871 1974 920 1912 1905 1936 1281 1902 1822 1738 842 1874 1730 1892 3818 1772 1625 1710 919 968 3927 1885 2040 914 1316 942 4015 3502 2023 1050 1912 1073 2882 3680 3289 3848 2983 3924 855 3645 1969 4001 2039 3916 3643 1071 1932 3511 1687 883 3425 1782 3938 3774 1109 988 1022 3637 1888 1660 3997 1021 2229 781 1080 963 4057 1460 1014 768 3637 1077 3094 1601 999 1006 1425 815 2093 3874 2296 1028 1849 1814 1051 1966 2008 3267 857 999 1974 3992 3430 3992 2034 1963 1028 1497 3860 949 4029 3930 926 1604 3901 714 1366 3962 1772 3883 1028 1760 994 1864 3869 1912 3796 1052 4045 1896 1721 1090 853 3424 905 958 1897 2047 3935 3532 929 1497

119 30 183 236 180 391 149 120 96 360 332 151 285 66 104 98 113 34 292 55 207 84 160 179 49 480 108 932 225 87 260 125 157 442 43 453 535 469 66 184 52 370 156 626 46 20 380 62 88 180 24 53 164 286 157 147 187 88 209 34 33 34 110 135 255 178 550 107 43 37 24 49 66 61 277 571 255 356 156 78 736 27 583 186 2 27 100 66 174 116 202 196 220 35 37 161 45 133 66 254 27 61 120 762 253 126 116 96 140 84 88 134 89 108 160 78 116 53 200 574 27 82 226 128 23 161 236 60 268 225 145 61 111 17 1100 103 27 125 130 169 296 458 37 104 52 71 91 23 275 132 456 69 61 323 419 205 250 73 465 206 618 640 45 58 120 158 148 65 262 438 74 245 287 108 42 95 34 125 37 352 51 34 486 8 408 173 696 116 132 95 13 419 56 159 35 52 81 748 326 66
43 19 125 190 99 333 29 56 41 330 122 102 12 55 19 6 49 21 207 40 184 73 141 90 13 312 47 728 191 51 177 5 8 118 42 130 246 296 42 6 51 222 23 312 34 5 232 27 13 166 22 39 121 114 76 61 154 1 41 22 10 15 55 68 26 141 303 55 33 26 22 38 17 22 162 372 98 46 36 2 144 3 420 51 1 12 25 49 109 34 168 115 177 7 26 14 38 20 59 48 9 12 6 650 63 67 23 25 115 51 14 94 33 101 110 45 31 31 120 434 1 60 122 107 3 72 65 4 77 62 32 15 14 9 104 27 8 17 50 139 80 145 26 103 31 61 57 13 235 63 301 13 14 124 35 168 242 19 101 15 552 622 39 31 73 133 26 52 152 200 28 164 258 16 15 61 31 121 26 172 44 10 108 4 106 41 391 48 35 30 7 16 46 99 6 27 18 549 8 31
