200 9 2
86 52 21 13 44 41 33 60 19 39 53 51 89 26 36 6 52 85 23 38 57 69 82 73 51 7 6 61 75 90 32 25 73 40 22 30 62 33 30 77 31 27 45 19 100 16 57 16 26 76 59 91 66 63 42 68 45 32 66 57 11 42 94 9 70 84 4 49 56 12 46 77 4 49 4 15 27 18 4 50 27 86 35 38 44 66 16 97 26 81 56 16 48 96 16 19 23 91 34 13 8 72 57 96 30 58 73 97 63 41 40 12 57 87 27 70 71 86 2 77 68 43 99 92 2 29 77 29 84 24 72 55 56 83 33 86 21 59 76 59 60 56 51 14 22 85 50 95 66 87 58 46 27 63 73 5 56 79 35 70 84 58 13 47 31 68 17 31 35 46 12 3 90 100 23 61 97 68 40 8 64 62 47 67 53 55 34 89 13 39 42 26 86 37 65 88 27 57 42 85

28 2 6 2 11 25 5 8 12 5 4 13 4 10 3 14 10 3 10 19 15 1 1 6 4 34 28 7 12 16 16 7 9 1 12 4 7 1 19 19 17 13 3 6 9 13 7 6 8 6 2 30 3 7 28 2 2 8 3 18 9 26 3 14 6 3 3 28 13 6 11 3 17 26 3 19 1 5 5 20 2 2 11 1 11 6 37 8 12 2 3 8 10 2 44 7 11 4 1 16 3 14 4 5 7 38 13 9 1 1 10 4 26 10 10 2 11 1 3 41 9 6 6 18 2 4 2 18 1 1 10 10 4 14 1 4 6 21 15 2 15 14 7 1 2 4 13 10 2 3 12 4 10 16 7 2 5 4 2 5 2 24 35 31 15 21 2 5 12 12 14 7 11 11 8 3 6 13 10 3 17 10 2 8 3 29 17 12 10 6 13 35 30 42 20 2 18 25 5 2
47 10 9 4 28 46 5 13 38 13 12 15 6 34 8 37 13 10 19 29 34 4 18 27 33 49 36 21 21 19 17 33 31 10 18 4 36 4 35 23 27 17 23 29 10 15 15 20 19 27 16 32 27 15 34 19 13 15 5 30 16 35 4 29 7 5 9 33 33 34 19 4 19 36 13 22 1 37 7 35 12 18 13 8 23 40 49 14 18 2 16 13 11 17 44 9 25 4 7 30 7 22 11 21 10 38 21 14 4 12 10 20 44 18 14 16 16 4 32 44 14 8 7 21 19 18 9 27 3 6 42 25 8 29 5 4 18 25 28 27 33 21 30 11 9 4 14 20 19 3 12 18 24 21 23 3 28 10 10 24 31 38 37 36 18 33 15 18 52 47 25 11 52 39 20 13 47 25 19 8 21 18 4 12 23 47 35 39 17 7 30 41 32 56 28 19 45 38 6 4
49 22 15 31 38 53 9 31 39 22 15 25 21 64 13 63 31 17 24 37 40 13 30 35 38 56 42 25 26 19 23 35 45 16 23 17 43 8 40 31 32 17 25 39 13 48 46 30 22 34 19 35 39 21 46 19 21 37 12 45 38 47 14 31 18 20 17 50 37 37 28 43 28 40 19 25 23 59 8 45 15 47 16 44 42 56 58 27 27 16 22 14 11 19 60 12 41 10 9 39 7 34 19 22 17 40 44 21 10 35 43 21 49 22 15 23 27 42 33 50 14 27 14 35 43 23 9 33 20 26 60 54 12 33 16 9 22 39 41 40 48 53 31 17 23 23 16 23 32 23 50 54 39 36 40 20 34 30 28 24 43 47 42 47 34 56 20 21 54 47 26 12 60 68 32 15 61 37 42 12 23 19 12 37 26 47 58 39 26 25 50 41 40 80 30 36 50 40 11 7
56 59 17 34 52 54 16 49 43 30 16 47 24 65 26 63 38 28 44 40 60 30 37 44 58 57 46 38 48 27 38 39 52 29 25 26 55 47 44 47 43 23 58 51 31 54 62 42 28 36 48 35 49 22 83 37 23 40 17 49 47 55 27 31 25 60 19 59 42 50 30 68 41 40 22 35 44 59 8 65 34 62 29 48 55 58 69 28 43 37 32 22 27 21 76 15 52 16 28 47 31 40 21 34 34 48 50 36 15 47 60 24 66 50 16 43 37 48 33 52 25 28 20 51 44 29 39 54 36 27 65 54 17 35 21 19 28 43 63 58 52 57 38 62 28 45 31 24 46 25 53 59 59 57 42 23 35 41 31 25 47 49 44 49 45 62 28 52 55 58 46 15 68 72 35 18 64 42 62 47 38 43 14 37 46 58 78 45 36 37 53 55 40 82 35 37 63 55 49 11
61 76 51 42 59 61 48 71 46 45 20 52 28 67 34 64 41 30 58 65 67 42 47 80 62 89 47 61 61 30 52 65 58 39 26 47 59 49 45 51 47 24 60 62 49 69 64 56 36 44 57 55 53 57 87 55 33 45 27 51 70 56 42 37 28 79 47 80 48 64 70 77 50 45 41 53 48 63 33 65 41 66 48 50 74 60 71 32 53 50 36 22 37 28 81 40 54 22 53 62 32 43 22 47 44 53 52 49 56 64 60 33 71 58 54 60 37 63 45 55 40 35 25 66 52 39 45 56 47 39 72 66 22 49 49 23 49 50 69 60 78 63 47 63 36 54 36 46 53 32 59 60 61 72 55 31 40 46 37 47 52 61 57 65 52 71 38 54 56 61 65 17 71 75 52 21 67 53 82 53 65 59 27 39 55 68 81 67 63 44 57 66 47 83 45 39 73 68 50 34
78 93 71 43 62 62 49 75 48 63 42 64 34 70 34 87 55 34 60 70 68 43 53 90 76 89 55 61 74 52 89 80 82 67 46 51 81 53 60 56 51 39 71 63 76 94 71 63 37 50 85 57 81 69 89 67 49 50 28 72 76 60 59 45 29 90 57 87 74 72 84 82 50 68 43 57 69 64 48 66 42 71 58 50 74 69 73 43 53 58 36 55 53 34 81 43 57 47 61 71 60 55 40 47 75 64 60 79 59 78 75 34 79 64 78 72 45 63 53 58 41 60 32 72 72 39 65 56 57 49 78 68 83 50 66 51 53 63 79 61 81 67 51 78 47 60 67 53 61 38 64 60 65 87 84 49 80 47 50 47 55 63 59 70 77 79 50 63 65 62 75 20 79 76 62 32 82 74 85 54 67 64 45 44 68 69 92 75 70 47 67 81 53 86 55 51 75 71 53 35
82 94 71 71 74 63 55 84 51 68 60 69 41 71 58 91 72 72 76 81 75 75 63 91 87 89 57 67 79 65 91 83 85 70 65 63 83 61 61 73 53 58 71 68 77 95 71 66 49 66 92 60 84 77 97 73 60 68 50 75 79 74 73 80 46 93 78 93 87 78 84 87 58 72 50 59 71 80 77 69 60 86 59 74 84 75 76 86 54 58 63 74 53 60 82 50 71 76 66 78 94 72 68 75 80 70 61 88 64 81 80 67 90 66 78 73 76 64 61 61 56 74 37 73 85 51 70 68 80 62 79 73 86 67 83 69 73 67 80 90 93 76 58 86 53 60 68 54 65 44 67 83 74 94 88 51 80 71 52 47 68 77 61 70 81 80 56 67 71 78 91 50 87 88 69 35 91 87 85 77 72 71 53 65 72 85 94 77 75 62 71 93 66 88 68 79 81 76 67 43
86 99 80 73 78 65 61 92 64 81 89 81 52 74 73 98 78 80 89 84 91 86 79 92 90 98 64 74 83 77 91 86 94 71 93 74 86 82 66 85 70 59 72 71 78 96 88 72 52 90 95 79 93 81 100 83 79 85 64 92 84 85 76 92 61 99 80 96 94 82 98 92 59 82 86 83 72 81 85 88 91 92 98 92 86 79 92 94 89 60 64 95 75 61 86 55 81 78 86 80 97 90 88 85 85 83 68 90 90 92 83 81 97 67 79 75 76 81 86 68 66 77 54 95 97 67 70 88 89 85 80 96 88 79 89 73 77 93 82 93 94 78 85 89 76 73 86 86 87 52 80 88 76 98 92 68 84 86 66 70 88 87 96 88 87 82 82 81 82 95 97 80 95 90 76 76 98 90 87 80 84 86 64 74 80 89 96 87 84 91 86 94 75 89 71 90 93 80 92 47
97 99 88 75 98 65 84 92 94 96 90 87 83 88 87 100 94 82 91 93 98 87 93 96 95 99 69 89 95 87 99 94 98 99 95 96 97 91 81 100 75 73 77 84 85 100 93 72 85 98 96 80 94 99 100 93 82 100 99 98 91 98 78 96 86 99 100 98 94 85 99 92 73 100 89 96 81 88 94 99 98 99 99 94 98 86 100 94 95 86 74 99 81 65 88 98 92 97 94 90 100 93 92 91 97 86 73 98 97 96 92 87 98 95 86 77 85 99 91 73 67 78 99 96 97 88 100 94 90 99 97 99 97 96 100 86 98 96 91 95 96 93 94 99 96 80 96 94 98 54 84 90 89 100 98 73 100 95 94 72 93 90 99 89 96 92 95 95 83 98 99 94 99 90 100 85 99 98 92 97 93 91 100 94 91 98 99 89 91 94 91 96 100 91 74 92 93 95 97 95

28 6 17 8 89 5 35 10 30 3 63 9 1 56 50 38 16 68 63 9 48 16 53 55 13 68 18 4 33 27 58 12 26 33 44 11 21 42 40 19 14 25 12 78 70 59 72 34 10 24 38 24 49 47 58 31 69 38 51 10 21 39 7 42 16 1 3 17 12 16 93 14 17 16 10 24 95 28 3 26 38 23 68 11 1 79 26 54 13 52 61 1 5 10 70 17 14 30 31 16 20 67 59 36 49 27 84 77 56 29 60 24 58 34 27 44 35 94 19 13 86 31 63 3 42 62 46 24 25 56 58 29 48 64 39 31 6 9 32 42 5 45 22 8 85 16 42 49 44 62 9 9 11 7 28 24 32 44 11 5 9 4 48 38 5 3 12 23 8 4 15 32 65 10 73 36 36 30 41 23 2 62 29 77 71 6 7 14 22 51 38 8 18 73 11 38 35 35 19 21
48 8 97 19 94 30 59 19 99 97 85 74 95 60 95 45 80 100 99 35 99 51 98 65 14 70 53 96 78 63 67 92 90 95 82 34 33 72 59 90 85 31 16 87 100 75 81 99 60 65 81 27 84 56 88 43 96 77 66 92 27 44 92 79 28 46 48 56 23 35 94 24 22 97 46 25 97 65 93 28 79 23 74 14 86 99 63 55 34 79 72 54 60 72 100 46 56 39 94 56 78 96 89 98 79 87 100 87 93 92 97 67 69 37 98 64 54 98 100 99 94 98 66 33 77 98 97 49 62 59 75 43 82 96 99 81 47 89 46 91 72 86 100 59 90 91 52 97 64 86 68 48 12 16 74 46 66 95 45 71 68 20 57 78 56 31 17 78 62 48 18 38 79 93 81 84 96 62 69 87 40 69 54 100 99 48 14 32 42 76 64 47 43 96 24 48 48 61 38 72

279 539 268 111 194 139 250 598 29 195 415 198 315 278 254 193 365 203 215 360 122 101 115 124 261 110 30 108 476 110 52 163 202 1315 1726 49 281 155 291 363 43 192 137 97 390 87 580 861 51 366 299 286 325 273 47 425 235 241 109 69 444 68 165 26 420 120 32 551 301 216 413 187 285 592 280 1055 978 96 314 280 93 452 127 145 445 67 211 215 628 85 430 91 144 222 199 138 1231 143 169 335 186 932 462 143 530 685 155 143 280 407 273 86 83 321 486 423 449 148 351 181 152 62 298 166 69 35 179 197 100 192 424 312 383 319 333 341 178 142 365 93 345 869 332 120 155 554 368 730 131 103 282 204 91 588 107 153 120 820 360 156 433 79 110 112 160 637 802 155 88 134 638 78 128 414 99 137 187 658 72 19 79 196 60 98 396 163 280 93 251 410 210 105 676 435 440 198 63 67 195 225
775 748 355 271 227 142 369 693 214 201 758 651 755 807 285 492 725 479 233 484 146 192 225 186 261 176 191 252 633 604 883 286 314 1701 1898 116 365 234 386 377 144 342 363 332 1060 107 1215 994 82 450 368 435 430 1107 77 464 677 337 447 93 722 1585 537 74 1200 137 38 978 351 923 430 366 498 621 652 1127 1332 146 382 402 252 804 260 651 1162 289 600 564 1300 163 785 1064 154 836 1030 145 1447 207 362 430 233 1165 480 313 548 726 215 611 520 461 324 181 595 415 809 444 493 385 445 1071 419 158 480 229 75 91 394 1491 155 273 512 315 562 472 933 656 275 214 450 162 1745 1146 405 755 374 689 406 758 163 271 894 1553 116 1245 134 239 388 1034 414 254 592 186 539 135 250 651 807 410 204 153 784 116 178 1637 176 427 223 1118 97 176 671 385 198 300 530 229 372 493 546 1225 859 198 693 454 498 293 189 175 401 257
1124 846 390 297 446 306 468 714 307 300 1228 1195 2189 919 374 566 1185 528 679 548 588 259 242 394 271 193 199 394 943 939 1043 348 342 1776 2298 176 675 284 587 460 235 639 384 377 1075 136 1542 1636 351 537 400 462 512 1914 95 582 1194 474 613 762 1194 1679 721 110 1826 218 151 1263 482 1145 724 476 629 696 655 1214 2903 325 496 696 302 858 589 877 2029 349 717 1190 2068 274 863 1117 279 864 1032 440 1499 355 1193 440 567 1688 529 423 723 1085 256 1408 1219 537 632 182 667 526 894 482 505 478 802 1485 508 237 865 255 118 194 473 2012 197 396 770 331 1018 1945 1102 658 432 231 538 186 2138 1268 761 1044 588 840 478 774 530 983 983 1787 357 1325 590 258 414 1294 467 420 621 471 615 212 568 827 1365 529 245 353 1806 199 295 2499 196 935 345 2042 385 478 849 410 259 486 579 236 1124 500 549 1314 899 379 1523 488 977 670 241 581 1511 380
1152 1068 395 331 526 307 585 722 331 913 1304 1469 3009 2211 1237 681 2871 733 790 580 968 423 300 487 543 217 443 1013 963 1650 1287 439 348 1846 2423 198 838 365 675 480 632 692 1181 462 1091 218 1554 1733 360 929 534 565 610 2373 111 677 1346 490 642 801 1207 1758 733 171 2009 648 313 1742 504 1211 753 494 1067 1155 657 1327 3519 442 945 821 349 1525 619 885 2401 402 788 1249 2244 315 872 1126 347 939 1177 933 1614 395 1243 502 711 1825 837 475 1292 1535 333 1608 1506 781 1029 290 847 640 1360 764 610 504 1185 2496 761 482 1236 278 134 241 550 2104 364 573 977 1327 1149 1946 1355 658 474 288 601 277 2182 1999 778 1105 620 1495 977 1025 681 1230 997 3143 457 1704 958 268 2160 1301 490 439 1020 494 632 387 916 979 1395 717 369 363 2883 241 524 2637 470 981 396 2266 478 492 1384 1110 389 863 657 328 1244 590 792 1690 1030 380 1532 520 1236 727 299 1057 1672 482
1466 1858 441 400 1583 364 764 812 584 2197 1366 1707 3195 3483 1550 745 3338 1799 1223 726 1192 564 347 505 584 417 514 1035 1516 1903 1824 546 442 2006 2426 213 1315 585 677 590 1957 838 1648 466 1363 303 3041 1759 467 1117 669 1544 1081 2482 476 799 1469 1366 763 1001 1391 2037 1033 235 2801 785 316 1783 653 1843 773 736 1202 2502 679 2042 3559 522 1087 920 529 1782 643 1071 2605 480 1038 1446 2525 324 2282 1174 503 1379 1236 2035 2064 429 1322 678 795 2040 1050 562 1303 2068 1366 2220 1716 1001 1258 586 973 749 1875 824 663 558 2424 3099 1013 538 2833 830 326 337 725 2658 536 589 2478 1388 1250 2126 1743 699 572 338 733 429 2764 2048 1096 1274 780 2206 1583 1074 1166 1413 1573 3183 761 1720 1071 553 2190 1772 605 688 1233 494 660 490 1075 1173 1668 890 640 518 2948 366 963 2668 576 1045 527 2295 596 792 1484 1863 823 1351 727 351 1477 645 1365 1710 1189 554 2320 1089 1698 953 540 1158 2241 487
1524 2182 563 1508 1630 536 834 882 692 2341 2210 2893 3354 3488 2423 846 3599 1986 1292 949 1412 717 357 553 615 611 548 1037 1629 1971 2538 1001 471 2192 3200 553 1334 637 722 593 3233 1250 1821 471 1541 463 3163 1966 756 1179 673 1602 1423 2569 541 928 1472 1448 816 1438 1547 2041 1308 288 3188 1245 321 2259 677 3041 777 980 1930 2785 1000 2605 3842 671 1228 1048 541 2462 756 1179 2742 536 1051 1558 3200 385 2382 1500 518 1426 1281 2314 2166 533 1926 713 1030 2125 1155 562 1704 2666 1610 2317 2773 1242 1618 686 1095 1038 1877 859 1039 707 2633 3114 1170 609 2871 838 433 674 888 3116 564 716 2943 2085 1610 2324 1817 905 673 414 818 598 2820 2695 1243 2532 844 2285 3494 1297 1549 2086 2750 3218 860 1761 1186 777 2569 1782 764 798 1324 702 843 756 1981 1185 1743 998 776 524 3041 394 1205 3183 635 1220 629 2349 672 1586 1828 2201 857 1421 752 361 1876 667 1541 2947 1222 738 2474 1186 1815 1122 541 1442 2678 523
1611 3262 646 1515 1662 739 903 1298 742 2395 2657 2955 3671 3514 3179 1829 3825 2331 1480 963 1610 817 427 593 941 639 765 1042 1690 2554 2991 1238 554 2299 3421 553 1854 674 1043 1075 3460 1484 1859 622 1860 732 3171 3305 756 1473 674 1633 1525 2729 592 948 1697 1606 851 1704 1551 2271 1398 478 3352 1264 406 2446 700 3648 944 1333 2913 3059 1035 3028 3942 689 1567 1394 676 2711 805 1289 3452 543 1495 1572 3321 435 2388 1745 556 1453 1384 2833 2445 579 1949 721 1046 2595 1651 662 1821 2863 1703 2914 3199 1281 2445 1836 1281 1397 1907 1023 1177 727 2745 3372 1235 614 3567 891 595 800 902 3738 730 755 3289 2417 1825 2846 1884 1197 791 456 854 618 3527 2751 2495 3094 920 3475 3682 1346 1785 2253 2809 3418 893 1797 1413 795 3029 1840 901 884 1374 746 1340 801 2557 1525 2626 1010 789 663 3585 635 1343 3610 641 1336 715 2391 816 1740 2230 3035 892 1439 827 737 2653 879 1691 3076 1235 871 2796 1334 2063 1168 834 1672 3687 556
1623 3381 904 1774 1850 878 919 1313 846 2885 2773 3504 3681 3589 3930 1855 3922 2620 1533 984 1622 929 440 722 958 682 766 1043 1813 2555 3078 1616 950 3076 3737 579 1930 923 1361 1147 3693 1631 1931 661 1874 903 3800 3387 1667 1707 878 1970 1930 3174 646 998 1784 1875 976 1736 1674 2381 1890 797 3411 1488 552 2605 976 3660 947 1493 3116 3349 1548 3513 3951 705 1644 1572 805 3077 846 1483 3628 546 1813 1985 3473 985 3227 1860 714 1532 1537 2999 3157 585 2736 820 1331 3254 1847 756 1946 3071 1944 2915 3868 1323 3116 1955 1722 1732 2336 1058 1307 851 2917 3460 1447 727 3592 998 871 854 942 3929 908 862 3936 3102 1875 2978 3509 1454 869 512 1491 872 3613 3068 3095 3421 928 3566 3931 1631 1788 2523 3098 3553 923 1935 1580 873 3634 1873 1013 957 1449 755 1589 873 2659 1825 3183 1204 853 799 3662 851 1568 3626 665 1881 1052 3141 849 1896 2372 3326 1851 1791 835 772 2937 960 1890 3158 1359 899 2846 1352 3416 2776 903 1712 3720 581
1764 3608 906 1947 2033 971 938 1679 851 3814 3271 3887 3763 3870 3940 1995 4027 3110 1643 989 1851 973 442 861 1027 998 905 1047 1873 2818 3681 1639 965 3500 3771 622 2008 953 1536 1540 3742 1937 1998 1016 2020 952 3906 4000 1777 1981 1045 2006 2004 3225 703 1029 1984 1882 1019 2052 2001 2904 1966 799 3958 1789 554 2822 1034 3980 1045 1754 3644 3938 1824 3571 3959 865 1793 1904 943 3106 1008 1853 3715 703 1912 2022 3657 1014 3312 1909 996 2087 1705 3088 3555 979 3478 961 1358 3954 2253 961 1980 3985 2052 3382 3873 1871 3934 2003 1804 2054 3849 1058 1716 993 3562 3828 1949 920 3753 1049 984 941 1043 3936 981 978 3954 3990 1880 4018 3877 1840 974 747 1849 973 3961 3212 3354 3553 953 3779 3946 1886 2032 4067 3202 4009 935 1985 2001 995 3811 2034 1032 967 1772 841 1782 932 3052 1960 3233 1204 913 1038 3898 885 1872 3647 775 1917 1092 3577 985 1921 2494 4021 2010 1930 920 1026 3156 1073 1967 3716 1868 981 3525 1609 4060 3372 992 1918 3755 1060

59 393 239 54 155 68 214 589 14 91 309 172 217 199 215 159 155 181 152 239 101 88 63 123 133 74 17 54 395 94 40 139 60 1150 1434 48 235 133 82 312 29 160 75 93 307 58 542 806 24 244 243 98 50 130 45 168 138 106 38 64 402 47 103 18 398 49 22 433 112 174 91 79 129 493 191 590 760 92 249 127 91 241 37 107 340 17 34 189 350 71 141 64 33 104 161 108 530 131 136 304 99 913 280 108 359 562 103 87 102 147 206 56 69 184 102 300 370 23 125 90 139 42 261 145 46 21 106 96 84 154 422 263 64 230 204 336 157 126 153 32 307 343 276 49 39 480 353 308 114 25 277 169 52 481 77 125 88 557 333 142 327 57 100 51 80 341 307 113 75 104 515 40 119 283 78 109 149 443 69 15 68 37 28 66 380 126 273 73 90 379 196 96 316 363 69 185 53 20 52 53
36 213 61 27 30 10 79 257 2 86 308 36 8 104 24 16 34 20 150 213 84 37 28 111 73 59 8 40 179 74 8 99 30 791 470 9 52 103 35 36 16 83 73 24 93 41 320 371 12 190 195 46 6 9 16 81 35 16 24 20 159 31 27 8 386 41 19 398 25 50 32 33 3 222 100 395 97 40 56 27 57 37 15 76 256 6 12 159 65 60 38 63 22 48 142 62 361 24 90 160 55 704 1 7 140 13 14 61 4 132 37 42 25 41 96 194 260 18 2 27 100 16 139 66 38 1 45 64 3 114 279 86 34 154 130 123 46 42 25 22 61 287 86 19 32 40 274 187 75 16 111 100 34 129 11 121 81 75 179 77 113 33 53 19 39 115 122 90 31 59 476 13 32 281 49 18 99 420 22 5 18 23 27 62 299 85 14 31 89 365 97 43 281 359 33 78 32 5 34 18
