30 9 1
42 13 80 6 34 42 4 29 23 40 14 27 74 31 86 95 30 87 89 9 38 96 3 85 42 8 27 55 57 46

8 28 15 9 6 14 9 7 6 1 4 12 4 3 17 15 3 29 5 8 2 3 11 8 12 4 6 20 10 24
19 34 30 29 18 23 14 25 18 5 4 15 7 16 18 15 15 30 15 25 6 10 15 20 25 9 20 24 11 29
21 41 51 33 47 30 25 32 24 35 9 35 32 17 47 18 29 50 17 30 20 30 26 34 33 13 23 35 22 33
27 42 54 33 56 30 36 36 45 39 20 41 33 18 47 36 30 56 24 33 26 38 46 34 36 32 24 54 39 56
27 58 69 58 57 50 57 40 57 76 20 42 33 22 56 40 33 65 33 33 39 41 47 35 38 34 38 59 44 67
36 63 75 70 60 56 66 44 59 84 50 54 33 39 62 49 41 75 37 39 48 48 60 49 40 35 54 67 47 69
44 80 75 77 70 64 79 84 68 92 68 63 45 62 83 79 55 76 48 47 65 61 61 55 42 39 60 77 67 71
62 96 77 78 82 88 84 88 81 97 87 66 88 89 86 88 56 76 59 52 87 77 81 68 59 52 67 86 84 77
97 99 79 83 85 96 91 99 99 100 92 97 100 99 93 95 86 86 88 61 97 88 82 80 61 86 88 91 97 95

32 19 48 65 93 17 48 31 49 65 90 43 39 51 33 76 96 83 59 64 24 61 5 5 4 26 5 51 19 22

67 14 115 8 77 51 9 32 32 40 98 96 76 47 154 103 62 97 90 44 39 237 4 102 50 71 150 66 127 107
74 101 127 32 389 165 11 51 112 86 259 134 87 198 162 130 74 103 109 45 48 287 20 141 68 128 154 83 135 167
78 209 208 61 411 202 34 69 178 213 327 138 143 289 162 218 85 110 141 45 56 371 31 190 69 213 189 87 143 226
82 219 298 62 448 408 41 77 185 288 435 160 164 303 209 266 145 136 159 58 66 447 35 455 72 267 200 111 223 282
103 421 309 68 485 433 62 93 204 452 508 162 173 412 217 393 167 140 174 79 77 452 53 457 74 402 303 130 237 294
132 426 336 83 497 455 69 104 218 521 530 170 175 421 310 421 319 165 176 84 97 551 60 475 117 445 360 150 343 397
143 469 416 112 552 571 83 135 253 555 594 204 203 422 332 430 412 190 206 100 103 607 132 499 149 447 467 162 473 489
156 519 485 114 582 579 96 140 269 604 602 220 309 541 594 677 468 197 214 124 138 636 140 507 155 492 595 165 547 495
176 608 536 126 633 612 96 173 278 614 608 297 372 555 623 688 546 204 235 143 173 649 145 627 175 522 606 192 558 544

50 8 15 4 74 12 8 21 28 34 66 49 67 16 95 26 13 83 89 14 17 83 1 51 9 33 40 5 107 84
