30 9 1
96 28 95 90 18 42 44 4 71 1 28 72 36 89 89 40 76 40 75 84 84 100 8 94 62 99 82 96 82 4

22 1 3 14 3 2 16 4 3 1 4 7 1 16 23 14 27 2 13 3 9 3 19 1 20 2 16 9 1 6
25 6 7 17 24 20 22 7 5 3 6 27 9 17 26 14 33 8 21 18 13 28 31 20 28 3 23 33 3 13
29 15 36 20 27 25 45 23 24 3 8 47 18 21 32 16 52 23 22 33 19 40 34 31 31 11 28 34 12 19
33 27 45 29 38 35 48 34 28 37 20 62 21 38 43 20 54 26 30 54 22 48 40 35 35 45 32 39 19 21
43 62 51 59 50 37 64 44 30 47 38 64 57 60 46 24 61 26 64 62 29 50 65 51 50 46 40 42 23 21
51 73 53 70 62 42 68 57 38 58 48 65 73 64 63 28 77 39 64 75 41 60 69 65 67 49 41 53 60 45
66 84 58 86 70 64 73 59 54 80 63 81 80 75 69 43 78 59 69 81 76 68 70 72 70 60 47 55 61 74
74 85 64 95 83 80 87 62 60 85 71 84 88 79 73 81 95 82 80 88 93 74 76 74 79 75 64 82 82 84
82 94 94 97 92 94 97 76 61 90 94 92 96 87 99 97 95 87 82 99 94 82 92 89 95 91 82 89 86 96

20 15 13 13 64 87 7 71 37 63 94 33 60 51 86 4 18 91 55 84 45 88 65 50 57 21 77 78 59 28

103 48 111 139 33 75 139 9 150 4 34 136 133 90 94 53 102 104 114 156 125 125 55 98 111 182 102 107 82 18
119 146 120 182 45 85 172 13 294 22 42 147 157 100 99 69 109 127 148 217 144 267 57 103 115 192 113 127 91 76
122 250 154 195 115 92 180 55 317 111 72 150 171 119 124 98 133 148 200 295 167 300 69 114 128 407 117 128 127 92
134 273 166 268 151 137 197 64 337 161 84 178 216 137 149 118 155 191 347 406 247 303 75 170 130 409 123 143 128 142
162 305 186 337 177 156 364 97 337 172 103 183 342 158 167 121 207 227 475 460 335 311 263 375 192 413 124 153 140 358
164 368 206 344 304 165 367 101 375 206 133 198 458 191 170 133 248 266 594 463 407 330 386 458 216 441 141 157 157 443
177 474 206 351 406 183 433 122 390 237 142 198 495 237 208 136 445 278 611 498 477 338 482 566 264 489 159 226 197 462
202 552 221 368 435 188 528 135 577 278 146 208 507 300 219 159 492 285 628 538 622 339 489 570 265 593 175 232 200 472
243 572 241 375 439 190 631 140 622 289 147 221 595 349 235 185 564 302 656 575 651 358 594 612 291 632 181 241 210 514

65 44 43 37 28 15 26 4 12 2 24 37 41 35 88 16 87 62 99 129 90 68 4 26 42 180 76 8 13 12
