30 9 1
7 88 54 79 61 63 47 37 43 18 87 72 15 5 57 18 5 52 36 80 26 71 90 60 68 66 5 41 94 30

1 15 7 17 16 11 20 4 12 9 22 7 2 7 9 22 4 5 3 17 1 1 8 2 6 6 3 27 12 3
24 32 10 19 38 23 39 5 18 11 33 22 9 11 20 31 5 33 19 21 4 13 9 25 26 10 6 47 13 4
36 41 12 26 41 66 41 6 43 13 35 30 40 15 27 34 17 36 35 23 11 15 20 54 35 21 19 49 22 5
48 55 18 36 47 69 41 7 60 31 46 31 50 39 39 48 22 44 67 28 21 17 20 74 37 25 27 68 32 16
48 55 33 42 49 78 44 30 67 41 54 47 57 39 39 48 37 44 78 32 34 48 36 78 38 40 28 71 42 66
63 58 37 51 51 83 53 44 71 54 56 54 80 58 44 48 43 52 83 43 55 53 66 79 44 64 38 84 43 67
72 65 44 54 54 92 57 68 79 76 64 65 85 90 55 53 66 72 84 73 71 68 83 84 69 76 75 92 52 77
90 78 45 57 66 92 87 74 83 77 75 79 90 91 66 58 68 75 96 88 84 76 84 88 74 87 80 93 61 78
94 84 54 87 74 100 89 90 92 92 92 92 95 93 97 61 97 76 98 93 93 91 95 100 94 92 86 95 83 78

39 86 73 88 26 89 19 72 14 54 15 57 64 72 67 30 98 82 55 63 41 7 75 93 8 89 68 83 18 39

49 93 61 175 66 91 153 45 43 27 141 113 78 103 60 26 111 171 217 88 31 75 228 117 79 69 143 42 111 56
50 143 82 179 106 148 193 79 144 62 258 159 139 136 96 40 186 183 268 102 41 98 229 395 83 180 183 88 160 59
81 166 85 186 160 171 286 109 149 67 270 184 216 239 153 55 259 196 294 114 61 145 252 450 87 196 234 345 197 60
112 234 89 206 164 196 342 207 182 72 366 216 320 252 181 59 269 216 317 142 81 171 260 464 104 203 303 369 226 81
112 307 109 208 235 301 353 274 217 81 373 227 413 317 184 82 424 380 339 143 89 184 398 537 142 204 350 426 268 93
131 326 111 234 283 315 477 329 235 83 387 242 436 355 232 96 455 434 453 199 107 184 400 564 152 210 397 429 298 98
140 341 118 303 309 319 555 367 243 84 395 300 541 392 245 98 512 561 517 213 112 274 450 598 157 213 492 510 331 103
148 346 154 325 333 340 600 471 258 106 532 336 585 489 309 110 533 577 518 260 118 300 567 654 176 301 518 549 338 154
148 353 189 353 357 358 646 473 281 131 565 360 614 504 352 166 601 588 541 354 139 316 619 656 198 352 554 559 344 160

9 84 1 158 48 35 151 17 26 7 50 91 70 89 48 22 100 110 62 29 2 46 119 50 39 51 91 34 7 14
