30 9 1
38 38 95 28 96 98 43 98 41 45 51 41 98 87 9 32 36 6 71 16 2 55 78 29 65 59 50 40 84 40

11 7 4 5 11 2 1 8 12 15 2 4 3 27 20 1 4 2 3 9 9 1 19 17 1 8 9 26 13 7
14 17 19 5 18 30 2 15 29 41 19 17 11 32 21 7 6 17 3 17 26 8 24 36 7 8 21 27 15 12
24 18 20 7 27 42 8 16 42 64 20 18 27 49 53 40 21 20 9 30 33 12 25 44 19 9 30 41 25 16
25 27 22 20 32 42 17 19 53 66 27 21 38 54 66 44 23 25 42 44 45 28 64 58 29 12 34 44 34 38
30 32 22 35 49 63 21 56 55 70 36 31 49 66 75 51 29 35 48 72 47 31 71 59 33 42 41 52 38 40
52 35 34 40 57 78 27 61 60 71 73 40 52 88 92 57 47 36 62 77 74 50 76 68 34 59 58 53 41 77
59 42 50 49 70 88 48 63 65 80 75 41 64 88 92 76 49 52 72 77 76 80 84 71 35 62 63 76 44 78
70 45 61 57 76 89 96 94 67 90 83 44 77 94 96 77 78 61 78 79 82 91 86 81 53 83 71 80 67 82
95 96 76 70 97 92 98 99 97 95 95 75 82 99 100 90 88 82 82 94 92 98 93 88 75 99 86 88 77 100

40 27 85 22 59 67 57 33 63 47 31 1 67 87 65 57 8 87 27 91 2 55 89 36 43 29 96 1 25 63

76 219 123 100 105 104 43 180 62 75 57 48 238 186 61 49 51 8 73 36 24 164 94 82 82 82 91 56 105 41
83 258 149 129 115 147 62 247 89 77 77 51 289 189 91 66 78 22 80 74 83 230 222 92 93 123 121 76 146 98
88 279 152 138 131 211 71 315 100 84 89 68 305 267 107 91 92 45 100 121 99 288 463 103 95 207 146 103 178 110
102 340 159 149 157 212 90 393 113 94 97 115 320 292 130 96 111 149 131 192 122 338 463 155 109 227 173 191 280 111
139 405 229 166 202 222 102 396 125 96 98 129 345 293 132 134 161 162 134 221 144 352 473 170 111 260 184 194 285 165
174 408 263 188 230 223 127 547 143 105 149 143 408 335 142 151 181 173 156 296 149 468 534 284 172 289 232 235 303 224
283 427 266 272 245 225 132 577 154 122 160 148 521 347 142 233 233 198 166 448 151 515 554 286 181 291 278 353 338 232
318 464 327 290 303 228 133 577 160 123 167 151 528 499 144 289 236 264 182 524 209 538 595 373 184 332 313 439 345 258
327 481 347 293 375 245 156 691 179 167 195 169 668 657 156 315 336 288 185 538 222 553 652 432 207 334 314 450 350 294

50 159 119 48 37 75 27 95 3 5 26 11 226 11 40 4 36 5 36 12 19 155 52 55 65 35 71 49 19 23
