30 9 1
36 20 9 46 10 35 14 7 41 31 38 40 40 97 13 40 85 46 27 77 62 45 52 97 36 58 25 19 87 47

4 10 15 20 7 14 9 14 5 11 4 20 1 4 40 15 4 34 2 10 39 9 6 15 4 18 7 11 26 1
6 20 31 21 14 20 19 18 11 13 12 51 3 6 45 16 26 35 3 43 55 12 18 23 5 31 10 25 29 1
13 22 33 43 16 25 20 23 23 15 37 54 9 13 46 23 32 37 14 65 60 28 21 33 10 38 28 37 33 2
19 23 39 60 33 26 29 26 44 47 47 67 11 34 52 42 45 47 22 69 64 29 39 51 15 39 46 56 36 4
58 29 40 74 38 27 53 29 49 68 47 70 11 43 74 50 67 54 37 69 70 30 43 58 17 47 53 61 39 21
60 52 47 75 50 28 63 66 72 72 55 85 18 56 74 54 69 61 37 78 87 54 60 65 34 77 56 80 51 35
66 68 70 88 61 38 66 74 79 89 58 94 37 69 85 57 70 73 39 83 87 60 68 71 82 86 85 82 62 59
74 94 88 94 70 53 81 77 88 94 84 97 42 90 91 58 88 92 46 83 98 67 79 85 84 92 97 85 66 75
99 94 94 98 86 75 88 96 96 99 96 98 69 91 94 82 93 100 51 90 98 94 87 97 88 95 98 100 90 76

2 80 40 11 7 63 89 73 88 80 47 85 92 41 49 43 43 77 66 42 83 66 97 68 49 92 14 22 80 46

61 64 21 98 12 82 37 92 45 42 49 62 62 97 14 44 116 61 41 88 86 63 54 130 50 70 68 43 138 100
215 89 115 144 18 140 50 105 81 174 64 93 94 159 63 46 261 61 62 174 87 134 82 184 65 75 83 56 267 149
426 116 174 165 34 158 94 175 336 267 82 106 194 199 66 76 287 83 63 215 94 140 85 185 83 82 97 151 330 192
454 138 197 166 47 183 397 185 342 314 105 135 206 202 74 100 318 133 117 400 103 238 90 190 85 92 118 165 448 287
515 146 243 178 73 351 442 267 409 362 117 204 361 205 98 111 323 172 320 417 115 254 97 225 105 109 121 174 463 308
547 150 278 219 108 488 460 348 511 369 120 230 373 237 200 116 347 189 388 488 130 500 116 233 108 114 144 250 521 327
557 161 294 231 115 536 473 450 550 547 120 247 475 245 216 128 354 227 501 511 154 572 123 236 119 134 153 264 580 342
565 164 304 283 152 574 566 489 585 582 173 305 524 305 223 141 362 284 543 600 157 606 135 239 142 176 163 269 632 344
616 169 306 304 152 600 602 607 611 628 187 337 556 378 284 172 364 303 560 626 203 636 146 328 181 193 163 304 654 346

59 26 17 85 8 81 22 49 23 29 4 40 55 14 9 3 68 4 25 40 77 57 46 58 43 56 58 30 122 27
