30 9 1
64 26 35 45 53 32 18 77 19 9 19 16 45 55 57 19 26 27 93 38 88 95 69 78 16 53 57 10 28 26

7 5 12 20 19 6 10 13 32 3 4 1 5 30 15 7 3 29 7 27 4 10 2 8 1 2 12 9 24 44
27 14 17 26 28 14 23 16 33 12 8 20 26 35 17 25 7 41 9 29 7 49 32 16 19 5 42 15 38 53
34 15 30 36 34 42 34 26 35 13 18 39 37 53 18 43 34 72 35 37 36 50 53 30 24 17 69 23 39 57
47 34 44 48 38 44 35 26 40 17 37 48 43 54 34 55 37 72 38 58 47 55 55 38 40 32 72 36 42 62
51 40 49 50 47 45 53 29 43 18 55 48 54 55 37 56 46 77 44 60 53 64 64 43 56 54 73 37 45 74
76 43 55 52 64 53 55 78 61 21 66 49 58 73 56 58 64 77 62 70 67 76 69 49 57 54 85 41 52 88
77 66 57 58 84 55 57 79 74 51 71 53 61 93 58 82 75 80 75 70 73 82 69 59 62 56 88 54 52 89
88 72 64 69 89 79 70 80 84 72 79 66 70 95 62 95 80 94 93 89 79 84 71 66 69 80 92 80 61 89
100 87 83 80 96 93 74 80 89 79 89 69 71 98 74 96 92 99 96 90 95 100 100 84 97 95 99 93 74 99

93 35 13 83 24 44 11 40 33 39 13 31 13 49 32 53 92 99 67 31 16 37 43 54 86 8 81 44 13 60

80 72 53 46 72 38 25 157 80 22 28 80 48 59 94 45 90 51 138 49 129 169 111 84 25 118 86 28 68 52
104 127 104 153 102 93 56 234 245 49 36 100 86 72 107 48 124 77 144 58 171 324 117 122 62 123 109 50 152 87
117 251 175 158 160 123 66 285 331 68 37 103 89 107 120 104 240 120 151 59 173 325 148 152 75 135 135 118 272 99
134 273 230 177 231 153 69 395 347 145 68 156 92 132 122 107 261 151 159 81 209 341 204 168 99 167 136 120 347 99
139 334 253 229 280 190 93 430 411 155 76 197 100 138 151 136 304 168 178 118 222 355 220 246 106 208 194 243 452 122
170 339 281 230 383 241 118 528 421 189 90 203 132 138 182 204 334 187 184 128 235 397 283 307 118 304 210 247 457 192
175 459 293 253 446 252 134 529 506 233 115 207 149 144 191 246 396 228 202 136 417 590 293 308 123 314 294 289 535 206
187 518 296 313 539 284 147 652 532 239 137 279 183 160 194 264 416 291 202 163 480 666 349 340 129 327 297 298 563 257
196 523 317 327 586 315 165 667 585 268 164 282 187 172 195 285 456 301 234 187 633 694 359 369 140 336 298 306 604 315

58 61 25 34 55 1 13 76 3 9 7 1 29 54 67 2 28 7 72 16 19 102 103 75 23 69 72 10 63 49
