30 3 2
7 68 80 70 78 69 98 100 17 29 41 18 52 71 2 33 88 6 12 77 27 66 60 81 74 38 95 94 50 56

6 32 38 22 14 15 6 18 38 32 20 4 22 7 36 21 20 2 25 62 6 26 19 37 30 5 12 5 2 7
17 62 41 22 18 44 14 89 66 89 22 18 68 14 56 28 50 2 61 68 39 28 59 43 53 29 49 72 38 29
38 77 87 38 79 48 45 99 79 94 75 77 94 48 77 46 64 58 79 99 61 97 62 96 90 46 97 81 52 95

27 31 30 42 19 11 63 27 47 45 24 12 32 57 16 16 6 10 3 1 18 20 95 27 85 58 35 51 2 59
31 51 63 73 34 12 99 81 96 99 51 99 81 72 55 68 55 70 59 15 94 63 100 85 94 80 91 73 77 94

88 86 171 109 250 118 110 251 494 76 57 111 142 171 9 163 94 40 49 170 53 180 87 202 159 91 153 174 318 124
149 295 179 135 315 140 217 335 496 136 59 478 146 180 108 390 201 47 219 175 122 235 240 350 586 146 185 428 592 259
151 308 354 187 351 215 243 422 529 167 351 517 149 301 138 433 221 59 273 294 219 349 266 618 663 147 214 627 626 617

70 50 163 96 229 99 6 29 468 24 20 92 136 149 4 58 84 17 37 153 26 68 85 176 102 73 83 146 251 48
29 19 127 94 216 18 1 3 174 6 3 58 31 124 3 19 33 3 22 44 5 32 52 123 72 6 73 131 32 25
