30 3 2
95 75 52 95 99 25 37 23 86 68 47 12 100 54 81 12 24 50 77 75 72 84 75 98 61 31 24 60 59 55

25 16 5 81 3 46 14 4 19 44 11 9 7 7 52 46 13 45 9 15 82 9 24 8 3 21 11 16 17 40
37 64 62 89 38 55 18 76 27 83 93 25 39 18 68 47 43 66 72 16 87 46 50 34 8 58 20 27 47 46
93 68 72 99 81 55 51 94 29 97 100 54 74 35 81 52 45 88 92 95 97 80 64 87 78 63 75 70 68 60

6 9 47 9 64 5 52 39 49 57 39 89 50 33 41 11 45 3 22 5 39 12 16 52 44 14 44 32 14 10
49 31 88 79 64 62 96 88 77 84 75 90 97 71 46 96 86 34 35 72 89 34 26 87 60 63 89 60 81 64

295 137 117 191 124 29 88 91 156 162 508 79 172 113 136 64 186 263 209 122 207 330 87 154 77 36 183 67 87 68
319 271 214 288 148 42 128 96 164 271 527 399 420 117 189 88 195 279 334 376 546 361 91 218 82 223 337 190 108 85
507 356 329 692 220 173 149 159 165 348 555 475 426 348 238 88 232 279 360 510 569 380 479 231 104 262 535 253 131 264

228 73 43 38 80 20 45 42 138 14 476 41 92 86 122 21 103 202 180 89 90 328 25 72 56 6 142 13 58 66
175 66 22 13 47 12 40 31 14 3 207 10 61 5 6 13 38 81 152 41 15 127 8 19 48 2 48 2 24 29
