30 3 2
9 48 7 50 19 56 53 49 81 27 68 20 92 50 16 15 60 85 97 17 92 95 18 9 64 71 88 49 83 32

7 59 39 2 23 9 23 68 57 44 34 27 55 14 60 78 31 41 1 19 13 49 50 31 38 10 11 38 48 47
18 95 54 10 45 57 93 69 63 72 40 64 80 18 68 80 59 62 80 37 56 62 56 45 53 67 91 68 63 61
56 95 95 82 78 60 94 79 92 72 59 72 96 57 96 97 71 66 97 46 72 89 60 71 76 97 94 99 83 79

24 85 64 54 5 5 20 10 16 13 53 23 44 22 16 56 34 58 20 19 31 20 2 56 36 36 67 7 23 20
25 95 87 59 54 9 61 55 87 76 71 91 92 28 61 95 56 73 75 43 90 89 64 67 80 42 70 36 28 91

21 57 150 100 34 105 120 53 127 113 149 58 393 97 109 76 163 185 201 87 274 102 182 355 149 100 148 90 408 96
37 99 230 141 111 113 290 127 246 338 194 172 675 135 277 96 297 266 226 121 517 242 230 417 310 135 391 109 501 195
68 149 505 150 162 170 298 196 311 467 199 353 691 185 466 134 642 515 231 160 604 244 281 608 318 189 428 167 615 315

4 56 91 79 22 62 82 11 88 98 47 38 142 58 58 54 144 144 177 54 78 52 78 246 64 79 112 43 185 73
3 35 14 55 13 30 70 4 10 31 12 4 118 27 57 10 13 18 131 47 2 47 17 179 2 50 25 33 165 64
