30 3 2
90 63 17 83 28 67 95 18 14 79 67 81 94 29 63 49 73 100 89 39 49 93 29 25 46 20 43 35 35 27

31 23 41 18 45 8 6 27 34 8 24 35 26 87 17 43 38 49 43 1 55 22 11 11 14 70 15 7 40 36
61 32 47 33 71 89 37 43 52 12 96 42 47 93 46 65 40 58 68 86 67 29 51 72 46 88 92 11 48 90
87 80 49 73 94 93 41 78 81 44 100 79 97 97 66 83 76 90 93 97 70 67 82 77 69 94 94 31 86 100

8 64 74 33 13 21 59 1 77 24 83 5 6 49 1 49 22 77 12 5 13 70 23 25 47 15 11 8 23 39
64 91 78 97 38 54 67 59 99 43 92 59 44 84 19 90 37 85 44 69 63 88 39 58 58 76 13 69 75 82

135 144 32 171 81 139 119 73 37 102 85 135 360 112 108 100 127 300 119 220 249 138 37 51 113 161 348 112 47 268
201 162 140 195 190 199 136 144 148 130 95 145 421 147 255 134 232 460 221 228 305 328 101 149 440 196 364 234 139 334
237 324 147 229 241 211 211 147 271 227 141 198 573 183 273 259 278 696 250 248 316 657 158 150 525 299 537 275 167 481

133 122 7 93 29 105 118 40 20 83 63 106 218 110 103 89 84 189 118 172 203 130 34 46 34 84 294 43 27 119
70 71 5 18 17 26 47 28 1 12 38 21 105 23 76 44 77 127 93 42 191 2 31 14 25 50 204 29 12 57
