30 3 2
49 96 71 30 13 24 100 82 96 68 23 8 40 64 2 86 74 11 63 48 86 11 14 24 38 35 41 97 81 87

29 17 16 59 39 17 35 78 17 27 27 4 13 19 25 16 46 64 35 11 19 23 21 28 16 16 1 60 4 73
36 30 22 72 54 34 41 84 51 41 65 24 49 37 52 30 74 75 45 16 22 70 32 38 80 58 5 64 10 91
42 58 26 93 76 64 90 100 85 77 94 49 70 58 64 31 93 79 82 19 68 77 34 75 95 64 24 75 80 99

30 43 53 42 28 63 14 1 83 41 35 51 9 59 69 2 17 14 66 17 23 24 30 36 18 46 29 70 40 25
86 98 84 94 93 82 55 7 95 74 87 72 58 91 72 75 63 37 71 54 49 83 53 65 35 63 49 94 41 33

236 143 154 56 41 248 304 82 185 68 76 220 46 492 18 153 161 26 159 51 109 130 145 122 44 192 79 444 102 127
259 168 351 142 46 297 500 265 222 125 105 392 81 555 150 224 205 231 357 137 396 132 209 292 168 219 87 535 256 151
327 175 388 176 144 322 535 282 347 164 162 447 123 658 378 249 293 301 442 178 600 137 285 498 471 249 108 568 310 212

139 46 59 45 17 239 142 75 149 54 58 148 36 469 16 76 144 18 116 38 95 80 127 77 43 150 30 186 16 102
6 22 22 22 11 29 23 63 30 29 36 25 4 377 15 60 121 9 52 24 12 55 26 24 38 79 29 67 15 25
