30 3 2
28 38 70 23 62 63 49 40 94 3 35 82 80 56 81 73 95 48 91 79 48 59 14 38 51 28 66 34 87 86

58 29 9 3 16 32 34 53 13 12 20 21 54 38 2 57 4 21 45 46 64 42 24 26 27 28 34 42 6 20
67 68 83 51 24 35 91 75 22 70 71 85 70 60 37 87 7 69 74 47 74 50 85 69 52 35 92 69 20 42
91 89 91 66 50 53 97 85 27 92 97 90 91 71 85 95 95 91 98 82 94 96 100 97 71 66 97 73 83 55

1 43 29 6 56 1 18 8 6 26 30 81 62 18 11 51 7 47 89 37 25 17 29 77 26 44 42 5 44 67
54 56 67 79 60 17 19 93 70 92 97 86 89 53 50 62 62 75 93 41 33 37 71 97 28 82 98 21 98 74

38 58 112 71 68 105 102 72 130 26 358 495 93 70 123 127 136 252 140 178 70 304 69 61 56 48 150 59 97 167
251 160 145 74 124 190 140 325 185 109 425 551 151 110 194 177 209 364 182 303 119 603 209 81 290 196 160 97 120 201
593 178 217 175 215 212 151 617 195 148 475 667 305 159 201 276 527 423 185 354 139 653 478 165 325 299 210 99 191 378

29 39 75 51 29 91 55 41 38 23 323 330 14 29 106 71 125 202 118 101 47 212 42 9 47 4 106 50 91 43
23 31 18 47 10 45 43 2 26 17 75 289 11 19 9 3 32 133 10 66 15 148 34 5 33 3 62 4 2 31
