50 9 1
1 36 57 60 23 27 61 19 51 64 86 8 59 92 90 58 27 5 25 97 2 63 6 53 99 45 13 84 93 34 55 89 41 5 57 35 91 30 4 98 51 91 65 79 12 31 95 43 46 85

28 12 6 1 1 10 33 4 2 12 12 10 14 5 5 4 1 7 7 5 9 5 9 4 1 21 4 15 12 21 1 20 13 12 5 29 6 7 12 30 6 9 16 10 13 5 5 11 10 3
32 18 8 6 13 13 36 17 8 14 15 18 29 12 37 16 2 9 10 10 20 6 48 13 11 22 9 19 22 27 41 23 35 32 16 41 15 10 29 33 9 24 25 20 20 10 10 15 21 9
47 42 29 9 32 27 56 60 13 17 48 32 32 15 37 20 4 10 11 11 46 8 54 54 30 26 21 29 23 31 47 28 48 35 21 43 23 35 36 63 26 43 26 30 53 49 21 19 31 17
56 44 30 15 48 33 58 62 24 21 53 38 52 24 37 42 10 16 16 30 51 19 64 60 31 35 22 47 24 47 48 51 57 40 27 45 37 68 39 63 31 50 30 38 59 55 27 28 34 32
69 47 34 17 52 35 63 69 35 28 62 39 54 41 44 44 25 17 54 48 60 20 69 67 37 48 46 48 37 68 52 63 62 43 30 51 50 73 64 67 31 51 50 47 83 62 35 39 47 59
72 74 59 30 70 63 67 82 51 56 76 39 54 45 70 62 37 31 69 64 74 24 89 68 47 49 56 56 49 75 62 67 79 55 51 78 59 74 67 73 38 52 63 50 85 67 37 49 77 69
83 75 59 56 77 80 71 82 62 57 79 72 79 63 71 70 56 39 78 70 80 43 91 83 58 70 92 68 74 84 62 90 80 78 60 80 78 81 79 73 54 60 66 56 89 70 47 60 87 69
86 87 71 65 79 83 92 89 65 67 85 82 87 78 78 75 77 45 99 70 91 53 92 85 61 78 96 77 75 94 76 93 83 82 63 93 84 86 82 74 79 86 66 63 94 73 68 81 87 76
94 87 77 93 97 92 94 100 91 91 91 92 90 95 98 76 91 71 100 94 99 53 98 94 96 88 96 84 76 98 90 94 94 89 65 100 99 88 95 82 99 89 100 66 95 93 84 87 99 82

50 70 84 28 12 52 15 29 73 31 20 96 19 3 4 99 57 6 8 93 92 20 77 44 77 89 92 16 82 39 58 7 35 1 32 9 34 30 93 74 26 8 69 14 97 84 96 80 84 50

13 43 169 106 155 49 121 44 57 76 92 126 95 225 146 62 28 21 67 103 102 145 50 180 173 61 269 133 143 38 118 165 70 18 300 120 164 112 7 168 61 104 82 166 54 47 108 43 69 105
258 60 222 244 194 556 230 75 91 77 96 199 125 269 205 86 30 150 184 148 256 288 229 306 220 85 397 268 261 113 128 248 158 31 342 286 179 131 85 179 108 197 234 199 59 52 160 102 74 107
283 95 239 259 234 580 338 81 101 172 169 277 161 292 226 119 40 178 216 189 332 366 417 408 221 95 400 402 268 362 426 274 297 78 356 303 215 176 106 207 117 287 531 245 91 89 190 176 93 137
492 121 270 297 481 586 379 93 120 179 181 352 184 364 277 157 133 403 246 260 571 437 549 427 223 126 425 530 340 470 439 349 338 115 366 537 229 300 210 258 135 308 604 267 419 109 195 209 96 143
600 167 306 386 524 645 551 100 146 212 239 440 202 398 278 207 145 407 350 280 574 595 576 752 234 137 497 800 489 707 570 371 366 127 431 565 548 315 219 308 163 427 680 310 467 203 247 221 98 153
655 179 309 421 710 693 661 203 151 264 262 500 248 400 292 212 151 408 370 295 576 675 734 759 257 163 687 915 499 712 686 412 484 195 543 690 837 318 347 350 233 490 727 324 605 205 434 238 140 153
821 250 374 451 886 718 832 212 169 293 264 572 316 419 297 220 228 477 419 323 712 919 792 776 270 177 732 943 508 830 703 506 536 195 746 765 898 472 423 363 258 573 833 437 655 214 448 261 180 160
885 255 507 453 905 770 900 223 171 303 295 758 318 474 317 259 237 485 423 361 724 1000 836 783 281 214 732 1045 517 972 758 569 732 196 746 802 999 482 427 387 285 720 876 465 869 241 533 266 188 249
906 274 511 501 979 835 976 251 243 314 323 982 537 494 322 268 238 499 478 429 848 1019 849 918 281 294 793 1060 547 1021 909 576 877 211 927 998 1041 494 460 404 464 759 960 493 976 253 585 289 255 255

10 6 30 97 49 21 4 15 9 54 83 119 27 30 12 47 5 9 63 8 22 62 39 127 139 3 169 129 64 34 11 79 49 17 30 21 125 37 2 7 50 70 61 81 48 38 78 33 4 92
