50 9 1
62 8 91 50 63 96 34 37 41 71 26 32 55 81 97 94 58 43 15 71 55 91 98 42 83 20 77 98 22 27 25 69 79 83 16 70 39 51 36 64 93 35 92 61 5 47 73 74 57 43

5 14 7 3 1 4 5 6 5 6 28 5 1 10 27 2 4 1 13 6 20 1 11 2 17 6 8 2 6 15 10 6 3 8 27 14 3 4 5 9 6 1 2 2 9 3 28 1 2 8
46 14 11 7 22 27 16 8 17 9 32 11 1 23 34 14 12 4 14 7 23 13 26 6 24 11 41 14 30 22 18 56 19 19 51 30 32 37 6 10 30 4 6 15 20 5 40 30 32 10
58 33 15 9 23 42 34 15 31 26 46 22 10 23 40 22 16 5 17 43 23 31 27 6 31 13 42 33 31 25 19 57 32 26 52 31 39 42 32 32 36 5 14 19 38 9 45 33 39 24
62 40 22 14 28 45 43 19 35 37 56 43 24 24 44 27 42 31 18 53 31 34 28 51 37 22 51 49 35 29 21 57 74 31 55 47 41 51 44 36 36 21 28 46 44 21 62 37 47 38
68 58 40 38 54 50 44 34 38 42 62 52 24 69 53 37 53 37 25 61 42 38 38 53 44 23 67 50 39 32 23 68 76 37 65 67 51 51 48 73 48 23 29 51 58 56 71 46 52 45
86 77 48 59 55 56 72 76 67 48 65 65 44 72 59 58 54 41 26 63 58 39 55 57 47 26 75 56 59 38 35 69 89 45 68 81 58 56 71 77 48 31 37 62 59 65 76 52 56 59
95 81 59 80 73 88 86 79 74 58 79 76 69 79 69 68 56 61 49 66 64 46 60 68 51 29 75 74 67 62 75 88 90 76 68 91 79 75 75 85 50 40 64 81 73 69 77 62 62 60
96 92 62 92 80 97 92 87 75 65 79 77 77 88 70 71 76 76 81 77 76 76 81 70 55 37 83 77 82 63 98 89 95 83 90 98 87 84 79 88 72 70 81 93 78 70 86 65 63 73
97 93 87 95 98 97 99 89 94 73 82 80 78 95 76 82 77 84 94 91 90 83 95 86 90 40 94 98 99 94 100 97 100 84 91 98 92 97 99 88 97 84 90 100 87 92 92 66 95 81

18 39 51 22 58 53 75 11 26 4 80 95 31 21 7 30 48 51 76 45 76 45 28 42 70 12 96 22 48 59 22 2 55 83 43 54 81 61 84 34 48 100 19 81 60 96 13 12 37 91

156 65 163 69 435 113 40 143 93 93 32 54 131 203 150 131 63 71 36 166 202 100 142 45 222 80 100 137 72 68 207 107 114 135 49 305 64 252 67 121 130 41 167 62 12 65 130 106 102 68
201 342 217 134 478 152 50 149 161 223 41 183 504 327 207 252 84 214 244 176 331 148 277 55 302 119 152 185 125 265 222 131 119 152 101 328 130 455 101 150 133 73 477 65 34 132 193 210 117 101
268 393 223 138 507 197 223 193 283 250 64 220 581 351 209 493 104 340 266 282 375 168 279 86 306 128 190 501 153 288 252 306 155 333 110 560 181 477 107 192 172 84 675 79 145 138 309 222 144 162
394 460 238 220 523 236 272 226 610 316 109 229 640 360 232 644 253 360 320 298 406 235 331 192 375 168 214 510 280 341 340 409 310 405 138 568 186 622 118 216 173 116 827 85 173 173 329 361 146 266
531 575 269 311 548 242 289 387 677 372 174 424 682 366 245 834 322 474 373 395 650 251 366 202 395 200 237 601 315 371 350 426 320 476 168 783 212 841 130 229 198 119 866 115 218 329 441 366 181 292
613 600 277 373 595 277 380 391 690 419 191 468 692 448 252 877 398 477 386 454 870 257 458 221 512 211 305 791 342 408 446 463 345 503 187 952 264 909 160 285 250 131 876 208 341 411 622 414 265 322
618 620 285 389 688 278 381 396 864 575 217 755 846 485 288 879 546 494 517 520 897 319 543 251 516 257 308 860 386 450 446 470 407 518 281 958 274 968 198 287 283 203 1052 257 400 431 724 468 284 372
623 642 295 422 731 317 419 438 997 662 239 788 853 498 304 927 550 568 870 520 991 416 582 264 576 327 330 952 416 470 494 518 455 735 399 979 280 1027 225 309 297 238 1067 298 401 433 827 472 291 603
742 967 311 426 988 318 432 486 1020 674 259 990 946 507 322 1052 555 607 1013 548 1008 456 582 282 577 475 395 1001 510 488 511 566 540 865 404 1056 288 1051 281 324 301 271 1092 302 503 480 985 561 306 971

48 16 80 13 312 66 22 126 28 13 28 21 60 84 40 99 11 30 28 131 154 74 130 15 209 24 84 94 1 50 139 39 104 91 11 96 43 115 1 80 42 26 86 1 6 34 69 81 75 33
