50 9 1
4 65 19 90 8 41 66 82 57 66 80 51 79 73 11 51 15 74 57 30 30 95 90 16 100 11 95 50 54 24 42 35 17 96 65 47 91 5 100 74 26 34 11 31 29 36 7 5 95 13

5 19 29 34 7 24 9 9 8 2 11 3 4 2 14 5 2 6 5 3 7 6 1 2 10 2 15 15 25 10 3 5 16 18 10 3 4 29 4 9 13 30 1 7 12 16 19 1 3 9
31 33 34 60 22 47 29 13 8 8 13 5 53 3 15 15 2 16 8 8 10 13 4 7 11 12 23 24 25 20 7 20 19 28 15 31 6 39 6 16 25 36 12 43 12 40 33 13 5 15
49 49 37 62 22 50 43 42 25 32 45 21 54 18 24 19 10 17 15 21 15 21 17 18 17 15 33 31 26 20 18 35 21 28 22 56 42 45 20 24 30 49 33 44 26 50 38 31 26 19
63 60 45 68 36 64 52 43 35 33 66 32 57 24 26 25 11 31 25 44 41 26 18 41 17 16 48 46 27 39 24 36 34 40 24 70 56 58 36 32 40 54 46 52 36 56 67 49 28 24
64 62 52 68 40 69 57 50 38 34 68 34 60 36 42 40 15 47 36 48 44 36 54 47 36 29 49 55 29 61 40 49 40 46 35 74 65 64 50 39 59 68 48 56 43 63 69 62 41 56
73 64 56 71 49 73 59 68 40 38 71 47 60 44 84 50 57 57 37 64 59 42 67 57 51 50 59 56 49 68 51 54 41 49 40 79 69 79 51 63 60 87 52 68 59 82 91 69 46 60
76 72 73 87 60 77 78 84 75 43 73 56 68 62 93 56 67 57 41 69 67 76 89 70 92 52 60 74 67 81 54 71 64 56 42 81 71 95 56 64 67 91 70 77 75 82 96 96 65 64
85 91 75 88 97 86 84 90 83 58 79 82 89 65 95 56 92 62 72 80 77 93 92 91 96 53 63 86 76 82 57 87 75 89 67 92 85 98 69 69 76 91 83 94 76 83 97 97 81 83
95 93 76 93 98 98 90 100 86 68 82 94 98 71 96 94 93 75 73 88 87 100 99 98 97 55 68 99 91 85 63 88 97 93 69 99 92 100 82 75 85 98 88 100 95 95 99 98 97 98

67 5 71 34 14 22 49 26 29 51 15 67 50 69 100 82 100 43 92 48 55 76 66 67 85 24 38 64 58 15 50 31 13 22 63 54 50 9 58 79 53 31 73 37 70 29 53 13 59 27

29 71 22 293 66 83 130 108 84 166 80 57 112 99 17 109 420 74 244 40 139 166 228 95 102 32 151 124 229 41 52 45 27 110 73 205 169 10 216 113 38 99 80 81 58 61 40 27 118 43
69 89 63 324 115 103 136 152 114 260 116 118 127 121 81 124 676 121 339 41 311 183 233 113 135 99 213 193 314 220 61 66 62 145 127 242 200 12 249 202 60 185 85 103 165 118 45 141 147 45
105 155 66 354 121 212 206 283 145 431 256 192 479 150 107 180 703 159 355 62 314 191 291 233 162 99 270 304 362 250 87 142 69 159 209 276 262 22 308 235 115 199 309 141 360 150 82 198 271 66
111 219 67 567 163 220 223 306 149 509 323 458 493 202 111 191 722 166 374 123 434 194 448 283 172 107 306 352 412 421 103 158 81 160 211 410 392 73 315 341 151 209 324 157 701 389 140 380 320 76
131 224 75 634 166 239 275 318 176 599 388 571 514 241 114 202 743 175 423 144 545 198 688 347 217 114 318 543 424 435 109 176 94 258 212 498 403 276 349 364 154 226 502 173 748 432 149 492 394 110
151 276 98 682 170 341 313 385 239 688 406 675 547 325 140 261 752 201 764 153 581 204 760 406 217 183 322 640 445 524 166 193 158 283 258 566 503 377 378 410 163 359 797 215 828 453 153 672 421 117
186 292 149 795 180 444 340 413 309 790 416 825 575 333 154 261 981 217 802 210 929 279 942 462 243 315 327 675 448 757 181 222 170 289 342 893 517 395 501 475 168 401 802 234 877 468 171 787 447 186
221 304 216 953 221 512 371 457 374 982 514 939 938 395 232 266 987 290 958 215 948 284 966 483 258 359 332 740 496 787 258 236 195 336 369 996 523 420 545 512 177 486 842 259 939 512 177 921 507 206
225 313 268 971 235 530 388 469 524 1051 577 981 1079 485 244 292 1011 310 980 237 1016 320 1045 494 328 432 338 807 542 839 273 258 221 345 401 1007 567 482 593 550 187 514 891 266 942 521 244 940 545 221

23 60 21 261 19 56 76 84 77 147 56 34 27 97 8 63 316 58 221 30 20 22 29 76 59 18 42 116 60 28 15 2 18 78 13 191 165 8 198 13 27 85 39 31 42 25 3 7 82 12
