50 9 1
60 9 65 13 87 61 31 33 76 53 89 84 67 50 31 35 45 62 61 60 16 71 5 93 60 59 16 73 58 41 15 62 18 25 77 70 4 46 51 94 50 79 26 41 65 24 26 88 10 86

2 21 7 1 6 10 10 6 3 8 10 25 1 3 15 1 2 12 1 27 18 9 3 24 21 5 2 7 27 4 6 1 9 4 12 14 23 2 25 6 51 9 1 6 13 1 1 7 1 2
19 32 9 24 11 18 14 20 22 10 24 28 24 20 18 12 22 18 7 30 22 10 9 27 41 6 37 10 32 23 7 35 24 19 28 20 32 15 39 10 52 25 10 28 15 32 20 12 45 4
21 49 13 33 30 22 30 31 31 23 70 39 32 37 18 18 25 27 14 38 44 30 12 29 44 7 37 32 33 34 23 44 30 25 77 23 46 16 40 16 65 38 12 30 40 41 21 21 50 7
46 53 15 49 45 36 41 37 32 34 76 42 47 52 21 20 36 33 25 43 63 50 17 45 56 10 41 39 64 35 35 47 55 31 84 34 49 24 41 39 66 56 58 35 69 43 38 26 54 10
47 54 34 54 80 39 62 37 51 48 80 65 60 73 30 28 54 35 43 48 65 53 22 47 59 46 45 55 80 39 42 49 59 40 89 40 75 38 46 43 76 66 70 59 71 50 76 34 65 55
52 70 42 70 81 67 66 40 53 58 86 75 61 76 47 31 57 71 61 63 66 55 44 56 68 55 49 56 82 50 50 80 61 51 92 41 89 53 60 50 80 80 73 77 75 53 78 53 76 61
58 72 65 75 88 74 78 66 61 64 93 77 73 77 48 47 71 73 76 80 74 71 46 58 69 65 54 73 91 75 55 89 65 78 97 63 94 53 67 54 90 88 77 84 92 82 83 67 81 67
85 79 67 98 90 87 81 71 83 85 93 79 74 85 60 48 79 93 85 87 79 86 83 61 70 73 93 92 94 79 66 90 74 88 97 71 94 59 94 98 93 98 86 85 93 83 87 94 85 78
93 84 93 99 94 93 93 95 96 100 98 88 77 100 100 100 99 98 100 94 96 87 92 85 75 79 99 97 98 96 79 96 74 99 99 78 99 98 96 99 97 99 94 97 95 86 97 98 88 91

65 30 75 6 6 75 57 67 73 87 83 38 13 11 98 39 85 93 82 6 18 83 28 71 86 35 93 80 63 35 70 36 98 40 49 48 4 1 5 3 9 46 8 52 32 86 7 1 65 98

143 206 130 143 320 69 51 41 112 377 269 93 84 54 65 37 101 79 83 140 29 110 55 104 229 118 28 166 202 45 19 79 110 34 108 198 161 64 76 122 139 264 37 42 122 127 30 109 20 103
147 233 241 472 363 391 108 92 116 508 409 121 215 93 107 265 106 81 84 232 271 234 97 114 272 150 38 252 237 59 25 311 117 36 114 231 256 183 86 128 176 375 48 155 152 166 113 116 64 120
281 260 300 481 398 436 135 131 123 646 478 139 257 101 116 299 125 263 165 247 282 315 107 129 310 218 91 339 377 119 35 346 136 59 163 247 325 318 318 162 204 444 112 264 167 178 113 123 78 133
332 276 361 532 434 474 139 178 132 734 486 175 346 181 118 381 161 305 228 370 351 366 144 143 340 248 99 578 428 160 38 387 174 72 373 412 337 406 576 215 305 461 124 614 261 182 123 195 102 185
373 314 435 547 454 647 147 187 138 735 486 273 362 192 129 528 199 358 241 463 480 463 186 248 678 291 106 691 498 170 39 457 181 115 457 514 555 496 590 215 485 485 165 622 387 215 134 297 108 191
391 434 442 557 477 658 164 200 339 816 516 283 362 297 155 538 216 361 297 678 623 503 260 255 844 372 124 720 578 296 54 727 205 121 501 643 631 587 807 221 635 856 171 634 445 238 202 306 125 232
393 487 515 675 485 662 184 218 474 881 830 288 417 303 179 562 245 482 319 727 624 529 394 269 876 473 175 739 627 302 153 730 230 123 612 650 697 670 894 292 682 869 198 641 646 275 209 313 173 305
420 488 544 821 555 932 186 223 480 889 984 302 500 412 224 690 248 507 508 836 879 538 439 273 982 484 210 752 705 343 245 807 244 198 984 834 712 706 906 322 775 975 209 816 698 390 226 314 175 333
548 508 554 978 575 980 230 258 531 980 999 328 502 433 265 830 267 517 525 937 963 552 851 308 1020 555 252 803 987 506 261 880 268 220 1001 957 759 800 994 328 969 1058 268 1000 981 442 245 328 179 334

71 176 97 75 132 40 34 14 43 330 162 48 74 39 64 17 83 58 55 125 8 82 39 43 131 31 8 88 163 20 14 70 26 3 6 94 118 56 7 49 70 94 19 39 114 33 15 42 3 87
