100 9 2
94 79 89 64 10 33 30 41 91 34 9 16 29 50 44 75 12 79 12 68 50 54 84 51 57 97 66 77 66 11 41 52 33 36 9 91 50 12 50 78 67 95 69 61 92 35 19 43 39 71 6 27 37 93 22 73 91 84 97 18 10 35 70 83 85 57 45 47 65 77 32 11 46 64 47 62 64 20 94 21 17 72 84 86 53 25 71 34 36 96 1 35 27 30 53 99 79 22 78 29

17 1 20 30 5 1 8 10 5 18 1 1 6 10 12 23 11 14 8 4 30 11 17 34 21 9 7 15 5 24 9 7 27 1 4 11 2 10 28 3 7 5 17 23 3 1 8 2 1 2 1 19 2 15 8 9 11 8 1 6 7 3 12 11 5 12 16 15 3 13 9 10 4 3 2 26 14 7 15 1 37 8 11 4 9 11 14 4 2 15 6 10 3 12 7 22 16 2 14 11
31 2 25 36 19 14 10 15 25 28 8 9 12 14 14 31 16 21 9 7 46 13 31 35 24 21 30 34 18 29 16 18 27 9 10 12 7 16 28 10 20 15 36 26 26 7 20 16 6 11 4 20 12 38 19 19 15 21 17 23 10 9 13 22 21 16 19 20 6 18 25 16 4 6 3 30 33 37 22 6 53 10 15 7 11 50 30 15 29 27 20 22 17 24 19 30 22 4 25 20
44 14 30 41 19 20 13 32 39 51 18 17 15 19 27 37 29 39 17 19 52 14 38 44 38 30 51 42 43 33 36 22 30 31 32 17 9 22 42 12 38 31 39 28 29 17 52 22 28 11 19 37 36 44 35 22 38 25 18 27 23 29 16 25 28 21 36 27 10 20 36 43 17 8 22 37 33 41 28 16 60 28 15 22 35 52 60 25 39 54 23 29 20 26 23 59 33 16 41 39
69 36 49 42 28 23 21 35 45 58 46 39 38 36 37 59 42 69 25 27 56 26 38 49 48 39 57 46 49 44 37 27 44 37 50 34 25 23 58 24 45 61 60 30 40 19 66 39 29 12 36 51 49 67 36 45 49 60 23 38 29 41 20 36 32 29 38 44 20 27 42 54 20 18 33 39 42 58 47 19 67 41 18 24 66 57 61 31 57 61 23 34 45 39 53 66 44 28 57 40
74 41 52 53 44 30 49 68 46 58 51 40 43 43 43 83 53 87 39 31 60 29 50 65 59 45 73 52 61 45 38 46 61 38 55 36 34 52 60 35 45 72 64 42 59 28 80 54 41 15 51 57 50 69 36 54 58 65 25 56 37 41 21 48 32 35 52 47 27 37 61 57 29 38 63 44 69 65 48 39 69 66 33 36 70 58 75 61 63 70 73 36 66 44 68 66 52 38 58 58
88 45 78 63 49 50 60 76 56 71 52 42 64 48 51 83 63 88 44 47 66 52 64 70 61 47 79 69 62 47 41 56 67 43 57 71 41 57 65 47 67 76 66 47 66 36 83 57 65 22 51 63 52 74 74 70 62 66 30 64 66 49 31 64 42 48 66 48 50 55 74 66 36 78 69 58 78 93 57 54 70 80 47 51 81 66 84 64 65 77 77 41 78 50 73 67 70 40 65 63
93 66 81 69 55 86 73 86 64 76 87 46 66 55 57 90 66 94 45 62 71 72 65 75 73 67 90 81 70 54 60 65 77 64 71 77 42 59 73 48 81 78 68 49 66 67 90 60 96 23 52 65 53 76 77 87 72 70 43 81 71 54 63 79 55 51 71 79 71 85 77 71 50 83 70 89 89 98 69 81 77 88 62 59 84 72 85 70 68 84 85 50 81 68 77 75 79 48 73 83
93 90 82 72 76 97 79 88 69 93 89 78 71 56 63 91 85 98 48 73 80 93 69 88 85 86 92 85 82 58 91 84 83 71 89 77 57 66 96 50 82 79 73 56 72 78 92 70 97 62 65 75 64 80 86 94 87 72 78 83 89 68 90 84 63 68 75 87 83 97 86 77 75 90 79 90 90 98 72 88 85 91 65 81 93 73 93 75 75 84 88 74 90 77 78 79 94 85 75 84
97 92 91 78 79 98 84 98 80 97 91 100 90 73 90 93 85 99 68 85 81 93 77 94 88 88 96 90 91 61 93 92 84 75 93 96 97 81 98 80 83 98 82 93 80 93 95 91 100 73 66 82 65 82 86 100 98 92 78 83 100 70 100 95 80 80 80 96 97 99 91 92 91 100 90 93 90 100 75 89 100 100 71 91 96 96 96 99 79 97 99 81 90 94 91 100 98 89 97 94

37 37 51 42 12 65 34 41 70 38 26 20 29 54 7 35 29 3 34 36 57 22 93 8 43 24 42 20 3 23 71 14 15 25 39 9 3 25 26 7 60 53 44 2 8 6 20 20 49 61 2 44 22 55 9 34 40 55 4 49 7 31 48 19 8 66 35 3 62 79 29 9 17 42 3 81 48 81 27 9 11 59 7 36 60 14 25 61 5 7 86 69 4 44 8 16 99 18 16 13
80 55 96 63 86 78 76 77 74 48 63 50 45 66 74 78 35 5 42 100 90 49 93 99 71 54 75 25 35 48 83 56 93 33 80 76 42 63 88 57 96 75 62 95 26 25 53 66 80 88 32 62 40 78 83 64 41 85 42 88 52 47 48 22 41 79 88 36 76 91 62 92 97 88 42 95 61 93 33 53 78 77 54 62 87 94 51 72 45 29 98 73 92 89 27 47 100 90 28 79

191 124 120 97 435 82 118 69 126 69 147 207 303 68 193 85 252 362 159 305 53 130 166 97 80 169 282 167 432 13 67 195 300 70 21 170 169 269 69 196 155 1066 778 469 197 385 209 45 63 81 29 66 192 348 52 78 228 120 140 316 36 47 108 96 217 151 58 53 128 88 390 153 98 113 131 74 242 456 166 160 113 213 136 98 73 211 122 274 36 150 106 453 69 299 70 187 133 97 78 342
580 234 389 150 530 88 179 120 294 73 269 273 513 80 289 104 277 493 288 396 61 156 1062 143 165 232 564 283 485 40 82 877 846 134 61 261 272 498 313 567 204 1600 1061 579 314 474 246 100 144 236 67 136 262 472 80 154 306 126 169 463 39 528 167 108 263 218 178 171 134 167 589 263 224 128 287 142 674 568 303 592 117 258 337 126 133 351 174 291 92 479 444 969 246 1175 134 222 162 167 669 635
952 292 605 233 973 88 238 126 312 192 284 296 608 98 375 189 576 541 338 542 232 183 1353 199 229 237 582 331 796 105 141 885 857 164 81 319 590 696 768 571 273 1612 1062 752 318 947 377 135 192 263 121 188 344 621 210 242 488 153 244 568 158 768 189 232 387 818 182 286 145 298 666 350 442 272 881 209 948 915 409 900 139 336 551 131 284 372 203 331 113 616 677 972 271 1208 175 431 197 385 722 646
1037 318 623 234 994 128 300 235 366 234 370 301 623 155 425 218 587 813 567 686 284 186 1444 209 352 318 666 369 819 112 257 1108 892 195 82 488 718 813 1058 633 326 1712 1256 1111 333 1020 378 243 194 293 135 421 348 1042 337 335 753 207 342 641 211 966 302 238 419 1098 187 344 160 497 677 695 497 293 1068 265 1052 1325 535 1074 300 344 617 141 291 424 357 339 211 757 797 1339 418 1218 183 440 198 485 831 1356
1388 362 631 235 1288 248 743 299 403 268 590 329 668 282 447 220 835 1123 692 783 290 358 1512 242 354 372 758 373 888 150 261 1113 991 314 192 595 756 977 1086 752 381 1793 1296 1586 419 1287 388 636 293 423 294 432 383 1386 350 637 810 220 365 699 213 1062 752 242 479 1161 317 598 192 529 848 1342 588 309 1152 351 1144 1426 562 1292 453 394 726 191 317 470 431 489 427 820 938 1370 461 1329 188 649 373 531 877 1484
1408 392 653 288 1575 261 775 319 490 273 691 651 723 355 581 365 1200 1281 816 792 292 415 1548 273 622 463 921 380 1109 196 464 1534 1289 326 205 1738 787 1383 1279 958 427 1844 1300 1676 533 1552 500 705 299 485 363 437 460 1566 420 872 838 409 367 837 252 1386 1063 344 506 1314 456 650 296 565 1018 1457 734 324 1279 377 1357 1745 732 1386 463 422 998 320 533 505 618 524 451 954 1013 1696 518 1545 268 656 479 532 1039 1529
1509 547 813 308 1688 299 821 403 774 290 790 755 868 466 711 424 1279 1489 1191 1008 430 430 1692 286 782 900 924 408 1607 239 679 1649 1330 346 259 1790 880 1629 1508 1176 459 1941 1393 1739 648 1607 749 819 336 505 408 446 631 1658 487 922 916 444 389 1262 363 1489 1322 347 540 1418 505 811 351 699 1097 1480 860 474 1596 475 1422 1954 889 1692 604 449 1746 398 570 665 728 673 467 1031 1053 1817 788 1636 315 661 484 557 1322 1801
1844 705 885 321 1767 322 956 504 1011 397 833 815 884 484 805 448 1611 1723 1505 1020 440 494 1762 327 912 964 977 526 1631 254 867 1899 1388 386 496 1875 892 1634 1587 1508 474 2019 1460 1779 714 1781 763 846 354 509 450 493 712 2021 502 952 937 464 546 1642 394 1830 1839 533 544 1520 543 939 449 917 1648 1503 943 477 1644 796 1457 1969 910 1804 607 531 1959 453 681 780 846 732 467 1387 1063 1838 821 1781 447 744 504 690 1798 1828
2058 1075 1018 465 1889 448 996 531 1047 485 973 902 1018 514 991 511 1734 1804 1593 1052 537 517 2022 504 947 993 1026 535 1675 401 1031 1976 1415 452 505 1877 943 1643 1986 1727 481 2075 1749 1822 1048 1972 1001 1011 399 534 464 995 925 2029 521 1046 1034 506 565 1950 498 1995 2003 566 556 1636 544 1415 471 1035 1800 1528 1000 485 1653 944 1923 1980 1042 1822 915 571 1994 505 1013 1003 1043 832 507 1944 1221 1980 839 1937 498 853 579 979 2040 1864

179 109 88 91 347 77 103 40 82 46 134 46 106 65 136 75 183 175 41 37 33 96 137 66 31 135 234 24 377 7 24 175 232 58 15 102 147 258 50 130 51 1059 637 453 158 279 54 37 24 55 23 27 121 291 28 35 160 34 92 313 33 36 35 76 213 104 44 37 28 54 173 125 14 88 114 59 174 400 16 152 80 191 50 25 54 149 83 157 23 119 78 276 53 268 47 67 125 94 51 211
150 81 59 53 52 29 80 26 46 23 51 12 102 25 17 33 21 158 24 24 25 5 136 38 19 11 103 17 336 5 23 35 216 3 12 66 91 133 32 69 33 528 343 95 24 65 15 26 1 11 5 11 53 220 19 1 103 11 81 96 15 16 17 47 106 35 24 29 18 9 49 78 12 20 5 52 72 332 7 9 8 4 25 19 4 91 27 121 6 51 48 101 16 99 44 21 93 45 46 80
