100 9 2
92 20 31 87 97 39 31 82 30 38 26 13 98 90 41 46 52 4 31 26 33 22 39 20 71 54 97 68 75 30 24 67 98 65 49 32 47 44 68 88 81 81 27 70 68 24 55 83 57 52 73 86 6 93 40 82 78 57 33 4 33 9 63 70 89 91 79 38 70 6 39 40 87 91 51 38 33 72 39 48 73 43 67 55 4 79 95 52 50 95 14 85 51 60 96 50 29 95 80 66

3 3 12 12 16 1 20 4 3 1 23 5 14 4 9 10 1 3 6 5 17 6 6 12 1 2 16 30 2 6 9 22 4 22 1 2 22 13 25 11 53 5 14 4 4 7 3 7 3 5 10 7 17 36 13 22 7 33 1 4 3 1 14 10 4 9 19 6 9 4 4 3 1 10 11 3 20 7 33 20 2 47 13 8 5 3 16 17 6 6 7 4 1 22 4 1 16 19 18 2
5 6 23 26 28 17 31 6 25 3 29 15 24 8 10 17 13 6 8 9 45 12 11 30 9 21 28 34 3 9 13 44 29 23 6 2 31 14 26 14 57 6 18 21 18 32 4 9 22 10 12 22 18 40 19 23 21 33 33 9 3 12 32 16 5 19 20 8 26 25 14 11 5 19 26 12 21 15 33 31 6 54 21 25 8 24 20 20 9 7 19 8 2 22 16 17 19 25 33 22
21 10 27 28 39 23 38 35 36 28 34 20 27 12 21 20 13 29 9 12 49 19 15 36 23 29 29 51 7 10 23 50 40 27 8 8 32 19 31 28 61 17 21 25 36 33 12 20 46 20 18 30 24 47 67 46 23 46 40 11 39 13 45 33 7 55 38 39 28 28 16 14 26 42 31 37 38 22 58 33 23 58 25 48 16 33 31 21 14 9 22 19 21 23 19 34 29 39 35 62
37 33 44 35 45 40 50 44 39 43 62 48 34 44 42 20 13 33 31 12 50 20 18 36 23 37 43 61 11 15 58 59 44 44 26 21 50 21 35 43 67 26 41 38 56 37 36 24 58 25 53 46 28 48 68 52 29 60 44 44 42 31 47 41 27 70 40 43 32 37 17 18 36 49 37 45 45 29 60 69 43 73 34 53 16 34 56 25 17 19 25 30 39 27 20 39 56 65 42 66
62 56 54 37 47 46 61 60 50 56 73 50 48 55 53 36 28 53 48 30 53 43 43 40 35 42 49 63 29 17 62 62 65 50 37 23 52 40 40 53 68 28 49 46 73 49 53 42 64 40 72 53 35 57 71 60 35 65 53 54 52 37 55 42 63 80 66 54 33 42 38 37 46 53 39 50 56 50 72 70 45 74 59 59 17 40 66 36 20 49 38 44 48 37 33 39 68 65 49 75
64 64 78 52 50 51 70 76 52 57 77 50 53 72 60 65 49 58 49 34 67 50 67 52 37 47 51 75 58 38 64 66 89 72 65 70 65 45 58 63 74 36 67 70 76 51 61 46 80 43 81 53 59 60 73 64 49 69 73 55 85 62 66 53 65 82 86 58 70 51 56 46 58 75 50 55 61 52 72 78 69 82 63 70 52 47 72 58 22 51 46 58 54 76 36 44 79 66 68 80
74 66 81 63 58 53 91 83 56 85 81 51 70 80 73 68 54 61 51 82 71 72 75 53 43 49 74 81 86 89 68 72 93 73 67 82 69 52 62 63 77 49 78 76 87 62 89 76 85 45 88 81 68 77 75 67 55 77 92 66 89 62 67 78 74 86 93 61 77 70 87 79 67 96 78 58 88 64 74 79 71 86 82 79 69 63 85 88 77 63 77 78 60 76 45 46 82 83 69 85
81 83 82 93 62 96 93 98 75 90 93 72 75 91 79 68 58 83 54 88 85 87 83 65 62 55 76 83 91 90 80 73 94 73 91 82 75 78 64 82 91 84 94 77 89 71 89 98 88 46 97 87 76 82 90 85 81 88 98 78 96 69 74 80 84 90 94 92 81 74 97 91 69 96 97 83 92 71 81 86 93 86 97 79 76 73 87 88 85 81 83 80 95 87 82 48 91 94 72 87
98 83 88 96 81 98 96 100 77 90 98 89 85 97 82 98 90 84 91 100 87 100 93 88 89 75 85 92 92 98 97 81 99 78 99 88 81 81 97 86 95 85 98 82 94 86 100 99 96 75 100 89 90 91 97 88 89 96 99 87 98 77 84 99 87 99 97 96 98 94 100 99 69 99 98 93 100 74 97 95 94 97 97 86 99 76 89 92 96 93 85 94 100 94 84 53 91 95 97 95

9 32 49 37 20 81 29 19 3 42 66 9 51 3 64 2 65 69 25 40 53 31 51 21 58 77 74 56 37 29 8 49 4 8 54 21 31 1 3 64 33 2 35 64 3 2 6 69 46 22 60 33 15 63 2 7 33 49 42 6 8 70 16 21 45 51 14 50 21 10 36 79 17 3 44 41 43 15 23 29 14 66 84 44 61 35 45 30 65 33 10 33 60 12 27 21 66 44 40 25
22 76 66 69 42 87 58 84 73 43 74 12 74 3 72 53 79 78 91 56 85 94 65 41 64 92 85 83 44 89 12 51 28 68 70 60 67 27 48 82 74 88 76 74 14 23 39 75 71 99 66 44 59 99 30 63 78 64 80 71 92 99 30 57 86 54 62 52 70 28 100 90 80 91 70 83 54 74 33 51 40 87 99 57 74 79 57 39 87 94 63 52 89 37 29 88 75 59 43 26

204 141 62 391 304 56 84 116 75 66 127 177 151 547 99 78 283 11 33 59 98 187 371 361 80 127 237 163 85 80 35 159 247 136 122 250 502 49 112 91 288 234 186 169 286 159 56 91 232 451 74 94 291 395 122 95 82 138 49 42 170 44 93 298 226 222 178 121 135 527 40 153 140 180 90 39 342 87 61 110 126 58 254 109 260 159 121 221 73 98 30 100 223 134 134 143 61 378 236 312
349 182 121 547 417 104 329 153 119 252 140 213 158 575 173 99 386 63 75 118 102 261 435 908 179 332 246 193 178 146 555 216 287 168 384 330 771 137 126 107 454 240 222 549 329 239 94 121 289 645 76 116 404 473 258 198 106 167 49 108 771 132 133 314 330 449 222 223 212 788 179 172 405 663 128 154 375 447 154 190 583 148 438 213 261 359 180 227 150 171 111 167 229 145 272 160 89 625 274 420
1071 384 295 764 436 154 395 242 187 311 158 236 285 607 201 155 721 200 107 130 140 262 648 1033 281 394 282 240 199 193 699 299 387 189 419 1185 773 257 161 346 541 452 255 1035 541 369 126 208 578 685 76 240 508 549 564 215 198 208 60 192 997 169 176 334 357 495 261 277 212 878 210 180 1039 685 398 304 570 459 311 355 698 161 641 348 487 440 201 740 192 369 322 175 319 190 305 224 128 737 301 486
1107 429 600 864 452 336 700 259 318 331 181 261 356 665 242 345 977 228 154 189 271 273 724 1321 304 483 302 542 269 200 914 340 424 371 551 1413 821 292 215 432 612 664 370 1167 545 817 159 217 793 731 219 285 731 638 623 253 219 261 171 338 1036 293 242 405 421 1157 298 613 300 909 280 447 1135 705 505 721 703 771 346 376 813 280 975 418 894 718 342 876 259 459 362 251 386 332 360 283 209 827 387 688
1180 708 638 1115 517 349 1259 267 556 423 232 294 468 1092 564 374 1269 230 226 364 381 334 872 1386 331 632 492 813 383 233 1020 342 678 409 767 1462 847 293 360 495 771 720 442 1306 708 1108 372 221 875 773 328 401 748 712 1094 299 267 301 225 550 1170 530 278 529 450 1272 360 750 370 1060 284 573 1190 1020 569 1015 713 945 428 670 1307 348 994 445 1343 766 1130 1192 408 472 435 502 393 421 362 626 244 831 497 876
1275 1132 859 1150 858 516 1290 360 577 510 323 303 472 1281 573 471 1314 279 292 558 389 398 910 1402 344 667 520 970 444 294 1353 433 694 479 803 1757 1315 303 395 661 800 955 553 1531 1137 1130 447 344 1059 1078 330 420 814 744 1109 356 399 401 352 673 1417 542 350 599 452 1599 434 797 403 1324 310 656 1263 1165 580 1024 729 962 461 689 1757 398 995 461 1496 770 1141 1305 479 491 514 513 403 674 396 743 401 1126 638 1307
1471 1158 1412 1253 860 570 1778 435 585 618 347 319 488 1786 623 477 1480 315 299 731 586 427 1323 1636 405 788 520 985 482 359 1469 446 725 494 888 1830 1553 418 411 814 894 977 667 1708 1327 1579 484 373 1738 1235 355 473 1426 851 1364 390 430 448 387 711 1468 546 366 731 484 1748 470 844 454 1441 368 686 1793 1246 840 1248 789 1555 1684 969 1784 438 1467 693 1528 1633 1319 1499 884 529 648 522 412 869 411 745 431 1246 991 1620
1583 1824 1503 1461 981 762 2004 479 664 674 380 441 488 1990 647 498 1619 329 434 873 841 431 1497 1713 483 881 573 1005 513 410 1851 504 874 542 897 1946 1670 440 547 886 1003 1003 708 1768 1421 1881 495 396 1759 1442 461 492 1480 1021 1665 449 486 506 438 864 1728 643 458 876 490 1770 474 1378 512 1472 392 791 1797 1347 856 1338 964 1809 1822 985 1892 444 1744 808 1663 1780 1390 1818 981 545 723 570 433 963 666 985 459 1709 995 1817
1632 2000 1828 1926 988 907 2027 517 817 776 501 474 537 2026 685 508 1827 497 453 887 954 499 1904 1914 527 917 582 1052 575 429 1953 516 1002 551 999 1963 1983 472 547 949 1014 1033 999 1846 1855 1937 512 577 1973 1585 545 564 1937 1063 1867 485 548 522 480 957 1747 711 541 918 494 1846 505 1673 517 1598 440 814 2004 1918 971 1360 967 1885 1992 1044 2071 461 1845 937 1963 1915 2023 1943 1002 582 858 576 551 1026 1000 1031 481 1961 1033 1841

63 13 58 338 264 48 30 50 73 37 74 168 64 466 89 56 240 10 24 25 70 121 237 240 59 111 230 148 25 42 26 88 210 97 99 167 63 33 101 46 272 193 132 127 80 115 29 78 213 392 31 20 238 63 117 52 22 97 41 30 52 28 39 19 211 112 168 92 71 233 38 115 73 174 65 12 219 50 40 89 103 24 230 90 173 93 115 171 70 94 25 84 188 57 128 46 45 158 107 254
8 6 46 146 131 2 28 44 66 22 66 130 21 59 78 39 31 9 19 1 26 60 4 181 5 92 181 137 12 9 17 72 1 79 6 150 8 10 23 16 132 94 29 52 68 97 16 58 152 383 18 16 176 6 87 11 4 57 29 29 36 5 15 12 56 111 94 52 50 152 30 70 11 135 38 7 66 39 20 39 98 2 134 30 69 45 96 135 20 6 1 63 120 22 114 27 38 52 94 142
