100 9 2
45 50 42 35 48 19 100 72 89 97 19 54 82 88 16 35 64 57 66 10 50 33 16 81 68 41 73 81 41 22 23 75 47 55 81 36 48 16 58 41 42 43 1 53 27 99 79 89 31 70 30 23 74 90 49 48 5 79 96 27 71 47 25 54 15 37 60 50 43 46 22 67 33 86 16 94 26 80 97 56 5 51 3 96 66 91 30 21 79 78 71 64 83 16 61 96 72 35 22 44

37 9 15 3 1 32 2 7 10 24 11 3 18 12 4 5 2 28 3 3 4 19 2 2 7 9 6 6 7 3 2 6 19 2 15 4 6 2 19 2 17 7 10 14 1 1 12 21 2 13 6 19 11 6 5 1 33 17 4 12 3 9 14 10 1 13 8 20 12 9 11 4 38 2 7 10 23 19 19 14 13 3 3 10 9 42 6 1 19 6 2 22 6 1 4 7 5 6 8 18
47 18 21 3 1 53 34 16 19 25 12 10 20 14 4 32 15 31 11 10 23 44 5 22 11 10 24 10 7 4 7 25 19 34 17 5 28 2 28 4 40 20 14 14 5 6 21 29 2 13 39 23 11 30 27 2 42 30 12 19 21 13 30 27 6 36 11 25 13 31 16 8 47 20 15 17 27 20 23 15 27 21 9 30 23 49 8 6 21 9 7 34 14 11 6 28 5 7 13 38
55 31 30 31 17 63 46 20 46 47 31 12 40 23 8 36 15 41 18 29 27 47 10 23 21 14 32 17 15 10 10 41 27 53 18 12 43 12 37 5 42 22 50 35 18 20 35 30 5 20 41 26 21 47 44 19 59 38 22 38 26 20 37 31 7 58 21 26 14 33 25 10 56 21 26 21 31 22 30 17 29 39 20 32 26 49 14 10 38 9 70 40 15 15 32 44 17 8 17 44
55 34 43 34 24 68 66 25 52 55 33 22 56 25 13 46 29 46 35 44 47 53 10 32 30 44 33 44 21 21 15 50 29 54 21 19 54 59 39 8 45 41 57 45 25 34 40 44 49 37 43 27 22 64 46 23 59 39 23 46 35 28 39 70 8 66 41 34 39 56 29 28 65 38 30 32 36 25 38 23 30 42 24 43 26 60 16 30 42 35 84 51 22 43 53 53 23 22 36 46
57 35 45 37 28 76 69 42 59 65 36 24 63 29 19 53 29 50 39 49 49 55 34 71 56 51 41 46 37 34 16 50 34 59 32 19 64 64 61 19 60 51 60 66 31 38 58 54 53 42 49 40 34 66 55 39 80 41 23 50 39 31 49 77 52 66 60 34 44 67 36 53 74 52 42 52 42 73 54 34 40 42 25 51 33 61 17 48 60 48 94 57 30 50 57 65 57 36 53 68
69 45 55 42 34 86 75 61 61 72 47 36 65 79 20 70 54 51 51 72 55 58 37 72 77 66 42 60 63 48 18 64 47 61 54 41 67 65 63 28 65 51 69 67 40 38 71 58 58 43 50 64 39 76 57 51 89 42 24 56 50 36 58 82 71 70 67 43 66 75 58 68 83 53 53 54 42 76 66 68 42 59 32 52 53 71 47 82 72 71 95 72 53 54 66 65 69 73 67 69
76 58 63 46 51 90 89 69 79 81 57 55 70 82 24 71 62 55 51 87 86 64 46 80 91 81 54 71 71 54 69 68 49 62 81 85 75 70 74 65 72 56 85 69 81 49 84 61 63 48 52 73 47 78 73 51 93 64 86 56 66 47 69 85 79 74 67 57 71 82 59 78 89 58 54 63 58 78 67 79 51 60 40 73 58 76 50 84 90 81 95 79 66 78 73 67 70 75 83 78
83 88 72 68 92 95 92 70 85 88 78 58 87 82 88 78 64 59 80 94 92 69 69 90 94 87 74 73 97 82 98 80 52 66 83 90 77 81 86 67 74 60 90 73 92 63 88 65 88 74 66 74 85 86 78 54 93 67 98 68 76 57 89 92 83 91 72 65 81 92 67 95 96 64 66 98 88 95 70 88 70 76 71 80 59 95 64 91 94 82 96 82 74 80 94 78 91 76 85 79
97 98 88 95 95 98 100 100 87 93 100 71 100 88 92 99 82 96 99 94 95 78 71 91 96 88 95 91 100 84 99 100 76 85 100 98 77 100 87 100 78 64 92 81 95 65 89 76 92 81 75 95 94 99 88 94 97 87 98 76 77 64 90 95 86 96 83 72 86 97 76 95 98 72 71 98 95 95 90 95 82 82 87 95 61 100 69 98 100 92 97 84 92 82 94 90 94 84 99 82

39 2 15 23 22 69 18 67 50 17 16 13 10 42 44 5 3 52 1 31 40 82 19 35 17 7 18 13 37 9 23 54 44 9 24 15 24 9 61 36 57 35 5 10 32 22 4 12 69 57 28 36 49 59 4 44 5 74 17 8 17 13 2 14 6 7 71 35 25 76 45 27 16 24 18 46 15 23 77 73 64 7 74 65 7 57 40 65 22 71 43 34 40 4 2 33 87 8 76 18
57 68 39 77 54 81 28 95 97 21 93 32 39 51 95 65 54 74 20 47 61 86 56 97 44 23 87 74 77 73 45 63 79 60 37 48 97 99 87 39 89 81 87 36 99 71 24 67 84 63 91 44 60 67 56 64 68 83 24 30 69 75 47 62 47 48 84 46 100 80 88 52 42 41 71 50 46 26 87 96 66 14 79 91 40 60 92 66 31 92 62 46 84 71 41 54 92 65 89 29

55 91 128 192 328 148 225 306 137 154 110 804 121 465 124 104 72 63 412 226 323 110 50 95 344 70 92 211 116 119 55 243 55 57 85 151 72 24 183 139 114 43 38 295 31 344 127 234 83 268 78 131 708 163 177 70 195 138 143 90 73 109 197 162 20 169 65 204 62 123 42 203 54 234 83 272 328 157 141 62 286 112 39 336 118 135 173 207 301 114 133 103 441 266 98 149 96 69 391 60
209 122 380 238 330 164 424 338 204 200 124 1132 153 815 184 158 193 76 778 275 499 170 142 171 396 604 215 263 157 143 303 361 59 147 128 151 226 160 237 292 237 135 129 321 39 427 160 600 326 275 111 160 750 192 460 137 302 191 224 106 228 400 235 222 70 174 113 235 101 162 54 262 124 236 223 283 359 707 224 103 385 167 51 649 259 178 405 287 363 756 136 209 503 391 110 244 120 86 507 93
215 147 482 640 529 165 513 389 348 270 163 1172 332 1045 191 164 222 99 1226 321 1281 179 288 291 600 667 509 432 214 265 373 370 96 225 280 181 258 300 317 350 304 159 551 565 70 538 167 651 357 313 154 301 874 449 508 139 542 235 227 221 252 485 237 283 148 181 173 349 162 398 196 355 504 410 414 283 441 984 344 131 445 188 70 658 436 235 517 1045 376 805 246 428 651 466 478 294 140 93 525 110
274 226 612 838 686 179 586 407 417 391 173 1227 337 1189 230 179 321 288 1246 331 1415 358 630 406 783 1108 653 589 381 318 459 429 178 254 308 455 267 399 346 399 332 236 756 1303 168 608 343 758 364 347 271 358 887 507 509 155 673 340 248 450 253 552 353 339 310 213 222 393 379 606 356 423 899 462 525 287 524 1254 593 248 546 770 83 797 474 238 547 1107 433 1055 368 441 669 644 532 542 507 171 650 145
439 252 664 898 715 295 875 574 425 427 229 1398 357 1529 249 206 349 360 1649 457 1493 446 678 427 1287 1177 707 672 419 625 527 473 213 264 381 455 444 592 604 400 663 419 1201 1336 332 633 432 1005 487 444 284 500 1009 655 610 222 1608 373 279 480 435 578 408 360 345 384 229 824 431 814 374 442 958 490 600 423 658 1644 615 293 734 1229 147 1270 1044 247 592 1391 619 1289 474 464 695 819 1204 835 677 210 1001 253
619 260 727 983 820 360 1234 602 491 448 305 1511 397 1541 345 273 357 406 1668 464 1520 480 1000 503 1305 1516 832 723 422 825 575 481 281 287 468 525 481 826 662 415 706 445 1279 1455 362 743 556 1070 789 458 395 520 1159 670 658 264 1621 438 317 485 467 622 541 377 409 388 866 955 447 865 545 568 1289 596 677 433 845 1697 722 454 812 1510 161 1323 1049 382 658 1422 748 1397 488 596 696 835 1469 969 817 220 1074 282
701 287 796 1034 1172 385 1294 652 504 474 362 1758 401 1658 370 313 393 409 1686 467 1745 891 1537 748 1429 1525 956 773 440 827 668 489 313 323 540 574 520 1362 667 474 926 472 1404 1551 423 835 792 1373 1026 499 441 601 1457 877 800 295 1658 477 474 487 510 632 716 388 463 390 878 976 646 897 722 616 1328 693 718 499 895 1724 845 492 908 1839 298 1545 1431 406 866 1667 871 1491 515 717 873 874 1551 987 829 263 1588 348
714 307 949 1326 1514 468 1494 743 738 476 420 1940 701 1709 411 508 466 463 1839 500 1823 962 1631 823 1542 1547 963 1066 441 916 860 490 368 384 541 775 728 1662 679 491 932 521 1422 1715 439 911 861 1746 1282 513 502 913 1768 943 810 330 1936 791 502 734 549 1560 1355 403 501 419 912 1000 938 944 779 664 1706 775 763 520 1685 1905 931 514 1528 1982 350 1656 1776 491 915 1736 909 1836 555 829 934 921 1620 1499 843 377 1693 369
970 447 990 1567 1656 481 1499 769 958 580 449 2004 705 1929 503 524 467 514 1894 501 1918 986 1980 973 1635 1826 1034 1081 460 971 961 550 500 448 573 1009 760 1797 776 503 968 527 1767 1984 448 979 936 2039 1946 523 517 957 1989 1048 840 502 1978 807 557 735 568 1810 1614 453 510 444 966 1033 1006 950 903 700 1822 802 975 590 1779 2026 1030 539 1538 2049 365 1664 1833 499 954 1815 982 1872 569 965 1030 998 1766 1772 967 390 1908 430

40 36 112 101 309 36 49 110 128 125 79 775 39 372 107 49 40 35 303 42 252 23 26 57 221 44 69 81 58 86 43 100 42 37 64 90 36 23 133 137 64 28 31 267 29 293 96 196 58 74 52 107 650 139 79 27 176 73 132 61 54 102 181 143 16 120 44 166 60 58 39 160 38 136 65 230 147 112 126 59 142 17 25 178 117 105 40 192 242 86 106 72 369 158 36 129 95 51 154 27
19 12 111 15 31 20 28 75 66 97 33 590 29 237 12 40 26 21 36 40 109 21 1 16 51 28 27 32 14 31 21 52 12 7 10 25 1 7 33 7 1 5 9 10 6 99 81 112 47 44 29 70 71 35 3 15 159 36 14 37 48 29 16 12 1 64 41 60 56 11 14 53 3 35 14 208 43 91 109 10 93 2 4 8 71 28 18 64 106 63 42 1 338 84 18 33 92 36 109 24
