100 9 2
59 30 60 32 92 70 4 85 77 55 87 69 22 14 48 51 5 43 56 38 88 26 20 93 91 61 71 12 81 73 36 98 52 78 5 86 72 33 98 26 92 75 57 77 75 15 69 84 64 32 28 10 52 63 38 62 52 36 81 67 26 93 26 60 90 88 29 34 35 70 36 19 17 59 48 31 41 9 78 77 51 39 56 87 32 46 60 76 99 72 2 9 49 1 23 19 78 90 86 10

3 9 19 7 3 5 21 40 5 2 14 2 1 21 8 12 13 25 22 4 3 9 11 3 26 6 1 16 4 4 6 4 46 12 9 1 13 11 11 16 15 3 16 9 3 4 3 4 17 19 10 25 3 15 10 1 31 3 29 4 10 2 16 1 11 5 7 4 3 7 13 19 37 11 7 3 2 4 9 20 9 6 1 17 3 1 8 14 4 5 10 20 5 1 3 8 5 14 13 7
7 17 22 11 7 5 27 46 35 5 26 3 6 33 21 26 17 41 36 33 16 19 41 13 35 20 7 19 12 17 11 13 62 26 12 5 24 15 12 38 23 25 22 14 7 9 5 8 19 25 23 26 10 23 11 22 46 5 33 5 13 5 23 58 33 8 17 10 31 8 16 23 45 19 25 13 4 19 37 24 21 34 44 23 15 5 12 15 13 17 12 31 9 5 12 18 6 35 38 31
19 22 27 16 11 16 32 49 42 19 36 18 11 46 32 39 20 55 36 44 16 24 43 15 53 21 14 21 15 28 23 21 62 27 14 7 35 16 17 41 27 28 23 23 8 12 20 14 51 27 39 46 13 39 26 45 47 34 37 8 47 22 36 60 65 21 22 23 50 21 20 33 53 21 44 17 7 43 38 25 31 53 45 45 18 20 29 33 27 39 13 39 21 11 30 25 8 52 50 34
20 25 65 23 36 19 32 49 51 20 37 44 35 60 33 64 51 62 58 50 20 26 45 37 55 24 16 22 29 30 28 30 65 37 19 10 43 27 24 42 72 43 43 35 21 22 83 32 64 37 40 53 20 47 29 47 52 41 40 9 50 36 42 80 70 37 30 42 51 25 32 60 63 21 59 29 31 53 46 47 32 54 46 53 53 25 42 41 57 44 18 51 28 36 31 31 26 52 51 46
26 39 66 29 41 29 47 56 52 44 46 49 61 64 46 66 69 70 58 58 32 34 72 43 56 25 26 26 46 31 28 37 68 43 41 17 45 30 44 47 78 56 47 36 38 51 93 64 80 37 68 54 25 70 65 53 53 66 52 19 52 44 59 83 74 56 32 65 52 33 41 63 75 46 64 68 39 64 70 61 35 67 49 65 76 43 46 51 61 46 24 52 30 53 36 32 27 70 62 54
27 58 72 39 63 37 54 74 68 77 65 51 77 86 46 69 76 73 68 58 48 39 75 72 60 56 29 41 48 42 30 43 76 74 49 24 65 38 70 74 84 57 63 55 48 53 93 71 84 51 73 63 32 82 88 53 54 75 57 60 88 70 65 84 79 64 38 92 59 65 61 82 76 52 67 70 53 82 72 81 38 69 73 72 77 49 54 56 80 56 28 68 31 69 54 34 33 70 79 67
61 85 72 42 65 44 60 86 72 79 71 83 87 94 58 81 77 75 69 68 51 61 77 90 64 69 73 47 53 52 60 53 77 95 49 26 67 41 74 76 84 83 66 57 51 66 98 75 84 52 88 65 41 92 89 53 64 80 73 65 90 83 78 87 79 71 53 92 59 74 80 86 84 69 88 81 57 83 84 83 45 79 86 76 82 64 85 69 83 70 53 79 83 75 80 74 38 84 80 89
78 85 91 58 68 75 64 98 75 88 85 84 88 97 78 82 78 76 76 96 79 83 83 94 65 78 86 57 70 94 68 58 92 96 61 60 97 69 88 82 87 85 84 81 53 73 99 78 85 71 94 72 50 98 92 86 69 85 79 73 91 99 90 93 82 87 77 93 61 82 87 96 93 95 89 82 58 86 89 93 65 90 95 82 91 75 95 70 85 73 87 87 83 78 81 97 98 86 81 97
100 89 92 96 95 96 83 98 83 89 96 94 96 98 89 100 78 92 82 96 83 94 91 100 99 83 94 58 81 98 72 74 95 98 86 97 100 70 92 99 92 85 94 95 78 86 99 100 86 96 99 92 100 98 97 95 95 88 94 93 100 99 100 99 99 98 87 96 66 90 99 99 100 98 89 95 62 86 96 94 66 95 100 94 94 89 100 82 87 78 96 93 91 93 94 99 99 87 84 98

8 12 4 10 27 14 41 54 14 69 31 89 5 54 15 41 51 74 5 19 45 40 46 28 92 22 4 68 42 67 55 44 25 58 78 62 43 17 16 17 50 57 68 25 30 73 58 1 37 28 81 51 53 4 8 80 21 30 15 19 43 36 20 76 65 38 13 11 46 22 36 58 8 16 82 57 5 9 39 31 16 8 21 74 27 7 3 86 12 58 35 31 70 13 5 23 20 44 4 4
99 71 97 23 69 52 48 80 71 96 41 97 82 94 70 67 80 100 32 21 52 82 63 54 97 95 43 92 80 68 99 62 62 59 88 84 55 19 22 43 60 76 79 81 64 93 59 2 82 52 82 66 78 100 98 86 25 71 31 65 85 100 41 100 86 42 77 34 88 51 37 92 15 72 90 89 30 85 44 43 49 19 67 78 85 38 62 87 78 76 48 48 79 94 62 56 75 49 99 29

63 534 153 109 109 447 12 147 167 72 190 98 22 64 67 125 37 176 95 66 136 59 194 94 204 88 93 159 429 287 40 119 72 215 101 86 159 408 488 41 281 274 82 114 177 48 83 196 111 231 208 21 787 127 298 69 465 415 150 265 120 251 391 337 147 209 52 45 71 140 58 132 39 120 108 110 92 16 98 143 125 243 341 278 52 648 297 571 545 125 59 41 66 1 237 65 599 94 178 418
89 926 664 110 283 600 50 207 211 388 230 412 112 117 146 126 213 315 222 117 162 150 216 109 219 185 183 173 1194 524 98 273 74 218 331 141 267 496 529 195 339 344 144 115 240 211 114 219 142 276 533 161 1036 523 443 146 473 486 153 266 123 335 450 724 405 252 109 97 72 250 61 218 52 236 348 174 140 45 134 635 126 404 485 297 83 677 494 1340 635 217 64 118 252 35 400 108 691 326 212 581
110 1086 1016 144 317 636 170 207 215 452 234 494 165 165 263 144 275 402 284 135 175 287 231 219 226 638 202 233 1420 533 291 293 181 678 397 167 300 589 1010 269 422 496 222 620 300 343 116 290 202 353 649 184 1376 946 560 164 607 536 198 372 259 405 554 741 457 444 147 104 98 295 83 733 86 584 411 492 166 73 177 650 131 407 560 303 143 808 570 1393 723 224 123 131 290 133 550 138 815 410 297 680
124 1189 1261 249 345 712 299 301 373 473 255 700 207 196 346 343 551 440 525 141 220 334 233 316 228 903 220 623 1660 554 392 441 230 816 428 177 334 722 1262 453 559 526 275 666 545 513 853 310 242 378 753 283 1552 1276 563 253 680 672 205 630 537 428 1092 910 590 652 160 136 126 410 147 881 111 589 678 518 180 132 205 819 224 545 1030 311 224 1102 657 1430 946 398 271 157 379 470 565 402 825 430 305 1074
396 1599 1336 265 549 754 345 361 464 527 289 935 223 239 351 561 623 487 556 243 236 402 321 333 243 1013 227 869 1668 868 524 676 267 908 595 199 393 783 1278 491 1356 603 282 699 676 686 1110 554 250 402 764 332 1619 1606 719 257 695 846 298 687 651 536 1098 1016 677 746 187 220 191 513 310 1061 232 1274 822 610 293 140 277 907 379 579 1148 511 251 1319 913 1696 1102 534 737 166 409 477 684 764 945 469 327 1164
412 1809 1656 336 683 774 361 439 482 776 356 1357 248 249 353 626 1600 502 563 432 279 596 325 370 366 1194 334 1257 1737 940 590 828 271 1074 835 358 614 873 1384 1002 1657 899 290 732 864 813 1709 864 252 547 914 420 1640 1734 810 347 762 879 488 785 659 669 1148 1400 805 1118 300 258 194 629 412 1567 331 1451 909 656 367 253 313 925 395 849 1239 535 443 1364 1088 1779 1458 618 1338 223 427 481 918 1083 973 488 403 1357
421 1832 1676 380 684 779 374 567 492 901 536 1616 346 394 364 733 1847 650 841 460 483 837 342 420 405 1257 359 1284 1773 942 762 879 321 1454 841 405 715 1679 1482 1759 1730 1026 371 898 942 818 1713 1011 366 572 924 443 1814 1742 1070 463 818 931 490 792 948 732 1731 1789 910 1301 344 264 285 678 431 1728 367 1723 976 818 376 294 373 981 517 911 1415 570 475 1382 1301 1839 1719 725 1439 293 469 706 1128 1329 976 558 460 1480
471 1900 1862 443 698 995 465 569 510 1011 544 1996 383 1459 372 736 1874 872 930 461 536 893 378 428 421 1571 367 1594 1795 1056 847 938 377 1951 844 465 891 1834 1631 1863 1937 1036 373 1030 978 846 1970 1445 378 638 1597 446 1965 2019 1219 475 870 950 527 849 950 1005 1811 1847 1049 1920 448 432 360 845 433 1806 407 1931 988 928 507 443 395 1019 628 955 1919 706 509 1708 1624 1921 1836 916 1799 384 597 758 1227 1432 1040 561 466 1769
559 2004 1971 459 1046 1044 472 583 550 1048 797 2033 509 1460 461 795 1937 994 985 499 567 1013 444 497 580 1630 416 1774 1991 1071 989 961 469 2002 901 479 908 1955 1717 1877 1952 1058 398 1059 995 1013 1995 1745 444 846 1946 474 1978 2036 1819 518 922 1017 564 872 1001 1048 1860 1923 1072 1931 453 456 496 851 532 1842 415 2032 996 992 532 470 409 1047 929 989 2006 908 523 2006 1666 1985 2036 1047 1985 505 966 1001 1287 1798 1051 587 468 1803

50 312 152 43 81 427 7 97 118 34 53 45 17 22 65 66 35 174 57 60 133 43 64 77 51 86 66 112 319 138 33 104 15 93 99 34 130 136 245 24 249 40 17 94 143 33 82 149 47 218 180 16 400 88 126 62 246 389 95 126 67 189 349 213 109 123 24 33 30 125 29 87 14 109 97 85 84 10 93 130 121 163 227 169 20 551 66 464 301 105 28 40 40 1 227 21 251 69 65 134
14 238 121 21 47 19 3 6 23 12 45 22 14 1 49 32 12 10 18 42 97 31 43 44 22 72 39 31 118 53 13 77 13 72 44 3 47 74 123 20 23 24 8 33 27 2 56 34 46 214 125 8 289 71 25 1 79 320 84 19 54 9 193 199 10 19 16 24 11 89 1 52 5 3 19 17 8 4 50 23 107 22 3 24 11 99 62 353 6 65 23 33 22 1 203 20 182 24 2 57
