100 9 2
39 69 96 47 36 65 39 44 30 11 22 70 10 100 51 43 40 56 72 59 32 19 79 4 13 69 33 34 34 63 50 39 23 47 49 81 99 47 68 68 67 71 42 17 93 87 1 67 7 40 15 14 85 28 27 36 85 54 51 77 5 46 42 49 42 67 71 4 95 83 84 65 75 54 74 54 35 10 32 21 69 62 32 81 55 87 40 22 33 57 83 34 5 61 70 1 21 42 52 18

3 8 2 9 11 34 12 29 32 5 7 6 2 1 10 8 36 9 1 4 31 16 6 5 6 35 6 9 5 26 1 6 6 11 5 4 25 20 7 5 22 18 34 15 3 1 47 8 3 14 4 14 25 2 2 2 13 2 19 21 4 1 2 3 3 21 26 7 15 5 2 6 6 5 10 16 19 23 12 14 18 3 16 15 37 11 2 9 9 6 1 3 19 7 1 12 5 15 2 9
5 10 8 12 27 39 21 41 38 10 41 7 28 2 21 9 55 9 5 7 33 22 15 8 16 38 7 15 7 32 7 7 36 28 9 22 31 33 18 10 47 33 37 19 18 9 50 32 3 22 20 28 48 14 7 14 42 21 27 22 16 4 16 16 6 29 35 9 20 25 4 18 9 14 15 35 34 49 27 28 20 6 17 23 40 15 4 9 10 8 22 10 28 13 11 28 10 34 29 27
10 15 12 35 27 43 22 43 40 22 44 16 42 21 24 24 71 13 6 49 35 47 19 16 29 40 43 31 14 40 23 13 42 29 13 29 37 46 26 27 65 37 48 23 22 16 52 39 10 48 28 31 49 14 11 17 56 40 45 25 24 23 26 18 19 54 39 10 28 43 27 24 17 16 19 39 42 56 52 28 24 7 28 27 62 26 4 33 17 12 25 18 36 14 14 39 50 36 32 31
21 32 35 51 37 55 23 46 48 30 49 30 42 45 54 38 81 18 28 59 37 59 21 54 43 51 46 50 19 49 29 14 42 42 29 32 53 53 56 28 75 50 51 28 28 22 60 64 23 52 36 37 52 26 18 41 64 43 51 38 24 33 32 49 22 58 40 37 29 52 48 48 33 28 29 53 43 72 52 38 58 41 29 29 74 33 7 52 25 14 37 23 42 18 21 40 53 38 38 32
23 48 69 53 45 70 32 58 54 34 52 54 43 51 55 68 82 40 56 62 59 61 45 58 45 55 52 52 45 61 34 32 55 54 60 57 85 63 65 35 84 60 60 54 30 34 60 74 36 69 37 43 53 40 29 42 73 76 53 39 36 42 38 57 43 65 67 44 34 58 51 63 49 34 41 69 53 72 53 56 72 44 43 44 84 48 21 61 35 15 37 51 43 34 27 40 54 49 41 47
33 54 83 56 56 71 53 64 61 35 52 56 48 75 63 85 84 55 59 67 63 68 47 61 52 70 70 60 83 66 52 36 64 70 70 60 87 80 70 45 87 71 61 65 46 35 68 86 50 77 41 59 73 55 51 58 74 78 54 67 36 60 55 70 72 65 71 57 38 66 61 75 50 35 44 77 57 79 64 59 74 69 54 73 85 49 33 66 46 41 51 71 65 42 45 57 57 50 61 56
35 55 86 63 67 74 58 67 62 81 85 65 50 77 66 97 85 89 63 82 73 81 55 72 61 72 83 67 93 78 54 41 86 79 91 64 88 88 82 63 89 81 76 85 62 55 72 90 59 93 62 61 86 91 55 62 76 79 55 78 48 61 71 92 72 66 72 79 77 71 67 76 58 49 56 78 71 81 75 65 84 72 59 75 90 74 34 79 57 65 58 86 72 47 46 76 88 51 85 60
64 90 96 67 70 76 64 78 89 84 92 68 92 90 79 99 85 97 81 87 85 83 75 85 66 84 91 80 94 78 61 65 88 81 95 65 90 93 82 71 91 82 81 86 69 66 80 91 61 94 78 76 93 94 89 80 92 82 58 85 53 72 90 92 88 73 75 88 90 87 85 77 83 84 85 98 87 88 87 69 86 84 66 93 96 90 41 84 67 74 70 88 83 81 49 83 98 97 86 69
78 100 100 92 92 78 97 93 98 92 94 70 98 95 100 100 99 100 95 91 99 87 84 92 87 88 95 90 99 94 82 75 93 98 100 69 92 98 84 75 98 92 100 87 95 85 88 99 96 95 97 100 94 97 95 97 95 88 88 95 84 76 99 99 98 80 86 93 94 100 85 89 85 97 87 98 93 97 93 88 100 96 67 99 97 96 64 99 85 89 75 93 99 99 70 84 99 99 92 88

45 16 19 60 3 45 43 47 14 47 10 63 37 60 45 23 35 27 3 48 3 43 49 92 64 29 24 2 76 64 25 35 44 22 96 9 19 44 48 77 26 4 60 2 88 57 15 95 73 64 30 17 38 23 81 44 5 52 40 7 4 70 78 4 25 19 10 19 21 19 42 17 1 13 47 55 24 47 72 66 11 14 34 18 58 14 17 73 42 85 21 22 17 17 36 9 3 41 15 4
70 30 63 68 69 56 52 89 91 53 61 94 42 70 97 28 100 56 46 94 57 81 60 97 97 78 50 12 87 89 27 45 95 87 98 74 41 54 99 88 49 27 74 11 90 68 39 97 97 97 47 34 77 95 85 75 90 83 43 13 68 82 99 68 34 86 37 89 32 52 97 69 95 49 92 69 38 56 92 95 63 14 89 40 82 20 30 98 52 92 72 32 50 41 69 32 48 89 68 65

73 143 152 69 72 93 58 44 651 150 29 70 269 143 63 53 262 68 222 59 42 57 194 11 819 82 56 43 165 141 176 86 100 105 135 257 146 113 89 171 155 145 195 65 102 95 114 202 59 54 160 17 128 163 146 267 94 95 246 132 255 46 54 239 126 110 100 190 108 148 249 134 210 98 118 59 181 344 221 23 114 129 233 217 66 150 125 67 82 96 192 147 229 72 113 7 161 134 81 117
116 165 210 77 157 180 248 234 949 150 35 166 308 292 230 62 282 500 245 86 83 754 236 28 840 108 238 139 266 158 369 177 141 325 215 633 194 140 188 440 156 196 316 669 341 119 136 376 241 111 294 48 164 609 175 336 127 115 293 297 504 104 188 241 173 419 188 192 176 310 266 192 284 112 143 123 232 836 337 25 153 312 356 279 165 343 224 84 142 450 525 261 308 127 238 38 280 221 166 175
172 211 222 86 191 222 644 351 1090 177 54 225 546 382 363 69 317 520 332 131 151 814 307 127 1010 210 727 148 350 159 410 232 227 373 261 734 251 686 248 478 229 210 344 796 673 338 433 611 250 132 478 117 194 891 204 359 226 443 384 310 815 106 193 245 305 614 188 212 180 666 367 214 346 129 169 136 235 947 424 70 163 312 448 365 232 385 686 99 666 498 843 296 480 189 288 95 360 251 175 219
263 1234 259 171 279 387 975 396 1350 194 64 243 1403 433 492 168 391 1121 421 135 225 1041 525 158 1043 218 1173 187 395 200 712 482 251 395 282 1053 284 809 311 479 301 283 845 868 723 456 714 690 267 137 546 136 265 902 352 371 350 519 664 448 880 158 353 254 369 700 286 238 321 689 454 215 923 251 193 173 272 1075 472 178 331 383 566 603 278 528 804 189 855 603 922 326 497 332 296 100 524 262 265 256
279 1569 264 315 405 449 1115 470 1356 204 111 262 1426 551 632 304 414 1260 746 165 250 1216 732 333 1203 243 1254 329 397 289 753 860 261 560 589 1285 367 1310 328 653 361 302 931 1061 751 475 755 705 357 144 704 183 266 908 646 391 751 927 1105 474 1163 169 389 288 588 758 309 265 331 832 589 238 939 269 219 349 317 1175 478 201 345 394 655 605 318 541 810 225 1007 695 1209 350 566 388 322 130 584 334 290 378
370 1714 529 318 444 490 1362 483 1522 383 151 314 1450 661 700 354 448 1739 872 278 283 1224 771 377 1267 441 1378 344 444 324 1267 945 287 742 628 1485 486 1459 351 715 391 331 1093 1119 826 630 785 717 407 159 959 395 328 1013 748 581 774 1638 1821 482 1208 288 399 350 907 864 364 295 334 840 647 251 1137 359 367 537 458 1205 550 274 427 459 675 800 327 679 834 230 1042 776 1316 483 623 645 330 135 730 381 494 384
373 1784 618 373 453 510 1665 555 1584 384 196 461 1487 687 917 369 450 1758 879 362 333 1683 865 420 1618 447 1561 382 460 444 1583 1492 329 759 665 1975 681 1886 604 744 395 370 1292 1131 877 679 1416 834 465 306 1392 401 428 1126 809 664 796 1795 1875 501 1259 299 521 402 974 927 380 430 436 845 658 334 1638 398 388 559 793 1510 687 345 455 502 741 927 350 848 1799 282 1148 874 1621 710 803 783 385 228 1069 389 643 405
428 1915 641 439 481 535 1690 824 1803 458 215 469 1548 745 947 396 479 1781 951 475 511 1933 872 426 1657 463 1651 500 492 454 1935 1754 449 760 788 1978 939 1937 747 815 543 417 1636 1351 991 798 1538 986 475 328 1408 474 504 1972 906 833 953 1874 1895 532 1295 302 555 821 1042 959 469 437 494 1337 786 338 1870 472 416 662 802 1790 716 494 509 633 786 965 371 854 1973 457 1656 1005 1668 785 1365 786 497 370 1760 504 761 429
458 1948 790 442 492 564 1879 1043 1927 498 362 539 1952 833 1041 529 522 2029 965 483 522 1965 1019 486 1684 562 1960 514 523 525 2006 1789 512 837 957 2002 1033 1995 1044 1035 565 535 1954 1982 1066 886 1714 1026 496 492 1422 489 565 2017 987 1033 964 1932 1925 547 1971 517 823 968 1138 1002 487 445 499 1744 1051 432 1951 499 475 797 844 2009 866 506 529 690 961 994 535 1074 2017 506 1997 1010 1968 882 1923 968 562 472 1879 505 870 465

47 119 55 20 63 86 17 16 349 40 18 63 187 142 38 33 205 31 123 10 13 56 156 6 634 30 38 31 158 85 29 74 91 94 68 231 59 80 69 137 150 103 90 38 63 72 46 169 28 50 91 10 101 115 79 198 38 55 68 67 131 16 36 106 38 94 49 188 65 140 112 125 176 34 107 54 168 324 108 15 95 105 140 113 51 130 79 40 79 94 185 127 209 65 109 5 126 95 31 111
9 117 48 19 4 52 11 13 198 3 12 58 97 24 5 8 45 29 56 1 7 32 11 5 313 14 35 11 100 17 19 5 86 83 57 139 5 61 17 99 1 9 82 30 28 3 39 136 2 33 74 7 98 109 52 121 7 1 65 20 24 12 10 48 29 57 36 112 33 36 71 44 138 28 1 48 149 66 56 10 32 33 16 12 4 112 1 32 72 50 123 32 111 45 5 1 27 12 18 27
