100 9 2
74 73 14 39 20 69 50 58 57 54 74 60 19 3 31 68 1 79 18 72 41 35 47 21 11 72 8 61 79 98 29 62 76 67 73 43 4 64 27 37 90 56 80 92 71 92 83 21 96 14 79 77 86 10 11 39 59 58 77 17 27 21 19 100 67 44 94 2 34 25 21 24 75 11 64 15 57 11 13 78 52 2 63 48 95 35 95 25 16 27 23 52 70 88 6 29 37 26 6 29

8 1 6 5 5 10 2 5 9 25 6 17 9 1 10 7 4 19 11 2 4 25 12 2 1 1 8 11 8 2 1 15 9 7 1 12 25 3 14 6 18 6 38 11 18 9 16 6 41 15 7 9 7 25 17 6 16 33 6 12 1 31 10 21 3 8 16 8 17 34 3 6 6 10 7 10 9 17 21 19 1 3 2 10 1 2 6 7 21 4 1 4 4 8 14 16 2 19 22 3
43 13 32 8 28 17 7 11 11 28 34 42 12 4 65 27 30 46 26 3 30 29 19 18 14 8 20 19 10 4 3 19 16 11 25 14 38 6 14 14 23 24 53 12 41 10 40 18 58 18 35 15 13 39 20 29 18 47 8 16 50 37 14 41 9 13 26 13 23 37 14 26 23 18 9 12 20 25 48 32 9 36 29 15 5 6 21 10 58 31 25 4 15 19 28 20 3 25 30 18
43 20 37 51 37 22 9 15 29 29 59 52 24 20 66 27 47 63 27 4 54 34 21 18 40 32 37 36 15 12 36 48 19 21 26 15 49 20 28 26 34 33 62 29 49 12 61 22 67 19 66 21 20 44 23 34 30 51 34 32 58 38 26 56 29 23 32 18 28 49 18 32 42 46 9 52 45 33 57 38 16 49 30 21 9 32 25 18 59 31 28 26 25 27 50 22 19 27 37 36
61 47 46 67 42 41 14 17 47 61 73 55 31 23 68 31 58 65 27 28 60 37 51 46 48 37 64 42 24 50 45 50 48 21 38 44 63 22 53 35 42 51 64 31 56 34 64 28 72 27 67 36 21 50 37 36 34 52 35 34 67 42 30 57 42 24 42 19 30 55 52 37 43 47 29 68 47 35 58 52 28 51 31 24 10 33 35 48 60 37 43 42 36 34 52 29 33 48 62 38
62 56 79 70 45 45 19 17 56 77 78 66 44 31 70 39 64 77 29 29 65 37 54 54 49 50 68 54 26 51 51 51 48 27 41 53 76 27 66 38 54 57 64 43 58 53 66 35 78 46 70 47 26 57 50 42 36 60 65 53 68 48 42 73 53 35 44 35 34 60 53 54 49 65 32 79 51 35 60 55 44 58 42 34 22 52 89 49 67 38 59 58 45 38 70 40 49 53 68 43
69 58 81 79 56 51 32 78 61 85 80 76 76 40 80 52 70 79 41 31 71 38 59 54 53 58 84 56 53 71 64 59 48 27 49 57 82 65 67 61 73 60 74 54 78 53 69 53 82 51 76 65 35 70 51 66 40 61 65 72 70 49 67 87 66 50 48 43 57 66 60 60 55 79 40 81 56 38 66 70 76 60 44 35 59 60 93 53 69 59 83 62 60 43 70 92 62 57 71 64
84 62 82 87 88 66 56 81 76 91 83 83 78 45 89 53 81 84 46 43 79 51 62 60 56 61 87 88 59 87 79 62 61 38 61 61 90 67 71 68 73 68 76 65 88 93 87 56 90 63 79 67 61 81 51 72 48 75 73 82 82 49 68 91 72 59 48 47 57 77 63 74 60 83 47 92 63 65 86 70 78 82 48 45 61 64 96 62 75 73 89 62 62 45 75 92 63 70 90 72
91 63 84 92 97 81 71 89 84 93 84 89 84 52 94 78 91 88 62 64 89 78 90 63 61 65 87 96 90 97 88 74 76 79 82 61 96 73 77 79 76 89 80 66 89 95 93 60 95 72 94 74 62 81 87 83 73 75 90 93 84 56 82 99 89 62 91 49 76 89 82 76 72 84 67 94 73 66 88 78 81 89 65 77 70 90 96 77 81 80 91 81 77 61 80 95 78 83 91 80
97 94 85 93 97 100 98 95 90 95 96 96 100 59 98 96 93 89 65 64 94 99 99 99 81 76 92 98 98 98 96 90 95 97 99 77 99 99 94 100 79 90 99 68 93 95 97 93 98 79 96 98 70 89 100 92 82 84 94 96 100 95 92 99 96 81 95 93 95 95 89 90 79 96 70 95 85 78 94 85 100 98 97 92 90 93 100 82 100 81 94 94 96 97 94 98 83 87 96 80

21 23 80 43 73 62 91 8 68 42 33 7 36 39 34 34 10 37 14 92 4 80 54 4 6 46 59 17 70 21 52 23 1 62 39 4 43 71 20 56 18 35 7 37 5 7 3 49 54 11 68 9 39 30 12 15 45 15 17 3 10 80 67 16 39 5 68 29 12 85 72 14 73 8 42 46 36 53 92 51 84 29 24 20 51 11 8 90 85 70 65 5 14 36 25 33 85 14 93 32
90 46 99 60 81 99 93 26 100 90 44 28 46 90 97 61 77 82 38 98 44 80 79 94 84 56 90 35 75 89 62 99 12 90 64 60 93 91 67 62 99 93 42 82 13 13 68 95 89 43 90 47 95 63 77 82 75 24 89 18 95 85 83 46 65 34 69 85 90 98 75 78 78 91 63 66 76 87 94 70 95 40 25 43 88 30 97 100 99 89 100 13 31 44 70 90 99 27 93 67

278 325 31 168 78 137 225 83 83 81 77 73 20 179 90 537 186 233 142 139 85 245 105 99 24 98 71 84 141 458 152 524 179 287 207 172 369 401 119 83 310 58 362 138 353 112 159 39 122 447 109 273 143 141 44 165 116 192 219 40 226 51 55 153 219 46 101 254 183 78 510 43 221 118 159 30 109 668 150 240 55 15 65 205 197 151 150 37 137 108 90 86 109 155 61 122 55 34 9 433
298 580 34 234 171 207 412 254 85 107 79 162 76 249 127 812 358 251 154 162 318 494 487 147 39 171 99 87 466 555 435 542 347 413 423 343 558 434 153 191 370 101 453 283 543 236 179 70 343 658 312 363 477 309 112 332 260 271 299 150 374 230 68 539 363 68 110 274 412 96 523 161 387 345 454 300 278 970 455 392 127 155 76 236 358 424 319 142 451 183 186 90 460 539 145 305 95 88 89 603
375 599 39 259 393 238 504 413 254 196 85 371 100 273 245 814 358 374 363 255 432 606 602 207 78 172 121 100 559 615 727 557 400 740 444 351 593 499 457 333 438 170 582 728 819 290 246 94 607 749 318 592 532 333 147 348 290 338 386 171 477 449 168 799 772 89 309 297 470 139 703 369 687 357 595 718 335 1086 526 619 162 595 106 286 364 579 383 199 768 768 252 382 894 728 159 312 1127 224 185 746
406 903 215 431 447 441 659 526 256 210 125 637 174 283 268 865 413 381 651 300 565 1065 656 382 144 206 128 179 602 727 738 791 523 777 581 477 661 578 473 490 439 195 677 897 845 312 273 142 760 967 370 1058 589 538 149 356 298 731 486 207 480 462 249 806 1499 117 341 373 502 221 919 493 763 795 678 1075 348 1108 993 783 257 1100 145 313 420 995 421 200 790 942 529 467 1072 791 189 484 1213 506 215 914
589 1186 300 746 502 626 694 646 554 236 254 783 178 293 334 1052 449 834 1216 314 707 1133 759 515 183 247 239 191 640 787 738 908 541 794 761 493 776 603 508 567 660 278 979 1289 906 538 306 288 834 986 435 1119 656 550 266 863 366 954 549 219 514 620 320 855 1504 142 343 435 541 244 952 702 1773 807 720 1252 492 1164 1005 1334 277 1139 145 332 458 1140 464 287 1106 1111 640 474 1096 971 248 562 1564 686 252 916
754 1436 369 875 581 654 756 986 575 420 372 1075 238 506 336 1562 450 880 1240 328 727 1456 862 520 279 327 264 219 1217 1081 895 947 658 831 1264 529 990 667 529 1030 737 305 1013 1582 1050 636 1036 481 879 1344 465 1400 843 600 281 864 475 1133 625 318 670 1034 363 1080 1579 210 414 456 626 246 1000 801 1861 811 951 1254 550 1278 1246 1335 401 1362 150 364 485 1175 633 419 1114 1142 667 553 1205 1089 522 691 1583 871 290 1050
859 1708 418 938 759 663 876 1048 843 503 658 1460 288 634 415 1616 461 936 1348 368 736 1688 896 642 305 478 378 406 1587 1276 899 956 779 838 1348 798 1014 847 649 1085 834 369 1660 1752 1135 738 1091 728 1066 1509 543 1781 844 616 284 958 666 1168 686 418 679 1065 375 1183 1878 435 435 658 718 282 1845 854 1875 879 1500 1537 558 1841 1485 1460 462 1363 243 460 523 1299 819 569 1205 1284 738 666 1330 1334 684 723 1793 906 342 1473
905 1893 464 968 764 718 897 1234 975 508 752 1501 327 877 417 1722 466 959 1569 403 823 1767 987 728 446 508 680 451 1601 1526 965 957 894 965 1692 864 1049 855 683 1399 904 391 1910 1909 1187 739 1667 855 1165 1630 567 1832 901 617 325 986 775 1668 786 436 902 1086 396 1476 1916 515 461 894 832 393 1907 898 1899 1304 1728 1958 717 1889 1531 1555 497 1477 274 473 525 1873 975 765 1283 1424 840 887 1842 1385 743 743 1858 914 383 1782
978 2000 471 1011 815 817 997 1666 1044 526 818 1808 505 953 518 2056 491 959 1737 548 945 2022 1000 759 470 570 778 492 1971 1669 994 1007 914 1031 1756 971 1985 877 694 1523 961 528 1988 2036 1319 854 1858 899 1212 1711 570 2044 922 898 449 1008 880 1927 1067 489 925 1914 487 1899 1963 539 473 990 1005 415 1971 932 2075 1721 2019 2003 893 1890 1688 1693 531 1631 556 512 582 1931 1082 806 1985 1685 975 924 1895 1526 946 794 2014 947 435 2022

218 315 21 80 62 95 171 74 73 16 54 19 16 111 87 60 169 178 105 119 82 93 72 32 19 74 34 66 122 283 93 288 138 231 192 101 271 221 59 77 260 38 267 101 343 82 129 29 73 424 76 199 135 109 11 16 81 188 71 31 124 39 40 100 211 27 5 168 156 19 432 23 145 40 142 24 53 170 130 226 13 7 60 104 169 103 146 31 130 29 77 57 48 72 47 114 49 26 8 63
56 77 7 53 40 62 25 59 65 7 7 17 6 89 52 48 120 112 19 89 13 80 34 12 4 20 6 19 4 111 45 264 26 54 125 26 123 216 19 60 64 20 202 91 253 35 42 10 9 394 32 180 97 56 1 2 30 119 68 21 96 26 29 5 194 5 3 50 35 4 393 7 68 36 99 14 27 77 82 12 6 1 31 14 63 30 16 24 61 2 76 3 46 58 42 106 28 14 7 60
