100 9 2
94 14 75 63 76 97 51 57 45 99 46 92 10 2 81 5 56 18 62 9 33 8 97 89 98 44 85 75 38 2 14 82 98 50 94 58 7 86 98 78 10 60 84 1 66 49 42 43 56 62 76 61 38 24 76 72 41 23 95 82 56 82 18 1 59 83 32 67 21 8 55 63 19 91 93 73 46 97 73 26 2 38 88 97 98 3 20 91 88 56 33 43 91 8 60 67 92 8 74 18

24 4 11 4 3 2 1 13 11 7 12 1 6 3 7 12 19 9 37 31 2 15 8 24 1 17 2 2 2 12 3 15 2 10 28 3 33 23 2 7 10 6 21 17 7 18 7 30 28 1 2 4 8 7 45 1 13 4 13 10 6 3 9 1 7 1 7 3 3 38 2 12 10 14 13 6 1 27 5 26 26 5 13 6 18 4 3 16 14 4 38 14 2 2 10 3 3 2 24 12
26 28 15 16 3 8 7 17 37 19 12 8 20 15 17 33 35 26 41 42 15 24 24 37 6 26 2 24 6 18 4 22 10 34 29 21 39 27 16 18 10 17 32 33 17 19 12 32 50 12 14 29 40 11 50 4 22 15 14 14 11 8 21 20 14 13 42 7 4 47 7 16 11 36 33 10 6 27 10 27 27 19 16 17 26 8 4 22 31 7 56 15 5 30 15 6 10 5 25 21
32 31 32 21 8 18 25 17 43 48 15 12 21 26 22 38 36 39 45 59 15 28 27 38 8 33 27 38 20 23 14 30 14 37 30 25 56 30 16 33 18 17 49 34 28 26 19 43 54 21 20 38 44 21 61 24 22 22 23 27 51 42 24 30 34 14 42 11 5 48 26 33 14 36 41 26 12 28 14 51 41 27 25 30 34 19 24 23 34 16 60 26 6 31 21 8 27 32 50 42
36 38 40 38 14 22 40 25 45 75 21 12 22 41 31 40 46 43 51 60 27 37 50 47 9 56 56 47 54 27 21 38 15 57 36 30 81 42 24 40 18 23 52 39 42 27 22 50 57 23 44 46 47 37 84 39 34 28 24 35 56 62 33 31 36 43 57 19 40 60 29 48 30 72 50 36 17 29 29 52 62 69 25 34 48 24 30 36 40 25 70 41 46 32 24 33 28 48 58 56
37 42 45 51 37 35 75 30 48 76 27 34 40 52 61 48 46 51 57 62 32 47 68 55 14 65 69 53 59 30 48 64 46 65 46 42 92 49 30 50 20 32 76 42 50 28 29 55 67 37 46 50 56 55 86 60 56 50 33 37 60 63 34 49 52 44 60 38 48 63 71 65 33 75 56 47 25 63 33 61 80 85 47 40 60 24 42 37 41 31 72 42 63 40 44 46 45 55 62 58
45 44 51 60 52 62 88 55 55 82 35 58 42 57 67 48 58 59 65 72 52 51 75 74 14 79 87 65 59 44 77 88 50 68 79 53 98 57 39 58 30 34 83 66 58 41 70 81 69 43 57 74 58 65 87 70 59 59 36 45 63 65 40 65 64 52 71 40 50 66 74 70 48 90 68 62 27 65 43 70 84 91 64 45 72 29 43 43 74 35 76 54 65 52 47 63 60 63 76 86
48 53 57 81 60 63 93 68 55 89 57 62 52 58 76 78 58 66 81 73 57 73 77 75 44 83 90 70 63 47 86 92 61 82 91 86 98 70 49 63 42 40 96 83 59 57 78 87 76 86 89 85 68 67 97 80 61 62 54 49 64 68 49 69 80 53 94 59 60 74 78 76 56 94 70 67 54 72 48 73 84 91 75 54 73 40 58 63 88 43 82 64 67 66 62 72 74 65 80 95
68 67 68 97 62 73 94 70 60 93 60 78 82 86 85 84 69 93 83 96 80 75 79 86 62 88 93 87 67 78 93 96 80 86 92 97 99 95 93 70 69 62 96 87 79 82 79 95 85 94 91 96 88 67 99 84 69 70 55 73 88 83 62 91 99 70 98 67 78 81 93 89 57 95 85 70 71 85 66 84 86 93 78 92 85 67 92 64 90 73 98 77 71 91 98 97 81 66 92 96
95 80 78 97 69 97 100 90 70 100 65 82 87 96 88 92 93 95 90 99 86 100 87 97 94 93 95 99 90 98 100 97 95 100 96 98 100 99 98 95 95 74 96 94 88 96 95 98 97 100 93 99 90 91 100 91 86 89 88 98 92 87 65 100 100 74 98 80 85 87 99 93 65 96 97 85 72 90 84 86 88 99 88 95 97 87 98 79 100 80 99 96 84 94 99 98 84 72 93 98

42 19 38 36 30 30 31 12 24 3 47 42 68 35 25 18 23 54 93 72 58 49 35 37 64 10 43 27 20 81 26 57 6 57 86 34 50 12 29 20 13 61 87 41 15 2 34 55 35 24 21 36 6 3 95 31 6 26 91 88 56 73 16 25 77 26 1 16 19 53 40 42 20 42 63 40 1 42 18 66 15 80 34 49 22 26 46 48 59 2 25 52 14 44 38 57 6 48 48 17
100 65 63 89 96 68 70 75 80 39 54 42 87 72 65 96 69 63 94 88 94 65 57 78 94 57 79 98 20 83 53 58 65 75 92 91 56 61 68 47 79 94 88 48 80 9 67 80 79 59 34 50 15 83 99 56 66 30 93 99 82 80 38 88 78 41 82 72 92 99 47 80 31 59 91 77 21 64 100 78 60 96 62 53 89 68 55 57 66 47 94 85 95 89 45 97 23 91 71 86

230 232 271 125 129 167 52 188 51 146 165 183 373 9 101 18 334 214 270 29 62 28 207 116 304 53 162 156 154 13 69 110 198 50 272 172 16 173 204 320 222 96 145 17 197 170 411 96 347 235 140 308 42 94 421 129 187 188 275 311 260 239 722 39 197 98 106 333 213 201 68 231 115 493 231 313 176 350 79 41 31 389 193 219 317 4 29 323 241 199 83 222 228 17 111 625 122 221 92 448
232 272 290 357 177 200 63 214 204 184 368 276 597 61 106 70 405 400 395 162 70 137 321 137 677 55 171 447 251 108 107 163 267 176 356 256 194 216 240 357 532 111 254 225 219 384 576 237 357 308 166 322 109 162 460 130 411 252 418 382 474 245 765 81 346 141 192 373 907 499 507 252 123 570 281 964 201 484 301 170 124 446 203 604 452 24 177 405 277 200 87 263 287 49 113 753 127 401 171 605
256 272 748 574 185 204 461 260 248 207 368 372 606 89 126 106 547 468 951 338 110 194 386 156 747 95 190 870 330 182 145 218 302 425 509 257 197 240 317 567 912 143 353 246 309 401 994 245 836 325 210 403 133 171 461 141 522 256 507 736 525 283 1156 109 350 153 282 575 1225 693 594 268 150 604 316 990 351 575 341 230 174 460 240 946 549 130 323 414 618 465 228 295 523 73 128 868 167 642 257 933
453 529 998 1281 199 256 962 352 282 225 880 808 646 124 201 303 669 471 1068 634 122 243 388 258 882 272 211 884 413 293 154 281 341 426 754 325 250 241 375 726 1022 185 383 676 353 419 1072 322 1288 379 266 470 137 215 487 215 594 1484 525 899 547 356 1175 110 401 176 293 866 1293 1118 637 365 159 769 347 1004 426 612 382 399 232 573 284 1001 570 140 342 452 929 557 394 339 876 148 218 950 319 741 277 1207
512 579 1121 1337 214 351 1097 367 311 327 1048 841 651 161 316 403 681 478 1144 1133 168 330 439 275 956 273 213 1074 925 501 278 466 345 567 990 363 259 293 959 854 1252 233 413 893 458 446 1275 332 1383 494 306 502 157 337 499 367 998 1586 569 1098 578 358 1355 119 773 182 331 1286 1358 1195 778 382 193 1159 416 1161 470 643 419 511 413 627 369 1405 713 142 383 467 1087 591 436 346 1126 221 263 1002 481 878 282 1263
531 861 1335 1360 261 438 1210 583 387 355 1192 1187 719 259 377 425 721 507 1606 1476 266 379 521 371 1286 315 395 1093 1276 588 291 646 384 597 1195 413 268 310 1328 1197 1625 251 420 1173 516 636 1340 433 1435 800 322 609 186 425 662 390 1047 1652 792 1570 580 393 1470 129 1239 384 384 1314 1380 1230 887 563 277 1318 551 1172 592 1512 509 1335 455 729 370 1464 850 172 424 475 1390 651 485 374 1168 259 296 1009 498 899 312 1544
567 1205 1882 1651 609 522 1453 797 407 384 1286 1196 1275 282 392 443 913 720 1633 1521 368 438 531 404 1396 370 462 1171 1550 775 652 678 459 707 1866 440 345 351 1346 1406 1676 365 776 1250 769 706 1612 438 1850 862 423 878 436 435 679 472 1800 1654 861 1766 587 458 1609 149 1663 395 407 1578 1414 1368 904 626 289 1364 713 1492 888 1636 540 1355 642 795 527 1477 897 341 438 539 1549 1013 567 414 1478 341 310 1171 546 1339 352 1835
577 1269 1934 1709 727 536 1831 1053 458 566 1335 1385 1430 291 440 482 1154 886 1667 1643 375 473 548 456 1645 477 537 1206 1636 843 702 817 465 818 1875 486 456 378 1599 1808 1689 366 932 1390 770 939 1762 450 2005 960 479 950 479 462 907 481 1848 1734 963 1870 918 534 1618 259 1736 423 411 1659 1479 1475 923 674 504 1672 980 1631 1192 1883 566 1677 658 916 527 1945 936 363 460 555 1861 1018 781 452 1830 359 316 1414 548 1649 474 1837
583 1734 1942 1974 791 562 1871 1054 545 597 1830 1595 1562 367 468 505 1155 930 1834 1737 432 498 561 568 1944 500 543 1518 1917 894 912 908 535 1047 2067 547 474 512 2012 2047 1746 504 1033 1428 981 1008 1848 505 2044 1044 527 1031 500 469 1014 486 1887 1882 990 1875 1008 539 1871 285 1941 424 472 2052 1783 1834 965 843 514 1772 1033 2034 1680 1962 753 1846 997 983 543 2079 965 449 491 566 2020 1054 997 464 1915 396 391 2013 575 1997 492 1957

123 226 46 92 86 123 36 175 47 91 130 40 70 4 87 16 200 116 107 21 21 15 165 35 88 30 73 148 81 12 32 85 113 8 261 127 11 10 55 308 130 20 135 13 166 151 206 28 286 138 18 178 36 85 75 120 131 78 181 29 171 225 350 38 126 48 27 205 205 192 37 224 114 425 191 302 168 292 53 18 2 272 110 152 280 2 26 92 175 115 77 192 132 6 48 562 108 148 35 334
97 106 40 44 21 44 23 126 10 2 68 35 23 1 3 8 116 61 20 14 20 4 105 15 83 5 60 139 61 3 23 84 23 1 90 121 8 5 29 4 125 8 38 12 49 36 80 1 214 14 5 96 9 10 46 6 25 45 45 27 142 127 172 15 112 33 21 13 157 47 12 37 3 27 1 230 120 203 27 5 1 231 104 79 130 1 23 63 142 98 19 41 25 1 12 514 41 68 5 114
