100 9 2
15 72 20 22 97 23 22 98 26 90 10 9 50 97 6 36 26 77 71 91 75 19 98 83 29 25 68 97 84 19 81 91 99 53 36 16 66 73 69 39 68 92 41 10 22 85 69 64 95 50 57 6 88 30 15 62 89 99 44 1 90 71 28 30 3 50 71 47 93 55 98 77 68 88 70 52 40 75 29 96 50 48 28 38 34 53 66 39 84 43 99 45 45 42 77 100 25 83 97 87

27 8 8 6 7 6 12 26 4 21 4 4 7 1 22 1 15 6 12 5 1 9 20 4 23 10 2 1 8 5 6 8 11 2 3 26 13 15 14 12 9 10 1 1 6 3 1 2 5 1 7 1 5 13 37 27 7 13 5 9 7 17 1 7 9 31 23 9 5 5 7 21 22 3 13 6 21 20 11 7 60 10 23 21 2 26 21 21 6 8 1 12 13 5 4 25 9 7 8 8
40 30 22 6 25 15 18 35 4 26 10 5 9 2 36 9 47 52 13 12 9 37 25 5 41 13 6 2 9 6 25 11 46 28 29 35 34 15 21 26 19 29 9 2 9 13 5 9 6 6 10 3 23 26 43 34 21 29 10 13 22 20 5 22 32 33 26 13 14 45 11 27 25 3 13 11 31 25 33 8 61 16 32 28 15 33 25 36 27 14 19 16 19 7 7 30 11 10 18 34
68 34 34 24 35 22 22 41 17 26 51 9 10 12 49 25 47 55 17 36 12 43 50 18 51 31 38 15 51 8 38 19 46 35 36 43 38 16 21 34 22 48 12 12 51 28 9 18 7 14 16 10 28 31 50 45 32 34 13 16 29 30 6 27 53 42 41 24 29 48 40 41 41 30 22 22 35 27 36 16 64 21 42 30 18 40 39 51 35 22 30 20 23 21 11 37 12 31 23 50
68 43 38 38 51 41 29 42 25 45 55 9 34 22 59 26 66 55 26 45 22 48 51 27 56 40 39 23 58 53 41 40 51 42 37 54 49 30 26 39 28 52 15 14 59 29 33 21 28 36 40 21 33 51 55 47 54 40 18 21 31 40 25 31 56 45 70 27 46 58 49 55 54 49 31 22 36 31 37 19 69 27 49 38 23 51 66 56 46 24 32 31 27 28 19 50 23 40 33 62
78 61 39 47 57 68 41 49 38 52 61 16 41 22 59 38 67 67 31 50 33 65 52 56 68 48 60 32 63 60 54 51 59 80 61 55 49 40 48 61 34 65 45 25 66 42 37 28 60 38 51 35 39 53 56 54 55 47 27 33 34 46 26 36 58 49 70 39 47 62 73 55 55 53 35 29 63 32 49 23 77 28 51 52 63 57 80 62 58 34 34 60 31 44 87 51 35 47 43 65
80 64 67 48 59 70 53 63 45 57 63 19 50 26 66 44 83 71 35 51 33 82 58 74 71 55 65 48 77 62 58 54 60 80 62 62 56 50 50 68 45 67 60 27 72 43 39 49 69 42 59 37 46 61 67 55 56 75 36 43 41 57 54 46 58 84 78 58 51 88 93 58 60 75 71 33 66 39 68 39 79 32 71 57 80 75 80 67 61 56 45 84 38 70 91 65 44 52 65 80
83 67 76 51 59 76 61 79 81 68 84 38 51 60 67 54 84 78 43 58 39 85 66 84 71 71 78 54 81 66 86 58 62 86 70 76 63 59 50 81 77 72 65 50 72 71 45 68 72 50 88 44 47 68 74 58 68 83 36 57 44 60 70 67 79 85 87 63 62 88 95 69 64 93 85 40 69 57 71 54 87 52 75 70 81 79 97 73 64 71 75 86 49 74 92 71 63 59 70 82
87 71 81 75 93 80 71 79 84 81 95 61 63 83 80 76 86 80 55 58 48 88 82 94 80 91 81 57 85 69 87 63 79 93 93 81 71 69 55 90 81 80 83 56 79 83 50 74 82 66 95 54 51 83 93 63 88 92 51 64 61 74 80 87 91 89 92 73 79 92 98 85 65 97 96 43 84 71 80 85 90 58 85 78 83 90 98 74 73 83 82 98 86 91 99 78 73 81 80 84
100 86 92 91 99 99 82 81 91 83 98 80 85 96 89 94 100 93 86 99 98 95 97 96 87 99 81 63 92 75 98 78 85 93 96 97 72 71 61 91 87 88 85 58 97 99 63 82 93 68 97 55 100 95 99 95 94 100 61 89 78 88 83 87 96 94 98 77 95 98 100 85 89 98 97 60 87 78 95 98 93 95 94 84 85 90 99 96 89 97 92 100 89 97 99 78 83 87 80 93

49 8 22 40 63 49 48 15 69 40 27 28 64 2 13 12 38 28 35 96 36 26 19 28 3 5 63 24 12 55 4 26 70 6 71 67 72 54 70 50 12 81 67 80 8 2 5 2 37 2 32 37 53 93 68 16 61 1 49 11 13 5 16 10 7 49 8 15 65 11 50 54 25 30 81 33 89 15 50 10 26 23 6 53 16 58 20 61 70 13 47 6 11 50 71 12 68 24 56 42
68 27 62 63 74 60 81 48 92 95 64 42 76 74 34 98 45 58 87 98 68 26 34 60 49 28 96 57 84 64 5 100 99 13 73 84 98 83 93 95 15 88 77 95 89 77 72 3 91 42 82 99 91 94 89 55 94 59 51 37 45 35 28 60 59 50 93 55 69 88 64 63 92 85 94 58 99 51 85 53 88 48 52 97 53 68 72 65 98 43 69 32 71 84 90 48 84 41 97 79

159 86 32 57 241 101 100 129 100 205 16 26 213 139 285 63 53 310 105 178 110 41 234 281 61 34 95 221 138 155 111 102 102 138 41 104 155 343 294 41 226 129 414 35 153 306 177 74 173 145 179 20 156 131 112 85 327 164 132 121 116 176 112 269 100 180 125 47 548 111 126 90 78 290 173 76 184 198 64 124 112 120 36 40 64 161 199 66 85 109 241 225 63 71 151 371 318 154 224 103
166 105 33 547 418 111 152 149 149 245 382 130 274 387 610 295 149 426 279 1137 115 63 604 557 137 121 137 295 208 210 137 146 430 400 64 155 349 463 494 70 286 300 485 53 267 325 181 84 193 241 209 28 302 345 117 181 399 328 142 185 139 828 262 359 169 245 315 281 865 122 130 123 132 394 325 389 189 238 454 231 270 337 71 445 115 252 296 110 185 289 345 241 63 140 165 542 597 396 324 350
246 165 72 549 922 303 182 306 159 261 519 202 481 421 752 300 192 450 327 1178 260 75 1113 752 211 187 196 406 210 367 172 249 653 423 163 167 381 502 584 78 412 702 696 58 314 365 183 101 261 273 432 100 672 603 281 269 515 401 290 371 219 1298 427 560 173 407 497 318 943 247 193 149 137 479 404 421 253 241 562 463 455 377 153 469 170 379 548 143 422 430 606 402 79 237 191 686 930 853 557 378
249 211 312 648 1168 334 233 424 159 346 693 330 593 546 762 315 202 451 329 1239 280 405 1334 1476 246 203 287 747 261 398 305 255 677 622 202 173 453 916 630 151 625 847 1199 153 498 440 207 116 281 311 793 139 942 1160 385 318 664 507 302 463 393 1464 480 561 232 418 571 347 1042 479 276 205 173 848 508 706 310 284 830 513 494 380 172 487 207 554 569 153 595 510 622 768 99 265 241 928 993 907 821 785
280 218 331 666 1304 397 282 571 348 453 746 349 620 684 798 489 259 474 508 1384 365 530 1337 1506 279 398 383 771 367 452 397 294 975 655 228 231 724 1286 630 178 813 855 1309 304 570 463 254 174 648 321 1246 204 1093 1209 407 367 682 635 482 542 445 1641 509 778 668 614 817 396 1125 529 384 264 178 882 633 1161 424 288 1122 581 513 417 214 645 217 758 597 168 711 820 650 848 299 317 338 939 1128 1044 858 1178
350 314 450 694 1312 462 587 629 357 487 797 365 761 863 1226 555 272 523 822 1681 379 541 1580 1612 281 417 787 814 382 531 418 381 1088 846 366 277 946 1467 710 196 1029 914 1338 311 617 466 391 212 653 326 1321 235 1418 1271 480 399 688 786 484 601 479 1690 692 780 1389 694 911 407 1146 552 394 304 305 899 794 1324 638 298 1196 636 647 423 339 654 274 793 640 197 863 855 1606 1131 302 374 343 1167 1160 1117 1151 1565
477 415 921 703 1412 694 821 806 380 495 1083 429 1029 978 1638 680 299 593 843 1766 434 623 1632 1704 314 452 928 849 425 801 447 515 1282 1156 418 434 946 1737 894 262 1224 1710 1353 553 621 509 449 218 752 436 1678 248 1521 1517 488 477 1243 796 509 739 496 1701 1044 959 1400 771 953 431 1513 783 559 360 328 909 819 1700 741 308 1376 852 685 498 485 721 305 882 674 278 904 1041 1770 1207 338 397 440 1324 1238 1343 1211 1598
479 434 1379 735 1533 719 848 925 418 545 1318 436 1324 1007 1659 764 364 667 930 1882 498 702 1939 1782 384 470 940 971 522 853 475 517 1317 1379 441 679 992 1745 924 269 1318 1711 1710 751 662 520 512 390 1174 502 1840 426 1810 1596 609 483 1932 987 515 792 523 1867 1052 969 1465 798 966 541 1684 787 584 426 482 958 832 1743 763 415 1921 973 756 519 510 783 389 883 878 320 930 1445 1920 1587 438 429 466 1503 1504 1662 1890 1638
492 512 1454 802 1945 930 876 1091 433 572 1741 444 1770 1036 1738 907 431 763 1002 2055 537 816 1990 1893 492 473 980 1027 528 870 511 545 2047 1603 479 866 1038 1763 1022 486 1953 1743 1850 856 727 537 558 556 1617 518 1908 498 1814 2004 745 523 2001 1065 523 869 550 2035 1684 1023 1545 1030 1041 542 1791 814 584 543 493 1070 982 2036 980 488 1964 1021 979 536 513 955 462 1038 1012 413 988 1730 1982 1879 474 448 569 1690 1659 1741 2071 1664

60 80 24 51 93 70 80 65 63 23 13 7 110 103 104 40 23 69 98 125 51 20 10 220 48 27 48 198 136 112 85 61 85 110 16 96 126 197 288 38 165 96 280 23 107 93 108 68 128 137 155 4 123 121 63 41 244 132 81 109 88 53 72 229 43 112 80 31 547 46 99 59 74 123 68 47 64 102 62 33 91 71 34 30 43 127 153 61 45 78 77 178 35 47 102 134 265 150 169 98
7 66 12 41 54 58 51 51 54 6 11 6 16 51 101 22 2 65 56 107 11 6 5 105 19 23 8 131 96 76 20 33 61 102 5 28 83 61 220 21 68 45 74 10 5 65 16 46 60 113 111 1 97 120 58 8 54 131 72 90 10 23 44 31 1 44 38 23 53 43 53 9 27 35 35 45 50 14 25 32 43 67 19 19 36 62 119 5 33 34 32 44 25 42 87 100 219 10 168 84
