100 9 2
46 17 8 20 17 60 5 75 77 55 7 10 2 56 98 37 93 45 16 14 81 30 42 69 97 85 27 82 78 40 68 39 93 36 65 21 72 73 15 87 6 55 93 83 41 9 44 38 46 13 56 13 94 82 7 16 31 85 49 43 19 64 39 47 65 23 16 83 57 96 33 70 77 64 27 6 66 14 27 99 21 77 79 47 55 68 22 82 92 48 82 80 61 72 39 57 43 78 31 34

18 18 5 4 7 24 7 10 8 11 24 9 16 4 5 5 18 6 20 11 2 2 14 18 9 5 5 1 3 23 8 18 3 8 7 5 4 6 16 2 14 3 14 17 2 3 32 10 39 9 9 24 33 2 47 5 4 6 1 1 49 9 3 14 18 1 1 19 16 2 29 17 8 18 6 19 8 6 3 15 8 9 7 10 11 11 3 9 2 19 11 17 8 1 1 7 9 1 5 11
29 34 10 48 16 31 9 19 10 40 28 33 18 9 5 5 27 12 25 11 35 5 15 28 11 29 21 4 16 33 14 40 4 15 10 5 11 6 32 11 16 20 21 17 12 5 56 11 53 22 20 30 35 4 52 6 12 20 1 17 50 27 27 14 24 22 33 37 16 9 39 38 23 19 12 26 16 52 8 25 12 30 31 12 15 27 21 9 9 30 18 32 13 11 22 28 14 5 11 26
51 35 14 51 29 33 41 25 12 44 32 34 31 17 9 11 32 15 34 34 68 22 29 30 34 33 30 14 43 37 23 44 24 35 24 19 39 9 37 11 23 46 24 34 12 10 62 17 57 69 27 36 41 13 57 26 24 23 9 38 70 37 31 15 44 24 59 38 55 10 47 42 28 35 24 29 26 55 45 33 22 33 35 13 49 30 51 16 23 35 37 35 42 13 33 32 24 17 18 27
52 38 21 58 30 41 47 28 52 46 35 38 45 24 41 15 35 47 52 46 69 33 46 52 52 42 60 18 57 41 48 52 32 39 39 24 49 37 45 25 26 49 33 37 19 17 65 18 61 74 29 49 55 25 59 41 26 25 19 52 71 37 35 45 58 32 61 44 60 15 53 58 31 35 26 33 35 59 52 35 26 46 59 43 50 44 52 28 44 48 37 39 49 27 53 39 29 28 33 28
65 48 23 61 45 57 57 32 58 46 43 39 52 25 43 27 50 47 60 68 74 36 79 58 61 57 70 26 72 50 61 59 35 70 50 49 70 38 50 27 31 62 35 38 25 64 75 29 62 77 33 49 61 39 62 52 44 39 27 57 75 38 49 52 66 59 72 59 67 21 61 59 60 40 44 40 42 64 55 48 31 47 62 57 59 51 56 43 47 52 42 52 72 29 54 41 37 51 50 41
70 59 36 64 57 60 81 34 63 50 51 83 60 43 51 30 75 48 75 77 78 71 79 76 64 59 72 35 74 51 72 70 44 83 84 49 79 40 59 31 34 74 60 38 55 74 77 35 66 86 38 54 68 52 80 62 56 49 37 77 91 67 58 74 67 84 79 60 76 22 64 62 74 44 53 53 51 66 59 75 39 57 85 58 64 55 59 54 69 57 44 69 81 40 80 44 40 54 57 42
87 73 41 73 74 62 83 43 65 61 54 97 79 56 68 39 75 52 81 81 80 75 87 77 87 82 85 39 82 52 73 84 44 89 85 53 88 51 60 45 50 87 67 41 68 87 81 41 73 87 84 60 69 55 87 80 71 66 40 77 98 70 64 74 70 85 86 62 79 37 68 69 93 44 56 81 60 69 68 77 55 76 89 68 71 58 61 69 87 71 54 72 90 63 86 50 65 56 60 56
91 86 76 86 84 68 87 48 70 80 68 98 87 57 79 81 94 88 83 91 81 87 94 83 91 82 91 63 88 91 89 86 95 92 87 82 90 53 76 90 73 89 80 91 73 89 94 47 92 87 89 62 76 76 89 83 89 72 68 83 98 75 83 82 87 93 94 73 80 69 74 89 94 56 83 89 61 87 91 87 61 78 93 87 88 71 75 76 90 78 60 72 97 81 92 87 75 79 63 82
93 100 77 90 94 81 95 98 90 92 87 98 92 85 82 85 98 96 100 94 90 96 100 89 96 95 94 99 95 95 93 98 95 94 94 96 92 80 96 100 82 89 86 94 96 97 96 86 97 87 96 84 84 84 93 88 98 96 83 90 99 83 99 93 98 96 97 80 81 99 83 91 100 59 87 94 71 94 94 93 66 96 96 99 98 79 94 82 98 100 63 91 100 86 96 94 87 96 93 84

11 22 69 4 58 26 78 8 45 29 31 29 20 25 42 20 72 61 4 3 8 60 46 35 44 21 2 51 36 18 27 17 44 55 1 1 11 12 3 32 29 79 33 48 44 13 60 10 18 16 36 21 24 13 39 40 21 21 50 34 9 12 26 58 18 4 69 35 18 74 68 16 37 15 6 77 67 73 38 71 2 3 19 55 76 13 49 31 51 35 81 27 53 29 5 3 24 9 15 16
78 25 74 20 70 33 84 87 86 36 93 47 72 87 59 64 94 100 16 94 58 75 54 36 57 30 8 95 44 91 57 23 72 90 39 89 25 27 41 68 60 86 67 71 48 48 80 34 94 73 93 68 79 73 76 48 88 42 57 96 84 94 65 80 45 64 93 41 55 87 96 38 88 82 36 93 89 92 77 84 20 75 35 89 86 56 99 38 61 96 98 48 68 56 26 12 44 99 54 83

61 26 8 44 49 209 11 137 287 116 63 11 209 284 205 136 634 45 51 14 364 71 55 178 131 191 92 103 117 165 78 59 140 277 149 413 153 81 147 227 43 131 118 183 387 26 107 71 89 49 83 57 135 291 58 386 250 144 55 87 96 142 54 651 82 75 50 293 183 521 114 164 118 184 199 38 101 16 39 155 67 138 386 65 75 362 90 204 98 69 92 113 179 179 856 97 225 140 263 75
103 60 95 185 198 601 83 141 590 176 113 17 255 497 209 163 675 108 92 27 368 165 124 192 307 257 430 186 207 290 119 230 333 343 631 633 259 97 329 665 58 420 150 292 452 54 258 310 96 275 186 74 246 350 60 508 638 155 267 87 299 189 220 751 164 144 64 589 306 980 144 203 205 290 209 109 196 191 66 179 116 148 609 122 152 404 103 260 149 72 113 256 235 190 891 108 335 229 586 128
114 373 108 275 375 781 158 304 794 354 164 120 347 500 375 187 786 125 94 49 436 278 131 209 534 318 559 217 335 566 145 239 363 424 1082 776 428 134 366 804 101 440 198 539 609 194 1141 454 105 340 196 201 852 382 104 913 993 276 619 146 394 253 243 803 227 158 127 746 534 996 148 219 483 344 408 192 306 259 225 215 549 380 772 283 155 654 236 263 159 212 153 317 263 193 1081 277 482 332 597 296
433 539 388 291 603 866 282 344 812 376 237 146 447 522 483 189 1044 187 208 89 440 347 230 219 612 685 608 234 353 648 181 263 788 551 1298 783 575 165 483 1104 328 673 235 615 622 551 1159 486 128 457 294 243 1134 390 172 1007 1251 284 847 172 406 312 328 952 328 179 136 1104 624 1155 166 285 822 693 496 389 422 384 410 275 577 437 1125 287 472 670 241 483 180 321 192 335 284 294 1206 395 535 523 774 395
466 552 571 301 636 1052 369 478 816 390 328 180 593 526 693 252 1538 199 374 327 502 354 236 330 719 868 617 236 371 664 185 313 947 610 1322 1485 670 196 550 1108 461 763 253 624 784 605 1244 491 159 564 322 410 1305 410 308 1071 1278 314 852 212 440 592 524 1047 345 193 160 1360 1568 1354 204 373 853 1208 627 711 783 426 1230 350 800 472 1217 401 612 691 301 556 331 323 275 355 328 400 1260 410 564 717 1033 457
495 713 631 330 761 1228 378 498 870 769 334 220 677 804 726 269 1750 307 403 478 541 453 313 1016 922 974 650 369 716 1309 222 525 998 680 1386 1513 693 314 799 1579 504 829 336 751 858 647 1540 887 208 567 327 513 1317 421 624 1286 1445 393 1003 369 557 627 766 1226 398 246 224 1587 1595 1642 306 396 1001 1318 630 921 784 628 1600 381 882 615 1413 435 737 742 306 707 354 330 332 748 340 551 1574 641 623 796 1365 465
505 720 652 360 1404 1449 481 552 1155 1141 475 230 766 893 936 307 1997 325 452 578 669 471 355 1081 956 1275 686 429 1088 1561 771 542 1349 818 1410 1875 844 375 814 1925 789 1245 429 762 925 729 1754 981 386 694 444 737 1361 508 680 1557 1737 403 1323 388 665 813 1008 1721 416 279 276 1706 1606 1675 326 396 1391 1495 824 936 809 692 1751 426 904 637 1434 489 827 797 326 736 378 469 400 1022 355 658 1585 959 879 807 1409 470
514 950 969 428 1530 1588 497 619 1563 1650 481 247 770 1224 937 349 2000 430 480 658 833 504 358 1486 1020 1298 723 474 1682 2017 838 842 1410 997 1519 1878 935 501 920 1945 951 1356 516 948 1002 747 1784 1020 455 697 497 757 1473 508 709 1594 1928 552 1646 723 822 860 1186 1946 539 394 321 1785 1968 1856 336 447 1673 1983 920 1576 827 980 1842 449 955 820 1929 833 837 956 446 781 384 508 410 1329 453 777 1695 966 895 836 1850 485
540 975 997 473 1722 1997 498 729 1966 1844 493 414 793 1540 1005 513 2080 441 508 817 940 516 389 1968 1059 1460 766 580 1780 2039 942 949 1805 1022 1787 1894 1021 508 1270 2039 989 1383 532 950 1017 907 1786 1036 477 869 535 795 1635 580 981 1934 1988 553 1681 792 877 992 1293 1962 555 511 415 1911 2024 1861 424 447 1958 1993 929 1584 893 1004 1978 599 956 1047 2071 966 1002 1005 518 976 421 517 488 1877 494 832 1744 991 1000 1077 1937 517

23 18 6 26 20 188 7 133 218 63 43 7 206 201 140 68 242 40 44 10 239 62 48 89 81 158 84 45 95 146 20 51 110 193 80 203 85 18 94 195 31 123 101 66 154 13 104 37 74 38 68 39 20 281 25 156 189 53 43 69 75 94 34 127 69 55 30 247 173 334 100 156 110 163 153 32 38 6 9 83 12 105 243 46 73 291 22 161 62 4 86 81 178 118 214 88 167 94 174 43
13 3 2 10 11 12 1 120 214 11 8 1 44 142 136 6 117 19 20 1 160 9 44 52 65 83 82 43 34 119 12 9 76 50 40 62 57 11 66 7 30 43 86 28 46 8 45 3 2 32 56 31 15 58 12 38 100 11 38 38 55 69 15 105 68 12 5 239 69 243 19 137 40 90 99 31 5 4 8 7 8 103 101 12 15 42 2 19 14 2 27 62 124 81 181 20 84 53 157 30
