100 9 2
85 49 27 60 30 31 71 42 99 35 37 68 32 13 97 27 97 97 85 82 31 15 87 40 78 30 66 43 77 72 97 94 25 20 37 78 14 74 58 53 14 48 3 84 100 60 63 76 81 80 20 50 72 15 71 68 77 15 24 96 24 32 7 87 66 90 88 32 61 79 91 11 45 36 26 94 8 45 42 85 25 15 76 77 89 49 10 26 40 47 52 63 23 56 5 28 65 68 14 52

21 9 6 5 17 5 9 1 4 2 25 6 4 26 20 15 34 13 17 15 2 4 5 11 29 14 1 9 4 26 11 25 44 25 6 17 6 5 18 8 12 24 21 3 30 26 8 2 6 2 18 14 5 9 1 44 26 2 4 21 21 7 25 2 20 7 1 2 6 10 1 8 5 6 4 2 2 13 3 1 9 12 13 2 3 16 9 1 20 6 12 3 6 22 1 10 10 12 1 25
22 22 36 28 47 15 17 2 12 34 35 11 14 29 22 72 43 19 22 18 10 15 30 17 30 19 9 38 12 32 30 35 46 31 11 21 12 21 19 20 14 28 27 18 43 37 13 12 12 5 35 30 9 36 2 62 52 8 10 27 35 10 36 15 25 12 4 2 12 21 2 13 9 9 6 12 5 21 28 3 19 26 38 11 6 25 19 17 30 17 25 6 23 44 12 17 33 42 5 30
23 50 46 49 58 27 17 23 31 50 52 24 16 33 23 73 44 26 41 22 20 19 48 33 39 20 24 40 26 38 43 44 49 34 23 34 22 63 19 33 15 37 49 31 46 52 29 30 46 13 46 39 16 50 6 68 54 10 31 42 47 12 42 33 32 17 33 4 13 27 26 31 17 23 15 34 5 24 33 14 21 29 41 21 7 34 19 17 31 34 25 36 32 45 21 40 35 46 28 39
28 55 55 52 70 35 35 39 55 61 53 30 26 38 23 75 61 40 48 23 28 29 57 54 48 25 28 47 38 43 49 54 59 43 27 56 26 64 25 34 38 74 49 41 61 75 39 32 47 28 49 43 32 74 27 72 54 29 32 44 63 20 51 50 54 32 48 36 20 48 33 42 22 32 20 41 11 38 46 36 34 58 45 40 23 37 36 22 45 39 42 63 55 60 26 46 43 47 40 44
29 57 65 52 84 47 40 41 65 62 61 43 34 54 25 80 62 42 53 26 41 37 61 71 57 30 29 54 61 49 52 58 68 52 61 66 26 64 46 35 42 78 62 45 64 82 60 37 47 47 63 59 47 77 36 78 58 41 39 62 80 23 55 50 57 44 58 37 31 52 52 62 29 33 32 49 37 54 46 60 34 59 61 53 39 53 50 23 87 40 44 65 55 64 26 46 60 48 45 55
47 83 81 53 86 65 60 76 87 67 75 44 60 70 48 90 73 47 53 37 50 55 62 75 59 50 62 68 73 54 78 75 69 69 69 68 28 64 52 57 49 95 84 46 68 83 64 39 47 47 75 80 74 78 48 80 77 41 42 62 84 57 62 60 65 52 90 38 43 61 58 68 34 66 37 63 43 68 50 86 36 67 62 53 51 64 57 36 89 67 49 70 65 66 39 79 63 70 49 57
49 91 81 53 87 72 75 94 87 91 81 49 80 71 49 92 75 55 63 97 81 72 69 75 68 51 69 71 74 70 89 77 75 85 72 87 49 71 77 66 50 97 89 77 79 84 95 42 51 60 79 83 81 90 56 88 78 74 42 73 89 59 76 69 66 73 95 48 44 65 63 72 62 89 43 90 50 70 78 92 52 84 87 61 52 79 57 40 92 72 54 75 66 73 52 86 64 77 68 61
81 93 82 61 88 80 83 98 87 94 87 83 88 94 67 93 80 74 64 98 85 79 78 79 86 77 84 78 86 74 93 85 84 97 93 100 88 77 92 73 68 100 94 91 84 97 99 47 92 78 90 91 90 91 92 93 79 80 46 94 93 66 94 85 85 76 97 49 58 67 64 74 84 90 54 98 79 76 89 95 67 85 88 66 53 91 73 81 96 74 68 78 79 86 69 89 65 94 77 71
86 99 94 71 93 92 94 98 93 95 93 86 99 99 90 95 98 98 87 99 89 97 86 91 93 95 88 99 96 88 94 85 95 99 98 100 96 95 95 98 73 100 98 92 86 100 100 53 97 99 95 98 91 98 99 98 94 91 72 95 98 98 99 97 94 76 98 95 67 77 92 89 88 91 98 100 92 93 98 95 87 88 92 76 78 91 94 81 97 76 89 79 93 88 72 92 67 98 97 78

19 3 31 18 53 48 3 17 11 18 85 98 51 16 70 62 1 35 49 20 46 52 15 48 46 21 39 8 57 25 30 19 47 3 74 3 1 33 18 20 30 17 42 89 58 25 24 19 62 7 46 87 6 68 4 8 2 61 5 65 27 33 56 31 18 66 46 39 50 96 18 71 2 59 76 6 9 6 3 11 25 40 17 12 43 11 65 5 56 52 13 15 43 32 93 65 40 24 48 26
70 20 58 18 80 56 70 21 99 65 94 98 61 68 86 73 26 68 61 66 68 95 94 62 58 99 91 87 60 59 98 44 93 91 85 3 6 65 83 77 87 48 49 99 66 79 41 67 63 13 62 95 30 84 38 39 3 90 40 90 66 57 77 37 85 75 52 99 100 100 65 76 43 66 85 28 90 41 79 68 37 58 48 71 86 28 89 35 71 75 76 82 87 47 93 98 71 32 56 66

250 77 280 69 160 52 127 164 213 205 119 98 209 125 395 377 117 127 99 196 47 449 468 95 139 81 136 116 196 455 412 109 104 49 63 244 230 204 77 74 55 235 122 127 120 155 66 145 473 232 270 111 421 23 168 207 188 40 294 189 96 32 45 902 309 109 491 197 67 122 108 100 84 257 71 192 47 202 153 508 64 31 188 96 99 95 259 166 109 76 89 66 32 376 103 54 200 150 52 61
304 215 330 182 242 120 141 179 236 407 119 119 347 128 431 585 215 146 213 249 102 598 850 183 167 233 476 154 231 494 596 126 255 62 81 253 237 254 528 237 57 250 375 139 138 164 154 494 770 297 272 642 683 30 217 227 229 206 343 299 138 188 47 1128 510 224 517 222 117 722 180 178 136 282 416 246 66 269 177 688 421 68 190 237 108 160 451 179 120 80 130 137 114 760 125 120 203 273 200 385
503 325 382 439 256 184 165 339 314 625 133 239 485 153 458 657 233 215 665 252 133 1055 879 262 229 244 591 225 318 739 602 179 342 121 253 286 284 293 872 301 70 259 377 167 172 172 660 772 860 487 351 658 725 107 227 228 437 434 388 690 172 256 67 1256 511 250 603 521 149 1082 244 213 145 319 582 270 81 406 272 714 809 162 576 329 228 760 825 417 221 140 137 217 160 1024 148 133 294 462 297 624
672 374 618 523 317 216 243 429 314 652 187 321 657 178 780 661 742 272 675 263 205 1226 1107 289 281 437 949 314 709 1057 617 364 371 189 272 361 371 616 984 676 267 275 525 287 205 336 790 1034 936 504 478 685 728 133 235 229 467 849 489 1241 215 273 139 1352 531 254 604 839 625 1169 275 568 306 330 855 305 100 620 295 730 829 229 626 503 268 800 964 570 323 296 282 241 164 1075 183 155 487 497 402 1202
843 420 808 578 324 352 262 549 373 940 553 424 673 183 795 765 1305 331 841 342 362 1344 1347 301 286 475 952 345 740 1073 782 371 652 189 604 394 510 628 996 736 267 291 604 329 302 409 1288 1062 1113 581 725 972 1095 162 340 294 470 1038 506 1410 397 334 258 1681 571 298 613 904 858 1258 569 714 330 352 873 307 123 717 335 730 917 265 646 696 391 1057 1359 836 414 366 287 269 180 1175 232 190 541 556 482 1272
904 557 822 586 386 352 267 1420 384 946 653 459 1000 211 1393 878 1377 550 873 377 446 1426 1652 358 319 526 1050 345 983 1125 847 408 658 332 734 394 683 728 1166 827 293 303 664 361 345 458 1505 1220 1326 650 1010 975 1147 322 411 378 499 1262 657 1442 399 355 380 1780 717 528 1289 912 1168 1390 613 1650 333 374 881 369 182 1144 362 768 1276 286 973 1649 485 1066 1582 1102 601 374 309 332 338 1224 296 312 612 630 501 1426
988 660 925 707 429 373 467 1532 515 1162 719 473 1136 337 1406 903 1455 914 969 424 544 1642 1746 438 335 571 1320 379 1131 1350 943 493 689 401 840 521 718 751 1539 868 376 421 777 529 350 473 1694 1372 1468 757 1529 1297 1243 605 531 504 509 1424 914 1774 419 364 418 1826 790 531 1309 935 1435 1848 663 1665 487 470 966 377 423 1181 380 956 1455 294 1144 1942 843 1119 1603 1155 802 385 348 382 375 1262 297 368 772 945 701 1546
1014 717 934 902 483 373 586 1588 559 1200 767 515 1240 404 1773 969 1660 1066 1005 555 582 1765 1759 440 415 688 1562 390 1225 1445 1367 559 735 463 870 549 868 918 1580 873 386 440 927 574 435 487 1753 1471 1854 773 1899 1779 1310 708 532 517 532 1471 930 1822 453 441 453 1879 846 669 1313 1180 1676 1881 869 1761 519 510 1007 384 450 1219 395 1006 1958 353 1193 1963 1045 1164 1607 1256 944 470 394 495 423 1473 385 403 816 963 750 1870
1056 892 970 1046 509 518 1022 1954 574 1570 880 557 1372 433 1775 1015 1755 1071 1054 582 828 1941 1792 459 558 933 1801 442 1603 2030 1747 588 999 782 923 578 919 1065 1859 951 425 444 977 575 511 536 1874 1986 2050 790 2000 1787 1844 840 569 556 570 1597 958 1834 475 787 475 2071 887 728 1800 1399 1925 2053 1024 1923 534 533 1023 416 467 1971 427 1050 1974 430 1439 2020 1059 1598 1921 1928 999 498 404 541 435 1774 473 479 1005 1016 829 1927

217 57 273 32 150 49 99 157 161 123 55 91 138 73 367 60 73 102 96 132 35 333 331 54 95 68 36 114 173 329 390 59 60 32 25 97 88 162 58 46 53 113 109 116 52 136 61 86 470 205 231 104 115 17 125 54 136 28 234 183 93 23 11 788 297 53 440 63 66 103 85 28 18 144 30 89 5 175 126 220 42 22 102 39 64 39 73 157 85 75 64 60 17 316 84 30 52 134 48 44
207 21 10 31 73 8 70 7 92 61 15 56 18 26 78 58 16 18 85 47 24 294 102 48 94 23 17 90 66 81 30 30 6 4 10 25 40 77 45 29 15 38 36 80 39 129 21 42 134 169 72 54 50 10 93 23 40 16 145 124 67 4 4 451 23 30 370 9 33 39 70 5 8 139 15 17 4 26 122 141 8 6 17 14 42 31 10 122 72 57 61 44 3 241 82 29 45 44 23 6
