200 9 1
231 1 59 122 140 1 176 199 69 107 146 79 252 47 99 15 117 90 238 117 243 169 134 70 173 63 12 295 187 148 220 277 1 22 110 144 89 61 174 130 91 36 22 58 1 185 167 209 285 6 51 10 25 93 96 100 37 63 1 1 108 132 1 130 1 30 72 256 87 135 86 138 44 29 77 7 1 95 235 246 42 61 200 88 82 42 151 138 302 159 209 8 129 97 195 252 146 197 147 48 135 193 1 120 39 101 172 48 232 144 44 1 88 298 89 204 57 152 21 113 28 91 255 195 177 101 61 11 1 29 49 1 58 71 184 107 64 1 100 1 269 150 62 46 50 195 1 39 144 179 108 70 4 247 139 126 70 132 1 23 222 75 136 158 237 198 154 158 132 1 79 99 114 206 108 185 153 138 238 140 222 105 47 206 218 212 82 127 38 77 49 145 82 26 101 79 119 56 84 31

41 2 5 31 1 26 25 5 9 17 4 44 33 2 22 44 30 9 24 3 1 11 25 11 28 1 16 7 20 27 32 16 4 32 38 3 36 14 46 31 40 32 34 2 17 41 47 5 15 33 1 39 43 8 8 24 31 18 14 8 14 21 34 5 39 9 56 22 23 11 38 15 12 1 1 6 26 51 19 7 16 2 1 31 1 3 22 16 11 9 2 19 5 20 1 1 39 13 5 7 34 21 1 24 20 28 43 1 7 1 27 4 6 35 1 16 29 19 3 4 1 32 15 29 20 29 12 28 22 1 28 47 36 21 26 23 46 24 18 34 24 30 1 7 40 15 23 37 24 8 6 16 30 28 18 23 19 25 46 31 1 1 54 20 31 22 42 17 23 18 1 27 13 52 5 36 17 32 19 1 2 16 36 1 1 1 1 13 32 6 43 1 28 12 22 20 28 18 1 22
49 9 11 48 2 49 32 18 26 27 24 54 52 18 25 54 35 25 25 11 10 22 33 17 36 16 34 23 36 54 42 24 13 41 55 16 41 52 56 52 50 33 46 22 45 57 59 21 35 42 21 40 47 12 17 30 43 36 20 19 26 37 35 19 43 20 76 29 37 24 41 19 21 22 5 24 27 62 35 16 20 5 21 46 6 19 26 34 19 17 19 27 24 25 5 23 48 18 30 12 42 33 19 28 46 34 45 3 8 15 36 7 21 37 18 35 36 36 16 17 10 46 21 31 40 44 25 29 25 11 39 60 37 28 41 34 48 25 32 40 37 41 6 20 48 23 42 43 35 9 18 18 48 40 28 32 32 29 66 36 7 4 63 21 38 25 46 26 28 24 2 37 17 60 8 38 35 33 35 4 11 34 44 13 12 19 17 18 54 18 61 15 40 37 41 24 40 38 2 46
53 17 21 58 9 55 38 25 43 31 39 82 56 29 26 65 52 33 40 21 20 37 41 29 39 25 56 36 39 68 56 32 22 45 66 44 58 54 65 65 55 35 60 31 46 62 77 25 42 45 32 54 61 17 27 33 60 42 33 30 27 57 55 36 56 21 85 47 57 34 45 31 28 33 16 33 33 65 43 25 22 19 23 56 7 29 33 41 32 25 31 45 25 28 24 28 51 20 47 18 60 52 20 43 55 45 54 17 19 32 43 9 22 46 19 62 46 50 31 23 17 54 22 51 65 51 48 39 33 33 60 62 38 47 70 35 54 26 37 66 47 43 15 42 58 32 50 61 38 18 24 35 60 52 41 54 34 43 82 40 28 9 71 36 67 26 53 30 41 29 23 45 44 61 30 41 50 45 53 9 24 44 51 23 26 25 27 38 63 42 66 29 43 41 45 40 41 45 12 60
59 22 23 73 15 61 53 47 54 35 44 97 72 43 41 77 63 40 52 22 23 48 42 34 58 29 62 43 53 83 68 43 52 59 73 61 73 61 86 66 66 36 77 39 61 74 94 27 61 52 41 70 75 19 30 53 64 48 34 43 28 70 57 57 64 30 106 53 69 48 60 33 30 41 28 39 44 75 53 26 28 27 39 74 24 46 42 43 39 46 44 57 34 30 34 30 59 25 65 28 68 66 25 52 57 46 61 32 31 55 61 27 28 60 20 79 67 64 35 36 42 66 37 58 71 58 56 43 41 35 75 65 50 53 78 36 62 27 50 82 53 46 22 56 62 48 70 68 43 40 25 39 83 63 56 60 45 66 102 42 33 15 93 44 77 50 55 38 42 49 36 56 71 75 46 42 62 59 75 22 34 55 68 40 30 46 43 61 70 65 67 40 65 49 64 49 57 55 29 71
74 23 50 83 16 63 54 60 71 53 56 98 82 58 52 95 79 46 64 41 25 49 47 60 69 48 64 54 60 101 73 50 58 83 74 88 74 62 96 88 67 43 89 53 78 76 102 48 70 68 48 92 82 38 36 57 68 49 44 53 39 77 60 58 83 32 118 67 82 58 63 36 36 42 33 44 51 82 67 34 30 34 45 83 25 57 53 44 46 54 64 64 39 37 43 59 68 28 67 49 83 95 27 75 83 47 71 48 59 63 70 35 45 66 34 96 89 78 60 37 63 82 51 77 86 65 58 49 42 40 89 72 63 56 84 42 72 34 54 84 76 55 28 68 70 60 79 69 54 53 34 45 102 69 72 72 49 82 123 43 41 19 104 72 82 59 61 39 44 68 42 70 78 85 50 48 70 62 78 24 48 76 73 52 45 57 50 65 73 81 75 48 74 54 65 61 71 68 52 87
75 33 57 87 19 79 71 74 78 56 58 109 90 66 69 102 87 54 68 43 29 64 48 67 81 52 65 59 61 109 93 74 81 96 77 102 90 78 111 113 69 64 105 55 102 77 126 63 78 82 55 93 103 44 49 68 78 60 59 69 51 96 61 62 86 43 139 79 104 61 65 41 45 43 34 52 72 87 72 42 32 35 58 92 45 69 60 60 47 73 77 77 50 38 66 60 90 43 77 60 100 111 33 86 99 48 77 58 87 78 79 40 61 78 58 103 108 92 62 60 65 103 56 82 107 87 62 50 68 47 90 73 76 68 97 49 89 35 64 94 80 57 35 81 75 74 94 81 63 54 35 58 111 97 82 77 60 89 124 48 42 23 132 88 89 68 87 48 47 89 59 83 79 92 53 55 88 73 90 43 57 82 95 55 57 58 57 74 80 91 83 53 82 74 78 67 72 69 53 98
87 41 75 93 23 102 81 91 94 68 59 127 106 81 81 112 102 55 69 58 43 77 58 68 93 59 69 63 74 110 102 87 92 104 80 118 95 96 114 131 79 81 115 60 109 87 146 68 86 89 69 109 115 57 60 80 91 61 77 88 55 112 68 71 99 58 145 84 123 75 70 53 53 50 50 64 79 88 91 56 62 40 77 113 66 83 65 62 48 78 84 78 61 45 69 75 98 48 91 78 101 112 39 99 101 67 84 77 94 97 97 41 82 91 59 104 116 99 76 67 71 108 69 90 118 97 80 56 73 61 91 83 89 77 102 55 97 40 70 108 81 69 43 98 88 84 96 97 74 60 48 70 137 108 86 81 76 103 130 68 44 25 153 89 110 69 89 58 49 96 86 93 82 107 65 77 100 78 107 56 70 84 96 61 72 69 69 89 88 94 105 61 93 75 109 72 99 84 63 110
98 47 99 103 24 108 106 106 122 84 65 131 114 103 88 133 106 66 81 68 52 78 68 79 105 71 73 83 75 135 103 90 98 118 85 122 97 99 129 143 86 84 133 70 110 96 161 84 91 105 86 113 124 66 62 85 102 65 92 89 66 127 69 79 117 61 150 94 136 92 86 72 58 62 56 65 80 89 97 73 76 45 87 127 70 97 75 69 56 85 98 88 68 46 72 80 100 60 101 98 102 123 53 101 115 77 105 84 102 107 103 46 83 104 84 107 130 110 88 70 86 127 82 101 122 120 82 57 84 72 96 99 112 82 118 69 105 49 71 113 91 80 47 105 100 94 108 105 82 74 60 77 145 116 94 96 83 113 136 80 45 32 163 103 126 87 92 61 62 105 90 96 90 120 70 105 113 79 115 68 78 88 105 72 83 78 72 102 91 96 114 71 105 80 118 83 120 91 89 111
115 48 117 110 35 120 119 108 132 93 74 136 119 104 109 144 114 79 92 79 69 87 84 96 106 83 81 88 76 156 110 103 110 136 103 123 112 119 145 144 97 86 150 73 119 103 163 91 94 125 99 124 135 67 67 91 105 91 116 102 67 143 86 83 119 66 152 117 151 100 98 95 77 79 59 67 94 104 106 88 85 47 97 132 72 113 99 71 61 96 99 95 70 60 77 94 113 75 109 117 118 141 68 108 122 80 128 92 122 119 118 54 92 106 88 118 135 125 94 79 87 148 94 126 140 141 94 77 99 92 107 100 137 87 124 75 124 63 86 126 96 93 55 110 108 104 113 106 97 78 62 97 148 123 95 97 104 129 161 84 63 36 186 110 131 97 126 71 69 121 109 109 97 131 77 118 129 97 127 81 85 95 110 91 89 82 74 103 104 108 120 86 123 90 122 97 139 113 98 112

2 12 17 13 1 4 17 19 25 24 2 9 10 4 27 5 8 4 1 11 9 15 11 24 1 10 1 1 1 17 20 32 17 14 3 7 22 20 18 7 17 1 19 18 1 9 16 10 18 23 15 17 5 10 4 32 1 1 7 3 27 12 14 14 27 8 4 8 10 4 17 15 1 6 1 18 1 12 19 8 5 6 10 14 11 6 3 25 1 9 23 7 19 1 4 15 18 13 20 10 18 11 10 18 13 8 13 20 11 11 12 3 2 19 19 4 13 14 15 12 1 25 4 13 9 8 22 7 7 18 15 16 22 9 11 1 5 17 24 11 3 17 7 12 22 10 11 16 28 3 18 9 15 8 1 12 8 19 5 1 1 9 3 4 10 10 7 10 3 9 3 7 7 3 5 6 13 6 17 1 13 1 1 5 4 1 1 8 9 1 20 9 15 19 14 8 21 13 15 19

15112 7811 14601 12819 16149 12143 1350 14207 14770 20892 11579 7 11681 13387 18116 6457 12212 9126 12881 10496 14190 13775 12492 12216 14865 14451 8196 8946 12388 10137 14112 4848 11145 6520 10735 11812 8564 7110 9557 4952 1055 12341 12292 13736 14144 13149 5563 12501 14411 8084 9410 4786 5583 4141 14691 10403 15822 14509 7739 13360 7321 13818 5795 10191 9584 7694 12484 8722 7321 10671 5923 9742 14735 12854 9923 11242 13474 5827 9307 6646 9339 7124 7059 5222 14860 13417 6689 6194 2780 10920 8271 15784 7745 19156 14572 11070 9664 8335 12288 7726 11853 17480 8025 6204 578 13893 1182 9317 7261 5846 12403 15072 17084 13199 15168 5726 7333 7258 6755 8566 14245 13713 18387 14371 14169 14032 9348 9839 2000 8520 13522 11451 20003 13484 6394 14028 19675 9987 11607 11892 6200 8828 6313 13458 13138 6981 14451 15269 6882 20685 11976 6790 7325 10926 11485 12203 18841 12148 14026 11838 13379 8712 7299 13054 6707 9557 2097 9601 12253 15589 11719 8832 9344 9116 14012 6506 8486 3311 10140 9440 12783 13997 17239 12630 7000 3155 16508 8720 8431 12965 7284 8880 11838 6240 9600 15167 9030 12914 13972 14004
18832 8631 17308 14540 17934 14905 1573 16716 17077 25228 13437 8 13395 16241 20362 7196 15078 11190 14486 11641 16606 15772 14851 14886 17430 16752 9392 10720 14123 11718 16032 5379 13029 7895 12850 14620 9482 8315 11575 5961 1163 14140 13852 17081 15929 15146 6643 15323 16195 9960 11193 5595 6293 4564 17936 12554 19177 16462 8799 15753 8695 16470 7105 12126 11013 8574 14327 10744 8997 13051 7156 11095 17809 14639 11779 13104 16645 7281 10354 8194 10726 8608 8785 6071 18342 16061 7618 7132 3258 13356 9101 19382 9586 21527 16322 12241 11252 9715 15296 8866 13483 20421 9179 7167 662 15687 1364 11492 8652 6651 15295 18373 21349 15558 17792 6812 8816 8396 7947 9761 17009 15676 22090 16866 16840 17024 10751 10926 2225 9632 16295 14028 24194 15779 7590 16681 22435 11637 13864 14284 6967 10334 7374 16717 16014 8272 16280 18098 7603 25701 14203 8295 8894 13217 14185 13730 23176 13807 16716 13867 14752 10470 9059 14877 8350 11213 2496 11257 14060 18487 13004 10040 10677 10933 15607 7899 9366 3795 11934 10672 14469 17452 20078 14171 8272 3474 19656 10240 9911 14815 8194 10504 13145 6938 10837 18010 9954 14662 17253 15617
20776 10287 19356 16293 20508 17114 1779 19440 19446 28325 15848 9 16214 18368 22788 8329 16392 12932 16534 13498 19373 18287 17413 16833 19320 19463 11179 12033 16593 13297 17855 6377 15756 8954 15007 16573 10931 9219 13090 6978 1332 17090 15433 19791 17659 18083 7952 16627 18375 11074 13417 6653 6857 5063 19685 14310 21210 18869 10502 17784 9747 18145 7754 14055 13192 9418 16188 12869 10378 14229 7917 12261 20402 16979 13487 15840 18446 8690 12035 9705 12227 10039 9522 7142 21523 18364 9007 7830 3602 15437 10685 22504 10883 24018 18039 14859 12671 10796 16539 9646 15341 24789 10857 7806 721 17086 1521 13608 10434 7536 18139 22114 23116 17790 19636 8038 9678 9530 8812 11167 19891 17785 25223 18760 20051 20311 12584 12989 2512 11404 19487 15991 26517 17204 8715 19201 25072 13412 15555 16803 7906 11763 8187 19532 18409 9542 19530 20513 8903 29502 15523 9733 10528 14472 15959 16678 25414 15406 18390 16673 16786 12167 10366 17612 9165 12839 2871 13106 16823 21288 15294 11666 12838 12111 18669 8612 10473 4621 13765 12576 17360 20312 23037 17216 9129 4194 23028 12274 11412 16382 9384 11897 15262 8466 12926 20690 11921 16072 19466 18594
23081 11639 21643 18157 24036 19668 2028 22247 21568 33310 18678 10 18565 20362 25625 9728 18959 15087 18643 14693 21772 21446 19068 18401 22291 21030 12922 14057 18425 15658 20461 7485 18453 10229 16563 18127 12033 10358 14920 8136 1464 19948 18078 21965 20413 20544 9239 19163 20140 12598 15535 7196 7737 5623 23233 15719 23687 22314 12317 20069 10493 21058 8692 16197 14894 11068 19141 13795 11118 15917 8978 14028 23268 19728 15796 18389 21268 9403 13745 10699 14455 11280 11057 8255 24619 21596 9753 9118 3993 17349 11988 24896 12782 27034 21376 17265 13711 11710 17887 10496 17249 29156 12402 8795 823 18646 1640 15652 11622 8852 20775 25374 26397 19546 22436 8919 10882 10441 10308 13220 23221 20777 28239 20361 22172 23095 14339 15429 2798 13099 21333 17665 29691 18686 9556 21164 28320 15361 17597 18419 9434 13859 9013 21309 20867 11144 21787 22579 9738 33773 18405 11362 11846 16215 17337 18418 27548 17574 21187 18327 19837 13372 11470 19789 10722 13907 3297 14075 19294 24498 17903 12928 14998 14129 20924 9664 11983 5034 15591 13587 19742 21754 25752 18936 10345 4950 25052 13479 13091 18767 10994 12965 17353 9310 14962 23943 13917 19044 22846 21937
26297 12666 24081 20346 26617 20892 2350 24173 23481 37769 20528 11 20851 22710 28627 11160 21705 16773 20798 17007 23673 24858 20986 21380 25638 23368 14536 15069 20467 16854 22016 8325 19678 11255 18631 20567 13199 11124 15950 9021 1676 22653 20378 23693 22853 22473 10607 22100 22587 14174 17793 7922 8937 6452 25181 17179 27305 25005 13240 22352 11404 23094 9339 17846 16648 12878 22154 15110 12886 17324 10190 16077 26766 21076 18217 19858 24261 10622 14799 12053 16701 12793 12150 9546 26440 24278 11327 10135 4505 18571 13466 26519 14025 30944 23102 19177 15407 12908 20272 11932 19554 31086 13643 9958 911 20209 1785 16643 12411 9912 22577 28931 28719 21648 24090 9994 12187 12166 11451 14349 26169 22507 30909 22428 25631 25776 16052 17330 3086 14883 23906 20312 32558 21612 10914 23579 32604 16381 18985 20014 10162 15442 10012 24053 24013 11914 24454 24391 11035 37379 21145 12763 13638 18022 18531 20874 30333 20216 23498 20108 22398 15543 12554 21501 11709 15009 3754 15166 21076 26498 19224 14630 17209 15702 22573 10581 12930 5846 17551 15535 21993 23213 29608 20466 11117 5284 28549 14434 14626 20657 12230 14738 18576 10715 16846 26189 15158 20852 24399 25095
29114 13872 26947 21789 28320 22311 2523 25656 26730 40019 23202 12 23261 25671 32058 12753 23233 18374 22640 18559 25863 26531 23104 24227 28258 26125 16344 16125 21773 18241 24982 9076 21443 12578 21195 23410 14852 12606 17219 9603 1824 24511 22883 25867 25510 24761 11683 23571 24268 15048 19577 8859 9992 7077 27932 18388 30683 27205 14594 24269 12316 24587 9932 20062 18633 13894 24097 16530 13726 19338 11654 17126 30242 22534 19945 22091 25610 12030 16401 12788 18505 13807 13564 10812 28626 26940 12820 11600 4923 20063 14732 29888 15546 34248 25291 21634 17635 14038 23028 13402 22274 33371 15567 11476 1047 22413 2025 17984 13580 10522 23880 30919 32223 23907 27880 10684 13561 13851 12544 15685 28105 24175 35265 25506 27361 28401 18049 19582 3469 16403 26671 21585 37303 24244 11981 26731 35861 17843 20755 21236 10782 16835 11221 27185 26756 13286 27379 26432 12399 39979 22624 13555 15321 19810 20481 22948 34761 21474 26803 23001 24653 17629 14005 24246 13109 16436 4111 17202 23422 29072 21064 16533 18596 17958 23993 11415 14190 6251 19247 17255 23304 25388 32880 22777 12480 5641 32025 16530 16554 23550 13031 16497 21067 12272 18651 29873 16314 23306 27281 27588
32042 14906 30559 23271 31977 23650 2698 28400 29114 42122 25863 13 24904 28266 34214 13859 26195 19723 25105 21034 27631 28424 25312 26939 31549 29041 17459 17045 23514 20656 28458 9958 23203 13991 22964 25283 16427 14226 19058 10793 2029 25838 25228 29264 27269 26587 12434 25556 27548 16785 21679 9907 11025 7850 30601 20903 32973 29173 15510 27195 13346 26838 11332 22546 20822 15464 25843 17529 14750 20690 13036 18797 33327 24232 22158 24095 27686 12838 17354 13647 20511 15229 14385 11552 30218 29042 14052 12670 5517 22073 15653 32034 16958 36900 26840 23713 19850 15364 24617 14284 23942 35862 17158 12725 1168 25826 2207 20201 14827 11672 26637 32865 36021 26541 29741 11832 15029 15655 13731 16673 31277 26447 39702 28353 29753 31006 20278 21285 3912 18025 28393 23338 40622 27117 13577 29629 39797 20160 23364 23273 12076 18206 12004 28931 28738 14175 30299 28837 13198 42266 24506 14426 16071 22060 22225 24971 38086 24037 28348 25361 27335 18707 15118 26677 14038 18522 4607 18817 25763 31184 23330 18043 20246 19217 26807 12513 15377 6664 21511 18820 24683 27488 36613 24570 13276 6336 36057 18317 18528 25799 14090 17421 23361 12915 19799 32654 18171 25156 29670 29892
34024 16579 33436 24670 34458 26055 2896 31080 31379 45910 27412 14 27398 31348 36808 14808 27441 20803 26868 23018 30091 30761 27970 28439 34771 32048 19368 18875 25250 23104 31251 11116 25369 15459 24086 27716 18092 14998 20767 11509 2213 28185 26623 32179 29576 28075 13035 27158 29213 17842 22950 10394 11741 8470 33882 23286 36813 31293 17140 28864 14295 29299 12015 24965 22203 16309 28604 19455 16515 22479 14294 20803 36706 25673 23484 25560 29427 14287 19583 15052 21621 16982 16147 12631 31815 32241 15025 13336 6177 24729 17689 34018 17773 41312 29580 25201 21796 16727 26353 15563 25377 38721 18235 13645 1308 28876 2458 21269 16251 12941 28731 35572 39469 28768 33095 12958 16603 17227 15388 17630 33001 29043 44127 30592 31906 33395 22578 22754 4146 19747 30621 26060 44623 28723 15010 32799 43592 21914 25904 24715 12880 20100 13022 30398 30341 15549 33906 30494 14205 45669 26242 15511 17118 23583 25021 27069 42677 26058 29824 27410 30607 20122 15850 28778 15290 20028 4970 20983 28524 33969 25520 19860 21291 20921 29305 13875 17141 7342 23349 20422 27359 29622 40162 27669 14518 7083 39381 20263 19940 27308 15642 19516 26107 13559 21100 34538 19991 26832 33050 33341
36761 17856 35824 26981 36481 28707 3132 32992 34507 50561 28696 15 29723 32959 40674 16015 29564 22954 28455 25181 33009 32925 29733 30714 36353 33937 21354 20683 27678 25312 34027 12016 26723 16167 26111 30461 19362 16285 23011 12400 2463 30690 29223 34133 32027 30160 13960 28483 31786 19623 24081 11439 12983 9381 36968 25840 40049 34083 18369 30970 15840 32509 13294 26537 23288 18157 30898 21492 18025 24952 15651 22057 39374 28145 25167 27788 31519 15098 21245 16311 23438 18722 17579 13361 35047 35350 16166 14146 6549 27078 18888 36620 18842 44745 31739 26587 23068 17619 28887 16582 27292 41694 19778 14578 1381 31824 2689 22860 17368 13613 30319 38968 43232 30116 35393 13600 17462 18466 16137 18954 34938 31815 46081 32825 35075 36780 24594 24816 4586 21560 32028 27429 47685 31644 16469 35608 47917 23307 27495 26717 14276 21081 14267 32201 32624 16714 37199 34186 15439 48436 29160 16254 18647 25480 27785 29176 45731 28404 32025 28933 33498 21707 16962 30126 16163 22066 5439 22042 30527 37194 27964 22046 22580 23023 31567 14885 18213 7918 24866 22732 29574 31373 43440 29313 16010 7629 41225 22199 22039 29497 17006 21048 27920 14332 22376 36768 21752 29930 34980 36071

10608 6792 12751 9354 11410 8337 957 9531 7433 16383 6747 6 6586 8112 12767 4630 7062 5358 10401 7277 11181 11481 6371 8134 11146 11475 6122 6767 9698 7962 11621 3813 8373 4060 8892 6634 5532 5451 6711 2874 643 6287 6445 7536 9245 11743 3558 7737 7335 5940 7372 3143 3082 2802 12837 7169 8705 10009 4699 10519 5410 7040 2899 7085 5117 4508 10773 5896 5169 8826 3177 5532 11004 10176 8230 6068 8855 3446 7968 3446 5747 5330 3897 4546 8475 9610 3698 3840 1545 8987 6226 9565 6071 11365 7819 6883 4928 4223 7161 4619 6555 8790 6171 5109 514 8233 593 7588 5084 4576 8476 9066 13220 7210 12102 3604 4472 3851 4661 6094 8133 12323 11756 10484 11973 10060 6489 5110 1452 7025 9681 9868 11423 10953 3783 12232 14776 6024 9419 8919 4621 5683 3615 9122 9800 5387 11287 11456 5763 18592 10336 5236 5293 6408 7782 10627 11169 9043 7298 10133 6889 5627 3882 11506 3919 7676 1536 7802 9384 9218 6333 4765 5042 4631 11946 4492 4979 1792 8857 6541 10764 9131 9920 9527 5719 1781 10670 4580 6323 7672 5787 6180 8667 5372 5322 13614 5061 10463 11453 9048
