200 9 1
161 254 92 134 168 219 160 35 107 104 87 234 202 97 1 103 175 74 74 60 126 105 1 2 27 83 209 55 151 53 187 107 90 33 183 221 192 86 181 15 81 98 142 66 154 1 122 66 38 1 70 209 178 48 170 48 180 22 172 85 96 130 137 230 216 91 225 1 159 82 132 172 65 125 119 129 88 89 24 34 106 111 1 95 17 131 32 40 105 167 156 1 148 1 164 114 147 27 51 1 1 77 196 84 68 40 201 74 88 1 110 98 96 79 267 93 179 1 138 164 85 1 117 1 158 1 82 22 281 59 79 64 1 33 137 136 109 1 14 78 168 35 26 187 192 102 1 1 123 57 29 192 74 106 112 90 120 237 1 57 183 154 95 166 1 85 154 57 71 71 37 10 1 112 14 71 121 63 71 247 133 159 29 169 1 97 130 73 155 123 16 192 219 94 214 5 62 127 150 246

16 38 42 26 31 1 41 30 3 17 19 30 17 40 29 36 2 33 1 17 38 47 1 33 23 35 31 13 25 19 32 1 19 18 4 39 1 33 31 29 3 1 1 38 28 1 37 1 8 7 44 38 4 2 1 28 8 5 3 18 36 22 36 21 8 1 22 1 24 21 20 39 29 13 41 15 15 34 14 8 30 14 17 39 32 20 12 61 1 31 30 20 31 4 26 14 23 12 1 19 29 23 25 32 11 1 52 37 1 1 30 30 20 26 25 37 11 2 19 23 1 12 38 11 45 32 1 7 42 36 12 36 6 36 22 13 38 33 33 4 24 14 1 8 1 29 21 33 14 7 1 1 34 27 4 53 35 1 45 47 1 32 1 1 8 27 1 17 17 9 29 11 16 20 44 33 38 9 22 35 1 35 1 24 48 24 28 9 1 15 36 1 24 17 46 8 18 16 21 1
34 39 51 39 50 14 43 38 11 20 35 33 19 52 48 41 9 37 20 27 49 64 17 50 25 49 35 28 43 22 46 24 40 29 21 51 10 41 52 42 19 2 2 45 30 2 51 21 26 19 46 56 10 23 3 47 14 6 5 30 41 34 48 39 12 19 27 9 26 24 24 53 42 33 55 44 17 54 33 32 36 29 43 61 41 22 16 71 2 48 46 34 47 8 41 32 28 15 18 28 37 27 30 37 24 9 57 48 21 7 49 38 42 37 46 55 39 11 27 25 20 24 49 27 57 45 12 20 52 43 15 49 11 44 32 23 43 53 34 17 37 24 3 13 19 30 46 46 19 18 13 2 36 41 29 64 42 6 69 58 9 41 12 24 9 32 18 29 26 18 39 27 21 24 57 38 44 16 25 56 12 39 7 36 51 37 33 22 15 20 44 4 29 33 47 16 25 34 40 21
59 51 55 54 68 22 54 45 35 25 51 55 32 68 51 66 10 44 21 33 59 67 20 51 33 64 38 32 46 51 54 37 52 30 28 57 24 55 69 56 32 5 14 53 49 6 56 28 50 32 62 66 16 24 28 52 34 15 22 36 51 50 73 45 20 27 52 17 38 26 37 62 55 46 58 45 37 62 37 53 39 40 44 69 54 27 33 72 5 67 54 37 66 22 56 39 42 40 33 42 38 28 54 61 44 26 69 60 29 12 72 60 61 39 47 59 48 19 38 27 36 40 56 46 79 55 24 22 66 64 28 51 25 56 49 35 59 73 36 25 53 34 23 18 32 42 48 64 25 30 25 3 54 47 41 83 52 27 74 66 28 58 26 43 21 42 30 39 35 22 55 39 23 25 69 52 45 30 43 59 13 57 8 38 71 49 40 34 25 21 46 17 37 34 62 29 30 47 43 35
69 63 62 73 75 31 58 66 62 32 65 57 37 87 60 72 16 58 32 63 60 81 24 53 35 75 42 44 57 71 67 39 65 43 49 74 34 77 78 82 34 12 19 59 56 22 61 29 53 36 79 78 18 25 39 73 46 27 43 39 61 53 94 58 33 31 58 26 43 45 39 68 67 61 59 46 50 81 43 55 47 42 61 72 55 40 41 74 6 83 71 43 83 33 57 47 47 49 58 53 46 34 60 70 51 67 70 89 35 32 76 77 68 48 61 61 65 28 49 28 44 48 67 53 83 58 25 47 88 78 33 55 28 61 71 44 64 86 39 35 54 41 34 32 36 51 51 78 35 41 37 23 66 50 43 96 94 36 85 80 45 60 39 50 38 58 54 48 38 44 57 55 27 27 83 54 46 33 55 66 22 71 26 40 73 62 62 49 37 36 48 30 52 39 64 52 34 54 57 45
97 84 83 79 100 46 71 67 70 38 66 73 44 101 68 79 29 69 54 82 79 84 36 66 54 79 45 62 62 84 74 59 70 47 50 85 46 87 91 92 40 17 21 71 57 24 62 37 55 38 87 88 32 30 40 74 64 49 46 52 80 65 102 73 36 39 64 32 54 55 45 78 75 67 70 51 66 88 47 66 71 55 79 86 64 43 42 79 27 84 77 46 88 45 58 53 65 68 61 67 52 56 81 77 65 83 78 97 40 46 91 94 85 57 67 66 66 36 57 41 45 64 90 65 84 59 26 48 91 84 52 59 49 62 78 51 80 91 43 48 67 49 54 47 53 65 64 86 42 51 49 54 68 57 45 109 108 54 87 92 46 76 59 55 48 59 68 53 40 56 67 69 31 47 108 60 59 34 72 77 26 76 37 53 83 74 72 64 50 37 62 32 57 43 65 53 54 68 65 54
105 95 84 97 114 56 82 91 73 44 80 74 64 102 73 80 31 70 58 91 86 85 46 67 67 93 59 63 81 89 87 61 73 53 52 87 53 109 110 111 48 21 24 72 67 41 69 44 72 39 100 90 42 32 50 95 75 59 55 53 92 66 105 90 46 47 71 38 63 59 46 85 86 75 81 69 67 89 59 88 83 75 99 95 85 52 43 80 34 86 100 48 104 62 80 64 74 70 63 74 58 83 93 88 76 94 87 99 42 55 96 112 90 69 69 70 72 49 58 57 53 84 94 87 93 73 37 53 108 89 60 70 55 70 96 65 102 113 44 68 71 54 72 60 63 66 78 87 48 59 68 66 76 61 53 114 116 60 99 95 55 83 66 70 58 60 76 66 45 71 68 73 41 52 120 67 69 46 85 84 34 84 43 54 95 91 77 78 63 54 73 33 66 50 81 58 59 69 69 66
129 113 110 107 119 73 92 100 79 63 96 82 70 117 80 85 36 92 61 103 90 104 61 83 88 94 69 78 92 109 88 70 85 64 60 95 56 110 123 125 69 53 25 76 83 62 83 58 81 44 114 93 43 48 71 97 76 71 66 66 96 71 109 96 60 56 86 56 74 63 57 96 96 79 90 79 68 93 61 97 84 84 103 99 87 57 51 82 40 88 106 63 107 64 86 69 80 79 80 75 83 89 122 95 83 99 102 107 56 59 107 125 108 80 75 86 83 58 85 73 56 108 105 88 112 74 51 61 109 97 66 73 65 75 103 69 119 122 60 81 76 57 81 76 70 85 79 100 57 71 83 87 81 70 59 122 120 76 116 106 71 96 85 78 64 78 89 78 60 91 95 96 48 60 132 78 74 60 101 104 45 98 53 59 116 109 78 100 89 62 74 40 79 56 91 60 65 81 74 67
130 128 127 123 124 80 115 110 81 75 98 93 74 141 81 95 56 93 75 113 99 115 68 98 97 101 84 82 107 111 92 74 88 86 61 109 64 125 129 133 78 70 34 78 84 63 104 59 91 56 123 108 57 50 82 101 84 83 76 76 110 75 116 99 78 78 92 58 75 85 73 112 113 90 91 96 80 102 70 108 92 95 107 114 95 72 67 102 51 94 118 76 118 76 91 71 87 94 90 91 96 106 134 101 91 109 114 117 68 81 113 134 121 94 84 92 88 68 92 79 71 122 121 95 137 94 57 72 132 115 69 85 69 81 109 85 130 133 80 95 89 76 91 91 81 86 80 109 67 86 96 88 82 88 71 133 135 91 126 107 73 101 99 83 73 81 110 80 61 102 116 97 50 70 144 86 84 61 105 114 57 108 64 60 137 122 80 115 94 63 97 53 103 68 107 77 94 96 82 84
145 140 133 127 140 97 138 122 90 79 103 96 82 159 93 107 76 108 82 124 108 116 73 112 104 118 86 95 109 133 99 87 91 103 68 112 90 136 153 145 87 75 49 91 89 69 114 71 95 61 133 126 76 56 99 115 104 91 77 85 115 84 118 105 83 79 96 59 84 99 77 128 119 113 98 120 87 110 92 119 106 98 118 130 98 83 72 104 62 97 129 93 129 93 94 88 93 100 93 92 98 113 136 115 107 120 124 136 79 98 118 137 125 100 108 100 107 80 108 94 92 124 134 96 138 105 75 84 140 121 74 109 81 98 118 86 131 141 93 101 92 82 92 94 87 105 89 117 76 98 109 95 95 98 82 141 138 97 144 125 90 102 119 96 84 91 112 93 67 113 134 108 52 87 159 92 88 76 111 132 63 126 68 82 148 147 107 119 107 78 109 66 114 76 122 89 109 111 93 104

5 1 2 1 23 15 9 1 23 26 9 17 2 5 11 10 9 6 8 5 16 7 1 11 4 15 10 1 8 8 18 1 6 10 6 2 13 12 8 9 1 17 13 22 1 17 4 12 13 11 4 12 20 28 10 19 3 12 1 13 18 5 1 15 10 8 15 11 8 5 2 5 25 1 9 2 13 19 7 11 1 12 1 9 4 9 10 9 5 10 12 1 30 12 23 18 10 5 12 4 12 14 1 18 2 19 22 2 26 14 4 9 1 9 1 10 1 6 3 4 18 7 2 15 15 16 10 17 14 1 6 18 7 8 7 25 9 13 7 11 5 5 32 6 1 4 13 11 29 9 22 12 9 6 12 15 1 19 1 15 16 15 1 17 10 5 7 6 12 14 11 17 16 1 9 18 16 10 12 16 15 10 14 11 9 16 5 22 5 9 16 13 4 23 13 5 2 1 3 11

9757 9300 13253 8055 6764 10362 6741 13295 13541 9047 5915 7595 11051 8278 6565 10907 13469 2550 9032 10204 13012 9163 10854 5020 16202 7063 5830 17373 6486 13526 11621 1805 7555 5615 13314 9988 8893 5128 12576 7441 10504 9311 11821 12658 3861 13931 172 8041 14241 11811 6024 8579 17049 7184 10355 5861 11789 12415 7761 8588 16847 17738 10583 13258 9058 6359 13534 7425 16130 12798 6541 10334 8619 8959 10091 5207 6471 4250 393 12883 7475 5746 6137 5434 9025 11451 12125 12984 6027 13456 11486 10357 5870 10089 7864 11217 17290 12114 17778 5151 7251 6633 5168 7818 8963 15779 11491 7075 5318 12418 16748 1181 7702 9336 8707 2147 10913 10022 10775 1691 17531 11885 10939 13869 9237 10631 2219 13993 3207 8664 5969 9132 11064 11534 5968 12347 14916 11658 14019 6625 5943 12128 10170 410 8304 2707 10116 6955 13928 282 17778 5485 11199 5884 13278 6248 13962 12757 9935 6824 14278 10662 7813 7837 7499 13109 10420 18223 7125 7465 5056 8771 12519 6564 9482 11700 7231 10931 12182 11213 10977 5641 10186 8493 5877 17187 7531 18139 17386 12319 11905 8535 7858 11709 10188 12065 5170 12512 15024 9460
11086 10409 14919 8941 7962 12633 7464 16225 15376 10446 7143 8918 13560 9700 8134 12467 16653 2931 10196 12434 15947 11166 12295 5861 18102 8295 6612 19662 7257 15077 13017 2221 9007 6247 16388 11370 11063 6345 13920 8393 12832 11337 14514 14881 4772 15707 194 8991 16282 14756 7472 10587 19623 7917 12133 7285 14671 15343 8706 10172 19328 20096 12337 15842 10282 7084 15369 8828 19279 14711 7851 12306 10097 10572 12281 6339 7501 4945 477 15216 8987 6664 6991 6403 10758 13750 13528 15397 7166 14816 14213 12078 6659 11645 8859 12365 21611 13729 21860 6305 8707 7297 6208 9487 10126 19634 14022 8840 6573 14169 18586 1403 8859 11440 9966 2601 12523 12184 12748 1898 21090 14363 13085 16788 10598 12162 2635 16264 3686 10471 7108 10496 13554 14001 6749 13884 18488 13093 17299 7323 6767 14030 11209 472 9207 3344 12506 8102 17134 344 20848 6064 13044 6740 14709 7804 16476 14679 11809 8353 17500 12127 8835 8630 9268 15719 12712 21051 8580 8636 6142 9930 14876 7290 11109 13141 9003 12441 15188 13164 12923 6638 11311 9834 6720 20293 9239 22348 19582 15251 13823 10456 9068 14415 12613 13458 5956 14412 18484 10437
13175 11793 17787 10477 9382 14435 8833 17733 18590 11547 8551 9718 14913 10668 8949 14100 18096 3455 12091 14364 18390 12456 14279 6737 19936 10017 7665 23313 8542 17558 14649 2529 9876 7611 18982 12385 12930 7051 15704 9516 14329 12478 15786 16206 5333 17315 215 10553 18810 17186 8660 12584 22570 9062 13719 8553 15926 18001 9702 11762 21463 23782 13722 19109 11267 8121 17457 10573 21304 16940 8841 14770 11767 11654 13364 7552 8656 5913 525 18271 10475 7924 7932 7554 12646 15398 15915 18544 8527 17425 16062 13939 7622 13906 10471 14755 24522 15780 25310 7324 10054 8144 7075 11212 11858 21614 15632 10045 7574 16067 21280 1624 10096 12416 11548 3007 13847 13573 14414 2265 23431 15659 15175 20245 12514 14128 3136 17708 4294 11362 7750 12359 15889 15560 8192 16723 22010 15406 19487 8622 8128 16975 13174 572 11095 3677 14226 9554 18714 411 24819 6883 15837 8073 16044 9017 19129 16136 13437 9612 20228 13806 10403 10498 10640 17942 14367 24276 9389 9587 7383 12012 17712 8529 12101 15401 10445 14118 17179 14500 14839 7259 12511 11638 7891 23572 11059 24405 23833 17042 15837 11585 9934 16397 15086 15829 6901 16780 20551 11419
14492 13106 20455 11329 10294 16594 10429 19404 20016 12515 9418 11345 16328 12532 10355 16194 20970 3818 13749 15875 21629 13577 16089 7344 22285 11227 8403 26648 9415 19478 16816 2874 11556 8492 20878 14791 14174 8007 17056 11095 16733 13726 17900 17979 5893 19635 245 12502 21033 18623 10022 13461 26539 10194 16096 9753 18175 21100 10509 12945 23798 27689 15931 20705 12216 9421 19398 11896 24783 18539 9694 16236 13053 12901 14425 8393 9685 6503 597 20465 12223 8902 8666 8839 13911 17789 17533 21093 9270 19940 17908 15462 8898 16045 11725 16150 27047 17265 29014 7930 11827 9641 7654 12611 13386 24503 17032 11564 8566 18727 24925 1918 10872 13941 13613 3295 15151 14983 15636 2636 27020 18349 16486 23040 13461 16755 3606 20002 4821 12627 9238 13832 17559 17204 9436 18476 23673 16598 22118 9506 8919 18730 14354 667 12210 4284 15571 11150 20432 447 28562 7896 18350 9031 17955 9874 21306 18146 15696 10544 22838 15232 11801 12090 11667 20239 16818 26119 10288 10554 8304 13698 20396 9995 13470 17693 11359 16208 19085 15810 16078 7964 14243 12809 9071 26253 12074 26975 27179 18908 17395 12634 11362 17674 16485 18112 7736 19453 23066 12899
15504 14533 22337 13179 11718 18195 11309 20989 23253 13445 10124 12481 17896 14127 11533 17740 23450 4196 15714 17277 24659 14511 18017 8381 26307 12121 9821 29423 10735 21285 18965 3189 13413 9245 22841 16442 16172 9202 18565 12543 19321 15972 20825 20605 6444 21551 280 13351 23147 21240 10849 14534 30779 11195 17320 10404 20605 22818 11461 13834 27151 30926 18254 23079 13204 10607 22408 12821 26472 21646 10529 17300 14897 13901 15685 9189 10520 7462 637 21834 13471 10286 9785 9485 15208 19969 19760 23457 10705 22876 19525 17692 9634 18304 13346 18352 29104 18997 31697 9014 12909 10742 8470 13892 15059 26968 18778 12793 9465 20875 26704 2126 11762 15800 15315 3712 17739 16034 16935 2868 30417 20112 18704 24992 14810 18547 3863 22584 5534 14445 10425 15181 19764 19433 10562 20285 26311 18327 25173 10595 10367 20750 16342 732 13943 4734 17838 12106 22793 512 30990 8598 20979 10072 20297 11202 23379 20784 16752 11473 25590 16365 13326 13597 13224 21751 18288 30134 11240 12210 9391 15398 22455 10733 14469 20397 12414 18535 20375 17014 18496 9286 16685 14620 9807 28437 13877 30391 29714 20719 19841 14081 12326 18911 17615 19664 8959 22103 25276 14441
17600 15968 23675 14483 13110 19834 12236 23876 26551 15345 11578 14137 20435 15199 12996 19382 25231 4751 17964 18969 26995 15585 20609 9262 28770 13730 11156 32097 11840 23691 20415 3443 15188 10042 25778 18536 17667 9886 21165 14023 20847 17695 23353 21993 7108 23368 313 15283 26641 23250 12171 16174 33680 12658 18630 11484 23507 24810 12340 15174 29819 33042 20525 25806 14491 12029 25730 14553 30045 23222 11739 19534 16818 15965 18114 9767 12005 8172 713 24112 14380 11282 10617 10385 16816 22684 22251 26524 12202 26056 21154 19733 10954 20796 14646 20323 31881 20876 34907 9849 13900 11643 9307 15020 16275 28733 21242 14099 10658 23006 30309 2415 13000 17417 16848 4002 19900 17501 18588 3063 34766 22091 21298 26753 16231 20438 4207 25435 6311 15425 11882 16364 21845 21788 11461 23195 29253 20008 28553 11627 10998 23584 18570 786 15410 5337 18877 12832 24300 577 34340 9725 22811 11402 21804 11969 26645 23270 19025 12386 28863 17773 15130 14981 14208 23848 20685 32844 12593 13980 10083 16566 25352 12067 15472 22067 13829 19809 22672 19706 21202 9864 18433 16717 11161 32285 15739 34688 31967 22130 21168 15487 13544 21385 19279 22513 9569 23496 26898 15477
19947 17225 26667 15778 14245 21676 13489 27197 28086 16732 12184 15295 22392 16407 13711 21830 27866 5195 19360 21442 29813 16702 22633 10443 31153 14676 12477 33912 12803 25905 21709 3707 16431 10662 28087 20226 19239 10549 22754 14869 23244 19899 26201 23930 7762 25851 334 17167 28283 24453 13403 17392 36760 13771 19908 12277 25983 26849 13840 16035 33369 35911 22809 27971 16354 13113 27796 15304 33376 24569 12790 21018 18720 17174 19419 10659 13142 8843 791 27146 15607 12706 11588 10953 17925 24557 23595 28141 13238 29121 23976 20971 12275 22813 15901 21701 35188 23812 37306 10805 15680 12397 9983 16743 17675 32460 23585 14861 11868 24835 33651 2641 14815 18715 18349 4246 22339 19126 19966 3293 38079 24484 23826 28177 17726 23041 4452 27915 6693 16810 13337 18431 23173 23637 12666 24869 30780 22098 31681 12637 11967 26253 19607 849 16803 5738 20740 14541 26129 627 36682 10971 25427 12614 23570 13003 28916 25332 20890 14018 30745 19838 16458 16771 15089 27071 23053 34749 13487 15257 11291 18274 27984 12795 16464 23497 14627 21598 25654 22298 22426 11082 19692 17720 12090 36447 17210 39169 34306 24966 24014 17021 15466 24120 21430 24448 10267 25209 29281 17583
20951 18216 28364 17250 15109 22862 14823 30358 31409 18683 13357 16116 24043 17429 15337 24544 30848 5568 20368 23126 31260 17665 24639 11558 34586 15599 13320 36322 13787 27304 24500 4122 17945 11537 29473 22571 20931 11275 25328 16056 25203 21008 29057 25854 8469 28446 374 18442 30221 27313 14397 18442 40537 15104 22443 13409 28776 29459 15499 17787 37139 37719 24662 29879 18138 14351 29499 16523 36678 27475 13592 22500 19974 18408 20752 11561 14480 9795 856 28747 16558 13903 12577 12154 20074 26806 25801 30033 14636 31422 25550 22827 13410 24226 17187 23346 37128 25754 39624 11812 16657 13078 10957 18053 19574 35753 25139 16531 12791 27146 36843 2764 16042 19885 20340 4636 23526 21172 21191 3474 40518 27182 25553 30599 19535 25393 4908 30979 7232 18311 13949 19498 25647 25367 13634 27078 33108 23900 33367 13643 12687 28185 21659 932 17967 6357 22299 15839 29301 655 40014 12150 26744 13731 25080 13676 31725 27050 22621 15551 32528 21633 18020 18648 16095 28566 25286 39022 15244 16286 12331 19839 29287 14377 17715 25000 15673 24210 28649 24760 24172 12004 21651 19612 12984 39745 18386 42307 37234 27636 26877 19139 16777 25694 23591 26715 11434 27063 31290 19751
23164 19770 31521 18311 16696 24350 16217 33212 34508 20298 14376 17438 26312 18970 16050 27037 32524 5908 22622 25442 33576 19177 26062 12502 38291 17356 14266 39882 14447 29819 26531 4359 18994 12507 31642 24078 22348 12108 28175 16829 26326 22468 31383 27618 9282 31740 406 20327 32154 29698 15897 20085 44155 16475 23779 14026 30154 31080 16690 18803 39092 40161 26063 33140 20188 15630 31189 17918 39400 28902 14446 24843 21004 20641 22896 12536 16041 10808 916 31085 18071 14673 13576 13217 21563 28100 27207 31801 15363 33258 26753 24165 14572 25765 19088 25548 40805 28303 41730 12385 18341 14329 12225 19412 21159 38848 26962 17248 13979 28598 39405 2901 17915 21355 21608 4974 25306 23623 23787 3665 42495 29284 27752 32868 20905 27264 5248 34337 7950 19494 15016 21534 27374 26637 14310 29970 35073 25529 36618 14823 13694 30279 23334 979 19290 6889 24561 16576 31177 705 41833 12779 28347 14588 27868 14526 34528 29042 24937 16250 35939 23619 19533 19699 17606 30886 27714 42404 16031 17841 13266 21578 31931 15055 18875 26322 16619 26145 31472 27289 25735 13279 22819 20762 14003 42337 19823 45837 39720 29625 28753 20559 17650 28483 24788 29102 11974 29691 34054 21116

5058 7854 8399 4988 4366 6864 5833 7918 10356 4626 4501 5618 7961 4495 3599 5753 7615 1323 4947 5961 7946 5577 9754 4072 11644 4569 4711 11081 4447 12022 7764 1481 5145 3314 7839 8341 4626 3906 6511 5164 7691 8019 9364 9015 2903 12488 114 6047 9711 8953 5174 5835 9921 5352 5778 4972 8021 9997 5781 5789 9216 9235 6579 10550 7835 4768 10643 6680 9434 10055 5011 7659 4748 6305 7838 2794 3409 2781 246 9765 6585 2887 3651 2777 4743 7587 10452 11151 4568 10407 6010 8561 3172 8714 6321 8283 13282 9567 10794 2841 5320 5343 3671 5766 6310 12665 7824 5187 2685 8464 11765 930 6212 6624 6132 1905 7222 6813 6468 1489 11468 7402 7112 11618 7223 9539 1126 10878 2535 5104 3989 5282 7548 10209 3053 8910 8711 10327 9715 5153 3142 9631 5724 248 4675 1653 8367 3709 12312 174 10510 3309 9207 3953 8055 4611 8700 10972 6183 4728 12576 9093 6789 6481 6544 8268 7761 12395 5724 4090 3403 6600 7554 5115 7962 9428 4780 7502 10439 5848 5551 4896 6246 6313 4211 13741 5301 13577 11607 10267 6204 5511 5535 9022 5339 6500 3272 6590 12874 6634
