200 9 1
1 171 1 201 82 173 45 122 49 218 1 100 72 111 201 164 159 148 1 1 140 49 150 94 1 148 31 178 79 33 181 55 122 1 92 120 50 24 165 187 14 146 168 125 68 1 49 121 236 117 64 1 114 1 171 1 139 1 1 175 171 66 73 116 169 189 41 191 255 129 80 163 87 1 26 73 186 54 75 132 88 247 1 31 197 198 147 208 1 178 110 232 1 63 141 1 84 22 104 113 18 108 240 26 1 261 129 81 77 109 1 117 94 12 97 1 106 151 89 42 169 1 1 107 154 133 172 195 137 151 220 187 218 101 109 45 105 213 141 172 119 83 56 341 79 1 80 63 1 31 249 108 141 1 114 91 56 50 88 233 96 44 156 193 147 168 188 111 120 139 35 188 79 1 218 286 97 157 1 120 17 59 240 109 28 128 186 128 136 97 143 106 175 163 1 1 113 210 180 104

29 30 23 19 10 16 34 27 1 38 21 22 39 41 29 18 26 1 23 8 10 10 14 15 1 34 4 17 22 1 16 29 8 60 9 9 42 12 13 10 25 17 11 19 1 27 5 52 33 22 6 2 16 41 25 33 19 41 12 10 21 7 12 26 11 22 14 28 3 45 44 14 41 22 21 38 10 4 14 36 31 29 36 23 20 35 18 51 22 12 3 2 1 17 1 21 19 31 22 1 27 7 28 23 1 2 11 6 16 1 18 3 51 21 29 57 24 26 1 35 8 19 1 12 39 27 17 2 14 39 29 33 21 33 33 42 1 1 32 11 10 38 10 19 50 41 19 26 1 13 1 11 4 15 19 1 1 13 31 1 34 28 22 44 16 26 1 12 1 17 44 21 43 15 16 19 39 8 39 14 1 28 18 21 1 24 34 25 17 1 19 18 1 16 29 28 24 18 41 23
52 33 37 20 21 29 39 42 10 52 46 42 43 51 52 34 41 9 38 14 22 30 17 17 11 40 6 26 27 19 25 30 23 79 15 26 60 20 32 30 47 27 28 20 12 44 12 53 39 36 22 8 17 47 46 43 33 46 18 22 40 9 37 40 29 29 19 35 34 54 48 26 50 23 23 56 11 11 20 50 41 39 52 40 30 36 36 55 30 25 12 12 28 24 2 28 42 42 23 9 41 11 37 31 3 3 22 13 35 23 24 11 59 34 30 58 34 36 11 42 18 42 4 27 44 31 33 14 21 41 34 45 47 34 45 56 7 11 43 15 12 54 18 24 56 53 34 32 6 21 8 16 9 19 24 8 15 26 50 7 38 49 34 54 29 41 10 17 17 27 54 25 53 27 21 25 42 19 46 16 14 29 26 25 8 35 58 30 18 24 26 22 11 29 48 39 25 29 52 28
67 42 49 38 32 30 63 62 22 54 51 50 44 55 58 35 51 31 64 22 28 44 18 30 23 54 7 28 34 20 26 42 44 84 22 34 72 26 42 47 58 34 29 41 23 66 17 54 64 57 27 25 18 48 71 46 35 58 20 39 47 37 41 42 46 34 25 48 54 63 62 39 60 32 33 68 18 26 31 72 43 48 53 57 39 41 47 74 31 34 13 32 37 36 7 38 54 56 44 27 46 16 60 44 6 19 31 34 41 35 38 26 66 35 33 67 39 49 25 60 28 43 5 28 64 39 46 44 33 71 38 46 50 48 48 66 14 15 63 27 17 64 22 42 80 57 42 43 28 28 21 26 31 32 26 14 33 33 51 12 40 60 53 70 52 42 15 25 25 41 65 30 60 28 38 47 51 20 60 29 27 39 51 26 27 36 70 38 22 32 34 28 12 31 56 46 28 37 62 44
74 61 52 45 36 37 82 67 31 75 59 68 50 58 77 60 75 41 74 35 30 65 27 31 26 55 19 57 39 27 41 50 55 85 23 44 78 50 52 58 76 53 49 53 58 69 18 56 72 60 41 36 19 55 83 49 38 84 30 53 61 53 42 46 47 38 36 64 79 66 66 49 62 37 50 69 35 43 48 75 47 68 60 61 41 65 54 81 41 38 18 35 48 57 25 48 63 61 66 29 54 20 70 50 25 38 48 41 56 47 56 30 81 40 55 77 51 54 49 70 43 62 13 43 86 59 48 56 35 72 49 53 60 58 49 78 29 29 69 40 18 68 28 58 92 69 64 61 41 40 33 43 51 48 28 29 59 42 54 21 45 67 67 73 68 51 32 26 36 54 66 51 69 40 48 54 66 28 62 50 29 54 52 35 34 37 82 49 28 40 41 46 37 55 84 60 33 38 65 65
80 77 60 63 40 48 94 69 41 90 86 75 61 69 92 71 81 52 79 40 38 87 42 32 46 73 22 60 41 33 52 63 60 95 26 50 92 70 59 60 93 60 56 56 61 83 26 57 103 73 51 37 31 72 98 64 42 88 32 72 62 66 59 50 56 42 52 72 85 76 68 56 74 55 55 81 56 44 67 93 65 74 62 64 44 78 56 96 60 61 39 42 72 64 39 60 72 67 86 45 55 39 86 68 43 44 59 49 62 51 59 38 100 49 61 91 60 55 51 81 59 91 15 54 87 69 56 66 48 75 70 78 65 68 58 87 30 31 76 59 29 80 37 65 95 82 81 67 55 45 37 52 57 56 33 36 76 50 68 26 55 80 90 91 93 53 46 30 43 76 68 55 75 44 59 63 85 42 72 63 42 63 69 36 43 55 95 64 33 52 46 58 50 76 93 68 44 40 78 76
91 90 63 77 43 50 117 75 70 97 92 86 66 82 99 77 104 67 103 41 43 96 53 34 60 79 23 80 56 45 66 76 72 102 39 62 94 71 66 82 108 67 68 66 67 100 30 76 119 84 60 49 32 73 103 74 52 101 45 83 63 68 62 75 59 53 58 99 93 80 72 73 96 66 61 99 72 47 74 97 81 92 71 70 53 85 65 103 61 70 48 54 87 77 44 61 85 78 99 63 67 55 101 69 55 55 68 58 76 62 65 48 108 65 70 93 76 64 58 95 70 95 25 66 100 80 76 79 62 95 71 96 69 73 75 100 31 32 86 75 50 97 45 66 102 86 82 68 63 49 56 68 62 63 37 43 99 59 81 35 60 95 97 116 94 76 57 36 49 91 86 69 84 58 76 64 92 50 85 72 51 74 96 44 66 57 110 81 38 64 60 77 68 85 105 70 59 61 84 82
96 120 64 93 66 67 132 103 80 113 97 99 89 100 110 89 113 76 112 53 69 102 67 35 70 91 41 81 60 49 78 96 88 118 40 68 102 80 78 95 109 71 70 79 81 121 48 82 124 100 69 62 40 80 109 87 62 108 49 93 68 77 74 80 68 54 70 111 120 84 95 83 99 67 84 103 86 60 93 110 90 108 84 94 66 90 75 115 81 79 49 64 94 78 55 67 89 79 107 71 76 75 119 70 58 57 84 59 77 74 76 49 129 78 72 97 83 75 62 106 80 96 52 76 104 84 83 84 77 104 88 97 75 78 97 109 35 40 94 78 72 101 52 79 118 101 87 89 84 59 65 89 65 71 60 55 105 62 86 49 80 103 102 120 95 91 63 58 60 101 97 70 85 68 81 81 112 52 90 73 52 94 112 46 67 65 115 88 39 81 63 79 77 89 117 74 69 91 85 85
116 131 80 99 90 74 153 124 86 119 102 106 102 109 127 103 121 78 118 60 70 110 68 37 87 100 49 96 89 66 101 103 95 132 49 73 112 88 99 97 118 74 71 80 85 122 62 91 134 116 72 69 43 81 132 97 69 112 58 106 75 99 79 95 83 55 76 112 139 86 101 91 119 80 86 109 91 61 114 130 100 118 88 97 77 100 91 125 95 90 55 75 103 91 75 88 102 81 110 96 81 97 134 85 69 63 89 82 100 88 77 65 144 84 92 123 96 93 68 110 88 101 53 84 110 90 91 97 99 122 93 108 91 83 100 119 44 49 109 84 84 103 69 89 129 122 110 99 110 70 91 93 67 74 64 64 117 63 95 74 84 112 117 127 96 96 82 63 69 111 98 77 106 83 90 98 119 75 111 88 72 99 126 66 69 80 125 111 47 94 78 89 99 98 142 79 77 110 104 87
127 149 92 117 92 78 160 131 90 125 112 120 114 119 132 121 129 90 152 83 78 118 93 47 108 107 56 103 100 74 107 120 99 135 50 79 124 102 112 117 123 81 77 87 96 143 74 95 148 138 85 71 44 101 141 108 83 129 65 117 84 113 100 98 102 68 87 139 148 88 103 95 138 96 99 111 110 74 124 136 101 127 90 100 95 110 116 138 101 95 72 82 128 101 77 96 109 93 125 103 90 99 135 107 77 79 104 89 117 98 98 66 146 90 99 135 100 95 80 126 97 118 61 94 123 96 99 102 110 125 118 110 92 94 118 147 58 68 116 88 96 120 75 99 136 143 125 113 118 71 107 103 73 84 67 73 118 68 100 78 88 113 126 138 106 101 94 66 90 124 118 78 120 92 105 104 125 79 112 89 76 101 133 71 84 99 135 128 56 102 80 99 100 106 146 94 95 112 118 94

4 6 1 1 16 7 1 4 8 17 26 9 22 9 13 10 1 20 12 5 20 19 19 4 16 10 1 11 14 1 11 15 19 3 24 13 19 16 9 10 16 10 11 6 7 4 6 4 11 6 10 23 5 24 10 15 33 14 15 17 1 2 13 9 15 18 9 8 4 6 12 25 1 1 21 12 19 13 9 9 23 9 17 10 13 6 1 6 15 5 10 23 7 17 7 11 3 9 1 7 16 8 4 14 15 25 6 5 10 8 2 17 4 5 23 1 14 24 2 2 20 17 6 19 15 20 11 17 10 16 12 16 3 1 12 14 26 1 12 9 16 1 24 4 18 12 4 4 10 5 21 13 2 7 1 14 16 27 5 1 8 1 3 5 11 1 6 24 13 28 15 9 18 24 14 13 3 15 5 15 14 5 10 1 19 8 21 1 2 1 12 13 1 3 9 2 11 16 16 12

13872 11807 12853 5378 7682 1949 14536 8211 9440 11498 14511 12176 11408 19437 6455 7180 7356 16522 12168 16560 9157 10558 13352 17300 12334 7999 6302 6428 7151 9433 12877 9442 14133 8058 9173 13468 8129 2773 12284 12945 11047 6213 16663 9307 14413 5409 7498 14707 7461 10999 12103 9632 9268 5798 12704 6680 7678 13752 8800 6830 6008 17296 8664 16656 11590 469 6077 6558 13789 16945 7052 13396 7190 7731 6904 5937 7426 8329 6826 15040 7258 12933 8016 5778 14872 8877 1079 1294 11378 10356 5503 7865 12463 12512 2775 7975 6377 12829 10797 9507 20075 5426 8983 6569 8502 14441 13951 11920 6084 1912 8969 5185 14792 12651 7968 6145 13296 10980 10797 14436 12547 6505 827 11466 13436 11757 18184 5385 10991 15864 15519 11993 12294 9972 14840 6854 13584 8662 7125 15092 10098 16387 13099 15648 17096 7362 8393 12287 10745 8859 11235 10044 6361 5923 6107 9822 11437 1418 12390 14692 2973 15748 8214 1171 3113 14321 764 13752 14870 14199 11761 8831 5558 7299 3615 10783 14081 12887 13181 13334 14697 12121 12186 7815 10363 6631 8561 11909 14690 6128 12088 545 18187 13092 17096 19931 15708 14531 8841 8446
15769 13625 15117 6505 9459 2408 17710 9468 11235 12863 17965 15171 13075 24294 7783 8378 8104 18309 14021 19103 10269 12772 16305 21080 14904 9396 7292 7252 8598 11369 15264 11038 16868 9795 11292 15304 9550 3174 13873 14646 12739 7755 20600 10617 17476 6038 8704 16248 8990 13659 13668 10725 10493 6423 14185 8142 9240 16872 10272 7830 7149 20676 10610 19684 12881 563 7113 7895 16671 20941 7964 16398 8606 8673 7966 6867 8293 9312 7904 17329 8303 14355 9356 6793 17510 10114 1246 1531 13807 11656 6574 9362 15566 15348 3109 8926 7380 14879 12870 10523 24837 6746 11080 8173 9974 15886 17415 13425 6994 2135 11110 5838 16853 14494 9131 6964 14969 13018 11955 15986 14589 7951 1020 13482 15931 13001 22176 6233 13436 19354 17387 14106 13792 11359 16972 8242 16535 10747 8023 18172 12188 18252 15231 17877 19001 8742 9939 15034 12910 10660 13849 11940 7593 6793 7077 11837 12637 1699 14856 17157 3608 17515 9127 1301 3552 15861 849 16829 17465 16401 13178 10575 6510 9000 4240 13297 15929 14313 14642 15159 16350 13713 14234 9092 12923 7650 10671 14585 17412 7108 13358 613 21296 15219 20825 23387 18849 16571 10852 10500
17892 14964 18305 7335 11099 2763 19378 11356 12285 14641 21277 17604 14234 26811 8559 9699 9838 20031 16371 22521 11908 15189 17692 24628 17057 10996 8779 8194 9647 12329 17328 12512 18610 11654 13049 18555 11176 3724 15344 17685 14736 8834 22302 12691 19344 7210 9999 18139 10737 15001 16670 11959 12599 7348 16260 9629 10850 19625 11876 9490 8000 24983 12043 23099 14454 677 8345 8840 18942 23832 9548 18498 10193 10594 9493 7586 9786 11233 8980 20014 9229 15782 10661 8230 21087 12098 1430 1762 16094 13284 7875 11292 17142 17428 3705 10863 8391 17030 14551 11679 28372 7393 12110 9100 10953 17602 20591 15266 7850 2433 12724 6398 19940 16785 10435 7665 16399 14628 13304 18092 17343 9176 1196 15493 17714 14280 26543 6932 14771 21072 20283 16857 16105 13003 19429 9678 19528 12479 9511 20940 14534 20001 16820 20036 21515 9691 10978 17422 14619 12160 16128 14413 8457 8107 7788 13195 15060 1841 17851 20614 4126 19631 11040 1472 4307 18196 1002 19712 19099 19487 14589 12224 7102 10622 4768 15585 18605 15714 17742 17159 18483 14979 15839 10259 14890 8910 11533 16212 20395 8446 15647 672 25471 17807 24279 27069 20720 19444 12355 11456
19881 17358 20225 7920 12443 3128 22019 13331 13319 17466 24063 19588 15809 30920 9270 10859 10826 21758 18970 25148 13219 16550 20283 26831 19573 12095 9677 9662 11114 13584 19553 14342 21093 12865 14389 20177 12464 4407 17231 19920 17164 9487 26063 14488 21542 7782 11029 20634 11637 16536 19383 13703 14493 8314 18037 10420 11945 21147 13142 10219 9378 27553 13094 26345 16530 726 9244 9723 21560 27423 11039 20316 11042 12179 11169 8996 11216 12651 9736 23220 9963 17431 11807 8908 24215 13477 1544 2043 17984 15266 8625 12219 18609 20547 4230 12605 9526 19802 17132 13714 30960 8721 14190 10403 13067 19366 22723 17370 8609 2860 14931 7556 21964 19073 12205 9138 18148 15857 14973 20786 19212 10349 1282 17540 20856 16046 31037 8135 16539 23438 22042 18668 19153 15319 21847 11048 22666 14017 10973 24103 15748 22498 18247 22259 24376 11113 12415 20321 15989 13987 18558 15825 9104 9421 8411 15594 16310 2076 20394 24156 4670 21285 13019 1699 4903 20540 1192 21543 22013 21847 16647 13821 8430 11916 5440 17128 21991 18091 20366 20038 20749 17495 17487 12002 16350 10279 12424 18876 23132 9822 18480 744 28846 19400 27705 30828 22522 22970 13247 13118
21700 20240 23115 8515 13402 3445 25489 15197 14611 19986 25881 21673 17201 35121 10878 11820 12425 25327 21387 27119 14250 17689 22520 31118 20959 13093 10421 10701 12702 15748 21519 15393 23728 14625 16122 22243 14296 5038 18510 21595 19154 10624 27890 16078 24784 8656 12251 23253 12950 17714 20974 14808 16643 9463 20906 11946 12791 24463 14930 11825 10087 30966 15028 28064 18349 808 10191 10713 23861 30152 12556 22978 11951 14009 12489 10285 12986 13925 10923 24840 11067 19564 12733 9997 25916 15151 1671 2323 20700 16312 9737 13260 20834 22704 4901 14327 10681 22045 18559 14680 33623 10068 15827 11327 14170 22281 25565 19692 9594 3305 17125 8503 24505 21261 13461 10456 20707 18279 16987 24046 21066 11061 1475 20191 22781 18525 35003 8925 18504 26406 25109 20716 22024 16757 25285 12063 24773 15245 12240 25919 17117 25170 19591 23959 27612 12103 14182 22823 18387 15316 20231 17060 10194 10777 9349 17082 18079 2429 22087 26444 5083 23890 14992 1918 5659 22513 1272 24494 23685 23821 19110 15306 9020 12964 5935 19516 25146 20849 23456 22232 22600 18763 19146 13802 17734 11223 13485 20726 25874 10734 21360 873 32760 21274 31721 34724 26409 26080 14492 15210
23736 21623 24639 9470 14933 3748 27181 16634 16475 21654 27358 24564 19660 38747 12390 13443 13694 27202 23264 29815 16256 19469 24848 34841 23824 15087 11097 11625 13978 17044 22839 16361 26883 15520 17569 23863 16300 5481 20003 23872 20334 12043 29716 17908 27151 9329 13346 24912 14062 19356 23639 17066 18321 10571 23459 13418 13621 27358 16329 12597 10825 34463 16140 31012 21089 867 11345 12062 26256 33202 13788 25380 13504 14979 13992 11658 14238 15640 11899 28389 12735 22624 14558 10641 27875 16589 1780 2609 22643 17760 10422 14873 22772 25698 5583 15310 11716 24137 20414 16351 37623 11101 17346 12585 15539 24895 28270 22307 10406 3717 19353 9179 27961 23515 15036 11327 23402 20192 18995 25621 22428 12079 1596 22821 24908 20740 36950 10128 20350 28361 27837 23357 23471 18101 28261 13682 26746 17051 13611 29444 18267 27069 21821 25951 31393 13083 15516 25307 20706 16725 22464 18199 10834 11597 10419 19036 20065 2577 24499 29830 5603 26919 16713 2187 6331 24843 1422 27458 26469 25456 21600 16625 10330 13797 6544 21635 27776 22781 25052 25207 25385 21053 21920 15260 19456 12561 14379 22254 28714 11898 24351 1002 35020 24457 34866 37562 29239 28784 16524 16861
26812 23914 26372 10563 15800 3950 28677 18422 18418 23787 29384 26550 21197 40739 13122 15128 15195 31061 24904 32811 18531 21163 27987 38786 25359 16144 12370 12302 14818 19273 24812 18388 29869 16668 18711 26374 18194 5856 22048 26272 22992 13574 32612 19126 30392 10280 14170 26482 15301 20639 25903 19388 19967 11237 26561 15008 15080 29477 18475 13988 11667 37107 17173 33139 22592 929 12384 12993 28105 35404 15238 27902 14393 16006 14937 12661 15008 16912 13073 30948 14342 25534 16043 11815 30474 18217 1906 2786 25069 19313 11474 15799 24684 28508 5879 16140 12826 26035 21867 17593 41456 12299 18938 13336 16983 27599 29787 24617 11830 3979 20309 9827 30962 25555 16606 12082 25820 22654 20312 27664 25550 13127 1691 24570 27659 22518 41122 10794 23000 30000 31094 24681 26088 20437 30076 14985 28442 18933 14903 31267 20358 30167 24036 29358 35362 13877 16411 27128 22430 18249 23742 20488 11885 12839 11446 20467 21572 2781 26350 32608 6318 28594 17931 2331 7104 27140 1531 30529 28311 27787 23222 17743 11404 15257 7208 22962 29716 25617 26686 27599 26921 23543 23678 16377 21588 13841 16113 24074 30244 13056 25713 1090 38210 25812 37944 42203 32807 32281 18097 18847
29712 25611 29314 11423 17447 4402 31277 19794 20719 25756 32357 27927 23540 45095 14588 15884 16977 34204 27471 34917 19609 23791 29451 40733 27096 17221 13588 13325 15700 20924 27274 19499 31939 17945 20385 28459 19229 6136 23863 28128 25167 14204 36449 20308 32032 10969 16028 28638 16744 22959 28093 21731 21835 11882 28141 16620 16949 32234 19537 14931 13102 40446 18146 35615 24731 984 13883 14067 30843 38825 16241 30688 15328 17357 16560 13656 16844 18679 14274 32894 16074 28231 17131 13098 33719 20184 2068 3047 26825 20913 12250 17374 27105 29901 6500 17680 14222 27591 23925 18890 43564 12861 20866 14092 18878 30484 33030 26889 13242 4395 22006 10788 32932 28065 18225 12706 28095 24026 21978 29174 26935 14073 1864 26727 30605 24283 45392 11770 25004 32786 32923 27020 27746 22188 32592 16474 30874 20790 16336 34377 22362 31997 25446 32715 37410 14754 17761 29635 24674 19693 24905 22816 13327 14196 12189 22137 22786 3067 28966 35019 7019 31992 19817 2540 7815 29832 1720 32697 29801 29714 25992 18861 12118 16729 7792 24719 31592 28063 29588 30376 30031 25040 25464 17321 24078 14967 17000 25572 31816 14110 28718 1146 42084 27754 39723 44421 35338 35325 19430 20180
32162 26793 30763 12720 18623 4804 33720 21681 22517 26957 34259 29756 25173 47618 16132 17021 17716 37158 29555 38968 21580 25320 32469 44248 28804 18698 15012 14052 16447 22689 30124 21806 33615 18834 22455 31524 20752 6595 26097 31080 26509 15117 38341 21733 34846 12273 17494 32292 18388 24510 31116 23275 23288 12720 30094 17500 18020 35208 21564 16377 14453 42424 19200 39270 26952 1054 15148 15555 34242 41433 17554 33346 16427 19016 17706 15043 17701 20707 15829 34762 17243 30423 18789 14372 37207 21157 2296 3201 29447 22221 13319 18997 29649 32653 6918 18908 15591 30118 26575 20970 47391 13441 21997 15340 20081 32113 36165 29644 14018 4871 23935 11395 35915 29700 20171 13344 31024 25254 24406 31808 29423 15693 2038 28806 32990 27129 49600 13007 26181 35400 34658 30018 29501 24219 35324 17715 32433 22076 17717 37517 23739 34783 27582 34643 39508 16423 18909 32115 26528 20621 26580 23891 14811 15566 13049 23158 24143 3314 30905 36492 7517 35145 21025 2810 8214 32504 1892 34381 32182 33170 27747 19903 13016 18498 8450 26664 33162 29832 32782 32677 31755 26741 27733 19143 26517 16576 18917 27099 33778 14982 31736 1282 46591 30542 43405 47102 38425 38194 21195 21951

8474 10597 7449 3772 6542 1707 8913 6657 4898 6831 11344 10674 9974 13061 4351 6108 5625 13975 10622 8499 5189 7170 8572 14388 8608 4307 5195 3549 3972 5724 11078 7073 10899 7088 5914 10620 6364 2181 9941 10952 7949 4079 10686 7438 10389 4489 3791 8014 4298 9034 9063 5194 6416 4222 8085 3695 6475 11603 6247 5505 4462 13690 7305 12697 7009 241 5446 5445 7471 14965 4036 9965 4747 4145 5254 3063 6412 5414 6063 10991 4080 9294 5070 2960 7489 5478 591 773 7082 8973 4422 4678 7997 8428 2088 6686 4685 8681 8539 5293 10742 2917 4802 4330 5473 9600 10713 6554 3326 1016 6003 4226 12250 10292 4986 5430 11062 8042 5500 8263 7846 5678 712 7174 7000 8535 10452 3516 8179 12997 8594 7227 8986 6539 10741 4005 7366 7133 5623 12944 6135 8401 8860 13997 10015 5269 6718 10726 6778 7280 7751 6333 3990 3858 4019 5756 9693 947 9607 11131 2336 8594 4715 704 1932 8667 413 10056 12839 11920 8331 4865 3013 5359 2167 6904 10214 10616 6876 9667 10746 9805 8552 3937 9275 4523 5093 9610 11678 4712 6467 485 15946 11089 12163 13640 11478 10683 7167 7497
