200 9 1
39 1 1 115 68 45 87 45 134 113 21 152 257 227 132 210 56 1 1 31 113 52 67 134 214 82 1 158 136 62 93 91 164 73 113 153 40 144 140 72 130 104 146 166 168 268 175 160 1 108 81 167 9 170 178 1 197 101 27 107 163 115 30 1 68 204 208 116 50 177 107 235 1 90 167 4 30 218 46 81 63 224 142 267 162 29 1 70 192 21 351 1 21 234 5 1 188 1 13 87 282 112 85 274 80 143 110 38 186 1 93 82 1 84 85 111 1 256 206 111 1 149 67 78 68 205 152 89 99 122 106 163 18 124 69 1 133 216 1 208 57 95 41 73 89 80 182 67 130 185 229 78 68 228 134 100 44 9 49 45 1 179 15 118 1 192 51 133 23 131 146 185 65 114 1 32 73 77 95 14 30 73 123 26 154 165 33 113 71 157 55 1 236 154 90 1 251 147 1 245

43 21 23 55 17 1 5 49 49 8 45 16 3 12 17 10 1 14 13 1 27 37 1 26 22 46 36 26 17 12 22 41 16 40 31 44 17 26 23 27 31 7 39 39 4 35 1 9 22 38 30 4 31 22 26 41 8 31 29 1 20 28 57 5 1 33 20 36 2 3 22 22 23 33 24 13 36 26 22 27 44 11 22 13 1 7 29 34 19 56 28 24 23 17 20 23 54 27 18 9 1 28 29 25 15 9 42 26 42 17 42 40 27 19 11 52 36 12 41 15 7 20 24 11 9 11 29 13 19 12 32 20 8 27 28 54 41 12 19 59 22 9 40 1 32 55 28 20 9 11 1 4 29 27 2 9 15 30 1 39 13 27 21 14 45 9 18 1 46 39 38 17 27 15 25 79 28 30 7 8 4 9 15 37 21 1 6 37 55 29 30 66 50 5 4 18 1 21 9 20
69 40 51 69 22 12 20 54 58 10 52 26 6 13 19 30 22 32 20 4 46 38 7 44 35 48 39 40 32 25 33 59 18 52 41 63 18 35 34 43 34 8 42 52 7 71 10 24 29 50 57 5 35 28 31 44 22 52 34 2 31 47 61 15 11 44 21 41 7 4 38 25 28 53 35 27 57 40 30 34 59 25 32 21 13 19 43 35 44 64 50 36 26 26 28 37 64 39 32 25 14 49 39 40 40 15 56 47 43 18 59 41 30 25 19 67 57 22 51 18 15 21 25 12 28 16 42 21 35 19 39 42 23 38 29 63 60 30 26 74 38 25 56 8 38 60 35 33 27 21 15 10 38 33 5 19 27 38 14 58 16 29 26 22 57 23 25 9 60 59 41 23 34 18 26 80 49 31 18 17 19 27 33 46 36 23 10 44 73 42 31 70 67 17 20 22 15 45 21 42
70 48 68 70 41 14 32 68 75 19 59 49 7 20 26 49 26 36 26 6 57 39 21 61 48 64 57 55 57 32 42 69 19 74 55 64 19 45 51 49 41 21 61 77 14 72 15 44 40 58 76 23 55 29 39 47 24 57 45 3 55 56 63 27 20 57 22 63 10 10 59 32 41 70 36 32 58 51 35 40 68 46 39 27 30 31 54 62 50 65 68 45 42 29 33 38 97 40 37 34 26 55 49 43 50 29 57 62 48 23 73 42 31 43 27 79 58 43 53 19 29 22 43 38 46 24 59 23 46 42 53 46 24 48 37 69 72 35 46 85 41 26 74 17 54 66 47 50 36 22 29 12 40 37 11 37 29 39 27 65 24 46 41 32 58 24 30 12 82 76 45 24 46 44 31 105 58 42 37 37 31 39 34 57 44 31 34 64 84 55 38 90 72 22 21 23 23 62 34 43
78 56 80 75 42 31 37 85 90 34 66 55 9 24 35 65 32 37 43 16 69 49 30 82 66 74 74 62 69 33 55 78 24 85 73 75 26 57 54 56 52 26 62 86 22 82 28 62 48 69 93 29 71 44 44 55 46 59 49 15 72 62 80 42 23 82 35 86 24 21 61 50 49 75 56 36 72 60 49 45 77 49 46 43 33 34 63 67 59 86 87 59 51 49 36 43 98 48 49 45 30 69 64 52 58 34 73 65 56 36 74 50 35 55 31 80 66 58 62 25 38 48 47 42 77 28 74 37 60 50 62 54 50 59 39 75 74 56 74 92 68 48 97 18 60 77 48 59 47 30 38 23 41 45 27 44 43 41 35 84 25 70 61 40 67 45 48 21 86 78 46 31 48 47 32 120 60 48 38 47 42 53 36 63 68 54 43 76 88 56 42 94 79 50 30 31 45 66 35 57
88 77 89 85 60 36 45 106 94 36 86 67 42 40 59 85 64 54 53 44 94 58 44 88 83 84 86 71 79 38 71 96 35 91 80 88 41 67 70 57 69 27 64 106 53 95 33 85 71 71 95 42 73 65 59 61 64 75 61 20 74 90 94 47 24 101 45 89 35 32 70 67 51 90 80 44 77 65 62 47 83 61 47 63 34 47 66 73 61 98 104 72 63 71 38 51 110 55 55 50 54 84 82 53 75 51 82 77 68 53 77 59 36 66 51 82 74 69 75 38 44 64 52 46 96 42 82 41 68 62 66 65 69 79 43 82 85 58 82 115 77 49 99 20 63 86 54 62 54 49 39 36 42 48 30 47 48 47 39 96 55 81 75 51 80 46 72 44 93 89 60 50 62 61 49 133 69 52 61 63 46 67 60 68 79 65 59 77 102 60 47 120 80 57 32 32 52 75 50 82
101 85 91 86 79 44 52 114 98 41 111 83 69 46 80 94 76 69 63 51 114 62 51 89 84 94 88 84 80 60 84 99 54 107 103 109 48 80 85 65 92 35 65 115 62 102 37 99 85 81 98 64 93 69 65 67 81 81 74 41 89 92 101 50 25 113 65 102 47 49 78 77 73 100 87 52 94 79 74 60 110 68 53 75 35 62 84 90 64 106 118 90 69 76 53 57 122 67 58 55 66 99 96 66 79 63 95 89 75 60 78 65 48 81 56 89 82 83 81 41 52 65 61 48 105 46 88 48 72 63 81 74 73 91 55 92 95 73 92 125 92 62 118 44 69 95 71 75 67 50 66 50 45 70 31 64 52 55 48 116 70 84 87 57 91 48 73 52 105 92 61 51 64 72 71 142 78 62 63 65 50 80 67 88 89 82 65 98 104 63 56 138 88 58 37 46 56 82 55 95
106 88 104 105 104 58 64 123 112 49 112 93 76 53 92 97 77 77 80 61 127 69 63 90 85 102 90 96 85 74 88 108 58 112 122 119 62 99 102 83 99 44 73 137 65 106 49 100 93 85 120 75 106 81 86 87 82 87 85 43 107 99 111 65 28 124 66 136 64 50 79 96 91 113 92 66 97 102 89 68 111 81 60 78 52 68 96 98 80 112 138 107 88 77 54 73 125 74 65 63 72 100 121 79 101 68 102 97 90 61 100 81 49 83 68 94 90 91 83 48 58 83 72 50 116 69 95 56 76 74 90 98 91 98 65 111 97 91 116 130 104 69 123 54 78 109 81 98 70 77 90 72 66 71 37 76 54 62 61 119 79 88 101 59 96 53 86 58 129 110 73 67 66 73 75 155 86 74 78 66 65 86 84 97 101 95 66 102 112 76 70 141 100 71 56 68 59 93 62 100
110 90 110 120 106 66 65 126 123 51 118 103 87 62 109 98 93 78 84 72 154 89 83 95 86 114 98 103 92 86 93 118 73 123 135 136 67 103 109 92 111 60 86 141 66 128 59 111 111 101 125 88 119 82 98 88 105 97 107 46 121 111 128 66 35 142 74 151 67 60 82 118 112 121 94 79 105 126 107 70 126 89 61 90 54 76 100 103 89 117 163 117 104 93 58 83 132 84 66 67 81 114 141 100 107 69 113 101 101 64 131 86 64 89 69 97 109 93 86 73 67 90 75 54 119 86 111 59 82 84 91 110 108 102 81 135 102 105 122 131 123 81 124 74 81 110 101 114 75 94 104 82 81 95 47 86 72 75 71 130 98 92 117 73 104 65 102 69 142 111 92 84 74 80 79 171 89 75 86 68 66 93 92 102 110 113 81 110 121 90 85 148 116 78 64 70 72 112 90 128
121 91 117 121 113 68 77 133 139 66 133 107 97 64 115 112 104 88 93 90 165 94 85 99 96 122 104 120 104 96 101 123 80 131 141 148 80 104 123 103 122 75 97 162 85 143 70 112 124 115 133 102 137 89 118 104 112 101 108 68 133 112 133 73 50 149 95 167 68 77 83 150 136 138 97 92 113 145 113 72 138 93 69 91 76 86 127 116 111 123 180 122 108 96 64 87 136 90 85 75 93 118 156 114 119 82 128 110 110 73 138 87 72 90 81 114 126 114 89 77 70 96 77 56 139 93 123 60 88 103 111 123 119 132 95 144 108 106 123 146 127 91 133 91 100 122 116 146 85 106 111 105 104 103 57 88 80 87 75 131 106 95 137 75 110 89 103 77 144 115 103 98 95 88 97 196 107 84 108 73 70 103 100 112 114 134 82 121 129 106 90 164 133 99 80 71 99 130 111 146

8 6 1 15 7 10 15 7 25 20 5 8 21 20 31 8 4 5 10 6 10 7 1 17 7 13 13 1 14 1 19 21 9 6 2 1 6 30 5 1 9 14 6 16 30 5 12 21 17 14 11 1 16 19 14 1 15 1 15 7 20 1 1 21 1 7 10 21 1 15 6 19 19 1 1 24 3 8 1 18 21 24 21 1 15 5 4 14 18 1 21 5 3 11 8 1 2 16 1 1 5 6 4 17 7 10 1 17 11 7 14 14 12 4 1 1 1 8 21 12 28 11 9 15 4 19 3 8 2 7 8 10 20 14 7 1 11 6 15 15 8 13 4 5 20 1 11 10 9 4 24 11 12 11 11 22 8 26 5 2 8 12 1 1 6 17 17 28 21 21 9 14 1 11 6 4 1 4 1 9 18 20 14 1 5 7 4 26 1 26 4 10 5 12 5 4 9 10 7 10

8976 4694 13043 16162 12325 7480 7129 10477 5923 7876 12545 7914 13037 6693 7342 7988 3223 9292 15794 13464 18761 14284 16185 7941 10910 11548 19519 12403 7853 7007 14309 13359 2333 11558 12224 18246 13226 10662 5676 8151 8403 7675 13514 1530 11792 5489 1852 12920 19424 10569 723 11688 19001 12268 7314 11464 8585 1108 8412 12846 1674 13335 5811 8949 9729 11546 13563 13822 8449 13032 12281 18891 1827 7637 8296 11359 5344 10601 5330 6647 11497 12549 12033 14329 8768 10411 6597 13048 6302 10637 16084 10701 7996 12924 11728 6016 7125 6357 11440 8110 12531 13381 15705 2992 6817 7775 10234 5744 13636 12877 8758 17809 12875 2111 16236 9070 14095 6168 13639 11993 12211 8820 13147 5832 2535 5275 3538 13723 15670 5610 12106 6403 11189 7644 745 4933 13548 6664 9728 6330 6498 12750 8693 5915 17341 10555 13813 10684 10770 8253 19563 13492 11317 15881 10265 10534 15487 13180 9100 12816 14369 13494 12399 18982 5781 11336 17905 5386 6749 14772 12322 6283 8333 1154 17005 13454 10583 13283 9858 6363 8824 8400 8357 10641 14258 9217 7245 19456 9104 19309 14808 11701 713 11388 5745 7088 11607 18485 14277 6528
10969 5843 15845 17835 14767 8705 8015 12096 7217 9482 13872 9869 15286 7762 8670 9076 3837 11217 18784 15873 20959 16327 18214 8877 12843 13474 22174 14748 8885 8031 17714 15944 2598 13903 13530 21870 15585 13057 6277 9738 9383 9073 14890 1884 13156 6310 2218 14249 23947 12308 901 13221 21577 13876 8514 13794 10098 1312 9267 14417 2042 15712 6663 10886 11222 13201 16903 15720 9811 16121 15008 21554 2162 9062 10215 12522 6563 12157 6381 7866 12902 14606 14384 17417 10267 12427 7490 14944 7571 12366 19515 12217 9111 14354 14656 7099 8476 7275 13254 9289 14483 16180 18504 3366 8014 9236 11902 6569 15351 14679 10847 21673 14578 2433 19208 11332 17144 7598 16778 14935 14387 10240 15458 7047 3152 6171 4394 15372 19352 6203 13472 7524 13023 9489 882 5622 16122 7905 11831 7204 7149 15736 10081 6628 19191 12217 16513 13101 13247 9181 23600 16498 14103 19458 11933 12852 18405 16041 10556 15404 16685 15520 13746 23387 6614 12822 21523 6197 8296 16691 14713 7636 10024 1281 20011 15887 12023 16092 12320 7290 10913 9297 10213 11726 17509 10508 8707 21707 11273 22608 17989 13718 825 12907 6785 8808 13351 21147 16527 7583
12651 6629 17341 19617 16285 10426 9413 14453 8384 10749 16543 11644 17317 8484 10359 10970 4186 13275 21093 17348 24966 19676 20485 10237 14188 16261 25084 16635 9947 9352 20321 17964 2981 16016 15488 25410 17305 15100 7014 11475 10879 10617 16404 2105 15257 7126 2671 17051 26864 14703 1077 15555 24873 15933 9391 14982 11647 1585 10775 17042 2429 17985 7927 12752 13045 15203 19271 19114 11178 18842 18030 25578 2520 9984 11345 14290 7236 14172 7444 8777 14758 16208 15911 19786 11983 14267 8877 17122 8877 13882 21834 14430 10214 16160 15877 8186 9965 8469 14728 10416 17145 18878 22212 3855 9097 10298 13305 7883 17445 15996 12775 23484 17637 2778 22418 13089 18697 8334 18227 16157 15648 12366 17525 7640 3583 7017 5273 17856 21778 6936 14859 8730 15778 11174 1046 6662 18728 9481 13896 8543 8719 17813 11064 7737 20999 13610 19111 14182 15873 10167 26190 18576 16180 21538 13247 15380 22134 19254 12096 18427 18503 18371 15772 25317 7842 14023 25308 7010 9413 19676 16720 9129 11124 1514 22227 18238 14226 18964 14059 8042 12392 11249 12202 13206 20579 12168 9685 26122 12527 25375 20861 14940 930 15196 7419 9928 15291 23311 19007 8414
14819 7610 18961 22695 18876 11761 10483 16463 9556 11567 18980 12755 19748 9583 11907 12416 4678 14899 24197 19521 27647 22573 23014 12204 15917 18390 28169 18891 11204 10995 22053 20592 3394 17675 17908 29094 18670 17101 8145 12752 12398 11948 18428 2343 17139 8032 3080 19631 30299 15820 1247 17846 29369 17659 10495 16311 13375 1702 11873 18776 2602 19571 8617 14631 14535 16372 22576 21644 13170 20872 20125 29278 2737 11200 13176 16483 8559 15643 8582 9575 16781 18873 18111 21342 14132 16074 9835 18542 10088 15826 23911 16569 11607 19351 18088 9027 10816 9388 16622 11260 19734 20639 25124 4493 10171 11498 14964 8677 19504 18530 14912 25311 19229 3084 25662 14342 20987 9068 19929 18530 17179 13454 19755 8497 4037 7668 5820 19637 24454 7920 16302 10121 18480 12045 1175 7621 20897 10774 15216 9333 10168 20609 12653 8853 24203 16210 21561 15664 17934 11331 28177 21382 18299 23670 14694 17029 25431 21271 13822 21613 21339 21484 17807 29882 8623 15702 28799 8086 10492 21488 18473 10335 12133 1702 25186 20410 15476 21691 15594 9316 14437 12167 13456 15353 22140 13727 11466 29189 14070 28175 23517 16910 1032 17298 8731 10720 17781 27466 22561 9509
16452 8135 20993 26020 21011 13336 11904 18579 11034 12651 20598 14715 21111 10728 13074 13929 5321 17044 27900 21399 31547 24952 26908 13573 17951 20436 32965 21227 12804 12219 25618 23017 3867 18984 19456 32824 21647 19759 9276 13840 13250 12735 20913 2721 19961 8829 3358 21935 34780 17521 1333 19301 33779 20023 12275 18065 15148 1825 13638 21256 2967 21848 9705 16556 16729 17846 25143 24508 15249 22691 22686 33031 2936 12978 14056 18093 9187 16827 9160 10584 19480 20682 20757 23590 16271 17924 11219 21719 11487 18034 27087 18901 12477 21300 19781 10101 12004 10172 18336 12409 21231 22480 28220 4856 11770 12306 16154 9904 20905 21270 16969 29214 22185 3542 27696 15553 22591 9792 21856 21041 19330 15496 22883 9603 4349 8860 6198 22920 26046 8959 17920 11426 21059 13553 1299 8260 22937 12010 17404 10041 11087 23182 13945 9507 27394 18043 23769 17458 19673 13087 31979 23328 20613 25888 16159 18274 28092 22650 15612 23771 23268 24389 20086 34282 9735 17698 32553 8718 11173 22989 19829 11297 13112 1910 27832 22467 17806 23753 17676 10100 15827 13524 14341 16778 25210 15167 13169 31863 14989 30542 26820 19035 1199 19743 10126 12191 19075 30788 25600 10760
18194 9233 23865 30047 22748 14471 12816 20209 12268 13735 22037 15582 23287 11961 14425 15803 6000 19131 30131 24211 33815 28495 28619 15280 19398 23060 37280 22552 14755 13870 29023 25579 4292 20659 21714 37145 23386 22354 10384 15588 14779 13960 22474 2877 21192 9767 3668 24455 36819 19517 1436 21386 36833 21919 13669 19315 16330 1951 14576 23561 3354 23287 10595 17732 18773 19984 26698 26454 16255 24793 25036 36787 3386 14186 15347 20694 10202 18972 9767 12040 21547 22127 23511 25066 18257 19104 12440 23064 12148 20126 29472 19998 13509 23883 22524 11196 13112 11047 21165 13561 23040 25595 31310 5211 12540 13427 17712 11171 22701 24208 18114 33637 23503 3992 30771 16686 24695 10968 25100 23634 21510 16848 25962 10766 4888 10035 6769 24963 29309 9993 19188 12846 23514 15405 1427 8999 24631 13632 19271 11296 12113 26255 15748 10197 29363 20543 26058 19140 20837 14490 35794 26206 22933 29311 18234 20436 31875 25182 17572 26238 26084 27031 21846 37493 10759 19483 36273 10037 12158 25633 21814 12519 15086 2077 29665 24114 19592 25855 19896 10916 17994 14831 15852 18890 28129 16153 13992 34076 16476 33100 29831 21896 1281 20886 11180 13728 20601 34133 27262 11734
20390 10029 26783 33549 24239 16013 14241 22280 13024 14662 24286 17262 26081 13417 15249 17611 6393 21310 33064 27291 35828 29951 30791 16813 20910 25467 40473 25340 16327 15153 30513 26979 4766 23454 23447 40522 25164 24510 11612 16745 16761 14909 25139 3168 22960 10751 4089 27402 39895 21941 1509 22817 40239 23862 14520 20750 18467 2077 15846 25129 3695 25211 11335 19575 20981 22440 28855 28297 17104 26656 27832 39405 3643 15357 16703 22011 10810 20277 10772 13436 23584 23833 26517 26947 20116 21166 14074 24768 13525 21492 31827 22246 14412 26211 24026 11950 14256 11912 23276 15305 25267 27849 34100 5937 14185 14633 19238 12334 26092 25788 19085 37554 26036 4220 32870 18473 26145 11934 27818 26204 22976 19001 28463 11783 5261 11112 7616 27427 31665 10572 20482 14136 25319 17069 1597 10216 26438 14896 20447 12756 13285 28938 17841 10797 31469 23069 27709 20753 22364 16317 39769 27868 24593 31447 19270 22251 34443 28096 18742 29439 29632 28918 24459 40881 11376 21677 39112 10810 13814 27936 24658 13866 17077 2365 33652 27339 20975 29050 22155 12150 19705 16915 17270 20011 30897 17852 15274 38319 17696 36891 31776 23564 1400 22368 12349 14665 22720 38306 30392 12808
21696 10523 29850 36349 26466 16926 15762 24371 14060 16360 27400 19125 28646 14371 17043 19361 7092 23384 36645 29239 40424 32723 32821 17915 23020 26970 44869 27860 17382 16833 32589 28446 5032 24670 25869 44029 26820 27131 12452 18528 17896 16153 28417 3468 25595 11746 4484 28983 42940 23010 1684 24558 42290 26233 15703 23281 20261 2279 16785 27788 4062 28464 12693 20870 22258 23833 30655 30634 18875 29117 29993 41355 3909 16861 18305 24069 12070 22277 11752 14567 26026 26474 29293 29087 22205 23307 15452 27260 14808 22884 35091 24258 16218 27686 26912 12801 15561 12622 25978 16914 27285 30075 37674 6293 15840 16130 20998 13664 27862 27621 21141 40962 28629 4617 35335 20734 27690 12664 29471 28691 25948 20241 31274 13034 5801 12416 8200 30005 34300 11825 22663 14803 27792 18551 1749 11046 28815 15857 22321 13694 14070 31649 19592 11531 34333 25171 29599 22975 24279 17549 42503 30755 26826 33271 20905 24441 36061 29872 19988 31538 33004 31867 26676 43961 12624 23952 41589 11912 15135 30553 26340 15297 18329 2576 37008 29247 23158 32301 24187 13262 21817 18477 19105 21708 33881 19083 16742 42982 19407 39411 33438 25743 1568 25059 13643 15873 24360 40270 33447 14392
23018 11504 32409 37997 28460 18416 17391 26448 14720 17466 30317 21005 30552 15525 18238 20397 7530 25000 39079 30653 43876 35699 35703 19059 24636 29338 47425 29512 18350 18030 34798 31643 5367 27423 28036 47271 29613 28505 13617 20413 19738 17514 30676 3750 26870 12309 4730 30443 45542 24770 1763 27295 44481 28935 17421 26019 22339 2434 18481 29749 4235 31654 13463 22878 24629 25806 32157 34011 20675 31829 32690 45530 4095 18138 19288 26197 12835 23775 12601 15662 27493 28576 30614 30724 23423 25442 16607 29527 15887 24938 37051 25333 17578 30151 28951 14136 16582 13689 28408 18690 29930 32722 40732 6764 17184 17620 22168 14511 31181 30276 22682 43725 31294 5023 37621 22117 30470 13691 32412 30945 27678 21946 32998 14365 6337 13501 8617 32733 37796 13161 24624 15732 30355 19962 1933 11661 30665 17333 24033 14417 15475 34535 21164 12494 38089 26702 32494 24632 25830 18800 44719 33504 29283 35284 22039 27018 39216 33019 22097 34533 35853 34274 29372 46033 14038 26453 44053 13037 16712 33120 29082 16143 19166 2855 40922 31862 24260 34109 25862 14394 23889 19965 20902 22867 36477 20297 18140 44983 20813 42231 36604 28105 1704 27093 14874 17509 25913 42800 36780 15343

5138 2475 10321 11486 9700 4176 5467 7561 3423 5394 9675 4411 10526 5379 5979 6770 1673 5096 9031 11829 12263 7438 10293 5632 9779 7615 14989 11031 4859 4036 11488 8582 1305 8807 10805 10443 9034 8533 3514 4662 7085 4420 7107 1244 9028 4682 1336 7563 14886 7277 556 8207 14034 9860 6269 6473 5446 755 7088 8311 1229 7811 5173 6899 6645 7094 10750 11230 6236 8751 7067 13580 1131 4536 4755 8903 4045 8297 3261 4552 7393 9160 7369 7270 5890 8832 5168 7806 4030 6388 8609 8059 7018 9376 9523 3105 6207 3995 8414 5581 9596 12005 10134 1617 5116 6505 8530 3324 11103 11022 5783 11871 11368 1488 8362 5639 11426 5521 11753 8515 10435 7777 10043 4494 1312 4710 1932 8376 12621 4467 6660 3891 8007 4638 584 3096 8202 5947 7861 4056 3675 7248 4593 3860 10425 6772 7596 7654 9677 4442 15094 7969 6916 8517 8686 9108 9744 11683 7992 8396 11960 10005 10769 13478 4897 7353 13655 4193 5422 8496 8059 3477 6781 810 15040 11975 5656 8286 7015 3836 5862 7150 5314 6310 7642 5688 4188 9938 5050 14467 8381 9029 579 7888 3590 5531 9757 9374 7870 4681
