200 9 1
185 15 14 41 32 107 105 144 118 1 24 64 1 192 36 49 188 73 114 54 1 21 13 124 236 114 241 241 1 1 1 81 92 63 76 51 140 284 211 88 115 133 248 99 163 21 73 1 197 91 37 111 64 132 143 107 210 1 178 90 66 41 65 1 1 123 9 183 127 25 197 19 153 109 131 122 86 176 196 1 219 100 83 113 1 112 57 4 131 60 130 255 70 190 73 170 259 85 1 274 187 201 86 41 169 1 235 222 1 115 1 185 83 60 142 109 60 7 149 13 1 188 1 30 165 80 52 1 1 112 163 229 100 51 99 228 110 79 36 54 135 116 1 254 134 110 102 1 1 187 55 1 243 1 73 232 1 164 162 184 57 183 4 325 195 22 86 47 36 96 11 122 116 193 140 55 91 93 112 168 186 34 288 214 112 114 50 94 132 91 58 131 78 63 47 104 117 252 110 30

28 8 1 23 44 17 11 48 21 18 29 14 21 51 44 19 32 13 3 31 24 25 1 30 15 28 34 12 20 3 14 18 14 19 23 14 11 29 48 41 30 8 1 17 59 6 17 32 32 6 1 14 35 6 25 14 29 45 20 19 1 7 40 12 33 37 32 51 28 25 34 6 52 35 36 12 7 7 10 30 1 4 1 42 6 25 27 22 3 22 38 1 39 1 30 7 27 17 11 15 15 27 26 9 40 27 9 4 15 9 21 1 50 20 1 36 18 12 8 33 9 29 11 1 1 45 14 1 27 19 29 11 16 44 1 24 22 1 34 29 22 26 21 11 13 12 12 1 26 9 29 45 28 4 9 7 4 25 5 33 19 37 34 33 40 18 1 21 26 10 9 1 13 4 20 7 1 24 21 1 26 33 23 14 20 29 39 27 27 1 1 11 45 18 12 43 7 13 9 4
31 9 18 31 48 21 12 52 35 34 30 24 30 65 62 25 46 17 16 42 48 36 10 31 32 38 46 39 31 4 24 25 31 25 36 36 21 44 66 44 39 22 2 37 71 19 21 57 45 11 7 15 41 11 38 30 44 47 32 30 3 12 63 20 46 54 36 72 55 50 42 7 64 36 52 13 11 8 30 34 9 14 17 58 19 53 43 25 4 42 42 2 45 9 37 15 34 23 18 23 23 34 38 12 41 42 10 23 18 20 41 6 58 37 2 41 40 16 21 36 25 58 21 19 11 57 30 11 37 27 36 18 19 49 17 42 24 15 40 40 47 27 44 24 32 13 15 6 34 14 34 58 46 16 20 26 11 38 14 40 26 67 45 43 56 37 14 30 33 16 13 3 33 5 26 12 11 42 26 7 31 45 47 15 26 39 41 36 38 9 5 31 57 27 13 51 12 33 26 5
37 27 21 33 75 28 21 86 53 40 40 43 39 73 75 47 51 38 22 67 55 44 16 41 50 51 47 51 34 12 34 29 38 44 47 50 36 45 84 49 54 45 8 43 91 21 34 74 53 33 14 25 48 37 44 60 45 54 43 35 10 17 69 29 53 64 38 77 56 51 47 14 69 39 65 26 21 17 40 54 15 15 41 63 35 64 45 26 22 53 43 22 47 10 56 42 50 34 23 38 26 47 55 21 64 51 22 42 27 30 64 15 74 48 4 50 41 34 27 51 32 63 34 22 19 81 40 21 52 28 59 39 22 70 19 54 27 27 42 52 62 39 53 27 38 25 28 23 57 22 37 66 47 21 22 30 18 45 20 42 41 86 62 58 58 55 15 43 43 22 14 13 46 12 41 13 21 43 38 15 32 64 57 38 31 43 57 39 49 20 6 32 58 29 17 68 21 38 38 16
47 38 25 50 86 45 23 98 55 41 46 51 50 74 88 55 63 44 23 78 85 51 22 46 60 55 62 65 37 24 36 38 44 58 58 65 47 70 92 58 77 54 26 65 116 52 59 93 57 64 33 42 66 51 48 86 47 72 48 36 12 32 70 40 75 78 48 78 69 58 54 18 82 44 71 33 24 29 57 59 38 24 43 81 41 74 56 39 38 68 44 35 56 16 75 43 58 35 25 50 32 57 58 22 78 58 23 57 31 48 84 28 102 61 15 61 46 35 38 55 33 72 38 24 22 91 54 27 60 33 60 48 24 75 20 58 39 32 43 70 74 55 56 36 51 27 32 25 58 37 50 81 65 38 27 46 31 66 31 49 44 105 63 60 63 79 17 58 47 26 44 31 61 29 46 14 36 61 39 21 43 67 63 50 38 67 58 45 58 35 16 55 84 45 27 80 30 39 48 32
60 67 45 64 93 46 34 106 60 55 66 60 58 82 95 59 75 51 32 85 96 64 39 66 62 63 73 77 38 39 37 44 72 59 65 82 67 80 104 77 93 78 31 89 129 53 64 99 76 88 41 55 83 70 59 104 61 87 53 37 14 34 86 46 80 83 71 79 74 65 58 31 85 62 72 50 51 36 64 75 44 32 55 94 57 75 58 40 44 76 52 44 58 17 83 44 76 43 39 55 45 72 69 28 90 64 31 62 65 52 110 30 104 75 19 81 47 51 45 59 38 84 58 34 55 97 56 32 80 50 62 61 43 100 35 62 43 40 51 81 75 66 64 37 58 28 41 34 76 39 63 101 78 54 49 57 47 71 41 57 49 118 73 70 67 80 20 60 62 59 56 53 62 34 50 20 63 64 42 49 52 76 74 56 52 74 67 50 86 36 18 74 85 56 39 89 46 65 49 43
70 73 57 74 111 57 40 123 79 69 75 65 73 103 99 79 96 58 33 100 110 79 57 73 64 81 84 96 54 40 39 53 73 80 73 96 76 101 111 78 104 88 44 100 139 59 80 111 77 102 56 76 88 88 68 111 66 103 64 49 18 50 94 47 81 94 80 99 84 80 74 36 96 66 82 58 52 67 75 76 57 46 80 108 66 76 62 57 55 83 70 56 65 26 94 48 83 44 44 58 48 82 73 32 103 75 33 67 74 53 124 42 118 97 28 90 49 65 52 84 49 93 66 35 56 98 65 42 90 65 69 69 44 108 50 64 46 52 69 84 90 67 73 48 65 32 46 39 89 47 82 117 89 55 55 62 56 77 52 62 60 137 74 89 75 89 32 65 77 71 64 59 77 43 69 43 73 77 50 60 63 102 84 69 65 93 78 58 95 46 21 76 103 57 70 91 68 78 63 57
81 86 72 76 133 60 54 137 91 89 90 66 81 106 112 100 97 64 38 119 116 91 72 84 79 95 103 116 55 57 70 79 86 93 78 105 88 121 127 89 107 92 51 113 157 72 99 117 86 110 67 93 96 101 94 126 81 118 66 52 31 70 97 68 90 108 97 126 93 101 78 49 99 67 85 69 67 79 89 80 62 48 104 117 67 86 78 65 58 107 94 59 88 34 111 55 96 61 56 65 55 97 81 33 127 76 40 82 94 60 132 44 119 98 33 104 57 66 56 99 50 100 80 36 70 99 79 53 93 70 75 84 45 115 59 65 60 61 70 93 93 84 99 54 69 40 52 40 100 55 97 122 114 72 78 84 64 79 64 74 64 164 85 97 79 104 40 69 83 88 89 78 84 47 74 48 74 89 56 73 75 105 93 80 74 100 79 78 96 47 34 93 117 73 73 99 87 87 74 72
88 97 74 93 143 64 58 145 92 95 102 82 84 118 126 101 121 84 48 120 119 102 83 85 99 100 107 125 61 73 84 94 105 94 79 117 95 122 142 107 121 107 56 129 168 73 110 130 99 125 82 111 116 106 118 140 98 123 79 57 42 77 98 73 94 112 108 131 101 112 81 58 100 68 86 71 74 84 98 92 67 57 105 135 82 104 89 81 74 130 101 75 99 36 121 63 106 68 61 78 56 109 95 34 137 77 44 88 96 70 147 57 145 114 39 114 66 81 74 116 59 105 81 45 77 106 80 70 100 94 76 91 52 124 67 66 84 83 75 94 94 86 108 67 88 45 60 50 118 56 98 134 122 81 83 100 66 89 80 87 71 173 92 104 87 119 43 84 88 104 93 79 101 55 78 51 94 91 78 94 83 115 101 87 78 115 97 90 113 57 44 101 134 80 98 115 96 91 86 77
100 101 75 106 165 78 63 146 103 110 106 97 93 128 150 114 137 96 52 130 127 113 84 98 107 107 109 139 70 74 85 97 114 98 100 132 105 124 149 117 130 123 69 145 170 84 128 137 100 138 101 112 117 122 130 155 105 125 85 58 50 82 104 89 108 115 126 144 122 145 90 65 115 80 94 94 75 108 106 99 74 67 111 152 97 123 107 96 86 131 105 87 100 37 129 65 108 82 80 91 60 115 96 42 140 105 56 103 101 83 150 66 156 124 41 115 87 91 88 118 69 114 92 52 89 112 97 87 111 96 95 113 54 146 75 67 86 85 87 104 103 104 125 71 102 62 64 66 137 62 102 142 137 104 90 107 81 99 102 91 91 174 102 108 98 128 61 94 100 117 98 99 117 68 86 52 107 96 79 112 95 131 112 103 81 124 116 93 117 70 52 102 156 82 110 123 99 101 87 82

11 10 7 15 3 16 9 1 19 13 14 5 4 12 18 9 7 17 13 12 22 7 13 11 1 10 12 11 1 12 6 1 1 18 7 19 6 25 1 12 22 13 6 1 9 19 19 14 3 13 15 13 10 5 1 1 19 4 20 4 1 16 24 28 4 18 13 13 5 10 13 9 15 1 16 20 22 17 8 9 6 1 9 18 23 18 3 19 22 1 1 9 2 7 14 1 14 13 6 7 14 1 9 12 1 1 14 22 14 6 16 1 9 11 1 18 6 9 6 23 9 5 15 6 15 22 10 20 4 10 13 1 1 23 2 1 12 9 20 22 17 11 13 20 15 2 6 10 12 9 5 1 12 3 1 18 2 4 6 16 1 7 8 26 7 1 11 12 20 10 19 9 5 9 8 14 18 17 14 16 1 21 10 15 11 20 1 16 14 3 9 6 12 18 7 7 14 2 14 1

10663 8001 7135 18512 6348 8238 11133 13624 13394 16382 13675 3819 10651 8298 971 4762 14138 16360 13671 6913 12081 2494 12017 6227 13902 13555 18858 14084 6670 7608 12458 5356 13682 7944 5799 9821 13525 18818 107 5339 12852 13177 12769 8872 5994 8092 15024 5413 17491 11367 12605 9158 6228 7348 11834 11508 11625 5999 10632 10452 12828 5631 17175 10357 7603 8115 11475 13597 10918 14473 2812 11624 7173 14828 7125 2648 12944 5264 11645 12213 13449 3187 6581 7063 10987 11300 12158 14971 8347 19211 8800 6446 4251 12010 9740 6472 13363 235 5921 6319 10956 6156 9801 10845 7130 9096 8094 3416 12638 13853 13650 19162 12256 13860 12552 4395 18525 8931 9173 11318 13493 3173 8033 7151 173 8404 14747 6812 14078 11786 6738 11865 12364 14264 11904 8460 5209 8532 13223 7528 12089 3885 6427 4084 5438 9168 6995 6942 182 5856 11634 13050 4279 8263 18935 13506 12666 12318 7765 13401 8479 12334 5371 1237 6369 11218 3265 2619 6617 7582 10707 950 6366 8612 8661 18541 7466 7704 5944 10975 10420 14157 7946 14203 10420 8665 6188 7201 11851 14007 5457 14194 12731 581 3285 12795 19152 6468 13860 7808
12781 9512 8833 22603 7759 9143 13770 16881 15650 18761 16974 4515 13130 10194 1186 5387 16883 18120 16109 8573 14899 2773 14669 7292 16678 15149 22101 16285 7432 9104 14362 5962 15433 9476 7137 11450 16326 22694 119 5873 15960 15078 14241 9973 6788 10047 18143 6208 21668 13831 15262 10477 6854 8532 13814 12780 13877 6803 13014 12758 14849 6198 19459 11909 9055 10077 13058 15176 12428 17416 3351 14294 8896 17548 8111 3268 14818 6502 14167 13738 15126 3885 7589 8015 12581 13641 14523 18613 10273 21941 10475 7964 5005 13358 11003 7186 15193 281 6885 7356 12730 7320 10893 12355 8895 11360 9785 3878 14731 16228 15903 21351 14826 15728 14299 5041 21640 9875 10836 13618 16259 3900 9024 8058 208 9466 17579 8144 16590 14073 8046 14577 13758 16495 14006 10487 5969 10003 14922 8840 15090 4652 7337 5008 6567 10149 8405 8618 204 6456 14412 15145 4802 9582 23668 15587 15334 13766 8979 16566 9793 14246 6122 1410 7182 13692 4044 2895 7413 9477 12149 1120 7870 10076 10049 20764 8835 9179 7154 12508 12809 16566 9592 16383 12215 9636 6993 8265 13188 16371 6462 15686 15056 709 4104 15448 23243 7543 16719 9378
15035 11299 10225 25399 9075 10326 15943 18367 18824 22296 18530 5177 14301 11317 1331 6385 20210 20767 18347 10295 17710 3298 16383 8133 20079 17399 25318 18957 8605 10443 16517 6744 16862 11414 8088 12677 18199 24998 132 7123 18963 17417 17424 11028 7593 11687 19904 6952 24711 15553 16873 12341 7749 9521 16150 14076 16645 7842 14743 14372 17517 6974 23687 14292 10933 11662 15920 16904 14154 19066 3998 15742 9744 19550 9531 3751 17353 7475 16886 15251 16549 4317 8542 8808 14147 15508 15991 22108 12150 24201 12187 9249 5667 15950 12763 8427 17845 313 8255 8279 14934 8005 12282 14081 10480 12874 11725 4636 16097 19424 17604 23961 17717 18532 17140 5704 23927 11764 11917 15815 18342 4345 10873 9536 246 10634 19452 9148 19998 15679 9489 17470 16355 19236 16866 11836 7059 11610 17314 9851 17358 5318 8936 5690 7177 11738 9210 10058 240 7544 17004 17629 5490 10878 26565 18025 18317 15481 10562 19200 11511 15510 6995 1716 8333 15712 4653 3349 8159 10532 14589 1345 9232 11924 11135 24346 10381 11004 8185 13752 14946 18036 11470 17915 13272 11063 8370 9482 14994 19434 7458 17984 17001 797 4565 17559 27408 8346 19036 11320
17117 13079 11062 27465 9818 12060 18226 20916 21095 25320 20176 5849 15688 12288 1571 7333 23044 22858 20381 11862 19777 3813 19228 9281 22976 19875 29409 21356 9392 11712 18316 7794 20217 12816 8726 14269 20254 29403 148 8093 21390 19243 19476 12232 8942 12626 21758 7706 27856 17199 18676 13937 8439 10550 17790 15680 18260 8583 16641 16864 20694 8364 27005 15580 12290 13138 18768 18476 16116 22546 4507 18428 11093 22063 10828 4050 20120 8786 19330 17402 19662 4950 9357 9990 16261 16921 18705 23912 13856 27046 14194 10365 6571 18390 15165 9905 19566 352 9125 9211 17373 9539 14341 16349 11340 14275 13066 5085 19188 21182 20779 27626 20698 21842 19727 6409 27355 13720 13954 18021 20040 4762 11693 11239 276 12485 21123 9936 21416 17511 10412 19343 18326 22551 18938 13885 7602 13618 18997 11307 19188 6197 10191 6604 8429 13973 10343 11138 261 8313 19651 20206 6087 12211 31220 20058 20498 18257 11583 21508 13449 17467 7861 1883 8989 18348 5266 3688 9236 12360 16673 1491 9912 13156 12370 28060 11247 12862 9482 16044 16512 20814 12271 20803 14319 12002 9784 10643 17464 22831 8325 20341 19629 870 5328 20098 31325 9103 21826 12480
18225 14736 12296 30685 11358 13015 19751 22754 22678 27393 22600 6500 16948 13871 1726 8307 25519 26327 22836 13277 21631 4417 22019 10707 25391 22654 31747 24251 10106 13377 21131 8882 21667 13747 9827 15323 22910 32305 164 8986 23987 22190 21538 14326 10041 14212 25197 8853 31506 19349 21072 15436 9401 12086 20260 17394 20603 9346 17933 18584 22414 9080 28955 17501 13902 14710 21009 21011 17287 24993 4930 20249 12603 23955 12465 4591 21986 9612 21650 19504 23020 5322 10213 11726 17904 19084 20140 25429 15436 30546 16198 11413 7416 21386 16935 10724 21789 380 10091 10578 18508 10803 16734 17617 12192 15793 14667 5930 22221 24455 23604 30174 22308 24776 21240 6890 31976 15892 14906 20706 23325 5104 12851 12356 311 14348 23286 11317 24793 19792 11105 21047 20442 24825 21229 14836 8572 15057 20811 12747 21251 7139 11154 7439 9209 15870 11351 12148 290 9400 22172 22227 6683 13934 35272 21969 23010 20589 13340 24602 14924 20246 8703 2177 9761 20652 5745 4019 10600 13800 18926 1607 11356 14056 14471 30343 12562 14423 10366 18235 17585 22261 14110 22890 15436 13293 11249 11514 19114 25629 9061 23759 21484 961 5722 22412 34982 10402 25231 13541
19728 16082 13614 34028 12225 14987 21265 25925 24367 29962 24261 7419 19424 15421 1903 8880 28717 29298 24780 14527 23538 4799 24720 11467 28190 25507 35141 27350 11261 15067 22743 10218 23457 15543 10460 17150 25618 36876 180 10051 25482 24955 24648 16476 11307 15578 26782 9969 35718 20858 23223 17200 10947 13386 21702 18965 22524 10736 19423 21159 24456 10097 31563 18566 15325 15721 23136 23850 19404 26590 5261 21758 13354 26612 14028 4986 24253 10861 23684 21587 25349 5917 11825 12535 19282 21044 22646 29105 16573 33151 17339 12362 8161 24166 18727 12311 24999 434 11288 12070 19899 11559 18203 20070 13799 17882 16302 6696 25283 27270 26364 34954 25222 27072 22856 7616 34895 17906 16322 23066 26052 5717 14491 13775 346 15856 26756 12873 26925 22557 12046 22647 22259 28085 24131 16608 9705 16468 23104 14398 22556 7749 12398 7925 10296 17897 13089 13625 312 10569 24278 24121 7707 15571 38161 23983 25623 23363 14746 26349 16978 23310 9956 2321 10489 22275 6182 4450 11648 15379 21208 1749 12263 15190 15999 34048 13378 15922 11265 19595 19717 23885 15464 26135 16731 15326 12095 12575 20555 28599 10329 26525 24466 1082 6214 23756 38304 11052 28295 14977
22024 17371 14824 37258 13351 16224 22630 27711 25813 31952 25930 7960 21147 16978 2126 9547 31058 32788 27335 15736 26494 5341 26853 12563 31517 28755 39418 30364 12350 16874 25324 11043 24999 17522 11285 18750 28596 40229 197 10984 27995 27179 26143 17835 12071 17298 29021 10574 38977 22174 24788 19097 11601 15117 23207 21196 24916 12216 21920 22809 27175 10997 33788 20046 16194 17390 24408 26792 20544 29936 5874 23038 14428 29113 15651 5380 27207 11752 26407 23739 27372 6272 13212 13554 21000 22707 25677 30934 18636 35735 19525 13260 8737 26518 20296 13893 28136 486 11916 13597 21743 12608 20291 21738 15042 19021 17304 7142 28321 30052 29228 38821 26722 29598 24405 8618 39300 19993 18598 24343 28922 6476 15953 15524 380 17773 28943 13721 29891 24843 12954 24348 24047 31583 26261 17634 10330 17548 25096 15383 23818 8327 13884 8820 10926 19356 14442 14361 333 11903 26294 26146 8561 16773 42379 27322 27691 26397 15560 28009 18289 26272 10842 2621 11726 24196 6962 4823 12885 16542 22997 1869 13543 16563 17736 36393 14936 16924 12678 22147 21805 27364 17439 28900 17913 16503 12845 13513 22732 31753 11260 28625 27135 1202 6761 25298 40629 12405 30479 16261
23365 18776 16073 40839 14766 17069 24808 30348 27641 34976 28614 8594 22429 18085 2270 10092 33156 36839 28820 17158 28207 5645 28670 14031 34150 31128 42514 32225 13692 17926 26745 12249 27555 18664 12733 20870 30537 44085 210 12232 31199 29797 27822 18943 13245 18227 32369 11632 42874 23463 27868 20860 12625 16736 25459 22398 27229 13379 23512 24869 28669 12232 37803 21453 17193 18504 25888 29004 22112 32114 6508 25306 15372 31803 16692 5716 29362 12558 29108 25768 29802 6747 14511 14439 22574 24068 28412 33732 20476 38786 20873 14113 9430 28906 21780 14983 31299 514 13138 14600 24039 13375 22070 23290 16353 19989 19268 7862 29775 32498 31104 43448 28213 31962 25793 9263 41573 21632 20591 26879 30378 7262 17416 16967 414 18813 32311 14564 33090 27055 14238 25660 25953 34354 28945 18943 11000 19633 26643 16480 26393 8831 14852 9491 12115 20491 15798 15167 361 12749 28613 27792 9025 18212 45823 30065 30394 27738 16758 30608 19540 28358 11728 2838 12877 25445 7715 5356 13580 17570 24627 1968 14925 17902 18639 38279 16460 18259 13862 23948 22889 29439 18516 31383 20050 17938 13661 15082 24071 33224 12301 31266 30267 1270 7367 28153 45019 13439 32890 17350
24666 19895 17553 43287 15778 18714 26819 33304 30076 36666 30249 9184 25019 19365 2501 10929 34642 38478 31134 18672 31093 6235 31055 14795 37064 33506 46438 34432 15226 19276 28646 13293 30174 19906 14012 22436 32371 46966 235 13314 33496 31809 29475 20927 13958 20067 35553 12205 46349 26209 29798 21814 13792 17899 27451 24378 29186 14371 24655 26028 30887 12867 42051 23970 18906 19507 27766 30713 24251 33647 6857 27061 17128 35247 18278 6376 32547 13791 30787 28611 31484 7150 16065 16188 24430 26752 30712 36318 21976 42789 22581 14920 9933 30586 23216 15774 34080 556 13876 15702 26620 14896 24033 25214 17573 22045 20505 8543 32167 34774 32671 47647 29727 33772 27787 9984 43590 23447 22155 29632 32512 7895 19322 18461 441 19850 34343 15406 35762 29368 15446 28381 28131 37567 31035 19841 11646 21522 28954 17611 27808 9669 15865 10005 13182 22578 17277 15994 394 13780 29889 30900 9538 19863 50512 32072 32079 30011 17880 33313 20573 30822 12292 3072 14363 26865 8060 5669 14711 19249 26711 2129 16317 19769 20073 42658 17600 19410 14607 25630 25403 31175 19589 34028 22249 19468 14733 16832 26561 36189 13636 34522 32091 1352 7899 30706 47759 14844 36135 19215

9160 7055 4698 12496 4067 5890 8909 7420 8852 9832 12009 2451 5860 6492 813 3678 11632 13523 8502 6167 9010 2245 8072 3270 11588 11942 13248 11978 4284 6274 7423 3000 7572 6340 4956 6014 11288 12601 90 3242 11221 7282 10693 5054 3742 6946 8126 4235 11290 6411 10600 7465 5199 5163 8105 6868 10087 4181 8560 8380 9693 3413 14196 5233 6346 6664 7717 11718 9126 9256 1585 9016 4501 12775 4661 1428 7750 2775 10400 7723 8402 2813 5535 5177 7676 8148 8587 10820 6725 10763 5688 5283 3131 7199 6421 5595 6878 123 4903 4238 9034 4486 6907 5709 5401 5179 6842 2326 10982 11260 9766 11634 6409 10540 9998 2294 10646 4946 7027 5960 10651 2827 4789 4810 111 6274 10441 5371 7584 8714 3924 7459 10796 11389 7934 6258 4221 5175 9989 4974 8688 3244 5318 3321 4113 5934 4220 4854 159 4399 10320 11542 2577 6086 16517 8788 11360 6545 3885 11631 7098 6647 4111 784 5650 6854 1646 2215 4384 6051 8162 542 4430 4691 7160 12739 5256 6318 3555 7937 7850 10583 4156 10630 5805 6661 3519 5702 10346 9839 3804 8897 10189 494 2658 9089 10371 3397 12230 6121
