200 9 1
84 176 1 39 69 279 154 171 222 1 1 1 226 69 120 143 72 92 166 149 175 170 118 37 18 23 122 156 1 80 116 119 71 114 236 1 88 208 185 162 49 48 1 48 5 199 32 70 13 167 109 180 120 127 191 198 75 79 9 191 116 98 35 144 1 166 23 68 1 103 133 135 155 89 80 1 69 174 1 101 1 80 66 109 1 212 239 101 130 25 77 1 270 206 152 100 152 95 129 126 1 198 34 294 124 62 97 141 118 179 124 180 33 120 126 168 65 136 61 114 176 8 159 129 218 215 1 180 48 88 1 1 124 146 141 174 264 1 1 19 119 210 77 237 209 167 160 134 1 56 102 140 103 220 1 39 224 81 124 1 59 216 244 110 44 101 13 43 249 131 170 51 35 253 99 87 66 229 37 24 40 248 130 49 166 66 91 95 189 62 188 67 34 71 152 128 179 28 144 111

1 20 13 17 26 37 30 34 38 23 12 1 35 13 12 1 36 14 19 22 34 1 8 1 1 62 1 43 1 12 21 2 35 15 12 42 25 19 2 20 1 21 1 12 8 14 20 19 17 22 12 5 26 7 22 31 23 27 29 39 45 4 36 21 14 22 31 12 1 1 10 23 1 26 1 15 25 34 7 28 20 18 31 1 35 44 13 21 35 18 38 8 14 45 19 35 9 44 3 10 1 16 53 35 19 35 4 19 25 5 41 31 40 31 34 17 1 18 20 12 36 9 23 6 16 23 16 53 10 9 34 32 22 1 19 2 19 23 7 26 16 4 24 37 12 33 50 2 37 17 18 51 1 27 31 39 14 38 33 14 50 35 20 33 36 1 33 49 4 18 23 6 12 1 1 34 19 21 8 2 21 37 36 8 4 26 14 27 1 18 42 34 9 4 39 1 38 31 50 17
16 33 17 25 36 41 47 46 42 37 31 18 43 33 27 6 47 26 26 41 40 13 14 12 9 75 2 68 11 13 46 5 57 22 17 53 44 34 17 27 14 22 3 13 23 34 37 32 22 24 38 6 33 14 35 42 25 36 39 40 56 9 44 40 15 30 49 28 15 16 15 29 9 47 18 29 40 35 12 38 21 20 38 13 48 55 31 35 48 30 44 26 17 47 22 38 12 49 14 23 2 30 61 59 37 40 6 23 45 35 49 33 60 34 44 21 19 19 32 23 45 20 36 13 20 24 35 77 11 20 35 34 25 3 34 23 34 30 19 32 28 16 36 44 15 44 51 12 54 23 27 59 6 42 35 50 27 43 46 20 78 42 27 35 53 19 47 59 10 32 34 20 17 11 19 36 24 25 10 8 26 54 57 26 21 30 25 37 8 38 52 49 17 21 45 17 44 47 59 20
22 46 25 34 37 42 48 53 46 58 38 27 53 34 36 24 49 37 35 49 52 20 18 13 17 76 6 76 17 18 49 10 58 29 44 75 45 41 29 30 23 37 12 16 31 51 55 50 31 30 51 7 40 15 40 49 29 53 62 55 57 19 49 49 20 47 50 33 28 18 33 48 14 52 41 34 47 40 14 52 26 21 66 21 52 56 43 36 64 32 50 36 26 53 33 47 21 62 24 25 39 32 81 63 53 50 9 41 46 72 60 37 86 42 45 42 36 23 44 29 53 33 42 27 24 27 57 90 12 29 41 35 34 5 44 36 61 42 28 40 32 20 41 45 20 64 61 16 56 39 43 70 10 46 55 55 28 56 51 34 90 46 31 49 63 26 57 74 31 33 44 41 32 17 29 47 25 31 14 28 36 69 72 39 30 42 44 48 12 49 61 51 28 33 64 45 48 56 61 35
37 59 33 43 43 52 72 79 48 73 39 46 76 43 53 30 55 47 54 63 69 29 28 15 34 85 12 101 28 27 69 33 70 30 59 77 47 47 34 43 36 49 19 30 32 58 56 69 38 35 72 8 52 32 47 73 43 54 73 73 64 22 52 67 34 61 64 43 41 35 44 54 15 68 54 38 52 54 25 54 41 34 67 26 58 57 45 54 78 36 55 40 27 81 38 58 49 65 31 26 50 40 85 65 63 63 14 42 59 77 78 38 94 53 48 49 37 27 69 34 54 47 58 42 30 43 63 91 27 39 48 55 42 15 62 42 79 57 38 52 39 29 44 60 34 70 63 35 57 61 47 71 26 70 67 63 46 64 52 43 96 73 36 62 80 27 67 101 46 41 51 51 47 23 41 49 27 44 25 49 42 81 80 42 41 43 46 51 19 69 68 53 44 40 69 46 59 57 75 52
46 82 34 58 48 65 86 92 59 88 40 51 94 45 77 40 77 62 58 69 72 42 37 31 57 100 20 105 48 40 75 34 87 38 72 78 58 52 35 44 51 53 35 32 38 76 71 71 48 48 74 20 64 55 60 79 48 66 89 89 73 26 61 68 38 67 76 61 66 41 46 77 39 80 57 66 57 62 36 74 53 52 76 41 63 58 57 60 79 44 60 46 34 96 42 64 64 85 39 39 69 46 86 73 67 65 26 50 60 83 83 55 118 66 49 64 60 52 85 46 75 60 60 43 37 52 86 94 51 45 54 62 61 30 66 47 93 65 52 55 50 41 52 79 36 71 64 45 65 82 61 82 28 73 83 73 51 65 58 44 100 87 63 78 86 42 79 111 50 53 60 65 55 26 44 55 47 52 34 57 43 103 108 49 54 50 50 63 32 75 74 63 52 60 70 54 67 58 92 70
61 91 49 78 62 75 90 101 69 102 51 55 117 63 81 50 93 69 68 75 85 47 45 39 71 114 30 106 57 58 83 56 106 50 76 87 62 64 42 46 70 55 48 48 48 101 83 98 60 53 86 45 86 74 73 98 67 81 92 96 84 38 73 77 40 68 78 64 81 55 70 87 53 89 59 79 59 76 39 95 55 59 97 55 79 59 65 67 84 65 76 61 41 107 54 78 78 94 42 42 83 67 103 77 79 67 35 69 67 97 87 61 131 76 54 65 79 63 108 56 87 62 62 60 39 65 95 98 52 50 65 67 83 31 83 67 96 77 53 60 57 52 53 83 45 80 85 57 79 83 62 100 40 74 101 74 57 79 61 51 102 88 81 81 88 53 91 134 64 58 69 87 58 43 50 75 68 59 37 67 49 120 131 52 74 56 51 72 42 84 97 83 78 66 77 59 71 65 107 88
63 104 68 81 69 94 102 107 85 109 58 61 131 64 93 56 103 75 79 89 88 53 68 40 72 134 35 113 67 66 90 66 115 69 77 94 77 78 45 55 75 72 69 66 53 104 90 114 79 64 103 62 92 85 75 109 80 84 96 97 90 61 76 92 56 83 85 83 100 59 96 96 54 90 86 87 63 96 65 98 58 68 100 59 83 64 66 69 94 93 98 70 44 111 74 93 79 101 60 56 103 75 117 82 91 83 44 75 69 100 107 77 144 96 63 71 85 75 110 63 107 77 72 64 56 75 103 106 60 62 66 86 104 56 96 88 108 82 67 70 62 78 70 93 61 85 106 59 89 84 71 116 62 95 112 92 75 91 76 53 108 102 91 100 89 63 95 140 69 60 74 91 66 59 53 91 81 79 49 77 56 130 149 68 83 72 72 80 47 101 108 84 97 68 80 78 85 87 109 108
77 113 69 102 89 102 114 127 93 114 68 82 137 69 107 68 116 78 85 93 106 56 81 45 74 141 49 122 99 67 106 85 147 79 85 102 91 83 55 69 79 89 71 86 60 130 99 130 88 86 126 74 103 99 76 115 94 85 97 112 99 68 100 99 60 85 95 84 108 72 109 98 63 103 90 112 75 106 79 112 61 80 110 72 105 74 76 83 126 96 109 77 64 112 75 108 80 110 75 64 105 94 134 95 107 87 51 78 78 109 115 83 159 97 72 86 99 76 114 72 119 78 81 70 70 79 115 108 73 72 75 87 112 57 106 101 119 87 84 80 74 88 76 118 65 89 124 67 102 90 78 137 78 107 113 98 79 103 89 71 110 121 93 107 100 70 116 154 78 62 81 95 88 73 60 116 91 92 57 89 60 140 159 75 91 82 73 99 48 116 120 89 111 73 91 83 98 95 117 112
82 119 74 103 93 112 115 169 95 130 94 96 151 75 128 90 131 93 92 99 125 70 90 61 75 151 64 136 131 84 122 106 156 96 89 103 93 97 80 80 100 105 100 93 76 133 102 136 99 89 135 92 116 119 81 121 102 104 103 133 117 87 115 118 65 86 112 89 131 78 115 103 81 122 98 121 96 111 82 117 63 93 120 85 114 91 84 87 139 98 130 78 72 115 92 126 85 129 82 79 106 95 161 117 128 94 75 86 87 110 124 90 160 111 82 100 110 98 117 89 124 87 88 80 81 86 118 116 96 83 77 108 121 78 132 111 134 88 100 100 92 94 82 123 80 99 137 85 122 106 79 138 79 112 131 105 90 108 95 84 120 123 94 116 111 79 121 160 92 68 86 100 91 81 68 128 103 101 61 96 77 147 174 90 101 89 93 105 49 137 132 99 118 80 104 97 101 127 127 130

15 7 29 5 14 12 25 26 1 8 7 2 12 24 5 10 13 18 20 21 15 4 19 11 6 13 16 15 10 1 14 18 1 16 9 12 9 1 6 11 1 4 16 19 7 8 31 11 1 5 1 14 6 23 1 10 24 10 10 5 20 19 24 7 15 17 6 7 14 18 14 2 1 1 13 19 10 1 10 1 12 1 1 4 4 23 1 18 1 9 15 9 7 20 25 3 9 17 6 4 21 17 22 7 20 13 1 9 1 15 1 3 6 7 29 9 18 1 21 17 13 9 1 1 1 1 10 16 13 9 8 12 24 1 8 9 3 1 29 6 10 1 1 16 14 3 2 1 14 9 12 14 11 7 13 7 7 2 7 17 5 12 24 32 22 22 24 2 2 4 18 3 11 2 9 15 5 7 13 9 8 6 18 26 10 3 20 10 3 3 3 8 4 13 16 7 8 9 8 1

7264 7145 9695 13927 7888 8460 19530 15110 7671 8333 406 6971 7864 179 18095 5464 9715 14373 7525 9822 7516 7237 5448 14735 13307 5539 11771 12337 6830 11549 8008 9068 12205 7545 6202 6800 10475 17579 3495 5944 5727 6418 12989 12626 14793 14881 19664 9071 8868 14715 11237 10633 14385 9018 8842 7592 2593 14206 5823 12498 9215 14313 9116 973 5808 7053 19448 8873 5469 5620 13135 12494 9925 9114 18942 6876 6845 10921 10880 12360 13603 11972 495 14603 15620 18680 9036 355 19043 6738 18 3445 9194 5821 8927 7230 11850 16634 6417 13757 12842 14626 8817 8032 3048 7336 7357 8548 1827 9244 9247 8953 14330 11257 7296 13683 14110 17132 12189 5725 6053 11982 7055 11121 14643 3506 2297 12561 13318 6135 12886 1779 6730 12892 13993 8924 16094 13149 12692 4411 13720 16399 7431 8053 6442 8791 7306 9881 7872 1468 8718 3187 11287 20228 16286 8160 18380 7744 2106 6964 13791 11597 11661 11240 2363 14331 12396 8374 9231 14616 8155 3955 8387 8314 14293 1530 6071 9751 14523 6541 6682 9116 6554 11452 13185 8636 14912 5767 7824 12523 10651 20226 8544 11008 9186 12911 7771 6173 8470 7773
9059 8772 11933 15674 9217 9364 22128 17347 8793 9839 454 8353 9669 212 21787 6082 11329 16900 8627 12048 8291 8983 6378 17490 14663 6167 13767 14679 7778 13993 9994 11118 14468 9238 7246 7806 11700 21889 4269 6877 6408 7941 14771 15437 18059 16851 23957 10334 10565 17042 13139 12143 16648 10444 10720 8535 2999 17097 6533 14742 11182 16046 10260 1096 7029 8154 22939 9985 6556 6502 14857 15498 11181 11167 23160 8053 7773 12811 12046 14881 16225 13413 574 17552 18690 21662 10875 403 21309 8393 20 4020 10750 7088 10225 8052 13436 19772 7499 16880 15756 16518 10728 9894 3687 8366 8846 10415 2026 11308 11111 11156 16078 12831 8076 15992 17058 20022 14157 6598 7155 13464 7887 13721 17086 4288 2801 14643 15910 7117 14999 1984 8330 15429 15430 9841 18256 16286 14079 5300 15454 19676 8343 8997 7258 10639 8341 11970 9516 1688 10670 3936 12914 24156 19419 9312 22271 9197 2357 8312 15657 12760 13204 13871 2837 16839 15368 9375 10356 17419 9490 4668 9683 9276 17214 1884 7140 12082 17269 7690 8059 10373 7518 13486 15170 10442 17995 6602 9193 15336 12408 24683 10126 12558 11316 14612 8680 7523 9423 9650
10384 10462 13744 17400 10536 10805 26744 19975 10577 11109 537 9838 11245 236 25283 6761 12811 20351 10466 13863 9344 10068 7045 19204 17041 7181 16468 17122 8696 15535 11413 12396 17047 10633 7920 8871 13249 25631 4665 7848 7776 9466 17631 17307 20596 18396 28823 11388 12380 19506 14853 13396 19521 11599 12563 9712 3386 19723 7413 17128 13301 19165 12123 1337 8015 9804 26583 11327 7107 7442 17871 18252 12907 12674 25736 9429 9330 14006 14086 16922 19165 16121 684 19795 22524 25465 12573 465 24886 9670 24 4804 12329 7937 11149 9729 15676 22049 8871 19032 17324 18097 12930 10994 4251 9394 10322 11763 2214 12800 12258 12365 18903 14232 9388 18473 18862 21951 15988 7972 8331 15350 9267 15722 19909 4718 3099 16563 17717 8395 16457 2403 9836 17547 17672 10764 20958 18755 15806 6283 18687 23435 9545 10746 8162 12646 9108 14342 11308 2012 12685 4671 14478 26435 22601 10233 25228 10783 2806 9321 17036 14847 15638 16472 3226 20213 18378 10438 11637 20507 10903 5106 10548 10879 20140 2086 8473 13436 20189 8969 9464 11795 8974 15870 17102 12116 21499 7179 10593 17528 14226 28044 12078 14897 12585 16654 9702 8907 10465 10600
12197 11624 15554 20801 11802 12258 31327 23412 12053 12570 629 11541 12748 264 29134 7320 13911 22358 11550 15114 10873 11516 8371 22501 19419 7822 19234 18797 9472 18245 13238 13915 19480 11806 8668 10428 15240 27730 5316 9186 8769 10304 19728 19837 23713 21161 32053 12552 13451 21273 16702 14950 21481 13292 14031 10994 3832 21487 8821 20030 15228 20718 13067 1447 9362 11114 29207 13430 7670 8607 20169 19779 14869 14945 29743 10179 10699 15710 15887 18750 21906 18952 759 22692 24601 29549 14796 542 29331 10845 27 5524 13434 9134 12547 11425 17328 25624 9876 21398 19471 20494 14456 12880 4748 10575 11717 12861 2402 14873 13187 14355 20381 15395 10299 20661 21007 25786 17303 8923 9655 17887 10029 17983 23554 5316 3581 17854 19858 9580 18243 2684 11277 19886 20257 12245 23712 20205 18761 7202 21018 25934 10821 12611 9688 14396 10353 16744 12230 2318 14671 5162 16255 29388 26129 11501 27361 11785 3025 10233 20394 17039 17364 17844 3610 22127 20649 12410 13382 22409 12044 5929 11598 11840 23126 2359 9931 14940 22977 10131 11078 14049 9998 18455 19934 14267 24181 8341 12421 19166 15364 31212 13309 16472 14510 18238 10828 9995 11730 12241
13954 12727 17654 22296 13225 13767 36145 25379 13356 14543 715 12253 14125 301 32924 8058 15648 25019 12968 17565 12347 12945 9414 25206 22203 8576 20459 21478 10605 21055 14548 14962 20948 13006 10201 12014 16907 31455 6076 9913 9384 11075 21528 21959 26991 23549 34810 13710 14443 24063 18091 16952 23941 15152 14921 12275 4283 23717 10271 21331 16525 22518 14235 1598 10017 12538 32566 15148 8509 9884 21886 21077 16003 16720 34134 10950 11600 17477 17105 20021 23783 20333 812 25561 27941 32098 15866 579 33540 11887 31 6300 15262 9731 14543 12268 19616 29527 11152 24195 21378 22301 16562 14515 5133 11321 12572 14693 2788 16195 14341 15331 23531 16611 11413 22074 22875 29503 19439 9765 10981 20166 11691 20551 26723 6141 4115 19856 23112 10223 20210 2989 12511 22792 22360 14199 26186 22666 21373 8202 22744 29446 12480 14265 10765 15314 12042 18974 14058 2615 16471 5934 18327 31527 28399 13193 31913 13370 3438 10974 22164 18499 18950 20345 4120 23963 22275 13255 14740 25489 13093 6567 13095 13882 26474 2557 11031 16762 25360 11317 12727 15803 11207 20540 21905 15815 26461 9028 13925 21270 17103 34336 14324 18753 16265 20458 12598 11410 13301 13675
15569 13997 18750 25614 15153 15780 40727 27066 14478 16122 794 13004 15289 323 35118 9095 16666 27688 14220 19675 13126 13838 10627 26689 24575 9680 22946 23535 11725 22996 15554 16057 22681 14615 11551 13102 19209 34627 6619 10980 10530 11914 24728 24390 29976 25917 39104 15633 15569 27014 19741 19106 26908 17360 16217 13240 4728 26275 11061 24115 18587 24038 15766 1715 11327 13302 35696 17100 9872 10749 23596 22832 17407 17803 37721 11888 12347 19458 19236 21466 25930 22287 866 28110 31822 36437 17484 629 35830 13328 34 6810 16376 10960 15986 13537 21595 33622 12726 27335 22989 25358 18741 15438 5748 12954 13950 16664 2981 17539 15590 16501 25215 18423 12564 25286 24437 31844 20679 11182 11777 21532 12909 22390 29257 6981 4364 21888 25434 11589 22932 3369 13953 25209 24111 15988 28282 24529 23469 9300 24647 31866 13294 16054 12185 16667 12908 20958 15042 2955 18089 6566 19815 33979 30609 14950 34143 15052 3675 11672 23871 19684 21359 21820 4568 25537 24649 15250 16234 27365 14644 7197 15149 15525 28331 2930 12056 18697 27837 12903 14279 17312 12621 23167 24462 17739 28520 10400 14851 23464 19384 37968 16117 20828 17309 22842 14391 12705 14653 14558
16698 15279 20634 28358 16943 17181 43408 28885 15414 17600 887 14339 17235 365 39030 9836 17880 30820 15309 21450 14810 15459 11232 29415 26989 10611 25296 25720 13160 25641 16455 17503 24462 15882 12794 13808 21562 36723 7025 12177 11464 12938 27545 27009 33632 28934 43691 17205 16971 30245 21724 20637 30042 19607 17291 14108 5219 28965 11852 26328 19692 27257 17948 1820 12757 14339 37752 18021 10824 11850 25034 25530 18867 19066 40095 13489 13653 21613 21302 24158 27920 23573 931 30760 34565 38315 18521 676 38159 14751 37 7163 18293 12199 17589 14814 23242 35922 13724 29786 25488 28170 20679 17112 6103 14602 15259 18117 3302 19578 17479 18265 27457 19889 13436 28304 27107 34200 23221 12314 13071 23687 14255 23972 31545 7492 4738 23891 28170 12303 25826 3587 14816 28396 27344 17614 30823 26224 25178 10334 27771 33566 14277 17394 13747 17948 14532 22242 16497 3170 19602 7191 21699 38097 32624 16251 36283 16849 4173 12390 25773 21891 24151 23434 5082 28399 26044 16756 17470 29543 15731 7994 16048 17327 31440 3174 13175 21101 30655 14243 15583 19549 14013 24395 26244 19256 30275 11171 16183 26594 20910 42185 17610 22884 18957 24482 15465 13922 16557 15556
18376 17024 22393 30429 18817 18053 46655 32098 16587 19469 939 15644 18290 396 42059 10625 19959 33820 16818 23495 16268 16952 12573 31997 29093 11717 27809 27659 14172 27301 18456 19060 27199 17136 13647 14696 23142 40622 7707 13148 12229 13721 29451 29144 36438 31669 46376 18124 19075 32684 23324 23157 32219 21792 19318 16000 5789 31013 13278 27952 21068 29962 19949 1988 13978 15721 42481 19054 12026 12972 27322 27017 20353 20926 42000 14272 15278 24024 23889 26066 30724 26325 1008 34245 36499 41170 19894 731 41645 16386 39 7754 19757 13635 18770 16101 26172 38421 14555 32823 28379 31721 21597 18377 6728 16160 16127 19197 3652 21380 18608 20100 29089 22398 14202 29692 29113 36577 24795 13078 14581 26152 15934 25746 34920 8281 5227 26159 30072 13587 28819 3962 16068 31338 30053 19064 32889 28539 27897 11412 30381 36266 15200 18567 14609 19740 15944 23361 17405 3417 20636 7535 24219 41959 36200 17454 38145 17743 4391 13768 28323 23510 25889 26022 5667 31861 27704 18512 19317 32269 16671 8697 17835 19005 34141 3455 14167 23235 32587 15261 16989 21226 15230 25900 29334 21218 32756 12138 17258 27888 23022 45731 18506 24215 20746 27288 16848 15034 18106 16882
19844 18367 24133 33444 20595 19458 49178 34965 18352 21253 1013 16527 19106 434 46026 11493 21435 37133 18011 25116 17300 18347 13934 35342 32248 12653 29528 28972 15423 29767 19448 20850 29256 18336 14548 15827 24224 42789 8180 14144 13148 14673 31895 31101 37983 33664 48371 20244 20743 34252 25018 24394 34650 23251 20287 17830 6108 32944 14172 30016 22585 32493 21022 2152 14672 16510 44921 21260 13360 14076 29662 28929 21501 22393 46729 15748 16231 25599 25101 29073 32290 28424 1114 37881 39037 43523 21066 805 43552 18043 41 8223 21046 14295 20188 17787 28351 42040 15361 34876 29835 35364 22769 19244 7485 17989 16865 20659 4103 22616 19642 21144 30602 24393 15868 31405 30945 38750 26072 14323 15555 28383 17067 26862 36765 9060 5480 27533 31501 14487 30567 4247 17264 32836 31771 20360 34619 29932 30200 12043 33770 38292 16763 20317 15835 20866 16695 24442 18317 3639 21831 7898 25466 45566 39300 19275 42554 19227 4615 14508 30719 26038 28685 28577 6034 34299 30032 20538 21270 35079 17938 9468 18813 20221 37708 3783 15365 25082 35959 16363 18087 22872 16601 28189 32350 23268 34273 13390 18581 30748 25011 50136 20014 26342 22465 28849 18398 16471 19340 17689

4832 4044 7570 8664 5416 7119 16823 7713 4467 5149 352 5380 4717 135 9856 4711 7816 7624 4751 6242 5353 3965 4294 8417 9478 3134 6330 6982 5771 8010 5212 7887 6875 5980 4097 3614 6650 15520 2587 4639 4608 5362 10562 7808 8409 8878 12605 6065 7734 9022 6051 7672 8606 6328 7883 4393 1602 8002 3066 6433 5574 11220 6706 870 4084 5483 11369 6887 3310 4788 7546 11118 6395 4859 15159 5790 4428 5834 8542 10576 11547 6705 405 7846 11238 12410 4913 263 16301 3684 12 2192 6905 4456 7069 4944 6631 8811 4387 12368 10270 8426 5141 6888 1851 3798 5257 5647 1593 6094 7627 6494 10654 9776 5241 8711 9686 12867 8437 2982 3683 6913 4528 7657 10786 1887 2032 6353 6730 3090 10800 1529 4083 7394 9219 5374 9647 8516 9414 3941 8049 11809 4164 6773 4822 4476 6430 8152 6101 1000 5768 1987 7178 13810 12371 6789 15569 6554 1590 4333 7073 7970 9657 10106 1975 10063 10822 5406 6823 8986 6068 2096 6420 4872 7285 1053 5101 6703 12651 3366 5041 6710 4325 9947 11773 6869 8016 4923 5878 8918 5538 11429 5911 9833 8054 10227 4705 3715 6592 3933
