200 9 1
101 107 117 109 62 180 141 122 1 1 164 327 1 97 60 17 101 25 102 17 63 63 95 91 154 123 232 1 184 161 32 135 94 74 126 121 146 118 1 31 80 115 267 1 1 189 110 1 1 79 1 1 212 88 55 166 202 118 121 155 11 55 226 259 140 51 192 1 1 61 250 209 172 141 65 99 126 26 135 64 25 49 149 44 134 70 107 81 1 39 162 135 1 73 1 31 1 184 128 48 70 43 248 123 211 36 313 191 64 1 96 155 44 112 1 24 37 160 54 1 46 1 173 174 3 5 107 1 162 147 174 96 107 152 1 8 202 73 145 239 84 177 153 1 82 1 101 1 137 36 162 1 107 40 105 99 173 1 78 1 86 1 169 88 116 137 174 236 167 62 108 228 151 205 163 131 195 25 124 108 9 1 134 105 218 91 291 137 1 228 220 130 139 63 87 56 159 44 57 163

23 11 24 11 29 32 1 41 10 13 36 20 15 1 25 8 27 25 13 27 14 1 24 33 41 15 28 13 25 1 43 65 37 33 8 2 26 23 15 27 34 14 20 20 27 15 31 6 27 22 42 23 20 13 41 1 28 1 17 14 3 6 1 16 28 44 31 21 9 1 27 13 8 24 35 8 21 7 1 27 32 32 33 6 28 9 22 22 27 18 49 12 1 7 16 12 15 16 15 14 18 5 1 1 6 6 18 34 24 17 2 1 15 21 27 30 40 1 27 31 18 41 18 19 38 40 10 39 1 15 58 25 13 25 8 32 11 52 1 25 23 1 51 30 35 23 33 1 45 9 7 6 1 40 2 4 1 4 34 37 6 38 43 17 11 24 23 2 9 13 9 26 44 36 1 10 42 31 1 4 11 12 33 13 11 6 18 29 13 1 10 1 6 47 7 44 25 1 43 5
44 16 39 29 56 35 13 54 11 19 56 29 30 6 33 13 31 34 27 32 20 13 45 46 51 24 30 14 39 10 44 71 61 44 10 15 32 42 28 38 41 24 36 24 59 16 36 10 36 28 43 24 31 25 57 26 32 5 21 39 18 7 5 32 42 51 39 49 23 7 42 23 13 36 42 17 25 18 9 35 50 43 36 12 34 10 26 39 28 23 70 32 2 15 36 24 23 27 18 40 25 22 22 11 16 11 22 37 27 18 18 11 16 36 35 63 41 2 41 34 21 50 19 34 48 45 14 47 17 25 68 48 29 38 23 46 18 70 13 26 26 19 53 39 46 33 40 13 49 11 15 14 12 51 8 6 17 15 49 42 8 49 46 24 18 40 53 3 10 38 16 43 49 42 6 17 59 44 16 17 30 22 49 30 22 8 39 47 14 2 11 9 24 64 14 58 41 10 44 30
66 36 50 50 70 58 25 62 19 27 61 42 31 10 53 19 32 36 33 45 28 22 48 47 53 45 39 17 52 25 49 93 73 64 24 24 37 60 51 52 48 47 45 25 69 40 39 14 39 44 56 32 41 42 70 30 38 24 37 44 24 8 7 41 53 65 40 53 31 18 47 28 26 47 43 24 33 29 19 36 60 57 61 22 39 36 35 40 37 37 92 46 3 32 42 27 32 30 37 58 40 38 31 13 23 12 33 45 28 31 25 22 24 48 58 84 45 4 57 41 22 64 32 41 66 55 17 54 28 36 69 59 58 46 33 74 38 81 14 38 29 37 63 54 47 54 50 22 52 23 23 28 17 55 15 13 27 29 58 52 9 69 57 26 24 47 56 11 21 47 22 52 69 47 24 28 63 57 17 27 37 46 68 37 28 20 40 51 25 10 14 22 25 79 29 69 43 22 61 42
88 37 62 59 83 77 35 77 30 46 62 62 60 11 63 21 36 44 50 54 41 38 64 64 63 55 50 30 63 29 51 107 90 74 39 29 48 70 54 61 58 63 53 37 78 54 50 24 43 45 76 40 42 47 78 31 52 32 60 51 41 18 17 65 64 75 53 63 41 36 48 32 42 50 54 34 44 34 35 45 77 62 71 31 44 44 38 53 44 54 107 53 18 51 56 50 46 51 38 64 52 58 37 17 30 22 64 63 30 56 44 34 40 58 59 94 56 5 63 45 29 71 36 57 85 56 39 63 43 37 83 65 64 68 40 88 39 93 28 47 37 43 81 56 58 57 53 30 66 27 36 35 20 60 34 16 44 38 59 62 27 75 62 28 41 63 64 20 37 49 24 59 73 51 34 43 72 70 21 28 39 47 83 49 48 28 56 62 30 12 18 29 44 94 38 89 66 36 68 45
97 46 64 64 97 79 37 78 55 47 75 65 70 16 67 34 57 55 63 72 45 58 87 65 69 61 62 40 92 48 61 109 101 85 56 34 63 88 62 67 62 65 57 39 100 57 51 26 57 48 85 41 43 54 87 59 65 45 63 67 44 26 31 68 76 80 76 71 50 44 49 61 49 67 57 45 60 36 51 50 80 68 83 49 54 47 62 75 48 67 114 54 23 60 57 63 59 61 49 69 71 71 50 25 41 30 65 73 43 76 46 39 62 62 81 95 67 6 71 46 30 72 58 60 95 67 57 72 51 63 98 71 68 82 45 105 45 101 34 49 50 50 90 70 71 77 67 37 89 32 47 37 33 65 55 22 51 39 80 67 35 79 79 53 55 77 73 21 58 55 31 79 87 52 40 55 88 85 34 29 41 55 84 55 57 41 72 77 39 22 32 44 53 101 56 108 80 37 69 52
99 60 78 72 98 100 58 79 85 49 95 78 71 20 75 39 73 56 78 90 54 59 89 79 77 63 76 60 104 49 70 111 114 91 78 42 65 106 65 72 81 68 58 56 102 72 72 40 63 60 90 55 54 69 99 60 66 61 69 94 46 27 39 77 80 102 81 72 81 47 56 63 60 72 68 48 67 41 64 66 87 87 93 54 55 64 69 76 49 69 119 74 41 71 67 84 63 63 51 72 84 89 68 44 60 36 73 80 49 80 54 40 64 74 92 110 73 27 87 69 57 85 59 74 98 72 71 73 65 69 102 75 73 85 46 121 74 112 50 66 51 71 95 78 73 87 85 48 96 51 62 48 41 69 56 30 65 62 94 76 68 89 83 63 77 84 78 38 72 56 35 81 104 68 46 56 94 92 52 45 53 56 109 61 71 47 79 78 65 31 38 54 55 115 57 125 93 57 73 75
110 63 94 91 120 111 63 102 107 56 96 108 74 31 76 56 93 69 93 111 66 66 103 83 81 70 92 61 126 59 97 114 122 95 94 51 79 110 86 77 82 69 71 61 104 88 86 49 81 71 91 75 68 77 124 69 87 73 72 115 55 39 53 80 99 121 91 79 106 66 67 67 66 76 85 49 82 60 81 78 97 101 120 67 62 71 70 84 55 73 124 75 61 74 81 95 75 71 57 90 105 93 79 67 63 44 82 81 74 81 65 52 76 79 96 120 80 38 94 70 61 87 61 75 101 74 89 85 66 70 103 82 81 96 57 135 96 117 68 73 59 73 101 85 81 88 99 66 105 60 76 59 52 75 76 33 80 78 108 85 80 91 107 71 85 88 94 41 74 68 43 86 110 82 52 61 112 101 67 56 59 79 111 71 92 52 80 90 66 38 40 62 80 123 70 134 97 73 82 88
125 66 103 120 125 117 71 108 122 69 97 136 84 47 87 60 103 75 107 125 72 85 115 86 86 82 104 65 143 72 109 122 133 114 95 58 97 119 87 81 85 76 95 71 112 92 94 50 89 81 107 76 78 82 142 77 104 95 76 123 62 44 56 81 117 127 92 85 113 73 68 74 75 86 92 64 92 73 92 87 121 107 123 76 77 89 71 104 59 89 139 92 68 81 103 105 82 100 73 94 109 116 86 73 74 52 85 88 81 97 66 66 80 99 102 130 81 55 99 76 67 88 80 89 121 77 90 89 69 81 106 92 83 108 76 149 109 129 86 76 61 79 115 105 86 95 113 78 106 67 81 62 62 80 85 35 92 85 112 97 86 107 124 85 96 94 105 53 75 71 56 99 133 90 59 77 116 115 82 57 78 86 112 75 94 53 97 121 84 50 57 82 87 149 80 135 98 85 98 102
138 82 113 136 130 132 81 112 123 85 115 142 95 53 107 68 104 93 126 134 79 94 120 95 104 91 114 80 144 74 116 136 151 120 98 62 104 122 91 91 95 81 97 86 129 99 101 72 95 86 119 77 98 88 147 80 112 102 94 133 75 51 67 93 129 138 101 90 128 78 79 89 85 101 98 84 98 95 93 99 132 108 134 87 89 100 72 114 77 102 143 121 72 89 118 123 101 125 76 104 115 122 100 77 77 55 107 99 91 105 74 75 88 109 107 145 91 70 105 88 79 90 88 120 137 81 107 97 71 99 107 94 100 114 90 161 129 140 104 83 70 95 128 121 96 107 115 85 108 86 104 71 63 101 105 43 107 102 118 113 92 113 132 105 101 102 120 56 88 86 61 102 149 106 68 78 145 124 95 76 83 96 122 94 96 59 99 122 92 60 73 85 88 158 83 149 118 90 114 120

16 10 10 19 2 12 1 7 2 22 15 1 5 3 4 1 16 13 7 12 10 1 1 15 19 14 1 15 19 3 8 1 9 20 18 12 24 1 10 5 5 5 18 20 4 11 16 4 2 7 4 15 11 1 18 18 17 5 18 1 3 9 11 7 21 19 12 22 13 7 22 6 7 2 18 1 1 12 1 8 1 3 5 4 16 2 1 13 6 18 10 14 8 1 18 16 15 6 19 13 2 16 4 6 11 5 13 10 9 2 1 15 12 12 4 4 8 8 3 4 8 1 9 12 19 5 11 34 19 15 10 9 2 16 1 18 1 17 1 3 5 12 1 1 18 1 8 6 16 7 1 9 23 1 19 5 16 1 5 8 10 4 18 4 1 11 13 15 1 1 4 8 13 11 15 7 6 5 15 20 4 4 6 17 27 12 4 1 1 9 1 1 11 14 21 7 19 8 21 6

10375 8007 7232 5343 13098 4710 8153 11802 5660 19089 11843 8384 687 5354 11357 7437 4995 5805 6660 7292 10423 15000 5407 13204 7634 7270 9049 13403 9072 6712 16680 16576 8497 7320 8745 8172 6105 9529 11091 11576 5206 10226 13387 9830 12718 7805 8411 6859 2362 15854 14064 2706 5255 16887 5693 13804 3083 7582 6965 5244 12400 13947 8502 1896 11817 13079 16214 10166 720 8665 9016 14424 19061 16324 11274 11653 7360 12301 6354 18221 5200 12673 10175 16879 11805 7778 8523 15436 2150 13313 6732 6229 13190 10023 10242 12001 3141 8433 8005 12901 7700 6092 13452 9265 12770 3273 9358 11138 14038 5721 7141 11705 18107 19136 7148 12981 5457 7341 5888 6442 12838 8059 5433 13105 7108 10844 11618 18484 11629 13238 12322 6104 14151 13606 5724 14060 8519 10844 630 10102 6466 9118 6146 8437 5750 8874 10831 11457 8461 16532 13524 11710 7385 16051 11437 15649 10816 7108 6651 7246 7325 11484 12280 10242 6845 5877 8605 14016 4065 9984 7582 12195 13276 6289 7905 8506 11217 13193 12669 5413 14038 18708 8855 9761 10681 19033 8220 9126 6713 18276 7417 8074 12934 10121 7623 8989 9039 10247 5236 8242
12544 9202 8188 6118 15055 5248 9438 13065 6753 22214 14111 9751 807 6134 13638 9097 6216 6798 8311 8445 12834 17717 6511 14955 9085 8350 11248 15627 11123 7955 19122 20442 9448 8581 9974 9786 7442 11909 13745 13867 6152 11344 15792 10905 15687 8762 9461 8376 2885 17779 15577 3356 6340 20008 6313 16646 3811 9037 7742 6240 14288 16677 10227 2274 13127 15329 18220 11479 794 10303 10960 17783 21435 18256 13169 14436 8842 14832 7111 22547 6388 15060 12130 19620 14699 8843 9923 17359 2372 16437 8208 7617 15663 12334 11908 14937 3610 10274 9534 14444 8658 7404 16335 10707 14902 3776 10760 13212 15794 6538 8344 14182 20689 21434 8232 14827 6299 8760 6956 7353 15040 9769 6111 15191 8147 12889 12890 22567 13319 15974 14997 7183 17469 16166 6862 16999 10196 13481 700 12232 7594 11268 7166 10082 6648 11035 12390 14013 9985 18239 16310 14279 8633 19807 12767 17604 12471 8666 7888 8176 8395 13931 14210 11661 8282 7314 10272 15484 4551 11852 8677 13860 15553 7163 9553 9898 12541 15328 15190 6291 15587 22756 10949 11447 11949 22925 9503 10587 7763 21460 8274 9750 15165 11545 8510 10190 10081 11950 6005 9342
14284 10422 9144 7150 17772 6223 11153 14806 7978 25586 16517 10934 948 6785 15986 9989 7100 7613 9031 9958 14713 20007 7673 17062 10515 10086 12746 17015 13062 8723 22276 22557 10793 9318 11297 11213 8108 13223 16450 16216 7056 12810 18625 12847 18850 10606 10830 9720 3169 19600 17946 3636 7018 22887 7386 18842 4319 9810 9371 7522 16201 20084 12140 2472 14681 16712 20209 13355 960 11788 12898 20870 24930 19915 15804 15757 10556 17752 7793 26764 7465 17721 13244 21912 16471 9827 11605 20754 2616 19360 9310 8563 17335 13528 13849 17911 4127 11475 11157 17104 10342 8838 19247 11944 16564 4431 12037 15077 18220 7595 9233 16737 24068 24043 9429 17074 7445 10333 7709 8815 16381 11021 7166 17098 8884 14840 15393 25744 15618 19075 17223 8699 20190 18021 8014 19246 12222 15610 787 14441 8650 12818 8560 11900 7625 13008 14256 16144 12024 20370 18744 16690 10333 21576 15099 20358 15132 9419 8652 9320 9892 16232 15546 13276 9408 8390 11701 18501 5507 13031 9795 15453 17445 8734 11367 11813 15264 17922 16497 7262 17075 25157 13022 12591 14039 26491 11288 11642 8903 25840 9212 11374 17857 13212 9470 11686 11174 13692 7087 11270
15646 11451 10703 7770 19184 7186 12490 16360 8781 28212 19183 12666 1045 7854 17239 11765 7881 8500 10247 10944 17117 21817 8473 19992 12230 11070 13845 20299 14293 9961 25592 26137 12242 10061 12915 12761 9112 15444 18163 18457 7808 13944 20281 14488 20597 11939 12144 10714 3744 22427 19892 4012 7755 24922 8103 21627 4928 11276 10612 8343 17637 21680 13378 2887 16718 19277 23673 14798 1056 13075 14224 22540 27080 22405 16969 18342 11938 19402 9367 30156 8571 20077 14930 23684 18899 11060 13636 22518 3149 21134 10126 9391 19555 14583 16067 20862 4617 12949 12480 18476 12002 9582 22419 13160 18771 4966 13448 16272 19711 8933 10398 18540 26768 26488 10893 19875 8510 11681 8366 9877 19477 12708 7742 19847 10283 16503 18233 29625 16781 20443 18865 9981 23190 19572 8942 21670 13940 17869 927 16578 10105 14814 9677 13348 8281 14451 16229 17414 13425 24125 20811 19366 11469 25402 16585 23977 16387 10709 9633 10998 10684 18423 17291 14798 10704 9193 13076 20654 6012 14236 10706 16904 20496 9666 12841 13806 16460 21042 17915 7994 20025 28050 14309 13859 15218 28856 12896 13717 9957 28996 10085 13134 19885 15524 10825 13788 12962 16072 8013 13254
16965 13247 12397 8805 21038 7774 13516 18171 10075 32896 21685 14465 1148 8453 18801 13497 8604 9755 11491 11907 19219 24683 9725 21900 13660 12258 15812 22867 15353 11092 28915 29922 13237 11393 14033 14236 9922 17124 20464 20645 8759 15814 22001 15996 22058 12733 13113 11681 4198 26028 22724 4500 8512 27877 8845 24668 5623 13144 11536 9507 19280 24682 15254 3325 18396 20975 26225 17308 1195 14524 15703 26093 30139 26132 18688 20099 13179 21720 10777 32859 9550 21935 16425 26552 20965 12522 15560 24843 3463 23726 11035 10701 20900 16236 18417 23467 5148 14604 14276 19875 13742 10756 24323 14121 21899 5496 14778 17903 22245 9959 11695 20394 29107 28875 12347 21902 9634 12873 9012 10898 21602 13853 8673 22071 11519 17998 21089 33189 18546 21982 21716 11312 25837 22508 10169 23284 15677 19735 1057 17852 11709 15975 10781 14867 9478 16376 17588 19807 14708 27479 23786 21347 12900 28331 18563 27477 18825 12019 11184 11941 12322 20854 19580 16443 11740 10232 13999 23212 6767 15943 12070 19260 22810 11207 14000 14900 17687 24312 20044 8995 22184 32238 15988 16093 17375 32847 13903 14756 11248 31490 11593 13991 21744 17519 12251 14984 14566 17663 8928 15197
18388 14989 14137 9522 23277 8304 14511 19607 10836 36808 23800 16327 1292 9534 21043 14425 9831 11001 13122 13258 20983 28244 10652 24822 15212 13643 16860 25334 16378 12408 32310 33513 14541 12227 15479 16088 10706 18958 23175 23275 9956 17743 24618 18213 24145 14507 14222 12819 4517 29112 25117 4874 9249 31568 9416 26267 6283 14292 13090 10196 22090 27861 16350 3741 19798 24202 30082 19027 1373 16592 17149 29243 33328 29345 20452 22021 14008 24459 11760 35987 10526 24480 18806 29534 22939 14130 17335 28124 3826 25905 12258 11848 23992 18573 20802 26354 5852 15762 15666 21796 15254 11833 26566 15169 24278 6290 16235 19734 23868 10831 13016 21600 30987 32367 13691 23364 10311 14259 10322 12505 23339 15808 9667 24762 12317 20349 23210 37235 20412 23347 24110 12569 29355 25004 11206 25722 17436 21423 1143 20111 13207 18240 12288 16591 10704 17366 19630 22230 16291 29164 26028 23188 13728 31983 21064 29952 20545 12851 12011 13443 13736 22873 20911 17515 13343 10942 15732 25489 7314 17251 13760 21038 24840 11996 15932 16948 19782 26752 22219 9571 23794 35905 17036 17766 18592 37326 14766 15738 12775 35993 12784 15834 23699 19798 14100 16351 16784 20034 9938 17129
20614 16281 15182 10291 26413 9313 15718 21270 12061 39485 25750 17336 1448 10776 23023 15602 10443 12289 14411 14840 22873 31106 11580 27161 16730 14619 18315 26974 17433 13944 34802 35868 16049 13075 16609 17032 11952 20297 24596 25488 11219 19950 26472 19578 26154 15299 15667 13528 5076 31416 26554 5161 10556 34854 10353 28776 6615 15677 13806 11089 23551 31279 17651 3986 21349 27212 32571 20791 1447 18247 18812 30874 35531 32908 23264 24268 14794 26944 12582 39188 11731 27377 21123 33690 24224 15536 18516 30323 4177 28637 13359 12478 26000 20885 22757 28757 6169 17609 17534 23282 16025 12523 29623 16119 27432 7011 17603 21038 25587 12054 14325 23413 33719 36331 14625 25994 11040 15593 11676 14078 26070 17045 10738 26134 13916 22036 24653 39973 21876 25102 26628 13603 31295 28222 12570 27485 18973 23747 1258 21397 14645 19734 13416 17641 11475 18953 21606 23486 17176 32127 28721 24411 14720 35421 22224 33270 23102 13808 12713 15004 15467 25176 22835 18855 14128 11619 17489 26960 7935 19545 14585 22481 27903 12684 16869 18640 22103 28711 24366 10840 26217 39300 17945 19773 20670 41617 16450 17629 14106 40430 14496 16858 25301 21676 15108 17997 18658 22091 10741 18886
21748 17113 16496 11268 28607 10028 17482 22757 13448 43840 28483 18431 1521 11851 25520 16397 11562 13626 15080 15604 24766 34562 12136 28779 18493 15605 20409 29108 19465 15213 38688 38941 17400 14070 18544 18835 12651 22469 26875 27875 12393 21810 28988 21797 27901 16331 16585 15005 5320 34548 30065 5787 11155 38113 11609 30451 7173 16721 15473 12108 25920 34278 18651 4236 23312 28967 34639 22963 1548 20083 20113 34048 37944 34861 24957 27173 16611 29567 13949 43100 12629 29549 22965 35583 25434 16520 20180 32850 4598 30811 14958 13294 28688 21995 24895 31569 6798 18492 19180 25607 17300 13399 31599 17503 28777 7404 18716 22181 27219 13272 15986 25630 38156 39788 16036 27473 11653 17347 12950 15258 28755 18342 12025 27900 15033 24374 27224 41939 23701 26943 27976 14983 33172 31562 13831 29317 20497 25563 1354 22488 15992 20775 14501 18595 12733 20778 23772 26330 18785 34355 30441 25944 16476 37278 24809 36074 25193 14805 13968 16290 16930 26787 24134 20721 15186 12385 19191 28844 8461 21932 16228 24587 29659 13480 18758 20262 24343 31088 26415 12083 28233 43361 19283 21648 22135 46360 18290 18862 15671 42907 15836 18770 27494 22742 16749 20232 20813 24130 11880 20914
23306 18991 18287 12019 31591 11198 19079 25146 14271 46076 29901 19691 1618 12924 27679 18241 12708 14551 16000 17243 26390 36479 13323 31467 20200 16849 22624 32123 21587 16018 40396 40763 18554 14973 20043 20544 13292 24675 29315 30407 13609 23088 31468 23936 30413 17922 17536 16711 5804 37011 32417 6424 12097 41840 12531 31865 7725 18138 16534 13263 29019 37080 20743 4582 25249 30509 38316 24537 1698 21247 21924 37438 41729 37186 27130 29719 18214 31867 14784 45990 13217 31953 24798 37882 27180 18387 22273 36431 4954 33318 15770 14364 31727 23644 27228 34218 7434 19723 20496 26922 18690 14298 34088 19355 30399 7945 20519 24065 28853 14439 16744 28092 40449 41953 16786 29633 12277 18336 13573 16570 30159 20220 13244 29271 16037 26917 29787 44456 25739 29903 30047 16373 36548 34076 14693 31582 22249 28266 1486 23850 17242 22666 15510 19999 14039 22614 25264 28064 19832 36572 32921 28522 17715 40986 27509 39725 27696 15554 14916 17119 18270 28832 26283 22669 16598 13343 20830 30831 8908 23469 17389 26672 32670 14509 20167 21490 26778 32692 27827 12808 29646 48028 20203 23151 23262 49341 19896 20345 16947 45512 17031 20364 30343 24875 17767 22441 21797 26537 12685 22751

8732 5098 6107 2673 6657 2486 4501 6080 4198 9839 7477 7107 404 4470 7332 4525 4151 4432 4684 4510 9109 8898 3421 7387 4215 4284 5874 11517 6932 3728 12127 9965 6007 5125 7080 4826 3996 6532 8919 9293 4585 6139 11443 4983 7288 5750 7125 5804 1707 14228 7717 1619 4125 12132 4808 9949 2200 5946 4423 3670 7392 7608 5603 1096 8935 8517 12066 8368 604 5939 6212 9974 16036 14290 9002 6193 4915 10292 5690 11193 3038 9979 7293 9144 9684 4982 6108 8492 1130 11942 6035 5495 9456 6269 7941 9541 2245 6322 5541 7002 4319 3083 9477 6069 8376 1665 6311 8951 11951 3590 5828 7998 12128 14489 4734 10655 4387 4496 4807 4273 6689 5043 4078 11242 4235 7823 7125 11893 7530 10484 6454 4638 11094 8823 3524 10475 6953 8831 555 8668 3496 6084 3263 5304 4616 6412 5455 8116 4417 12625 8996 6032 3720 8929 6779 13481 8024 3731 3433 6360 4553 9489 10295 7535 4982 4008 6772 11029 3307 7692 5091 7983 9491 3151 6877 5416 5899 6812 6960 4794 9928 15245 5043 7824 7228 9752 5001 6950 3470 15736 5058 6367 9247 6237 6731 6318 7571 7468 3787 5595
