500 2 2
66 37 9 96 99 53 12 65 24 18 88 51 69 44 83 58 77 24 89 39 35 18 84 47 25 88 70 49 34 68 66 36 88 66 16 70 70 60 56 50 76 39 25 4 94 89 11 88 41 33 93 41 33 100 90 53 57 92 39 50 43 7 47 25 94 55 77 22 43 75 23 61 47 68 21 44 45 53 98 35 12 16 63 31 53 30 16 46 3 89 65 79 74 34 46 52 79 55 14 16 72 84 52 48 94 71 61 20 26 35 83 33 58 16 22 90 51 23 11 98 82 19 21 54 41 67 57 55 96 12 61 32 13 53 55 77 65 98 77 23 48 64 62 85 87 40 8 48 1 56 99 24 50 66 5 55 67 9 3 63 81 19 19 39 86 2 41 95 81 49 98 73 75 85 47 56 19 66 43 25 5 81 27 20 62 59 57 44 40 33 7 9 80 39 38 51 41 83 84 69 83 74 54 13 49 45 15 10 96 43 5 31 100 31 74 36 35 93 95 54 4 18 81 64 97 30 88 94 15 11 83 99 30 27 26 1 24 79 47 65 91 5 31 64 94 30 4 65 54 81 29 60 99 10 60 2 65 66 14 94 60 15 13 45 40 98 17 67 53 100 86 53 46 57 94 93 2 14 62 14 86 67 46 46 8 10 37 22 86 57 33 5 69 54 87 94 84 90 72 50 60 80 6 30 98 69 77 37 61 43 64 85 26 71 77 25 40 33 17 72 4 14 75 26 81 36 19 50 30 100 12 86 98 84 87 60 38 60 60 70 70 94 43 71 21 27 6 78 47 55 62 56 95 13 41 59 52 97 99 28 48 22 35 100 87 5 7 22 87 21 2 8 22 85 95 29 94 86 80 39 39 38 36 2 31 2 36 76 88 77 7 57 13 15 39 67 2 20 71 78 79 15 96 3 21 15 66 74 41 89 37 46 92 69 50 93 67 53 3 13 54 86 67 35 11 6 78 68 69 14 76 52 74 19 71 21 72 94 8 81 41 16 64 21 38 94 11 78 17 23 32 80 78 32 77 78 3 78 21 14 39 63 44 22 17 9 55 10 100 79 96 12 65 81 61 92 58 50 85 48 27 28 59 31 36 89 58 17 52 69 81 71 63 33 86 20 16 99 74 69

24 15 10 1 12 67 49 52 8 58 82 59 17 13 86 19 45 3 12 42 32 16 15 40 7 15 55 54 18 1 20 8 37 27 37 12 41 2 17 50 35 37 22 9 53 51 12 21 69 69 8 41 40 43 42 57 16 49 7 7 47 18 5 12 2 73 22 34 50 42 32 52 88 2 6 46 68 73 20 50 1 90 40 34 22 34 24 14 84 11 4 68 50 31 41 19 11 12 14 3 10 51 21 92 9 17 6 16 48 1 20 58 70 30 49 64 36 66 70 3 54 6 10 6 27 20 19 2 8 53 22 18 32 16 15 6 43 40 61 56 30 16 5 43 33 40 36 2 14 1 64 4 26 7 1 4 23 91 79 3 30 30 4 61 44 9 52 29 19 37 3 6 49 80 3 79 10 40 1 11 50 15 12 9 5 63 17 65 17 46 12 41 10 1 62 25 55 38 30 20 32 4 3 25 31 88 24 41 25 28 10 28 15 16 54 55 12 4 23 80 40 33 13 68 1 11 1 46 14 38 15 43 34 22 3 41 30 34 7 2 21 65 24 59 42 65 35 73 18 22 17 23 29 9 16 19 69 6 40 9 66 25 57 15 44 88 33 18 31 1 14 43 70 38 23 14 53 46 69 2 76 54 81 10 24 26 11 70 73 1 17 21 22 2 50 60 77 25 40 49 1 7 49 8 72 53 27 17 5 34 76 31 29 29 67 93 2 38 8 72 40 8 23 24 69 40 42 17 66 19 27 6 72 25 73 45 56 8 38 58 11 27 27 28 51 30 1 68 56 65 77 16 3 49 12 18 19 10 27 17 21 35 39 23 3 74 18 19 16 35 39 8 14 26 41 7 22 13 45 68 10 28 8 94 35 39 72 23 35 70 23 62 40 26 58 12 56 53 39 35 59 73 34 41 12 45 8 29 8 5 35 3 38 21 7 43 8 16 10 54 61 10 22 68 13 57 16 36 34 29 11 17 10 5 19 42 13 36 50 50 36 34 54 44 23 11 36 72 6 63 6 3 26 37 36 28 22 32 33 21 10 2 21 29 52 38 6 32 48 70 39 20 14 18 38 48 50 60 48 16 65 37 43 74 45 9 59 21 1 24 34 47 17 51 9 2 55 4 53 71
48 46 16 20 56 97 94 73 13 75 92 85 38 79 91 97 78 100 61 91 60 26 39 64 74 68 76 79 99 24 24 47 51 73 45 100 93 30 100 81 93 81 27 77 89 80 92 52 86 92 30 53 98 82 59 66 25 63 90 66 88 76 80 75 20 95 38 92 90 44 54 89 91 78 40 94 77 74 41 99 75 96 75 59 82 100 37 94 89 14 92 88 71 72 83 67 19 90 92 75 63 52 36 100 98 82 58 16 87 30 86 72 76 79 85 91 56 93 92 19 85 84 42 95 42 79 34 67 23 90 89 77 90 86 31 59 81 72 97 73 76 37 82 84 39 91 55 47 61 94 73 86 69 14 64 11 31 94 96 18 38 96 18 80 65 42 77 40 63 40 67 88 100 92 44 96 97 82 62 24 62 36 89 96 11 87 41 75 61 58 24 88 78 44 80 31 76 51 71 75 58 41 49 80 97 94 73 66 39 67 91 74 33 30 73 69 61 63 72 99 67 35 94 81 82 84 43 57 70 48 94 91 68 37 33 98 62 64 79 62 73 74 39 68 82 87 77 86 42 67 97 85 96 32 72 26 78 81 57 74 90 28 89 77 91 94 54 58 96 81 56 64 91 49 45 32 89 83 97 14 98 74 87 61 72 38 95 73 78 50 71 54 89 96 63 88 99 62 75 99 36 77 68 9 77 96 60 64 23 93 80 62 92 30 71 99 40 63 14 75 44 20 40 100 96 64 45 62 84 67 86 96 77 57 96 93 85 48 72 99 66 97 80 67 91 56 38 100 62 81 98 35 16 64 40 46 34 55 83 66 93 55 49 67 80 82 75 78 78 83 73 41 46 81 77 87 40 17 82 72 91 30 39 97 78 64 88 56 93 88 52 67 97 48 90 100 85 96 82 67 88 78 69 66 19 91 18 99 59 25 88 71 99 32 41 86 11 70 66 79 83 22 89 88 25 62 83 40 47 83 86 74 99 66 53 48 42 74 68 67 60 44 70 77 51 59 86 100 55 67 89 52 59 62 47 86 54 73 73 55 88 3 95 90 76 58 29 60 90 77 50 80 63 94 75 50 99 67 53 63 88 84 78 76 59 25 83 89 68 47 42 58 27 82 89 55 71 43 59 86

40 64 14 5 9 15 4 21 79 15 12 30 22 77 47 52 15 75 45 31 78 70 10 75 83 47 7 30 82 17 59 84 47 28 9 77 38 43 38 4 12 27 2 55 32 42 67 16 22 8 33 46 19 1 61 19 36 37 15 50 73 7 1 6 11 3 32 20 23 8 34 13 7 95 51 13 58 55 26 59 8 21 13 39 35 14 20 80 98 27 40 59 2 2 6 42 52 54 15 54 2 30 93 45 40 2 34 19 6 8 16 42 49 49 10 30 30 82 20 30 2 1 6 22 16 22 8 51 39 25 57 22 42 19 60 44 16 13 37 20 8 58 35 7 6 85 63 51 37 61 18 5 67 52 90 79 22 28 45 20 54 37 74 8 11 28 11 49 77 40 60 1 31 30 48 36 1 29 86 3 23 57 66 3 5 15 9 54 19 29 33 44 66 25 58 40 30 100 54 35 22 55 61 74 53 12 4 35 41 17 40 26 15 80 4 22 8 7 16 55 53 13 15 40 53 82 26 1 22 63 48 25 13 30 1 48 20 26 19 40 53 25 16 31 9 12 64 48 20 51 6 48 27 13 62 10 27 25 32 10 6 81 32 50 84 19 42 45 82 26 80 8 71 73 15 10 35 21 42 7 57 27 20 17 82 70 20 10 17 8 64 35 18 29 33 16 53 31 18 22 5 2 25 10 19 11 72 76 40 20 10 5 54 28 23 17 3 59 52 65 16 22 55 80 37 7 9 35 14 32 60 14 54 32 33 15 66 81 40 41 57 7 27 44 40 51 65 56 13 7 20 25 12 14 35 14 13 37 21 18 32 5 5 19 63 3 14 51 15 74 55 55 55 34 42 7 53 58 19 52 40 39 17 49 3 27 51 45 29 27 16 21 54 16 11 51 12 32 10 1 13 71 4 64 60 15 30 6 27 42 13 69 4 22 30 25 54 26 47 9 61 58 16 79 27 43 38 71 46 34 26 16 11 14 55 3 17 28 48 37 17 22 20 34 13 37 24 4 28 24 11 81 52 49 65 45 6 15 58 31 13 61 19 41 9 14 5 12 17 84 17 20 32 14 7 4 2 56 56 6 6 12 54 52 33 68 24 25 41 76 4 9 12 11 88 33 70 26 82 21
90 99 75 100 91 94 99 73 84 78 63 45 85 95 82 82 33 99 66 75 87 99 93 100 83 98 63 39 100 69 82 98 47 33 19 79 57 79 90 56 77 53 18 96 59 88 86 50 55 67 67 93 50 29 94 38 95 62 92 81 84 71 33 16 23 32 94 39 80 32 74 42 68 97 75 71 98 93 38 100 17 68 51 82 46 96 97 87 99 60 60 86 91 16 92 75 87 66 60 76 81 49 94 48 73 73 50 75 67 25 91 90 58 59 47 87 93 87 94 63 31 93 22 87 40 79 90 53 93 75 61 32 81 40 71 53 70 32 46 41 25 77 71 89 39 88 64 87 52 71 77 27 76 59 95 94 29 40 53 59 75 46 90 96 30 74 79 50 88 68 100 31 42 51 54 62 31 71 100 60 32 77 90 22 45 69 46 61 91 88 75 70 82 67 80 44 54 100 72 53 32 95 99 80 97 49 46 52 80 78 62 73 49 85 94 68 69 34 87 82 89 53 57 45 93 82 45 49 41 66 53 80 95 76 20 81 72 45 47 98 57 48 34 34 61 62 91 100 80 58 63 94 86 61 62 66 44 96 79 85 83 88 63 87 95 94 81 64 82 41 95 70 88 100 93 20 89 50 54 84 84 76 51 44 91 85 92 65 95 13 83 55 95 59 88 70 81 85 56 87 14 98 91 60 61 79 98 78 42 85 80 42 58 97 97 98 58 76 98 80 51 72 85 90 69 67 27 97 71 38 89 69 75 96 95 36 70 96 64 74 68 86 50 66 59 63 88 86 19 84 75 68 36 62 70 89 74 80 38 69 61 71 67 44 64 35 76 75 68 84 67 99 85 89 67 34 57 60 79 59 61 46 63 61 49 83 67 81 92 93 44 76 57 52 71 52 90 38 38 6 66 100 91 68 77 34 84 50 61 46 34 97 79 52 99 34 68 61 57 68 61 65 73 93 87 44 55 95 88 51 85 24 80 26 57 10 53 64 53 42 19 34 88 43 90 58 28 33 45 91 26 98 56 89 80 80 38 54 92 58 87 96 29 87 20 55 48 75 72 94 58 52 57 78 71 63 54 62 70 81 59 34 99 83 51 78 30 89 60 88 11 35 26 90 89 87 76 89 98 39

2071 667 195 739 7336 156 1998 801 1629 4163 181 1826 563 2920 193 2515 198 581 110 975 1389 2648 1408 1681 707 788 2814 148 318 4524 856 868 517 1310 2486 1853 6588 317 1914 4520 1347 348 1084 1128 519 1429 2840 4419 345 85 797 1092 512 792 1026 72 593 1562 932 292 2116 602 439 276 7893 1322 2100 1476 2249 4606 722 9576 461 610 2872 185 264 7536 8920 3507 1111 2231 564 3658 409 877 3537 3515 6756 3096 1688 1600 2830 4147 1406 629 1349 1783 2403 264 197 1525 1102 3197 266 3186 1789 6753 2377 658 756 7110 2250 180 2860 1118 199 1882 1738 4938 6443 1237 864 949 1224 690 1500 5451 1866 1883 600 810 128 1729 1277 644 4292 1591 751 203 2763 1250 2892 2162 1498 4538 1827 2419 4797 1768 435 7985 993 1810 10 3300 175 422 326 1336 1331 4284 901 2047 626 205 1547 737 2258 4410 2716 1980 1147 2788 6043 433 7234 1840 985 657 3085 3517 3885 218 1822 2389 1291 2044 1363 393 2316 2377 618 4908 8571 1575 2050 367 3614 2397 3361 2581 427 1582 2603 290 1475 4247 687 3200 1013 615 1616 1502 643 142 407 1705 276 291 580 1025 1079 734 1732 5004 217 252 1277 1079 871 2059 3179 698 440 870 282 1457 7229 201 130 1818 1703 759 831 256 336 1702 129 2402 3371 1041 590 344 1234 3583 83 90 479 822 1400 1028 1807 692 4695 650 648 631 1504 2074 1186 4217 193 6042 2282 2437 164 1796 1852 9020 3976 1485 1571 158 95 656 859 313 139 3170 3402 225 4053 1541 145 3268 1349 7244 1779 2067 1049 1138 382 553 263 2128 1510 1304 327 967 80 1071 1246 5842 584 113 4892 4315 1074 2991 2443 1994 1608 1302 2161 1648 1885 1787 5174 2356 1143 1440 525 2384 1039 99 2910 7370 1088 699 1174 229 1815 519 2981 42 868 126 334 132 1160 1165 9610 414 485 2014 1458 997 3882 5961 771 7785 2093 1563 5851 1073 3610 7477 1444 781 3747 900 2075 4218 2479 1669 3135 2673 735 1144 6608 1387 323 2895 2516 3315 1346 806 4593 1459 7239 480 819 1132 1130 832 1247 745 2422 906 998 797 4366 2894 5826 614 3010 173 2310 930 1039 1209 572 1400 1144 1484 643 6917 362 1198 1600 344 245 6103 3104 1809 559 3188 322 3516 1020 1112 7378 327 1492 579 3754 3312 619 1507 2195 2373 3263 1629 1713 2392 1670 869 1325 1592 3021 5969 1224 44 181 514 1898 1408 2247 4277 2411 1692 421 196 4666 1454 8426 2128 4244 3562 4389 1851 3962 489 4519 580 3394 969 3541 5019 6812 1372 7016 1421 3349 4066 3278 400 1138 1781 645 1546 807 3769 388 2149 954 914 2197 1087
3263 1520 1696 3364 9697 1206 2054 8184 1728 9791 1548 2541 1293 3566 5027 4338 3557 1538 4585 1831 7482 9585 2262 2048 820 4210 3034 643 1267 7440 4372 3772 796 1487 3481 2224 6749 1360 3783 8160 9738 537 1647 2104 1160 1678 3037 9259 860 2769 5838 3172 1181 1742 1795 2498 781 1953 3965 2257 6580 4453 1158 7429 8260 2910 4697 3899 3045 7772 792 9725 1463 5846 3542 2972 884 9175 9881 3918 2012 4480 4253 7513 4447 2241 8624 6553 7297 10075 1826 2101 4983 4757 3792 1119 5063 4905 5941 3641 1860 4060 2233 4154 545 4626 2726 8618 6708 1137 1404 9979 2988 2406 4630 2754 1158 4193 3520 5254 8041 2190 1004 2492 1632 2254 2246 9462 3097 6527 991 1102 520 2141 8768 4209 8442 4062 2319 2075 3187 6128 4204 2567 2498 5858 3501 4626 4983 2955 807 8827 2413 3431 1632 4321 4414 991 1038 3059 2187 9409 2285 8936 1802 348 2217 1847 2390 7085 4675 9671 4442 4744 6380 1085 9496 1927 3519 4902 4795 9355 8106 7830 2963 3310 3853 9768 4458 2285 2329 4383 1366 8077 9509 3123 4021 373 6253 5591 3992 4190 870 3589 3444 2366 2455 5856 1322 3805 2257 1885 2249 4635 1950 165 3002 4622 4323 2616 1310 2188 2122 3736 4149 8054 3505 569 1534 1994 1040 3491 4203 3417 2220 1615 4194 2572 9502 1701 735 2196 1972 1156 1924 3240 1290 2445 164 4896 4351 4522 2360 949 9495 6228 1052 7737 1723 1610 1953 7830 3641 4698 4974 3720 650 1232 2122 2408 1887 4570 2534 8077 3637 4003 522 4302 1862 9896 4759 6592 1866 524 280 1292 1128 739 298 4710 6088 2977 4341 2667 3072 3502 1435 8218 2373 2292 2944 10054 8802 924 2183 2366 9785 4028 1295 1360 2348 2293 1657 9234 3898 2637 9305 9672 2081 4022 2900 6572 1777 2579 4260 1872 4639 2310 5770 6007 1479 2276 1378 4042 1062 2703 4720 8430 3172 1095 2110 2198 4484 1078 4375 7723 1451 2406 1952 937 2275 5637 9642 1791 1354 4396 1977 1362 4106 8218 4088 8199 4487 9727 8627 1277 4547 9729 3829 946 4794 996 2883 9758 3015 2491 3509 4802 2140 1525 6653 1800 3038 3954 4005 6258 2854 2124 4647 1548 8807 1621 2473 1344 3568 2565 3949 2322 3947 7935 5943 5738 9835 3059 7519 2224 9659 1055 3772 2877 3661 1752 649 1887 1209 2139 1927 9107 1398 2393 2956 2194 403 9306 5450 2221 1803 9253 1440 3601 1639 4803 9358 2112 1973 2369 8078 3711 1219 2214 2351 5098 3915 2433 4603 3250 3281 2104 2674 1701 5712 7248 2115 3502 1740 1636 2264 2329 4395 7347 4258 2009 2539 1953 5444 1648 9143 6478 4387 3740 4869 2048 6449 545 5865 1118 4393 9178 8720 9759 7468 3006 9032 2039 6442 5509 3481 1407 1469 10055 766 3735 1376 3944 829 2960 1098 1124 8840 2235

1010 593 143 518 3623 57 1538 587 1128 2017 84 1118 362 2372 100 2264 31 549 14 743 883 794 961 935 421 671 2313 123 291 809 622 175 415 1009 2112 1370 3704 244 1875 4378 893 95 1025 1047 344 1291 501 1784 282 35 550 1080 307 730 818 65 295 796 408 167 1661 477 280 182 7245 146 1556 1334 2054 3476 507 9059 172 566 2116 180 143 4743 7192 2947 880 830 226 2262 39 656 838 2984 4816 2696 1393 1485 1664 3919 1347 399 683 1007 2378 93 143 1313 713 2262 201 2710 1552 3496 1636 313 499 655 1944 155 2716 522 144 1655 1647 4180 2262 476 644 257 505 522 1151 1821 1537 1185 216 554 42 1504 1011 369 2554 982 384 104 1668 634 2605 1583 1324 4203 555 2022 2799 272 205 7006 960 1201 4 2951 58 158 71 909 814 4203 378 1743 255 160 1469 229 2159 4042 2314 1428 1078 1284 3576 232 7086 1067 558 162 1933 3446 2474 166 1603 1561 486 1279 367 228 1628 2319 515 506 8325 792 693 275 785 1109 920 2150 243 953 1214 289 1190 2157 661 619 543 249 1196 1466 549 122 345 721 155 139 464 683 722 725 1487 4663 65 227 934 547 715 1660 2467 202 400 767 204 1150 5824 64 92 1039 526 378 169 127 127 1355 108 2201 1686 762 500 325 904 2273 18 89 180 647 1041 761 576 620 2507 466 464 209 1141 1648 579 2581 109 4776 1660 1641 73 1036 694 7582 2107 1420 461 36 79 248 755 136 111 2776 3391 218 3968 1144 34 2535 135 3984 533 545 476 759 373 373 167 825 1456 1032 31 250 67 902 479 4386 300 79 3837 2549 979 1309 1272 1043 753 1134 888 443 1736 406 2890 1887 952 942 497 1350 554 57 2707 4829 867 77 783 136 1718 508 2328 36 574 100 298 74 951 1153 5984 405 160 1810 836 992 1585 2267 755 7166 1432 1369 4383 673 2996 5446 958 340 3143 685 1135 2229 2218 1150 2534 2105 512 793 3017 1209 135 2058 1530 1584 1308 589 3323 1081 4687 172 196 397 777 758 1075 339 1207 299 900 399 3883 2580 3566 326 2930 97 1538 870 693 578 183 654 552 1448 510 1347 253 904 1236 137 197 3860 1778 1160 129 1203 309 3086 946 934 5597 193 1276 426 3245 3014 333 1029 1240 1691 1522 827 1506 1133 1041 698 1155 1191 2119 5934 743 43 110 222 1257 749 785 3657 1052 1310 281 161 4179 840 6056 2115 2091 3148 3058 904 1886 486 4019 354 1781 533 3148 4240 1213 1347 4909 1177 2281 3386 3276 354 786 1363 573 1528 215 533 377 2060 906 856 709 919
43 301 93 166 3037 39 620 84 927 1834 3 358 307 666 28 488 14 215 10 209 765 793 64 183 351 564 1298 108 20 41 254 163 81 649 238 33 2893 73 1244 1617 20 23 934 440 37 752 403 79 6 16 534 67 277 449 240 26 75 267 155 95 1469 190 147 101 6056 32 913 1138 1086 2027 68 3660 65 547 706 4 61 1489 5693 2372 659 584 89 1541 21 315 290 1216 3816 2578 552 455 1147 1432 188 150 67 167 1926 13 114 1202 470 295 144 846 747 2169 1104 70 199 103 1055 115 1141 493 81 1170 535 2019 1258 297 308 151 224 104 786 1331 583 349 163 544 20 133 185 127 1212 842 94 42 989 330 2195 495 1131 3217 371 205 828 244 178 4288 736 628 1 1619 26 38 15 161 280 1883 144 1018 180 79 1032 135 654 3694 461 370 202 379 1764 146 4660 195 147 27 335 650 895 70 42 127 129 301 12 102 399 108 270 409 395 375 661 250 110 980 399 199 208 174 1188 8 400 307 188 505 344 235 214 48 265 58 196 107 10 42 160 447 610 415 438 3448 37 35 652 128 230 1540 1817 105 334 25 174 405 4925 31 70 493 496 200 4 14 54 985 9 1165 1328 39 107 195 368 974 8 65 42 436 632 640 525 491 2193 376 271 157 981 1501 557 1585 64 3265 1633 1364 5 448 234 6019 853 576 76 27 25 189 685 75 78 702 2786 70 2628 330 31 994 33 3885 457 117 127 5 26 153 153 348 1394 668 2 215 50 532 419 2868 298 38 1608 371 503 143 44 508 281 276 77 97 977 45 2208 37 742 625 64 361 428 20 2102 2733 188 13 476 124 1363 198 205 11 310 32 251 49 342 608 3362 74 86 1218 743 486 1298 823 741 7155 311 1178 3195 345 2664 515 928 125 1448 84 331 913 1174 606 977 1446 365 232 1283 546 10 771 653 791 506 414 2420 110 3017 18 63 392 727 559 381 159 961 23 855 16 2034 1887 2918 144 476 22 52 814 248 390 89 546 1 877 390 151 184 445 1102 31 150 131 1764 500 93 1100 251 672 391 566 2369 123 408 425 3231 514 324 994 624 493 589 133 1388 29 442 630 145 972 1307 4312 381 38 15 9 776 317 112 1781 333 937 238 26 3607 642 337 1763 1275 2925 2398 828 259 195 3617 275 865 307 1913 2438 41 484 1864 648 334 1081 2983 151 652 745 240 295 157 391 131 117 871 133 444 284
