500 2 2
77 1 29 43 83 5 84 90 78 56 54 53 14 45 59 10 58 24 97 77 71 38 91 73 55 88 69 5 16 92 6 11 44 13 60 96 91 98 46 55 43 47 15 59 92 43 75 98 75 33 54 97 81 97 70 4 4 84 20 69 90 60 71 36 35 73 19 61 51 42 21 82 79 86 44 100 95 18 33 54 19 83 61 21 12 35 54 89 74 20 71 53 41 68 62 83 79 49 40 43 63 7 19 13 70 100 38 44 66 42 20 30 43 4 79 68 74 58 64 14 48 78 6 29 48 78 92 47 86 31 53 8 12 28 51 41 99 46 31 4 43 61 34 60 83 77 93 2 26 59 50 32 32 12 16 93 52 45 75 7 91 42 91 95 74 74 57 26 5 57 63 4 87 11 8 29 75 40 43 59 27 15 35 16 11 90 6 33 74 62 6 36 51 65 21 25 39 13 93 69 67 76 3 61 88 73 96 55 95 58 41 93 76 77 84 40 70 52 34 94 44 37 61 19 31 14 21 64 55 69 31 74 19 95 77 68 85 90 32 8 95 87 15 67 47 99 85 35 46 8 96 3 55 7 12 22 97 90 68 69 25 77 33 98 72 32 99 87 92 58 69 93 97 82 48 94 54 35 77 56 37 45 44 41 89 70 47 21 6 80 58 82 72 6 64 74 73 62 56 95 77 57 50 41 88 36 41 93 65 15 18 36 51 41 43 44 49 59 10 10 43 2 18 96 70 74 41 43 68 70 58 44 58 83 15 29 46 74 81 98 24 20 73 6 49 59 41 77 24 93 71 43 95 10 39 40 31 88 9 16 99 32 49 95 22 26 48 95 88 20 31 15 15 29 34 29 1 33 29 38 34 63 16 82 65 27 61 73 40 79 70 82 61 3 9 43 26 49 61 47 85 44 55 1 85 85 23 38 38 41 5 48 8 29 14 84 49 21 16 54 55 52 88 25 70 26 44 48 32 79 60 81 98 48 79 69 27 18 82 29 9 43 35 20 73 34 91 86 50 7 38 55 80 69 64 34 93 99 97 91 53 10 47 15 29 23 75 51 70 90 13 56 75 85 13 98 26 100 8 94 96 24 88 16 19 62 32 98 83 77 79 86 77 5 35 11 62 3 21 54

76 21 11 45 43 7 76 12 46 55 1 72 29 22 43 19 32 64 17 20 74 52 44 42 52 58 34 20 15 63 69 19 29 77 82 27 6 22 27 43 39 94 10 32 47 15 27 31 60 14 18 66 87 48 36 24 92 76 88 3 24 25 13 47 48 48 27 23 6 18 2 51 16 47 84 11 8 73 88 7 14 22 2 57 68 23 18 23 55 74 9 15 45 41 48 2 43 81 65 12 55 25 2 19 7 10 25 10 62 48 64 63 12 6 77 66 4 20 17 4 15 93 88 30 52 26 31 7 57 3 54 36 8 75 7 17 71 29 9 33 39 8 80 43 35 13 60 16 7 62 77 38 85 53 89 20 17 32 26 1 35 82 13 1 34 75 57 81 12 20 13 22 58 82 10 43 1 25 41 42 27 9 18 49 31 20 15 24 6 56 16 6 12 90 55 50 21 69 17 18 62 49 39 30 73 59 75 22 50 32 41 43 48 21 30 18 25 80 2 17 13 5 32 72 4 12 41 62 30 43 30 56 24 15 2 80 63 83 16 32 28 35 93 18 51 61 22 18 48 32 1 34 11 3 19 8 3 47 32 15 12 33 5 21 40 23 12 17 25 15 73 14 46 41 23 7 4 52 12 14 14 13 33 38 15 5 27 82 20 15 48 15 15 88 2 67 30 73 4 76 11 22 28 46 51 29 7 4 75 68 53 12 35 23 38 48 4 32 42 5 62 39 19 12 22 46 34 15 16 42 8 32 53 80 46 1 51 11 41 93 26 57 22 54 16 41 24 88 54 27 50 4 49 16 57 4 15 54 1 42 2 61 26 3 57 40 52 9 3 45 55 55 33 34 71 66 24 82 24 24 35 28 21 16 3 6 24 19 8 49 30 57 59 20 15 86 50 27 8 69 84 34 70 27 4 27 28 46 47 14 19 23 54 13 2 86 61 66 68 22 67 14 12 65 42 85 11 2 56 28 39 8 33 63 36 34 5 18 38 37 71 3 48 29 7 26 30 20 20 23 21 81 14 46 18 6 42 39 39 20 29 57 21 6 12 17 58 25 38 35 54 11 33 90 37 21 17 4 37 13 11 23 27 99 37 16 19 85 17 28 43 46 15 74 54 3 80 16 17 65
97 57 28 62 73 63 98 26 94 66 2 99 43 44 73 34 89 78 40 98 95 93 99 75 95 71 86 25 67 95 82 44 62 80 95 33 15 27 76 62 61 97 14 80 71 27 60 87 96 91 81 89 92 99 94 93 94 76 99 66 40 73 65 78 62 64 79 41 23 51 20 62 65 60 90 81 36 73 97 22 80 51 29 59 70 39 71 91 56 96 84 92 81 66 82 36 76 82 83 49 65 26 56 24 82 51 29 80 78 55 73 81 13 70 83 99 49 69 75 16 39 95 100 84 90 58 58 100 99 70 67 84 43 88 82 44 97 92 45 67 98 61 90 88 38 55 95 40 32 83 91 54 91 96 95 60 28 50 39 75 42 95 61 93 39 80 94 89 17 77 56 41 73 94 68 66 63 30 60 89 100 63 93 54 32 46 51 78 96 84 62 64 54 91 78 68 59 80 19 47 74 69 71 67 82 99 80 73 71 48 100 64 64 47 89 52 85 98 28 100 53 15 59 87 26 78 70 72 88 80 95 93 28 90 4 100 91 100 77 57 93 87 100 28 68 62 89 22 86 68 81 85 61 47 52 10 23 91 84 74 23 47 35 36 52 69 93 71 81 64 82 64 57 90 27 40 91 83 42 19 33 89 96 82 63 44 98 88 72 20 68 69 67 93 89 71 40 74 97 88 96 83 56 56 75 48 40 77 97 81 81 88 88 94 76 100 4 71 84 13 92 73 49 67 87 68 37 33 38 100 52 97 99 87 58 40 82 99 54 94 65 66 89 60 56 57 56 99 68 30 84 49 94 92 61 12 64 89 14 51 40 65 49 78 85 50 54 48 69 100 99 74 99 59 99 72 87 99 31 62 83 46 89 88 22 78 90 42 44 85 50 74 97 55 39 90 52 90 70 92 94 89 88 84 4 29 83 58 77 29 46 25 65 49 15 97 77 75 82 46 78 53 73 99 93 89 18 2 78 42 81 63 57 70 93 84 92 47 90 57 90 78 70 57 36 85 74 42 77 59 97 82 85 69 32 73 98 90 41 25 64 82 38 38 42 68 72 93 66 88 87 19 71 96 91 45 42 96 70 100 17 78 96 100 78 65 87 95 29 79 83 68 67 89 95 25 81 97 45 82

86 29 52 21 31 26 51 14 8 54 31 9 35 63 46 65 91 24 30 10 16 88 48 12 33 63 24 12 68 63 48 14 27 2 60 31 6 62 6 22 64 17 5 8 61 65 49 46 34 11 25 21 12 55 34 55 5 11 19 62 70 30 16 71 5 83 3 86 39 41 9 61 12 13 13 74 40 70 6 64 41 1 54 59 6 2 65 35 4 7 7 34 18 66 7 24 1 19 16 26 23 4 48 49 5 19 52 3 64 47 44 13 6 50 9 27 16 56 72 39 21 11 76 44 33 15 18 6 1 36 15 16 14 79 6 37 87 84 27 18 6 22 18 10 20 42 88 42 10 19 33 17 41 24 44 48 52 54 40 5 35 10 39 39 39 5 52 71 68 41 31 2 5 7 55 9 52 46 50 71 35 4 41 32 39 38 66 25 21 43 79 23 4 37 34 27 82 31 10 4 75 31 18 22 12 30 35 59 14 38 25 42 42 45 22 38 20 77 52 58 20 28 17 10 39 52 6 37 66 36 27 39 15 42 6 22 36 17 46 56 63 22 17 42 48 29 39 65 51 25 78 45 35 41 45 76 17 31 5 34 28 28 27 33 6 12 36 45 86 49 38 42 2 6 84 8 38 57 25 60 20 39 48 45 43 52 39 61 57 36 31 31 78 80 60 44 33 48 33 49 52 32 7 2 39 53 40 66 31 32 26 24 17 22 29 29 7 11 31 6 56 2 49 80 58 16 27 27 28 24 52 62 8 35 14 26 36 69 70 55 10 21 35 6 74 5 48 3 19 67 9 17 5 40 37 35 74 29 34 26 71 30 92 36 35 57 46 48 52 27 71 4 66 41 1 18 11 41 74 47 48 64 17 4 27 33 21 57 64 14 33 39 46 6 12 12 41 35 44 53 39 82 27 26 64 59 54 39 25 34 25 57 10 21 3 26 19 47 25 57 23 29 6 7 39 9 31 15 34 28 56 34 13 71 49 9 3 35 14 54 68 4 11 15 2 15 30 29 19 42 50 4 35 32 50 16 66 36 22 37 22 19 85 1 11 90 25 100 5 43 12 76 58 47 24 17 6 72 72 55 26 29 83 42 22 83 5 46 26 27 10 39 26 64 66 50 65 23 32 20
97 78 84 66 76 30 84 74 59 82 87 99 83 73 92 89 99 69 98 69 67 99 89 80 64 65 62 15 91 71 89 52 69 12 72 60 45 73 18 84 89 17 42 43 96 92 64 64 50 87 34 73 23 59 81 89 74 23 91 95 93 72 71 98 78 94 67 87 53 63 46 77 34 50 81 76 42 75 79 83 84 71 62 64 49 2 100 61 6 68 70 93 40 95 21 95 15 85 99 46 81 24 80 50 100 30 93 28 90 65 84 81 16 78 43 48 85 67 91 66 95 94 82 86 56 69 26 31 99 72 36 26 31 89 8 50 91 90 34 77 64 57 53 22 65 59 92 56 97 73 35 86 80 90 79 81 96 69 61 83 39 80 100 88 74 54 69 77 91 54 48 56 75 95 89 17 98 76 96 96 43 53 82 92 50 51 96 84 81 90 83 73 52 61 57 55 100 59 56 33 78 42 33 73 93 40 88 98 93 79 91 46 65 81 77 60 77 77 83 87 80 78 38 22 93 75 28 80 67 41 58 82 87 54 7 68 84 68 91 73 87 55 55 87 86 42 70 65 62 45 88 80 97 68 53 97 81 41 95 34 50 77 45 58 58 84 47 76 95 100 84 58 75 18 89 94 44 63 31 68 67 44 52 98 52 59 76 78 75 37 97 71 82 90 67 56 69 50 64 94 67 95 60 76 78 56 76 82 94 36 53 90 99 56 64 86 76 59 87 98 76 66 84 98 92 89 42 59 40 99 53 72 92 77 64 60 40 92 85 60 28 46 100 44 75 14 91 81 59 96 74 37 44 66 88 35 97 96 53 59 81 99 97 61 86 67 59 55 55 53 77 61 84 67 7 63 62 44 85 82 69 85 86 37 63 79 59 84 81 77 79 61 52 9 37 61 91 45 89 80 80 92 80 80 96 99 63 49 50 72 81 93 76 26 92 88 28 93 74 87 74 37 54 89 89 66 83 37 35 75 98 65 68 75 97 75 53 62 43 60 88 56 87 63 84 15 41 93 52 68 75 55 89 38 97 46 79 57 25 73 83 76 86 48 94 94 68 100 17 97 22 82 92 49 44 23 44 79 82 91 63 82 95 93 33 86 31 67 93 96 38 76 70 79 69 56 73 37 93 73

2109 1279 1507 615 783 839 657 1806 718 2898 5135 475 5895 2448 454 3836 1552 1142 2158 405 3625 987 292 1171 2178 1767 9087 471 1949 1658 1850 721 331 4769 209 7240 4240 2123 2958 2231 2891 1425 3244 3293 404 3816 1171 977 1193 1511 271 4208 180 885 2134 2149 817 3222 2550 4794 3162 2167 4810 8400 7995 619 307 4694 177 4194 584 3649 389 807 637 1091 465 2903 854 616 1149 610 7987 1414 2147 898 1595 397 407 990 906 1001 1129 3003 462 1567 3485 3321 502 1179 268 922 867 3903 2016 8694 2558 1068 3327 3446 220 1204 1330 2507 5185 726 827 247 1289 462 576 1541 2280 5629 4667 613 2469 1359 1803 991 2106 2867 6467 3945 3457 3220 308 703 589 2875 1461 1458 105 2393 580 3259 2323 96 487 1279 1189 1455 1227 1868 2172 517 4386 124 2408 455 1879 1420 411 2215 1488 1500 1865 1369 2149 3295 1681 1486 2391 5395 1405 1485 4199 967 1664 6304 2426 1800 768 1492 3407 1195 976 734 5650 760 1777 36 146 3442 2806 1627 2917 1717 6358 3056 340 2376 167 862 104 3930 661 863 2389 902 8352 168 1269 1424 580 372 119 1766 3956 1796 1687 1445 1061 616 616 2097 1139 1499 2989 876 3277 2428 1107 423 1034 979 1594 1109 392 1604 974 6169 5194 253 2828 628 324 5139 402 631 1327 1835 2051 1389 4295 2541 1562 1224 3267 1420 6719 612 1132 1748 204 522 852 1346 944 3561 359 7944 306 1099 1843 102 172 151 735 909 1070 1691 1727 1462 560 204 6603 1204 3315 1001 1726 727 2746 462 471 1206 92 504 4727 425 588 1266 7550 4609 212 554 782 1057 373 8844 346 2587 105 1744 195 4433 1198 428 4198 1503 1164 122 162 1483 3836 905 6690 1644 1465 1467 1568 1159 1326 2642 1217 2406 47 2103 1438 1098 1936 2393 1494 276 1265 1391 1697 1457 8106 2977 536 8459 1129 6669 2606 4290 2943 576 658 2645 1097 2202 3866 2286 3664 1853 910 2335 4249 2981 1041 8113 2628 170 4952 2612 1675 2884 2650 622 1298 881 3459 8994 2975 1199 539 2181 612 1997 790 224 774 2159 6153 914 723 4071 2826 668 2754 143 274 2138 1495 1180 118 298 1478 786 1568 324 6418 2388 1228 893 1407 497 1017 124 3005 3564 3056 1830 3729 2441 2525 543 1367 3271 3213 1315 4570 279 7731 98 6168 3263 2289 3492 1320 2057 2114 3136 236 57 2132 830 4482 4551 47 3851 2374 694 1260 941 5707 1079 3076 2152 1133 1732 1769 4936 1583 451 1045 316 4484 2129 4269 1016 738 9371 1028 1031 2813 4044 6478 2613 1587 933 323 4306 431 4184 2245 5390 275 8105 546 2751 3721 1452 743 477 3662 368 2875 1242
3313 2252 7841 1468 6345 1519 768 6689 1948 4502 6074 2405 7826 2508 1269 9216 1598 2472 4452 6354 5478 1802 1903 1939 4025 1914 9123 7631 3790 2389 1924 3135 1262 9562 1708 9773 4249 2859 3948 2651 3859 3907 5599 7137 498 3981 1234 5043 3253 2884 861 10030 2472 2478 2263 2205 2642 4435 4818 4894 3653 2424 7726 8723 8126 2109 1339 4751 4500 4662 2024 5854 4239 7134 2502 1456 2006 4306 1039 3361 2124 4636 8810 1541 8655 3678 2261 9822 4885 2320 3710 2261 1176 7350 6562 2577 8950 6054 1856 3763 1873 2220 2392 4616 10062 9120 3463 3270 4846 3504 2167 1245 2499 4975 9247 5992 2573 1267 4615 1317 2086 4237 2312 6387 9515 1647 6176 2153 2047 2367 6791 6851 6805 4052 3618 4167 2399 4271 1889 7034 1619 1463 1558 3630 1923 4400 6642 2259 4434 2255 2095 5120 1463 2204 6941 2519 9909 1217 3081 1040 4111 2801 5606 4155 1794 1670 2483 2453 2336 3741 2514 2024 4422 6129 1575 1772 4430 1810 4451 8296 3317 3005 868 6594 8466 3077 1301 3860 9846 7750 2104 1155 890 6067 5006 4438 6587 2283 8432 3891 973 4229 9655 1323 1434 4051 2777 879 3644 6018 9168 1466 4201 2777 2307 2306 4469 1989 4176 8497 2574 1523 2470 3029 5809 3029 1781 4048 3294 2087 4089 3670 4640 454 1039 2274 1627 9898 1368 2096 7734 9162 9089 2365 6485 1428 669 6654 6590 2692 1964 2423 2101 2524 7810 4932 2459 3428 3328 2289 8904 2182 1601 2735 1284 5917 1514 9877 1897 4369 692 8952 1478 4616 5771 739 2149 1501 983 2272 3770 6595 2593 1588 1071 815 7448 1331 7376 1692 3918 1844 4497 6182 614 8305 1341 1147 7245 3098 8334 1308 8915 9811 1725 1852 1746 1567 888 9736 1229 2902 454 2448 1614 9746 7344 3915 4485 6977 9028 903 1325 2829 9543 1275 6798 1648 2898 7165 2366 1635 2531 3000 3207 3397 2364 7029 8303 1158 2030 3009 3867 2001 2839 3305 2387 1802 9111 3855 3848 8860 1966 6744 2797 8857 4649 3463 1196 9680 2805 2285 3899 2292 7329 4270 1832 4173 9961 3164 1583 9233 6483 578 4958 4216 5062 6595 9105 2240 9162 2139 9018 9893 4752 4589 944 3752 1294 4495 1059 1936 4675 3048 7323 2328 2073 4260 4430 2618 3447 2797 4758 4411 2286 1640 5595 897 4633 1949 1818 2521 8714 7972 1680 5009 3511 1173 2463 152 4310 8366 4971 7756 4225 4850 6618 7812 3158 3850 3793 2143 9297 2409 8125 3276 8906 3445 4421 9947 1790 2097 3723 8725 1156 1326 2351 2063 5209 5626 397 4545 2580 2068 1317 9625 5923 2360 8266 3179 3982 2117 2076 6419 2029 1745 2598 1006 6507 2145 6942 4055 3364 9919 1630 1776 3282 4880 9233 3395 4443 2191 3828 6975 1848 4194 2504 9722 1845 8770 1316 3673 4513 1833 2411 1492 4620 2082 3688 2526

1024 1158 1242 542 656 292 399 973 464 1372 1875 48 3856 1473 398 3188 1437 1081 1939 353 3374 617 196 509 2177 948 6012 307 1691 1124 1056 535 52 1036 169 6126 3525 874 2745 1437 1252 598 549 2775 193 1849 603 247 1092 1449 200 388 99 884 822 2012 444 3090 1639 4085 1622 575 3569 3183 1999 463 189 3713 150 1546 420 2925 348 702 144 809 383 698 741 522 726 309 5120 129 1650 538 1478 280 387 847 769 133 1034 2729 358 1002 3203 1347 424 477 207 855 633 2917 1599 5738 2367 404 3272 1863 207 198 1059 2416 4971 544 256 147 617 386 402 991 1770 5260 747 364 2189 1120 1580 625 680 2349 4423 3454 2192 2168 61 326 551 1835 739 801 90 1938 363 1229 2277 48 286 1095 974 734 1051 441 2118 340 3744 120 2098 401 1125 714 208 2144 395 1474 423 515 1974 1805 775 1350 339 2999 278 1335 3704 571 1265 4046 445 809 438 1352 3059 1138 868 703 4197 572 1147 33 125 759 256 1382 2274 1139 3248 2510 128 714 93 461 46 3717 473 165 1344 756 7664 96 784 1412 235 319 62 925 3236 674 1193 794 1023 582 499 1182 1136 388 2685 840 1274 2123 361 184 573 490 787 1001 114 271 582 4750 3616 189 378 159 192 2838 242 354 819 1479 727 466 1635 2244 1132 451 3180 726 5684 572 1034 1545 178 506 319 1211 173 2390 105 6861 148 829 1712 55 154 149 289 404 995 1159 852 1139 176 179 3796 1077 628 516 1357 439 2630 394 467 953 11 309 3438 210 475 846 4907 2732 207 350 731 899 296 7220 213 2580 80 652 182 3514 941 119 2948 773 578 53 77 858 3160 884 1334 1131 839 1372 852 698 1038 2368 1058 1132 19 1113 887 1016 1928 1526 788 244 1123 694 1632 1230 4133 1475 363 6854 994 4771 2008 2044 1918 527 458 2061 740 875 2640 2164 3575 1729 387 2245 2025 1803 486 4383 2511 159 3740 1972 1282 735 2461 165 940 661 2413 6252 2474 1066 161 1259 394 992 709 104 473 2077 4461 878 287 1484 1528 440 1660 100 254 1360 1008 683 111 209 1155 586 924 195 4657 2341 1196 758 278 346 441 65 1072 3394 3046 990 3370 1932 999 353 1295 2397 1957 593 2439 270 6799 28 5774 1968 1860 1917 1112 1388 1423 1912 218 52 1750 480 2093 2162 37 2775 1465 505 448 67 3258 616 2003 2147 1052 1632 1760 4742 1277 425 766 294 2798 1825 2472 869 633 5782 669 625 2618 2289 4758 1935 1036 751 229 3649 226 3186 2040 3871 261 7638 441 1471 3138 1096 558 260 2172 345 2358 1039
124 1021 236 184 471 34 280 858 435 373 253 13 2713 202 323 1857 1327 513 532 9 1108 500 127 32 320 426 263 207 1617 486 638 341 25 384 41 4670 71 523 516 515 235 434 254 2093 186 312 519 42 394 398 9 56 69 189 235 945 142 2359 1630 898 77 24 1049 2722 1125 385 31 1784 129 1037 220 182 265 538 44 63 352 612 138 53 248 218 4912 99 882 47 721 42 95 654 661 82 987 1469 335 256 89 401 68 280 194 268 611 1810 385 2542 774 362 3171 1466 150 57 212 1201 3173 50 223 55 186 150 316 170 697 5135 488 19 1945 87 1202 223 506 1555 3462 1172 808 1467 42 9 164 1329 599 476 72 23 360 374 519 22 248 349 97 263 143 293 1920 190 697 20 593 325 641 356 159 1319 340 584 291 475 246 1768 206 573 134 2313 185 163 316 459 651 3756 225 27 402 719 739 895 313 584 1845 177 227 23 42 591 12 347 17 1106 226 579 22 1 35 27 33 2866 186 141 470 134 5056 78 498 628 120 25 31 122 42 450 90 514 633 556 361 698 612 320 352 383 767 189 191 135 533 387 316 460 22 57 268 3349 1583 13 214 11 169 2770 19 257 672 718 191 228 216 502 864 79 556 463 5033 235 2 1509 42 142 299 10 43 1261 19 6639 69 426 594 4 101 7 195 190 945 934 506 1094 32 33 2120 456 587 203 1045 134 888 341 90 601 3 205 1460 96 357 584 4624 1930 174 331 705 775 221 506 172 243 6 302 20 1435 928 63 2151 655 161 28 74 237 2763 447 1310 944 673 217 631 679 963 516 614 133 18 576 285 680 729 710 510 208 426 234 1127 233 1983 840 84 2387 972 2355 1957 743 995 375 454 1909 222 702 1986 694 3242 1465 261 278 672 186 175 1549 481 150 2488 897 456 180 1020 77 815 648 2376 3033 1598 183 26 372 162 155 315 3 437 539 3168 791 17 668 380 337 809 44 209 551 408 30 48 4 548 407 513 155 2565 2188 97 184 161 175 248 2 932 2033 2515 610 827 92 138 2 1020 63 1802 259 1497 83 5882 13 4556 206 1718 1871 394 1059 1360 480 106 13 1628 2 729 312 4 2294 359 365 384 6 2477 333 833 1018 639 1 805 3041 43 88 237 217 257 1463 2125 43 42 804 508 435 1775 847 870 385 331 227 155 3232 199 2793 1492 2097 208 5531 359 53 2272 892 514 101 1073 294 460 315
