500 2 2
84 89 37 12 83 85 63 2 49 14 62 72 92 47 10 16 9 82 37 24 69 60 92 11 22 81 77 59 36 79 73 43 82 65 32 51 31 97 76 79 72 96 88 38 11 45 17 71 85 35 29 69 70 74 66 73 88 91 37 96 68 21 69 4 36 48 63 78 2 42 10 29 99 11 85 67 26 29 67 3 42 38 65 81 85 65 42 54 64 96 30 65 18 93 40 53 67 38 45 72 64 27 43 96 39 72 100 72 69 87 38 18 24 31 25 27 26 66 79 13 78 33 6 78 58 26 58 41 81 49 8 7 5 15 50 2 78 12 46 34 92 49 19 34 40 55 35 53 38 30 51 75 14 31 79 99 53 9 6 46 11 26 67 25 37 1 23 39 1 70 91 30 41 83 82 74 1 72 8 42 88 51 83 20 57 42 20 31 84 26 79 63 74 63 54 16 88 77 32 86 92 39 44 41 59 4 47 25 54 6 95 96 12 9 85 30 84 46 60 49 41 48 22 65 45 92 24 7 21 72 71 33 71 76 92 92 33 28 49 76 87 11 49 20 44 52 23 40 23 10 18 28 67 6 88 63 70 23 4 61 62 66 98 45 77 72 83 43 24 63 85 74 20 79 68 99 78 87 56 74 90 65 59 84 5 23 11 18 15 97 17 58 35 10 92 10 34 77 64 86 52 100 56 40 12 53 70 39 72 47 64 74 91 15 44 52 29 66 10 27 64 89 93 69 57 87 53 15 5 80 54 66 61 67 50 63 27 19 50 84 54 80 99 26 39 28 98 96 50 59 92 23 56 24 97 12 46 90 14 98 27 85 11 63 26 80 17 78 16 28 87 35 64 34 80 34 64 9 80 31 68 34 86 39 13 4 19 70 50 57 26 14 9 8 5 28 29 8 14 43 17 16 67 74 9 60 95 81 55 34 82 94 61 20 28 79 8 95 67 86 78 43 86 81 2 14 45 38 95 81 73 87 12 89 2 49 52 34 76 28 90 36 62 52 99 72 30 84 76 27 74 73 37 40 27 79 68 56 49 8 40 95 45 16 37 29 25 81 67 26 27 57 36 81 60 17 6 29 44 23 30 18 17 10 8 66 50 31 1 71 59 57 38 70 14 98 89 24 23 26

16 23 53 16 65 10 8 38 42 9 8 13 51 31 47 15 30 6 75 50 19 31 26 9 38 30 8 59 34 3 81 26 56 58 6 89 50 4 78 31 1 84 65 82 35 52 31 74 42 1 70 36 30 5 37 28 9 73 22 7 25 42 29 81 38 27 75 33 13 33 37 1 13 63 2 50 23 38 38 5 4 22 78 58 35 15 43 60 60 3 62 57 17 34 1 17 15 41 8 8 84 11 1 34 23 82 42 22 18 1 35 21 78 37 1 2 57 78 14 5 65 37 35 2 40 38 16 23 26 88 47 45 58 2 85 41 25 76 11 48 32 15 22 57 52 25 21 6 13 32 25 30 43 34 36 31 65 28 27 8 24 63 29 42 51 1 24 35 37 7 27 15 9 64 18 44 14 8 25 40 2 17 50 65 49 51 47 29 58 66 27 66 85 19 71 25 36 19 22 88 54 64 22 35 64 20 69 4 13 36 48 3 20 77 4 13 51 23 65 4 15 38 21 42 68 37 18 45 41 6 45 84 35 28 44 66 9 26 68 39 85 3 56 34 13 19 1 34 19 24 38 57 35 91 10 1 42 6 12 20 60 18 12 74 64 1 8 13 19 46 25 12 31 17 2 65 39 6 41 24 35 22 1 13 19 30 43 15 34 6 21 59 53 77 59 44 71 58 49 25 13 39 85 48 47 3 25 38 22 26 13 18 53 50 36 18 60 7 33 21 40 38 4 7 14 49 43 60 56 37 3 49 41 28 73 41 5 11 18 11 12 4 12 24 23 72 19 13 16 15 3 51 15 38 80 39 56 11 9 25 73 34 67 41 78 6 86 35 20 26 21 25 15 3 7 6 15 31 36 25 68 34 62 35 11 4 53 36 10 3 16 42 3 23 7 43 45 9 29 28 24 4 27 62 71 52 37 1 61 48 80 41 30 9 15 7 45 67 75 8 36 36 40 17 13 5 18 77 19 79 25 62 42 21 30 6 5 8 61 13 55 22 32 39 19 74 60 48 37 40 73 30 66 15 9 38 74 36 5 19 22 6 2 59 78 17 10 72 27 12 8 22 4 2 49 56 14 85 52 28 18 65 6 49 43 52 5 8 70 11 16 55 27 40 19 41 16 18 38 14
80 64 64 50 69 87 59 97 44 63 65 37 94 47 76 94 53 50 75 75 63 46 28 25 86 62 60 78 67 79 91 66 89 68 72 98 57 50 84 100 90 89 91 97 37 55 93 74 87 61 83 48 91 99 64 56 49 93 97 69 66 52 44 85 79 89 89 67 77 72 50 16 41 89 48 97 66 80 78 43 46 31 88 67 78 83 64 96 71 50 66 92 22 78 77 55 68 86 15 92 87 100 92 83 73 100 62 71 58 33 74 38 95 99 94 56 91 96 92 64 70 50 62 63 43 70 73 63 59 95 90 75 87 2 93 68 83 99 88 69 86 77 98 89 86 51 39 74 75 69 64 84 93 92 100 48 70 92 30 56 97 96 62 83 66 45 96 42 93 24 48 56 38 80 64 65 24 78 88 97 83 46 59 96 57 82 50 72 94 98 90 96 87 86 84 89 40 39 88 93 75 78 82 87 78 99 79 20 61 36 52 56 57 86 83 15 98 50 82 4 32 50 85 63 70 95 74 74 90 96 98 86 68 97 49 96 26 69 83 70 100 18 97 82 51 81 3 45 80 84 41 99 52 92 45 76 44 79 80 56 75 75 14 79 71 57 90 54 90 56 31 36 40 21 32 100 84 40 62 36 80 100 81 21 79 54 87 59 49 80 28 83 92 97 76 80 77 90 66 30 30 96 91 53 93 38 30 51 94 97 98 39 78 95 80 84 88 100 65 33 49 75 95 99 75 98 67 80 61 45 57 51 97 72 94 74 28 82 45 40 24 29 46 28 81 91 20 86 85 67 20 59 58 88 89 66 94 96 78 31 91 75 86 71 95 82 99 54 62 91 53 45 68 4 87 51 92 36 41 66 69 81 77 96 87 14 81 90 69 89 30 47 15 56 89 76 51 96 92 89 99 48 81 82 71 93 76 27 99 54 83 91 90 33 97 25 71 78 90 59 62 52 52 71 60 57 30 91 85 83 74 87 73 94 51 26 63 37 67 64 62 59 73 40 29 99 66 82 85 40 78 76 76 48 14 42 76 60 51 33 44 29 9 80 93 33 95 76 40 29 100 37 25 42 54 85 51 100 94 33 98 82 54 98 80 53 92 92 84 61 98 77 27 73 70 58 35 68 51 85

76 50 57 34 24 40 83 42 19 59 1 22 34 57 4 18 35 65 27 52 3 56 20 7 10 16 30 16 7 28 61 58 12 12 8 92 13 34 38 4 1 51 14 31 41 24 15 1 11 13 26 66 36 40 9 9 6 44 43 47 78 26 28 13 18 26 8 39 48 71 19 4 36 5 6 71 18 59 62 66 52 53 5 25 7 12 2 46 5 6 9 17 73 57 40 72 37 22 16 3 64 1 9 49 76 34 33 15 71 79 67 67 23 43 13 8 81 63 58 63 35 70 36 32 49 58 22 43 39 16 40 27 47 27 96 2 68 57 33 85 78 35 46 80 12 35 15 27 3 36 53 42 65 17 4 6 32 8 63 23 78 32 23 43 21 2 80 74 35 37 8 86 70 63 4 38 83 32 46 25 18 42 8 10 57 9 6 50 69 42 16 4 6 35 78 40 40 39 9 28 39 1 42 13 66 18 29 82 12 6 33 28 63 20 37 76 53 10 68 34 19 64 33 38 23 19 49 2 17 39 21 47 5 12 6 35 46 39 48 29 18 51 44 30 50 22 51 41 22 3 76 29 72 41 8 4 25 30 18 5 65 68 21 52 24 47 34 79 8 21 9 7 53 36 37 3 55 67 50 2 85 39 15 58 13 12 54 2 33 71 1 92 69 56 63 55 9 34 31 26 48 78 12 5 75 40 33 28 15 43 11 18 34 84 30 20 34 7 50 18 19 8 3 26 73 91 13 9 8 25 19 52 77 39 36 19 8 81 55 21 17 86 15 31 42 18 6 86 23 59 43 63 15 8 68 14 34 38 32 75 49 12 74 27 10 65 59 33 61 51 11 72 20 17 23 58 25 49 68 71 42 47 80 6 29 21 17 49 2 58 66 40 31 44 61 50 1 27 60 11 70 7 11 35 30 39 28 9 51 56 76 30 49 35 34 9 51 25 18 58 39 40 15 45 13 70 15 11 7 51 54 1 60 32 35 9 18 39 71 75 43 90 32 26 59 38 57 2 2 54 75 73 28 51 7 38 59 23 38 48 45 32 4 42 27 11 21 51 12 63 14 54 45 5 86 60 10 2 8 24 19 2 60 3 2 10 46 36 26 27 10 88 32 15 13 50 20 61 41 8
77 96 84 98 45 48 91 45 95 68 7 60 65 59 38 32 37 74 38 66 61 87 54 32 16 88 73 34 79 76 75 68 58 55 29 97 96 50 38 66 62 62 67 65 93 47 30 45 87 23 61 73 88 61 21 9 28 50 90 80 82 73 68 66 39 72 25 84 97 97 80 50 63 92 79 72 40 72 90 69 86 76 48 47 85 76 65 66 37 46 83 38 90 95 81 81 60 89 24 9 92 21 22 54 96 91 95 69 96 100 86 85 56 49 100 58 91 68 67 100 52 85 100 73 90 65 83 52 89 89 53 58 76 41 96 23 96 100 84 89 90 88 57 86 22 94 79 67 43 61 73 66 91 51 98 49 45 97 77 79 99 52 27 83 78 69 90 74 36 49 42 87 100 96 58 95 85 72 81 80 36 89 35 65 90 35 37 91 94 48 75 77 100 64 92 43 45 79 79 34 71 13 44 69 95 43 34 95 38 28 35 39 64 32 60 76 99 51 88 43 20 85 43 54 46 99 76 25 90 47 55 86 75 76 45 88 78 89 65 63 24 74 50 87 93 25 89 81 33 33 77 78 72 93 44 26 90 77 94 13 84 82 77 80 79 74 50 83 61 98 55 58 77 37 81 45 89 94 91 91 98 52 39 81 14 89 82 95 92 83 24 93 92 69 93 98 67 42 72 33 67 97 69 51 87 80 39 29 19 75 100 39 37 88 86 30 73 32 83 48 30 43 91 92 93 91 41 63 40 35 95 78 87 76 73 31 27 94 96 52 77 87 82 90 54 82 49 92 48 73 69 69 48 93 82 57 67 55 43 98 95 28 88 58 30 83 63 36 61 77 50 80 27 76 97 85 93 82 87 73 52 69 98 16 49 43 52 83 23 98 86 78 45 69 89 74 17 47 74 64 81 64 44 76 42 60 75 14 98 95 94 59 63 76 71 42 97 77 24 76 81 61 22 52 73 96 83 62 64 63 90 57 68 78 89 93 20 40 71 93 98 98 39 35 99 67 90 39 46 62 88 83 62 95 21 72 73 83 93 99 99 74 61 50 92 30 56 72 23 87 28 81 87 40 94 87 97 54 98 35 85 54 72 29 31 94 65 69 62 59 98 93 94 75 31 85 22 86 60 66

787 6542 1648 1791 2879 439 5177 3062 53 4855 4922 777 797 3268 1031 2104 16 1288 1449 7629 6326 1183 931 2305 552 1809 857 1334 4957 1689 1018 1047 6298 799 175 342 1400 3097 1693 5326 1154 4779 612 5785 28 1332 3377 1873 2935 516 545 5212 2616 78 369 362 470 596 1443 6276 744 1330 1092 383 1923 4496 637 908 1653 2039 3291 907 6079 1301 3421 1368 5723 3827 2283 866 2892 4852 287 3027 227 2543 7186 1110 4746 609 2234 823 3492 1189 5745 2786 6450 6264 7198 3429 1105 4056 1285 1933 3662 8498 1956 1164 123 1346 139 6178 1999 3537 6891 4643 209 83 1252 1593 471 641 3488 5894 1863 6091 3184 1300 1446 1574 3532 874 1255 843 441 3482 1943 6654 404 371 162 4775 2267 5016 7696 6010 1566 116 333 843 153 1140 714 1491 702 2034 546 7648 1697 790 962 4980 2482 1287 54 802 5377 1806 8171 1741 8868 3489 1073 2597 1926 572 191 2179 1940 1179 1502 1072 2076 193 387 5838 180 235 1343 2002 241 2704 1066 1017 1035 1158 1027 3933 1903 1799 551 730 1785 7723 2759 117 6337 269 4713 2001 3524 872 3040 1848 293 1099 210 2853 1208 1771 509 457 1337 771 1605 1120 4446 1651 479 781 2335 1061 1169 314 1404 2736 141 159 825 6099 1135 528 4084 8382 1522 76 7378 427 947 2496 7712 224 495 621 2194 2332 3510 1137 7733 5713 934 3143 2175 3995 1526 2631 2148 4313 9291 943 4898 1307 4329 532 708 643 1987 1466 8674 2000 1576 1074 1059 3196 674 3349 1393 5429 2150 535 1013 1994 2810 1220 2457 4546 44 489 359 1001 6514 672 1332 2316 637 187 621 436 436 1984 2594 1065 1730 116 1364 2180 1580 6057 342 468 1497 1837 1470 5311 2247 185 5681 1885 1062 1610 1613 284 1461 208 1904 3895 758 1369 1050 181 1007 4921 691 1232 861 1136 2600 150 2015 1932 7127 292 617 1377 4293 1570 4928 849 1899 3574 995 891 739 909 2849 372 61 1842 2174 2769 308 1594 3060 1662 1194 5156 169 1385 278 137 5398 1758 808 1553 1198 1120 3914 393 250 2967 1943 177 1144 1513 1804 1359 2322 2915 806 865 6514 46 1715 2937 104 2866 506 567 2606 2027 140 3143 2065 1617 372 756 1952 952 4356 503 875 993 698 383 327 810 564 840 800 2081 3292 1427 1041 945 2232 77 2506 8802 169 207 4880 414 4426 422 4786 221 520 4660 388 119 4745 1249 2472 2312 5291 7793 2915 294 232 158 1755 193 1619 2932 89 1350 867 1596 1913 830 3882 637 1320 2316 150 5240 483 1545 4208 502 235 400 1766 2819 218 693 719 1473 371 188 1973 2207 2063 241 1886 1789 2693 742 2486 5864
9182 7301 1930 4994 3263 1578 6863 3260 975 7937 9444 2079 9123 4877 1693 3212 553 2067 1655 8271 8613 1462 1613 3208 754 4102 1028 1938 5793 4654 4488 1349 9311 1528 1532 2521 2399 4694 1841 8612 2529 9508 6122 6925 142 1530 4360 2513 3619 743 3408 8814 6664 1459 875 3944 3029 1328 2163 7380 1866 1455 1347 1306 9666 6054 1952 1413 2337 4550 3365 5961 8503 2271 4176 2006 8767 4405 7671 2092 3601 4942 1407 4666 2483 4885 8053 1274 5685 1561 2354 2406 4827 2239 9300 5504 7384 6595 7375 3480 1385 8523 1648 2281 5016 9809 2428 2411 8032 1613 986 6644 2835 4954 8111 8481 615 2550 7553 3147 2473 4175 5405 7636 8039 8796 3894 7287 1533 4713 4060 1514 9249 6766 2401 7135 3986 7427 1115 379 1234 7338 4943 8857 7989 6882 1735 9272 3830 6195 3413 1186 8606 1502 2074 2086 3656 7864 3283 1380 2367 6514 5671 2340 1544 1621 6307 3050 9568 3261 9002 7746 3468 9807 3016 2271 1835 2344 3834 2518 3059 2714 2096 2516 3800 5890 208 3266 2733 7105 4167 4328 1939 2058 1410 7629 1849 9630 4834 4458 1217 2249 6941 7966 4986 1609 9251 3920 7494 2176 3960 2885 3391 2475 4466 4781 1203 9057 1212 1854 9913 2071 1708 2188 1611 1255 4891 2735 913 9438 2471 1684 4401 817 2018 9727 1164 2279 1169 9585 1540 2501 7744 8863 1925 926 7883 4723 1299 3685 9468 5106 1182 1665 2565 6031 4774 9619 9822 7575 4844 3387 3478 4333 10035 4006 2189 8353 9522 2109 5402 2499 4442 4109 1920 2026 3337 2452 9743 7688 1814 1728 4973 3842 1485 3937 1429 9451 3686 4052 2869 3515 6701 1540 4513 7390 2079 3469 9491 1102 6720 2013 4946 3393 1924 426 649 1742 4232 2345 5035 4235 4373 807 1940 7850 7878 7045 2441 1616 2276 2399 1844 9465 2369 3626 6575 4289 2265 6394 2106 2066 1791 2331 2219 4147 1525 2326 5579 613 2236 5030 2480 2058 2246 1862 3196 6251 5208 2166 8909 2333 1626 3074 4432 2094 5029 2273 2348 8313 4997 7247 1482 3804 9666 3451 4461 2228 3755 3960 638 2505 4150 2165 3850 9110 1664 4051 1238 474 5613 2417 1033 1572 2341 9664 9537 2010 1669 5440 2221 1127 8772 2064 1869 8762 3550 7599 1528 2342 8827 1185 4965 3764 314 7166 1940 1934 6571 3794 4992 5488 3016 3980 1136 905 6568 5684 9495 1629 2168 9523 1909 1476 1311 3807 3050 2449 5608 5110 3538 2913 1657 2051 4332 1031 3508 9139 9609 1705 8050 1904 5421 433 9395 1692 2473 5513 709 1079 7521 2415 2985 3362 5913 8872 6056 1680 4834 1327 4024 2017 3251 3963 534 2346 1301 4353 6162 2435 7145 1549 2535 4789 7285 9115 4430 2110 5002 2185 1653 447 1918 8229 7705 898 2182 2160 4730 4562 2234 4895 8491 3591 3724 5388 3504 1022 3296 7233

545 2655 1193 1047 796 363 2343 2048 33 3660 2297 395 643 3151 783 1818 15 705 971 6859 1309 1115 590 1729 272 1299 626 194 3280 624 815 628 1550 518 56 255 1355 2047 796 2257 514 4426 195 1621 17 1024 2545 1138 2626 73 332 2254 2538 56 33 178 271 543 1293 4600 47 798 718 200 1151 3416 325 851 1192 558 2839 792 5922 1006 2609 1024 5503 3468 1915 447 2318 3514 140 2823 215 2416 5728 976 2899 204 1695 579 3221 651 4228 2471 3323 926 6342 2612 357 3008 404 1304 2844 6722 1395 369 105 538 79 3521 1091 1130 2961 3793 160 77 988 598 109 463 2838 4718 450 3910 1925 1004 1199 1446 2383 379 808 512 375 1973 880 756 397 227 134 3840 1280 3416 1920 1845 386 111 172 770 75 1066 513 1204 328 210 304 3151 490 317 716 3142 2221 982 50 749 2170 344 5546 1718 7444 3356 255 2024 1080 360 158 2083 1187 695 1374 946 1480 138 237 4468 116 169 1274 1407 33 1746 547 627 790 1149 222 3731 1846 1348 434 500 473 7510 2347 115 4090 162 2218 451 1584 581 2217 696 252 1069 112 1955 848 1715 340 440 1178 223 1249 1031 4054 1576 351 701 1808 331 1165 191 722 877 75 150 483 1582 603 483 3746 3441 842 40 5659 267 883 1814 7141 197 451 525 1728 1997 2114 428 7660 5342 369 2077 2088 3276 790 1885 1805 3513 6769 818 3297 867 4084 491 410 282 1947 1183 2908 648 1470 480 795 2298 273 2098 151 4624 680 513 737 886 2481 664 1769 1142 42 481 223 385 3766 565 1222 1977 466 93 183 432 124 1610 2495 999 1410 115 986 1547 885 3071 305 463 1244 610 1405 4355 2092 170 1799 1818 909 549 1299 239 1167 83 1704 3459 620 969 1015 65 849 4545 625 1186 310 1118 2056 17 1656 1574 2442 198 403 105 2359 354 4661 684 345 2006 968 815 465 264 2161 303 29 767 2099 1719 19 941 2916 902 935 2138 116 912 271 90 3154 1414 291 1388 942 973 3301 114 214 2478 1885 151 1082 614 1235 1182 1851 2559 309 774 2319 18 1629 1226 60 2304 339 501 2472 1185 60 894 638 1166 108 743 773 920 2402 460 624 760 610 345 211 564 415 282 529 288 3078 650 877 931 1464 49 2496 4570 93 197 3322 357 4094 270 2362 89 205 4070 345 23 2792 951 867 892 2849 2546 2531 273 214 48 1641 148 755 1832 41 392 83 1353 1848 531 3866 238 992 850 80 4441 300 1503 4031 457 221 204 1605 1382 213 640 276 1382 100 130 1908 638 2042 105 1036 1001 2194 702 1823 5805
326 1472 411 935 247 175 1413 1804 16 2395 348 84 623 1861 252 417 1 179 44 4859 1027 474 374 678 187 582 477 12 733 318 500 2 868 223 13 139 145 1288 619 1667 238 2321 16 1196 8 184 1783 712 1923 65 276 1734 2516 14 10 99 163 333 1173 1300 31 259 255 121 883 3083 115 340 1042 485 1145 789 3907 256 1690 20 3601 1544 1297 326 1449 2896 75 1861 164 1313 1960 274 1953 47 720 363 1388 525 1166 600 796 508 4367 560 259 2174 34 1114 856 2940 662 79 89 401 25 1140 455 776 1018 2129 32 54 43 395 100 373 1160 1394 208 3024 1304 953 916 1280 994 256 71 4 297 1685 230 46 172 169 102 3315 574 1896 650 501 157 79 121 107 11 151 398 783 160 94 158 617 398 280 527 2532 466 501 1 185 1060 321 4825 480 2294 1150 17 730 299 144 117 724 481 99 1125 162 619 131 176 751 70 71 725 176 21 290 382 504 684 934 80 634 426 711 395 294 359 456 1634 98 1919 36 1235 349 1418 353 651 109 50 70 41 1340 537 382 156 168 391 183 1110 804 1453 205 168 602 1392 296 100 182 476 732 41 71 176 713 330 373 3460 1816 164 24 1564 236 178 573 4001 196 130 439 94 851 1310 417 2076 5183 213 639 597 503 761 581 457 918 2001 1 2121 538 4010 265 156 26 1701 629 568 129 436 290 503 1632 82 340 143 2825 350 249 343 77 699 119 1529 862 32 441 22 60 3554 470 374 1931 250 51 6 424 121 1037 1922 537 1027 3 281 110 514 2877 94 362 435 146 1035 3586 1911 93 340 625 49 328 64 238 146 20 1675 2955 203 823 91 59 435 3212 10 790 261 800 125 10 710 754 1318 191 202 9 416 147 1826 663 85 715 471 360 130 221 406 261 15 228 230 976 3 518 2534 560 193 72 54 456 168 61 2655 1350 163 141 89 225 1876 55 133 5 1404 55 1059 135 1005 137 1536 2246 234 607 438 16 1521 1132 47 1009 76 486 2436 359 24 337 259 330 96 589 426 283 2107 256 587 239 462 341 154 305 268 228 480 95 327 262 303 261 954 23 856 286 65 180 3228 283 1642 66 1329 53 145 404 215 22 2308 803 578 747 224 2353 2227 54 132 40 1211 117 153 658 25 28 73 782 1600 403 393 117 753 68 63 3696 277 768 1280 39 211 158 669 1296 6 25 170 1150 38 71 1837 180 71 77 516 638 785 119 259 3967
