500 2 2
58 2 81 49 36 4 15 15 25 69 35 31 16 4 33 100 34 79 72 25 34 52 100 98 100 53 4 44 79 76 64 56 10 7 3 90 29 16 89 56 15 20 9 92 56 96 47 90 41 27 29 46 35 12 70 76 60 60 68 95 69 11 87 66 95 31 83 63 97 17 22 83 21 87 35 89 37 56 72 59 7 77 45 37 55 42 87 58 11 12 99 40 42 35 46 30 7 10 81 13 22 13 28 12 17 47 43 52 5 1 75 31 3 47 80 48 68 55 65 19 85 22 25 22 56 15 31 22 4 73 13 50 98 61 67 57 71 67 100 29 66 75 95 88 72 36 36 1 97 85 18 57 100 41 19 90 66 16 95 53 53 82 65 5 73 30 20 45 62 96 96 71 2 45 21 55 13 65 85 54 59 33 1 6 26 65 77 25 13 57 100 96 95 56 76 1 2 25 34 85 28 56 35 46 1 10 21 44 4 98 70 20 61 16 63 43 40 14 97 61 99 35 17 29 50 54 100 27 83 57 10 37 25 39 60 100 32 36 97 15 94 33 31 39 66 88 80 1 23 12 56 31 55 12 100 19 27 15 27 96 31 55 50 65 43 28 68 72 61 69 41 62 29 82 4 44 68 75 91 61 6 79 4 86 61 64 88 36 31 46 30 63 12 24 56 47 35 81 49 73 41 29 43 97 7 9 51 85 50 93 47 7 49 98 43 33 45 35 16 59 68 87 48 64 4 5 50 19 27 80 76 29 6 48 92 98 81 1 3 28 38 58 4 49 44 53 63 38 74 100 3 52 58 26 94 44 74 97 46 71 92 93 93 32 26 36 48 99 82 43 47 68 93 71 2 81 24 3 13 16 90 65 43 37 44 91 63 87 28 18 97 83 64 86 64 44 19 46 95 48 86 48 52 28 94 41 98 97 32 11 31 62 34 87 69 10 16 42 92 90 1 36 17 73 65 56 64 8 59 30 58 62 56 42 18 98 98 65 45 25 56 56 48 80 37 29 94 6 8 42 78 5 89 99 87 22 47 15 79 58 38 46 81 39 33 76 28 43 84 65 2 8 63 97 19 29 94 32 12 53 85 10 73 76 43 91 41 70 83 40 87 49 100 17 18 90 33 42 80 46

16 7 43 20 61 45 61 33 61 1 21 46 15 8 6 20 19 26 12 13 3 6 5 13 21 33 65 73 78 28 15 27 45 36 9 43 56 41 36 36 37 8 42 15 22 23 8 59 7 19 9 52 70 89 94 44 2 69 37 34 6 7 2 23 74 10 27 78 3 5 19 47 1 25 4 51 77 35 12 41 24 30 30 61 15 65 71 45 34 2 5 13 18 32 7 48 73 81 58 50 2 9 17 13 36 45 93 6 19 5 8 8 20 36 10 86 72 64 21 28 71 10 24 19 83 47 43 24 14 54 13 28 2 16 29 44 48 24 4 50 3 1 52 62 36 9 16 31 12 70 66 50 40 47 13 66 15 34 38 77 53 28 19 37 2 27 17 7 24 5 62 30 78 52 3 7 17 31 22 37 14 57 28 5 26 34 22 11 31 67 12 25 19 25 8 40 24 14 4 55 1 22 41 15 40 75 3 11 34 32 8 17 47 2 12 35 28 12 44 34 40 63 63 21 2 21 24 47 23 6 29 70 33 37 2 49 22 4 3 72 20 20 54 55 23 39 84 99 5 46 14 63 71 63 7 50 44 49 66 29 74 39 34 66 65 19 23 66 27 45 22 42 16 32 35 50 62 53 22 17 41 1 60 21 26 7 40 4 38 31 39 2 38 16 15 17 48 37 4 23 35 72 16 69 67 40 4 36 2 41 26 5 48 29 54 11 20 47 9 53 6 26 53 33 13 78 14 3 45 5 5 45 5 4 2 69 3 18 37 61 23 9 18 67 6 89 37 37 44 26 23 50 46 49 9 61 18 83 17 76 31 23 76 3 69 32 16 33 4 33 1 31 29 36 42 63 4 77 79 7 47 24 32 27 45 45 2 17 44 15 50 17 16 57 25 36 57 71 15 2 43 63 54 27 46 13 84 16 72 73 2 67 2 60 47 42 65 81 50 7 58 74 78 36 13 67 80 14 24 39 12 33 68 77 12 39 10 46 42 75 30 22 45 8 27 12 55 25 4 26 89 72 12 20 9 23 51 30 40 41 13 37 14 61 68 51 64 28 36 42 17 53 73 54 4 7 65 55 12 21 55 46 68 23 62 5 42 34 47 46 47 13 6 1 44 74 2 40 42 50
22 35 69 61 66 79 77 48 92 14 97 91 35 99 37 75 38 90 24 65 49 81 83 74 52 99 85 92 94 93 58 46 82 66 37 64 62 76 73 37 70 75 78 59 76 38 57 83 42 64 11 76 100 93 98 86 29 80 93 91 76 12 15 57 90 97 69 94 7 53 93 69 95 65 88 96 92 64 69 67 41 48 45 75 73 75 77 57 44 52 51 77 92 73 62 61 90 98 78 67 12 93 56 16 75 67 99 75 90 63 91 34 50 74 15 95 75 67 73 33 95 19 25 21 85 86 70 52 67 86 22 50 17 60 89 90 68 87 96 97 63 26 65 73 84 53 62 88 30 94 81 84 94 94 76 71 38 64 46 79 98 69 86 67 7 33 72 84 62 84 67 86 86 55 23 39 24 31 89 90 56 65 44 45 61 56 99 15 98 76 25 39 55 70 96 50 37 37 56 56 59 47 77 82 98 93 27 51 36 70 86 84 50 98 44 67 87 58 45 59 53 75 71 31 12 23 83 100 43 7 40 73 59 44 39 78 32 63 35 90 97 25 71 57 42 54 85 100 50 52 90 64 95 97 26 78 84 54 73 29 78 96 87 96 81 28 68 78 77 78 23 98 74 69 39 82 98 83 100 45 91 45 83 62 69 79 91 56 61 92 97 10 42 88 34 35 88 40 20 82 39 73 78 91 99 70 93 74 91 67 32 7 69 42 78 74 74 71 77 80 20 57 71 100 93 82 86 99 59 55 21 68 58 74 43 81 6 34 90 70 79 59 62 78 33 96 83 44 70 27 85 52 96 67 47 62 97 95 85 95 36 38 77 40 88 87 62 42 36 75 2 40 37 78 88 88 39 78 97 94 79 55 100 34 65 59 97 69 46 18 87 100 79 89 91 40 97 75 99 45 56 70 87 58 54 22 91 71 87 85 33 81 51 71 73 75 76 89 73 95 91 85 93 88 28 98 81 98 64 73 69 90 80 90 91 65 25 71 99 79 96 86 48 24 74 78 83 49 21 71 94 90 91 36 74 71 63 84 69 61 100 39 79 90 71 66 78 87 66 65 22 90 80 79 96 20 81 67 63 37 85 90 72 30 87 31 97 57 92 52 66 80 9 55 75 88 61 58 68 89

26 65 63 34 44 4 31 41 5 94 31 10 34 37 5 44 27 20 7 28 2 15 36 23 13 93 41 46 2 1 76 44 21 9 33 43 92 23 57 2 68 49 5 21 83 21 52 4 6 40 13 20 75 63 9 54 27 55 33 4 48 13 15 7 70 19 3 18 22 1 20 3 32 73 55 51 2 7 42 66 65 62 92 25 21 17 40 20 24 38 30 57 19 17 7 8 39 46 60 69 52 32 24 28 24 71 30 22 23 29 11 11 47 64 43 12 20 43 52 22 22 28 76 37 30 17 24 23 41 8 49 39 23 44 28 28 14 40 91 81 6 66 45 44 18 28 50 16 55 36 14 85 8 24 32 12 34 10 16 61 62 54 30 35 8 22 12 1 53 44 37 66 13 23 38 23 11 9 11 54 12 68 31 76 11 45 71 24 71 54 2 4 66 12 30 33 23 44 66 7 60 59 28 28 35 88 33 11 49 1 58 26 68 18 35 84 32 44 74 10 33 72 23 3 5 1 53 94 71 38 29 68 4 33 41 19 12 75 3 20 28 56 7 12 17 5 33 70 89 43 8 49 12 87 18 83 52 50 40 45 7 31 12 47 33 18 60 91 23 35 24 51 63 6 27 39 17 5 78 4 30 2 36 85 23 75 43 20 30 34 22 9 8 16 16 75 52 13 25 65 16 2 19 17 27 14 27 63 97 11 76 3 64 64 23 23 33 47 19 35 26 49 62 16 5 33 87 31 21 71 94 66 23 52 10 30 85 20 64 16 11 2 29 6 46 83 48 7 14 37 3 21 75 4 28 61 47 34 12 45 32 6 56 12 82 10 28 18 68 58 26 67 9 25 91 5 54 29 19 14 68 9 74 32 4 22 12 7 93 62 19 49 16 28 5 48 20 29 97 83 17 72 55 65 80 6 18 29 10 5 26 26 79 29 16 13 7 29 62 3 9 43 20 21 53 10 80 45 57 36 11 10 26 44 47 74 22 19 31 3 8 1 39 10 30 4 28 34 5 73 88 26 27 74 31 59 27 15 60 7 9 50 24 25 17 30 88 10 45 1 87 25 26 45 71 41 6 51 7 36 39 2 8 48 85 55 18 33 5 6 28 8 34 77 82 47 23 2 11 28
50 99 88 81 86 42 32 81 35 100 93 88 45 81 89 86 71 82 23 98 10 33 83 87 22 98 81 80 82 65 82 50 76 46 65 48 98 54 82 11 73 71 91 76 97 40 73 84 96 58 76 77 100 93 21 67 48 56 100 80 99 35 78 98 77 88 54 85 54 80 86 30 64 95 66 72 50 33 84 69 70 85 100 43 32 88 95 61 40 87 72 75 52 34 88 26 96 52 94 71 61 55 87 40 82 87 64 99 54 75 74 32 77 86 65 70 94 94 58 46 68 36 88 85 52 97 95 80 82 97 64 54 79 45 100 63 23 63 93 87 26 97 65 64 80 50 72 54 59 77 87 86 35 88 81 88 66 61 20 70 77 89 95 74 72 78 70 81 89 66 43 89 98 63 47 69 20 51 84 67 54 85 96 96 28 100 79 94 76 74 53 99 71 62 83 62 74 46 87 41 71 72 42 66 68 90 52 56 72 91 89 80 72 76 56 91 55 55 81 50 44 96 45 59 19 69 76 100 93 89 79 79 25 57 63 26 28 85 65 25 29 65 51 33 25 46 96 79 99 82 77 87 47 94 64 87 72 70 52 87 73 36 51 47 89 52 96 98 97 47 41 59 73 45 66 78 61 63 88 57 97 17 88 91 26 94 53 86 60 55 70 48 77 99 26 80 61 55 97 73 49 57 79 42 28 58 53 79 99 99 79 32 88 98 39 45 86 60 88 85 43 70 99 48 76 54 95 84 69 75 98 86 33 56 17 43 93 56 66 24 50 43 86 16 95 85 90 32 17 46 73 93 90 8 59 85 73 41 33 68 99 38 63 29 95 65 61 65 89 83 27 78 79 51 99 59 61 92 35 25 77 60 76 100 21 93 98 70 97 86 27 62 60 58 71 66 40 99 98 99 19 95 59 74 90 14 87 55 84 55 98 91 80 80 68 83 60 96 82 65 45 66 53 73 60 40 89 47 77 36 39 98 85 74 82 75 72 38 51 45 9 63 69 24 91 78 64 49 32 96 96 71 32 94 59 61 72 20 64 85 10 100 52 79 66 77 90 35 65 59 93 77 54 100 78 93 70 67 12 87 94 5 85 66 90 96 69 44 6 65 91 26 82 99 95 95 38 71 68 65

561 331 1087 8243 1076 9080 953 769 1594 497 3267 57 2038 1866 585 3451 5166 1260 3296 83 1888 3243 476 952 3810 434 4427 1480 703 315 1952 3768 1958 3040 4020 154 1680 409 294 558 1519 4122 2087 556 671 1099 800 753 42 3310 1216 598 6680 1785 1375 1421 3407 497 115 2259 1754 354 1579 965 581 462 2165 1852 1198 1920 2327 197 5803 1063 6953 5575 515 960 4258 85 633 329 2911 306 2261 1965 1337 2349 2327 1222 402 1362 138 210 1012 2462 1923 32 4925 5446 272 1208 3815 854 1033 1102 152 5170 701 4353 4229 1865 9006 6931 948 5822 787 492 740 3100 5695 285 686 1492 871 264 78 627 357 768 741 531 4638 489 348 2103 3945 468 1163 2600 626 512 397 2696 922 560 862 470 475 2375 2002 6252 2067 4110 1819 1576 1734 6388 1236 1573 3135 456 2219 6630 1883 142 181 1106 5572 2952 1501 4547 156 1902 3006 5679 1338 2622 3108 5825 1031 898 4881 351 713 6472 308 5548 736 4614 304 2132 1199 185 7956 1225 2929 124 1415 446 784 670 2833 1666 334 7174 1077 1735 2861 925 1998 776 647 4921 1269 74 893 22 338 293 1581 4923 960 9619 1389 2222 3542 1325 651 1084 1440 67 2499 1379 383 281 1270 2519 1239 1801 899 2484 416 2923 161 907 118 9446 3231 319 1848 2361 1239 1800 1777 8654 680 1324 1355 465 6310 1587 214 993 853 2106 1692 154 2642 412 1280 791 32 392 1011 3287 5660 697 2145 1345 299 1892 1123 748 1075 1001 360 1486 4709 2068 3947 1315 7951 152 588 277 897 3510 2452 6701 706 2696 1379 4420 4472 1056 305 866 1511 1876 2403 1743 2421 1754 1085 81 3021 852 4198 1337 318 434 5495 1219 2697 3201 2816 437 1787 197 7694 1215 1184 260 4325 138 9302 2935 35 213 680 3652 4162 68 402 2317 269 668 953 4185 4412 2612 1371 467 1751 1100 1415 1749 3241 1412 414 498 1009 2223 7419 434 4238 530 1052 1073 2470 103 785 1725 6056 1397 2579 231 6770 21 538 813 88 813 4463 1096 4144 3651 994 2090 616 1445 1240 2521 2042 2271 3195 1769 137 506 2007 1192 1889 3246 219 5476 6515 1643 4239 1221 4789 3008 3371 5495 1063 1444 73 360 766 1736 2175 1005 305 1645 4654 1894 4827 658 802 3100 7597 4812 7135 2099 1376 2213 1252 2075 2074 2488 860 2641 2654 1159 1766 194 2473 4059 1641 889 5552 1780 9055 2485 3790 1043 1807 344 263 666 1872 1569 1391 1760 421 750 1182 456 194 451 1137 1865 3174 6692 775 961 154 256 1293 1449 836 1132 5252 625 2772 4123 657 262 477 338 1042 7442 1050 1868 746 618 635 2652 1381 1003
569 1145 1376 8687 1987 9772 2288 5856 5815 2401 4127 1318 8702 3948 1601 3563 6354 4462 4020 2000 7975 4468 1156 2459 5424 2280 8493 2091 721 2442 6753 8894 5944 3179 4352 1896 3095 9750 1007 1855 1547 4851 2911 9561 1345 1269 2972 1373 1829 4859 1914 2231 8129 3575 2202 1793 9765 3376 1733 4318 4607 2437 4835 1948 1313 912 3351 2319 4886 2294 3356 1861 6845 1188 7568 7950 2339 2284 6772 1474 654 948 3206 1702 2357 2421 3958 2463 3700 2441 2325 1907 829 1795 3913 7555 2408 4462 7417 8361 2261 2214 5158 2962 1104 1892 955 9704 2201 8247 4251 2067 9856 8063 3918 8842 2583 4784 1111 8874 5928 2121 2130 1556 9848 2101 2257 1974 1538 2124 2336 4371 9758 626 462 2654 4201 6489 2650 6218 4908 2148 1868 4460 922 1816 1512 9520 1908 9658 4339 7582 5416 4505 2487 9938 10009 6955 9647 2272 4389 2301 4027 9231 2562 1010 2812 1992 8636 4594 1597 7046 806 4674 4837 6991 1435 6242 3770 7108 2535 2767 5722 381 3858 8254 2751 6795 2454 4839 518 3889 2481 7924 9749 2312 8137 4548 4675 2037 2078 1834 4448 1718 4098 9693 1524 8177 5023 2807 8907 1907 2474 7234 1896 2031 8832 1278 4544 1425 1971 7638 963 9667 2924 4611 5098 1747 3943 2920 2401 357 5034 2831 3373 1560 1888 4678 1388 1999 2191 7155 646 8674 3006 1637 1974 9970 6355 502 4919 3483 1719 7035 7007 8879 2839 2041 2132 813 7985 2049 2044 1307 996 2268 1745 3859 3194 1387 4056 2234 5846 1189 1848 7977 8020 2061 5341 2154 315 4005 1523 8110 2112 1377 906 6405 7576 4765 4823 2094 8828 5433 1741 2460 4861 4114 3723 7137 4018 3684 2751 5767 4939 3020 889 3135 2712 2825 2861 2306 3595 2175 4871 849 4225 976 4394 4389 2549 3654 9130 2233 2751 4770 3727 3688 4352 376 8555 4024 2043 2167 6541 2373 10010 6917 4656 2321 1657 7797 4393 3246 3121 2825 1858 987 1234 4839 4764 3783 2039 1223 1987 1563 1679 2606 4395 4697 2545 2007 4676 2857 8789 3988 5034 1154 2881 1618 5732 1779 1118 3609 7609 1670 4628 950 9162 550 1268 3800 2026 1516 7072 3145 7552 9850 2261 2375 1145 1625 1984 3073 2278 7265 4094 1957 9317 1110 3667 2438 2507 3713 4519 7346 7921 4998 5385 2472 7883 3514 4154 8525 1527 8987 4974 715 2346 3933 6222 1159 4233 4230 5927 2336 5921 2108 4807 4658 8931 5187 9552 4547 1955 4154 10026 2246 3414 2552 1592 4889 2968 3013 2566 406 3637 6984 2183 2137 9088 2019 9971 5493 4813 1044 4915 424 517 1169 5590 2441 1460 2335 1673 2570 2913 2354 501 823 1736 2228 6601 8526 3297 9543 956 2217 2885 1975 1907 1532 9224 1054 3709 6273 2448 1819 4477 422 3392 9990 1916 3916 2549 1197 1325 3712 7124 1411

515 94 721 5909 751 7119 518 479 1244 284 2125 26 1129 1764 572 2506 3521 1099 2546 15 1455 2433 422 832 1545 411 1673 518 666 212 877 3202 1553 1295 3465 45 947 322 256 189 677 2777 1004 154 163 509 435 518 3 1164 536 387 4885 606 1312 1310 864 482 95 1218 1026 312 779 556 368 436 1422 1562 690 1778 1815 53 3317 708 4511 4473 234 713 4148 29 581 222 2599 192 1753 1344 1127 2329 578 634 324 1152 34 95 329 2001 1833 17 1396 3917 92 1196 2191 550 713 790 24 3528 403 2866 1973 1072 7221 4540 403 1134 236 486 681 2319 3744 132 198 1470 329 260 26 577 280 670 656 345 2238 354 66 1213 768 452 931 1248 561 344 244 826 591 558 15 357 434 2194 1482 845 1604 3785 701 1223 1072 5645 910 712 2688 333 1128 6169 1814 141 148 794 4203 2857 390 2758 110 639 651 5299 893 2019 2312 4825 790 617 2463 320 548 6072 117 4093 298 2596 178 1952 457 171 7490 376 1996 60 1037 413 15 383 2007 868 230 4402 386 1298 2694 727 1188 395 552 3646 336 43 351 12 308 197 1140 3734 825 5540 928 939 3454 1205 293 650 500 52 1673 1317 322 189 859 1820 1110 1182 806 1734 215 2619 118 715 97 9054 2799 244 1560 728 691 1537 1388 6814 436 1111 530 347 5067 858 62 837 773 1635 951 54 1575 410 1005 322 31 106 713 2934 2502 163 1245 1163 266 1311 856 251 976 415 302 524 1597 1883 2836 1062 4162 92 117 276 748 562 863 3863 562 1761 917 2438 3690 810 208 580 767 1607 2340 828 1369 1513 841 80 2759 758 3456 282 220 426 3460 1195 981 603 588 397 908 110 7587 1059 993 147 2472 17 6084 2381 33 143 204 1320 3920 65 266 279 221 426 597 3468 3681 2197 461 238 959 805 1199 837 2559 1248 409 283 974 1208 6278 249 4096 529 980 704 362 91 755 1107 3418 161 1779 159 1570 10 419 633 75 705 892 570 3620 2856 781 1907 212 571 665 2265 1996 743 2378 438 43 487 1590 627 315 849 113 4769 1979 1124 3590 822 4769 1746 1682 4424 883 734 61 306 96 1701 1319 349 232 1082 3188 584 4179 88 719 2423 5466 1501 4712 1614 879 1439 611 402 1615 2268 417 2399 1985 227 553 107 2250 2469 1338 593 1559 1099 8587 2354 3046 893 1479 121 179 553 1379 899 804 1350 104 476 768 331 182 421 445 397 2616 1138 235 880 95 160 568 870 771 1071 3856 497 2265 4007 409 230 365 248 947 6939 836 789 708 75 268 1295 564 170
243 17 499 1507 450 486 47 119 532 237 1471 17 1001 189 226 391 2393 172 598 1 308 1039 196 177 1109 29 262 462 94 142 735 1090 302 924 362 21 808 269 205 14 270 1471 331 64 155 62 259 147 2 949 18 273 1834 84 1194 394 800 312 23 1130 74 181 206 234 184 64 10 1205 272 798 1187 48 2443 226 1106 3429 148 191 1892 22 481 29 819 162 896 1072 569 2089 91 608 211 284 27 54 254 1159 1105 7 1362 3249 23 971 797 517 192 172 4 3236 137 931 288 519 1374 1598 185 858 127 370 311 29 223 7 73 282 41 50 5 506 125 182 25 76 770 40 2 1164 365 275 621 304 201 168 135 324 314 341 4 192 125 646 94 553 1169 2688 53 164 48 942 25 359 423 213 824 4964 522 24 71 192 2951 1174 7 297 48 50 114 1772 583 783 2297 827 371 501 2306 144 406 283 108 4011 179 369 29 235 159 46 1746 251 650 1 406 168 13 179 747 236 199 4088 180 902 2558 677 529 123 536 614 83 40 60 8 244 98 19 72 783 4500 331 802 1527 284 215 249 485 19 516 334 223 103 198 130 187 5 433 116 83 1998 116 431 50 3043 2501 68 780 727 632 1237 721 4912 132 1082 291 169 5065 785 19 398 285 1601 318 25 77 8 275 239 21 92 309 1406 1127 139 436 179 125 612 405 96 185 224 122 326 808 76 2068 565 1712 35 98 153 369 358 831 3163 89 1173 681 735 185 745 47 152 749 1079 1179 108 915 1114 85 41 380 456 1590 120 64 324 998 288 623 356 97 5 357 7 5286 197 434 138 293 13 3559 483 26 3 60 1242 275 51 104 180 195 13 571 385 1016 1572 284 44 409 89 229 652 727 279 157 38 941 920 1065 58 358 351 33 269 359 82 393 520 2596 118 105 106 777 9 294 497 28 328 532 24 2913 2203 478 330 195 533 401 260 440 207 800 139 8 102 52 193 253 267 33 4130 1049 372 3563 513 161 822 1318 2856 879 284 26 85 16 976 266 154 159 80 1311 296 3979 49 476 2205 1063 1457 2141 709 193 1150 514 133 151 1055 42 948 1480 175 223 84 154 828 436 456 98 670 3094 1660 2322 327 1309 8 44 539 917 377 101 616 102 201 297 298 1 404 292 261 1791 174 75 521 51 46 77 596 437 694 3623 316 2194 2124 152 164 220 177 542 6412 610 582 325 42 195 657 488 161
